0.005 0.0
0.015 0.0
0.025 0.0
0.034999999999999996 0.0
0.045 0.0
0.055 0.0
0.065 0.0
0.07500000000000001 0.0
0.085 0.0
0.095 0.0
0.10500000000000001 0.0
0.115 0.0
0.125 0.0
0.135 0.0
0.14500000000000002 0.0
0.155 0.0
0.165 0.0
0.17500000000000002 0.0
0.185 0.0
0.195 0.0
0.20500000000000002 0.0
0.215 0.0
0.225 0.0
0.23500000000000001 0.0
0.245 0.0
0.255 0.0
0.265 0.0
0.275 0.0
0.28500000000000003 0.0
0.295 0.0
0.305 0.0
0.315 0.0
0.325 0.0
0.335 0.0
0.34500000000000003 0.0
0.35500000000000004 0.0
0.365 0.0
0.375 0.0
0.385 0.0
0.395 0.0
0.405 0.0
0.41500000000000004 0.0
0.425 0.0
0.435 0.0
0.445 0.0
0.455 0.0
0.465 0.0
0.47500000000000003 0.0
0.485 0.0
0.495 0.0
0.505 0.0
0.515 0.0
0.525 0.0
0.535 0.0
0.545 0.0
0.555 0.0
0.5650000000000001 0.0
0.5750000000000001 0.0
0.585 0.0
0.595 0.0
0.605 0.0
0.615 0.0
0.625 0.0
0.635 0.0
0.645 0.0
0.655 0.0
0.665 0.0
0.675 0.0
0.685 0.0
0.6950000000000001 0.0
0.7050000000000001 0.0
0.715 0.0
0.725 0.0
0.735 0.0
0.745 0.0
0.755 0.0
0.765 0.0
0.775 0.0
0.785 0.0
0.795 0.0
0.805 0.0
0.8150000000000001 0.0
0.8250000000000001 0.0
0.8350000000000001 0.0
0.845 0.0
0.855 0.0
0.865 0.0
0.875 0.0
0.885 0.0
0.895 0.0
0.905 0.0
0.915 0.0
0.925 0.0
0.935 0.0
0.9450000000000001 0.0
0.9550000000000001 0.0
0.965 0.0
0.975 0.0
0.985 0.0
0.995 0.0
1.005 0.0
1.015 0.0
1.025 0.0
1.035 0.0
1.045 0.0
1.055 0.0
1.065 0.0
1.075 0.0
1.085 0.0
1.095 0.0
1.105 0.0
1.115 0.0
1.125 0.0
1.135 0.0
1.145 0.0
1.155 0.0
1.1649999999999998 0.0
1.1749999999999998 0.0
1.1849999999999998 0.0
1.1949999999999998 0.0
1.2049999999999998 0.0
1.2149999999999999 0.0
1.2249999999999999 0.0
1.2349999999999999 0.0
1.2449999999999999 0.0
1.255 0.0
1.265 0.0
1.275 0.0
1.285 0.0
1.295 0.0
1.305 0.0
1.315 0.01777616309851451
1.325 0.026386655478666657
1.335 0.038778206786381976
1.345 0.056421957948475036
1.355 0.0812766207919843
1.365 0.1159151442189
1.375 0.16367101517390967
1.385 0.22880232200196748
1.395 0.31666942552227906
1.405 0.43391922881730627
1.4149999999999998 0.5886656750987362
1.4249999999999998 0.7906523846789645
1.4349999999999998 1.0513795185897796
1.4449999999999998 1.3841733871509976
1.4549999999999998 1.8041744686606749
1.4649999999999999 2.3282179091653394
1.4749999999999999 2.974580822534956
1.4849999999999999 3.7625733657291636
1.4949999999999999 4.711956097241112
1.505 5.842174825146165
1.515 7.171416031763789
1.525 8.715500692091119
1.535 10.486651147669726
1.545 12.492183504595204
1.555 14.73319526299953
1.565 17.203332741357716
1.575 19.88773338949696
1.585 22.76224242165112
1.595 25.79299978842606
1.605 28.936481337933817
1.615 32.14005684840295
1.625 35.34309811760264
1.635 38.478634110630054
1.645 41.47550985553689
1.655 44.26096463327172
1.665 46.76350677976721
1.6749999999999998 48.91593091866667
1.6849999999999998 50.65830213365207
1.6949999999999998 51.9407231577284
1.7049999999999998 52.72570666299832
1.7149999999999999 52.989995367473256
1.7249999999999999 52.72570666299832
1.7349999999999999 51.9407231577284
1.7449999999999999 50.65830213365207
1.755 48.91593091866667
1.765 46.76350677976721
1.775 44.26096463327172
1.785 41.47550985553689
1.795 38.478634110630054
1.805 35.34309811760264
1.815 32.14005684840295
1.825 28.936481337933817
1.835 25.79299978842606
1.845 22.76224242165112
1.855 19.88773338949696
1.865 17.203332741357716
1.875 14.73319526299953
1.885 12.492183504595204
1.895 10.486651147669726
1.905 8.715500692091119
1.915 7.171416031763789
1.9249999999999998 5.842174825146165
1.9349999999999998 4.711956097241112
1.9449999999999998 3.7625733657291636
1.9549999999999998 2.974580822534956
1.9649999999999999 2.3282179091653394
1.9749999999999999 1.8041744686606749
1.9849999999999999 1.3841733871509976
1.9949999999999999 1.0513795185897796
2.005 0.7906523846789645
2.015 0.5886656750987362
2.025 0.43391922881730627
2.035 0.31666942552227906
2.045 0.22880232200196748
2.0549999999999997 0.16367101517390967
2.065 0.1159151442189
2.0749999999999997 0.0812766207919843
2.085 0.056421957948475036
2.0949999999999998 0.038778206786381976
2.105 0.026386655478666657
2.1149999999999998 0.01777616309851451
2.125 0.0
2.135 0.0
2.145 0.0
2.155 0.0
2.165 0.0
2.175 0.0
2.185 0.0
2.195 0.0
2.205 0.0
2.215 0.0
2.225 0.0
2.235 0.0
2.245 0.0
2.255 0.0
2.265 0.0
2.275 0.0
2.285 0.0
2.295 0.0
2.305 0.0
2.315 0.0
2.3249999999999997 0.0
2.335 0.0
2.3449999999999998 0.0
2.355 0.0
2.3649999999999998 0.0
2.375 0.0
2.385 0.0
2.395 0.0
2.405 0.0
2.415 0.0
2.425 0.0
2.435 0.0
2.445 0.0
2.455 0.0
2.465 0.0
2.475 0.0
2.485 0.0
2.495 0.0
2.505 0.0
2.515 0.0
2.525 0.0
2.535 0.0
2.545 0.0
2.555 0.0
2.565 0.0
2.5749999999999997 0.005907356171587216
2.585 0.008768786111243152
2.5949999999999998 0.012886733650737146
2.605 0.018750086824294014
2.6149999999999998 0.02700976272440958
2.625 0.03852080107428601
2.635 0.054390982814414957
2.645 0.07603535146821182
2.655 0.10523525660992271
2.665 0.1441995902106955
2.675 0.19562476950308097
2.685 0.26274878433151533
2.695 0.34939335633912755
2.705 0.459987071215415
2.715 0.5995613970797424
2.725 0.7737109722883387
2.735 0.988509628456057
2.745 1.2503744970109594
2.755 1.5658723863538009
2.765 1.9414655073513973
2.775 2.383197573035293
2.785 2.896326193485454
2.795 3.4849130846265535
2.805 4.151389527284284
2.815 4.896120241569618
2.8249999999999997 5.716993778596713
2.835 6.609071031033897
2.8449999999999998 7.564324905408963
2.855 8.571503065059035
2.8649999999999998 9.616141608756184
2.875 10.680750515528475
2.885 11.745181883793576
2.895 12.791995634101326
2.905 13.790246920498685
2.915 14.719263320128103
2.925 15.555685337597561
2.935 16.277709978008787
2.945 16.86611675862671
2.955 17.30522693214716
2.965 17.583736289301626
2.975 17.695368146998906
2.985 17.639303649650724
2.995 17.420360451763585
3.005 17.04890699256561
3.015 16.540516482526538
3.025 15.915380904706252
3.035 15.197519412059282
3.045 14.413826364642556
3.055 13.593011174671599
3.065 12.764484842772035
3.075 11.957246765738782
3.085 11.198820671012001
3.0949999999999998 10.514281283770469
3.105 9.925404618921917
3.1149999999999998 9.4499656809441
3.125 9.10119878209653
3.135 8.88742833500596
3.145 8.811872197808547
3.155 8.876752492002783
3.165 9.068890687318515
3.175 9.379695694890742
3.185 9.793657230224088
3.195 10.291715699245948
3.205 10.852001656222267
3.215 11.450685846451357
3.225 12.062916146173901
3.235 12.663811632857989
3.245 13.229477893479851
3.255 13.738002310861358
3.265 14.170384320543434
3.275 14.5113542954219
3.285 14.750036394343454
3.295 14.880415718960304
3.305 14.901578429754862
3.315 14.817704688381998
3.325 14.637807706051202
3.335 14.375226823409204
3.3449999999999998 14.046897316739908
3.355 13.672433379722092
3.3649999999999998 13.273072416986594
3.375 12.870537537075261
3.385 12.481940265191767
3.395 12.135765598354501
3.405 11.842770338204978
3.415 11.615920074260632
3.425 11.463851126615541
3.435 11.390474234598962
3.445 11.394832961881031
3.455 11.471222415898339
3.465 11.609559023779715
3.475 11.795977951425215
3.485 12.013622074067605
3.495 12.24357590702803
3.505 12.465890183517743
3.515 12.660638288318667
3.525 12.80894482141779
3.535 12.893929273435518
3.545 12.901514016531195
3.555 12.821055179637064
3.565 12.64576687722986
3.575 12.37292287986513
3.585 12.003834181602377
3.5949999999999998 11.543614985517829
3.605 11.000762358380571
3.6149999999999998 10.386585273322348
3.625 9.714526237324202
3.635 8.999422729308055
3.645 8.256756105504047
3.655 7.501932630682542
3.665 6.749635327181469
3.675 6.013277092172783
3.685 5.304575863453752
3.695 4.6332624206107775
3.705 4.0037096254406634
3.715 3.428837689464618
3.725 2.907289889236405
3.735 2.4405449089308315
3.745 2.02834732874591
3.755 1.6689944806674795
3.765 1.3596418747812244
3.775 1.0966075158114497
3.785 0.8756588869888725
3.795 0.6922703902717459
3.805 0.5418431761561647
3.815 0.41988321651104427
3.825 0.3221369020022736
3.835 0.24468621062298054
3.8449999999999998 0.1840075182238761
3.855 0.1369994096488847
3.8649999999999998 0.10098546713004687
3.875 0.0736980703743717
3.885 0.053248871756121974
3.895 0.038090946022457176
3.905 0.026976783255947517
3.915 0.018915404002264075
3.925 0.013131010108375646
3.935 0.011807007355591459
3.945 0.010270793532672233
3.955 0.010206326502796396
3.965 0.008830783468169916
3.975 0.012720867288831282
3.985 0.018142254833013283
3.995 0.02561668094425662
4.005 0.035810592827335126
4.015 0.04956295792377031
4.025 0.06791410457361616
4.035 0.092133972321347
4.045 0.123747566755273
4.055 0.1645548153435893
4.065 0.21664146209701246
4.075 0.28237719233516145
4.085 0.36439692931836826
4.095 0.4655612833635619
4.1049999999999995 0.5914687387985956
4.115 0.7413075717541211
4.125 0.9199975979102741
4.135 1.130598445878444
4.145 1.3758701716810011
4.155 1.6580986151276214
4.165 1.9789119452826718
4.175 2.339099033787959
4.185 2.73844228921396
4.195 3.1755788201194326
4.205 3.6479039861888163
4.215 4.151530323843935
4.225 4.6813123740640625
4.235 5.230944109816242
4.245 5.793130630344765
4.255 6.35982989528742
4.265 6.922553998192526
4.275 7.472713424455208
4.285 8.00198255727975
4.295 8.502661025822997
4.305 8.968003876228805
4.315 9.392494361354629
4.325 9.772036526207343
4.335 10.104050576109968
4.345 10.38746183240601
4.355 10.622583227975781
4.365 10.810900898150965
4.375 10.954781502775232
4.385 11.057127497797435
4.395 11.121011805739755
4.405 11.149325586141924
4.415 11.14447176160932
4.425 11.108132651247306
4.435 11.041132901427087
4.445 10.943409606004694
4.455 10.814091037810904
4.465 10.651674864937165
4.475 10.454287197660104
4.485 10.219996280533323
4.495 9.94714985137159
4.505 9.634703562400741
4.515 9.28250947138417
4.525 8.891538182540428
4.535 8.464015162059694
4.545 8.005598390880923
4.555 7.517802389894304
4.565 7.008023974137561
4.575 6.4831362258209175
4.585 5.950642795121994
4.595 5.418375623291611
4.605 4.8941871037465265
4.615 4.385660176814894
4.625 3.8998563757044664
4.635 3.4431168237050493
4.645 3.0209252313423254
4.655 2.6378356916337804
4.665 2.2974621182974206
4.675 2.0025210210869098
4.685 1.7549153428765485
4.695 1.5558445294189398
4.705 1.4079311636540617
4.715 1.3082832403035427
4.725 1.2581393378867325
4.735 1.2571385410600788
4.745 1.3028449007446867
4.755 1.3988047384073812
4.765 1.541283677763067
4.775 1.728993483419436
4.785 1.960231317637865
4.795 2.2327889038119757
4.805 2.5438629962171824
4.815 2.889981247406813
4.825 3.2669567586376465
4.835 3.6698825011946776
4.845 4.093173514895031
4.855 4.53066054493863
4.865 4.9757338999588745
4.875 5.4215312261948005
4.885 5.861158081269689
4.895 6.2879261609252834
4.905 6.695591253372134
4.915 7.07685358872031
4.925 7.430995397211223
4.935 7.751757171041422
4.945 8.03646536618668
4.955 8.283454782423199
4.965 8.491996168186192
4.975 8.662160835415847
4.985 8.794636368550004
4.995 8.890512345825483
5.005 8.951057977324304
5.015 8.977514323241563
5.025 8.970922153927628
5.035 8.932002686088552
5.045 8.86110277199168
5.055 8.758209240929995
5.065 8.62302974843286
5.075 8.455130485552383
5.085 8.254115200250345
5.095 8.019825811991426
5.105 7.752542877058997
5.115 7.453164450000588
5.125 7.123344384125114
5.135 6.7655754746659245
5.145 6.384908983710925
5.155 5.984623277350857
5.165 5.568250126210405
5.175 5.142561549351084
5.185 4.713614685850687
5.195 4.287677271318123
5.205 3.8710212907563784
5.215 3.469731725008899
5.225 3.0895447184277023
5.235 2.7357257366177388
5.245 2.4129937116315316
5.255 2.125492265709207
5.265 1.876804330674855
5.275 1.6700022534697698
5.285 1.5077221329931427
5.295 1.392248906320173
5.305 1.3255977291413044
5.315 1.3095775152472247
5.325 1.3458240664284398
5.335 1.435792916951517
5.345 1.580705653378843
5.355 1.7800217304421395
5.365 2.0374795576872735
5.375 2.350743081757586
5.385 2.7187146181813255
5.395 3.13918224203414
5.405 3.608614614340434
5.415 4.121986584673703
5.425 4.672657158668383
5.435 5.252319749935502
5.445 5.851041129113933
5.455 6.457400240690271
5.465 7.058731353891867
5.475 7.642983076546693
5.485 8.193826831205726
5.495 8.69837079276278
5.505 9.14333125859946
5.515 9.5152749789469
5.525 9.806976022747332
5.535 10.008370282278705
5.545 10.11402273349074
5.555 10.121419346093067
5.565 10.03112924516358
5.575 9.846819957803998
5.585 9.575124553548063
5.595 9.225369245010777
5.605 8.809178904986483
5.615 8.339985223857921
5.625 7.832467308584905
5.635 7.30195708687838
5.645 6.763841872385511
5.655 6.232994076102822
5.665 5.72325374615216
5.675 5.246983971175532
5.685 4.814712858362332
5.695 4.434869454757449
5.705 4.113615194264524
5.715 3.8547676512283644
5.725 3.6598098110189143
5.735 3.5279757837318595
5.745 3.4564027704507003
5.755 3.440338890380145
5.765 3.4733968609846224
5.775 3.5478441442794972
5.785 3.6549207238847017
5.795 3.7851759405712735
5.805 3.9288156874656512
5.815 4.076050774701943
5.825 4.218785794590055
5.835 4.346195979444159
5.845 4.451438783298352
5.855 4.528003603885052
5.865 4.570816441909262
5.875 4.576385844348148
5.885 4.5428838981374575
5.895 4.4701591947229256
5.905 4.359682204444737
5.915 4.214427164446913
5.925 4.0386980503371035
5.935 3.837909134320755
5.945 3.6183327481762686
5.955 3.3869884157309347
5.965 3.1506066875214174
5.975 2.9183392078658086
5.985 2.6956929484298118
5.995 2.4894426327018784
6.005 2.305760359880686
6.015 2.150073758141419
6.025 2.0269586858176254
6.035 1.9400647023993893
6.045 1.8920700883272885
6.055 1.8846624955061713
6.065 1.9185413111600136
6.075 1.9934383759948013
6.085 2.1081546065942494
6.095 2.260611090759537
6.105 2.447914115337416
6.115 2.6664341495263835
6.125 2.9118989107959297
6.135 3.179500240048788
6.1450000000000005 3.465234184009409
6.155 3.761740002359598
6.165 4.064245999719748
6.175 4.367181390866563
6.185 4.665132506799191
6.195 4.952976486126969
6.205 5.226000777585241
6.215 5.480003577029709
6.225 5.711371743372311
6.235 5.917134547306605
6.245 6.094993564778172
6.255 6.243330860827603
6.265 6.36119905408291
6.275 6.448297694491838
6.285 6.50393017322703
6.295 6.5313502199639615
6.305 6.530517707031265
6.315 6.503386708769904
6.325 6.452349838773259
6.335 6.380191553979756
6.345 6.29003220473324
6.355 6.185259009672041
6.365 6.069440643293719
6.375 5.946223541578986
6.385 5.819210226711357
6.3950000000000005 5.691822665731106
6.405 5.5671565527562805
6.415 5.447835033237746
6.425 5.335872370642244
6.435 5.232559052329638
6.445 5.138379614679257
6.455 5.05408559023666
6.465 4.976793753005834
6.475 4.905344457942949
6.485 4.837201244342036
6.495 4.769360536685497
6.505 4.698557136689267
6.515 4.621494459357731
6.525 4.535083950156208
6.535 4.43667704989835
6.545 4.324273444601285
6.555 4.196691091242513
6.565 4.0536864453645665
6.575 3.896017116554477
6.585 3.7254434537724634
6.595 3.5446699005416287
6.605 3.35723097034026
6.615 3.1673300517986585
6.625 2.979641735746315
6.635 2.7981899394188887
6.6450000000000005 2.630019650430229
6.655 2.478547716868881
6.665 2.348089654460167
6.675 2.242314511537864
6.685 2.1640777026953524
6.695 2.1152887061151353
6.705 2.096817943502989
6.715 2.1084455169249883
6.725 2.148853024122263
6.735 2.2156583799567677
6.745 2.306605002281948
6.755 2.4157660284633975
6.765 2.5381278415391204
6.775 2.6703041305927533
6.785 2.8053340360115357
6.795 2.937467629228049
6.805 3.0611129417081653
6.815 3.171075091392467
6.825 3.262782263997685
6.835 3.332487799523158
6.845 3.3774381797410036
6.855 3.3959979535020426
6.865 3.387724541744726
6.875 3.3533883283988883
6.885 3.2949362990527087
6.8950000000000005 3.215400524271745
6.905 3.1187557676305997
6.915 3.0097332066032316
6.925 2.89359949729522
6.935 2.77591205391622
6.945 2.662262376744809
6.955 2.557205474449152
6.965 2.4675480223761124
6.975 2.3963222190803872
6.985 2.3468909564878784
6.995 2.321580785403966
