0.005 0.0
0.015 0.0
0.025 0.0
0.034999999999999996 0.0
0.045 0.0
0.055 0.0
0.065 0.0
0.07500000000000001 0.0
0.085 0.0
0.095 0.0
0.10500000000000001 0.0
0.115 0.0
0.125 0.0
0.135 0.0
0.14500000000000002 0.0
0.155 0.0
0.165 0.0
0.17500000000000002 0.0
0.185 0.0
0.195 0.0
0.20500000000000002 0.0
0.215 0.0
0.225 0.0
0.23500000000000001 0.0
0.245 0.0
0.255 0.0
0.265 0.0
0.275 0.0
0.28500000000000003 0.0
0.295 0.0
0.305 0.0
0.315 0.0
0.325 0.0
0.335 0.0
0.34500000000000003 0.0
0.35500000000000004 0.0
0.365 0.0
0.375 0.0
0.385 0.0
0.395 0.0
0.405 0.0
0.41500000000000004 0.0
0.425 0.0
0.435 0.0
0.445 0.0
0.455 0.0
0.465 0.0
0.47500000000000003 0.0
0.485 0.0
0.495 0.0
0.505 0.0
0.515 0.0
0.525 0.0
0.535 0.0
0.545 0.0
0.555 0.0
0.5650000000000001 0.0
0.5750000000000001 0.0
0.585 0.0
0.595 0.0
0.605 0.0
0.615 0.0
0.625 0.0
0.635 0.0
0.645 0.0
0.655 0.0
0.665 0.0
0.675 0.0
0.685 0.0
0.6950000000000001 0.0
0.7050000000000001 0.0
0.715 0.0
0.725 0.0
0.735 0.0
0.745 0.0
0.755 0.0
0.765 0.0
0.775 0.0
0.785 0.0
0.795 0.0
0.805 0.0
0.8150000000000001 0.0
0.8250000000000001 0.0
0.8350000000000001 0.0
0.845 0.0
0.855 0.0
0.865 0.0
0.875 0.0
0.885 0.0
0.895 0.0
0.905 0.0
0.915 0.0
0.925 0.0
0.935 0.0
0.9450000000000001 0.0
0.9550000000000001 0.0
0.965 0.0
0.975 0.0
0.985 0.0
0.995 0.0
1.005 0.0
1.015 0.0
1.025 0.0
1.035 0.0
1.045 0.0
1.055 0.0
1.065 0.0
1.075 0.0
1.085 0.0
1.095 0.0
1.105 0.0
1.115 0.0
1.125 0.0
1.135 0.0
1.145 0.0
1.155 0.0
1.1649999999999998 0.0
1.1749999999999998 0.0
1.1849999999999998 0.0
1.1949999999999998 0.0
1.2049999999999998 0.0
1.2149999999999999 0.0
1.2249999999999999 0.0
1.2349999999999999 0.0
1.2449999999999999 0.0
1.255 0.0
1.265 0.0
1.275 0.0
1.285 0.0
1.295 0.0
1.305 0.0
1.315 0.0
1.325 0.0
1.335 0.0
1.345 0.0
1.355 0.0
1.365 0.0
1.375 0.0
1.385 0.0
1.395 0.0
1.405 0.0
1.4149999999999998 0.0
1.4249999999999998 0.0
1.4349999999999998 0.0
1.4449999999999998 0.0
1.4549999999999998 0.0
1.4649999999999999 0.0
1.4749999999999999 0.0
1.4849999999999999 0.0
1.4949999999999999 0.0
1.505 0.0
1.515 0.0
1.525 0.0
1.535 0.0
1.545 0.0
1.555 0.0
1.565 0.0
1.575 0.0
1.585 0.0
1.595 0.0
1.605 0.0
1.615 0.0
1.625 0.0
1.635 0.0
1.645 0.0
1.655 0.0
1.665 0.0
1.6749999999999998 0.0
1.6849999999999998 0.0
1.6949999999999998 0.0
1.7049999999999998 0.0
1.7149999999999999 0.0
1.7249999999999999 0.0
1.7349999999999999 0.0
1.7449999999999999 0.0
1.755 0.0
1.765 0.01115452116972815
1.775 0.01655759488163712
1.785 0.024333278566674516
1.795 0.03540471140402451
1.805 0.05100098273197761
1.815 0.07273661492169033
1.825 0.10270336706017495
1.835 0.1435731845117454
1.845 0.19870968730530464
1.855 0.2722837992074471
1.865 0.3693870099183489
1.875 0.49613342957764356
1.885 0.6597393955340297
1.895 0.8685671516391729
1.905 1.1321173299900855
1.915 1.4609539646772942
1.9249999999999998 1.8665459228828902
1.9349999999999998 2.361010305097196
1.9449999999999998 2.956746838236303
1.9549999999999998 3.665957743704067
1.9649999999999999 4.5000550174926
1.9749999999999999 5.468966302566994
1.9849999999999999 6.580361103685588
1.9949999999999999 7.838830268708577
2.005 9.24506247766146
2.015 10.795070802955674
2.025 12.479529012061745
2.035 14.283280005684086
2.045 16.185076643161253
2.0549999999999997 18.157607571028603
2.065 20.167847387816554
2.0749999999999997 22.177751968844316
2.085 24.145297069484823
2.0949999999999998 26.025833029598825
2.105 27.773702584652582
2.1149999999999998 29.344044800603204
2.125 30.694688383840482
2.135 31.78802424576806
2.145 32.59274191078314
2.155 33.08531812528426
2.165 33.251158972527165
2.175 33.08531812528426
2.185 32.59274191078314
2.195 31.78802424576806
2.205 30.694688383840482
2.215 29.344044800603204
2.225 27.773702584652582
2.235 26.025833029598825
2.245 24.145297069484823
2.255 22.177751968844316
2.265 20.167847387816554
2.275 18.157607571028603
2.285 16.185076643161253
2.295 14.283280005684086
2.305 12.479529012061745
2.315 10.795070802955674
2.3249999999999997 9.24506247766146
2.335 7.838830268708577
2.3449999999999998 6.580361103685588
2.355 5.468966302566994
2.3649999999999998 4.5000550174926
2.375 3.665957743704067
2.385 2.956746838236303
2.395 2.361010305097196
2.405 1.8665459228828902
2.415 1.4609539646772942
2.425 1.1321173299900855
2.435 0.8685671516391729
2.445 0.6597393955340297
2.455 0.49613342957764356
2.465 0.3693870099183489
2.475 0.2722837992074471
2.485 0.19870968730530464
2.495 0.1435731845117454
2.505 0.10270336706017495
2.515 0.07273661492169033
2.525 0.05100098273197761
2.535 0.03540471140402451
2.545 0.024333278566674516
2.555 0.01655759488163712
2.565 0.01115452116972815
2.5749999999999997 0.0
2.585 0.0
2.5949999999999998 0.0
2.605 0.0
2.6149999999999998 0.0
2.625 0.0
2.635 0.0
2.645 0.0
2.655 0.0
2.665 0.0
2.675 0.0
2.685 0.0
2.695 0.0
2.705 0.0
2.715 0.0
2.725 0.0
2.735 0.0
2.745 0.0
2.755 0.0
2.765 0.0
2.775 0.0
2.785 0.0
2.795 0.0
2.805 0.0
2.815 0.0
2.8249999999999997 0.0
2.835 0.0
2.8449999999999998 0.0
2.855 0.0
2.8649999999999998 0.0
2.875 0.0
2.885 0.0
2.895 0.0
2.905 0.0
2.915 0.0
2.925 0.0
2.935 0.0
2.945 0.0
2.955 0.0
2.965 0.0
2.975 0.0
2.985 0.0
2.995 0.0
3.005 0.0
3.015 0.0
3.025 0.0
3.035 0.0
3.045 0.0
3.055 0.0
3.065 0.0
3.075 0.0
3.085 0.0
3.0949999999999998 0.0
3.105 0.004255897564580168
3.1149999999999998 0.006317387063041618
3.125 0.009284122501932977
3.135 0.013508318532576134
3.145 0.019458922072717585
3.155 0.027751938213280716
3.165 0.039185457008392065
3.175 0.054778932865430015
3.185 0.07581572183987734
3.195 0.10388719876801769
3.205 0.14093597134097013
3.215 0.1892948179951107
3.225 0.25171706109006364
3.235 0.3313932323125958
3.245 0.4319482041595545
3.255 0.5574125796728726
3.265 0.712162192038579
3.275 0.9008202014696362
3.285 1.1281176015049572
3.295 1.39871002940274
3.305 1.7169516197072467
3.315 2.0866301667015548
3.325 2.5106718943020376
3.335 2.9908283952422847
3.3449999999999998 3.5273624285953824
3.355 4.118752821452507
3.3649999999999998 4.761441241752157
3.375 5.449644647712743
3.385 6.175256402319605
3.395 6.927856127958416
3.405 7.694843308341205
3.415 8.461702582825243
3.425 9.212400015247763
3.435 9.929899968044902
3.445 10.596782362131423
3.455 11.195930950468771
3.465 11.711255691804615
3.475 12.128407209224626
3.485 12.435439299495497
3.495 12.623376897153625
3.505 12.686651837166687
3.515 12.623376897153625
3.525 12.435439299495497
3.535 12.128407209224626
3.545 11.711255691804615
3.555 11.195930950468771
3.565 10.596782362131423
3.575 9.929899968044902
3.585 9.212400015247763
3.5949999999999998 8.461702582825243
3.605 7.694843308341205
3.6149999999999998 6.927856127958416
3.625 6.175256402319605
3.635 5.449644647712743
3.645 4.761441241752157
3.655 4.118752821452507
3.665 3.5273624285953824
3.675 2.9908283952422847
3.685 2.5106718943020376
3.695 2.0866301667015548
3.705 1.7169516197072467
3.715 1.39871002940274
3.725 1.1281176015049572
3.735 0.9008202014696362
3.745 0.712162192038579
3.755 0.5574125796728726
3.765 0.4319482041595545
3.775 0.3313932323125958
3.785 0.25171706109006364
3.795 0.1892948179951107
3.805 0.14093597134097013
3.815 0.10388719876801769
3.825 0.07581572183987734
3.835 0.054778932865430015
3.8449999999999998 0.039185457008392065
3.855 0.027751938213280716
3.8649999999999998 0.019458922072717585
3.875 0.013508318532576134
3.885 0.009284122501932977
3.895 0.006317387063041618
3.905 0.004255897564580168
3.915 0.0
3.925 0.0
3.935 0.0
3.945 0.0
3.955 0.0
3.965 0.0
3.975 0.0
3.985 0.0027191184201766972
3.995 0.0040362163961521385
4.005 0.005931681420220751
4.015 0.00863054554067149
4.025 0.012432421749307032
4.035 0.017730879384730017
4.045 0.02503582295808188
4.055 0.03499858799038246
4.065 0.04843911834474322
4.075 0.0663741529264323
4.085 0.09004483541335676
4.095 0.12094159190724696
4.1049999999999995 0.16082353653882034
4.115 0.21429390913540994
4.125 0.27978142609187806
4.135 0.3617292509046328
4.145 0.46314538953613593
4.155 0.5872662146363514
4.165 0.737485617900473
4.175 0.9172590778089388
4.185 1.12998284479672
4.195 1.3788503697942818
4.205 1.6666902668606027
4.215 1.9957923394458654
4.225 2.367730300224396
4.235 2.7856252398010968
4.245 3.2454379113477865
4.255 3.747430516573033
4.265 4.2890541057162945
4.275 4.866556269601269
4.285 5.475024839657706
4.295 6.108493350862359
4.305 6.760106283836556
4.315 7.422337337728314
4.325 8.087249426618854
4.335 8.746781214706782
4.345 9.393042247424725
4.355 10.018597439810303
4.365 10.616722048524519
4.375 11.181610301395377
4.385 11.70852442203836
4.395 12.193875527613205
4.405 12.63523332151785
4.415 13.03126710021995
4.425 13.381625788337844
4.435 13.686769015982271
4.445 13.94776428859835
4.455 14.166066868362492
4.465 14.343299064509662
4.475 14.481044364003768
4.485 14.580669503548439
4.495 14.643184549520582
4.505 14.669147694557058
4.515 14.658618141693411
4.525 14.611157391367108
4.535 14.525876630115576
4.545 14.40152579258867
4.555 14.236618193764262
4.565 14.029583317254465
4.575 13.77893929930313
4.585 13.483475796075778
4.595 13.142437249782873
4.605 12.755696129106688
4.615 12.323905620952075
4.625 11.850692230466734
4.635 11.337520925175818
4.645 10.786334649647443
4.655 10.203370059688693
4.665 9.594520342948321
4.675 8.966613937213754
4.685 8.327274951746698
4.695 7.684749324068426
4.705 7.047707656801551
4.715 6.425037170523342
4.725 5.825635497548804
4.735 5.258218037477435
4.745 4.731148359728638
4.755 4.2522978848805675
4.765 3.828937151405303
4.775 3.4676568186169865
4.785 3.1743126577479917
4.795 2.952172030688875
4.805 2.809748468771925
4.815 2.7478276565914346
4.825 2.7689745445098604
4.835 2.874734498032457
4.845 3.065522693123105
4.855 3.340484294109484
4.865 3.6973326621233893
4.875 4.132178380936096
4.885 4.639366738689133
4.895 5.213209665812201
4.905 5.841349430483119
4.915 6.513628899799591
4.925 7.215081465707652
4.935 7.934807169534598
4.945 8.654101734489275
4.955 9.355922700530346
4.965 10.022875262003208
4.975 10.637842621266962
4.985 11.184665592545576
4.995 11.648833967458264
5.005 12.018147800095935
5.015 12.283305629550046
5.025 12.440155503771535
5.035 12.483775346550551
5.045 12.41545625041938
5.055 12.244574744845039
5.065 11.977983489572157
5.075 11.628173973620424
5.085 11.210289667587983
5.095 10.741445770793543
5.105 10.2399622744895
5.115 9.72455534222235
5.125 9.213533255221815
5.135 8.724041147123312
5.145 8.271393787283193
5.155 7.868528312487465
5.165 7.525599749078576
5.175 7.249732181218702
5.185 7.0449282775432245
5.195 6.912130299356565
5.205 6.849417284205156
5.215 6.852316298784257
5.225 6.9142008042202
5.235 7.026746442071396
5.245 7.180413952248748
5.255 7.364930361403998
5.265 7.569742799209142
5.275 7.784423974314402
5.285 7.999014052286137
5.295 8.204289945894262
5.305 8.391959345406217
5.315 8.554782680176267
5.325 8.686631154885474
5.335 8.782492671988972
5.345 8.838439586678753
5.355 8.851572743227306
5.365 8.819955178011144
5.375 8.742546471768872
5.385 8.619145356287227
5.395 8.450344289844232
5.405 8.237495814652139
5.415 7.982687082848616
5.425 7.688716392215709
5.435 7.357683150045945
5.445 6.9955633815812135
5.455 6.608270512296516
5.465 6.199047725576421
5.475 5.773548180355886
5.485 5.337646507928796
5.495 4.897291568803936
5.505 4.458345895648409
5.515 4.026421332003162
5.525 3.606721092294082
5.535 3.203898147456635
5.545 2.8219385605707754
5.555 2.4640763434928603
5.565 2.132743839000357
5.575 1.8295588506003413
5.585 1.5553470385363972
5.595 1.3101957331171488
5.605 1.0935334796038452
5.615 0.9042284388347251
5.625 0.7406982594869526
5.635 0.6010241720451001
5.645 0.4844935188869443
5.655 0.38667356414094034
5.665 0.3063133055948611
5.675 0.24128641086907293
5.685 0.18961524057029147
5.695 0.14952598350501786
5.705 0.11824630052759998
5.715 0.0974321558073363
5.725 0.08431838357726967
5.735 0.0782906856909818
5.745 0.07902838950979194
5.755 0.08650485992365596
5.765 0.10098145689820474
5.775 0.12299509963867646
5.785 0.15333888670475965
5.795 0.193034721491535
5.805 0.2432965765197796
5.815 0.30548295847526347
5.825 0.38103735320547155
5.835 0.470231067279074
5.845 0.5772204214094498
5.855 0.7015023197651366
5.865 0.8440605269337672
5.875 1.0054839093016836
5.885 1.1858608036054339
5.895 1.384679808092406
5.905 1.6007446503059517
5.915 1.8321111346287433
5.925 2.0760538980510685
5.935 2.3290697231911746
5.945 2.586922453806663
5.955 2.8447321838530435
5.965 3.097108478747016
5.975 3.3383241428118198
5.985 3.562522735321258
5.995 3.763949960571745
6.005 3.937196522060362
6.015 4.077438315663042
6.025 4.180659158054976
6.035 4.243841730046958
6.045 4.265114075242814
6.055 4.243841730046958
6.065 4.180659158054976
6.075 4.077438315663042
6.085 3.937196522060362
6.095 3.763949960571745
6.105 3.562522735321258
6.115 3.3383241428118198
6.125 3.097108478747016
6.135 2.8447321838530435
6.1450000000000005 2.586922453806663
6.155 2.3290697231911746
6.165 2.0760538980510685
6.175 1.8321111346287433
6.185 1.6007446503059517
6.195 1.384679808092406
6.205 1.1858608036054339
6.215 1.0054839093016836
6.225 0.8440605269337672
6.235 0.7015023197651366
6.245 0.5772204214094498
6.255 0.470231067279074
6.265 0.37926084221938594
6.275 0.3028459336525207
6.285 0.23942116707428102
6.295 0.18856248438190348
6.305 0.14694773889113258
6.315 0.11395537194626022
6.325 0.08832687322585682
6.335 0.06897212840951202
6.345 0.0549873493185652
6.355 0.04566563837315475
6.365 0.040502151504518885
6.375 0.03919554558496971
6.385 0.0416469794946084
6.3950000000000005 0.047957430072680204
6.405 0.05842353246011685
6.415 0.07353160416212105
6.425 0.09394900737557679
6.435 0.12051158716491767
6.445 0.15420563476199317
6.455 0.19518840241960927
6.465 0.24689552177552815
6.475 0.31029904082255066
6.485 0.38499844069908934
6.495 0.47299274208785114
6.505 0.5754116440363869
6.515 0.6931790480425132
6.525 0.8269351369395739
6.535 0.976959362705409
6.545 1.1430997756246561
6.555 1.3247146762139508
6.565 1.5206326783204098
6.575 1.7291368386941173
6.585 1.9479774784625121
6.595 2.1744166949922965
6.605 2.405305404963274
6.615 2.6371912075981463
6.625 2.86645261255844
6.635 3.0894524927118
6.6450000000000005 3.302701278714054
6.655 3.5030186897133824
6.665 3.6876819374624397
6.675 3.8545485271540407
6.685 4.002143089038126
6.695 4.129700076986362
6.705 4.237157508483778
6.715 4.325100925708991
6.725 4.395767238591101
6.735 4.449014928175776
6.745 4.487420740930531
6.755 4.512902045273867
6.765 4.527282253652937
6.775 4.532137612013072
6.785 4.5286772705025315
6.795 4.517667847820338
6.805 4.4994096527596845
6.815 4.473766921697029
6.825 4.440249334190146
6.835 4.398137177578652
6.845 4.34663832228011
6.855 4.285062048352794
6.865 4.2129930245477425
6.875 4.130448536798654
6.885 4.038003395025032
6.8950000000000005 3.936869669374861
6.905 3.8300886977166244
6.915 3.718397256294023
6.925 3.605688216412462
6.935 3.4954962196879102
6.945 3.391595737461479
6.955 3.2977925234306973
6.965 3.217702024572025
6.975 3.1545313871091683
6.985 3.1108814445500435
6.995 3.0885835603713083
