0.005 0.0
0.015 0.0
0.025 0.0
0.034999999999999996 0.0
0.045 0.0
0.055 0.0
0.065 0.0
0.07500000000000001 0.0
0.085 0.0
0.095 0.0
0.10500000000000001 0.0
0.115 0.0
0.125 0.0
0.135 0.0
0.14500000000000002 0.0
0.155 0.0
0.165 0.0
0.17500000000000002 0.0
0.185 0.0
0.195 0.0
0.20500000000000002 0.0
0.215 0.0
0.225 0.0
0.23500000000000001 0.0
0.245 0.0
0.255 0.0
0.265 0.0
0.275 0.0
0.28500000000000003 0.0
0.295 0.0
0.305 0.0
0.315 0.0
0.325 0.0
0.335 0.0
0.34500000000000003 0.0
0.35500000000000004 0.0
0.365 0.0
0.375 0.0
0.385 0.0
0.395 0.0
0.405 0.0
0.41500000000000004 0.0
0.425 0.0
0.435 0.0
0.445 0.0
0.455 0.0
0.465 0.0
0.47500000000000003 0.0
0.485 0.0
0.495 0.0
0.505 0.0
0.515 0.0
0.525 0.0
0.535 0.0
0.545 0.0
0.555 0.0
0.5650000000000001 0.0
0.5750000000000001 0.0
0.585 0.0
0.595 0.0
0.605 0.0
0.615 0.0
0.625 0.0
0.635 0.0
0.645 0.0
0.655 0.0
0.665 0.0
0.675 0.0
0.685 0.0
0.6950000000000001 0.0
0.7050000000000001 0.0
0.715 0.0
0.725 0.0
0.735 0.0
0.745 0.0
0.755 0.0
0.765 0.0
0.775 0.0
0.785 0.0
0.795 0.0
0.805 0.0
0.8150000000000001 0.0
0.8250000000000001 0.0
0.8350000000000001 0.0
0.845 0.0
0.855 0.0
0.865 0.0
0.875 0.0
0.885 0.0
0.895 0.0
0.905 0.0
0.915 0.0
0.925 0.0
0.935 0.0
0.9450000000000001 0.0
0.9550000000000001 0.0
0.965 0.0
0.975 0.0
0.985 0.0
0.995 0.0
1.005 0.0
1.015 0.0
1.025 0.0
1.035 0.0
1.045 0.0
1.055 0.0
1.065 0.0
1.075 0.0
1.085 0.0
1.095 0.0
1.105 0.0
1.115 0.0
1.125 0.0
1.135 0.0
1.145 0.0
1.155 0.0
1.1649999999999998 0.0
1.1749999999999998 0.0
1.1849999999999998 0.0
1.1949999999999998 0.0
1.2049999999999998 0.0
1.2149999999999999 0.0
1.2249999999999999 0.0
1.2349999999999999 0.0
1.2449999999999999 0.0
1.255 0.0
1.265 0.0
1.275 0.0
1.285 0.0
1.295 0.0
1.305 0.0
1.315 0.0
1.325 0.0
1.335 0.0
1.345 0.0
1.355 0.0
1.365 0.0
1.375 0.0
1.385 0.0
1.395 0.0
1.405 0.0
1.4149999999999998 0.0
1.4249999999999998 0.0
1.4349999999999998 0.0
1.4449999999999998 0.0
1.4549999999999998 0.0
1.4649999999999999 0.0
1.4749999999999999 0.0
1.4849999999999999 0.0
1.4949999999999999 0.0
1.505 0.0
1.515 0.0
1.525 0.0
1.535 0.0
1.545 0.0
1.555 0.0
1.565 0.0
1.575 0.0
1.585 0.0
1.595 0.0
1.605 0.0
1.615 0.0
1.625 0.0
1.635 0.0
1.645 0.0
1.655 0.012380637166993683
1.665 0.018377622084213306
1.6749999999999998 0.027008016608992946
1.6849999999999998 0.03929643229195052
1.6949999999999998 0.056607061186841924
1.7049999999999998 0.08073189556040204
1.7149999999999999 0.11399262272694988
1.7249999999999999 0.15935489092743166
1.7349999999999999 0.22055205263048547
1.7449999999999999 0.3022135036676004
1.755 0.40999039532157977
1.765 0.5506689067646205
1.775 0.7322586022827566
1.785 0.9640409118409389
1.795 1.2565607864111035
1.805 1.6215434691573858
1.815 2.071718496483667
1.825 2.6205348925483127
1.835 3.2817553745116586
1.845 4.068923444020593
1.855 4.994705514951575
1.865 6.070120486601497
1.875 7.30368090327582
1.885 8.700482243371251
1.895 10.261288887302698
1.905 11.981675660458546
1.915 13.851291181607312
1.9249999999999998 15.853312268110551
1.9349999999999998 17.964156272594813
1.9449999999999998 20.153509750615438
1.9549999999999998 22.38471711591573
1.9649999999999999 24.61555239600957
1.9749999999999999 26.79937199974428
1.9849999999999999 28.886618332185733
1.9949999999999999 30.826615437133864
2.005 32.569571222314494
2.015 34.06867888382216
2.025 35.28219530485178
2.035 36.17536833136054
2.045 36.72208901044983
2.0549999999999997 36.906159247615484
2.065 36.72208901044983
2.0749999999999997 36.17536833136054
2.085 35.28219530485178
2.0949999999999998 34.06867888382216
2.105 32.569571222314494
2.1149999999999998 30.826615437133864
2.125 28.886618332185733
2.135 26.79937199974428
2.145 24.61555239600957
2.155 22.38471711591573
2.165 20.153509750615438
2.175 17.964156272594813
2.185 15.853312268110551
2.195 13.851291181607312
2.205 11.981675660458546
2.215 10.261288887302698
2.225 8.700482243371251
2.235 7.30368090327582
2.245 6.070120486601497
2.255 4.994705514951575
2.265 4.068923444020593
2.275 3.2890620433987525
2.285 2.631380796332609
2.295 2.087657792014041
2.305 1.6447350073091427
2.315 1.2899685219892363
2.3249999999999997 1.0116863780258232
2.335 0.7995335202536795
2.3449999999999998 0.6447152315087024
2.355 0.5401533909092469
2.3649999999999998 0.4805705603136558
2.375 0.46251569513912144
2.385 0.4843426370245239
2.395 0.5461489870916458
2.405 0.649679005585793
2.415 0.7981903479735202
2.425 0.9962812025709327
2.435 1.2496721555299029
2.445 1.5649362126205226
2.455 1.949171092017286
2.465 2.401352687376445
2.475 2.947720613571272
2.485 3.582397246775417
2.495 4.310406427182867
2.505 5.134755348443183
2.515 6.0558951242204
2.525 7.071214153413659
2.535 8.17460337118548
2.545 9.356134255804044
2.555 10.601889058649896
2.565 11.893977722983877
2.5749999999999997 13.210767256252584
2.585 14.527337196348123
2.5949999999999998 15.816159939346669
2.605 17.04798812647821
2.6149999999999998 18.19291437676579
2.625 19.221552938366763
2.635 20.106279884241893
2.645 20.822459718762314
2.655 21.349582796157843
2.665 21.67224042047482
2.675 21.780872977652404
2.685 21.67224042047482
2.695 21.349582796157843
2.705 20.822459718762314
2.715 20.106279884241893
2.725 19.221552938366763
2.735 18.19291437676579
2.745 17.04798812647821
2.755 15.816159939346669
2.765 14.527337196348123
2.775 13.210767256252584
2.785 11.893977722983877
2.795 10.601889058649896
2.805 9.356134255804044
2.815 8.17460337118548
2.8249999999999997 7.071214153413659
2.835 6.0558951242204
2.8449999999999998 5.134755348443183
2.855 4.310406427182867
2.8649999999999998 3.582397246775417
2.875 2.947720613571272
2.885 2.401352687376445
2.895 1.9367904548502923
2.905 1.5465585905363093
2.915 1.2226641389209099
2.925 0.9569847702789821
2.935 0.7415832867866783
2.945 0.5689471100253909
2.955 0.43215636436469596
2.965 0.32498774609709224
2.975 0.24655371594126232
2.985 0.18517048908461195
2.995 0.14017611347754153
3.005 0.10861532530740907
3.015 0.08826176736712968
3.025 0.07757650478807339
3.035 0.07567006037101949
3.045 0.08227174875312188
3.055 0.09770811757366032
3.065 0.12289039353509452
3.075 0.15930902513210168
3.085 0.2041583712550913
3.0949999999999998 0.271482049818147
3.105 0.35741444626153035
3.1149999999999998 0.4658650604479519
3.125 0.6011809810137109
3.135 0.7680816344365392
3.145 0.9715531945014699
3.155 1.2166981354629636
3.165 1.5085376582701802
3.175 1.851767786967503
3.185 2.250473735929382
3.195 2.7078114980932977
3.205 3.225670202403082
3.215 3.8043332399465744
3.225 4.4421599943204715
3.235 5.135312730896035
3.245 5.877554319658115
3.255 6.660141585136836
3.265 7.47183593483328
3.275 8.299047451656365
3.285 9.12612101932564
3.295 9.93576370649481
3.305 10.709602226165497
3.315 11.42884866321755
3.325 12.075042791669073
3.335 12.630831169675778
3.3449999999999998 13.080737697836836
3.355 13.411878149206014
3.3649999999999998 13.614572730293114
3.375 13.68281606009554
3.385 13.614572730293114
3.395 13.411878149206014
3.405 13.080737697836836
3.415 12.630831169675778
3.425 12.075042791669073
3.435 11.42884866321755
3.445 10.709602226165497
3.455 9.93576370649481
3.465 9.12612101932564
3.475 8.299047451656365
3.485 7.47183593483328
3.495 6.660141585136836
3.505 5.877554319658115
3.515 5.135312730896035
3.525 4.4421599943204715
3.535 3.8043332399465744
3.545 3.225670202403082
3.555 2.7078114980932977
3.565 2.250473735929382
3.575 1.851767786967503
3.585 1.5085376582701802
3.5949999999999998 1.2166981354629636
3.605 0.9715531945014699
3.6149999999999998 0.7680816344365392
3.625 0.6011809810137109
3.635 0.4658650604479519
3.645 0.35741444626153035
3.655 0.271482049818147
3.665 0.2041583712550913
3.675 0.1520023562450076
3.685 0.11204448975079837
3.695 0.08176882204328596
3.705 0.05908021060136493
3.715 0.042262324792886614
3.725 0.029931038603189134
3.735 0.020986849396206816
3.745 0.014569000563327312
3.755 0.010013117889874497
3.765 0.006813432438556635
3.775 0.004590073432626344
3.785 0.0
3.795 0.0
3.805 0.0
3.815 0.0
3.825 0.0
3.835 0.0
3.8449999999999998 0.0
3.855 0.0
3.8649999999999998 0.0
3.875 0.0
3.885 0.0
3.895 0.0
3.905 0.0
3.915 0.0
3.925 0.0
3.935 0.0
3.945 0.0
3.955 0.0
3.965 0.0
3.975 0.0
3.985 0.0
3.995 0.0
4.005 0.0
4.015 0.0
4.025 0.0
4.035 0.0
4.045 0.0
4.055 0.0
4.065 0.0
4.075 0.002610845937995337
4.085 0.0038754984352903613
4.095 0.0056954880032254645
4.1049999999999995 0.008286886146754012
4.115 0.014502165619696038
4.125 0.020831987903141194
4.135 0.029633940733018838
4.145 0.04174568407987814
4.155 0.05823712041668201
4.165 0.0804557347716167
4.175 0.11007421374354552
4.185 0.1491380040295339
4.195 0.20010958015351246
4.205 0.26590525502909684
4.215 0.34991946291495546
4.225 0.456030673682965
4.235 0.5885825821206969
4.245 0.7523340910570475
4.255 0.9523720081081212
4.265 1.1939814233931356
4.275 1.482470516332236
4.285 1.8229490862713311
4.295 2.22006337401862
4.305 2.6776936117927916
4.315 3.1986249851385242
4.325 3.7842069976232335
4.335 4.43402020615126
4.345 5.145572501036185
4.355 5.914049091001746
4.365 6.732140709501358
4.375 7.589972969108027
4.385 8.47515608422596
4.395 9.372968375577399
4.405 10.266679293428297
4.415 11.138008599537468
4.425 11.967708477143695
4.435 12.736245491201045
4.445 13.424550374940274
4.455 14.014796444238378
4.465 14.491162807700036
4.475 14.840537025991603
4.485 15.053113791239939
4.495 15.122851544453788
4.505 15.047757395217864
4.515 14.8299816159122
4.525 14.475715466222333
4.535 13.994899115279779
4.545 13.400758866635126
4.555 12.709203712821335
4.565 11.938119574410742
4.575 11.108717212452444
4.585 10.23732783092319
4.595 9.346805163030584
4.605 8.452376077243025
4.615 7.5724585225676675
4.625 6.72216757260987
4.635 5.91442555119583
4.645 5.159818314730151
4.655 4.466588790184833
4.665 3.8407530450836918
4.675 3.2863177754307102
4.685 2.805573700342026
4.695 2.3994369939808426
4.705 2.0678104491467804
4.715 1.8099373166230335
4.725 1.624723395379915
4.735 1.5110066352758273
4.745 1.4677579484798289
4.755 1.4942018448045409
4.765 1.589850699693041
4.775 1.754451770730562
4.785 1.98785136976927
4.795 2.2897857506311805
4.805 2.6596131457975574
4.815 3.0960057990327896
4.825 3.5966245644233688
4.835 4.157801400129953
4.845 4.774256575751496
4.855 5.438877342678262
4.865 6.142582947876088
4.875 6.874297066910863
4.885 7.619301630618643
4.895 8.36701965510793
4.905 9.100812646500298
4.915 9.801111276236906
4.925 10.450516833897357
4.935 11.03650658287976
4.945 11.541170301521722
4.955 11.950924861762168
4.965 12.254598428305005
4.975 12.443990106660237
4.985 12.514304190312274
4.995 12.464430391967095
5.005 12.297051231830867
5.015 12.018569052425764
5.025 11.638856946258775
5.035 11.17084918595274
5.045 10.631760055232192
5.055 10.03623734601156
5.065 9.404044581222893
5.075 8.754229281830161
5.085 8.105586815516691
5.095 7.475997548902287
5.105 6.881842024875356
5.115 6.337515450535439
5.125 5.855055018197019
5.135 5.443886009730751
5.145 5.1106858451890265
5.155 4.859359639380601
5.165 4.691116627996008
5.175 4.6046340232049445
5.185 4.596293299908908
5.195 4.660473333047007
5.205 4.789884895448196
5.215 4.975931496380903
5.225 5.209082175684221
5.235 5.47924255215668
5.245 5.776111153264989
5.255 6.08950891679558
5.265 6.409670904268985
5.275 6.727490863488309
5.285 7.034711447561628
5.295 7.324055681008517
5.305 7.589298588216311
5.315 7.825281572068761
5.325 8.0278758504446
5.335 8.19390465385558
5.345 8.321036568345999
5.355 8.407664024780992
5.365 8.452781239001997
5.375 8.455874792712065
5.385 8.41542864165181
5.395 8.334982888854968
5.405 8.211668194100728
5.415 8.049713904829476
5.425 7.848410684340848
5.435 7.609539995712569
5.445 7.335343316860904
5.455 7.028577373275496
5.465 6.692548580030841
5.475 6.331117463649587
5.485 5.94866697909846
5.495 5.550032485132935
5.505 5.140395217976382
5.515 4.725144928361933
5.525 4.309720494410497
5.535 3.899439471266896
5.545 3.5008078288711566
5.555 3.116162160925821
5.565 2.7505764024842216
5.575 2.4074840184320196
5.585 2.089606381702655
5.595 1.7989343644713056
5.605 1.5367489188632106
5.615 1.3036769568593178
5.625 1.0997765751322623
5.635 0.9246440592113494
5.645 0.7775341849050593
5.655 0.6574850827477823
5.665 0.5634392581360914
5.675 0.4943531479772508
5.685 0.44928871606840426
5.695 0.4274819249971003
5.705 0.4297871765694463
5.715 0.452519100880331
5.725 0.4994894164332961
5.735 0.5690726892517105
5.745 0.6616149257467423
5.755 0.7774949112418187
5.765 0.9170262294829131
5.775 1.0803488060237931
5.785 1.267317579729811
5.795 1.4773965636212187
5.805 1.709566788031601
5.815 1.9622563177105865
5.825 2.2332996152943685
5.835 2.519931946071703
5.845 2.8188223058178408
5.855 3.1249693999075627
5.865 3.436915023358365
5.875 3.7484980587380927
5.885 4.05522278665723
5.895 4.352674259540351
5.905 4.63801007009588
5.915 4.905497603199902
5.925 5.152906848677476
5.935 5.377804320596352
5.945 5.579784772505438
5.955 5.755912875206478
5.965 5.9068642376423295
5.975 6.033090677542681
5.985 6.135579518619057
5.995 6.215728257841626
6.005 6.275215224434773
6.015 6.31588075926703
6.025 6.339631855320199
6.035 6.348380045927936
6.045 6.344017922320443
6.055 6.328434482232984
6.065 6.303564143245545
6.075 6.271459327237952
6.085 6.234372634000204
6.095 6.194832268366499
6.105 6.155693899443225
6.115 6.120153641757421
6.125 6.091710263732949
6.135 6.074069741781712
6.1450000000000005 6.07099139904199
6.155 6.086081476628367
6.165 6.122546398002372
6.175 6.18292352736314
6.185 6.268811292730273
6.195 6.380622685283088
6.205 6.517386086104842
6.215 6.676615050155988
6.225 6.854264253775247
6.235 7.044782647478894
6.245 7.241267478946522
6.255 7.435714907439492
6.265 7.619355122058398
6.275 7.7830528940803925
6.285 7.917748956069121
6.295 8.014913994622123
6.305 8.066985681455087
6.315 8.067760158205395
6.325 8.012712632063447
6.335 7.899226931245586
6.345 7.726720542434068
6.355 7.495672540734839
6.365 7.211811487985489
6.375 6.8788872171111235
6.385 6.503599425929442
6.3950000000000005 6.093782082788675
6.405 5.658026842967036
6.415 5.205291075421169
6.425 4.744514621203676
6.435 4.284266889413187
6.445 3.8335578991029537
6.455 3.397671358398326
6.465 2.983300478648334
6.475 2.5952192379136845
6.485 2.236997418977248
6.495 1.9110345026130018
6.505 1.6186470439481884
6.515 1.359262176085485
6.525 1.1346361286212983
6.535 0.9423575999554813
6.545 0.7809626903089835
6.555 0.6487080758517961
6.565 0.5437311147053037
6.575 0.4641874142428415
6.585 0.4083611494557128
6.595 0.3747452665957326
6.605 0.362090361892196
6.615 0.3694224644861269
6.625 0.3960311863984701
6.635 0.44143076592441993
6.6450000000000005 0.5052974697815241
6.655 0.5873876739524075
6.665 0.6874417358133291
6.675 0.8050794963860403
6.685 0.939693876531431
6.695 1.0903494915356526
6.705 1.255693421391745
6.715 1.4330079291621
6.725 1.621972859977587
6.735 1.818397696300245
6.745 2.0188711298871493
6.755 2.2197572915501373
6.765 2.417129167349436
6.775 2.606034084404648
6.785 2.7819968829785586
6.795 2.940652674451245
6.805 3.0779441976539275
6.815 3.190318332418642
6.825 3.274910107173004
6.835 3.3297027711754756
6.845 3.353653618032556
6.855 3.346777169661181
6.865 3.310179901790775
6.875 3.2460436916839774
6.885 3.157558334452959
6.8950000000000005 3.0488065348463147
6.905 2.9246074866530254
6.915 2.7903273010012892
6.925 2.6516660067622997
6.935 2.5144315706402405
6.945 2.384311401280077
6.955 2.2666512098280904
6.965 2.166250046704743
6.975 2.0871789919729036
6.985 2.032629511784327
6.995 2.004796044965364
