0.005 0.0
0.015 0.0
0.025 0.0
0.034999999999999996 0.0
0.045 0.0
0.055 0.0
0.065 0.0
0.07500000000000001 0.0
0.085 0.0
0.095 0.0
0.10500000000000001 0.0
0.115 0.0
0.125 0.0
0.135 0.0
0.14500000000000002 0.0
0.155 0.0
0.165 0.0
0.17500000000000002 0.0
0.185 0.0
0.195 0.0
0.20500000000000002 0.0
0.215 0.0
0.225 0.0
0.23500000000000001 0.0
0.245 0.0
0.255 0.0
0.265 0.0
0.275 0.0
0.28500000000000003 0.0
0.295 0.0
0.305 0.0
0.315 0.0
0.325 0.0
0.335 0.0
0.34500000000000003 0.0
0.35500000000000004 0.0
0.365 0.0
0.375 0.0
0.385 0.0
0.395 0.0
0.405 0.0
0.41500000000000004 0.0
0.425 0.0
0.435 0.0
0.445 0.0
0.455 0.0
0.465 0.0
0.47500000000000003 0.0
0.485 0.0
0.495 0.0
0.505 0.0
0.515 0.0
0.525 0.0
0.535 0.0
0.545 0.0
0.555 0.0
0.5650000000000001 0.0
0.5750000000000001 0.0
0.585 0.0
0.595 0.0
0.605 0.0
0.615 0.0
0.625 0.0
0.635 0.0
0.645 0.0
0.655 0.0
0.665 0.0
0.675 0.0
0.685 0.0
0.6950000000000001 0.0
0.7050000000000001 0.0
0.715 0.0
0.725 0.0
0.735 0.0
0.745 0.0
0.755 0.0
0.765 0.0
0.775 0.0
0.785 0.0
0.795 0.0
0.805 0.0
0.8150000000000001 0.0
0.8250000000000001 0.0
0.8350000000000001 0.0
0.845 0.0
0.855 0.0
0.865 0.0
0.875 0.0
0.885 0.0
0.895 0.0
0.905 0.0
0.915 0.0
0.925 0.0
0.935 0.0
0.9450000000000001 0.0
0.9550000000000001 0.0
0.965 0.0
0.975 0.0
0.985 0.0
0.995 0.0
1.005 0.0
1.015 0.0
1.025 0.0
1.035 0.0
1.045 0.0
1.055 0.0
1.065 0.0
1.075 0.0
1.085 0.0
1.095 0.0
1.105 0.0
1.115 0.0
1.125 0.0
1.135 0.0
1.145 0.0
1.155 0.0
1.1649999999999998 0.0
1.1749999999999998 0.0
1.1849999999999998 0.0
1.1949999999999998 0.0
1.2049999999999998 0.0
1.2149999999999999 0.0
1.2249999999999999 0.019799736216357538
1.2349999999999999 0.02939041542396539
1.2449999999999999 0.04319257542016427
1.255 0.06284482641158814
1.265 0.09052885278559857
1.275 0.12911049849711684
1.285 0.18230272240119536
1.295 0.2548483379806315
1.305 0.3527179098424543
1.315 0.4833150001029138
1.325 0.6556772134675684
1.335 0.8806573481982596
1.345 1.1710647014201967
1.355 1.5417426016743814
1.365 2.00955506369952
1.375 2.593253684735006
1.385 3.3131961781645494
1.395 4.1908908982926425
1.405 5.248347873013605
1.4149999999999998 6.507226549772443
1.4249999999999998 7.987783693239534
1.4349999999999998 9.707641280097523
1.4449999999999998 11.680412998358165
1.4549999999999998 13.914247792763971
1.4649999999999999 16.410368098830986
1.4749999999999999 19.161696955265576
1.4849999999999999 22.151679913771275
1.4949999999999999 25.35341249648738
1.505 28.72918015035982
1.515 32.23050409390766
1.525 35.79876287421624
1.535 39.36642659719146
1.545 42.85890049129212
1.555 46.19692956390532
1.565 49.299470282962474
1.575 52.08689263593743
1.585 54.48434083326474
1.595 56.42505718788506
1.605 57.85346431119415
1.615 58.727807455572425
1.625 59.02218181547036
1.635 58.727807455572425
1.645 57.85346431119415
1.655 56.42505718788506
1.665 54.48434083326474
1.6749999999999998 52.08689263593743
1.6849999999999998 49.299470282962474
1.6949999999999998 46.19692956390532
1.7049999999999998 42.85890049129212
1.7149999999999999 39.36642659719146
1.7249999999999999 35.79876287421624
1.7349999999999999 32.23050409390766
1.7449999999999999 28.740543650612107
1.755 25.3702802966154
1.765 22.176469074410626
1.775 19.19776497117142
1.785 16.462324580989506
1.795 13.98834712248297
1.805 11.785040504975523
1.815 9.853904297003059
1.825 8.190216191010396
1.835 6.784611564683248
1.845 5.6246553197008575
1.855 4.696319348908222
1.865 3.9852957397254167
1.875 3.478093374094967
1.885 3.162882523409403
1.895 3.0300674247288097
1.905 3.072580216326426
1.915 3.2859009968847888
1.9249999999999998 3.667818472693913
1.9349999999999998 4.217954175697031
1.9449999999999998 4.937081106477652
1.9549999999999998 5.826275296910569
1.9649999999999999 6.885946377210264
1.9749999999999999 8.11480063980586
1.9849999999999999 9.508796853606526
1.9949999999999999 11.060160437391792
2.005 12.756524588439525
2.015 14.580266555995768
2.025 16.50810252567229
2.035 18.497788930133904
2.045 20.545690432820038
2.0549999999999997 22.593250419130207
2.065 24.606261970583574
2.0749999999999997 26.52619757999214
2.085 28.312811531460127
2.0949999999999998 29.921114538506263
2.105 31.309093356594524
2.1149999999999998 32.43967974350765
2.125 33.28259021656272
2.135 33.81592196634059
2.145 34.027402371610556
2.155 33.91520990517695
2.165 33.488311161050184
2.175 32.76628992353405
2.185 31.778676867173896
2.195 30.563819738869103
2.205 29.167361060274573
2.215 27.64041134362612
2.225 26.03751912405414
2.235 24.41454423641744
2.245 22.826538053068635
2.255 21.325724987265858
2.265 19.959665181698547
2.275 18.76966099395153
2.285 17.78945174353726
2.295 17.044224035030993
2.305 16.54995018562437
2.315 16.313055620466077
2.3249999999999997 16.33040766479887
2.335 16.589612482632628
2.3449999999999998 17.069603078422205
2.355 17.741498160684763
2.3649999999999998 18.569708151722672
2.375 19.513259846236803
2.385 20.527304726531856
2.395 21.564767811983646
2.405 22.57808477288045
2.415 23.520965950290485
2.425 24.35011827090553
2.435 25.026851291339135
2.445 25.518493062054205
2.455 25.799546106063197
2.465 25.852523953769648
2.475 25.668424108057927
2.485 25.24681312198431
2.495 24.595522170442557
2.505 23.729975191503183
2.515 22.67219427683637
2.525 21.44954647380992
2.535 20.09331078905724
2.545 18.637152711877913
2.555 17.108016197550274
2.565 15.557566892496327
2.5749999999999997 14.006858985090647
2.585 12.485239881787006
2.5949999999999998 11.01818552370269
2.605 9.6267640099898
2.6149999999999998 8.327365479157333
2.625 7.131682184803443
2.635 6.046908424050791
2.645 5.0761197305179
2.655 4.2187848533797245
2.665 3.4713623922426153
2.675 2.8279360571319545
2.685 2.2808476202485983
2.695 1.8212938172872342
2.705 1.4398618005563317
2.715 1.1269863657365486
2.725 0.8733203277864522
2.735 0.6700165517126306
2.745 0.5089258947802348
2.755 0.38271952726698283
2.765 0.2849467771902891
2.775 0.2100409299245253
2.785 0.1532855338000451
2.795 0.11587482423043446
2.805 0.0868286008477543
2.815 0.06728248418895959
2.8249999999999997 0.05559920253511155
2.835 0.05072952588821802
2.8449999999999998 0.052169346457295866
2.855 0.05993101448334136
2.8649999999999998 0.07452929625582544
2.875 0.09124173477688746
2.885 0.12986986608908557
2.895 0.17680370450316304
2.905 0.23837940273126554
2.915 0.31831146466734955
2.925 0.42097345247673246
2.935 0.5514290582663924
2.945 0.7201103237528985
2.955 0.9263618624973897
2.965 1.1806117781966181
2.975 1.4907520459365364
2.985 1.8651119715676936
2.995 2.312263656264333
3.005 2.8407763086443967
3.015 3.4589230442949974
3.025 4.174347565702479
3.035 4.9937018977124215
3.045 5.922269818101613
3.055 6.963593403389043
3.065 8.11912186278187
3.075 9.387902282507389
3.085 10.766330884797798
3.0949999999999998 12.247980902436613
3.105 13.823519327194202
3.1149999999999998 15.480719916405672
3.125 17.204574379845713
3.135 18.977498150211943
3.145 20.779622118930156
3.155 22.58915769740115
3.165 24.382819921684295
3.175 26.1362922534672
3.185 27.824717222712977
3.195 29.42319886789191
3.205 30.907305628471953
3.215 32.25356537346984
3.225 33.43994700850031
3.235 34.446325044213964
3.245 35.25492422876745
3.255 35.85074066141212
3.265 36.22193378744826
3.275 36.360180660063456
3.285 36.26098039365685
3.295 35.92389351835124
3.305 35.3526987057703
3.315 34.55544872459318
3.325 33.5444089710536
3.335 32.33586570977605
3.3449999999999998 30.94979714942926
3.355 29.40940824984755
3.3649999999999998 27.740539029396608
3.375 25.970965245102846
3.385 24.12961870841869
3.395 22.245761274004433
3.405 20.34815095065346
3.415 18.464240132347857
3.425 16.619444437794975
3.435 14.836516205211613
3.445 13.135049741290343
3.455 11.531136635468094
3.465 10.037179645165967
3.475 8.661863715096079
3.485 7.410273454751899
3.495 6.284138577921708
3.505 5.282182931871988
3.515 4.400549110707991
3.525 3.6332693222307535
3.535 2.97275401025504
3.545 2.410272400019419
3.555 1.936403187654949
3.565 1.5414385295949593
3.575 1.2157297952145754
3.585 0.9499687631351064
3.5949999999999998 0.7354026887549087
3.605 0.560569528875854
3.6149999999999998 0.4262160379682739
3.625 0.3209833055982757
3.635 0.242641679533026
3.645 0.181660441660426
3.655 0.1364468552726652
3.665 0.1040041264062807
3.675 0.08201934581857961
3.685 0.06880909564181693
3.695 0.060037781062262194
3.705 0.06269852337003606
3.715 0.07203838626430843
3.725 0.08858179976352333
3.735 0.11327968022688459
3.745 0.14750551458629269
3.755 0.18993355249870209
3.765 0.25005334805112106
3.775 0.32592727944692085
3.785 0.42059664532176483
3.795 0.5373632383255631
3.805 0.6797154721527074
3.815 0.8512231263239142
3.825 1.0553991201453496
3.835 1.295528873518501
3.8449999999999998 1.5744704733016992
3.855 1.8944319069131845
3.8649999999999998 2.256734841740066
3.875 2.6615775431044737
3.885 3.1078122073045575
3.895 3.592753888606073
3.905 4.1120389826308745
3.915 4.659550612118663
3.925 5.227426062757993
3.935 5.806157592755252
3.945 6.384792611130969
3.955 6.9512326830681195
3.965 7.4926235381903785
3.975 8.001283950846084
3.985 8.458737945299822
3.995 8.85270251574554
4.005 9.174782825894049
4.015 9.416791847501527
4.025 9.573047783217612
4.035 9.64076720996532
4.045 9.62034465819178
4.055 9.515502863315016
4.065 9.333306022274995
4.075 9.084036673374316
4.085 8.780944483538724
4.095 8.439881556498907
4.1049999999999995 8.07884333351564
4.115 7.717436462844651
4.125 7.378848639273134
4.135 7.080256317729358
4.145 6.844347985109993
4.155 6.691314307428925
4.165 6.639943302406533
4.175 6.707031020122505
4.185 6.906817301234834
4.195 7.250453726727123
4.205 7.745513265854439
4.215 8.395554916685239
4.225 9.199761155048419
4.235 10.152670365877
4.245 11.244029609105954
4.255 12.458794076659444
4.265 13.777297609239499
4.275 15.175613159931462
4.285 16.62611304097094
4.295 18.09822658217867
4.305 19.55937836151562
4.315 20.976074753216263
4.325 22.31509177476688
4.335 23.544704801211
4.345 24.63589224734627
4.355 25.563442070256688
4.365 26.30689268901432
4.375 26.851248796810864
4.385 27.187427010113183
4.395 27.31240516497789
4.405 27.23133514792344
4.415 26.949146391052118
4.425 26.480643351510217
4.435 25.843090929090387
4.445 25.054601754803848
4.455 24.142401063879902
4.465 23.126547601266537
4.475 22.030312115819783
4.485 20.87619001723573
4.495 19.687477688161312
4.505 18.48018286298682
4.515 17.27317790261621
4.525 16.081831423492787
4.535 14.919552062881854
4.545 13.797979239789925
4.555 12.727233720158933
4.565 11.71618602787358
4.575 10.772705304288872
4.585 9.903858803954789
4.595 9.1160416916525
4.605 8.415027003237991
4.615 7.805935473083518
4.625 7.293133536985957
4.635 6.884199334672356
4.645 6.575225780853071
4.655 6.370241563216155
4.665 6.269088776425976
4.675 6.272052740891901
4.685 6.37262421613058
4.695 6.567124286331568
4.705 6.848874957974132
4.715 7.209678889516411
4.725 7.6400236619883755
4.735 8.12935857563235
4.745 8.666433306234374
4.755 9.239683561665544
4.765 9.837645329476791
4.775 10.449376546797902
4.785 11.061219427594395
4.795 11.671166461418622
4.805 12.271054956857247
4.815 12.853080231854921
4.825 13.414032595800744
4.835 13.952598638973239
4.845 14.469254925785656
4.855 14.966035602269903
4.865 15.446182339395879
4.875 15.913693172636808
4.885 16.372794744030518
4.895 16.827369583813308
4.905 17.28037572367462
4.915 17.73329947143603
4.925 18.185683044091007
4.935 18.633063456444596
4.945 19.074153832013856
4.955 19.498664650588623
4.965 19.896441485168218
4.975 20.255259808594538
4.985 20.56134802743477
4.995 20.800058467741213
5.005 20.956646905135905
5.015 21.01711126276792
5.025 20.96903377764776
5.035 20.80236896857803
5.045 20.510122439551843
5.055 20.088872786173166
5.065 19.539100058462182
5.075 18.865298397633296
5.085 18.075866340351478
5.095 17.182784446282263
5.105 16.20110492187853
5.115 15.148290498504636
5.125 14.04344896528432
5.135 12.906514816982913
5.145 11.757430236256656
5.155 10.615374289761197
5.165 9.499770605171246
5.175 8.423794275379262
5.185 7.401993386693424
5.195 6.445150763242878
5.205 5.561312300075383
5.215 4.7543216665193775
5.225 4.030543714298669
5.235 3.388363191575375
5.245 2.828133150221568
5.255 2.3445299491956364
5.265 1.9347646874484155
5.275 1.594235036536577
5.285 1.3179925773875105
5.295 1.101072424087018
5.305 0.9373131189848816
5.315 0.8258866212146451
5.325 0.761071697058995
5.335 0.7400183997352758
5.345 0.7605966744481352
5.355 0.8213692475590373
5.365 0.9215130476487523
5.375 1.0606964818567493
5.385 1.2389207023752753
5.395 1.4563336831690767
5.405 1.7130265422532975
5.415 2.0088220950461673
5.425 2.3430660652177613
5.435 2.7159672548389753
5.445 3.1202762545490987
5.455 3.5603958810243577
5.465 4.028234468291688
5.475 4.5187104714258854
5.485 5.024308548701249
5.495 5.541049136190217
5.505 6.060487416739871
5.515 6.571794642226154
5.525 7.067129125113151
5.535 7.537606434350552
5.545 7.97463686196982
5.555 8.370274646324992
5.565 8.717561956586247
5.575 9.010849671025813
5.585 9.246077098179793
5.595 9.420993943413631
5.605 9.535309990323443
5.615 9.590761065143488
5.625 9.591083747281171
5.635 9.541895796617982
5.645 9.45048416404196
5.655 9.325507479818466
5.665 9.176624797695226
5.675 9.014066825339146
5.685 8.848169614316514
5.695 8.688893458897361
5.705 8.545351347163983
5.715 8.425371564110378
5.725 8.335117884012085
5.735 8.280177330952826
5.745 8.260470662517454
5.755 8.276765433855532
5.765 8.326677233281586
5.775 8.405733054756581
5.785 8.507616611984819
5.795 8.624509499295167
5.805 8.747510134073968
5.815 8.867107989309673
5.825 8.973687514447201
5.835 9.058034537918953
5.845 9.113158543363463
5.855 9.13001087400017
5.865 9.104223684670085
5.875 9.032503109787458
5.885 8.913693811867308
5.895 8.74883909274342
5.905 8.54112962790279
5.915 8.295745701606496
5.925 8.019603349976292
5.935 7.722322396097423
5.945 7.411249689751221
5.955 7.097222886351254
5.965 6.790351885337748
5.975 6.499321264595681
5.985 6.235865599946589
5.995 6.006378482460224
6.005 5.817555691115224
6.015 5.674490648377823
6.025 5.580541323484349
6.035 5.537282725003881
6.045 5.544542387435907
6.055 5.59941727615136
6.065 5.701198560445823
6.075 5.843794810713584
6.085 6.021764801921106
6.095 6.228956395483387
6.105 6.460019887639769
6.115 6.706324652741916
6.125 6.962070259669563
6.135 7.220906700448955
6.1450000000000005 7.47691072894909
6.155 7.724692040391854
6.165 7.959455496105622
6.175 8.177024811026545
6.185 8.37383567537146
6.195 8.546907867880797
6.205 8.693806428153003
6.215 8.812601385928462
6.225 8.901833995435734
6.235 8.96049508589888
6.245 8.986994054012351
6.255 8.983611440335242
6.265 8.94921526114814
6.275 8.884689179136066
6.285 8.791423298731434
6.295 8.671329287917267
6.305 8.526836110941042
6.315 8.359859365458183
6.325 8.176079640970636
6.335 7.9777171572281285
6.345 7.768681617327944
6.355 7.552923466407487
6.365 7.334265298425393
6.375 7.116225135222098
6.385 6.901844570584828
6.3950000000000005 6.693535477573418
6.405 6.494087463943627
6.415 6.302620004213179
6.425 6.119928929359585
6.435 5.945252531897452
6.445 5.777115545868244
6.455 5.613472325803917
6.465 5.451893257994542
6.475 5.290887853270071
6.485 5.126247925028632
6.495 4.956542880720052
6.505 4.780135514172715
6.515 4.596104868261602
6.525 4.404386243792756
6.535 4.2058570718557196
6.545 4.001437136246042
6.555 3.7960761063150414
6.565 3.592057619593163
6.575 3.393747297673979
6.585 3.206026282549869
6.595 3.0340832753842797
6.605 2.8831878561203617
6.615 2.758456844703476
6.625 2.6646246298802057
6.635 2.6058270710455664
6.6450000000000005 2.5854070015108395
6.655 2.604853580583767
6.665 2.667549030598043
6.675 2.7722961891120477
6.685 2.9179777327913783
6.695 3.10220145970872
6.705 3.3213270160314163
6.715 3.5705338062471723
6.725 3.8450357557061485
6.735 4.1363401732978975
6.745 4.4368277573140915
6.755 4.740543270456784
6.765 5.037986671425612
6.775 5.320965865343338
6.785 5.5815761526363445
6.795 5.8136107187626225
6.805 6.008860655243254
6.815 6.162734141163412
6.825 6.271204163957423
6.835 6.331732606892059
6.845 6.343387881848167
6.855 6.306902599777226
6.865 6.224667384647694
6.875 6.100659876728445
6.885 5.940310997017026
6.8950000000000005 5.750313460362227
6.905 5.538380150199227
6.915 5.312138047116205
6.925 5.082393708328264
6.935 4.8569300905569595
6.945 4.644523493739704
6.955 4.453389414786882
6.965 4.290884539180119
6.975 4.16324037522938
6.985 4.075338158601488
6.995 4.030532946217107
