0.005 0.0
0.015 0.0
0.025 0.0
0.034999999999999996 0.0
0.045 0.0
0.055 0.0
0.065 0.0
0.07500000000000001 0.0
0.085 0.0
0.095 0.0
0.10500000000000001 0.0
0.115 0.0
0.125 0.0
0.135 0.0
0.14500000000000002 0.0
0.155 0.0
0.165 0.0
0.17500000000000002 0.0
0.185 0.0
0.195 0.0
0.20500000000000002 0.0
0.215 0.0
0.225 0.0
0.23500000000000001 0.0
0.245 0.0
0.255 0.0
0.265 0.0
0.275 0.0
0.28500000000000003 0.0
0.295 0.0
0.305 0.0
0.315 0.0
0.325 0.0
0.335 0.0
0.34500000000000003 0.0
0.35500000000000004 0.0
0.365 0.0
0.375 0.0
0.385 0.0
0.395 0.0
0.405 0.0
0.41500000000000004 0.0
0.425 0.0
0.435 0.0
0.445 0.0
0.455 0.0
0.465 0.0
0.47500000000000003 0.0
0.485 0.0
0.495 0.0
0.505 0.0
0.515 0.0
0.525 0.0
0.535 0.0
0.545 0.0
0.555 0.0
0.5650000000000001 0.0
0.5750000000000001 0.0
0.585 0.0
0.595 0.0
0.605 0.0
0.615 0.0
0.625 0.0
0.635 0.0
0.645 0.0
0.655 0.0
0.665 0.0
0.675 0.0
0.685 0.0
0.6950000000000001 0.0
0.7050000000000001 0.0
0.715 0.0
0.725 0.0
0.735 0.0
0.745 0.0
0.755 0.0
0.765 0.0
0.775 0.0
0.785 0.0
0.795 0.0
0.805 0.0
0.8150000000000001 0.0
0.8250000000000001 0.0
0.8350000000000001 0.0
0.845 0.0
0.855 0.0
0.865 0.0
0.875 0.0
0.885 0.0
0.895 0.0
0.905 0.0
0.915 0.0
0.925 0.0
0.935 0.0
0.9450000000000001 0.0
0.9550000000000001 0.0
0.965 0.0
0.975 0.0
0.985 0.0
0.995 0.0
1.005 0.0
1.015 0.0
1.025 0.0
1.035 0.0
1.045 0.0
1.055 0.0
1.065 0.0
1.075 0.0
1.085 0.0
1.095 0.0
1.105 0.0
1.115 0.0
1.125 0.0
1.135 0.0
1.145 0.0
1.155 0.0
1.1649999999999998 0.0
1.1749999999999998 0.0
1.1849999999999998 0.0
1.1949999999999998 0.0
1.2049999999999998 0.0
1.2149999999999999 0.0
1.2249999999999999 0.0
1.2349999999999999 0.0
1.2449999999999999 0.0
1.255 0.0
1.265 0.0
1.275 0.0
1.285 0.0
1.295 0.0
1.305 0.0
1.315 0.0
1.325 0.0
1.335 0.0
1.345 0.0
1.355 0.0
1.365 0.0
1.375 0.0
1.385 0.0
1.395 0.0
1.405 0.0
1.4149999999999998 0.0
1.4249999999999998 0.0
1.4349999999999998 0.0
1.4449999999999998 0.0
1.4549999999999998 0.0
1.4649999999999999 0.0
1.4749999999999999 0.0
1.4849999999999999 0.0
1.4949999999999999 0.0
1.505 0.0
1.515 0.0
1.525 0.0
1.535 0.0
1.545 0.0
1.555 0.0
1.565 0.0
1.575 0.0
1.585 0.0
1.595 0.0
1.605 0.0
1.615 0.0
1.625 0.0
1.635 0.0
1.645 0.0
1.655 0.0
1.665 0.0
1.6749999999999998 0.0
1.6849999999999998 0.0
1.6949999999999998 0.0
1.7049999999999998 0.0
1.7149999999999999 0.0
1.7249999999999999 0.0
1.7349999999999999 0.0
1.7449999999999999 0.0
1.755 0.0
1.765 0.0
1.775 0.0
1.785 0.0
1.795 0.0
1.805 0.0
1.815 0.0
1.825 0.0
1.835 0.01046674698761889
1.845 0.015536673758790571
1.855 0.022832918263477456
1.865 0.03322170004403882
1.875 0.047856324287969355
1.885 0.06825176388452286
1.895 0.09637080260448344
1.905 0.1347206369171099
1.915 0.18645749013932592
1.9249999999999998 0.2554951119610839
1.9349999999999998 0.3466110570322808
1.9449999999999998 0.4655424469121687
1.9549999999999998 0.619060668382559
1.9649999999999999 0.8150123595296913
1.9749999999999999 1.0623123550532163
1.9849999999999999 1.3708733235752706
1.9949999999999999 1.7514569759037846
2.005 2.2154332868790902
2.015 2.7744374313662923
2.025 3.439919256667458
2.035 4.222587109008808
2.045 5.1317565049883145
2.0549999999999997 6.174624057047193
2.065 7.355497546961118
2.0749999999999997 8.675023191584458
2.085 10.129459892425183
2.0949999999999998 11.710056461086369
2.105 13.402590366544127
2.1149999999999998 15.187124540937827
2.125 17.03803161557506
2.135 18.92432249499518
2.145 20.810298808883555
2.155 22.656527476324886
2.165 24.421111880812774
2.175 26.061209929105377
2.185 27.53472675768409
2.195 28.80209130351157
2.205 29.828013408562818
2.215 30.58311316300486
2.225 31.0453177283872
2.235 31.200933031087473
2.245 31.0453177283872
2.255 30.58311316300486
2.265 29.828013408562818
2.275 28.80209130351157
2.285 27.53472675768409
2.295 26.061209929105377
2.305 24.421111880812774
2.315 22.656527476324886
2.3249999999999997 20.810298808883555
2.335 18.92432249499518
2.3449999999999998 17.03803161557506
2.355 15.187124540937827
2.3649999999999998 13.402590366544127
2.375 11.710056461086369
2.385 10.129459892425183
2.395 8.675023191584458
2.405 7.355497546961118
2.415 6.174624057047193
2.425 5.1317565049883145
2.435 4.222587109008808
2.445 3.439919256667458
2.455 2.7744374313662923
2.465 2.2154332868790902
2.475 1.7514569759037846
2.485 1.3708733235752706
2.495 1.0623123550532163
2.505 0.8150123595296913
2.515 0.619060668382559
2.525 0.4655424469121687
2.535 0.3466110570322808
2.545 0.2554951119610839
2.555 0.18645749013932592
2.565 0.1347206369171099
2.5749999999999997 0.09637080260448344
2.585 0.06825176388452286
2.5949999999999998 0.05368504771643546
2.605 0.04187376495450425
2.6149999999999998 0.035548116765935854
2.625 0.034037178415033745
2.635 0.03711698310276698
2.645 0.03800805117945785
2.655 0.05366698513160695
2.665 0.07502324586860702
2.675 0.10383447144310094
2.685 0.1422801512932075
2.695 0.19302081067587357
2.705 0.25925133859375926
2.715 0.3447425858016443
2.725 0.4538641891410477
2.735 0.591580642922974
2.745 0.7634121153434072
2.755 0.9753515893215644
2.765 1.233730777930409
2.775 1.5450290788673118
2.785 1.915622684592152
2.795 2.3514748603489184
2.805 2.857773232236446
2.815 3.4385254507302183
2.8249999999999997 4.096130433907676
2.835 4.830948047095016
2.8449999999999998 5.640894946875752
2.855 6.5210977703132995
2.8649999999999998 7.46363627247491
2.875 8.4574078964084
2.885 9.488141269691745
2.895 10.538579180800475
2.905 11.588841916614832
2.915 12.61696997788835
2.925 13.599631971353073
2.935 14.512969986533221
2.945 15.333542230338809
2.955 16.03931236402124
2.965 16.61062799977387
2.975 17.031128049574598
2.985 17.288520588266405
2.995 17.375179658343274
3.005 17.288520588266405
3.015 17.031128049574598
3.025 16.61062799977387
3.035 16.03931236402124
3.045 15.333542230338809
3.055 14.512969986533221
3.065 13.599631971353073
3.075 12.61696997788835
3.085 11.588841916614832
3.0949999999999998 10.538579180800475
3.105 9.488141269691745
3.1149999999999998 8.4574078964084
3.125 7.46363627247491
3.135 6.5210977703132995
3.145 5.640894946875752
3.155 4.830948047095016
3.165 4.096130433907676
3.175 3.4385254507302183
3.185 2.857773232236446
3.195 2.3514748603489184
3.205 1.915622684592152
3.215 1.5450290788673118
3.225 1.233730777930409
3.235 0.9753515893215644
3.245 0.7634121153434072
3.255 0.591580642922974
3.265 0.4538641891410477
3.275 0.3447425858016443
3.285 0.25925133859375926
3.295 0.19302081067587357
3.305 0.1422801512932075
3.315 0.10383447144310094
3.325 0.07502324586860702
3.335 0.05366698513160695
3.3449999999999998 0.03800805117945785
3.355 0.02665023611514809
3.3649999999999998 0.018500504656243172
3.375 0.012715198502458395
3.385 0.008652064910465428
3.395 0.005828723428466103
3.405 0.0
3.415 0.0
3.425 0.0
3.435 0.0
3.445 0.0
3.455 0.0035181835792568524
3.465 0.0052223360858064255
3.475 0.007674819903080017
3.485 0.01116679706772232
3.495 0.01608592760221359
3.505 0.022941438752449514
3.515 0.0323930802611317
3.525 0.04528359509878874
3.535 0.06267388337690738
3.545 0.08587947225104031
3.555 0.11650623930074046
3.565 0.1564826009562355
3.575 0.20808462081328702
3.585 0.2739497862688899
3.5949999999999998 0.3570746372307348
3.605 0.4607911151333731
3.6149999999999998 0.5887165496298443
3.625 0.7446727259249627
3.635 0.9325705708043491
3.645 1.1562587169722032
3.655 1.4193365566655443
3.665 1.7249353108421404
3.675 2.0754739740326613
3.685 2.472400519243823
3.695 2.9159321590946345
3.705 3.404811399609306
3.715 3.9360967072480038
3.725 4.505007468209428
3.735 5.104842243656012
3.745 5.726986916152817
3.755 6.361025133139234
3.765 6.994957615336255
3.775 7.615529736648514
3.785 8.208658803724045
3.795 8.759944320484866
3.805 9.255236956888185
3.815 9.681235706961814
3.825 10.02607850366431
3.835 10.279889889371956
3.8449999999999998 10.43525052951251
3.855 10.487557440464768
3.8649999999999998 10.43525052951251
3.875 10.279889889371956
3.885 10.02607850366431
3.895 9.681235706961814
3.905 9.255236956888185
3.915 8.759944320484866
3.925 8.208658803724045
3.935 7.615529736648514
3.945 6.994957615336255
3.955 6.361025133139234
3.965 5.726986916152817
3.975 5.104842243656012
3.985 4.505007468209428
3.995 3.9360967072480038
4.005 3.404811399609306
4.015 2.9159321590946345
4.025 2.472400519243823
4.035 2.0754739740326613
4.045 1.7249353108421404
4.055 1.4193365566655443
4.065 1.1562587169722032
4.075 0.9325705708043491
4.085 0.7446727259249627
4.095 0.5887165496298443
4.1049999999999995 0.4607911151333731
4.115 0.3570746372307348
4.125 0.2739497862688899
4.135 0.20808462081328702
4.145 0.1564826009562355
4.155 0.11650623930074046
4.165 0.08587947225104031
4.175 0.06267388337690738
4.185 0.04528359509878874
4.195 0.0323930802611317
4.205 0.022941438752449514
4.215 0.01608592760221359
4.225 0.01116679706772232
4.235 0.007674819903080017
4.245 0.0052223360858064255
4.255 0.0035181835792568524
4.265 0.0
4.275 0.0
4.285 0.0
4.295 0.0
4.305 0.0
4.315 0.0
4.325 0.0
4.335 0.0
4.345 0.0023221748184896825
4.355 0.0034469995891207262
4.365 0.005065759962173563
4.375 0.007370637253479157
4.385 0.01061750621262319
4.395 0.015142481957156631
4.405 0.021381031882254563
4.415 0.029889407945932787
4.425 0.04136785658739157
4.435 0.056684690663207055
4.445 0.07689986864138013
4.455 0.10328624055174988
4.465 0.13734612071313734
4.475 0.18302035785491708
4.485 0.238952496512559
4.495 0.3089440689683645
4.505 0.39556475965479987
4.515 0.501579545505255
4.525 0.629888259239417
4.535 0.7834437405502499
4.545 0.9651487467329279
4.555 1.1777334361038196
4.565 1.425738027071069
4.575 1.7079079007328812
4.585 2.027137022037423
4.595 2.384194169594435
4.605 2.7790207508593108
4.615 3.210642097841713
4.625 3.6791867732379426
4.635 4.178600830710531
4.645 4.706546407863473
4.655 5.2585133819453524
4.665 5.829355917065034
4.675 6.41349174832141
4.685 7.00513425856835
4.695 7.598542829888686
4.705 8.188274434499398
4.715 8.769418256818856
4.725 9.337795513603876
4.735 9.890108610674085
4.745 10.424027221731993
4.755 10.938203514487029
4.765 11.432214166444949
4.775 11.906432506440863
4.785 12.361839560268777
4.795 12.799787476266873
4.805 13.22173235696688
4.815 13.628955656731657
4.825 14.022293909813396
4.835 14.401895672831976
4.845 14.767022381868701
4.855 15.11590661943131
4.865 15.445677397332148
4.875 15.752357832148995
4.885 16.030936330935557
4.895 16.275508364911932
4.905 16.47948226249195
4.915 16.635839303979584
4.925 16.73743579791241
4.935 16.77733278177073
4.945 16.74913752952784
4.955 16.647340189685245
4.965 16.46762866581076
4.975 16.207165351056965
4.985 15.86481060579159
4.995 15.441279970593996
5.005 14.939225036867015
5.015 14.363231586765306
5.025 13.719732912556552
5.035 13.01684089784608
5.045 12.264102182654998
5.055 11.472191189409251
5.065 10.654306197739135
5.075 9.819631253762328
5.085 8.981275501843877
5.095 8.150833272375456
5.105 7.339210944613523
5.115 6.55633507882793
5.125 5.810922519810623
5.135 5.110321105478226
5.145 4.460424719682411
5.155 3.8641126523616816
5.165 3.328026555337927
5.175 2.851640321435852
5.185 2.435589155852514
5.195 2.0795408808219635
5.205 1.7824022856401434
5.215 1.542523132263411
5.225 1.3578837965247361
5.235 1.2262545760927561
5.245 1.1453174251490599
5.255 1.11437902597943
5.265 1.1286549429744266
5.275 1.1870380517482353
5.285 1.2858532050799059
5.295 1.4262383120314233
5.305 1.6035840699701944
5.315 1.815168208520968
5.325 2.0578583746213353
5.335 2.328031524437812
5.345 2.621522513121588
5.355 2.933612516438031
5.365 3.2590648870466725
5.375 3.590797552326486
5.385 3.9261594061153184
5.395 4.257026386173062
5.405 4.577481691924404
5.415 4.881937670174847
5.425 5.165380588226256
5.435 5.422217440498217
5.445 5.652461064935294
5.455 5.852021785733183
5.465 6.02006433581223
5.475 6.156936569401016
5.485 6.264087657617942
5.495 6.343908924052572
5.505 6.399507756876949
5.515 6.434431084824434
5.525 6.4523597043248735
5.535 6.45679777832609
5.545 6.450782740082157
5.555 6.436639479781942
5.565 6.415799148596211
5.575 6.388697488193559
5.585 6.354760784059131
5.595 6.312479992106191
5.605 6.25956602026476
5.615 6.193172279675846
5.625 6.110165096813573
5.635 6.007418897502286
5.645 5.882111541582409
5.655 5.731995886308169
5.665 5.55562644646139
5.675 5.352524556570383
5.685 5.123271224169172
5.695 4.869523292550638
5.705 4.593954975627899
5.715 4.30013269141072
5.725 3.992335905416731
5.735 3.675340043662268
5.745 3.354179257291132
5.755 3.0339069020369194
5.765 2.719370180696782
5.775 2.41501276121099
5.785 2.1247156913578986
5.795 1.8516829899972889
5.805 1.5983743061633218
5.815 1.3664833578482891
5.825 1.1569577728319775
5.835 0.9700536408322443
5.845 0.8054166360045399
5.855 0.6621809738647341
5.865 0.5390776408842525
5.875 0.43337652498591644
5.885 0.34605818403083266
5.895 0.2735835125702327
5.905 0.21545027332855068
5.915 0.1678890748742332
5.925 0.1301767995665301
5.935 0.10087390124142215
5.945 0.07873277299653958
5.955 0.06271810981385166
5.965 0.05201883499042205
5.975 0.046053836635104435
5.985 0.04447344500340237
5.995 0.047158107844389216
6.005 0.05421514393752124
6.015 0.06597382822581445
6.025 0.08297843707179998
6.035 0.10597830890057777
6.045 0.13591350187443263
6.055 0.17389430238232448
6.065 0.22008223107335265
6.075 0.27838394392698224
6.085 0.3486265368028421
6.095 0.43224875925308026
6.105 0.5305961862823905
6.115 0.6460711699849535
6.125 0.7777110840410386
6.135 0.9269543707659733
6.1450000000000005 1.0939841740050906
6.155 1.278466128338451
6.165 1.4794788806162216
6.175 1.6954662683770598
6.185 1.924218129611502
6.195 2.162885659856293
6.205 2.4080354686487553
6.215 2.6557440720150387
6.225 2.901731622851698
6.235 3.1415304335169756
6.245 3.370680553544808
6.255 3.584941639239932
6.265 3.780507910880129
6.275 3.9542114338131444
6.285 4.103698519924521
6.295 4.227564873750625
6.305 4.325437236855726
6.315 4.39915213439534
6.325 4.448631717753466
6.335 4.477288178699232
6.345 4.488498044667244
6.355 4.486156911816382
6.365 4.474426776071159
6.375 4.457467546101315
6.385 4.439172669799554
6.3950000000000005 4.422928864864449
6.405 4.412547335639172
6.415 4.40927990737802
6.425 4.413162787046368
6.435 4.425112688482282
6.445 4.4445060193709
6.455 4.470081118766495
6.465 4.500143939439506
6.475 4.532810887503143
6.485 4.566268570470845
6.495 4.599028755395071
6.505 4.630157175567373
6.515 4.6594569008361555
6.525 4.687590603389042
6.535 4.716130876656537
6.545 4.747533370816697
6.555 4.785033410241263
6.565 4.832472464454662
6.575 4.894065902051824
6.585 4.974127493732705
6.595 5.076768884237145
6.605 5.205593590248487
6.615 5.363405000756007
6.625 5.551946476758256
6.635 5.771689184023439
6.6450000000000005 6.021680025577359
6.655 6.299458277084048
6.665 6.601045568027593
6.675 6.921009956863049
6.685 7.252601223552055
6.695 7.587951285914334
6.705 7.918330910829853
6.715 8.233574441157202
6.725 8.526221010544317
6.735 8.785612726656945
6.745 9.002878913326455
6.755 9.169968748410326
6.765 9.27997168951623
6.775 9.327396368628058
6.785 9.30952093957991
6.795 9.22372407478292
6.805 9.068960202841696
6.815 8.847889178278344
6.825 8.564301468679547
6.835 8.223740293033295
6.845 7.83330474517655
6.855 7.401397836424347
6.865 6.937433321273369
6.875 6.4515172079968055
6.885 5.955280255316952
6.8950000000000005 5.4574824445711805
6.905 4.9692352878220944
6.915 4.500389700281206
6.925 4.059276227407743
6.935 3.6561076941436186
6.945 3.2970075989269088
6.955 2.988275926065122
6.965 2.735129728847477
6.975 2.5417032235532098
6.985 2.4110650628297057
6.995 2.345242358743102
