0.005 0.0
0.015 0.0
0.025 0.0
0.034999999999999996 0.0
0.045 0.0
0.055 0.0
0.065 0.0
0.07500000000000001 0.0
0.085 0.0
0.095 0.0
0.10500000000000001 0.0
0.115 0.0
0.125 0.0
0.135 0.0
0.14500000000000002 0.0
0.155 0.0
0.165 0.0
0.17500000000000002 0.0
0.185 0.0
0.195 0.0
0.20500000000000002 0.0
0.215 0.0
0.225 0.0
0.23500000000000001 0.0
0.245 0.0
0.255 0.0
0.265 0.0
0.275 0.0
0.28500000000000003 0.0
0.295 0.0
0.305 0.0
0.315 0.0
0.325 0.0
0.335 0.0
0.34500000000000003 0.0
0.35500000000000004 0.0
0.365 0.0
0.375 0.0
0.385 0.0
0.395 0.0
0.405 0.0
0.41500000000000004 0.0
0.425 0.0
0.435 0.0
0.445 0.0
0.455 0.0
0.465 0.0
0.47500000000000003 0.0
0.485 0.0
0.495 0.0
0.505 0.0
0.515 0.0
0.525 0.0
0.535 0.0
0.545 0.0
0.555 0.0
0.5650000000000001 0.0
0.5750000000000001 0.0
0.585 0.0
0.595 0.0
0.605 0.0
0.615 0.0
0.625 0.0
0.635 0.0
0.645 0.0
0.655 0.0
0.665 0.0
0.675 0.0
0.685 0.0
0.6950000000000001 0.0
0.7050000000000001 0.0
0.715 0.0
0.725 0.0
0.735 0.0
0.745 0.0
0.755 0.0
0.765 0.0
0.775 0.0
0.785 0.0
0.795 0.0
0.805 0.0
0.8150000000000001 0.0
0.8250000000000001 0.0
0.8350000000000001 0.0
0.845 0.0
0.855 0.0
0.865 0.0
0.875 0.0
0.885 0.0
0.895 0.0
0.905 0.0
0.915 0.0
0.925 0.0
0.935 0.0
0.9450000000000001 0.0
0.9550000000000001 0.0
0.965 0.0
0.975 0.0
0.985 0.0
0.995 0.0
1.005 0.0
1.015 0.0
1.025 0.0
1.035 0.0
1.045 0.0
1.055 0.0
1.065 0.0
1.075 0.0
1.085 0.0
1.095 0.0
1.105 0.0
1.115 0.0
1.125 0.0
1.135 0.0
1.145 0.0
1.155 0.0
1.1649999999999998 0.0
1.1749999999999998 0.0
1.1849999999999998 0.0
1.1949999999999998 0.0
1.2049999999999998 0.0
1.2149999999999999 0.0
1.2249999999999999 0.0
1.2349999999999999 0.0
1.2449999999999999 0.0
1.255 0.0
1.265 0.0
1.275 0.0
1.285 0.0
1.295 0.0
1.305 0.0
1.315 0.0
1.325 0.0
1.335 0.0
1.345 0.0
1.355 0.0
1.365 0.0
1.375 0.0
1.385 0.0
1.395 0.0
1.405 0.0
1.4149999999999998 0.0
1.4249999999999998 0.0
1.4349999999999998 0.0
1.4449999999999998 0.0
1.4549999999999998 0.0
1.4649999999999999 0.0
1.4749999999999999 0.0
1.4849999999999999 0.0
1.4949999999999999 0.0
1.505 0.0
1.515 0.014257026671547747
1.525 0.021162905000783282
1.535 0.031101308272449547
1.545 0.045252136519808125
1.555 0.06518633655546432
1.565 0.09296749211888493
1.575 0.13126916172864803
1.585 0.1835064625147765
1.595 0.25397856785596873
1.605 0.34801649738816476
1.615 0.47212788181543436
1.625 0.6341274027370292
1.635 0.8432385411509945
1.645 1.1101494056559076
1.655 1.4470031230738558
1.665 1.8673019956100216
1.6749999999999998 2.3857048277813813
1.6849999999999998 3.017698956269063
1.6949999999999998 3.779132953564227
1.7049999999999998 4.685602952693097
1.7149999999999999 5.751695068896253
1.7249999999999999 6.990098208168424
1.7349999999999999 8.410615062371809
1.7449999999999999 10.01911337243333
1.755 11.816473367037146
1.765 13.797599199207605
1.775 15.950570648982358
1.785 18.256014839154727
1.795 20.68677497415321
1.805 23.207943352530403
1.815 25.777308926189676
1.825 28.346246022005612
1.835 30.861041820989104
1.845 33.26462785863194
1.855 35.4986478121209
1.865 37.505763179567104
1.875 39.232073192965736
1.885 40.62950821570468
1.895 41.65804911303351
1.905 42.28762990104359
1.915 42.4995975280172
1.9249999999999998 42.28762990104359
1.9349999999999998 41.65804911303351
1.9449999999999998 40.62950821570468
1.9549999999999998 39.232073192965736
1.9649999999999999 37.505763179567104
1.9749999999999999 35.4986478121209
1.9849999999999999 33.26462785863194
1.9949999999999999 30.861041820989104
2.005 28.346246022005612
2.015 25.777308926189676
2.025 23.207943352530403
2.035 20.68677497415321
2.045 18.256014839154727
2.0549999999999997 15.950570648982358
2.065 13.797599199207605
2.0749999999999997 11.816473367037146
2.085 10.01911337243333
2.0949999999999998 8.410615062371809
2.105 6.990098208168424
2.1149999999999998 5.751695068896253
2.125 4.685602952693097
2.135 3.779132953564227
2.145 3.017698956269063
2.155 2.3857048277813813
2.165 1.8673019956100216
2.175 1.4470031230738558
2.185 1.1101494056559076
2.195 0.8432385411509945
2.205 0.6341274027370292
2.215 0.47212788181543436
2.225 0.34801649738816476
2.235 0.25397856785596873
2.245 0.1835064625147765
2.255 0.13126916172864803
2.265 0.09296749211888493
2.275 0.06518633655546432
2.285 0.045252136519808125
2.295 0.031101308272449547
2.305 0.021162905000783282
2.315 0.014257026671547747
2.3249999999999997 0.0
2.335 0.0
2.3449999999999998 0.0
2.355 0.0
2.3649999999999998 0.0
2.375 0.0
2.385 0.0
2.395 0.0
2.405 0.0
2.415 0.0
2.425 0.0
2.435 0.0
2.445 0.00645955375903892
2.455 0.009588459480321132
2.465 0.014091337372838056
2.475 0.02050277489796797
2.485 0.029534534446452976
2.495 0.042121581660741245
2.505 0.05947524870542475
2.515 0.0831428520864635
2.525 0.11507225528191017
2.535 0.15767882923285792
2.545 0.21391104218204368
2.555 0.2873095591687549
2.565 0.3820533420989301
2.5749999999999997 0.5029849443089347
2.585 0.6556061567624233
2.5949999999999998 0.8460345837098827
2.605 1.08091181585617
2.6149999999999998 1.3672548341034623
2.625 1.7122442875709047
2.635 2.1229464504569644
2.645 2.6059699795105336
2.655 3.1670639465615698
2.665 3.8106697415664743
2.675 4.539445912400255
2.685 5.353791271847411
2.695 6.251397000667763
2.705 7.22686230222676
2.715 8.271409740340353
2.725 9.372735151948552
2.735 10.515022604367863
2.745 11.679147174801468
2.755 12.84307761109144
2.765 13.982477784127353
2.775 15.071491193607335
2.785 16.08883188400844
2.795 17.00070945353822
2.805 17.786456410478852
2.815 18.424719975597462
2.8249999999999997 18.897936246811156
2.835 19.193228974502695
2.8449999999999998 19.30311337592723
2.855 19.225959642192528
2.8649999999999998 18.966186368919896
2.875 18.534172067228024
2.885 17.945891559320323
2.895 17.22230173798044
2.905 16.388516300042788
2.915 15.472820379522634
2.925 14.50558267653327
2.935 13.51812439843212
2.945 12.541601337718408
2.955 11.605948437671685
2.965 10.738926354675469
2.975 9.965298156571693
2.985 9.30615279040151
2.995 8.778381575050132
3.005 8.394305709662515
3.015 8.161447233002747
3.025 8.082433175048623
3.035 8.155022527624764
3.045 8.37224747407752
3.055 8.722663151766017
3.065 9.190703058338556
3.075 9.75713908300458
3.085 10.399645270766849
3.0949999999999998 11.093462345962273
3.105 11.81215565128558
3.1149999999999998 12.528452823015392
3.125 13.21513991130276
3.135 13.845986731179199
3.145 14.396665107613304
3.155 14.845618464451453
3.165 15.1748388526216
3.175 15.370508675109393
3.185 15.42346931180155
3.195 15.32948740468367
3.205 15.089301131786142
3.215 14.708442410116565
3.225 14.196845402804097
3.235 13.568265631490766
3.245 12.839546122962869
3.255 12.025467878706458
3.265 11.156549494523157
3.275 10.251299024129096
3.285 9.324479894839378
3.295 8.398329299317634
3.305 7.490746246619703
3.315 6.617416982398726
3.325 5.791521293032424
3.335 5.023602570030515
3.3449999999999998 4.321591605149989
3.355 3.6909650372239735
3.3649999999999998 3.1350126126338873
3.375 2.6551831610799854
3.385 2.2514773891146462
3.395 1.9228560188411274
3.405 1.6676340751136016
3.415 1.4838358106002338
3.425 1.3694894090759964
3.435 1.322845824379577
3.445 1.3425115747331424
3.455 1.427490787993094
3.465 1.5771371324037387
3.475 1.7910213767963137
3.485 2.0687251363570467
3.495 2.4095757984408426
3.505 2.8123415728778243
3.515 3.2749089031882623
3.525 3.7939668831991242
3.535 4.364724582005062
3.545 4.9806870162349695
3.555 5.633513687323093
3.565 6.312979976747709
3.575 7.007056254693152
3.585 7.702112472067486
3.5949999999999998 8.379810000319893
3.605 9.032464386769352
3.6149999999999998 9.639075882769747
3.625 10.184075158085282
3.635 10.652826342761474
3.645 11.032276914983594
3.655 11.311560334745277
3.665 11.482512676988886
3.675 11.54006901130063
3.685 11.482512676988886
3.695 11.311560334745277
3.705 11.032276914983594
3.715 10.652826342761474
3.725 10.184075158085282
3.735 9.639075882769747
3.745 9.032464386769352
3.755 8.379810000319893
3.765 7.696958426244001
3.775 6.9994056705534895
3.785 6.3017365687286695
3.795 5.617154625184342
3.805 4.957121558063915
3.815 4.334058858676854
3.825 3.7508802384324427
3.835 3.2149894399918844
3.8449999999999998 2.7298667538239094
3.855 2.2972201420641913
3.8649999999999998 1.9172365495716852
3.875 1.588874552519262
3.885 1.3101773251594104
3.895 1.0785868208914042
3.905 0.891242826535532
3.915 0.7452537463914483
3.925 0.6379292350685783
3.935 0.566967833457646
3.945 0.5305953792246471
3.955 0.527652078199652
3.965 0.5576277534391618
3.975 0.6206460348305389
3.985 0.7173992701022546
3.995 0.8490369081857638
4.005 1.017011198733102
4.015 1.222885397096888
4.025 1.46811132538084
4.035 1.7537850961357302
4.045 2.0803919434938303
4.055 2.4475532283295163
4.065 2.853790521865428
4.075 3.2963229184632254
4.085 3.768332031661692
4.095 4.270079612319617
4.1049999999999995 4.790488893378858
4.115 5.320846842667059
4.125 5.851116347308597
4.135 6.3702102265528655
4.145 6.866348641004531
4.155 7.327485916816123
4.165 7.741786474578934
4.175 8.098124337874053
4.185 8.38657716861227
4.195 8.598884380423112
4.205 8.728839875687543
4.215 8.772593367642797
4.225 8.728839875687543
4.235 8.598884380423112
4.245 8.38657716861227
4.255 8.098124337874053
4.265 7.741786474578934
4.275 7.327485916816123
4.285 6.868730676069268
4.295 6.373746081745182
4.305 5.856312690737767
4.315 5.32840747774391
4.325 4.801380094117565
4.335 4.285612432115058
4.345 3.7902642166368685
4.355 3.3231115436994867
4.365 2.890478305303388
4.375 2.497254067584392
4.385 2.146986635392033
4.395 1.842033533781734
4.405 1.583754110018229
4.415 1.3727229164617258
4.425 1.2089453704594895
4.435 1.0920582170868265
4.445 1.0214998132918425
4.455 0.9966384617474023
4.465 1.01685071214848
4.475 1.081545501937614
4.485 1.1901340390626234
4.495 1.341949270087601
4.505 1.536122474212532
4.515 1.77359214015843
4.525 2.0493211926276973
4.535 2.3624214658549407
4.545 2.709737192039489
4.555 3.0871696633712156
4.565 3.4896074259137233
4.575 3.91091910174285
4.585 4.34401872777925
4.595 4.781008712711172
4.605 5.213399844652038
4.615 5.632401593167441
4.625 6.02730686905349
4.635 6.394396130630748
4.645 6.72334339783825
4.655 7.007960703154899
4.665 7.243611472686899
4.675 7.427497649736511
4.685 7.558853803992722
4.695 7.639029574769663
4.705 7.671448844233873
4.715 7.661442398497415
4.725 7.615959863860185
4.735 7.543175671796678
4.745 7.452011962804672
4.755 7.3516079924847375
4.765 7.250770176853052
4.775 7.159391301343836
4.785 7.081106376307025
4.795 7.022188941947018
4.805 6.985625619839425
4.815 6.972276139425818
4.825 6.980873677584263
4.835 7.0081676695425115
4.845 7.049199165385999
4.855 7.0976895938018565
4.865 7.14651599019764
4.875 7.188239911360367
4.885 7.21565379865586
4.895 7.222307686494518
4.905 7.202980903173819
4.915 7.154067600735006
4.925 7.0738512234961375
4.935 6.962650879460115
4.945 6.82283141100256
4.955 6.65867811737241
4.965 6.477962380965304
4.975 6.285196948431805
4.985 6.089839115961631
4.995 5.90054489114039
5.005 5.725871159307276
5.015 5.575560554132447
5.025 5.453816720748415
5.035 5.367404531148717
5.045 5.320203793843259
5.055 5.314223991713324
5.065 5.349550025127707
5.075 5.424410177045665
5.085 5.535360545637067
5.095 5.675984053496579
5.105 5.844156469824041
5.115 6.031148111592611
5.125 6.23046417159191
5.135 6.435924201140633
5.145 6.642087434765914
5.155 6.8446119943363914
5.165 7.040521927028845
5.175 7.228361878561504
5.185 7.4082267169710185
5.195 7.581662151442888
5.205 7.751441751671496
5.215 7.921235087224627
5.225 8.095190251176158
5.235 8.277461103443676
5.245 8.471714545381076
5.255 8.68065554155806
5.265 8.905607156836602
5.275 9.146179527434905
5.285 9.400055629204605
5.295 9.662913375969831
5.305 9.92849360989484
5.315 10.188812719646354
5.325 10.433064261384914
5.335 10.654339178374434
5.345 10.839869317979721
5.355 10.979223388849118
5.365 11.062733161518679
5.375 11.08204845329124
5.385 11.030620503823542
5.395 10.90408324635148
5.405 10.70050973146083
5.415 10.42053019671672
5.425 10.067308206965407
5.435 9.646381095806916
5.445 9.165379841464713
5.455 8.63365084532422
5.465 8.061807351708893
5.475 7.4612411602851525
5.485 6.843625764567369
5.495 6.2204402404824215
5.505 5.602539432105452
5.515 4.9997907032609685
5.525 4.4207912967202265
5.535 3.872673749024721
5.545 3.361000402920564
5.555 2.8897423197911687
5.565 2.4613331886933327
5.575 2.0767853916765904
5.585 1.734551175191368
5.595 1.4363683997287455
5.605 1.1781875950678062
5.615 0.9572556570765802
5.625 0.7703733750855106
5.635 0.6140861314850117
5.645 0.4848493794867474
5.655 0.3791654234880675
5.665 0.2936903780588987
5.675 0.22531214256711846
5.685 0.17120173136891653
5.695 0.12884132829365794
5.705 0.09603301512062129
5.715 0.07089231403015865
5.725 0.051830559688544095
5.735 0.03752976156838677
5.745 0.026913113684284628
5.755 0.019113731062232044
5.765 0.013443601025402823
5.775 0.008152636382656711
5.785 0.005659532872666253
5.795 0.0038897362663485886
5.805 0.0026467735171049524
5.815 0.0017830784868861289
5.825 0.0013492384239083834
5.835 0.002002788186232654
5.845 0.002943326201300644
5.855 0.00428251435331324
5.865 0.006169021916047805
5.875 0.008798139712505853
5.885 0.012422884585885976
5.895 0.018685850440032646
5.905 0.025994195959484653
5.915 0.035813375245323825
5.925 0.048868441551707484
5.935 0.06604433208532282
5.945 0.08840489868216118
5.955 0.11720905008823201
5.965 0.15392201981770365
5.975 0.20021948316198362
5.985 0.2579820539105471
5.995 0.32927764340276217
6.005 0.41632930851535244
6.015 0.521466591625048
6.025 0.6470589924212902
6.035 0.7954311177174943
6.045 0.9687602156062248
6.055 1.168958170313325
6.065 1.397541539655053
6.075 1.6554947552801362
6.085 1.9431330507855111
6.095 2.2599728938260135
6.105 2.604618532640412
6.115 2.9746735940477995
6.125 3.3666863849787405
6.135 3.7761365902400943
6.1450000000000005 4.1974694154636225
6.155 4.6241809460456995
6.165 5.04895569200694
6.175 5.4650635503534195
6.185 5.8623400288867575
6.195 6.23321044845191
6.205 6.56948761823175
6.215 6.863488669956478
6.225 7.10834206417757
6.235 7.300651067870274
6.245 7.43239734916391
6.255 7.502452656957817
6.265 7.509862598804842
6.275 7.45552470084872
6.285 7.3422124160848075
6.295 7.174528364279878
6.305 6.958789444586753
6.315 6.702849735665286
6.325 6.415869798710458
6.335 6.108042957027415
6.345 5.790290249199928
6.355 5.473936033806682
6.365 5.170375738352767
6.375 4.890746143841555
6.385 4.645607084959088
6.3950000000000005 4.4446417603629085
6.405 4.296381225603978
6.415 4.207957291809579
6.425 4.184887129845855
6.435 4.23089245910507
6.445 4.3477562706403505
6.455 4.535220494923242
6.465 4.79092869509623
6.475 5.110418510305239
6.485 5.487168927269368
6.495 5.912707268316007
6.505 6.376779844716745
6.515 6.867588410809935
6.525 7.372091850112714
6.535 7.876369034109081
6.545 8.366034743682606
6.555 8.826696263809932
6.565 9.244434160949691
6.575 9.606287269642014
6.585 9.900719474436515
6.595 10.118044833201107
6.605 10.250788193532646
6.615 10.293960802991307
6.625 10.24523443601316
6.635 10.104103105398682
6.6450000000000005 9.875732963485198
6.655 9.564376009882807
6.665 9.177842843105719
6.675 8.725792707935419
6.685 8.219304021095864
6.695 7.670401097610477
6.705 7.090683843997139
6.715 6.494666014102598
6.725 5.89305433032876
6.735 5.297000044565702
6.745 4.716463137977147
6.755 4.159977142378476
6.765 3.6344999369422544
6.775 3.1453495425674114
6.785 2.696218844776822
6.795 2.2892590575161225
6.805 1.9252188095285976
6.815 1.603624079324252
6.825 1.3229837902869415
6.835 1.0810065675121057
6.845 0.8748157397262046
6.855 0.7011518850531667
6.865 0.5565547962884203
6.875 0.4375194212469242
6.885 0.34062289384288924
6.8950000000000005 0.26262203924384053
6.905 0.2005225962481896
6.915 0.15162279342568571
6.925 0.11353483502579682
6.935 0.0841883318679836
6.945 0.061819814302310344
6.955 0.044952268790797896
6.965 0.03474351655789626
6.975 0.026605277501806093
6.985 0.020670414504844015
6.995 0.018399541291183298
