0.005 0.0
0.015 0.0
0.025 0.0
0.034999999999999996 0.0
0.045 0.0
0.055 0.0
0.065 0.0
0.07500000000000001 0.0
0.085 0.0
0.095 0.0
0.10500000000000001 0.0
0.115 0.0
0.125 0.0
0.135 0.0
0.14500000000000002 0.0
0.155 0.0
0.165 0.0
0.17500000000000002 0.0
0.185 0.0
0.195 0.0
0.20500000000000002 0.0
0.215 0.0
0.225 0.0
0.23500000000000001 0.0
0.245 0.0
0.255 0.0
0.265 0.0
0.275 0.0
0.28500000000000003 0.0
0.295 0.0
0.305 0.0
0.315 0.0
0.325 0.0
0.335 0.0
0.34500000000000003 0.0
0.35500000000000004 0.0
0.365 0.0
0.375 0.0
0.385 0.0
0.395 0.0
0.405 0.0
0.41500000000000004 0.0
0.425 0.0
0.435 0.0
0.445 0.0
0.455 0.0
0.465 0.0
0.47500000000000003 0.0
0.485 0.0
0.495 0.0
0.505 0.0
0.515 0.0
0.525 0.0
0.535 0.0
0.545 0.0
0.555 0.0
0.5650000000000001 0.0
0.5750000000000001 0.0
0.585 0.0
0.595 0.0
0.605 0.0
0.615 0.0
0.625 0.0
0.635 0.0
0.645 0.0
0.655 0.0
0.665 0.0
0.675 0.0
0.685 0.0
0.6950000000000001 0.0
0.7050000000000001 0.0
0.715 0.0
0.725 0.0
0.735 0.0
0.745 0.0
0.755 0.0
0.765 0.0
0.775 0.0
0.785 0.0
0.795 0.0
0.805 0.0
0.8150000000000001 0.0
0.8250000000000001 0.0
0.8350000000000001 0.0
0.845 0.0
0.855 0.0
0.865 0.0
0.875 0.0
0.885 0.0
0.895 0.0
0.905 0.0
0.915 0.0
0.925 0.0
0.935 0.0
0.9450000000000001 0.0
0.9550000000000001 0.0
0.965 0.0
0.975 0.0
0.985 0.0
0.995 0.0
1.005 0.0
1.015 0.0
1.025 0.0
1.035 0.0
1.045 0.0
1.055 0.0
1.065 0.0
1.075 0.0
1.085 0.0
1.095 0.0
1.105 0.0
1.115 0.0
1.125 0.0
1.135 0.0
1.145 0.0
1.155 0.0
1.1649999999999998 0.0
1.1749999999999998 0.0
1.1849999999999998 0.0
1.1949999999999998 0.0
1.2049999999999998 0.0
1.2149999999999999 0.0
1.2249999999999999 0.0
1.2349999999999999 0.0
1.2449999999999999 0.0
1.255 0.0
1.265 0.0
1.275 0.0
1.285 0.0
1.295 0.0
1.305 0.0
1.315 0.0
1.325 0.0
1.335 0.0
1.345 0.01717020397503721
1.355 0.025487179335432656
1.365 0.037456323764490644
1.375 0.054498629500493584
1.385 0.07850603922039513
1.395 0.11196379438039072
1.405 0.15809174903285417
1.4149999999999998 0.22100284054348168
1.4249999999999998 0.30587470416097606
1.4349999999999998 0.41912766136279445
1.4449999999999998 0.5685990648562924
1.4549999999999998 0.7637003915328542
1.4649999999999999 1.0155397815218918
1.4749999999999999 1.3369892739219331
1.4849999999999999 1.7426732339132782
1.4949999999999999 2.24885292608753
1.505 2.8731824286326018
1.515 3.634313648146644
1.525 4.551333539340169
1.535 5.643025035811561
1.545 6.926954673673426
1.555 8.4184041178317
1.565 10.129179071022026
1.575 12.066346245744068
1.585 14.23096573021958
1.595 16.6169004291051
1.605 19.209794431249165
1.615 21.986316346391707
1.625 24.91376035655164
1.635 27.950085974048065
1.645 31.044457051729367
1.655 34.138312099516185
1.665 37.16696301101972
1.6749999999999998 40.06168036609349
1.6849999999999998 42.7521837346717
1.6949999999999998 45.16941848174971
1.7049999999999998 47.24847014778589
1.7149999999999999 48.93144689567772
1.7249999999999999 50.17015237127649
1.7349999999999999 50.92837712584406
1.7449999999999999 51.18365667852279
1.755 50.92837712584406
1.765 50.17015237127649
1.775 48.93144689567772
1.785 47.24847014778589
1.795 45.16941848174971
1.805 42.7521837346717
1.815 40.06168036609349
1.825 37.16696301101972
1.835 34.138312099516185
1.845 31.044457051729367
1.855 27.950085974048065
1.865 24.91376035655164
1.875 21.986316346391707
1.885 19.209794431249165
1.895 16.6169004291051
1.905 14.23096573021958
1.915 12.066346245744068
1.9249999999999998 10.129179071022026
1.9349999999999998 8.4184041178317
1.9449999999999998 6.926954673673426
1.9549999999999998 5.643025035811561
1.9649999999999999 4.551333539340169
1.9749999999999999 3.634313648146644
1.9849999999999999 2.8731824286326018
1.9949999999999999 2.24885292608753
2.005 1.7426732339132782
2.015 1.3369892739219331
2.025 1.0155397815218918
2.035 0.7637003915328542
2.045 0.5685990648562924
2.0549999999999997 0.41912766136279445
2.065 0.30587470416097606
2.0749999999999997 0.22100284054348168
2.085 0.15809174903285417
2.0949999999999998 0.11196379438039072
2.105 0.07850603922039513
2.1149999999999998 0.054498629500493584
2.125 0.037456323764490644
2.135 0.025487179335432656
2.145 0.01717020397503721
2.155 0.0
2.165 0.0
2.175 0.0
2.185 0.0
2.195 0.0
2.205 0.0
2.215 0.0
2.225 0.0
2.235 0.0
2.245 0.0
2.255 0.0
2.265 0.0
2.275 0.0
2.285 0.0
2.295 0.0
2.305 0.0
2.315 0.0
2.3249999999999997 0.0
2.335 0.0
2.3449999999999998 0.0
2.355 0.0
2.3649999999999998 0.0
2.375 0.0
2.385 0.0
2.395 0.0
2.405 0.0
2.415 0.0
2.425 0.0
2.435 0.0
2.445 0.0
2.455 0.0
2.465 0.0
2.475 0.0
2.485 0.0
2.495 0.0
2.505 0.0
2.515 0.0
2.525 0.0
2.535 0.0
2.545 0.0
2.555 0.0
2.565 0.0
2.5749999999999997 0.0
2.585 0.0
2.5949999999999998 0.0
2.605 0.0
2.6149999999999998 0.0
2.625 0.0
2.635 0.0
2.645 0.0
2.655 0.0
2.665 0.0
2.675 0.0
2.685 0.0
2.695 0.0
2.705 0.0
2.715 0.0
2.725 0.0
2.735 0.0
2.745 0.0
2.755 0.0
2.765 0.0
2.775 0.0
2.785 0.0
2.795 0.0
2.805 0.0
2.815 0.0
2.8249999999999997 0.0
2.835 0.0
2.8449999999999998 0.0
2.855 0.0
2.8649999999999998 0.0
2.875 0.0
2.885 0.0
2.895 0.0
2.905 0.0
2.915 0.0
2.925 0.0
2.935 0.0
2.945 0.0
2.955 0.0
2.965 0.0
2.975 0.0
2.985 0.0
2.995 0.0
3.005 0.0
3.015 0.0
3.025 0.0
3.035 0.0
3.045 0.0
3.055 0.0
3.065 0.0
3.075 0.0
3.085 0.0
3.0949999999999998 0.0
3.105 0.0
3.1149999999999998 0.0
3.125 0.0
3.135 0.0
3.145 0.0
3.155 0.0
3.165 0.0
3.175 0.0
3.185 0.0
3.195 0.0
3.205 0.0
3.215 0.0
3.225 0.0
3.235 0.0
3.245 0.0
3.255 0.0
3.265 0.0
3.275 0.0
3.285 0.0
3.295 0.0
3.305 0.0
3.315 0.0
3.325 0.0
3.335 0.0
3.3449999999999998 0.0
3.355 0.0
3.3649999999999998 0.0
3.375 0.0
3.385 0.0
3.395 0.0
3.405 0.0
3.415 0.0
3.425 0.003573587161466379
3.435 0.008859551057876714
3.445 0.013072629629559088
3.455 0.019097728201501296
3.465 0.02762281842703731
3.475 0.03955686070451364
3.485 0.056084546829575366
3.495 0.07872854013953148
3.505 0.10941800347178618
3.515 0.15056117502458843
3.525 0.2051185055858128
3.535 0.27667145081091865
3.545 0.3694804999732294
3.555 0.48852454043460286
3.565 0.639512369716362
3.575 0.8288562759767979
3.585 1.0635973387916384
3.5949999999999998 1.351272685657968
3.605 1.6997165830690113
3.6149999999999998 2.1167900962165387
3.625 2.6100381793230123
3.635 3.186278395788937
3.645 3.8511317994504006
3.655 4.608513456694135
3.665 5.460107115852318
3.675 6.404854964317035
3.685 7.438498501781675
3.695 8.553209535940589
3.705 9.737350488389431
3.715 10.975400069736557
3.725 12.248073693944036
3.735 13.532657838783177
3.745 14.803564386204512
3.755 16.033095636151206
3.765 17.192394354433212
3.775 18.255536839867762
3.785 19.19315440267757
3.795 19.977418249648544
3.805 20.588733726733146
3.815 21.010163497819022
3.825 21.230298262458618
3.835 21.243896816555758
3.8449999999999998 21.052245725923243
3.855 20.663216449263658
3.8649999999999998 20.09101805843845
3.875 19.355663831027595
3.885 18.482188102899173
3.895 17.499664268724636
3.905 16.440084518931727
3.915 15.337166154495844
3.925 14.225148078948145
3.935 13.13763487104011
3.945 12.106535737322483
3.955 11.16113303891192
3.965 10.327301567426016
3.975 9.626886878510232
3.985 9.077240136139409
3.995 8.690899070814572
4.005 8.475400333875163
4.015 8.433207749817642
4.025 8.5617432506912
4.035 8.853511737910221
4.045 9.296316601564932
4.055 9.873567872396066
4.065 10.564688791718552
4.075 11.345627996462
4.085 12.189482931825072
4.095 13.06723537476774
4.1049999999999995 13.948592407048576
4.115 14.802916588922564
4.125 15.600218576529713
4.135 16.312175331356997
4.145 16.91312876559758
4.155 17.381014395055864
4.165 17.698168276381182
4.175 17.8519637075366
4.185 17.835236887983143
4.195 17.646472471422612
4.205 17.289734737529763
4.215 16.77434664134326
4.225 16.114335745753987
4.235 15.325297949585174
4.245 14.431465573502829
4.255 13.458002521848664
4.265 12.425637287844623
4.275 11.358595504138112
4.285 10.280127149299044
4.295 9.211709291759238
4.305 8.172404249548526
4.315 7.1783946566249845
4.325 6.242703215060546
4.335 5.375092036951953
4.345 4.5821254261438735
4.355 3.8696838422402267
4.365 3.2351443552931585
4.375 2.678772322437868
4.385 2.1974681056679417
4.395 1.7867643386016656
4.405 1.4412700714536797
4.415 1.1550835426437538
4.425 0.9221586734105803
4.435 0.7366159176456017
4.445 0.5929930421742727
4.455 0.4864354538252519
4.465 0.41282866884870756
4.475 0.3710773941419778
4.485 0.35759337773734307
4.495 0.3690523788723214
4.505 0.40858992707590985
4.515 0.4732294825285923
4.525 0.565604862323639
4.535 0.6875774575206431
4.545 0.8415766139604018
4.555 1.0304769309628308
4.565 1.2574647140637931
4.575 1.5258967281646427
4.585 1.8371542660644422
4.595 2.197188834213822
4.605 2.6107574577193304
4.615 3.0776489836757186
4.625 3.6000767693085867
4.635 4.181664618281119
4.645 4.820118384578672
4.655 5.516977443383373
4.665 6.271602201591339
4.675 7.082516166333027
4.685 7.9473769295599075
4.695 8.862946033431546
4.705 9.825052683212697
4.715 10.828548041008688
4.725 11.869240332973844
4.735 12.936834972746233
4.745 14.026323680684765
4.755 15.125242033309995
4.765 16.224391713142246
4.775 17.312175332401374
4.785 18.376032814697048
4.795 19.402642072741635
4.805 20.378210355221842
4.815 21.28885754627323
4.825 22.121083275746983
4.835 22.862299488999938
4.845 23.501400264127554
4.855 24.029332365732213
4.865 24.43962442717807
4.875 24.728830669312355
4.885 24.896847243639897
4.895 24.947065731932163
4.905 24.886338658074592
4.915 24.724745232868468
4.925 24.475160754540816
4.935 24.152648694682213
4.945 23.77370901631882
4.955 23.355428311248424
4.965 22.914585782758365
4.975 22.46677319026177
4.985 22.027389311192675
4.995 21.604616747504828
5.005 21.207486346882632
5.015 20.840349263573415
5.025 20.50398841434955
5.035 20.195748129677856
5.045 19.909872590343728
5.055 19.638027835736636
5.065 19.369971065252724
5.075 19.094322673820514
5.085 18.799391331271718
5.095 18.47400056817508
5.105 18.10826669706859
5.115 17.694282232064968
5.125 17.226665883081143
5.135 16.702949192623713
5.145 16.123780368093694
5.155 15.492937198696339
5.165 14.815610132647683
5.175 14.104747785574478
5.185 13.369563692465926
5.195 12.623060556402915
5.205 11.879033248385188
5.215 11.151347429074324
5.225 10.453224759359546
5.235 9.796576368449726
5.245 9.191422075125551
5.255 8.64542656020784
5.265 8.16357572361297
5.275 7.748007374517091
5.285 7.396533461064567
5.295 7.107689915823224
5.305 6.8768997173368955
5.315 6.69274732995091
5.325 6.549276554211211
5.335 6.434026268314596
5.345 6.336261182904985
5.355 6.245377200822055
5.365 6.151436529005265
5.375 6.0456322142935655
5.385 5.920660403321415
5.395 5.770985258453694
5.405 5.5929887650638
5.415 5.385005120587593
5.425 5.1472464813067855
5.435 4.881633076307396
5.445 4.5901701160075055
5.455 4.2806134816501125
5.465 3.956325102970383
5.475 3.6231831491972164
5.485 3.287189359478048
5.495 2.954167591154918
5.505 2.629506000924412
5.515 2.317953042372555
5.525 2.0234726612374305
5.535 1.7478318014364398
5.545 1.4963339289631419
5.555 1.267057413721728
5.565 1.0636402416663788
5.575 0.8839959613264378
5.585 0.7273825145609407
5.595 0.5925602134916569
5.605 0.47792436798134535
5.615 0.3816303591734289
5.625 0.30170583729585726
5.635 0.23614652806553013
5.645 0.18299384053420872
5.655 0.14039396326677786
5.665 0.10663934076651468
5.675 0.08019430432764107
5.685 0.059707192706782854
5.695 0.04401156736347498
5.705 0.03211915220100715
5.715 0.02320696604102063
5.725 0.016600826677832543
5.735 0.01175704333763225
5.745 0.008243726559000008
5.755 0.005722767368011653
5.765 0.00393319665704924
5.775 0.0026763461676069106
5.785 0.0018030009912369809
5.795 0.0
5.805 0.0
5.815 0.0
5.825 0.0
5.835 0.0
5.845 0.0
5.855 0.0
5.865 0.0
5.875 0.0
5.885 0.0
5.895 0.0
5.905 0.0
5.915 0.0
5.925 0.0
5.935 0.0
5.945 0.0
5.955 0.0
5.965 0.0
5.975 0.0
5.985 0.0
5.995 0.0
6.005 0.0
6.015 0.0
6.025 0.0
6.035 0.0
6.045 0.0
6.055 0.0
6.065 0.0
6.075 0.0
6.085 0.0
6.095 0.0
6.105 0.0
6.115 0.0
6.125 0.0
6.135 0.0
6.1450000000000005 0.0
6.155 0.0
6.165 0.0
6.175 0.0
6.185 0.0
6.195 0.0
6.205 0.0
6.215 0.0
6.225 0.0
6.235 0.0
6.245 0.002368140410142065
6.255 0.003515230186695849
6.265 0.005166032625530451
6.275 0.007516533117784331
6.285 0.011997613974332352
6.295 0.017178859752016513
6.305 0.024356449900827044
6.315 0.034194470457759224
6.325 0.04753594180010948
6.335 0.06658833975513273
6.345 0.09205426549465683
6.355 0.12460972148292349
6.365 0.16707194412143664
6.375 0.22187584681465358
6.385 0.2918659294395909
6.3950000000000005 0.3803087378295472
6.405 0.49088764508586347
6.415 0.6276750830427623
6.425 0.795077568923163
6.435 0.9977495236009476
6.445 1.2404730185246065
6.455 1.5280022371809765
6.465 1.8648735665427087
6.475 2.2551847629366546
6.485 2.7023494273977273
6.495 3.208835887193395
6.505 3.775902279953839
6.515 4.403341917118044
6.525 5.089254605093924
6.535 5.830947404413729
6.545 6.620984695887577
6.555 7.453387807776077
6.565 8.316722694563424
6.575 9.200096689156553
6.585 10.090258508946345
6.595 10.972642258557727
6.605 11.831776881016555
6.615 12.651768133034784
6.625 13.41683412598594
6.635 14.111871254642661
6.6450000000000005 14.72410519850805
6.655 15.239837585705901
6.665 15.651172846464792
6.675 15.94949100746544
6.685 16.131666586290468
6.695 16.19713325987467
6.705 16.148690329335146
6.715 15.992447450978451
6.725 15.737632564190474
6.735 15.3962695756633
6.745 14.982738800878998
6.755 14.513239008702307
6.765 14.005174858586571
6.775 13.47649729417033
6.785 12.945026842308591
6.795 12.427790604792936
6.805 11.94040293861172
6.815 11.496517405735869
6.825 11.107373640127875
6.835 10.781457536276715
6.845 10.524286917621735
6.855 10.339477208169603
6.865 10.22589937122839
6.875 10.179263647506685
6.885 10.194557453410129
6.8950000000000005 10.263848094092793
6.905 10.377491506436055
6.915 10.525785827404325
6.925 10.695361657309961
6.935 10.875250882743865
6.945 11.05398354345007
6.955 11.223180971103426
6.965 11.369623487969598
6.975 11.486854029875138
6.985 11.568600828926598
6.995 11.610566152732282
