0.005 0.0
0.015 0.0
0.025 0.0
0.034999999999999996 0.0
0.045 0.0
0.055 0.0
0.065 0.0
0.07500000000000001 0.0
0.085 0.0
0.095 0.0
0.10500000000000001 0.0
0.115 0.0
0.125 0.0
0.135 0.0
0.14500000000000002 0.0
0.155 0.0
0.165 0.0
0.17500000000000002 0.0
0.185 0.0
0.195 0.0
0.20500000000000002 0.0
0.215 0.0
0.225 0.0
0.23500000000000001 0.0
0.245 0.0
0.255 0.0
0.265 0.0
0.275 0.0
0.28500000000000003 0.0
0.295 0.0
0.305 0.0
0.315 0.0
0.325 0.0
0.335 0.0
0.34500000000000003 0.0
0.35500000000000004 0.0
0.365 0.0
0.375 0.0
0.385 0.0
0.395 0.0
0.405 0.0
0.41500000000000004 0.0
0.425 0.0
0.435 0.0
0.445 0.0
0.455 0.0
0.465 0.0
0.47500000000000003 0.0
0.485 0.0
0.495 0.0
0.505 0.0
0.515 0.0
0.525 0.0
0.535 0.0
0.545 0.0
0.555 0.0
0.5650000000000001 0.0
0.5750000000000001 0.0
0.585 0.0
0.595 0.0
0.605 0.0
0.615 0.0
0.625 0.0
0.635 0.0
0.645 0.0
0.655 0.0
0.665 0.0
0.675 0.0
0.685 0.0
0.6950000000000001 0.0
0.7050000000000001 0.0
0.715 0.0
0.725 0.0
0.735 0.0
0.745 0.0
0.755 0.0
0.765 0.0
0.775 0.0
0.785 0.0
0.795 0.0
0.805 0.0
0.8150000000000001 0.0
0.8250000000000001 0.0
0.8350000000000001 0.0
0.845 0.0
0.855 0.0
0.865 0.0
0.875 0.0
0.885 0.0
0.895 0.0
0.905 0.0
0.915 0.0
0.925 0.0
0.935 0.0
0.9450000000000001 0.0
0.9550000000000001 0.0
0.965 0.0
0.975 0.0
0.985 0.0
0.995 0.0
1.005 0.0
1.015 0.0
1.025 0.0
1.035 0.0
1.045 0.0
1.055 0.0
1.065 0.0
1.075 0.0
1.085 0.0
1.095 0.0
1.105 0.0
1.115 0.0
1.125 0.0
1.135 0.0
1.145 0.0
1.155 0.0
1.1649999999999998 0.0
1.1749999999999998 0.0
1.1849999999999998 0.0
1.1949999999999998 0.0
1.2049999999999998 0.0
1.2149999999999999 0.0
1.2249999999999999 0.0
1.2349999999999999 0.0
1.2449999999999999 0.0
1.255 0.0
1.265 0.0
1.275 0.0
1.285 0.0
1.295 0.0
1.305 0.0
1.315 0.0
1.325 0.0
1.335 0.0
1.345 0.0
1.355 0.0
1.365 0.0
1.375 0.0
1.385 0.0
1.395 0.0
1.405 0.0
1.4149999999999998 0.0
1.4249999999999998 0.0
1.4349999999999998 0.0
1.4449999999999998 0.0
1.4549999999999998 0.0
1.4649999999999999 0.0
1.4749999999999999 0.0
1.4849999999999999 0.0
1.4949999999999999 0.0
1.505 0.0
1.515 0.0
1.525 0.0
1.535 0.0
1.545 0.0
1.555 0.0
1.565 0.0
1.575 0.0
1.585 0.0
1.595 0.0
1.605 0.0
1.615 0.0
1.625 0.0
1.635 0.012625186565384432
1.645 0.018740627345083753
1.655 0.027541494339126633
1.665 0.04007263780918504
1.6749999999999998 0.05772519610762097
1.6849999999999998 0.08232655795329366
1.6949999999999998 0.11624426995098595
1.7049999999999998 0.16250255951518575
1.7149999999999999 0.22490852241932807
1.7249999999999999 0.30818299695866486
1.7349999999999999 0.4180887591755157
1.7449999999999999 0.5615460327190741
1.755 0.7467225913520835
1.765 0.9830831971316576
1.775 1.2813810909086352
1.785 1.653573119529829
1.795 2.1126402604540013
1.805 2.6722971906264066
1.815 3.3465784762371498
1.825 4.149295137893184
1.835 5.0933637836937296
1.845 6.190020964511893
1.855 7.447947369277732
1.865 8.872339125180064
1.875 10.463975711111209
1.885 12.218344543889664
1.895 14.124889775904835
1.905 16.166455923430878
1.915 18.318994521208733
1.9249999999999998 20.551593356369942
1.9349999999999998 22.82687280063592
1.9449999999999998 25.10177281005647
1.9549999999999998 27.328728462694304
1.9649999999999999 29.45720327376791
1.9749999999999999 31.43552030672101
1.9849999999999999 33.212903947506994
1.9949999999999999 34.74162283756452
2.005 35.97910932626491
2.015 36.88992481522091
2.025 37.44744463262236
2.035 37.63515072997464
2.045 37.44744463262236
2.0549999999999997 36.88992481522091
2.065 35.97910932626491
2.0749999999999997 34.74162283756452
2.085 33.212903947506994
2.0949999999999998 31.43552030672101
2.105 29.45720327376791
2.1149999999999998 27.328728462694304
2.125 25.10177281005647
2.135 22.82687280063592
2.145 20.551593356369942
2.155 18.318994521208733
2.165 16.166455923430878
2.175 14.124889775904835
2.185 12.218344543889664
2.195 10.471739831194386
2.205 8.883864062287945
2.215 7.4648845819051814
2.225 6.214664463472395
2.235 5.128863089156143
2.245 4.199923560584108
2.255 3.418065298725407
2.265 2.772231506793971
2.275 2.25095241661504
2.285 1.8430966393280304
2.295 1.5384934365246201
2.305 1.3284175656721429
2.315 1.2059351216425276
2.3249999999999997 1.1661134151300208
2.335 1.2061006123551903
2.3449999999999998 1.3250820502799574
2.355 1.524120426320484
2.3649999999999998 1.8058870892019125
2.375 2.1742920479159578
2.385 2.634021579987731
2.395 3.1899947937966613
2.405 3.846754292528445
2.415 4.607811056993148
2.425 5.474969414921427
2.435 6.447663872747919
2.445 7.5139241519405005
2.455 8.686393647635805
2.465 9.94189705307477
2.475 11.265645266241316
2.485 12.638628181304178
2.495 14.03785842131518
2.505 15.436855320005773
2.515 16.806367843044256
2.525 18.115317531954535
2.535 19.331924583810462
2.545 20.424963482639406
2.555 21.36508084045899
2.565 22.12609879847655
2.5749999999999997 22.686223656295404
2.585 23.029082020299647
2.5949999999999998 23.144515774299258
2.605 23.03487201481175
2.6149999999999998 22.69481823261469
2.625 22.138729510922094
2.635 21.383458418627765
2.645 20.451436641427385
2.655 19.3696800907316
2.665 18.168627927139124
2.675 16.88089259742496
2.685 15.539999863952856
2.695 14.179193193033084
2.705 12.830366466410863
2.715 11.52317401093741
2.725 10.284348998921425
2.735 9.137242139011033
2.745 8.10157404098192
2.755 7.193378314500697
2.765 6.430319048959841
2.775 5.813550403550543
2.785 5.3528307511834665
2.795 5.051730404139656
2.805 4.911409746997933
2.815 4.930867249311513
2.8249999999999997 5.107119366499055
2.835 5.435305952285953
2.8449999999999998 5.908727528435088
2.855 6.518832115479242
2.8649999999999998 7.255178204810302
2.875 8.105405962596675
2.885 9.055250321087602
2.895 10.08862701805289
2.905 11.18781607253849
2.915 12.33375721780745
2.925 13.506459403257471
2.935 14.685512880370078
2.945 15.850679052453554
2.955 16.98252170025348
2.965 18.063034799925596
2.975 19.076218065754286
2.985 20.00855230283305
2.995 20.849332842864317
3.005 21.585651882477176
3.015 22.22484379608555
3.025 22.75734805897089
3.035 23.183647694241344
3.045 23.506011056042638
3.055 23.72791107586029
3.065 23.853416415992065
3.075 23.886615503840325
3.085 23.835435402881256
3.0949999999999998 23.69615861368426
3.105 23.473733029119302
3.1149999999999998 23.16933731584136
3.125 22.783460777804997
3.135 22.31627112656375
3.145 21.76810148266621
3.155 21.140004891993165
3.165 20.434318360721388
3.175 19.65517809303261
3.185 18.80893302840644
3.195 17.904414064067918
3.205 16.953030165762826
3.215 15.968678271176879
3.225 14.967469750906798
3.235 13.967290624001441
3.245 12.987224458332072
3.255 12.046875092749989
3.265 11.165630668821539
3.275 10.361911107457171
3.285 9.65243866384673
3.295 9.051566369975532
3.305 8.570692975185208
3.315 8.217786336278959
3.325 7.997030840056021
3.335 7.908608858786543
3.3449999999999998 7.948621644745027
3.355 8.109151384857144
3.3649999999999998 8.378463062772596
3.375 8.741341891213978
3.385 9.179558948174074
3.395 9.672453939481956
3.405 10.197619565748099
3.415 10.727805087984638
3.425 11.248495520433643
3.435 11.731221124327488
3.445 12.154763560278514
3.455 12.500162773306661
3.465 12.751422215460018
3.475 12.896086865481548
3.485 12.925663569116752
3.495 12.835860986390964
3.505 12.62663641696014
3.515 12.302048224424317
3.525 11.869924534888984
3.535 11.341370291068321
3.545 10.730144578693228
3.555 10.051947534729566
3.565 9.323660473532044
3.575 8.559102607066174
3.585 7.783416254202457
3.5949999999999998 7.0076005231550065
3.605 6.246337856364173
3.6149999999999998 5.512373810738284
3.625 4.816248709614444
3.635 4.166162502982335
3.645 3.5679647994171924
3.655 3.0252548898331404
3.665 2.5395714568868044
3.675 2.1106487169672072
3.685 1.736714915302086
3.695 1.4148101451225212
3.705 1.1411030120246115
3.715 0.9111892623768286
3.725 0.7203596693298303
3.735 0.5638287823508696
3.745 0.4369202254689964
3.755 0.3352077966446064
3.765 0.25461449781890716
3.775 0.19147373171618953
3.785 0.14255824143267623
3.795 0.1050830119721907
3.805 0.07668841301198684
3.815 0.05540947610856109
3.825 0.03963650860529598
3.835 0.028071382134672224
3.8449999999999998 0.01968290766699172
3.855 0.01366380858196615
3.8649999999999998 0.009390989145837414
3.875 0.0063901045388754405
3.885 0.004304885876553977
3.895 0.0
3.905 0.0
3.915 0.0
3.925 0.0
3.935 0.0
3.945 0.0
3.955 0.0
3.965 0.0
3.975 0.0
3.985 0.0
3.995 0.0
4.005 0.0
4.015 0.0
4.025 0.0
4.035 0.0
4.045 0.0
4.055 0.0
4.065 0.0026225537477385192
4.075 0.0038928773229834506
4.085 0.005721028265469947
4.095 0.00832404700904683
4.1049999999999995 0.011990906321024545
4.115 0.01710119862234673
4.125 0.024146720068988034
4.135 0.0337556751551002
4.145 0.04671888889042975
4.155 0.06401699249967678
4.165 0.08684705264232341
4.175 0.11664656557811923
4.185 0.15511217361656432
4.195 0.20420993461159911
4.205 0.2661735543344335
4.215 0.3434867563599113
4.225 0.43884600072903684
4.235 0.5551001544455197
4.245 0.6951645331737367
4.255 0.8619080168043158
4.265 1.0580136943200016
4.275 1.2858156665636855
4.285 1.5471171206145105
4.295 1.8429974165882408
4.305 2.175980297945904
4.315 2.541548770671598
4.325 2.939230297428304
4.335 3.3656567361025913
4.345 3.816092888189842
4.355 4.284459400861375
4.365 4.763434532912595
4.375 5.244639431716429
4.385 5.7189059268045055
4.395 6.176619519135942
4.405 6.608123728559292
4.415 7.0041658279868875
4.425 7.356358837632365
4.435 7.657631034597007
4.445 7.902632610077316
4.455 8.088069780755362
4.465 8.212939737949785
4.475 8.278645185199535
4.485 8.288974543219602
4.495 8.249942670580127
4.505 8.169496493555764
4.515 8.057099509406315
4.525 7.923217958504679
4.535 7.778738840908706
4.545 7.634355287410642
4.555 7.499957655044636
4.565 7.384068872237155
4.575 7.295472415710522
4.585 7.235412454432938
4.595 7.209504865815157
4.605 7.21417693718771
4.615 7.248127742153558
4.625 7.306501970967627
4.635 7.38266536877834
4.645 7.470751497461205
4.655 7.559016282426596
4.665 7.64023910143294
4.675 7.7064196529341285
4.685 7.750762041993575
4.695 7.7682228911056175
4.705 7.755960716503685
4.715 7.713659854751508
4.725 7.643709773216053
4.735 7.551228991269327
4.745 7.44393150558259
4.755 7.3318420100397645
4.765 7.226873859648178
4.775 7.142290287001195
4.785 7.092074604036683
4.795 7.090238902673257
4.805 7.152032968403897
4.815 7.286441874998615
4.825 7.504689277998774
4.835 7.814046148104913
4.845 8.2186105667566
4.855 8.718924152982723
4.865 9.311733834626857
4.875 9.990045086057918
4.885 10.744202255594868
4.895 11.558630064957589
4.905 12.416072506044916
4.915 13.296837814710825
4.925 14.17954776487225
4.935 15.041991767191634
4.945 15.862047888029501
4.955 16.61862673204646
4.965 17.29259011539596
4.975 17.867595146046135
4.985 18.33081610639858
4.995 18.67350155454914
5.005 18.891332207490603
5.015 18.98633912110737
5.025 18.96053676267138
5.035 18.824081435340226
5.045 18.589578700185015
5.055 18.272561978444845
5.065 17.892396038235642
5.075 17.465190188704955
5.085 17.011168907679252
5.095 16.54868021747946
5.105 16.094523079488198
5.115 15.661664112130648
5.125 15.26553592509568
5.135 14.912463154881035
5.145 14.607838403463571
5.155 14.35383610348011
5.165 14.14967512017678
5.175 13.99203993208281
5.185 13.875622242423482
5.195 13.793738094800663
5.205 13.738972232482187
5.215 13.703801697552446
5.225 13.681154400220521
5.235 13.664865240563723
5.245 13.650001761261269
5.255 13.633042505886038
5.265 13.611903391082635
5.275 13.585819553498743
5.285 13.55510139193196
5.295 13.5207930518775
5.305 13.484268686500116
5.315 13.446805954568351
5.325 13.410772294960022
5.335 13.373663362201007
5.345 13.335429983319429
5.355 13.293715634194982
5.365 13.244903541869391
5.375 13.184231740386245
5.385 13.104623379272407
5.395 13.003146302818772
5.405 12.869993950440014
5.415 12.70245392464528
5.425 12.49331389132248
5.435 12.23868896780251
5.445 11.936320017085476
5.455 11.584501593550492
5.465 11.188208044715813
5.475 10.749373971022335
5.485 10.274037371923503
5.495 9.770076594632748
5.505 9.246885992934445
5.515 8.71495788224816
5.525 8.185397826862719
5.535 7.669403412031694
5.545 7.177737609815157
5.555 6.720226778388329
5.565 6.305310511913692
5.575 5.939666344346471
5.585 5.627927110469093
5.595 5.372502984985856
5.605 5.173514225621501
5.615 5.027547582321715
5.625 4.933391205959925
5.635 4.883101176070195
5.645 4.869116736499498
5.655 4.882721948269802
5.665 4.914477720012993
5.675 4.954672392092857
5.685 4.992515180965867
5.695 5.023403147468522
5.705 5.035412791440381
5.715 5.022922352356236
5.725 4.980906016182418
5.735 4.906034198732441
5.745 4.798130764431468
5.755 4.655290421250887
5.765 4.4803727205526105
5.775 4.276834697034834
5.785 4.049439714679577
5.795 3.804004350105381
5.805 3.547124178186435
5.815 3.2858953526613317
5.825 3.026457837184008
5.835 2.7789121480147845
5.845 2.548627405413955
5.855 2.3423396751432897
5.865 2.166234483014954
5.875 2.0246778951614965
5.885 1.9252096642009477
5.895 1.8701641270861527
5.905 1.8627876783887896
5.915 1.9067646564930043
5.925 2.0015698791955274
5.935 2.148662940640872
5.945 2.3476461056257607
5.955 2.597087390917837
5.965 2.894471103045549
5.975 3.236158842130425
5.985 3.6173713030854255
5.995 4.032201840234956
6.005 4.473672101880267
6.015 4.933838047022832
6.025 5.403951421285967
6.035 5.874677520121782
6.045 6.3363651509285885
6.055 6.779359560748922
6.065 7.194344217065032
6.075 7.572693219722526
6.085 7.906813245639164
6.095 8.1916920515033
6.105 8.420795727032864
6.115 8.592148215981119
6.125 8.704841760396606
6.135 8.758800650761607
6.1450000000000005 8.759300619190467
6.155 8.709191121905436
6.165 8.614235328578175
6.175 8.481182609002905
6.185 8.3173955628207
6.195 8.130462763314313
6.205 7.927824227964813
6.215 7.716434954056633
6.225 7.5024880136666745
6.235 7.29121304513961
6.245 7.08675904543532
6.255 6.893343340419432
6.265 6.711149408377669
6.275 6.543234059899959
6.285 6.388155120376949
6.295 6.246543356640661
6.305 6.117918746159766
6.315 6.001673874156796
6.325 5.897245090439237
6.335 5.804241233429228
6.345 5.722522747881579
6.355 5.652230037195558
6.365 5.593765550962436
6.375 5.547738788412037
6.385 5.51488660562678
6.3950000000000005 5.495982643478408
6.405 5.49174926042855
6.415 5.502783204803023
6.425 5.529502749141521
6.435 5.572119652933395
6.445 5.630634736524812
6.455 5.70485167671354
6.465 5.79440045302159
6.475 5.898760129667254
6.485 6.017270608237545
6.495 6.149124661489448
6.505 6.292396051187932
6.515 6.448053651022272
6.525 6.613186210966365
6.535 6.785858251705452
6.545 6.9636078575516045
6.555 7.14244083494313
6.565 7.320784538789706
6.575 7.4928929333065355
6.585 7.653763429720945
6.595 7.797862488713802
6.605 7.9192979306879145
6.615 8.012047793737402
6.625 8.07023376872694
6.635 8.088421751323981
6.6450000000000005 8.061928114774226
6.655 7.98710838761428
6.665 7.861605354272323
6.675 7.684536168493768
6.685 7.456602617695362
6.695 7.180114726626522
6.705 6.858924814557178
6.715 6.498276218531373
6.725 6.103703025708899
6.735 5.68454070534413
6.745 5.2473688923747135
6.755 4.800285990495324
6.765 4.351268347930679
6.775 3.9078656232070603
6.785 3.4769382926046584
6.795 3.0644498794722685
6.805 2.675321470048445
6.815 2.3133509788220934
6.825 1.9811948953157197
6.835 1.6804062508989779
6.845 1.4115195400963514
6.855 1.1741714402968748
6.865 0.967245399292834
6.875 0.7890283997591301
6.885 0.6373692836902243
6.8950000000000005 0.5098297006503993
6.905 0.4029941410503325
6.915 0.31617499348307415
6.925 0.24678808707696434
6.935 0.19066218600021795
6.945 0.1476204534614216
6.955 0.11397446528437707
6.965 0.08895012532948991
6.975 0.07128820111884651
6.985 0.060040820512538014
6.995 0.05457531809564144
