0.005 0.0
0.015 0.0
0.025 0.0
0.034999999999999996 0.0
0.045 0.0
0.055 0.0
0.065 0.0
0.07500000000000001 0.0
0.085 0.0
0.095 0.0
0.10500000000000001 0.0
0.115 0.0
0.125 0.0
0.135 0.0
0.14500000000000002 0.0
0.155 0.0
0.165 0.0
0.17500000000000002 0.0
0.185 0.0
0.195 0.0
0.20500000000000002 0.0
0.215 0.0
0.225 0.0
0.23500000000000001 0.0
0.245 0.0
0.255 0.0
0.265 0.0
0.275 0.0
0.28500000000000003 0.0
0.295 0.0
0.305 0.0
0.315 0.0
0.325 0.0
0.335 0.0
0.34500000000000003 0.0
0.35500000000000004 0.0
0.365 0.0
0.375 0.0
0.385 0.0
0.395 0.0
0.405 0.0
0.41500000000000004 0.0
0.425 0.0
0.435 0.0
0.445 0.0
0.455 0.0
0.465 0.0
0.47500000000000003 0.0
0.485 0.0
0.495 0.0
0.505 0.0
0.515 0.0
0.525 0.0
0.535 0.0
0.545 0.0
0.555 0.0
0.5650000000000001 0.0
0.5750000000000001 0.0
0.585 0.0
0.595 0.0
0.605 0.0
0.615 0.0
0.625 0.0
0.635 0.0
0.645 0.0
0.655 0.0
0.665 0.0
0.675 0.0
0.685 0.0
0.6950000000000001 0.0
0.7050000000000001 0.0
0.715 0.0
0.725 0.0
0.735 0.0
0.745 0.0
0.755 0.0
0.765 0.0
0.775 0.0
0.785 0.0
0.795 0.0
0.805 0.0
0.8150000000000001 0.0
0.8250000000000001 0.0
0.8350000000000001 0.0
0.845 0.0
0.855 0.0
0.865 0.0
0.875 0.0
0.885 0.0
0.895 0.0
0.905 0.0
0.915 0.0
0.925 0.0
0.935 0.0
0.9450000000000001 0.0
0.9550000000000001 0.0
0.965 0.0
0.975 0.0
0.985 0.0
0.995 0.0
1.005 0.0
1.015 0.0
1.025 0.0
1.035 0.0
1.045 0.0
1.055 0.0
1.065 0.0
1.075 0.0
1.085 0.0
1.095 0.0
1.105 0.0
1.115 0.0
1.125 0.0
1.135 0.0
1.145 0.0
1.155 0.0
1.1649999999999998 0.0
1.1749999999999998 0.0
1.1849999999999998 0.0
1.1949999999999998 0.0
1.2049999999999998 0.0
1.2149999999999999 0.0
1.2249999999999999 0.0
1.2349999999999999 0.0
1.2449999999999999 0.0
1.255 0.0
1.265 0.0
1.275 0.0
1.285 0.0
1.295 0.0
1.305 0.0
1.315 0.0
1.325 0.0
1.335 0.0
1.345 0.01717020397503721
1.355 0.025487179335432656
1.365 0.037456323764490644
1.375 0.054498629500493584
1.385 0.07850603922039513
1.395 0.11196379438039072
1.405 0.15809174903285417
1.4149999999999998 0.22100284054348168
1.4249999999999998 0.30587470416097606
1.4349999999999998 0.41912766136279445
1.4449999999999998 0.5685990648562924
1.4549999999999998 0.7637003915328542
1.4649999999999999 1.0155397815218918
1.4749999999999999 1.3369892739219331
1.4849999999999999 1.7426732339132782
1.4949999999999999 2.24885292608753
1.505 2.8731824286326018
1.515 3.634313648146644
1.525 4.551333539340169
1.535 5.643025035811561
1.545 6.926954673673426
1.555 8.4184041178317
1.565 10.129179071022026
1.575 12.066346245744068
1.585 14.23096573021958
1.595 16.6169004291051
1.605 19.209794431249165
1.615 21.986316346391707
1.625 24.91376035655164
1.635 27.950085974048065
1.645 31.044457051729367
1.655 34.138312099516185
1.665 37.16696301101972
1.6749999999999998 40.06168036609349
1.6849999999999998 42.7521837346717
1.6949999999999998 45.16941848174971
1.7049999999999998 47.24847014778589
1.7149999999999999 48.93144689567772
1.7249999999999999 50.17015237127649
1.7349999999999999 50.92837712584406
1.7449999999999999 51.18365667852279
1.755 50.92837712584406
1.765 50.17015237127649
1.775 48.93144689567772
1.785 47.24847014778589
1.795 45.16941848174971
1.805 42.7521837346717
1.815 40.06168036609349
1.825 37.16696301101972
1.835 34.138312099516185
1.845 31.044457051729367
1.855 27.950085974048065
1.865 24.91376035655164
1.875 21.986316346391707
1.885 19.209794431249165
1.895 16.6169004291051
1.905 14.23096573021958
1.915 12.066346245744068
1.9249999999999998 10.129179071022026
1.9349999999999998 8.4184041178317
1.9449999999999998 6.926954673673426
1.9549999999999998 5.643025035811561
1.9649999999999999 4.551333539340169
1.9749999999999999 3.634313648146644
1.9849999999999999 2.8731824286326018
1.9949999999999999 2.24885292608753
2.005 1.7426732339132782
2.015 1.3369892739219331
2.025 1.0155397815218918
2.035 0.7637003915328542
2.045 0.5685990648562924
2.0549999999999997 0.41912766136279445
2.065 0.30587470416097606
2.0749999999999997 0.22100284054348168
2.085 0.15809174903285417
2.0949999999999998 0.11196379438039072
2.105 0.07850603922039513
2.1149999999999998 0.054498629500493584
2.125 0.037456323764490644
2.135 0.025487179335432656
2.145 0.01717020397503721
2.155 0.0
2.165 0.0
2.175 0.0
2.185 0.0
2.195 0.0
2.205 0.0
2.215 0.0
2.225 0.0
2.235 0.0
2.245 0.0
2.255 0.0
2.265 0.0
2.275 0.0
2.285 0.0
2.295 0.0
2.305 0.0
2.315 0.0
2.3249999999999997 0.0
2.335 0.0
2.3449999999999998 0.0
2.355 0.0
2.3649999999999998 0.0
2.375 0.0
2.385 0.0
2.395 0.0
2.405 0.0
2.415 0.0
2.425 0.0
2.435 0.0
2.445 0.0
2.455 0.0
2.465 0.0
2.475 0.0
2.485 0.0
2.495 0.0
2.505 0.0
2.515 0.0
2.525 0.0
2.535 0.0
2.545 0.0
2.555 0.0
2.565 0.0
2.5749999999999997 0.0
2.585 0.0
2.5949999999999998 0.0
2.605 0.0
2.6149999999999998 0.0
2.625 0.0
2.635 0.0
2.645 0.0
2.655 0.0
2.665 0.0
2.675 0.0
2.685 0.0
2.695 0.0
2.705 0.0
2.715 0.0
2.725 0.0
2.735 0.0
2.745 0.0
2.755 0.0
2.765 0.0
2.775 0.0
2.785 0.0
2.795 0.0
2.805 0.0050899215128574855
2.815 0.007555399026713909
2.8249999999999997 0.011103522613861251
2.835 0.02115148590137872
2.8449999999999998 0.030688185229321045
2.855 0.044088996596511686
2.8649999999999998 0.06272187223551623
2.875 0.08835654012758737
2.885 0.12325097656858272
2.895 0.17024528649207848
2.905 0.23285949584720156
2.915 0.31539005421551314
2.925 0.42299794885334907
2.935 0.5617793645698327
2.945 0.7388079618717495
2.955 0.9621363147453939
2.965 1.2407431174049826
2.975 1.5844127278768296
2.985 2.003534752553089
2.995 2.508813936283802
3.005 3.110884770759924
3.015 3.819831006751043
3.025 4.644617523596748
3.035 5.592450447129609
3.045 6.668090483092261
3.055 7.873153421011114
3.065 9.205439783374045
3.075 10.658341681803787
3.085 12.220378140066096
3.0949999999999998 13.874909619048282
3.105 15.600077636773868
3.1149999999999998 17.369005971461
3.125 19.15028615501671
3.135 20.908752472427302
3.145 22.606531611796044
3.155 24.20433099423151
3.165 25.66290946382736
3.175 26.94465635316926
3.185 28.015191781461496
3.195 28.844893909313498
3.205 29.41025879315881
3.215 29.695005844381324
3.225 29.6908563823357
3.235 29.397933346177027
3.245 28.82475524430039
3.255 27.98782475690861
3.265 26.91083970737649
3.275 25.623579026184206
3.285 24.160536743189766
3.295 22.559391323641847
3.305 20.859404801206495
3.315 19.099845858503418
3.325 17.318523674339005
3.335 15.550506040971563
3.3449999999999998 13.82707748509847
3.355 12.174972730707708
3.3649999999999998 10.615899737197704
3.375 9.166346537021852
3.385 7.837648706378964
3.395 6.636280648800824
3.405 5.564324604313948
3.415 4.620066589605482
3.425 3.7986680699087163
3.435 3.092865458039012
3.445 2.493655691051624
3.455 1.9909341933416882
3.465 1.574060533417935
3.475 1.232336144206309
3.485 0.9553868831910736
3.495 0.7334504334757376
3.505 0.5575742710411126
3.515 0.4197340228983568
3.525 0.3128845566017547
3.535 0.23095724017525238
3.545 0.16881674092662036
3.555 0.1221897794030721
3.565 0.08757671189703811
3.575 0.06215494835826488
3.585 0.04368124688961574
3.5949999999999998 0.03039803412904417
3.605 0.02094720229812292
3.6149999999999998 0.010898539074491021
3.625 0.007415917846937969
3.635 0.004995955826191552
3.645 0.0
3.655 0.0
3.665 0.0
3.675 0.0
3.685 0.0
3.695 0.0
3.705 0.0
3.715 0.0
3.725 0.0
3.735 0.0
3.745 0.0
3.755 0.0
3.765 0.0
3.775 0.0029995377932790137
3.785 0.004452466480413171
3.795 0.006543408505351846
3.805 0.009520603197626652
3.815 0.013714562272211413
3.825 0.019559443394566584
3.835 0.027617736907438187
3.8449999999999998 0.038607949771356884
3.855 0.05343458566204348
3.8649999999999998 0.07321923853054435
3.875 0.10219189957246302
3.885 0.13766075141251352
3.895 0.1836499367867942
3.905 0.24264488995632028
3.915 0.31751563506958796
3.925 0.4115170071020065
3.935 0.5282695567414195
3.945 0.671716952637827
3.955 0.8460562607842649
3.965 1.0556384891966788
3.975 1.3075698126451296
3.985 1.601947965064339
3.995 1.9446755934532092
4.005 2.339357976611809
4.015 2.7889179597505107
4.025 3.295388202516054
4.035 3.859714517971878
4.045 4.481583087186501
4.055 5.159284298043795
4.065 5.8896248648625225
4.075 6.667897709013093
4.085 7.487915902677742
4.095 8.342112995649487
4.1049999999999995 9.221707560188683
4.115 10.116925182428496
4.125 11.017266824060474
4.135 11.91180889576034
4.145 12.789517894199026
4.155 13.642081274921553
4.165 14.45533765028923
4.175 15.221522367733717
4.185 15.932187643141797
4.195 16.580041241369692
4.205 17.159045047782204
4.215 17.66445592673559
4.225 18.092815115813234
4.235 18.441896170686487
4.245 18.713047279944384
4.255 18.902576011298567
4.265 19.013184877417842
4.275 19.04688096715101
4.285 19.00653607003219
4.295 18.89585514442478
4.305 18.719368924794004
4.315 18.48244544828799
4.325 18.191310975048843
4.335 17.85306741818225
4.345 17.47569139219592
4.355 17.06799961914348
4.365 16.639566834867033
4.375 16.200585476823875
4.385 15.761661095438047
4.395 15.333543231989896
4.405 14.926797930425597
4.415 14.551434490398579
4.425 14.216504885195626
4.435 13.929698856382494
4.445 13.696960552603038
4.455 13.522153355775927
4.465 13.406798085007985
4.475 13.349906155408908
4.485 13.347923775986658
4.495 13.394796359874329
4.505 13.482154583879069
4.515 13.599615630981361
4.525 13.73518573241482
4.535 13.875743777456522
4.545 14.007580935457923
4.555 14.119097742342241
4.565 14.193883957267811
4.575 14.221391007175203
4.585 14.189259802754965
4.595 14.09384038724962
4.605 13.926253016854556
4.615 13.683165221657815
4.625 13.363912966739832
4.635 12.970510211266236
4.645 12.507552314799309
4.655 11.98202259764609
4.665 11.40301486509067
4.675 10.781387299970692
4.685 10.127456654329947
4.695 9.458847333715006
4.705 8.786438729551747
4.715 8.123984547536107
4.725 7.484826984069935
4.735 6.88149835472925
4.745 6.325360176293987
4.755 5.826288071775043
4.765 5.392408514782568
4.775 5.029891378273243
4.785 4.7409787311383464
4.795 4.531801202754007
4.805 4.399357603355039
4.815 4.341156114495606
4.825 4.352578265220989
4.835 4.4270316053361185
4.845 4.558059020309218
4.855 4.732919864408616
4.865 4.941948359980637
4.875 5.173418513987372
4.885 5.41521459522119
4.895 5.655259242086939
4.905 5.881952211706585
4.915 6.084602676271611
4.925 6.253836268209702
4.935 6.381957469712285
4.945 6.463248651916905
4.955 6.4941891817282205
4.965 6.47190072521278
4.975 6.40146554393277
4.985 6.28386246408755
4.995 6.124651521443589
5.005 5.931183840880264
5.015 5.712249505576459
5.025 5.477661400922943
5.035 5.23779597302525
5.045 5.003113520271174
5.055 4.78206472492766
5.065 4.587651890693113
5.075 4.425496992544598
5.085 4.3020222552826155
5.095 4.221762391143399
5.105 4.187184667238645
5.115 4.198600220996284
5.125 4.254169380368317
5.135 4.349999908731792
5.145 4.4803333734895645
5.155 4.637811274910076
5.165 4.813809222768752
5.175 4.998824399905111
5.185 5.182898932699405
5.195 5.356059766375753
5.205 5.508754408501117
5.215 5.6322616436449735
5.225 5.719057185311664
5.235 5.76311629665272
5.245 5.760138659481259
5.255 5.707685067727865
5.265 5.605220617574718
5.275 5.454064613811183
5.285 5.257252994273999
5.295 5.019324250006947
5.305 4.746044169154483
5.315 4.44408790834032
5.325 4.1206996558178295
5.335 3.7833503901190664
5.345 3.4394129945276095
5.355 3.0958714359866453
5.365 2.757656809250649
5.375 2.433623592555016
5.385 2.1262956558747157
5.395 1.8392931440761542
5.405 1.5751985644283732
5.415 1.3356009454671405
5.425 1.1211795906183823
5.435 0.9318171607305102
5.445 0.7667314548204194
5.455 0.6246157220776742
5.465 0.5037784640419285
5.475 0.4022752741991675
5.485 0.3180271053082684
5.495 0.2489212586087062
5.505 0.1928931899891232
5.515 0.14798880306947845
5.525 0.11240816936100549
5.535 0.0845325456614234
5.545 0.06293715041383403
5.555 0.0463924446876388
5.565 0.033856689983181386
5.575 0.024462384616628093
5.585 0.01749887539927904
5.595 0.012393059720566396
5.605 0.008689684356159003
5.615 0.00603234977723235
5.625 0.004145969327808904
5.635 0.0028211274667922733
5.645 0.0019005372625546782
5.655 0.0
5.665 0.0
5.675 0.0014166900476111888
5.685 0.0021029123101090445
5.695 0.003090470047671135
5.705 0.0044966073864962045
5.715 0.007875642632883841
5.725 0.011313470320184777
5.735 0.016094104962575878
5.745 0.02267261468428468
5.755 0.031630265158943724
5.765 0.043699168344809816
5.775 0.0597881750232506
5.785 0.08100874102776762
5.795 0.10869901281786254
5.805 0.14444386908539353
5.815 0.19008816328208272
5.825 0.24773999243200462
5.835 0.3197605366353577
5.845 0.40873694457055465
5.855 0.5174349568496259
5.865 0.6487285269175825
5.875 0.8055046655496509
5.885 0.9905431178210798
5.895 1.2063722590807422
5.905 1.4551046998030461
5.915 1.738258397531555
5.925 2.05657141672099
5.935 2.409820641460973
5.945 2.7966564923897046
5.955 3.2157613851771263
5.965 3.661204736804831
5.975 4.128565969361241
5.985 4.611220455650325
5.995 5.1013101932417495
6.005 5.589928322378962
6.015 6.0673791454256305
6.025 6.523506344455794
6.035 6.948076570905081
6.045 7.332459202315148
6.055 7.665637715028977
6.065 7.940627551846095
6.075 8.151230739433752
6.085 8.293213995441228
6.095 8.364565607970226
6.105 8.365652564030283
6.115 8.299265704454047
6.125 8.170547500780899
6.135 7.986804327161188
6.1450000000000005 7.757212263711896
6.155 7.492431961465216
6.165 7.20415343900123
6.175 6.904595498033241
6.185 6.605986515106716
6.195 6.320053621698005
6.205 6.058744265397024
6.215 5.829592484488808
6.225 5.641077444550137
6.235 5.498903155840388
6.245 5.406643862269127
6.255 5.365690167244672
6.265 5.375292682049405
6.275 5.432696032810419
6.285 5.533352218594369
6.295 5.671199350522824
6.305 5.838989763519941
6.315 6.028650360147564
6.325 6.231657754967392
6.335 6.439411242278722
6.345 6.643587698740275
6.355 6.836464141708049
6.365 7.011195687870993
6.375 7.162039001921018
6.385 7.284513913480218
6.3950000000000005 7.375498646962141
6.405 7.433256995189614
6.415 7.4573987142661355
6.425 7.4487773554892325
6.435 7.4093325933899905
6.445 7.341886747869447
6.455 7.249907500195448
6.465 7.137250616802751
6.475 7.007897664806139
6.485 6.864759184199712
6.495 6.7135485000285655
6.505 6.555856410014613
6.515 6.393997528481828
6.525 6.228582976963143
6.535 6.062549483060938
6.545 5.894551785520732
6.555 5.725060122171264
6.565 5.552385989233872
6.575 5.37421679916141
6.585 5.189820310257935
6.595 4.997858819619305
6.605 4.797310777847463
6.615 4.587649504729939
6.625 4.368986266718811
6.635 4.143247139035888
6.6450000000000005 3.911515344304951
6.655 3.6753620891940493
6.665 3.438831167636476
6.675 3.2059543779159467
6.685 2.981366436549146
6.695 2.7701766618808032
6.705 2.5778270412219793
6.715 2.4099443844860735
6.725 2.272192578758601
6.735 2.170128872068741
6.745 2.1090659592458696
6.755 2.0939397386339658
6.765 2.1283177593581697
6.775 2.2180202907918636
6.785 2.3648376492551035
6.795 2.570958384236918
6.805 2.837550054430443
6.815 3.1646358931751504
6.825 3.550977770964183
6.835 3.993972568952616
6.845 4.489570746689993
6.855 5.031387336220488
6.865 5.614337482013472
6.875 6.228693630804049
6.885 6.864615292893299
6.8950000000000005 7.511055966394357
6.905 8.155990502487846
6.915 8.786700999322733
6.925 9.390113876239713
6.935 9.953176844522185
6.945 10.463261077013797
6.955 10.908571269671723
6.965 11.27854470366581
6.975 11.564219998269309
6.985 11.758557046121668
6.995 11.85789006317489
