0.005 0.0
0.015 0.0
0.025 0.0
0.034999999999999996 0.0
0.045 0.0
0.055 0.0
0.065 0.0
0.07500000000000001 0.0
0.085 0.0
0.095 0.0
0.10500000000000001 0.0
0.115 0.0
0.125 0.0
0.135 0.0
0.14500000000000002 0.0
0.155 0.0
0.165 0.0
0.17500000000000002 0.0
0.185 0.0
0.195 0.0
0.20500000000000002 0.0
0.215 0.0
0.225 0.0
0.23500000000000001 0.0
0.245 0.0
0.255 0.0
0.265 0.0
0.275 0.0
0.28500000000000003 0.0
0.295 0.0
0.305 0.0
0.315 0.0
0.325 0.0
0.335 0.0
0.34500000000000003 0.0
0.35500000000000004 0.0
0.365 0.0
0.375 0.0
0.385 0.0
0.395 0.0
0.405 0.0
0.41500000000000004 0.0
0.425 0.0
0.435 0.0
0.445 0.0
0.455 0.0
0.465 0.0
0.47500000000000003 0.0
0.485 0.0
0.495 0.0
0.505 0.0
0.515 0.0
0.525 0.0
0.535 0.0
0.545 0.0
0.555 0.0
0.5650000000000001 0.0
0.5750000000000001 0.0
0.585 0.0
0.595 0.0
0.605 0.0
0.615 0.0
0.625 0.0
0.635 0.0
0.645 0.0
0.655 0.0
0.665 0.0
0.675 0.0
0.685 0.0
0.6950000000000001 0.0
0.7050000000000001 0.0
0.715 0.0
0.725 0.0
0.735 0.0
0.745 0.0
0.755 0.0
0.765 0.0
0.775 0.0
0.785 0.0
0.795 0.0
0.805 0.0
0.8150000000000001 0.0
0.8250000000000001 0.0
0.8350000000000001 0.0
0.845 0.0
0.855 0.0
0.865 0.0
0.875 0.0
0.885 0.0
0.895 0.0
0.905 0.0
0.915 0.0
0.925 0.0
0.935 0.0
0.9450000000000001 0.0
0.9550000000000001 0.0
0.965 0.0
0.975 0.0
0.985 0.0
0.995 0.0
1.005 0.0
1.015 0.0
1.025 0.0
1.035 0.0
1.045 0.0
1.055 0.0
1.065 0.0
1.075 0.0
1.085 0.0
1.095 0.0
1.105 0.0
1.115 0.0
1.125 0.0
1.135 0.0
1.145 0.0
1.155 0.0
1.1649999999999998 0.0
1.1749999999999998 0.0
1.1849999999999998 0.0
1.1949999999999998 0.0
1.2049999999999998 0.0
1.2149999999999999 0.0
1.2249999999999999 0.0
1.2349999999999999 0.0
1.2449999999999999 0.0
1.255 0.0
1.265 0.0
1.275 0.0
1.285 0.0
1.295 0.0
1.305 0.0
1.315 0.0
1.325 0.0
1.335 0.0
1.345 0.0
1.355 0.0
1.365 0.0
1.375 0.0
1.385 0.0
1.395 0.0
1.405 0.0
1.4149999999999998 0.0
1.4249999999999998 0.0
1.4349999999999998 0.0
1.4449999999999998 0.0
1.4549999999999998 0.0
1.4649999999999999 0.0
1.4749999999999999 0.0
1.4849999999999999 0.0
1.4949999999999999 0.0
1.505 0.0
1.515 0.0
1.525 0.0
1.535 0.0
1.545 0.0
1.555 0.0
1.565 0.0
1.575 0.0
1.585 0.0
1.595 0.0
1.605 0.0
1.615 0.0
1.625 0.0
1.635 0.0
1.645 0.0
1.655 0.0
1.665 0.012261018419283315
1.6749999999999998 0.01820006190617428
1.6849999999999998 0.026747071628429153
1.6949999999999998 0.038916759585542485
1.7049999999999998 0.05606013733474923
1.7149999999999999 0.07995188334318233
1.7249999999999999 0.11289125333901805
1.7349999999999999 0.15781524218099396
1.7449999999999999 0.2184211315813699
1.755 0.2992935892591355
1.765 0.4060291664284182
1.775 0.5453484758254256
1.785 0.7251836952465724
1.795 0.9547265797059656
1.805 1.2444201973876914
1.815 1.6058765049678818
1.825 2.051702049121939
1.835 2.595215912761583
1.845 3.250047840973934
1.855 4.029610481340394
1.865 4.94644786788367
1.875 6.011472437937728
1.885 7.233114489646067
1.895 8.616420270114904
1.905 10.162146774498861
1.915 11.865911583162363
1.9249999999999998 13.71746332743736
1.9349999999999998 15.700141366242237
1.9449999999999998 17.79059090208788
1.9549999999999998 19.95879137176138
1.9649999999999999 22.168441346491267
1.9749999999999999 24.37772283101275
1.9849999999999999 26.540442893366787
1.9949999999999999 28.60752275221871
2.005 30.528776070306314
2.015 32.25489183461195
2.025 33.73951547734629
2.035 34.94130719368975
2.045 35.825850596579095
2.0549999999999997 36.36728899155829
2.065 36.54958078622834
2.0749999999999997 36.36728899155829
2.085 35.825850596579095
2.0949999999999998 34.94130719368975
2.105 33.73951547734629
2.1149999999999998 32.25489183461195
2.125 30.528776070306314
2.135 28.60752275221871
2.145 26.540442893366787
2.155 24.37772283101275
2.165 22.168441346491267
2.175 19.95879137176138
2.185 17.79059090208788
2.195 15.700141366242237
2.205 13.71746332743736
2.215 11.865911583162363
2.225 10.162146774498861
2.235 8.616420270114904
2.245 7.233114489646067
2.255 6.011472437937728
2.265 4.94644786788367
2.275 4.029610481340394
2.285 3.250047840973934
2.295 2.595215912761583
2.305 2.051702049121939
2.315 1.6058765049678818
2.3249999999999997 1.2444201973876914
2.335 0.9547265797059656
2.3449999999999998 0.7251836952465724
2.355 0.5453484758254256
2.3649999999999998 0.4060291664284182
2.375 0.2992935892591355
2.385 0.2184211315813699
2.395 0.15781524218099396
2.405 0.11289125333901805
2.415 0.07995188334318233
2.425 0.05606013733474923
2.435 0.038916759585542485
2.445 0.026747071628429153
2.455 0.01820006190617428
2.465 0.012261018419283315
2.475 0.0
2.485 0.0
2.495 0.0
2.505 0.0
2.515 0.0
2.525 0.0
2.535 0.0
2.545 0.0
2.555 0.0
2.565 0.0
2.5749999999999997 0.0
2.585 0.0
2.5949999999999998 0.0
2.605 0.0
2.6149999999999998 0.0
2.625 0.0
2.635 0.0
2.645 0.0
2.655 0.0
2.665 0.0
2.675 0.0
2.685 0.0
2.695 0.0
2.705 0.0
2.715 0.0
2.725 0.0
2.735 0.0
2.745 0.0
2.755 0.0
2.765 0.0
2.775 0.0
2.785 0.0
2.795 0.0
2.805 0.0
2.815 0.0
2.8249999999999997 0.0
2.835 0.0
2.8449999999999998 0.0
2.855 0.0
2.8649999999999998 0.0
2.875 0.0
2.885 0.0
2.895 0.0
2.905 0.0
2.915 0.0
2.925 0.0
2.935 0.0
2.945 0.0
2.955 0.0
2.965 0.0
2.975 0.0
2.985 0.0
2.995 0.0
3.005 0.0
3.015 0.0
3.025 0.0
3.035 0.0
3.045 0.0
3.055 0.0
3.065 0.0
3.075 0.0
3.085 0.0
3.0949999999999998 0.0
3.105 0.0
3.1149999999999998 0.0
3.125 0.0
3.135 0.0
3.145 0.0
3.155 0.0
3.165 0.0
3.175 0.0
3.185 0.0
3.195 0.0
3.205 0.0
3.215 0.0
3.225 0.0
3.235 0.0
3.245 0.0
3.255 0.0
3.265 0.0
3.275 0.0
3.285 0.0
3.295 0.0
3.305 0.0
3.315 0.0
3.325 0.0
3.335 0.0
3.3449999999999998 0.0
3.355 0.0
3.3649999999999998 0.0
3.375 0.0
3.385 0.0
3.395 0.0
3.405 0.0
3.415 0.0
3.425 0.0
3.435 0.0
3.445 0.0
3.455 0.0
3.465 0.0
3.475 0.0
3.485 0.0
3.495 0.0
3.505 0.0
3.515 0.0
3.525 0.0
3.535 0.0
3.545 0.0
3.555 0.0
3.565 0.0
3.575 0.0
3.585 0.0
3.5949999999999998 0.0
3.605 0.0
3.6149999999999998 0.0
3.625 0.0
3.635 0.0
3.645 0.0
3.655 0.0
3.665 0.0
3.675 0.0
3.685 0.0
3.695 0.0
3.705 0.0
3.715 0.0
3.725 0.0
3.735 0.0
3.745 0.0030431140217090633
3.755 0.007545634039078677
3.765 0.011133902157067044
3.775 0.01626546835226891
3.785 0.026511500984067928
3.795 0.03812171924483901
3.805 0.057236218049062065
3.815 0.0809174048414013
3.825 0.11329086021519322
3.835 0.15708449971313349
3.8449999999999998 0.21570539050843462
3.855 0.2933469658241027
3.8649999999999998 0.3950926236198465
3.875 0.5270074918707444
3.885 0.6962081020832257
3.895 0.9108978544743624
3.905 1.1803547278705335
3.915 1.5148569663981355
3.925 1.9255327595561955
3.935 2.424121502584014
3.945 3.022637306917166
3.955 3.7329301570509896
3.965 4.566146473786333
3.975 5.5320986644989025
3.985 6.638562141439989
3.995 7.890527689785025
4.005 9.289446205842165
4.015 10.832510803051441
4.025 12.512027135051333
4.035 14.314925577418979
4.045 16.222467848704433
4.055 18.21019519499875
4.065 20.248155221196317
4.075 22.301430064484478
4.085 24.330970571971065
4.095 26.29472061286389
4.1049999999999995 28.148994152730914
4.115 29.8500470266112
4.125 31.355767345755158
4.135 32.627394939096675
4.145 33.63117265245693
4.155 34.33983172447375
4.165 34.73382024347152
4.175 34.802197601767446
4.185 34.5431379626798
4.195 33.96401049656628
4.205 33.081031521756756
4.215 31.918511438284746
4.225 30.507745166780136
4.235 28.885616599190122
4.245 27.093003634905955
4.255 25.173079583393857
4.265 23.169608590199076
4.275 21.125327494468724
4.285 19.080494986060845
4.295 17.071672440293444
4.305 15.13078105386331
4.315 13.284458726791133
4.325 11.553719337252364
4.335 9.953898237941019
4.345 8.494852225071828
4.355 7.181370733223858
4.365 6.0137479772852815
4.375 4.988463149979226
4.385 4.098917171376128
4.395 3.3361791763814383
4.405 2.689703044355614
4.415 2.1479828827714518
4.425 1.6991255667992013
4.435 1.331327411430018
4.445 1.0332501781356427
4.455 0.7942984510679714
4.465 0.6048057098125426
4.475 0.4561401060714932
4.485 0.34074309703302913
4.495 0.2521148839587746
4.505 0.18476030396132784
4.515 0.13410770902256555
4.525 0.09641171949768762
4.535 0.06864881342335252
4.545 0.04841271927606712
4.555 0.031784993284292636
4.565 0.020031746180289595
4.575 0.01381645465495904
4.585 0.009435595706582542
4.595 0.0043891621051711065
4.605 0.002956890899281315
4.615 0.0
4.625 0.0
4.635 0.0
4.645 0.0
4.655 0.0
4.665 0.0
4.675 0.0
4.685 0.0
4.695 0.0
4.705 0.0
4.715 0.0
4.725 0.0
4.735 0.0
4.745 0.0
4.755 0.0
4.765 0.0019598675316451772
4.775 0.002909196380273294
4.785 0.006220173842684934
4.795 0.01104475921446603
4.805 0.01800898707590738
4.815 0.026043524587784445
4.825 0.037296071981847506
4.835 0.05479856923166371
4.845 0.07710825990458095
4.855 0.10934925933522577
4.865 0.15111690716435883
4.875 0.20872725598813324
4.885 0.2832272803784935
4.895 0.38069300721646365
4.905 0.5087389743759082
4.915 0.6713120619812825
4.925 0.8775765658017771
4.935 1.136547972755076
4.945 1.4582914475391995
4.955 1.8538170795315962
4.965 2.334899558328263
4.975 2.913813062802487
4.985 3.602975671362941
4.995 4.41450243532231
5.005 5.359672282499983
5.015 6.448320869276152
5.025 7.688178963973348
5.035 9.08418337749994
5.045 10.637794213469002
5.055 12.346357594851424
5.065 14.202556358410938
5.075 16.193991901298805
5.085 18.302937988616545
5.095 20.50630168695876
5.105 22.77581775312755
5.115 25.07849115334061
5.125 27.37728857931041
5.135 29.632064774281474
5.145 31.80069427173279
5.155 33.840364951098636
5.165 35.708977771349055
5.175 37.366588161530004
5.185 38.77681960004946
5.195 39.90817936421355
5.205 40.73521038625897
5.215 41.239421356654766
5.225 41.40994907874713
5.235 41.24392173349787
5.245 40.74650809880062
5.255 39.93065472878305
5.265 38.81652948344987
5.275 37.43070455423775
5.285 35.80512437692776
5.295 33.97591290942563
5.305 31.982080287509955
5.315 29.86419073250635
5.325 27.6630518983591
5.335 25.418480958919254
5.345 23.168195172508
5.355 20.946865067998985
5.365 18.785357494510265
5.375 16.710184304691055
5.385 14.743161110787028
5.395 12.90127000483457
5.405 11.1967109079041
5.415 9.637118718755271
5.425 8.225917936941666
5.435 6.962783058349778
5.445 5.844171757731804
5.455 4.863898528520771
5.465 4.013718782640357
5.475 3.283897079671277
5.485 2.6637377648648
5.495 2.142061442853414
5.505 1.7076160077976874
5.515 1.3494160427663577
5.525 1.0570090058930321
5.535 0.8206705287149981
5.545 0.6315342345271936
5.555 0.48166369168985174
5.565 0.36407546871771457
5.575 0.2714156452546248
5.585 0.20158634745949147
5.595 0.14706111021888507
5.605 0.10603769972238178
5.615 0.07546784421004198
5.625 0.054189002730776245
5.635 0.03854130639244782
5.645 0.02587961767111606
5.655 0.018106568374578975
5.665 0.011283363916967493
5.675 0.007775649943365349
5.685 0.0040527171700394495
5.695 0.0027576739767105974
5.705 0.001857789912865977
5.715 0.0
5.725 0.0
5.735 0.0
5.745 0.0
5.755 0.0
5.765 0.0
5.775 0.0
5.785 0.0
5.795 0.0
5.805 0.0
5.815 0.0
5.825 0.0
5.835 0.0
5.845 0.0
5.855 0.0
5.865 0.0
5.875 0.0
5.885 0.0
5.895 0.0
5.905 0.0
5.915 0.0
5.925 0.0
5.935 0.0
5.945 0.0
5.955 0.0
5.965 0.0
5.975 0.0
5.985 0.0
5.995 0.0
6.005 0.0
6.015 0.0
6.025 0.0
6.035 0.0
6.045 0.0
6.055 0.0
6.065 0.0
6.075 0.0
6.085 0.0
6.095 0.0
6.105 0.0
6.115 0.0
6.125 0.0
6.135 0.0
6.1450000000000005 0.0
6.155 0.0
6.165 0.0
6.175 0.0
6.185 0.0
6.195 0.0
6.205 0.0
6.215 0.0
6.225 0.0
6.235 0.0
6.245 0.0
6.255 0.0
6.265 0.0
6.275 0.0
6.285 0.0
6.295 0.0
6.305 0.0
6.315 0.0
6.325 0.0
6.335 0.0
6.345 0.0
6.355 0.0
6.365 0.0
6.375 0.0
6.385 0.0
6.3950000000000005 0.0
6.405 0.0
6.415 0.0
6.425 0.0
6.435 0.0
6.445 0.0
6.455 0.0
6.465 0.0
6.475 0.0
6.485 0.0
6.495 0.0
6.505 0.0
6.515 0.0
6.525 0.0
6.535 0.0
6.545 0.0
6.555 0.0
6.565 0.0
6.575 0.0
6.585 0.0
6.595 0.0
6.605 0.0
6.615 0.0
6.625 0.0
6.635 0.0
6.6450000000000005 0.0
6.655 0.0
6.665 0.0
6.675 0.0
6.685 0.0
6.695 0.0
6.705 0.0
6.715 0.0
6.725 0.0
6.735 0.0
6.745 0.0
6.755 0.0
6.765 0.0
6.775 0.0
6.785 0.0
6.795 0.0
6.805 0.0
6.815 0.0
6.825 0.0
6.835 0.0
6.845 0.0
6.855 0.0
6.865 0.0
6.875 0.0
6.885 0.0
6.8950000000000005 0.0
6.905 0.0
6.915 0.0
6.925 0.0
6.935 0.0
6.945 0.0
6.955 0.0
6.965 0.0
6.975 0.0
6.985 0.0
6.995 0.0
