0.005 0.0
0.015 0.0
0.025 0.0
0.034999999999999996 0.0
0.045 0.0
0.055 0.0
0.065 0.0
0.07500000000000001 0.0
0.085 0.0
0.095 0.0
0.10500000000000001 0.0
0.115 0.0
0.125 0.0
0.135 0.0
0.14500000000000002 0.0
0.155 0.0
0.165 0.0
0.17500000000000002 0.0
0.185 0.0
0.195 0.0
0.20500000000000002 0.0
0.215 0.0
0.225 0.0
0.23500000000000001 0.0
0.245 0.0
0.255 0.0
0.265 0.0
0.275 0.0
0.28500000000000003 0.0
0.295 0.0
0.305 0.0
0.315 0.0
0.325 0.0
0.335 0.0
0.34500000000000003 0.0
0.35500000000000004 0.0
0.365 0.0
0.375 0.0
0.385 0.0
0.395 0.0
0.405 0.0
0.41500000000000004 0.0
0.425 0.0
0.435 0.0
0.445 0.0
0.455 0.0
0.465 0.0
0.47500000000000003 0.0
0.485 0.0
0.495 0.0
0.505 0.0
0.515 0.0
0.525 0.0
0.535 0.0
0.545 0.0
0.555 0.0
0.5650000000000001 0.0
0.5750000000000001 0.0
0.585 0.0
0.595 0.0
0.605 0.0
0.615 0.0
0.625 0.0
0.635 0.0
0.645 0.0
0.655 0.0
0.665 0.0
0.675 0.0
0.685 0.0
0.6950000000000001 0.0
0.7050000000000001 0.0
0.715 0.0
0.725 0.0
0.735 0.0
0.745 0.0
0.755 0.0
0.765 0.0
0.775 0.0
0.785 0.0
0.795 0.0
0.805 0.0
0.8150000000000001 0.0
0.8250000000000001 0.0
0.8350000000000001 0.0
0.845 0.0
0.855 0.0
0.865 0.0
0.875 0.0
0.885 0.0
0.895 0.0
0.905 0.0
0.915 0.0
0.925 0.0
0.935 0.0
0.9450000000000001 0.0
0.9550000000000001 0.0
0.965 0.0
0.975 0.0
0.985 0.0
0.995 0.0
1.005 0.0
1.015 0.0
1.025 0.0
1.035 0.0
1.045 0.0
1.055 0.0
1.065 0.0
1.075 0.0
1.085 0.0
1.095 0.0
1.105 0.0
1.115 0.0
1.125 0.0
1.135 0.0
1.145 0.0
1.155 0.0
1.1649999999999998 0.0
1.1749999999999998 0.0
1.1849999999999998 0.0
1.1949999999999998 0.0
1.2049999999999998 0.0
1.2149999999999999 0.0
1.2249999999999999 0.0
1.2349999999999999 0.0
1.2449999999999999 0.0
1.255 0.0
1.265 0.0
1.275 0.0
1.285 0.0
1.295 0.0
1.305 0.0
1.315 0.0
1.325 0.0
1.335 0.0
1.345 0.0
1.355 0.0
1.365 0.0
1.375 0.0
1.385 0.0
1.395 0.0
1.405 0.01604766989619126
1.4149999999999998 0.02382090749502376
1.4249999999999998 0.035007546804411635
1.4349999999999998 0.05093568004726377
1.4449999999999998 0.07337356062268999
1.4549999999999998 0.1046439526958299
1.4649999999999999 0.14775620636069114
1.4749999999999999 0.2065543680388749
1.4849999999999999 0.28587757542699
1.4949999999999999 0.3917264095226443
1.505 0.5314258414962745
1.515 0.7137720554006816
1.525 0.9491469760060434
1.535 1.2495811088697986
1.545 1.6287427240483776
1.555 2.1018299756603955
1.565 2.6853427736366293
1.575 3.396713621426477
1.585 4.25378162851071
1.595 5.2741017592046715
1.605 6.474092104590126
1.615 7.868035262254802
1.625 9.466965115119924
1.635 11.277486376187788
1.645 13.300589828437337
1.655 15.530539600568705
1.665 17.95391832587194
1.6749999999999998 20.548919947199604
1.6849999999999998 23.284976850363282
1.6949999999999998 26.122797022900055
1.7049999999999998 29.014867825503526
1.7149999999999999 31.906456334628402
1.7249999999999999 34.73710354937718
1.7349999999999999 37.44257336351194
1.7449999999999999 39.95718006103896
1.755 42.216383582389504
1.765 44.159513371772384
1.775 45.732462378807995
1.785 46.89018517580642
1.795 47.59883957421141
1.805 47.83742975046043
1.815 47.59883957421141
1.825 46.89018517580642
1.835 45.732462378807995
1.845 44.159513371772384
1.855 42.216383582389504
1.865 39.95718006103896
1.875 37.44257336351194
1.885 34.73710354937718
1.895 31.906456334628402
1.905 29.014867825503526
1.915 26.122797022900055
1.9249999999999998 23.284976850363282
1.9349999999999998 20.548919947199604
1.9449999999999998 17.95391832587194
1.9549999999999998 15.530539600568705
1.9649999999999999 13.300589828437337
1.9749999999999999 11.277486376187788
1.9849999999999999 9.466965115119924
1.9949999999999999 7.868035262254802
2.005 6.474092104590126
2.015 5.2741017592046715
2.025 4.25378162851071
2.035 3.396713621426477
2.045 2.6853427736366293
2.0549999999999997 2.1018299756603955
2.065 1.6287427240483776
2.0749999999999997 1.2495811088697986
2.085 0.9491469760060434
2.0949999999999998 0.7137720554006816
2.105 0.5314258414962745
2.1149999999999998 0.3917264095226443
2.125 0.28587757542699
2.135 0.2065543680388749
2.145 0.14775620636069114
2.155 0.1046439526958299
2.165 0.07337356062268999
2.175 0.05093568004726377
2.185 0.035007546804411635
2.195 0.02382090749502376
2.205 0.01604766989619126
2.215 0.0
2.225 0.0
2.235 0.0
2.245 0.0
2.255 0.0
2.265 0.0
2.275 0.0
2.285 0.0
2.295 0.0
2.305 0.0
2.315 0.0
2.3249999999999997 0.0
2.335 0.0
2.3449999999999998 0.0
2.355 0.0
2.3649999999999998 0.0
2.375 0.0
2.385 0.0
2.395 0.0
2.405 0.0
2.415 0.0
2.425 0.0
2.435 0.0
2.445 0.0
2.455 0.0
2.465 0.0
2.475 0.0
2.485 0.0
2.495 0.0
2.505 0.0
2.515 0.0
2.525 0.0
2.535 0.0
2.545 0.0
2.555 0.0
2.565 0.0
2.5749999999999997 0.0
2.585 0.0
2.5949999999999998 0.0
2.605 0.0
2.6149999999999998 0.0
2.625 0.0
2.635 0.0
2.645 0.0
2.655 0.0
2.665 0.0
2.675 0.0
2.685 0.0
2.695 0.0
2.705 0.0
2.715 0.0
2.725 0.0
2.735 0.0
2.745 0.0
2.755 0.0
2.765 0.0
2.775 0.0
2.785 0.0
2.795 0.0
2.805 0.0
2.815 0.0
2.8249999999999997 0.0
2.835 0.0
2.8449999999999998 0.0
2.855 0.0
2.8649999999999998 0.0
2.875 0.0
2.885 0.0
2.895 0.0
2.905 0.0
2.915 0.0
2.925 0.0
2.935 0.0
2.945 0.0
2.955 0.0
2.965 0.0
2.975 0.0
2.985 0.0
2.995 0.0
3.005 0.0
3.015 0.0
3.025 0.0
3.035 0.0
3.045 0.0
3.055 0.0
3.065 0.0
3.075 0.0
3.085 0.004304885876553977
3.0949999999999998 0.0063901045388754405
3.105 0.009390989145837414
3.1149999999999998 0.01366380858196615
3.125 0.01968290766699172
3.135 0.028071382134672224
3.145 0.03963650860529598
3.155 0.05540947610856109
3.165 0.07668841301198684
3.175 0.1050830119721907
3.185 0.14255824143267623
3.195 0.19147373171618953
3.205 0.25461449781890716
3.215 0.3352077966446064
3.225 0.4369202254689964
3.235 0.5638287823508696
3.245 0.7242949178823797
3.255 0.9170306831155772
3.265 1.1496876475998399
3.275 1.4273007161821043
3.285 1.7547077578831987
3.295 2.136309760971922
3.305 2.57580459234961
3.315 3.0759066531798327
3.325 3.6380683921619794
3.335 4.2622226036724165
3.3449999999999998 4.950294138417661
3.355 5.6929403537092576
3.3649999999999998 6.487222279257448
3.375 7.325858259027049
3.385 8.199865270005194
3.395 9.098827379095253
3.405 10.011271312346397
3.415 10.925133158012855
3.425 11.828291007545175
3.435 12.709130407766615
3.445 13.557103794354372
3.455 14.363242397322642
3.465 15.120579994471038
3.475 15.824452536858931
3.485 16.472645885009957
3.495 17.06537507984004
3.505 17.60509177809604
3.515 18.096130497013558
3.525 18.54421779485729
3.535 18.955880142099993
3.545 19.33779486589864
3.555 19.696133340478916
3.565 20.035946114997753
3.575 20.360635935152864
3.585 20.671557079926547
3.5949999999999998 20.967768926810308
3.605 21.245959265739813
3.6149999999999998 21.500539816233797
3.625 21.723903856342698
3.635 21.906824887282983
3.645 22.04216206023437
3.655 22.114212048092973
3.665 22.11454116392357
3.675 22.033374592357063
3.685 21.862332663016083
3.695 21.594971391517163
3.705 21.227233023714874
3.715 20.757787381754035
3.725 20.18825137441708
3.735 19.523280422735535
3.745 18.770531487254086
3.755 17.940502692329545
3.765 17.04625913137013
3.775 16.103058261534358
3.785 15.127891339643085
3.795 14.138959606086681
3.805 13.155105389916436
3.815 12.195218997272066
3.825 11.277642189875264
3.835 10.41958832529324
3.8449999999999998 9.636597916719033
3.855 8.942046608756675
3.8649999999999998 8.346720504969365
3.875 7.858471564445142
3.885 7.481963518763448
3.895 7.215645245707125
3.905 7.064160346001735
3.915 7.017932601653989
3.925 7.0684808642124555
3.935 7.204399320991363
3.945 7.411742748797822
3.955 7.674503577392216
3.965 7.975168229753198
3.975 8.295335722313697
3.985 8.616377096027833
3.995 8.92011032138163
4.005 9.189462344228803
4.015 9.409088374688038
4.025 9.565918752997009
4.035 9.649605998179247
4.045 9.652849009482415
4.055 9.568952958516798
4.065 9.403255780158176
4.075 9.154301346399457
4.085 8.827434423358355
4.095 8.43050038819879
4.1049999999999995 7.973380143368627
4.115 7.467455427678059
4.125 6.925037976299187
4.135 6.358796462846037
4.145 5.781213162409446
4.155 5.2016116656556015
4.165 4.636540532516224
4.175 4.091732658653498
4.185 3.5750119302391465
4.195 3.0924650177937236
4.205 2.648433977075678
4.215 2.2455904948549867
4.225 1.8850767066786172
4.235 1.5666953263104557
4.245 1.2891312131026262
4.255 1.0501872832562456
4.265 0.8470195638934068
4.275 0.6763588593753798
4.285 0.5347095981103165
4.295 0.4185196290824301
4.305 0.32431776529652734
4.315 0.24881851921836884
4.325 0.18899561094038905
4.335 0.1421273934309728
4.345 0.10581833385355405
4.355 0.07800116732263161
4.365 0.05692438409205563
4.375 0.04112942459573782
4.385 0.029421443883097004
4.395 0.020836865386420007
4.405 0.014610256648669629
4.415 0.010142391233974186
4.425 0.006970756756413997
4.435 0.004743255869729329
4.445 0.0031954368004866777
4.455 0.0
4.465 0.0
4.475 0.0
4.485 0.0
4.495 0.002182036255146925
4.505 0.0032389801211563677
4.515 0.004760051572914574
4.525 0.0069258341717305695
4.535 0.00997676114249641
4.545 0.014228663733815584
4.555 0.020090729762488393
4.565 0.028085642503573507
4.575 0.0388713899370053
4.585 0.05326388399102164
4.595 0.07225911677944287
4.605 0.09705312440185954
4.615 0.12905755954014245
4.625 0.1719788312875413
4.635 0.22453721676045557
4.645 0.2903072970773071
4.655 0.3717039613453654
4.665 0.47132569844455374
4.675 0.5918978316499085
4.685 0.736195637068873
4.695 0.9069475067253653
4.705 1.1067198594162193
4.715 1.3377872376633428
4.725 1.6019928233436436
4.735 1.9006062875139809
4.745 2.234187268169536
4.755 2.604431125210991
4.765 3.007154486936467
4.775 3.441594946618522
4.785 3.904701658464224
4.795 4.39248029551445
4.805 4.900075220886346
4.815 5.421899724902774
4.825 5.951809164052766
4.835 6.483308250583068
4.845 7.009780695083182
4.855 7.524727239985677
4.865 8.021997102577533
4.875 8.495998118398976
4.885 8.94187244473521
4.895 9.35562740607093
4.905 9.734214661430979
4.915 10.075554969240038
4.925 10.37850998839076
4.935 10.642806359179332
4.945 10.868920390574868
4.955 11.057933785276642
4.965 11.211371843948688
4.975 11.33103553416684
4.985 11.418837848681118
4.995 11.476653268426011
5.005 11.506187192100022
5.015 11.508870192706166
5.025 11.485780152291811
5.035 11.43759385702008
5.045 11.364568545026628
5.055 11.266553126317689
5.065 11.143028198334736
5.075 10.993173388853794
5.085 10.815959807899553
5.095 10.610264376654197
5.105 10.37500150595886
5.115 10.10926610287477
5.125 9.812480366676759
5.135 9.48453553632013
5.145 9.125918932925739
5.155 8.737816539246461
5.165 8.322182135578045
5.175 7.881765720564095
5.185 7.420096510247154
5.195 6.941419028705679
5.205 6.450584375831879
5.215 5.952902317112541
5.225 5.453963008858259
5.235 4.959439611014078
5.245 4.474884492938575
5.255 4.005532065438983
5.265 3.5561204653489886
5.275 3.1307424941161663
5.285 2.7327335923949296
5.295 2.3646015145445123
5.305 2.026543711290398
5.315 1.7227771938960053
5.325 1.4512126544613015
5.335 1.211213766302294
5.345 1.0015241051460173
5.355 0.8203887942314987
5.365 0.6656808142237175
5.375 0.5350247048785276
5.385 0.425911584306048
5.395 0.3358008865457505
5.405 0.2622057974948113
5.415 0.20276090111653314
5.425 0.1552719123569717
5.435 0.11636744965550228
5.445 0.08750998087973083
5.455 0.06515394498349737
5.465 0.048026495781162075
5.475 0.035049202291221854
5.485 0.028343294832553267
5.495 0.02259700954137058
5.505 0.019416064294917944
5.515 0.01857904457431104
5.525 0.020049685502124347
5.535 0.02398022748428345
5.545 0.03072007278256812
5.555 0.04082963222834291
5.565 0.05378641150996653
5.575 0.07370133117449625
5.585 0.09998506862616365
5.595 0.13429258114685666
5.605 0.17857717506751172
5.615 0.2351023288075846
5.625 0.3064396578454369
5.635 0.39544861756295635
5.645 0.5052335820758412
5.655 0.6390743882260608
5.665 0.8003273737119145
5.675 0.9922954157643203
5.685 1.2180674946987609
5.695 1.480330808593426
5.705 1.7811613263887518
5.715 2.12180169123685
5.725 2.5024383139149324
5.735 2.9219920194172566
5.745 3.377938398453714
5.755 3.866174752303043
5.765 4.382325568623022
5.775 4.916913330450368
5.785 5.462000673923557
5.795 6.007403723840538
5.805 6.541899003908141
5.815 7.053599928118532
5.825 7.530406028871254
5.835 7.960503939333636
5.845 8.33289362074331
5.855 8.637909485039744
5.865 8.86770437095611
5.875 9.016665064106984
5.885 9.081731260246668
5.895 9.062595367457245
5.905 8.9617679127359
5.915 8.784501960557888
5.925 8.538579141953932
5.935 8.233968863629068
5.945 7.882380285338552
5.955 7.496733099669203
5.965 7.091868109706731
5.975 6.679412114143539
5.985 6.273336573317786
5.995 5.885689509778836
6.005 5.526995777116067
6.015 5.205889744129622
6.025 4.9288558564889495
6.035 4.70008514384025
6.045 4.521449164725307
6.055 4.392586722699694
6.065 4.31109320949596
6.075 4.272797811629843
6.085 4.2721101595306585
6.095 4.302415356276478
6.105 4.35649472059474
6.115 4.426949027982837
6.125 4.506601542200695
6.135 4.58885969765725
6.1450000000000005 4.668016903467171
6.155 4.739479538171188
6.165 4.799908681265731
6.175 4.847271304683718
6.185 4.880801268404191
6.195 4.900876201884667
6.205 4.908821825465402
6.215 4.906660067325702
6.225 4.896821069813555
6.235 4.881841517794504
6.245 4.864072421210832
6.255 4.845418433844342
6.265 4.827128030032331
6.275 4.809649585755146
6.285 4.792562958338643
6.295 4.772576188505525
6.305 4.75235114347325
6.315 4.726298588088623
6.325 4.691408703285828
6.335 4.644480410172947
6.345 4.582382887851384
6.355 4.503455471216323
6.365 4.4037069078791165
6.375 4.28245360979223
6.385 4.139138351893139
6.3950000000000005 3.974168470522481
6.405 3.7889265320233703
6.415 3.5857207215721663
6.425 3.3676824039481565
6.435 3.138621768219723
6.445 2.9039705894589747
6.455 2.6666713370060355
6.465 2.432299321910362
6.475 2.205660273392569
6.485 1.9913836846322788
6.495 1.7938000117690334
6.505 1.6168491226861768
6.515 1.4640198265618136
6.525 1.3383174202787707
6.535 1.2433410485784662
6.545 1.1794680200273162
6.555 1.1490427642904513
6.565 1.1532519680205218
6.575 1.1919505683055762
6.585 1.267654265962794
6.595 1.3789985264027032
6.605 1.525569790505124
6.615 1.7065154402904676
6.625 1.9205235481179843
6.635 2.165801559507975
6.6450000000000005 2.4400592850036427
6.655 2.7405015343879797
6.665 3.064922178596009
6.675 3.4079070209037283
6.685 3.7660523785596123
6.695 4.134888022749004
6.705 4.509690886954887
6.715 4.885589387712889
6.725 5.2576786275491685
6.735 5.621140715594374
6.745 5.971364016915061
6.755 6.305171156058197
6.765 6.616995541305089
6.775 6.903414356908618
6.785 7.1637222625855586
6.795 7.394586251147999
6.805 7.594614077601696
6.815 7.763074754464784
6.825 7.899891254319938
6.835 8.005617346229496
6.845 8.082546888574003
6.855 8.130637870600468
6.865 8.15290880788438
6.875 8.152062208208331
6.885 8.131181922295372
6.8950000000000005 8.093659428295762
6.905 8.043113111778336
6.915 7.983300466362069
6.925 7.918023564933462
6.935 7.851028854417118
6.945 7.785903212601328
6.955 7.72596914281117
6.965 7.674182824199544
6.975 7.633039340200055
6.985 7.6044896596912395
6.995 7.5898737731068735
