0.005 0.0
0.015 0.0
0.025 0.0
0.034999999999999996 0.0
0.045 0.0
0.055 0.0
0.065 0.0
0.07500000000000001 0.0
0.085 0.0
0.095 0.0
0.10500000000000001 0.0
0.115 0.0
0.125 0.0
0.135 0.0
0.14500000000000002 0.0
0.155 0.0
0.165 0.0
0.17500000000000002 0.0
0.185 0.0
0.195 0.0
0.20500000000000002 0.0
0.215 0.0
0.225 0.0
0.23500000000000001 0.0
0.245 0.0
0.255 0.0
0.265 0.0
0.275 0.0
0.28500000000000003 0.0
0.295 0.0
0.305 0.0
0.315 0.0
0.325 0.0
0.335 0.0
0.34500000000000003 0.0
0.35500000000000004 0.0
0.365 0.0
0.375 0.0
0.385 0.0
0.395 0.0
0.405 0.0
0.41500000000000004 0.0
0.425 0.0
0.435 0.0
0.445 0.0
0.455 0.0
0.465 0.0
0.47500000000000003 0.0
0.485 0.0
0.495 0.0
0.505 0.0
0.515 0.0
0.525 0.0
0.535 0.0
0.545 0.0
0.555 0.0
0.5650000000000001 0.0
0.5750000000000001 0.0
0.585 0.0
0.595 0.0
0.605 0.0
0.615 0.0
0.625 0.0
0.635 0.0
0.645 0.0
0.655 0.0
0.665 0.0
0.675 0.0
0.685 0.0
0.6950000000000001 0.0
0.7050000000000001 0.0
0.715 0.0
0.725 0.0
0.735 0.0
0.745 0.0
0.755 0.0
0.765 0.0
0.775 0.0
0.785 0.0
0.795 0.0
0.805 0.0
0.8150000000000001 0.0
0.8250000000000001 0.0
0.8350000000000001 0.0
0.845 0.0
0.855 0.0
0.865 0.0
0.875 0.0
0.885 0.0
0.895 0.0
0.905 0.0
0.915 0.0
0.925 0.0
0.935 0.0
0.9450000000000001 0.0
0.9550000000000001 0.0
0.965 0.0
0.975 0.0
0.985 0.0
0.995 0.0
1.005 0.0
1.015 0.0
1.025 0.0
1.035 0.0
1.045 0.0
1.055 0.0
1.065 0.0
1.075 0.0
1.085 0.0
1.095 0.0
1.105 0.0
1.115 0.0
1.125 0.0
1.135 0.0
1.145 0.0
1.155 0.0
1.1649999999999998 0.0
1.1749999999999998 0.0
1.1849999999999998 0.0
1.1949999999999998 0.0
1.2049999999999998 0.0
1.2149999999999999 0.0
1.2249999999999999 0.0
1.2349999999999999 0.0
1.2449999999999999 0.0
1.255 0.0
1.265 0.0
1.275 0.0
1.285 0.0
1.295 0.0
1.305 0.0
1.315 0.0
1.325 0.0
1.335 0.0
1.345 0.0
1.355 0.0
1.365 0.0
1.375 0.0
1.385 0.0
1.395 0.0
1.405 0.0
1.4149999999999998 0.0
1.4249999999999998 0.0
1.4349999999999998 0.0
1.4449999999999998 0.0
1.4549999999999998 0.0
1.4649999999999999 0.0
1.4749999999999999 0.0
1.4849999999999999 0.0
1.4949999999999999 0.0
1.505 0.0
1.515 0.0
1.525 0.0
1.535 0.0
1.545 0.0
1.555 0.0
1.565 0.0
1.575 0.0
1.585 0.0
1.595 0.0
1.605 0.01300582336235686
1.615 0.019305638588992396
1.625 0.02837184295495005
1.635 0.04128078791634822
1.645 0.059465553260936506
1.655 0.08480862165689267
1.665 0.11974891888044074
1.6749999999999998 0.16740184978969727
1.6849999999999998 0.2316892903028075
1.6949999999999998 0.3174744072864407
1.7049999999999998 0.4306937187393666
1.7149999999999999 0.5784760861594569
1.7249999999999999 0.7692355335511719
1.7349999999999999 1.0127221761182794
1.7449999999999999 1.320013454210242
1.755 1.703426701694171
1.765 2.1763342595667754
1.775 2.75286428861982
1.785 3.4474744832319573
1.795 4.274392252522067
1.805 5.246923627455255
1.815 6.376643929718922
1.825 7.672495562366138
1.835 9.13983131064377
1.845 10.779454153956173
1.855 12.586715459234636
1.865 14.550741130579473
1.875 16.65385846352184
1.885 18.87129395553365
1.895 21.17120342132507
1.905 23.51508027406477
1.915 25.858566252376466
1.9249999999999998 28.152662399313513
1.9349999999999998 30.34530860542574
1.9449999999999998 32.38326992600338
1.9549999999999998 34.21423991282206
1.9649999999999999 35.78904815441266
1.9749999999999999 37.06384362788854
1.9849999999999999 38.00211929642712
1.9949999999999999 38.57644778088828
2.005 38.769813030071575
2.015 38.57644778088828
2.025 38.00211929642712
2.035 37.06384362788854
2.045 35.78904815441266
2.0549999999999997 34.21423991282206
2.065 32.38326992600338
2.0749999999999997 30.34530860542574
2.085 28.152662399313513
2.0949999999999998 25.858566252376466
2.105 23.51508027406477
2.1149999999999998 21.17120342132507
2.125 18.87129395553365
2.135 16.65385846352184
2.145 14.550741130579473
2.155 12.586715459234636
2.165 10.779454153956173
2.175 9.13983131064377
2.185 7.672495562366138
2.195 6.376643929718922
2.205 5.246923627455255
2.215 4.274392252522067
2.225 3.4474744832319573
2.235 2.75286428861982
2.245 2.1763342595667754
2.255 1.703426701694171
2.265 1.320013454210242
2.275 1.0127221761182794
2.285 0.7692355335511719
2.295 0.5784760861594569
2.305 0.4306937187393666
2.315 0.3174744072864407
2.3249999999999997 0.2316892903028075
2.335 0.16740184978969727
2.3449999999999998 0.11974891888044074
2.355 0.08480862165689267
2.3649999999999998 0.059465553260936506
2.375 0.04128078791634822
2.385 0.02837184295495005
2.395 0.019305638588992396
2.405 0.01300582336235686
2.415 0.0
2.425 0.0
2.435 0.0
2.445 0.0
2.455 0.0
2.465 0.0
2.475 0.0
2.485 0.0
2.495 0.0
2.505 0.0
2.515 0.0
2.525 0.0
2.535 0.0
2.545 0.0
2.555 0.0
2.565 0.0
2.5749999999999997 0.0
2.585 0.0
2.5949999999999998 0.0
2.605 0.0
2.6149999999999998 0.0
2.625 0.0
2.635 0.0
2.645 0.0
2.655 0.005602020433955579
2.665 0.008315550569379576
2.675 0.012220652207428295
2.685 0.01778094404284314
2.695 0.025613698971832896
2.705 0.036529761958217534
2.715 0.051579655652862266
2.725 0.07210528369300447
2.735 0.09979592236825434
2.745 0.13674629182064219
2.755 0.18551343855226862
2.765 0.2491679892100789
2.775 0.33133413067494405
2.785 0.4362115466641608
2.795 0.5685716419142586
2.805 0.7337198826070345
2.815 0.9374161599409347
2.8249999999999997 1.185745920661203
2.835 1.484936552075861
2.8449999999999998 1.8411162503310199
2.855 2.260016344792348
2.8649999999999998 2.7466226934725033
2.875 3.3047870728593143
2.885 3.9368150972530875
2.895 4.643052635339407
2.905 5.421497373484189
2.915 6.26746549385187
2.925 7.173344802366042
2.935 8.12846456611604
2.945 9.119108484970296
2.955 10.128690551241247
2.965 11.138104255504526
2.975 12.12624419363384
2.985 13.070686426074705
2.995 13.948500974481592
3.005 14.737157793380511
3.015 15.415477627746887
3.025 15.96457245185434
3.035 16.368717527594004
3.045 16.616099013264986
3.055 16.699387556170848
3.065 16.616099013264986
3.075 16.368717527594004
3.085 15.96457245185434
3.0949999999999998 15.415477627746887
3.105 14.737157793380511
3.1149999999999998 13.948500974481592
3.125 13.070686426074705
3.135 12.12624419363384
3.145 11.142264652159593
3.155 10.139003201965789
3.165 9.134325207467212
3.175 8.15069456499261
3.185 7.205498082882502
3.195 6.313510091910655
3.205 5.4867803052766515
3.215 4.73469329340339
3.225 4.064178411558125
3.235 3.480041148212725
3.245 2.9853815761625393
3.255 2.582062860406092
3.265 2.271192383480736
3.275 2.053579642370899
3.285 1.9301382544445422
3.295 1.9022038053705548
3.305 1.9717445708093089
3.315 2.1414481314028517
3.325 2.414673455719398
3.335 2.7952650934055017
3.3449999999999998 3.287233666996358
3.355 3.8943148069976665
3.3649999999999998 4.619426882240429
3.375 5.46405604357396
3.385 6.427604775358208
3.395 7.5067467389526055
3.405 8.694835489605541
3.415 9.981416909117975
3.425 11.351894235634788
3.435 12.787389870357995
3.445 14.264839455249149
3.455 15.757341166582504
3.465 17.23103087856692
3.475 18.6621596550511
3.485 20.011536491617086
3.495 21.245495714969138
3.505 22.331670175428442
3.515 23.2403918699887
3.525 23.946034087781456
3.535 24.428210633664577
3.545 24.67275391248134
3.555 24.67240641299538
3.565 24.427178499638593
3.575 23.94434789900717
3.585 23.238100916605845
3.5949999999999998 22.328840064760904
3.605 21.24220525232436
3.6149999999999998 20.00787404185268
3.625 18.658219218841673
3.635 17.226908125201565
3.645 15.7475276336029
3.655 14.252311689688032
3.665 12.771036017585818
3.675 11.330128306198304
3.685 9.952023667569556
3.695 8.65477614870749
3.705 7.451919227869462
3.715 6.352552901739491
3.725 5.361623150910281
3.735 4.480351796708749
3.745 3.7067711317509646
3.755 3.0363179275865875
3.765 2.4624448968475887
3.775 1.9772136150282968
3.785 1.571840399034982
3.795 1.2371748191903216
3.805 0.9640986079372302
3.815 0.7438400961831018
3.825 0.5682055169281139
3.835 0.42973331658783964
3.8449999999999998 0.32178093378386496
3.855 0.23855541462792373
3.8649999999999998 0.17509990967896244
3.875 0.12724778241589707
3.885 0.09155502029263737
3.895 0.06522014007897817
3.905 0.04599905366403187
3.915 0.03212060041165152
3.925 0.022206800024876683
3.935 0.015200429489924769
3.945 0.010301329235482442
3.955 0.004137023701798653
3.965 0.0
3.975 0.0
3.985 0.0
3.995 0.0
4.005 0.002694483283241228
4.015 0.0039996483883439566
4.025 0.005877940552239274
4.035 0.008552353039144311
4.045 0.012319784355524903
4.055 0.017570238112769258
4.065 0.0248089991013907
4.075 0.03468150176078195
4.085 0.048000261285557615
4.095 0.06577280495490402
4.1049999999999995 0.08922903171967442
4.115 0.11984586446274857
4.125 0.15936647978995583
4.135 0.2098108591891477
4.145 0.27347397292180875
4.155 0.3529076663632261
4.165 0.450882356139057
4.175 0.5703250459472398
4.185 0.7142310106528972
4.195 0.8855478157400883
4.205 1.0870321400443523
4.215 1.3210821024633448
4.225 1.589550346606562
4.235 1.8935458365099294
4.245 2.2332349295444147
4.255 2.607654544500579
4.265 3.014551839031903
4.275 3.4502654681059157
4.285 3.9096629778541083
4.295 4.386147044712929
4.305 4.87174006114297
4.315 5.357252098108448
4.325 5.832531789816473
4.335 6.286793575773949
4.345 6.709008498827737
4.355 7.0883399632145725
4.365 7.414601082026772
4.375 7.678707013433939
4.385 7.873094406950795
4.395 7.992080991448698
4.405 8.034406007092638
4.415 7.9954424432245395
4.425 7.878034444621406
4.435 7.6858947258325685
4.445 7.424955082423546
4.455 7.103106638274874
4.465 6.729858895159891
4.475 6.315941186854561
4.485 5.872872976809168
4.495 5.412529985200246
4.505 4.946731424885058
4.515 4.486869922028758
4.525 4.043600435471835
4.535 3.626598239573435
4.545 3.244389435407516
4.555 2.904251141656981
4.565 2.612173063495478
4.575 2.372868004951908
4.585 2.1898163865207954
4.595 2.065329093395712
4.605 2.000613975937256
4.615 1.9958338579581922
4.625 2.0501476504661165
4.635 2.161730688834232
4.645 2.3277752204384523
4.655 2.5444765615038163
4.665 2.8070143366729
4.675 3.109541000141081
4.685 3.445191203320889
4.695 3.8061253423092603
4.705 4.183618760500284
4.715 4.568204726545864
4.725 4.949874735969303
4.735 5.318334307648319
4.745 5.663306772617138
4.755 5.976839620247645
4.765 6.24674403949554
4.775 6.466312463436603
4.785 6.6289611971705185
4.795 6.729834543957849
4.805 6.766031492112822
4.815 6.734954367054925
4.825 6.642162440662589
4.835 6.488517312562982
4.845 6.279530256705055
4.855 6.02245584846023
4.865 5.726007754395478
4.875 5.40002025554304
4.885 5.055075791711327
4.895 4.702119263734753
4.905 4.352078579991288
4.915 4.015508246328557
4.925 3.7022690797030036
4.935 3.4212528682161127
4.945 3.1801565216877705
4.955 2.9853064364180533
4.965 2.8415308186032426
4.975 2.752075817552438
4.985 2.7185605941182365
4.995 2.740966807553348
5.005 2.8176592135575995
5.015 2.945435784364924
5.025 3.121384094285767
5.035 3.3367471658989336
5.045 3.5855243397947287
5.055 3.8595201480879484
5.065 4.1497600049757155
5.075 4.44676028237803
5.085 4.740833972860957
5.095 5.0224246336857234
5.105 5.282457551440692
5.115 5.51441263528432
5.125 5.708620528085013
5.135 5.860750650780326
5.145 5.9670986798673775
5.155 6.0259288297800495
5.165 6.037588118189832
5.175 6.004529162734923
5.185 5.931236666197399
5.195 5.824058404878183
5.205 5.69094723302814
5.215 5.5396154909201
5.225 5.3836934467898185
5.235 5.231522516711056
5.245 5.0936660735237975
5.255 4.980194881167986
5.265 4.900259027309894
5.275 4.861701357526969
5.285 4.872346766864469
5.295 4.934057602118365
5.305 5.050256305366663
5.315 5.221159200006278
5.325 5.444859718182853
5.335 5.717418125243253
5.345 6.033030862815808
5.355 6.384270747509067
5.365 6.76238685946894
5.375 7.1576510586424185
5.385 7.559736676412845
5.395 7.9581140402415205
5.405 8.342447092515638
5.415 8.70297545759113
5.425 9.03086689129509
5.435 9.318526114593364
5.445 9.559847586345532
5.455 9.750401803017745
5.465 9.88754721042977
5.475 9.97046274312643
5.485 10.000099317184457
5.495 9.97905220828725
5.505 9.911360027630966
5.515 9.802239801092458
5.525 9.657771258401416
5.535 9.484546610923612
5.545 9.289304581644627
5.555 9.0785689944328
5.565 8.857000345768697
5.575 8.632799397111262
5.585 8.4081219353395
5.595 8.185849214023957
5.605 7.967557616211382
5.615 7.7535428281408265
5.625 7.542928332290781
5.635 7.3338494151996
5.645 7.123698374470324
5.655 6.9094121761246345
5.665 6.687780870652839
5.675 6.455753903232953
5.685 6.2107221622809465
5.695 5.950756128654586
5.705 5.674784565401111
5.715 5.3827034237814235
5.725 5.075410527929217
5.735 4.75476758076901
5.745 4.423496562229656
5.755 4.085022191545721
5.765 3.7432754400129284
5.775 3.402474899366154
5.785 3.0669030859578714
5.795 2.742055936654652
5.805 2.4296649216009207
5.815 2.1340274677880835
5.825 1.8579581470521191
5.835 1.6024524266386813
5.845 1.3718135841499863
5.855 1.1652303850996295
5.865 0.9830890227932665
5.875 0.8252886599132754
5.885 0.6913505407807459
5.895 0.5805353922262669
5.905 0.4919607393362637
5.915 0.42471060059607335
5.925 0.37678462226521614
5.935 0.35015017092848166
5.945 0.3426211306679341
5.955 0.3539349104166172
5.965 0.384039317179222
5.975 0.4330709004058992
5.985 0.5013071871237466
5.995 0.5903738390767033
6.005 0.698658976252548
6.015 0.8272920110968786
6.025 0.9763345369868972
6.035 1.1455237115436967
6.045 1.334170134138016
6.055 1.5410711392469043
6.065 1.7644476291222153
6.075 2.0019118838044774
6.085 2.250472440950218
6.095 2.505501128655454
6.105 2.765504113380058
6.115 3.0245581956051106
6.125 3.2781685931121083
6.135 3.5218479362437662
6.1450000000000005 3.7513279938767545
6.155 3.9627727353676163
6.165 4.152977623148298
6.175 4.319539782401583
6.185 4.460984780140903
6.195 4.576838181749947
6.205 4.6676337171785
6.215 4.736049359789689
6.225 4.782582774567198
6.235 4.811056085949295
6.245 4.824935271801912
6.255 4.827876396428079
6.265 4.823465711809971
6.275 4.814971084057602
6.285 4.8051247452489605
6.295 4.795955048862851
6.305 4.788680960605468
6.315 4.783677774087282
6.325 4.780516461857375
6.335 4.778072703173404
6.345 4.775844772032755
6.355 4.770126356815124
6.365 4.759714578702646
6.375 4.742831388758546
6.385 4.718121168727148
6.3950000000000005 4.684845121743214
6.405 4.64302219995269
6.415 4.59350452131885
6.425 4.537980920545597
6.435 4.4789084314685415
6.445 4.4193775541191105
6.455 4.362922582966867
6.465 4.313292597485482
6.475 4.274201587684116
6.485 4.249077392935475
6.495 4.240828617644122
6.505 4.251646556378559
6.515 4.2828556635644635
6.525 4.335911860787186
6.535 4.40853924809533
6.545 4.499949304390592
6.555 4.6077752993485745
6.565 4.728935621297336
6.575 4.859803581017038
6.585 4.996396979649477
6.595 5.134573422819555
6.605 5.269309840649887
6.615 5.398815996516886
6.625 5.51820036186656
6.635 5.624378015143459
6.6450000000000005 5.714793844566081
6.655 5.7874765476339505
6.665 5.841064464824123
6.675 5.875898031481958
6.685 5.890170218102616
6.695 5.885084438404442
6.705 5.86166164810586
6.715 5.821421833216526
6.725 5.766330324819654
6.735 5.698735486615995
6.745 5.621296582817845
6.755 5.536900742998387
6.765 5.448568734851994
6.775 5.359350623291168
6.785 5.27221411518784
6.795 5.189930170007629
6.805 5.114109274922643
6.815 5.0488012832248375
6.825 4.994332712456823
6.835 4.951746601581591
6.845 4.921497517827962
6.855 4.904605126796026
6.865 4.898649089729743
6.875 4.903301650343728
6.885 4.917091700021684
6.8950000000000005 4.938276996055855
6.905 4.9649561948402905
6.915 4.995178051885758
6.925 5.02703951277496
6.935 5.0587662320199955
6.945 5.0887715514140375
6.955 5.115692796669854
6.965 5.138406517192873
6.975 5.156026616990205
6.985 5.16908572471435
6.995 5.175315674897462
