0.005 0.0
0.015 0.0
0.025 0.0
0.034999999999999996 0.0
0.045 0.0
0.055 0.0
0.065 0.0
0.07500000000000001 0.0
0.085 0.0
0.095 0.0
0.10500000000000001 0.0
0.115 0.0
0.125 0.0
0.135 0.0
0.14500000000000002 0.0
0.155 0.0
0.165 0.0
0.17500000000000002 0.0
0.185 0.0
0.195 0.0
0.20500000000000002 0.0
0.215 0.0
0.225 0.0
0.23500000000000001 0.0
0.245 0.0
0.255 0.0
0.265 0.0
0.275 0.0
0.28500000000000003 0.0
0.295 0.0
0.305 0.0
0.315 0.0
0.325 0.0
0.335 0.0
0.34500000000000003 0.0
0.35500000000000004 0.0
0.365 0.0
0.375 0.0
0.385 0.0
0.395 0.0
0.405 0.0
0.41500000000000004 0.0
0.425 0.0
0.435 0.0
0.445 0.0
0.455 0.0
0.465 0.0
0.47500000000000003 0.0
0.485 0.0
0.495 0.0
0.505 0.0
0.515 0.0
0.525 0.0
0.535 0.0
0.545 0.0
0.555 0.0
0.5650000000000001 0.0
0.5750000000000001 0.0
0.585 0.0
0.595 0.0
0.605 0.0
0.615 0.0
0.625 0.0
0.635 0.0
0.645 0.0
0.655 0.0
0.665 0.0
0.675 0.0
0.685 0.0
0.6950000000000001 0.0
0.7050000000000001 0.0
0.715 0.0
0.725 0.0
0.735 0.0
0.745 0.0
0.755 0.0
0.765 0.0
0.775 0.0
0.785 0.0
0.795 0.0
0.805 0.0
0.8150000000000001 0.0
0.8250000000000001 0.0
0.8350000000000001 0.0
0.845 0.0
0.855 0.0
0.865 0.0
0.875 0.0
0.885 0.0
0.895 0.0
0.905 0.0
0.915 0.0
0.925 0.0
0.935 0.0
0.9450000000000001 0.0
0.9550000000000001 0.0
0.965 0.0
0.975 0.0
0.985 0.0
0.995 0.0
1.005 0.0
1.015 0.0
1.025 0.0
1.035 0.0
1.045 0.0
1.055 0.0
1.065 0.0
1.075 0.0
1.085 0.0
1.095 0.0
1.105 0.0
1.115 0.0
1.125 0.0
1.135 0.0
1.145 0.0
1.155 0.0
1.1649999999999998 0.0
1.1749999999999998 0.0
1.1849999999999998 0.0
1.1949999999999998 0.0
1.2049999999999998 0.0
1.2149999999999999 0.0
1.2249999999999999 0.0
1.2349999999999999 0.0
1.2449999999999999 0.0
1.255 0.0
1.265 0.0
1.275 0.0
1.285 0.0
1.295 0.0
1.305 0.0
1.315 0.0
1.325 0.0
1.335 0.0
1.345 0.0
1.355 0.0
1.365 0.0
1.375 0.0
1.385 0.0
1.395 0.0
1.405 0.0
1.4149999999999998 0.0
1.4249999999999998 0.0
1.4349999999999998 0.0
1.4449999999999998 0.0
1.4549999999999998 0.0
1.4649999999999999 0.0
1.4749999999999999 0.0
1.4849999999999999 0.0
1.4949999999999999 0.0
1.505 0.0
1.515 0.0
1.525 0.0
1.535 0.0
1.545 0.0
1.555 0.0
1.565 0.0
1.575 0.0
1.585 0.0
1.595 0.0
1.605 0.0
1.615 0.0
1.625 0.0
1.635 0.0
1.645 0.0
1.655 0.0
1.665 0.0
1.6749999999999998 0.0
1.6849999999999998 0.0
1.6949999999999998 0.0
1.7049999999999998 0.0
1.7149999999999999 0.0
1.7249999999999999 0.0
1.7349999999999999 0.0
1.7449999999999999 0.0
1.755 0.0
1.765 0.0
1.775 0.0
1.785 0.0
1.795 0.0
1.805 0.0
1.815 0.010656615756307318
1.825 0.015818511957381296
1.835 0.023247111716455555
1.845 0.033824347962113026
1.855 0.04872444705593721
1.865 0.06948986378173991
1.875 0.09811898717889547
1.885 0.13716449473450343
1.895 0.1898398642530182
1.905 0.2601298415835106
1.915 0.35289864712023855
1.9249999999999998 0.4739874748919193
1.9349999999999998 0.6302905459164548
1.9449999999999998 0.8297968377780718
1.9549999999999998 1.081582901962877
1.9649999999999999 1.3957412247754184
1.9749999999999999 1.7832287364917667
1.9849999999999999 2.255621665444911
1.9949999999999999 2.8247662507711877
2.005 3.5023200421668745
2.015 4.299185637282733
2.025 5.224847537948559
2.035 6.2866329045154945
2.045 7.4889276627348424
2.0549999999999997 8.832389751956853
2.065 10.31321020945574
2.0749999999999997 11.922479098622986
2.085 13.645715889033712
2.0949999999999998 15.462621850647965
2.105 17.347104729461396
2.1149999999999998 19.267613281964408
2.125 21.187801562657476
2.135 23.067521167084198
2.145 24.864115466195813
2.155 26.53396520308144
2.165 28.03421190544184
2.175 29.324566683676803
2.185 30.369099209624505
2.195 31.137896616334483
2.205 31.608485659894725
2.215 31.766923853599025
2.225 31.608485659894725
2.235 31.137896616334483
2.245 30.369099209624505
2.255 29.324566683676803
2.265 28.03421190544184
2.275 26.53396520308144
2.285 24.864115466195813
2.295 23.067521167084198
2.305 21.187801562657476
2.315 19.267613281964408
2.3249999999999997 17.347104729461396
2.335 15.462621850647965
2.3449999999999998 13.645715889033712
2.355 11.922479098622986
2.3649999999999998 10.31321020945574
2.375 8.832389751956853
2.385 7.4889276627348424
2.395 6.2866329045154945
2.405 5.224847537948559
2.415 4.299185637282733
2.425 3.5023200421668745
2.435 2.8247662507711877
2.445 2.255621665444911
2.455 1.7832287364917667
2.465 1.3957412247754184
2.475 1.081582901962877
2.485 0.8297968377780718
2.495 0.6302905459164548
2.505 0.4739874748919193
2.515 0.35289864712023855
2.525 0.2601298415835106
2.535 0.1898398642530182
2.545 0.13716449473450343
2.555 0.09811898717889547
2.565 0.06948986378173991
2.5749999999999997 0.04872444705593721
2.585 0.033824347962113026
2.5949999999999998 0.023247111716455555
2.605 0.015818511957381296
2.6149999999999998 0.010656615756307318
2.625 0.0
2.635 0.0
2.645 0.0
2.655 0.0
2.665 0.0
2.675 0.0
2.685 0.0
2.695 0.0
2.705 0.0
2.715 0.0
2.725 0.0
2.735 0.0
2.745 0.0
2.755 0.0
2.765 0.0
2.775 0.0
2.785 0.0
2.795 0.0
2.805 0.0
2.815 0.0
2.8249999999999997 0.0
2.835 0.0
2.8449999999999998 0.0
2.855 0.0
2.8649999999999998 0.0
2.875 0.0
2.885 0.0
2.895 0.0
2.905 0.0
2.915 0.0
2.925 0.0
2.935 0.0
2.945 0.0
2.955 0.0
2.965 0.0
2.975 0.0
2.985 0.0
2.995 0.0
3.005 0.0
3.015 0.0
3.025 0.0
3.035 0.0
3.045 0.0
3.055 0.0
3.065 0.0
3.075 0.0
3.085 0.0
3.0949999999999998 0.0
3.105 0.0
3.1149999999999998 0.0
3.125 0.0
3.135 0.0
3.145 0.0
3.155 0.0
3.165 0.0
3.175 0.0
3.185 0.0
3.195 0.0
3.205 0.0
3.215 0.0
3.225 0.0
3.235 0.0
3.245 0.0
3.255 0.0
3.265 0.0
3.275 0.0
3.285 0.0
3.295 0.0
3.305 0.0
3.315 0.0
3.325 0.0
3.335 0.0
3.3449999999999998 0.0
3.355 0.0
3.3649999999999998 0.0
3.375 0.0
3.385 0.0
3.395 0.0
3.405 0.0
3.415 0.0
3.425 0.0
3.435 0.0
3.445 0.0
3.455 0.0
3.465 0.0
3.475 0.0
3.485 0.0
3.495 0.0
3.505 0.0
3.515 0.0
3.525 0.0
3.535 0.0
3.545 0.0
3.555 0.0
3.565 0.0
3.575 0.0
3.585 0.0
3.5949999999999998 0.0
3.605 0.0
3.6149999999999998 0.0
3.625 0.0
3.635 0.0
3.645 0.0
3.655 0.0
3.665 0.0
3.675 0.0
3.685 0.0
3.695 0.0
3.705 0.0
3.715 0.0
3.725 0.0
3.735 0.0
3.745 0.0
3.755 0.0030284836940839828
3.765 0.004495433317960032
3.775 0.006606553185157749
3.785 0.009612478164623055
3.795 0.013846909449167978
3.805 0.022705085277272122
3.815 0.032273413498531654
3.825 0.04543089662336078
3.835 0.0633354768038063
3.8449999999999998 0.08744538406585417
3.855 0.11957095699188486
3.8649999999999998 0.1619266865397555
3.875 0.21718011983855418
3.885 0.28849327308477585
3.895 0.3823855101806055
3.905 0.4987790090568534
3.915 0.6444726086678036
3.925 0.8249036367802156
3.935 1.0459676564197848
3.945 1.3166757248159744
3.955 1.6392607244247541
3.965 2.0221541938379985
3.975 2.4717343422948646
3.985 2.9938995243849185
3.995 3.5937658917203574
4.005 4.275349004939377
4.015 5.041245422966219
4.025 5.892332902685563
4.035 6.827509323246048
4.045 7.843490465639918
4.055 8.934685103316436
4.065 10.093162413655747
4.075 11.308721603220846
4.085 12.569067146596428
4.095 13.860085650953241
4.1049999999999995 15.166212711753158
4.115 16.470870951466786
4.125 17.75695448511503
4.135 19.007331018176757
4.145 20.205331181521657
4.155 21.33519583813712
4.165 22.38245596302933
4.175 23.334225996801408
4.185 24.179399708550537
4.195 24.9087467418923
4.205 25.51491717972621
4.215 25.992369637003677
4.225 26.337244655691386
4.235 26.54720881993422
4.245 26.6212956218003
4.255 26.55976663808729
4.265 26.364011347011235
4.275 26.036496575906558
4.285 25.580768038059368
4.295 25.00149774041841
4.305 24.30456328518447
4.315 23.497139184573562
4.325 22.58777695785854
4.335 21.586450359935817
4.345 20.504544616619672
4.355 19.354773675377174
4.365 18.151016581722082
4.375 16.908072308836708
4.385 15.641340748235066
4.395 14.366445177753711
4.405 13.098817553952317
4.415 11.853271839981367
4.425 10.643591960403207
4.435 9.482159845472832
4.445 8.379645635762287
4.455 7.3447769335943605
4.465 6.3841976316542395
4.475 5.502420010818727
4.485 4.7018671538528265
4.495 3.9829968579856647
4.505 3.3444935960420885
4.515 2.783511949719771
4.525 2.29595341725741
4.535 1.876758512613316
4.545 1.5201974199485075
4.555 1.2201448461473174
4.565 0.9683078472266249
4.575 0.7632043790315368
4.585 0.5959344104186199
4.595 0.4609687848687505
4.605 0.3532207832465378
4.615 0.2661358424990777
4.625 0.20027896055805786
4.635 0.14927466024846178
4.645 0.11019212010076754
4.655 0.08056076970540801
4.665 0.058331116895157145
4.675 0.041828824597414396
4.685 0.02970604649797076
4.695 0.0208931107032052
4.705 0.012662380645940136
4.715 0.008790182236553786
4.725 0.006041398009802267
4.735 0.004110873119335079
4.745 0.002769413164380773
4.755 0.0
4.765 0.0
4.775 0.0
4.785 0.0
4.795 0.0
4.805 0.0
4.815 0.0
4.825 0.001915114671727429
4.835 0.00284276594251289
4.845 0.004177769541622079
4.855 0.00797192970916687
4.865 0.011566736312992772
4.875 0.016618321573931588
4.885 0.025514384907125463
4.895 0.03795005744180487
4.905 0.053313862318141295
4.915 0.07419004353337495
4.925 0.10226686692080965
4.935 0.1414783574712913
4.945 0.19160825886295885
4.955 0.25709246318363466
4.965 0.3435795571286421
4.975 0.454629462571127
4.985 0.5940283627838934
4.995 0.7691593079356547
5.005 0.9869673868473884
5.015 1.2551202397250176
5.025 1.5819156683676807
5.035 1.9779068561054536
5.045 2.449477971673645
5.055 3.007007455818576
5.065 3.6594346113218377
5.075 4.415078711818305
5.085 5.281235830796451
5.095 6.263747574407452
5.105 7.366559349023451
5.115 8.591289138460063
5.125 9.936830108295172
5.135 11.399011375846925
5.145 12.970340745137737
5.155 14.639850982170682
5.165 16.39306731164119
5.175 18.212108416433548
5.185 20.075926625840722
5.195 21.960685621265878
5.205 23.84026639052514
5.215 25.686884884520225
5.225 27.4717984190085
5.235 29.166072796903528
5.245 30.741378764902237
5.255 32.170784974495334
5.265 33.42951513699019
5.275 34.49563942543077
5.285 35.350674118601646
5.295 35.98006862920131
5.305 36.37356497070414
5.315 36.525420940708074
5.325 36.43449440859466
5.335 36.104191736410186
5.345 35.54228827192718
5.355 34.76063287401225
5.365 33.774751505373025
5.375 32.603367083898206
5.385 31.267854109354865
5.395 29.791647198652573
5.405 28.19962269856247
5.415 26.517472113440526
5.425 24.771085272543274
5.435 22.98596001897259
5.445 21.18665375212384
5.455 19.396290399547635
5.465 17.636134327818763
5.475 15.925240329168641
5.485 14.280186166326011
5.495 12.71489127712061
5.505 11.24052222074496
5.515 9.86548240693464
5.525 8.59548072715998
5.535 7.433671051900724
5.545 6.380852313508255
5.555 5.435717183257241
5.565 4.595136264195311
5.575 3.8544643062128525
5.585 3.2078552071022766
5.595 2.648573446984188
5.605 2.1692910250231723
5.615 1.7623608054122757
5.625 1.420059291381476
5.635 1.1335167433340145
5.645 0.8984299873651141
5.655 0.7060862560307287
5.665 0.548933514228972
5.675 0.424210168264716
5.685 0.32497457567830307
5.695 0.24552525260219782
5.705 0.18367146525087072
5.715 0.13720106636945184
5.725 0.1015584579860771
5.735 0.07449057659943513
5.745 0.05291216933872557
5.755 0.038175084843682525
5.765 0.027284721806773393
5.775 0.018106504823000504
5.785 0.011541717490346085
5.795 0.008092745793246562
5.805 0.005617957026078619
5.815 0.00386116163273225
5.825 0.002627329889481402
5.835 0.0017699797030655549
5.845 0.0
5.855 0.0
5.865 0.0
5.875 0.0
5.885 0.0
5.895 0.0
5.905 0.0
5.915 0.0
5.925 0.0
5.935 0.0
5.945 0.0
5.955 0.0
5.965 0.0
5.975 0.0
5.985 0.0
5.995 0.0
6.005 0.0
6.015 0.0
6.025 0.0
6.035 0.0
6.045 0.0
6.055 0.0
6.065 0.0
6.075 0.0
6.085 0.0
6.095 0.0
6.105 0.0
6.115 0.0
6.125 0.0
6.135 0.0
6.1450000000000005 0.0
6.155 0.0
6.165 0.0
6.175 0.0
6.185 0.0
6.195 0.0
6.205 0.0
6.215 0.0
6.225 0.0
6.235 0.0
6.245 0.0
6.255 0.0
6.265 0.0
6.275 0.0
6.285 0.0
6.295 0.0
6.305 0.0
6.315 0.0
6.325 0.0
6.335 0.0
6.345 0.0
6.355 0.0
6.365 0.0
6.375 0.0
6.385 0.0
6.3950000000000005 0.0
6.405 0.0
6.415 0.0
6.425 0.0
6.435 0.0
6.445 0.0
6.455 0.0
6.465 0.0
6.475 0.0
6.485 0.0
6.495 0.0
6.505 0.0
6.515 0.0
6.525 0.0
6.535 0.0
6.545 0.0
6.555 0.0
6.565 0.0
6.575 0.0
6.585 0.0
6.595 0.0
6.605 0.0
6.615 0.0
6.625 0.0
6.635 0.0
6.6450000000000005 0.0
6.655 0.0
6.665 0.0
6.675 0.0
6.685 0.0
6.695 0.0
6.705 0.0
6.715 0.0
6.725 0.0
6.735 0.0
6.745 0.0
6.755 0.0
6.765 0.0
6.775 0.0
6.785 0.0
6.795 0.0
6.805 0.0
6.815 0.0
6.825 0.0
6.835 0.0
6.845 0.0
6.855 0.0
6.865 0.0
6.875 0.0
6.885 0.0
6.8950000000000005 0.0
6.905 0.0
6.915 0.0
6.925 0.0
6.935 0.0
6.945 0.0
6.955 0.0
6.965 0.0
6.975 0.0
6.985 0.0
6.995 0.0
