0.005 0.0
0.015 0.0
0.025 0.0
0.034999999999999996 0.0
0.045 0.0
0.055 0.0
0.065 0.0
0.07500000000000001 0.0
0.085 0.0
0.095 0.0
0.10500000000000001 0.0
0.115 0.0
0.125 0.0
0.135 0.0
0.14500000000000002 0.0
0.155 0.0
0.165 0.0
0.17500000000000002 0.0
0.185 0.0
0.195 0.0
0.20500000000000002 0.0
0.215 0.0
0.225 0.0
0.23500000000000001 0.0
0.245 0.0
0.255 0.0
0.265 0.0
0.275 0.0
0.28500000000000003 0.0
0.295 0.0
0.305 0.0
0.315 0.0
0.325 0.0
0.335 0.0
0.34500000000000003 0.0
0.35500000000000004 0.0
0.365 0.0
0.375 0.0
0.385 0.0
0.395 0.0
0.405 0.0
0.41500000000000004 0.0
0.425 0.0
0.435 0.0
0.445 0.0
0.455 0.0
0.465 0.0
0.47500000000000003 0.0
0.485 0.0
0.495 0.0
0.505 0.0
0.515 0.0
0.525 0.0
0.535 0.0
0.545 0.0
0.555 0.0
0.5650000000000001 0.0
0.5750000000000001 0.0
0.585 0.0
0.595 0.0
0.605 0.0
0.615 0.0
0.625 0.0
0.635 0.0
0.645 0.0
0.655 0.0
0.665 0.0
0.675 0.0
0.685 0.0
0.6950000000000001 0.0
0.7050000000000001 0.0
0.715 0.0
0.725 0.0
0.735 0.0
0.745 0.0
0.755 0.0
0.765 0.0
0.775 0.0
0.785 0.0
0.795 0.0
0.805 0.0
0.8150000000000001 0.0
0.8250000000000001 0.0
0.8350000000000001 0.0
0.845 0.0
0.855 0.0
0.865 0.0
0.875 0.0
0.885 0.0
0.895 0.0
0.905 0.0
0.915 0.0
0.925 0.0
0.935 0.0
0.9450000000000001 0.0
0.9550000000000001 0.0
0.965 0.0
0.975 0.0
0.985 0.0
0.995 0.0
1.005 0.0
1.015 0.0
1.025 0.0
1.035 0.0
1.045 0.0
1.055 0.0
1.065 0.0
1.075 0.0
1.085 0.0
1.095 0.0
1.105 0.0
1.115 0.0
1.125 0.0
1.135 0.0
1.145 0.0
1.155 0.0
1.1649999999999998 0.0
1.1749999999999998 0.0
1.1849999999999998 0.0
1.1949999999999998 0.0
1.2049999999999998 0.0
1.2149999999999999 0.0
1.2249999999999999 0.0
1.2349999999999999 0.0
1.2449999999999999 0.0
1.255 0.0
1.265 0.0
1.275 0.0
1.285 0.0
1.295 0.0
1.305 0.0
1.315 0.0
1.325 0.0
1.335 0.0
1.345 0.0
1.355 0.0
1.365 0.0
1.375 0.0
1.385 0.0
1.395 0.0
1.405 0.0
1.4149999999999998 0.0
1.4249999999999998 0.0
1.4349999999999998 0.0
1.4449999999999998 0.0
1.4549999999999998 0.0
1.4649999999999999 0.0
1.4749999999999999 0.0
1.4849999999999999 0.0
1.4949999999999999 0.0
1.505 0.0
1.515 0.0
1.525 0.0
1.535 0.0
1.545 0.0
1.555 0.0
1.565 0.0
1.575 0.0
1.585 0.0
1.595 0.0
1.605 0.0
1.615 0.0
1.625 0.0
1.635 0.0
1.645 0.0
1.655 0.0
1.665 0.0
1.6749999999999998 0.0
1.6849999999999998 0.0
1.6949999999999998 0.0
1.7049999999999998 0.0
1.7149999999999999 0.0
1.7249999999999999 0.0
1.7349999999999999 0.0
1.7449999999999999 0.0
1.755 0.0
1.765 0.0
1.775 0.011052186834205393
1.785 0.01640569141179874
1.795 0.02411003905192343
1.805 0.03507989982665815
1.815 0.05053308710477232
1.825 0.07206931122994725
1.835 0.10176114097407671
1.845 0.14225600861397855
1.855 0.19688667549664812
1.865 0.269785800302651
1.875 0.3659981621466203
1.885 0.4915817788098596
1.895 0.6536867831777607
1.905 0.860598701809062
1.915 1.121731005652583
1.9249999999999998 1.447550811737809
1.9349999999999998 1.8494217690232595
1.9449999999999998 2.3393498127230177
1.9549999999999998 2.9296209115922185
1.9649999999999999 3.632325340838171
1.9749999999999999 4.458770399979773
1.9849999999999999 5.4187926533306285
1.9949999999999999 6.519991243715895
2.005 7.766914901422262
2.015 9.160245988354376
2.025 10.696034153983272
2.035 12.365038726942904
2.045 14.152241662914703
2.0549999999999997 16.036590747759686
2.065 17.991025189123498
2.0749999999999997 19.98282256873623
2.085 21.97428778812453
2.0949999999999998 23.923782143473385
2.105 25.78706560166672
2.1149999999999998 27.51889976920583
2.125 29.074835277350044
2.135 30.413087722364935
2.145 31.496393050732973
2.155 32.29372803689706
2.165 32.78178523540114
2.175 32.94610461770199
2.185 32.78178523540114
2.195 32.29372803689706
2.205 31.496393050732973
2.215 30.413087722364935
2.225 29.074835277350044
2.235 27.51889976920583
2.245 25.78706560166672
2.255 23.923782143473385
2.265 21.97428778812453
2.275 19.98282256873623
2.285 17.991025189123498
2.295 16.036590747759686
2.305 14.152241662914703
2.315 12.365038726942904
2.3249999999999997 10.696034153983272
2.335 9.160245988354376
2.3449999999999998 7.766914901422262
2.355 6.519991243715895
2.3649999999999998 5.4187926533306285
2.375 4.458770399979773
2.385 3.632325340838171
2.395 2.9296209115922185
2.405 2.3393498127230177
2.415 1.8494217690232595
2.425 1.447550811737809
2.435 1.121731005652583
2.445 0.860598701809062
2.455 0.6536867831777607
2.465 0.4915817788098596
2.475 0.3659981621466203
2.485 0.269785800302651
2.495 0.19688667549664812
2.505 0.14225600861397855
2.515 0.10176114097407671
2.525 0.07206931122994725
2.535 0.05053308710477232
2.545 0.03507989982665815
2.555 0.02411003905192343
2.565 0.01640569141179874
2.5749999999999997 0.011052186834205393
2.585 0.0
2.5949999999999998 0.0
2.605 0.0
2.6149999999999998 0.0
2.625 0.0
2.635 0.0
2.645 0.0
2.655 0.0
2.665 0.0
2.675 0.0
2.685 0.0
2.695 0.0
2.705 0.0
2.715 0.0
2.725 0.0
2.735 0.0
2.745 0.0
2.755 0.0
2.765 0.0
2.775 0.0
2.785 0.0
2.795 0.0
2.805 0.0
2.815 0.0
2.8249999999999997 0.0
2.835 0.0
2.8449999999999998 0.0
2.855 0.0
2.8649999999999998 0.0
2.875 0.0
2.885 0.0
2.895 0.0
2.905 0.0
2.915 0.0
2.925 0.0
2.935 0.0
2.945 0.0
2.955 0.0
2.965 0.0
2.975 0.0
2.985 0.0
2.995 0.0
3.005 0.0
3.015 0.0
3.025 0.0
3.035 0.0
3.045 0.0
3.055 0.0
3.065 0.0
3.075 0.0
3.085 0.0
3.0949999999999998 0.0
3.105 0.0
3.1149999999999998 0.0
3.125 0.0
3.135 0.0
3.145 0.0
3.155 0.0
3.165 0.0
3.175 0.0
3.185 0.0
3.195 0.0
3.205 0.0
3.215 0.0
3.225 0.0
3.235 0.0
3.245 0.0
3.255 0.0
3.265 0.0
3.275 0.0
3.285 0.0
3.295 0.0
3.305 0.0
3.315 0.0
3.325 0.0
3.335 0.0
3.3449999999999998 0.0
3.355 0.0
3.3649999999999998 0.0
3.375 0.0
3.385 0.0
3.395 0.0
3.405 0.0
3.415 0.0
3.425 0.0
3.435 0.0
3.445 0.0
3.455 0.0
3.465 0.0
3.475 0.0
3.485 0.0
3.495 0.0034462941511865263
3.505 0.005115624555284488
3.515 0.007517995109562073
3.525 0.010938618339554439
3.535 0.015757232947926088
3.545 0.022472660795338936
3.555 0.03173117051112916
3.565 0.044358284727887685
3.575 0.06139322546653651
3.585 0.0841246388252039
3.5949999999999998 0.11412558839913971
3.605 0.1532850859794653
3.6149999999999998 0.20707605447153363
3.625 0.27316638840769975
3.635 0.35685360590267
3.645 0.4616699830674346
3.655 0.5915163129380884
3.665 0.7506057375650083
3.675 0.9433774838200963
3.685 1.1743784564663895
3.695 1.4481125289283463
3.705 1.7688597071704293
3.715 2.1404699944124888
3.725 2.5661395582600863
3.735 3.0481794462896015
3.745 3.5877893250604
3.755 4.184850238526044
3.765 4.837750931854241
3.775 5.543261670380238
3.785 6.296467608811759
3.795 7.090770671485238
3.805 7.917964772929499
3.815 8.768384360665536
3.825 9.631121134406968
3.835 10.494298892745
3.8449999999999998 11.345392295953518
3.855 12.171572372011449
3.8649999999999998 12.960060172195629
3.875 13.69847026930552
3.885 14.375127747405504
3.895 14.979345709499643
3.905 15.501654698537312
3.915 15.933980228928549
3.925 16.269769248994795
3.935 16.504070221708066
3.945 16.63357416103791
3.955 16.6566251184383
3.965 16.57320822817949
3.975 16.384921673143225
3.985 16.094936209075723
3.995 15.707942712245469
4.005 15.230085180002508
4.015 14.668874271524182
4.025 14.033075265810652
4.035 13.335222644976383
4.045 12.582095603897681
4.055 11.787152844463474
4.065 10.962599836386982
4.075 10.120896759087291
4.085 9.274477607912484
4.095 8.4354665525494
4.1049999999999995 7.615406389413891
4.115 6.825014091709967
4.125 6.0739770261345765
4.135 5.373342715111078
4.145 4.726486830484008
4.155 4.141178143570742
4.165 3.622254347319012
4.175 3.1734029177126004
4.185 2.7972857100108417
4.195 2.495688191946207
4.205 2.2696770626045493
4.215 2.119749932214244
4.225 2.045962112907856
4.235 2.048018234539033
4.245 2.1253200891332513
4.255 2.276966483605809
4.265 2.5017055608291843
4.275 2.7978446405247053
4.285 3.163126759182755
4.295 3.5945864236161857
4.305 4.086100778025698
4.315 4.638224373505062
4.325 5.241685268801417
4.335 5.8894365349607956
4.345 6.573194313937679
4.355 7.28347929382289
4.365 8.00971960204082
4.375 8.740415027435334
4.385 9.463358211821703
4.395 10.165904633986194
4.405 10.835280122123539
4.415 11.45891246544268
4.425 12.022609290143208
4.435 12.520281732231034
4.445 12.938837095247116
4.455 13.269876391759905
4.465 13.506701325620156
4.475 13.644511844344638
4.485 13.680545103267486
4.495 13.616334264816508
4.505 13.450050281133418
4.515 13.186836913529028
4.525 12.83239383404965
4.535 12.394275527282034
4.545 11.881685006171086
4.555 11.305224793256285
4.565 10.676613704949201
4.575 10.00837926656323
4.585 9.31353658784794
4.595 8.605265096552293
4.605 7.896594520941749
4.615 7.200110828298581
4.625 6.5276914276389295
4.635 5.890276878545226
4.645 5.299737964255311
4.655 4.761509638701556
4.665 4.28426564069699
4.675 3.8739182818507842
4.685 3.5349684256939455
4.695 3.2705127081491328
4.705 3.082270852913897
4.715 2.9706264434150356
4.725 2.9346759955333663
4.735 2.9722833008678435
4.745 3.0801384628508757
4.755 3.2538234540899404
4.765 3.4878880001058254
4.775 3.77594080199328
4.785 4.110761300027032
4.795 4.484436234863007
4.805 4.888523221480039
4.815 5.316163079053857
4.825 5.757448230717255
4.835 6.202066176186338
4.845 6.64131615415438
4.855 7.071782531033702
4.865 7.484191398296838
4.875 7.872950396852897
4.885 8.233637797751928
4.895 8.563094022584139
4.905 8.861311371776129
4.915 9.12487607232526
4.925 9.35573096738289
4.935 9.555684819372424
4.945 9.725813960204729
4.955 9.873664311175354
4.965 10.001004236745601
4.975 10.112622120722595
4.985 10.213658835569179
4.995 10.311295584130047
5.005 10.40834425662911
5.015 10.511709376923598
5.025 10.62710610201009
5.035 10.760161989793954
5.045 10.916296113140636
5.055 11.10056576996924
5.065 11.319228394052818
5.075 11.573366182414574
5.085 11.866974786099366
5.095 12.201655134379005
5.105 12.577556193366082
5.115 12.993190170727036
5.125 13.445311557775476
5.135 13.928880913421427
5.145 14.43712866372557
5.155 14.961726299977261
5.165 15.49306299723251
5.175 16.020615836989904
5.185 16.533392578589087
5.195 17.020418314320292
5.205 17.471232224278317
5.215 17.876358609754217
5.225 18.227717683021254
5.235 18.518946120192638
5.245 18.745604693468007
5.255 18.905259656263308
5.265 18.99743503032054
5.275 19.023443519712238
5.285 18.98611345668262
5.295 18.891049152556178
5.305 18.739108608463294
5.315 18.53997802059676
5.325 18.296741766249987
5.335 18.014299029853717
5.345 17.69692567778824
5.355 17.348109487211396
5.365 16.97048583440168
5.375 16.565874132068657
5.385 16.135406828123458
5.395 15.679735336727
5.405 15.199291398403602
5.415 14.694578433676876
5.425 14.166465664932993
5.435 13.616458161665808
5.445 13.04691838191565
5.455 12.459848855647818
5.465 11.862907375620622
5.475 11.259615882809118
5.485 10.656473771284524
5.495 10.060706585568045
5.505 9.479992651008171
5.515 8.922131144525943
5.525 8.394673460580048
5.535 7.904542345576189
5.545 7.457664235443581
5.555 7.058639501812107
5.565 6.710472961519569
5.575 6.4143831984885376
5.585 6.169704239343613
5.595 5.973887239816053
5.605 5.822603457957387
5.615 5.709943326209084
5.625 5.627418070902028
5.635 5.56859882570138
5.645 5.5259165763538824
5.655 5.488741966849009
5.665 5.448627267739166
5.675 5.397794204673095
5.685 5.329486255260537
5.695 5.238251932288713
5.705 5.120145495691583
5.715 4.9715980853978
5.725 4.794812913450666
5.735 4.588860159288163
5.745 4.356065217755703
5.755 4.099942039946438
5.765 3.824936001240208
5.775 3.536137878547354
5.785 3.2389885893676795
5.795 2.938993193015892
5.805 2.64026216196491
5.815 2.350488292769374
5.825 2.0722287673038102
5.835 1.8091023493943428
5.845 1.563926298665885
5.855 1.3386982300372239
5.865 1.1346210956117262
5.875 0.9509960907315249
5.885 0.7903769249335951
5.895 0.6503495267631021
5.905 0.5298054967069945
5.915 0.42731008832792344
5.925 0.3412140359693488
5.935 0.269753870321538
5.945 0.21113757850897621
5.955 0.16361399292615864
5.965 0.12552562887225646
5.975 0.09534576844164926
5.985 0.07170137695715538
5.995 0.05338394000940247
6.005 0.03935054999805099
6.015 0.02871759358494585
6.025 0.020749246895899468
6.035 0.014842726567769521
6.045 0.01051192105625164
6.055 0.007370679881748651
6.065 0.005116701288603614
6.075 0.0035166539384332163
6.085 0.0023929094097182493
6.095 0.0016120553050579757
6.105 0.0
6.115 0.0
6.125 0.0
6.135 0.0
6.1450000000000005 0.0
6.155 0.0
6.165 0.0
6.175 0.0
6.185 0.0
6.195 0.0
6.205 0.0
6.215 0.0
6.225 0.0
6.235 0.0
6.245 0.0
6.255 0.0
6.265 0.0
6.275 0.0
6.285 0.0
6.295 0.0
6.305 0.0
6.315 0.0
6.325 0.0
6.335 0.0
6.345 0.0
6.355 0.0
6.365 0.0011424358543811516
6.375 0.0016958137213846079
6.385 0.002492192131443224
6.3950000000000005 0.0036261181548289264
6.405 0.005223473997235256
6.415 0.00744961756299928
6.425 0.01164122227159741
6.435 0.016370762504501625
6.445 0.022800230386573146
6.455 0.031449700126151156
6.465 0.04296431606221681
6.475 0.058132743055140414
6.485 0.07900751703212847
6.495 0.10504229638068863
6.505 0.13835190261488212
6.515 0.1805292787934457
6.525 0.23338292559044452
6.535 0.2989287492092329
6.545 0.37936970434009665
6.555 0.4770611944250257
6.565 0.5944606332694676
6.575 0.7340602409501233
6.585 0.8983030366243266
6.595 1.0894830722415203
6.605 1.309632171185806
6.615 1.5603967184264729
6.625 1.8429092986728217
6.635 2.1576610889763193
6.6450000000000005 2.5043817719244177
6.655 2.8819342426837493
6.665 3.2882314545398534
6.675 3.720182329638061
6.685 4.1736727382587135
6.695 4.643586147032446
6.705 5.123866722008066
6.715 5.608728511562625
6.725 6.088925582820552
6.735 6.557186890186706
6.745 7.0052460040998525
6.755 7.424823565555084
6.765 7.807889286765599
6.775 8.148051105950096
6.785 8.43686954870389
6.795 8.669443133736358
6.805 8.841380390521522
6.815 8.949733218472845
6.825 8.993137410111215
6.835 8.973045003178228
6.845 8.889742677681822
6.855 8.747766301432343
6.865 8.552518750549556
6.875 8.31090104617443
6.885 8.031129783457567
6.8950000000000005 7.722508313185732
6.905 7.395158793995414
6.915 7.059723633991863
6.925 6.727045963082517
6.935 6.407839582934696
6.945 6.112359298529111
6.955 5.850082621447955
6.965 5.629413539686588
6.975 5.457418374982468
6.985 5.339602714299351
6.995 5.279737039983267
