0.005 0.0
0.015 0.0
0.025 0.0
0.034999999999999996 0.0
0.045 0.0
0.055 0.0
0.065 0.0
0.07500000000000001 0.0
0.085 0.0
0.095 0.0
0.10500000000000001 0.0
0.115 0.0
0.125 0.0
0.135 0.0
0.14500000000000002 0.0
0.155 0.0
0.165 0.0
0.17500000000000002 0.0
0.185 0.0
0.195 0.0
0.20500000000000002 0.0
0.215 0.0
0.225 0.0
0.23500000000000001 0.0
0.245 0.0
0.255 0.0
0.265 0.0
0.275 0.0
0.28500000000000003 0.0
0.295 0.0
0.305 0.0
0.315 0.0
0.325 0.0
0.335 0.0
0.34500000000000003 0.0
0.35500000000000004 0.0
0.365 0.0
0.375 0.0
0.385 0.0
0.395 0.0
0.405 0.0
0.41500000000000004 0.0
0.425 0.0
0.435 0.0
0.445 0.0
0.455 0.0
0.465 0.0
0.47500000000000003 0.0
0.485 0.0
0.495 0.0
0.505 0.0
0.515 0.0
0.525 0.0
0.535 0.0
0.545 0.0
0.555 0.0
0.5650000000000001 0.0
0.5750000000000001 0.0
0.585 0.0
0.595 0.0
0.605 0.0
0.615 0.0
0.625 0.0
0.635 0.0
0.645 0.0
0.655 0.0
0.665 0.0
0.675 0.0
0.685 0.0
0.6950000000000001 0.0
0.7050000000000001 0.0
0.715 0.0
0.725 0.0
0.735 0.0
0.745 0.0
0.755 0.0
0.765 0.0
0.775 0.0
0.785 0.0
0.795 0.0
0.805 0.0
0.8150000000000001 0.0
0.8250000000000001 0.0
0.8350000000000001 0.0
0.845 0.0
0.855 0.0
0.865 0.0
0.875 0.0
0.885 0.0
0.895 0.0
0.905 0.0
0.915 0.0
0.925 0.0
0.935 0.0
0.9450000000000001 0.0
0.9550000000000001 0.0
0.965 0.0
0.975 0.0
0.985 0.0
0.995 0.0
1.005 0.0
1.015 0.0
1.025 0.0
1.035 0.0
1.045 0.0
1.055 0.0
1.065 0.0
1.075 0.0
1.085 0.0
1.095 0.0
1.105 0.0
1.115 0.0
1.125 0.0
1.135 0.0
1.145 0.0
1.155 0.0
1.1649999999999998 0.0
1.1749999999999998 0.0
1.1849999999999998 0.0
1.1949999999999998 0.0
1.2049999999999998 0.0
1.2149999999999999 0.0
1.2249999999999999 0.0
1.2349999999999999 0.0
1.2449999999999999 0.0
1.255 0.0
1.265 0.0
1.275 0.0
1.285 0.0
1.295 0.0
1.305 0.0
1.315 0.0
1.325 0.0
1.335 0.0
1.345 0.0
1.355 0.0
1.365 0.0
1.375 0.0
1.385 0.0
1.395 0.0
1.405 0.0
1.4149999999999998 0.0
1.4249999999999998 0.0
1.4349999999999998 0.0
1.4449999999999998 0.0
1.4549999999999998 0.0
1.4649999999999999 0.0
1.4749999999999999 0.0
1.4849999999999999 0.0
1.4949999999999999 0.0
1.505 0.0
1.515 0.0
1.525 0.0
1.535 0.0
1.545 0.0
1.555 0.0
1.565 0.0
1.575 0.0
1.585 0.0
1.595 0.0
1.605 0.0
1.615 0.0
1.625 0.0
1.635 0.0
1.645 0.0
1.655 0.0
1.665 0.0
1.6749999999999998 0.0
1.6849999999999998 0.0
1.6949999999999998 0.0
1.7049999999999998 0.0
1.7149999999999999 0.0
1.7249999999999999 0.0
1.7349999999999999 0.0
1.7449999999999999 0.0
1.755 0.0
1.765 0.0
1.775 0.0
1.785 0.0
1.795 0.0
1.805 0.0
1.815 0.0
1.825 0.0
1.835 0.0
1.845 0.0
1.855 0.0
1.865 0.0
1.875 0.0
1.885 0.0
1.895 0.0
1.905 0.0
1.915 0.0
1.9249999999999998 0.0
1.9349999999999998 0.0
1.9449999999999998 0.0
1.9549999999999998 0.0
1.9649999999999999 0.0
1.9749999999999999 0.0
1.9849999999999999 0.0
1.9949999999999999 0.0
2.005 0.0
2.015 0.0
2.025 0.0
2.035 0.0
2.045 0.0
2.0549999999999997 0.00867488871431315
2.065 0.012876867665524688
2.0749999999999997 0.018924029136557486
2.085 0.027534299923675835
2.0949999999999998 0.03966354474463693
2.105 0.05656738019502909
2.1149999999999998 0.07987257061738903
2.125 0.11165709213758152
2.135 0.15453683735950927
2.145 0.21175554027771473
2.155 0.2872728604658392
2.165 0.3858437510268735
2.175 0.5130803689034923
2.185 0.675486044333843
2.195 0.8804494338907315
2.205 1.1361862035552517
2.215 1.4516157094315354
2.225 1.8361614396903665
2.235 2.299466681519804
2.245 2.851021121759399
2.255 3.499699887699098
2.265 4.253223722937591
2.275 5.117557213427077
2.285 6.096270668792287
2.295 7.1898996765757115
2.305 8.395343596900794
2.315 9.70534940401358
2.3249999999999997 11.108129397875649
2.335 12.58715964366893
2.3449999999999998 14.121200058709634
2.355 15.6845667361644
2.3649999999999998 17.2476727002395
2.375 18.7778356295788
2.385 20.240331413039723
2.395 21.5996523239522
2.405 22.820909943125425
2.415 23.871307588977047
2.425 24.72159661396265
2.435 25.347426811801423
2.445 25.730504111050386
2.455 25.85947879962993
2.465 25.730504111050386
2.475 25.347426811801423
2.485 24.72159661396265
2.495 23.871307588977047
2.505 22.820909943125425
2.515 21.5996523239522
2.525 20.240331413039723
2.535 18.7778356295788
2.545 17.2476727002395
2.555 15.6845667361644
2.565 14.121200058709634
2.5749999999999997 12.58715964366893
2.585 11.108129397875649
2.5949999999999998 9.70534940401358
2.605 8.395343596900794
2.6149999999999998 7.1898996765757115
2.625 6.096270668792287
2.635 5.117557213427077
2.645 4.253223722937591
2.655 3.499699887699098
2.665 2.851021121759399
2.675 2.299466681519804
2.685 1.8361614396903665
2.695 1.4516157094315354
2.705 1.1361862035552517
2.715 0.8804494338907315
2.725 0.675486044333843
2.735 0.5130803689034923
2.745 0.3858437510268735
2.755 0.2872728604658392
2.765 0.21175554027771473
2.775 0.15453683735950927
2.785 0.11165709213758152
2.795 0.07987257061738903
2.805 0.05656738019502909
2.815 0.03966354474463693
2.8249999999999997 0.027534299923675835
2.835 0.018924029136557486
2.8449999999999998 0.012876867665524688
2.855 0.00867488871431315
2.8649999999999998 0.0
2.875 0.0
2.885 0.0
2.895 0.0
2.905 0.0
2.915 0.0
2.925 0.0
2.935 0.0
2.945 0.0
2.955 0.0
2.965 0.0
2.975 0.0
2.985 0.0
2.995 0.0
3.005 0.0
3.015 0.0
3.025 0.0
3.035 0.0
3.045 0.0
3.055 0.0
3.065 0.0
3.075 0.0
3.085 0.0
3.0949999999999998 0.0
3.105 0.0
3.1149999999999998 0.0
3.125 0.0
3.135 0.0
3.145 0.0
3.155 0.0
3.165 0.0
3.175 0.0
3.185 0.0
3.195 0.0
3.205 0.0
3.215 0.0
3.225 0.0
3.235 0.0
3.245 0.0
3.255 0.0
3.265 0.0
3.275 0.0
3.285 0.0
3.295 0.0
3.305 0.0
3.315 0.003788345735583057
3.325 0.005623360519642148
3.335 0.008264171154292822
3.3449999999999998 0.012024298078431445
3.355 0.017321169820142198
3.3649999999999998 0.02470311730701104
3.375 0.03488055262186727
3.385 0.04876093316898565
3.395 0.06748662583249548
3.405 0.09247417741204796
3.415 0.1254527812096176
3.425 0.16849893721313985
3.435 0.22406348848485774
3.445 0.2949864557081633
3.455 0.3844944838050939
3.465 0.49617537478780654
3.475 0.6339242339163242
3.485 0.8018563221930393
3.495 1.0041828874044059
3.505 1.2450480996780835
3.515 1.5283277494396208
3.525 1.8573935048510954
3.535 2.234850115610248
3.545 2.662256744916399
3.555 3.139847285197387
3.565 3.6662676792150433
3.575 4.238350512367296
3.585 4.850948066378611
3.5949999999999998 5.496844297324436
3.605 6.166763607637069
3.6149999999999998 6.849489770557921
3.625 7.532102079289675
3.635 8.200328081837165
3.645 8.839003671466452
3.655 9.432622534570436
3.665 9.965948810676968
3.675 10.42466010639225
3.685 10.795983463716993
3.695 11.069285086280729
3.705 11.236575907039505
3.715 11.292899478161782
3.725 11.236575907039505
3.735 11.069285086280729
3.745 10.795983463716993
3.755 10.42466010639225
3.765 9.965948810676968
3.775 9.432622534570436
3.785 8.839003671466452
3.795 8.203299086747418
3.805 7.536512192009603
3.815 6.855970935370296
3.825 6.1761936467958005
3.835 5.5104284008299835
3.8449999999999998 4.870321452003981
3.855 4.2657055375801525
3.8649999999999998 3.704508373698874
3.875 3.1927735782865962
3.885 2.734779490816327
3.895 2.3332362859847575
3.905 1.989538563611298
3.915 1.7040492307828192
3.925 1.4763908200995828
3.935 1.305722155222623
3.945 1.1909811744985601
3.955 1.1310784387195614
3.965 1.125030087855849
3.975 1.1720235261645204
3.985 1.271413708083788
3.995 1.4226524148890636
4.005 1.6251572277571023
4.015 1.8781308973569992
4.025 2.1803453522118916
4.035 2.5299075221472984
4.045 2.924026296342583
4.055 3.3588010874716
4.065 3.829052437703225
4.075 4.328213717152945
4.085 4.8483001391579315
4.095 5.379967062448257
4.1049999999999995 5.912664012037539
4.115 6.434884316724347
4.125 6.931976419946798
4.135 7.397521193364653
4.145 7.815781588712487
4.155 8.175525288754875
4.165 8.469244032785165
4.175 8.684795731025647
4.185 8.81774226012757
4.195 8.864404168422144
4.205 8.823740453529778
4.215 8.697431712933126
4.225 8.489835519776172
4.235 8.207818272160354
4.245 7.86047606739582
4.255 7.4587642189288585
4.265 7.015060239686949
4.275 6.5426880392620985
4.285 6.055431546547317
4.295 5.567064056471256
4.305 5.090915635235738
4.315 4.6394954288384005
4.325 4.224179365388306
4.335 3.8549672401377535
4.345 3.540307215564632
4.355 3.286980948982175
4.365 3.1000393070164005
4.375 2.9827771674049535
4.385 2.9390196650686002
4.395 2.9651156897953923
4.405 3.060840497946041
4.415 3.2228420913916285
4.425 3.446234812650767
4.435 3.724689933304571
4.445 4.050554024102513
4.455 4.415003722935772
4.465 4.808244697959655
4.475 5.21976005895368
4.485 5.638609385029589
4.495 6.053774294298452
4.505 6.454540626906354
4.515 6.830901500278366
4.525 7.173960416659919
4.535 7.4763099137865225
4.545 7.7323594948323615
4.555 7.938587123604773
4.565 8.095812514692991
4.575 8.201776555645463
4.585 8.261145370171926
4.595 8.279163473472034
4.605 8.260761731190417
4.615 8.218732317186015
4.625 8.159102109642863
4.635 8.09104828319852
4.645 8.023391449174659
4.655 7.964091160868507
4.665 7.919808644817062
4.675 7.895567609426316
4.685 7.896558381170818
4.695 7.920946302384316
4.705 7.969550433940111
4.715 8.04018524831587
4.725 8.129316658866465
4.735 8.234438061539889
4.745 8.347544730160372
4.755 8.465031213628107
4.765 8.582398888362324
4.775 8.695969331127339
4.785 8.803190213908346
4.795 8.902835188295935
4.805 8.99508632691418
4.815 9.081497944062008
4.825 9.164850545342691
4.835 9.248912325670396
4.845 9.338132258945585
4.855 9.4372928401018
4.865 9.551151677291088
4.875 9.684099430133273
4.885 9.841729275592009
4.895 10.024010580321614
4.905 10.23401964602484
4.915 10.472422107705995
4.925 10.738689702521395
4.935 11.031127333856675
4.945 11.346946498542744
4.955 11.682371362940456
4.965 12.032764551875392
4.975 12.39108881548415
4.985 12.75530645436702
4.995 13.116585194766804
5.005 13.46826421987215
5.015 13.803493329459041
5.025 14.115388588213479
5.035 14.39720016876094
5.045 14.642494787925044
5.055 14.845351563188647
5.065 15.000565763464223
5.075 15.103850513041056
5.085 15.152022793890357
5.095 15.143157775037528
5.105 15.076695100850099
5.115 14.95348256038885
5.125 14.775746503791922
5.135 14.546984129891392
5.145 14.271779735855484
5.155 13.955554397760153
5.165 13.604265456132747
5.175 13.22407775647114
5.185 12.821032126359716
5.195 12.399214528080357
5.205 11.967106297083662
5.215 11.526534544137682
5.225 11.080600292805716
5.235 10.633029631449334
5.245 10.182459262235426
5.255 9.730423984169313
5.265 9.276809077619564
5.275 8.821206373326085
5.285 8.363187300738488
5.295 7.902566524821719
5.305 7.439633672611179
5.315 6.9753347765861236
5.325 6.511390631117262
5.335 6.050345582465521
5.345 5.595546633071946
5.355 5.151058475296623
5.365 4.723097793139846
5.375 4.314476320159648
5.385 3.932510483579075
5.395 3.5816344448188318
5.405 3.267177216490264
5.415 2.994110897907072
5.425 2.7668969215715427
5.435 2.5893600166908093
5.445 2.4645919799328784
5.455 2.394884948651746
5.465 2.38169218276621
5.475 2.4256134084082515
5.485 2.5264014691667724
5.495 2.6816385481532627
5.505 2.892629179456361
5.515 3.1548380011949257
5.525 3.4650694763494516
5.535 3.81952442476128
5.545 4.212561184200432
5.555 4.6425205713982285
5.565 5.1023804418796015
5.575 5.58681079899877
5.585 6.090263145778788
5.595 6.607026755969688
5.605 7.131266301041855
5.615 7.6570399904959325
5.625 8.179740181999671
5.635 8.691016816903103
5.645 9.185613589689389
5.655 9.657190886673806
5.665 10.099294655712951
5.675 10.505392515619175
5.685 10.868947879373312
5.695 11.18229078084104
5.705 11.442203292735421
5.715 11.641230529540387
5.725 11.774517143862017
5.735 11.838212525007036
5.745 11.82975033287397
5.755 11.748108147519666
5.765 11.594023475580029
5.775 11.370143242027208
5.785 11.081087134137302
5.795 10.733410536392423
5.805 10.335459841180104
5.815 9.897120993528635
5.825 9.429470469764844
5.835 8.94434571641013
5.845 8.45385866558548
5.855 7.9698807126019116
5.865 7.503530097757704
5.875 7.064692805405521
5.885 6.66160592908486
5.895 6.3005282021224405
5.905 5.985516468549632
5.915 5.718319787738408
5.925 5.498395199412506
5.935 5.323041496739024
5.945 5.187640194744207
5.955 5.085986694317871
5.965 5.010689785659646
5.975 4.953614356195647
5.985 4.906340599622773
5.995 4.860613185406788
6.005 4.808755656218754
6.015 4.744028592233123
6.025 4.660914549716912
6.035 4.555318112871542
6.045 4.423576988329225
6.055 4.267246538931414
6.065 4.085202979721385
6.075 3.879296203145656
6.085 3.652505894861416
6.095 3.4086999581955895
6.105 3.15236714246146
6.115 2.8883422570401955
6.125 2.62154101682514
6.135 2.356719171775847
6.1450000000000005 2.098267395696664
6.155 1.8500497628377743
6.165 1.6152898536321438
6.175 1.3954556605532087
6.185 1.1937468037025245
6.195 1.0121703991344435
6.205 0.8496735477681794
6.215 0.7061673254259677
6.225 0.5810589497472092
6.235 0.4745457561465875
6.245 0.38354585215212866
6.255 0.30745067389943537
6.265 0.2447829267391204
6.275 0.19407238865734322
6.285 0.15392636886096905
6.295 0.1230866904049402
6.305 0.10047378425791186
6.315 0.08521903450667079
6.325 0.07668677201506219
6.335 0.07448730443220113
6.345 0.07963136304142032
6.355 0.09048808041479689
6.365 0.10824623935175799
6.375 0.13357817847066936
6.385 0.16739029081654228
6.3950000000000005 0.21079993397991353
6.405 0.26510427462651237
6.415 0.33174011435942186
6.425 0.4122339925193248
6.435 0.5071816845723421
6.445 0.620347710565585
6.455 0.751738276063106
6.465 0.9025856571564675
6.475 1.0738247187908352
6.485 1.266009790645512
6.495 1.4792362764424618
6.505 1.7130719795331855
6.515 1.9675964813599
6.525 2.239522214301978
6.535 2.5273864188604063
6.545 2.828404705814688
6.555 3.1392459768292795
6.565 3.4561047324637086
6.575 3.7747977865312135
6.585 4.090881581671526
6.595 4.399785016556301
6.605 4.6969517766602875
6.615 4.977985670848993
6.625 5.238792427982544
6.635 5.4757117643690405
6.6450000000000005 5.685634215597372
6.655 5.866098129555814
6.665 6.015363228033083
6.675 6.132458161136132
6.685 6.218293840197013
6.695 6.2718109496533145
6.705 6.295147208089958
6.715 6.29041341359031
6.725 6.260338568791221
6.735 6.208163121888431
6.745 6.137512952928997
6.755 6.052258503395203
6.765 5.956364555549897
6.775 5.853737227746278
6.785 5.748075609652287
6.795 5.642735941624731
6.805 5.540616177222833
6.815 5.44406802929686
6.825 5.354842131154763
6.835 5.2740697808946075
6.845 5.202282017360155
6.855 5.140612955633728
6.865 5.086843373101572
6.875 5.040975911060581
6.885 5.002031331396394
6.8950000000000005 4.968939141825729
6.905 4.9406521204289815
6.915 4.916241320781945
6.925 4.894963888184068
6.935 4.876299115540082
6.945 4.859951761809772
6.955 4.845825323885044
6.965 4.83515889314997
6.975 4.826285531585963
6.985 4.820212985145895
6.995 4.817124579646713
