0.005 0.0
0.015 0.0
0.025 0.0
0.034999999999999996 0.0
0.045 0.0
0.055 0.0
0.065 0.0
0.07500000000000001 0.0
0.085 0.0
0.095 0.0
0.10500000000000001 0.0
0.115 0.0
0.125 0.0
0.135 0.0
0.14500000000000002 0.0
0.155 0.0
0.165 0.0
0.17500000000000002 0.0
0.185 0.0
0.195 0.0
0.20500000000000002 0.0
0.215 0.0
0.225 0.0
0.23500000000000001 0.0
0.245 0.0
0.255 0.0
0.265 0.0
0.275 0.0
0.28500000000000003 0.0
0.295 0.0
0.305 0.0
0.315 0.0
0.325 0.0
0.335 0.0
0.34500000000000003 0.0
0.35500000000000004 0.0
0.365 0.0
0.375 0.0
0.385 0.0
0.395 0.0
0.405 0.0
0.41500000000000004 0.0
0.425 0.0
0.435 0.0
0.445 0.0
0.455 0.0
0.465 0.0
0.47500000000000003 0.0
0.485 0.0
0.495 0.0
0.505 0.0
0.515 0.0
0.525 0.0
0.535 0.0
0.545 0.0
0.555 0.0
0.5650000000000001 0.0
0.5750000000000001 0.0
0.585 0.0
0.595 0.0
0.605 0.0
0.615 0.0
0.625 0.0
0.635 0.0
0.645 0.0
0.655 0.0
0.665 0.0
0.675 0.0
0.685 0.0
0.6950000000000001 0.0
0.7050000000000001 0.0
0.715 0.0
0.725 0.0
0.735 0.0
0.745 0.0
0.755 0.0
0.765 0.0
0.775 0.0
0.785 0.0
0.795 0.0
0.805 0.0
0.8150000000000001 0.0
0.8250000000000001 0.0
0.8350000000000001 0.0
0.845 0.0
0.855 0.0
0.865 0.0
0.875 0.0
0.885 0.0
0.895 0.0
0.905 0.0
0.915 0.0
0.925 0.0
0.935 0.0
0.9450000000000001 0.0
0.9550000000000001 0.0
0.965 0.0
0.975 0.0
0.985 0.0
0.995 0.0
1.005 0.0
1.015 0.0
1.025 0.0
1.035 0.0
1.045 0.0
1.055 0.0
1.065 0.0
1.075 0.0
1.085 0.0
1.095 0.0
1.105 0.0
1.115 0.0
1.125 0.0
1.135 0.0
1.145 0.0
1.155 0.0
1.1649999999999998 0.0
1.1749999999999998 0.0
1.1849999999999998 0.0
1.1949999999999998 0.0
1.2049999999999998 0.0
1.2149999999999999 0.0
1.2249999999999999 0.0
1.2349999999999999 0.0
1.2449999999999999 0.0
1.255 0.0
1.265 0.0
1.275 0.0
1.285 0.0
1.295 0.0
1.305 0.0
1.315 0.0
1.325 0.0
1.335 0.0
1.345 0.0
1.355 0.0
1.365 0.0
1.375 0.0
1.385 0.0
1.395 0.0
1.405 0.0
1.4149999999999998 0.0
1.4249999999999998 0.0
1.4349999999999998 0.0
1.4449999999999998 0.0
1.4549999999999998 0.0
1.4649999999999999 0.0
1.4749999999999999 0.0
1.4849999999999999 0.014714441338157925
1.4949999999999999 0.021841884100594792
1.505 0.032099145681491754
1.515 0.046703981383149414
1.525 0.06727773941876693
1.535 0.095950210422836
1.545 0.13548072990703514
1.555 0.1893939837564617
1.565 0.26212707768332366
1.575 0.3591820688495224
1.585 0.48727537523276493
1.595 0.6544724004138727
1.605 0.8702925465238808
1.615 1.1457668336073457
1.625 1.4934279819433145
1.635 1.9272114942354988
1.645 2.4622464800887096
1.655 3.1145171634459063
1.665 3.9003805937527583
1.6749999999999998 4.835933281859909
1.6849999999999998 5.936229315972678
1.6949999999999998 7.214364706024015
1.7049999999999998 8.680456648094514
1.7149999999999999 10.34056114051018
1.7249999999999999 12.19558665273212
1.7349999999999999 14.240273845410062
1.7449999999999999 16.462320056746798
1.755 18.841730860711127
1.765 21.350478177916298
1.775 23.952534347263608
1.785 26.604334044415157
1.795 29.255691516673973
1.805 31.851170652266518
1.815 34.33187203319979
1.825 36.637567064232435
1.835 38.70907762625878
1.845 40.49077362843587
1.855 41.933043194152226
1.865 42.99458323656827
1.875 43.64436315114843
1.885 43.86313143183883
1.895 43.64436315114843
1.905 42.99458323656827
1.915 41.933043194152226
1.9249999999999998 40.49077362843587
1.9349999999999998 38.70907762625878
1.9449999999999998 36.637567064232435
1.9549999999999998 34.33187203319979
1.9649999999999999 31.851170652266518
1.9749999999999999 29.255691516673973
1.9849999999999999 26.604334044415157
1.9949999999999999 23.952534347263608
2.005 21.350478177916298
2.015 18.841730860711127
2.025 16.462320056746798
2.035 14.240273845410062
2.045 12.19558665273212
2.0549999999999997 10.34056114051018
2.065 8.680456648094514
2.0749999999999997 7.214364706024015
2.085 5.936229315972678
2.0949999999999998 4.835933281859909
2.105 3.9003805937527583
2.1149999999999998 3.1145171634459063
2.125 2.4622464800887096
2.135 1.9272114942354988
2.145 1.4934279819433145
2.155 1.1457668336073457
2.165 0.8702925465238808
2.175 0.6544724004138727
2.185 0.48727537523276493
2.195 0.3591820688495224
2.205 0.26212707768332366
2.215 0.1893939837564617
2.225 0.13548072990703514
2.235 0.095950210422836
2.245 0.06727773941876693
2.255 0.046703981383149414
2.265 0.032099145681491754
2.275 0.021841884100594792
2.285 0.014714441338157925
2.295 0.0
2.305 0.0
2.315 0.0
2.3249999999999997 0.0
2.335 0.0
2.3449999999999998 0.0
2.355 0.0
2.3649999999999998 0.0
2.375 0.0
2.385 0.0
2.395 0.0
2.405 0.0
2.415 0.0
2.425 0.0
2.435 0.0
2.445 0.0
2.455 0.0
2.465 0.0
2.475 0.0
2.485 0.0
2.495 0.0
2.505 0.0
2.515 0.0
2.525 0.0
2.535 0.0
2.545 0.0
2.555 0.0
2.565 0.0
2.5749999999999997 0.0
2.585 0.0
2.5949999999999998 0.0
2.605 0.0
2.6149999999999998 0.0
2.625 0.0
2.635 0.0
2.645 0.0
2.655 0.0
2.665 0.0
2.675 0.0
2.685 0.0
2.695 0.0
2.705 0.0
2.715 0.0
2.725 0.0
2.735 0.0
2.745 0.0
2.755 0.0
2.765 0.0
2.775 0.0
2.785 0.0
2.795 0.0
2.805 0.0
2.815 0.0
2.8249999999999997 0.0
2.835 0.0
2.8449999999999998 0.0
2.855 0.0
2.8649999999999998 0.0
2.875 0.0
2.885 0.0
2.895 0.0
2.905 0.0
2.915 0.0
2.925 0.0
2.935 0.0
2.945 0.0
2.955 0.0
2.965 0.0
2.975 0.0
2.985 0.0
2.995 0.0
3.005 0.0
3.015 0.0
3.025 0.0
3.035 0.0
3.045 0.0
3.055 0.0
3.065 0.0
3.075 0.0
3.085 0.0
3.0949999999999998 0.0
3.105 0.0
3.1149999999999998 0.0
3.125 0.0
3.135 0.004183968244627464
3.145 0.006210616317640132
3.155 0.009127210685380006
3.165 0.013280013186639418
3.175 0.01913004502376039
3.185 0.027282900128420783
3.195 0.038523179960629615
3.205 0.05385310903415698
3.215 0.07453435328461615
3.225 0.10213139157440353
3.235 0.13855399940165497
3.245 0.1860955286977654
3.255 0.24746276766547848
3.265 0.32579232451924184
3.275 0.4246478074492184
3.285 0.5479916979010372
3.295 0.7001258726976987
3.305 0.8855953555920874
3.315 1.1090511811619828
3.325 1.3750703013079473
3.335 1.6879332609419744
3.3449999999999998 2.051363836484219
3.355 2.4682387954689067
3.3649999999999998 2.940280126798179
3.375 3.467746148629628
3.385 4.049141397539021
3.395 4.680967681165467
3.405 5.357539697453552
3.415 6.070887820413606
3.425 6.810767788201023
3.435 7.564792047023736
3.445 8.318690561697169
3.455 9.056700387102596
3.465 9.762073806568596
3.475 10.417685159384225
3.485 11.010171540306379
3.495 11.5184646655155
3.505 11.93098062028212
3.515 12.236261787953081
3.525 12.42586648759396
3.535 12.494822055348413
3.545 12.441922764859664
3.555 12.269853720282553
3.565 11.985133557398752
3.575 11.597880941846132
3.585 11.121421345120375
3.5949999999999998 10.571760372927859
3.605 9.966957175013626
3.6149999999999998 9.326435626430683
3.625 8.67027182789639
3.635 8.018494177671725
3.645 7.3904273001633625
3.655 6.804104219974199
3.665 6.275763250507692
3.675 5.81943807749409
3.685 5.446642344750969
3.695 5.166144403406114
3.705 4.983824225625943
3.715 4.90260297167799
3.725 4.922436194342737
3.735 5.040363756504334
3.745 5.2506126107512685
3.755 5.5447519136297085
3.765 5.91190277885528
3.775 6.339006659927327
3.785 6.8111564188079186
3.795 7.311992353907877
3.805 7.824161876480925
3.815 8.329836465200874
3.825 8.811273558468097
3.835 9.25140489666077
3.8449999999999998 9.637328742087925
3.855 9.950674714957083
3.8649999999999998 10.18192267763708
3.875 10.322443078444698
3.885 10.366761783185037
3.895 10.312760432901936
3.905 10.161734610181465
3.915 9.918305896680252
3.925 9.590193383055857
3.935 9.187859246134103
3.945 8.721260155355909
3.955 8.211424133007988
3.965 7.669975920765677
3.975 7.1132695949917615
3.985 6.557642427369159
3.995 6.018892965621871
4.005 5.511819081654539
4.015 5.049828686488989
4.025 4.644628696912581
4.035 4.305991402860772
4.045 4.041592272536347
4.055 3.8569098884220727
4.065 3.755177331687017
4.075 3.737374867648051
4.085 3.8022559336461317
4.095 3.946401700745745
4.1049999999999995 4.164303251554634
4.115 4.448474019430432
4.125 4.789597936662588
4.135 5.176720223132648
4.145 5.600018617609063
4.155 6.042199604819834
4.165 6.4908948864730664
4.175 6.93174956134306
4.185 7.350569588911347
4.195 7.733811385181006
4.205 8.069081562229625
4.215 8.345622643371383
4.225 8.55475832863859
4.235 8.690271763670685
4.245 8.751115646146252
4.255 8.73306841566226
4.265 8.640317611422578
4.275 8.478375595383582
4.285 8.255497147877238
4.295 7.982423267548937
4.305 7.673648627420593
4.315 7.341735863974143
4.325 7.002094467986554
4.335 6.670536688210191
4.345 6.362715319719576
4.355 6.0935870803015675
4.365 5.876923842712317
4.375 5.7248894952946054
4.385 5.647695172792063
4.395 5.653340468843523
4.405 5.747443372796507
4.415 5.933157328408894
4.425 6.211170149108842
4.435 6.579776610773625
4.445 7.037241684354816
4.455 7.5741576529740495
4.465 8.18427151800568
4.475 8.858301877979638
4.485 9.58570452784382
4.495 10.35495776971323
4.505 11.153843455531181
4.515 11.96971621542038
4.525 12.789755688995747
4.535 13.603345942771512
4.545 14.394741002249866
4.555 15.153477926812577
4.565 15.868354863189886
4.575 16.529047419373555
4.585 17.126289887918155
4.595 17.6520556768691
4.605 18.099736769468535
4.615 18.464318590329405
4.625 18.742542865172965
4.635 18.93304746342593
4.645 19.036469391258187
4.655 19.053560417391388
4.665 18.993568667599693
4.675 18.860344164258528
4.685 18.662362995453805
4.695 18.40955621796522
4.705 18.114957633527588
4.715 17.787215912399645
4.725 17.43965171118022
4.735 17.083938386952138
4.745 16.730929228594007
4.755 16.39018053485808
4.765 16.069540246008426
4.775 15.77483023657493
4.785 15.50964440556742
4.795 15.275276775248603
4.805 15.07078462969433
4.815 14.893182095899682
4.825 14.73775031772539
4.835 14.598442256218167
4.845 14.470254331784407
4.855 14.343049803162803
4.865 14.21110906516083
4.875 14.068108895495165
4.885 13.908808272238144
4.895 13.729379423321774
4.905 13.527633197138826
4.915 13.303127832337474
4.925 13.057158295749527
4.935 12.792631385828631
4.945 12.513839238614539
4.955 12.224462098114266
4.965 11.934526533619785
4.975 11.647969490078445
4.985 11.371141463086385
4.995 11.109902245727852
5.005 10.869294021832463
5.015 10.653280552330337
5.025 10.466342665543017
5.035 10.307138266810512
5.045 10.176949439695775
5.055 10.073003715991074
5.065 9.996820506929094
5.075 9.942886024109034
5.085 9.907410749851891
5.095 9.886155031324908
5.105 9.87308866127206
5.115 9.867475923714409
5.125 9.86278334903212
5.135 9.855175496068757
5.145 9.84125967837618
5.155 9.81816539467907
5.165 9.783592557720548
5.175 9.73583576307769
5.185 9.673791587223413
5.195 9.59695434722859
5.205 9.505403287999595
5.215 9.399781317868086
5.225 9.28126277350441
5.235 9.151505805498694
5.245 9.012584256717142
5.255 8.865409023664856
5.265 8.716054479582699
5.275 8.566642974359453
5.285 8.417306332321974
5.295 8.271509613699148
5.305 8.131182937841588
5.315 7.997650598124979
5.325 7.871509252542861
5.335 7.75255331027746
5.345 7.6383280333576575
5.355 7.530395666136557
5.365 7.424247620136178
5.375 7.317044405678384
5.385 7.2057128931470125
5.395 7.087224988247478
5.405 6.958889621977844
5.415 6.818634248951777
5.425 6.665251728986976
5.435 6.498590405258049
5.445 6.319669214155155
5.455 6.130705385723835
5.465 5.935049178858124
5.475 5.737027506611511
5.485 5.541705582076641
5.495 5.354582231978361
5.505 5.1812397567545725
5.515 5.025634678184838
5.525 4.895538519931149
5.535 4.792661923148889
5.545 4.7194331804230885
5.555 4.67679017679998
5.565 4.66406596665978
5.575 4.678970404800595
5.585 4.7176698426838515
5.595 4.774960266778798
5.605 4.844523050109536
5.615 4.919247117005195
5.625 4.991597129314116
5.635 5.054004553919867
5.645 5.099257333657412
5.655 5.119596801047541
5.665 5.1125364758221785
5.675 5.072076983403945
5.685 4.995568616429856
5.695 4.881904692360546
5.705 4.731526753581786
5.715 4.546345286624249
5.725 4.329585440457015
5.735 4.085571570541824
5.745 3.819467564114529
5.755 3.536991627182236
5.765 3.244124477113385
5.775 2.9468287579653327
5.785 2.65079516745445
5.795 2.36122753614212
5.805 2.0826752721602833
5.815 1.8189175420915515
5.825 1.572899648966314
5.835 1.3455337010619492
5.845 1.1408695537685383
5.855 0.9577109566928322
5.865 0.7959576787995305
5.875 0.6549415644620739
5.885 0.5335463878953218
5.895 0.43032727209450367
5.905 0.34362330614194064
5.915 0.2716585690888691
5.925 0.21262839487814994
5.935 0.16476925112606178
5.945 0.12641194983698056
5.955 0.09601899313868353
5.965 0.07220765152568501
5.975 0.05376087741760345
5.985 0.03962839937231853
5.995 0.030198822538137368
6.005 0.022793476973322062
6.015 0.01773644896121845
6.025 0.014643998701824774
6.035 0.013268119259846643
6.045 0.013489420258903179
6.055 0.01531266645300439
6.065 0.018865215944990014
6.075 0.0243982302491253
6.085 0.03120737136947517
6.095 0.042336700277930586
6.105 0.05809912362622846
6.115 0.07744905737429772
6.125 0.10224482798561317
6.135 0.1336775912486542
6.1450000000000005 0.1730942731456032
6.155 0.2219882000441839
6.165 0.2819798580122944
6.175 0.354786393086825
6.185 0.44217893128188795
6.195 0.545927453171721
6.205 0.6689322387417742
6.215 0.8109331780097254
6.225 0.9741286553111784
6.235 1.1596230709607174
6.245 1.368143908837541
6.255 1.599965901293082
6.265 1.8548469884114511
6.275 2.131981250611927
6.285 2.42997334914506
6.295 2.7468378988144604
6.305 3.0800256749975405
6.315 3.426476727884844
6.325 3.782698490673754
6.335 4.144865006554221
6.345 4.508931655794793
6.355 4.870758423943959
6.365 5.227376404133393
6.375 5.573088427487798
6.385 5.905009169735049
6.3950000000000005 6.219846264115006
6.405 6.514726574546717
6.415 6.787234867093186
6.425 7.035427034290047
6.435 7.25782022077269
6.445 7.453364065974497
6.455 7.621398654660385
6.465 7.761605514894397
6.475 7.873958059237744
6.485 7.959780194513513
6.495 8.017834126837043
6.505 8.049547894907352
6.515 8.056913103206282
6.525 8.039386648025136
6.535 7.999115148956427
6.545 7.937801302550264
6.555 7.857465084715474
6.565 7.760470091343679
6.575 7.649538067121208
6.585 7.5277461525608995
6.595 7.398502729597407
6.605 7.265499558120038
6.615 7.1326399899299915
6.625 7.003945209548236
6.635 6.883442457869965
6.6450000000000005 6.775040832691937
6.655 6.6824013561182145
6.665 6.608808440932141
6.675 6.557049642885749
6.685 6.530403116267113
6.695 6.528706570893657
6.705 6.553496250389699
6.715 6.605908405816555
6.725 6.68351822171284
6.735 6.785599085011508
6.745 6.909965572128039
6.755 7.053763733203381
6.765 7.213543042526156
6.775 7.385344413867023
6.785 7.564803736951186
6.795 7.747270917617536
6.805 7.927091798581981
6.815 8.101458353654913
6.825 8.264492142393795
6.835 8.413058490854072
6.845 8.541651934921362
6.855 8.64800877493309
6.865 8.729965304218801
6.875 8.786357932320648
6.885 8.817121758811798
6.8950000000000005 8.823337508742991
6.905 8.807216940824432
6.915 8.77119635880673
6.925 8.721361361256516
6.935 8.661354362712341
6.945 8.596450863458337
6.955 8.532016107835144
6.965 8.4731773525946
6.975 8.424499237217184
6.985 8.389686215834523
6.995 8.372533164662473
