0.005 0.0
0.015 0.0
0.025 0.0
0.034999999999999996 0.0
0.045 0.0
0.055 0.0
0.065 0.0
0.07500000000000001 0.0
0.085 0.0
0.095 0.0
0.10500000000000001 0.0
0.115 0.0
0.125 0.0
0.135 0.0
0.14500000000000002 0.0
0.155 0.0
0.165 0.0
0.17500000000000002 0.0
0.185 0.0
0.195 0.0
0.20500000000000002 0.0
0.215 0.0
0.225 0.0
0.23500000000000001 0.0
0.245 0.0
0.255 0.0
0.265 0.0
0.275 0.0
0.28500000000000003 0.0
0.295 0.0
0.305 0.0
0.315 0.0
0.325 0.0
0.335 0.0
0.34500000000000003 0.0
0.35500000000000004 0.0
0.365 0.0
0.375 0.0
0.385 0.0
0.395 0.0
0.405 0.0
0.41500000000000004 0.0
0.425 0.0
0.435 0.0
0.445 0.0
0.455 0.0
0.465 0.0
0.47500000000000003 0.0
0.485 0.0
0.495 0.0
0.505 0.0
0.515 0.0
0.525 0.0
0.535 0.0
0.545 0.0
0.555 0.0
0.5650000000000001 0.0
0.5750000000000001 0.0
0.585 0.0
0.595 0.0
0.605 0.0
0.615 0.0
0.625 0.0
0.635 0.0
0.645 0.0
0.655 0.0
0.665 0.0
0.675 0.0
0.685 0.0
0.6950000000000001 0.0
0.7050000000000001 0.0
0.715 0.0
0.725 0.0
0.735 0.0
0.745 0.0
0.755 0.0
0.765 0.0
0.775 0.0
0.785 0.0
0.795 0.0
0.805 0.0
0.8150000000000001 0.0
0.8250000000000001 0.0
0.8350000000000001 0.0
0.845 0.0
0.855 0.0
0.865 0.0
0.875 0.0
0.885 0.0
0.895 0.0
0.905 0.0
0.915 0.0
0.925 0.0
0.935 0.0
0.9450000000000001 0.0
0.9550000000000001 0.0
0.965 0.0
0.975 0.0
0.985 0.0
0.995 0.0
1.005 0.0
1.015 0.0
1.025 0.0
1.035 0.0
1.045 0.0
1.055 0.0
1.065 0.0
1.075 0.0
1.085 0.0
1.095 0.0
1.105 0.0
1.115 0.0
1.125 0.0
1.135 0.0
1.145 0.0
1.155 0.0
1.1649999999999998 0.0
1.1749999999999998 0.0
1.1849999999999998 0.0
1.1949999999999998 0.0
1.2049999999999998 0.0
1.2149999999999999 0.0
1.2249999999999999 0.0
1.2349999999999999 0.0
1.2449999999999999 0.0
1.255 0.0
1.265 0.0
1.275 0.0
1.285 0.0
1.295 0.0
1.305 0.0
1.315 0.0
1.325 0.0
1.335 0.0
1.345 0.0
1.355 0.0
1.365 0.0
1.375 0.0
1.385 0.0
1.395 0.0
1.405 0.0
1.4149999999999998 0.0
1.4249999999999998 0.0
1.4349999999999998 0.0
1.4449999999999998 0.0
1.4549999999999998 0.0
1.4649999999999999 0.0
1.4749999999999999 0.0
1.4849999999999999 0.0
1.4949999999999999 0.0
1.505 0.0
1.515 0.0
1.525 0.0
1.535 0.0
1.545 0.0
1.555 0.0
1.565 0.0
1.575 0.0
1.585 0.0
1.595 0.0
1.605 0.0
1.615 0.0
1.625 0.0
1.635 0.0
1.645 0.0
1.655 0.0
1.665 0.0
1.6749999999999998 0.0
1.6849999999999998 0.0
1.6949999999999998 0.0
1.7049999999999998 0.0
1.7149999999999999 0.0
1.7249999999999999 0.0
1.7349999999999999 0.0
1.7449999999999999 0.0
1.755 0.0
1.765 0.0
1.775 0.0
1.785 0.0
1.795 0.0
1.805 0.0
1.815 0.0
1.825 0.0
1.835 0.0
1.845 0.0
1.855 0.0
1.865 0.0
1.875 0.0
1.885 0.0
1.895 0.0
1.905 0.0
1.915 0.0
1.9249999999999998 0.0
1.9349999999999998 0.0
1.9449999999999998 0.0
1.9549999999999998 0.0
1.9649999999999999 0.0
1.9749999999999999 0.0
1.9849999999999999 0.0
1.9949999999999999 0.0
2.005 0.0
2.015 0.0
2.025 0.0
2.035 0.0
2.045 0.0
2.0549999999999997 0.0
2.065 0.0
2.0749999999999997 0.0
2.085 0.0
2.0949999999999998 0.0
2.105 0.0
2.1149999999999998 0.00826591537241661
2.125 0.01226979410230537
2.135 0.018031865133882073
2.145 0.026236208959351696
2.155 0.03779362652667609
2.165 0.053900539007484836
2.175 0.07610701774322201
2.185 0.1063930737020929
2.195 0.14725127452378536
2.205 0.2017724299665018
2.215 0.27372952340987855
2.225 0.3676533380424401
2.235 0.48889144844094495
2.245 0.6436405885529662
2.255 0.8389410803881565
2.265 1.0826212664145538
2.275 1.3831800041000997
2.285 1.7495965159222133
2.295 2.191059461059529
2.305 2.7166111397547037
2.315 3.3347082658070852
2.3249999999999997 4.052707592173468
2.335 4.876292507348628
2.3449999999999998 5.808865000474243
2.355 6.850935409082762
2.3649999999999998 7.999549271432484
2.375 9.247795502084674
2.385 10.584442126294542
2.395 11.993744221986011
2.405 13.455463059678017
2.415 14.945125587633617
2.425 16.434539693413008
2.435 17.892563847551013
2.445 19.286110989966577
2.455 20.58134738821799
2.465 21.745029420397714
2.475 22.745906588270707
2.485 23.556109157328343
2.495 24.15243489973271
2.505 24.517452208999316
2.515 24.640346449616292
2.525 24.517452208999316
2.535 24.15243489973271
2.545 23.556109157328343
2.555 22.745906588270707
2.565 21.745029420397714
2.5749999999999997 20.58134738821799
2.585 19.286110989966577
2.5949999999999998 17.892563847551013
2.605 16.434539693413008
2.6149999999999998 14.945125587633617
2.625 13.455463059678017
2.635 11.993744221986011
2.645 10.590081001993592
2.655 9.256165760026914
2.665 8.011850322378555
2.675 6.868833332600076
2.685 5.8346472100177165
2.695 4.9130625958241625
2.705 4.10462658644621
2.715 3.4072879246610848
2.725 2.817063611883467
2.735 2.3287053963026154
2.745 1.93633043323516
2.755 1.6339872505038622
2.765 1.4161352190599832
2.775 1.2780224295422118
2.785 1.2159528199269192
2.795 1.2274384181851568
2.805 1.3112366873905297
2.815 1.4672763760306284
2.8249999999999997 1.6964782663427702
2.835 2.000480088219509
2.8449999999999998 2.3812778936255694
2.855 2.8407995323949353
2.8649999999999998 3.380429553919435
2.875 4.000508729991771
2.885 4.699835133399782
2.895 5.4751968562691005
2.905 6.320968465335955
2.915 7.228803605987588
2.925 8.181941114431297
2.935 9.179102404058213
2.945 10.19532643372902
2.955 11.211380993751348
2.965 12.206021829155146
2.975 13.15667747499817
2.985 14.040267098356534
2.995 14.83411243030573
3.005 15.516894879117999
3.015 16.069602156186548
3.025 16.47640607155003
3.035 16.72541506114419
3.045 16.809251553020314
3.055 16.72541506114419
3.065 16.47640607155003
3.075 16.069602156186548
3.085 15.516894879117999
3.0949999999999998 14.83411243030573
3.105 14.040267098356534
3.1149999999999998 13.15667747499817
3.125 12.206021829155146
3.135 11.211380993751348
3.145 10.19532643372902
3.155 9.179102404058213
3.165 8.181941114431297
3.175 7.2205376906151715
3.185 6.30869867123365
3.195 5.457164991135218
3.205 4.67359892444043
3.215 3.962715103465095
3.225 3.32652901491195
3.235 2.7646925146517134
3.245 2.2748848199234764
3.255 1.8532288136957238
3.265 1.4947058363762684
3.275 1.19354685262075
3.285 0.9435833493480895
3.295 0.7385469697442117
3.305 0.5723122313739529
3.315 0.4390813491540553
3.325 0.3335139526454295
3.335 0.25080724640376256
3.3449999999999998 0.1867339173129468
3.355 0.1376459352430866
3.3649999999999998 0.10045247212876361
3.375 0.07257965885399957
3.385 0.051918994272741686
3.395 0.03677008847553381
3.405 0.025782209543473877
3.415 0.01789792351731384
3.425 0.012301050946070612
3.435 0.008370257942238786
3.445 0.005638875699050574
3.455 0.0
3.465 0.0
3.475 0.0
3.485 0.0
3.495 0.0
3.505 0.0
3.515 0.0
3.525 0.0
3.535 0.0
3.545 0.0
3.555 0.0
3.565 0.0
3.575 0.0
3.585 0.0
3.5949999999999998 0.0
3.605 0.0
3.6149999999999998 0.0
3.625 0.0
3.635 0.0
3.645 0.0
3.655 0.0
3.665 0.0
3.675 0.0
3.685 0.0
3.695 0.0
3.705 0.0
3.715 0.0
3.725 0.0
3.735 0.0
3.745 0.0
3.755 0.0
3.765 0.0
3.775 0.0
3.785 0.0
3.795 0.0
3.805 0.0
3.815 0.0
3.825 0.0
3.835 0.0
3.8449999999999998 0.0
3.855 0.0
3.8649999999999998 0.0
3.875 0.0
3.885 0.0
3.895 0.0
3.905 0.0
3.915 0.0
3.925 0.0
3.935 0.0
3.945 0.0
3.955 0.0
3.965 0.0
3.975 0.0
3.985 0.0
3.995 0.0
4.005 0.0
4.015 0.0
4.025 0.0
4.035 0.002658153602535829
4.045 0.003945721184643657
4.055 0.00579868836136604
4.065 0.008437041781834074
4.075 0.012153676874072206
4.085 0.017333338836190003
4.095 0.02447449971088423
4.1049999999999995 0.03421389155396065
4.115 0.04735307442894355
4.125 0.0648859911386996
4.135 0.08802595792360013
4.145 0.11822998433579646
4.155 0.15721774375513878
4.165 0.20698198228711764
4.175 0.26978672714103885
4.185 0.34814941719641707
4.195 0.4448031155900023
4.205 0.5626353612695039
4.215 0.7046010438506161
4.225 0.873607986832892
4.235 1.0723757007893968
4.245 1.303269970813978
4.255 1.5681184613480617
4.265 1.8680151842808708
4.275 2.2031242539892495
4.285 2.5724955744743365
4.295 2.9739066784316996
4.305 3.403745586693116
4.315 3.8569490461943423
4.325 4.327008684993855
4.335 4.806054457523962
4.345 5.285020342434503
4.355 5.75389184465666
4.365 6.20202882525975
4.375 6.618551030366835
4.385 6.992767973884902
4.395 7.316904116805827
4.405 7.578550600405883
4.415 7.771902248452325
4.425 7.891541598060693
4.435 7.934241444331453
4.445 7.899152205614532
4.455 7.787879038577732
4.465 7.604444426190492
4.475 7.355139744503663
4.485 7.048276666016168
4.495 6.693855509996285
4.505 6.303172256777218
4.515 5.888388539282494
4.525 5.462089366577717
4.535 5.036851708443075
4.545 4.62484367950794
4.555 4.237469383003798
4.565 3.8850690974045903
4.575 3.576679044732897
4.585 3.319850063995261
4.595 3.120520622288945
4.605 2.9829370696412694
4.615 2.90961303311563
4.625 2.9013203040381095
4.635 2.957105267148382
4.645 3.0763816803885247
4.655 3.251769087034026
4.665 3.4789541214399464
4.675 3.7508674513040194
4.685 4.05921275099009
4.695 4.394667141612124
4.705 4.747126973949816
4.715 5.105999669191755
4.725 5.460538212599761
4.735 5.800210129554845
4.745 6.115087891726508
4.755 6.396243279019798
4.765 6.636124816721786
4.775 6.8308477900460005
4.785 6.97555058044991
4.795 7.067041121793121
4.805 7.107502658106257
4.815 7.100166365487621
4.825 7.050494910003804
4.835 6.965958585963411
4.845 6.853938442227574
4.855 6.72901316557537
4.865 6.59985064802316
4.875 6.4780601633378385
4.885 6.375034188581685
4.895 6.301469937715442
4.905 6.268796637166886
4.915 6.282283849425372
4.925 6.3496098217014545
4.935 6.4753155877191375
4.945 6.6619757827913055
4.955 6.910225939319071
4.965 7.21887410421562
4.975 7.58508022813685
4.985 8.004583144289617
4.995 8.47195326355871
5.005 8.980849474718351
5.015 9.524261075891086
5.025 10.094719607468875
5.035 10.684470764834025
5.045 11.285602561781857
5.055 11.890131931098978
5.065 12.490057313555834
5.075 13.077388891531957
5.085 13.644170499203327
5.095 14.18250762078899
5.105 14.684614248026795
5.115 15.142887937957045
5.125 15.550017653197052
5.135 15.899123515169345
5.145 16.183922184909036
5.155 16.398906929681264
5.165 16.539528155655162
5.175 16.60235871561629
5.185 16.5852288145158
5.195 16.487317739949717
5.205 16.30767688491155
5.215 16.05179555502214
5.225 15.7207161396357
5.235 15.318916801223715
5.245 14.851885911557208
5.255 14.32594367218035
5.265 13.748050699626837
5.275 13.125616574852796
5.285 12.466319204455814
5.295 11.777942735922057
5.305 11.06823822737642
5.315 10.344807825606566
5.325 9.615010320999286
5.335 8.885883962440396
5.345 8.164081499880561
5.355 7.4558125707339675
5.365 6.766789593167935
5.375 6.102174991085445
5.385 5.46652950528761
5.395 4.8637631916185216
5.405 4.297092167533064
5.415 3.769005030342234
5.425 3.281243031579688
5.435 2.834797564940242
5.445 2.4299274222566893
5.455 2.064826666440001
5.465 1.7416284549083727
5.475 1.4582266411416482
5.485 1.2102684401041948
5.495 0.9964141302754448
5.505 0.8140673500038487
5.515 0.6604999473012136
5.525 0.5329618147575618
5.535 0.4287822458350846
5.545 0.34545984983096584
5.555 0.28073895333666576
5.565 0.23267125195575136
5.575 0.1996621661041289
5.585 0.17919970263104149
5.595 0.17222402623595537
5.605 0.17947323166640972
5.615 0.19909084658553602
5.625 0.2314931625213362
5.635 0.2773896654450399
5.645 0.33773119222543607
5.655 0.413641417241324
5.665 0.5063323922528218
5.675 0.6170054864266775
5.685 0.7467399773082604
5.695 0.8963726806229326
5.705 1.0663732856882053
5.715 1.25548225047908
5.725 1.4659738447980761
5.735 1.6947237735645275
5.745 1.9396736981592695
5.755 2.1979382505235865
5.765 2.4658085406857477
5.775 2.738799709245378
5.785 3.0117453526884757
5.795 3.278938566021532
5.805 3.53431591203899
5.815 3.7716771205570567
5.825 3.984930063310851
5.835 4.168347866010957
5.845 4.316823203173799
5.855 4.4261041028447945
5.865 4.4929961001469865
5.875 4.515517336820181
5.885 4.4929961001469865
5.895 4.4261041028447945
5.905 4.316823203173799
5.915 4.168347866010957
5.925 3.984930063310851
5.935 3.7716771205570567
5.945 3.53431591203899
5.955 3.2802331681185635
5.965 3.0136670395748424
5.975 2.7416238478149086
5.985 2.4699176380581065
5.995 2.203857462849318
6.005 1.9481155642668129
6.015 1.7066436034115626
6.025 1.4826370563262268
6.035 1.2785446458945
6.045 1.0961169578262908
6.055 0.9364863401960952
6.065 0.8002688782610868
6.075 0.6876786670359727
6.085 0.5986447137761879
6.095 0.5329214920870561
6.105 0.4901853192220476
6.115 0.47011021519486346
6.125 0.47241861315572276
6.135 0.49690412884307333
6.1450000000000005 0.543425485634611
6.155 0.6118725693583291
6.165 0.7021074010249604
6.175 0.8138845138948216
6.185 0.9467567444444286
6.195 1.0999737234080775
6.205 1.2723812991535528
6.215 1.4623306494399182
6.225 1.6676058493431403
6.235 1.8853780887948424
6.245 2.1121935301083172
6.255 2.343999967786524
6.265 2.576215061471783
6.275 2.8038360832220133
6.285 3.020577710547724
6.295 3.2234367626647478
6.305 3.405691858593398
6.315 3.562448566352993
6.325 3.6904980134842815
6.335 3.7844541299029073
6.345 3.8424287752039814
6.355 3.8628238435977367
6.365 3.8451926447769242
6.375 3.790276584028091
6.385 3.699986234443469
6.3950000000000005 3.577328645781758
6.405 3.426286344537437
6.415 3.2516565487839397
6.425 3.0588613779765077
6.435 2.853741098740643
6.445 2.642342636430884
6.455 2.4307147360634342
6.465 2.224719418743562
6.475 2.0298669819965682
6.485 1.8511790244417843
6.495 1.6930811515974313
6.505 1.5593244436004299
6.515 1.4529326961330216
6.525 1.3761710702927246
6.535 1.3305312034932024
6.545 1.316728042744876
6.555 1.334704571215454
6.565 1.3836420359670272
6.575 1.461975017839589
6.585 1.5684840559359086
6.595 1.6985579121656935
6.605 1.8493358591907456
6.615 2.0177412889994795
6.625 2.197514264561334
6.635 2.3844213586112546
6.6450000000000005 2.5732941212320344
6.655 2.7589092541313116
6.665 2.936175501337664
6.675 3.1003354693789844
6.685 3.247173384008823
6.695 3.3732178351647386
6.705 3.4759273509952795
6.715 3.5538463361295123
6.725 3.6067195842758935
6.735 3.6355552141868257
6.745 3.6426283763082834
6.755 3.6314212555638155
6.765 3.605635050713225
6.775 3.5727509925124386
6.785 3.537632744195805
6.795 3.5067959541530813
6.805 3.486799116546159
6.815 3.4839115780823096
6.825 3.503780778105235
6.835 3.55111593641457
6.845 3.6294050629569927
6.855 3.7406809780216292
6.865 3.885350045705719
6.875 4.063250669570125
6.885 4.269572745895919
6.8950000000000005 4.50042878359746
6.905 4.749666659445076
6.915 5.009880209531699
6.925 5.272719847957806
6.935 5.5292605110784265
6.945 5.770409400533662
6.955 5.987333051172628
6.965 6.1718813726270305
6.975 6.316985715932713
6.985 6.417008829470705
6.995 6.468026818404152
