0.005 0.0
0.015 0.0
0.025 0.0
0.034999999999999996 0.0
0.045 0.0
0.055 0.0
0.065 0.0
0.07500000000000001 0.0
0.085 0.0
0.095 0.0
0.10500000000000001 0.0
0.115 0.0
0.125 0.0
0.135 0.0
0.14500000000000002 0.0
0.155 0.0
0.165 0.0
0.17500000000000002 0.0
0.185 0.0
0.195 0.0
0.20500000000000002 0.0
0.215 0.0
0.225 0.0
0.23500000000000001 0.0
0.245 0.0
0.255 0.0
0.265 0.0
0.275 0.0
0.28500000000000003 0.0
0.295 0.0
0.305 0.0
0.315 0.0
0.325 0.0
0.335 0.0
0.34500000000000003 0.0
0.35500000000000004 0.0
0.365 0.0
0.375 0.0
0.385 0.0
0.395 0.0
0.405 0.0
0.41500000000000004 0.0
0.425 0.0
0.435 0.0
0.445 0.0
0.455 0.0
0.465 0.0
0.47500000000000003 0.0
0.485 0.0
0.495 0.0
0.505 0.0
0.515 0.0
0.525 0.0
0.535 0.0
0.545 0.0
0.555 0.0
0.5650000000000001 0.0
0.5750000000000001 0.0
0.585 0.0
0.595 0.0
0.605 0.0
0.615 0.0
0.625 0.0
0.635 0.0
0.645 0.0
0.655 0.0
0.665 0.0
0.675 0.0
0.685 0.0
0.6950000000000001 0.0
0.7050000000000001 0.0
0.715 0.0
0.725 0.0
0.735 0.0
0.745 0.0
0.755 0.0
0.765 0.0
0.775 0.0
0.785 0.0
0.795 0.0
0.805 0.0
0.8150000000000001 0.0
0.8250000000000001 0.0
0.8350000000000001 0.0
0.845 0.0
0.855 0.0
0.865 0.0
0.875 0.0
0.885 0.0
0.895 0.0
0.905 0.0
0.915 0.0
0.925 0.0
0.935 0.0
0.9450000000000001 0.0
0.9550000000000001 0.0
0.965 0.0
0.975 0.0
0.985 0.0
0.995 0.0
1.005 0.0
1.015 0.0
1.025 0.0
1.035 0.0
1.045 0.0
1.055 0.0
1.065 0.0
1.075 0.0
1.085 0.0
1.095 0.0
1.105 0.0
1.115 0.0
1.125 0.0
1.135 0.0
1.145 0.0
1.155 0.0
1.1649999999999998 0.0
1.1749999999999998 0.0
1.1849999999999998 0.0
1.1949999999999998 0.0
1.2049999999999998 0.0
1.2149999999999999 0.0
1.2249999999999999 0.0
1.2349999999999999 0.0
1.2449999999999999 0.0
1.255 0.0
1.265 0.0
1.275 0.0
1.285 0.0
1.295 0.0
1.305 0.0
1.315 0.0
1.325 0.0
1.335 0.0
1.345 0.0
1.355 0.01697509013239722
1.365 0.025197555431988025
1.375 0.03703068832815672
1.385 0.05387933359487047
1.395 0.07761393479315556
1.405 0.1106914923046628
1.4149999999999998 0.1562952713271541
1.4249999999999998 0.21849147180753176
1.4349999999999998 0.3023988928670634
1.4449999999999998 0.41436489857418113
1.4549999999999998 0.562137781773872
1.4649999999999999 0.7550220719139216
1.4749999999999999 1.0039996816247336
1.4849999999999999 1.3217963784162878
1.4949999999999999 1.722870343299456
1.505 2.223298055768048
1.515 2.8405329816562452
1.525 3.593015076371971
1.535 4.499614399760466
1.545 5.578900445302818
1.555 6.848240131543443
1.565 8.322741469984624
1.575 10.014076009100982
1.585 11.929230158710126
1.595 14.069251960707117
1.605 16.428074058713555
1.615 18.991503675166452
1.625 21.73647454637118
1.635 24.63065250734695
1.645 27.632474798057203
1.655 30.69168294858876
1.665 33.750380933138445
1.6749999999999998 36.74461572948006
1.6849999999999998 39.60643892515269
1.6949999999999998 42.266368722698054
1.7049999999999998 44.65613519038049
1.7149999999999999 46.71156152498804
1.7249999999999999 48.37541374408381
1.7349999999999999 49.60004317343439
1.7449999999999999 50.34965183085696
1.755 50.61328879433529
1.765 50.3663634487715
1.775 49.624602806456046
1.785 48.41114779927649
1.795 46.76303693206108
1.805 44.729548420119315
1.815 42.37002746305952
1.825 39.751347664585275
1.835 36.945173865725195
1.845 34.02519758671653
1.855 31.064506092075288
1.865 28.133223389202232
1.875 25.29652896948694
1.885 22.613121334450803
1.895 20.134152253566047
1.905 17.9026181952832
1.915 15.953160976849789
1.9249999999999998 14.312203192723949
1.9349999999999998 12.99832727166914
1.9449999999999998 12.022800901415744
1.9549999999999998 11.390155825478548
1.9649999999999999 11.098740487852279
1.9749999999999999 11.14118772551122
1.9849999999999999 11.504764173026114
1.9949999999999999 12.171595423221204
2.005 13.118787401230396
2.015 14.318487164087559
2.025 15.737943151402428
2.035 17.3396340966183
2.045 19.08153640798121
2.0549999999999997 20.917591705679754
2.065 22.798420056108665
2.0749999999999997 24.67230176479317
2.085 26.486423536054545
2.0949999999999998 28.188356025599248
2.105 29.727702192244102
2.1149999999999998 31.057832254144376
2.125 32.13760400803014
2.135 32.932958719769346
2.145 33.418283872806384
2.155 33.577444949232415
2.165 33.3930863173744
2.175 32.89592803144119
2.185 32.08372467443527
2.195 30.98021831935122
2.205 29.61701069993944
2.215 28.032060754272095
2.225 26.267932064247013
2.235 24.369902871926104
2.245 22.384055157534483
2.255 20.355453923905884
2.265 18.32651433606729
2.275 16.335634414993567
2.285 14.41614677298614
2.295 12.595616820788102
2.305 10.895489345462348
2.315 9.331062441564958
2.3249999999999997 7.911749096654143
2.335 6.6415733257507545
2.3449999999999998 5.519840042549461
2.355 4.541915693935104
2.3649999999999998 3.7000594314311197
2.375 2.9842512625681574
2.385 2.3829730340138218
2.395 1.8839090161426728
2.405 1.4745441365696428
2.415 1.1426485783995934
2.425 0.8766467880796212
2.435 0.6658764621399869
2.445 0.5007485911450308
2.455 0.37282314348652734
2.465 0.27481665357808316
2.475 0.20055813624513857
2.485 0.1449087394325861
2.495 0.1036587403614679
2.505 0.07341322973882572
2.515 0.051475407073034364
2.525 0.0357340551926811
2.535 0.024559633021654592
2.545 0.016711617914536056
2.555 0.011258283412576734
2.565 0.0
2.5749999999999997 0.0
2.585 0.0
2.5949999999999998 0.0
2.605 0.0
2.6149999999999998 0.0
2.625 0.0
2.635 0.0
2.645 0.0
2.655 0.0
2.665 0.0
2.675 0.0
2.685 0.0
2.695 0.0
2.705 0.0
2.715 0.0
2.725 0.0
2.735 0.0
2.745 0.0
2.755 0.0
2.765 0.0
2.775 0.0
2.785 0.0
2.795 0.0
2.805 0.0
2.815 0.0
2.8249999999999997 0.0
2.835 0.0
2.8449999999999998 0.0
2.855 0.0
2.8649999999999998 0.0
2.875 0.0
2.885 0.0
2.895 0.0
2.905 0.0
2.915 0.0
2.925 0.0
2.935 0.0
2.945 0.0
2.955 0.0
2.965 0.0
2.975 0.0
2.985 0.0
2.995 0.0
3.005 0.0
3.015 0.0
3.025 0.0
3.035 0.0
3.045 0.0
3.055 0.0
3.065 0.0
3.075 0.0
3.085 0.0
3.0949999999999998 0.0
3.105 0.0
3.1149999999999998 0.0
3.125 0.0
3.135 0.0
3.145 0.0
3.155 0.0
3.165 0.0
3.175 0.0
3.185 0.0
3.195 0.0
3.205 0.0
3.215 0.0
3.225 0.0
3.235 0.0
3.245 0.0
3.255 0.003913744515754902
3.265 0.005809500486490001
3.275 0.008537725115365007
3.285 0.012422316743226275
3.295 0.017894521282284
3.305 0.025520820070421675
3.315 0.03603514068108747
3.325 0.050374978445265214
3.335 0.07346839703686456
3.3449999999999998 0.10109848180724441
3.355 0.13778132147905894
3.3649999999999998 0.1859723224583082
3.375 0.2486164236943916
3.385 0.3291901282570247
3.395 0.4317297111746269
3.405 0.5608395000127484
3.415 0.7216736981431122
3.425 0.919885203546352
3.435 1.1615353854444195
3.445 1.4564964196244463
3.455 1.805837069311999
3.465 2.21842600383312
3.475 2.700439053414254
3.485 3.257426151831145
3.495 3.8974406095700536
3.505 4.618594783130152
3.515 5.425139817023549
3.525 6.317209142453713
3.535 7.292884367134635
3.545 8.348031579443926
3.555 9.476224939781224
3.565 10.668772001232092
3.575 11.914849717114128
3.585 13.201753228761813
3.5949999999999998 14.518527643069254
3.605 15.844900178612228
3.6149999999999998 17.16739254791783
3.625 18.470418468991603
3.635 19.739060679009874
3.645 20.959639119010447
3.655 22.123398225505213
3.665 23.215741158313634
3.675 24.231652931896704
3.685 25.166657354112385
3.695 26.018945981805448
3.705 26.789234315708327
3.715 27.480477557743484
3.725 28.097468029147187
3.735 28.646345227921746
3.745 29.13405585685164
3.755 29.567804336834854
3.765 29.954533975868998
3.775 30.30047506812634
3.785 30.610789081689884
3.795 30.88932842710629
3.805 31.13852003343203
3.815 31.359369236314933
3.825 31.551569518524744
3.835 31.71369459017589
3.8449999999999998 31.843443111016377
3.855 31.937903685243214
3.8649999999999998 31.99380884790645
3.875 32.00775142252905
3.885 31.976344251139103
3.895 31.896313914165432
3.905 31.7645294605759
3.915 31.577977055387315
3.925 31.33369958605171
3.935 31.02872563671554
3.945 30.660014174966477
3.955 30.224439567336596
3.965 29.71883637593963
3.975 29.14011544634288
3.985 28.485453075417553
3.995 27.752544759583266
4.005 26.93990543910057
4.015 26.0471904432488
4.025 25.075506432590398
4.035 24.027680106759554
4.045 22.908454468306907
4.055 21.724587757304494
4.065 20.482227800867683
4.075 19.198103583742345
4.085 17.880658755358134
4.095 16.54346434829582
4.1049999999999995 15.200873531869636
4.115 13.86753424435414
4.125 12.557878768140652
4.135 11.285623756615617
4.145 10.060812307897873
4.155 8.900272369709167
4.165 7.809492551229981
4.175 6.795610474014755
4.185 5.8635803794710295
4.195 5.0161893267847
4.205 4.254164891680949
4.215 3.576359936170083
4.225 2.9799965031016082
4.235 2.4609491588116583
4.245 2.014048066090565
4.255 1.6310247132131073
4.265 1.3110383152200835
4.275 1.0441210740567248
4.285 0.823849960108985
4.295 0.6440055374694793
4.305 0.4964238144880339
4.315 0.38107833484757464
4.325 0.2897582038536799
4.335 0.21822710874495463
4.345 0.16278896253620873
4.355 0.12027532091484362
4.365 0.08801478284378535
4.375 0.06379030457656665
4.385 0.04578954560992157
4.395 0.03255243415421683
4.405 0.02073422093742284
4.415 0.014538285086940038
4.425 0.010092428816863046
4.435 0.006936418122791029
4.445 0.004719890124634184
4.455 0.0031796957644139013
4.465 0.0
4.475 0.0
4.485 0.0
4.495 0.0
4.505 0.0
4.515 0.0
4.525 0.0
4.535 0.002146807198917564
4.545 0.00318668666702844
4.555 0.004683200363810546
4.565 0.006814016322281181
4.575 0.009815685964003446
4.585 0.013998941430363981
4.595 0.021861906213456257
4.605 0.03074278822161747
4.615 0.04281517672022935
4.625 0.05905523607798466
4.635 0.0806737807171529
4.645 0.11120505949900093
4.655 0.14931750738491018
4.665 0.19861861460668068
4.675 0.26173879035917724
4.685 0.3417211145416255
4.695 0.4420267349784761
4.705 0.5685277686211183
4.715 0.7224177958360092
4.725 0.9096968393800142
4.735 1.1352802420040509
4.745 1.4042220005405632
4.755 1.7215691429093471
4.765 2.0921867762128152
4.775 2.5205574686111305
4.785 3.012505637123092
4.795 3.5681283585068875
4.805 4.190817796449428
4.815 4.88141762758076
4.825 5.639329667011525
4.835 6.462359845450631
4.845 7.346612228463513
4.855 8.28644085365193
4.865 9.274466529293132
4.875 10.301662412125339
4.885 11.35750837941978
4.895 12.43021020261919
4.905 13.506975618484077
4.915 14.57433588307375
4.925 15.61849856163476
4.935 16.625715378232496
4.945 17.582648073552534
4.955 18.476715461600044
4.965 19.2964062088962
4.975 20.031544169917662
4.985 20.67349621325946
4.995 21.215316122899765
5.005 21.651822083988062
5.015 21.979609179225015
5.025 22.19700195888835
5.035 22.303955264731883
5.045 22.301913891202794
5.055 22.193643219151014
5.065 21.98304358295415
5.075 21.674960822941514
5.085 21.27500428727545
5.095 20.789381598095115
5.105 20.224756956626663
5.115 19.58813684535603
5.125 18.886783935958942
5.135 18.128157085483945
5.145 17.319872748727903
5.155 16.46968117145547
5.165 15.585449527118516
5.175 14.675143821452115
5.185 13.746801936842592
5.195 12.808491558131928
5.205 11.868248767987573
5.215 10.933995608515271
5.225 10.01343761412106
5.235 9.113944946363596
5.245 8.242423032900579
5.255 7.405180298328498
5.265 6.607801509197955
5.275 5.855035356305586
5.285 5.150704172366831
5.295 4.497642226782071
5.305 3.897667018487959
5.315 3.3515856205558316
5.325 2.859235657744332
5.335 2.419558157789611
5.345 2.029265645379789
5.355 1.6891767859037117
5.365 1.3941416155494273
5.375 1.1407363611036894
5.385 0.925261591061397
5.395 0.7438785229806539
5.405 0.5913339960280493
5.415 0.46713126035068153
5.425 0.36565034245363687
5.435 0.2835872815994137
5.445 0.2179093055579598
5.455 0.1645157418199034
5.465 0.12419759295612756
5.475 0.09286800903495748
5.485 0.06877866148395333
5.495 0.050450331578976625
5.505 0.03665099954038985
5.515 0.025031809829660447
5.525 0.01939553610264473
5.535 0.014892276871264822
5.545 0.012140889473047551
5.555 0.01089993393986818
5.565 0.011052025791634884
5.575 0.01259844256892704
5.585 0.015657523533304386
5.595 0.022079106371116444
5.605 0.030850138938991852
5.615 0.04270178677107951
5.625 0.059994944678546644
5.635 0.0816836043006641
5.645 0.11020140222386725
5.655 0.14732965331572076
5.665 0.19519250649908987
5.675 0.2562862759995989
5.685 0.3335002837429274
5.695 0.43012543468419434
5.705 0.5512492179287038
5.715 0.6987955857224073
5.725 0.878148535963493
5.735 1.0940172622684494
5.745 1.3512676290798482
5.755 1.656166995296581
5.765 2.011365995089755
5.775 2.4222718387668825
5.785 2.892840207195497
5.795 3.426265218830578
5.805 4.024740641440492
5.815 4.689223706430862
5.825 5.419214056424995
5.835 6.212561441599789
5.845 7.065316098320368
5.855 7.971635145760573
5.865 8.923756726726271
5.875 9.91205097389851
5.885 10.925153264697492
5.895 11.950180794315836
5.905 12.973028499435962
5.915 13.978735141743027
5.925 14.951905311310197
5.935 15.8771686682744
5.945 16.739654332289867
5.955 17.525456325854826
5.965 18.222065654992505
5.975 18.818746107101212
5.985 19.306834134021475
5.995 19.679948064518484
6.005 19.934097981713542
6.015 20.067694395186855
6.025 20.081460730905718
6.035 19.97826102269159
6.045 19.76285942600087
6.055 19.44163180760503
6.065 19.02225137997964
6.075 18.513370039427986
6.085 17.924314844264906
6.095 17.264815251560425
6.105 16.54477180165044
6.115 15.77407148769285
6.125 14.962449693645869
6.135 14.119393904744303
6.1450000000000005 13.254080854175786
6.155 12.375336668978116
6.165 11.491609026353132
6.175 10.610941244299056
6.185 9.740940353186478
6.195 8.88873414686385
6.205 8.06091554335671
6.215 7.263475839574706
6.225 6.5017312160310015
6.235 5.780248828137475
6.245 5.102779828745599
6.255 4.472206657922391
6.265 3.890510994746668
6.275 3.358767080938497
6.285 2.8771629558695198
6.295 2.445049775563713
6.305 2.0610171048963317
6.315 1.7229901115361665
6.325 1.4283431272791836
6.335 1.173029828080231
6.345 0.9560208723402452
6.355 0.7723451584239738
6.365 0.6184457473615593
6.375 0.49079655433912783
6.385 0.3859914800256719
6.3950000000000005 0.3008151061351778
6.405 0.231483148115475
6.415 0.17812866521967258
6.425 0.13747978756967677
6.435 0.10493241705887182
6.445 0.08191138468973541
6.455 0.0657750640680547
6.465 0.05562998552608009
6.475 0.05088952833538431
6.485 0.05127164683310079
6.495 0.05679676157956079
6.505 0.06778643296737573
6.515 0.08502036064971855
6.525 0.1110416771182242
6.535 0.1459405352009203
6.545 0.19048955668006506
6.555 0.24748773717004457
6.565 0.3184151589998846
6.575 0.40813565549461706
6.585 0.5183019914836485
6.595 0.6521632920571834
6.605 0.8131204211150058
6.615 1.0046406785894373
6.625 1.230152179126858
6.635 1.492919769652854
6.6450000000000005 1.7959058203146216
6.655 2.141620663021624
6.665 2.5330558303392765
6.675 2.970801250954297
6.685 3.4553389333655504
6.695 3.9851236487532193
6.705 4.559269957054275
6.715 5.17506659612677
6.725 5.8286966445706
6.735 6.515269948180802
6.745 7.228897599887937
6.755 7.962806773185593
6.765 8.709492149544966
6.775 9.462020854335492
6.785 10.2102930731614
6.795 10.947736405876107
6.805 11.66432426445932
6.815 12.352935329762365
6.825 13.00632029196737
6.835 13.618074432323606
6.845 14.182833805002605
6.855 14.696440019759747
6.865 15.15606579875638
6.875 15.560293907229365
6.885 15.909142857697745
6.8950000000000005 16.204034136218038
6.905 16.447697736558798
6.915 16.644015573938006
6.925 16.79780582839905
6.935 16.91455524885749
6.945 17.000110611990706
6.955 17.060344454005293
6.965 17.10081340667728
6.975 17.12642951744987
6.985 17.141165450271586
6.995 17.147813234423772
