0.005 0.0
0.015 0.0
0.025 0.0
0.034999999999999996 0.0
0.045 0.0
0.055 0.0
0.065 0.0
0.07500000000000001 0.0
0.085 0.0
0.095 0.0
0.10500000000000001 0.0
0.115 0.0
0.125 0.0
0.135 0.0
0.14500000000000002 0.0
0.155 0.0
0.165 0.0
0.17500000000000002 0.0
0.185 0.0
0.195 0.0
0.20500000000000002 0.0
0.215 0.0
0.225 0.0
0.23500000000000001 0.0
0.245 0.0
0.255 0.0
0.265 0.0
0.275 0.0
0.28500000000000003 0.0
0.295 0.0
0.305 0.0
0.315 0.0
0.325 0.0
0.335 0.0
0.34500000000000003 0.0
0.35500000000000004 0.0
0.365 0.0
0.375 0.0
0.385 0.0
0.395 0.0
0.405 0.0
0.41500000000000004 0.0
0.425 0.0
0.435 0.0
0.445 0.0
0.455 0.0
0.465 0.0
0.47500000000000003 0.0
0.485 0.0
0.495 0.0
0.505 0.0
0.515 0.0
0.525 0.0
0.535 0.0
0.545 0.0
0.555 0.0
0.5650000000000001 0.0
0.5750000000000001 0.0
0.585 0.0
0.595 0.0
0.605 0.0
0.615 0.0
0.625 0.0
0.635 0.0
0.645 0.0
0.655 0.0
0.665 0.0
0.675 0.0
0.685 0.0
0.6950000000000001 0.0
0.7050000000000001 0.0
0.715 0.0
0.725 0.0
0.735 0.0
0.745 0.0
0.755 0.0
0.765 0.0
0.775 0.0
0.785 0.0
0.795 0.0
0.805 0.0
0.8150000000000001 0.0
0.8250000000000001 0.0
0.8350000000000001 0.0
0.845 0.0
0.855 0.0
0.865 0.0
0.875 0.0
0.885 0.0
0.895 0.0
0.905 0.0
0.915 0.0
0.925 0.0
0.935 0.0
0.9450000000000001 0.0
0.9550000000000001 0.0
0.965 0.0
0.975 0.0
0.985 0.0
0.995 0.0
1.005 0.0
1.015 0.0
1.025 0.0
1.035 0.0
1.045 0.0
1.055 0.0
1.065 0.0
1.075 0.0
1.085 0.0
1.095 0.0
1.105 0.0
1.115 0.0
1.125 0.0
1.135 0.0
1.145 0.0
1.155 0.0
1.1649999999999998 0.0
1.1749999999999998 0.0
1.1849999999999998 0.0
1.1949999999999998 0.0
1.2049999999999998 0.0
1.2149999999999999 0.0
1.2249999999999999 0.0
1.2349999999999999 0.0
1.2449999999999999 0.0
1.255 0.0
1.265 0.0
1.275 0.0
1.285 0.0
1.295 0.0
1.305 0.0
1.315 0.0
1.325 0.0
1.335 0.0
1.345 0.0
1.355 0.0
1.365 0.0
1.375 0.0
1.385 0.0
1.395 0.0
1.405 0.0
1.4149999999999998 0.0
1.4249999999999998 0.0
1.4349999999999998 0.0
1.4449999999999998 0.015359380571318587
1.4549999999999998 0.022799221702403134
1.4649999999999999 0.03350606273156342
1.4749999999999999 0.04875103361208365
1.4849999999999999 0.07022654682995977
1.4949999999999999 0.10015574250588108
1.505 0.14141889881513373
1.515 0.19769518988736512
1.525 0.2736162013670973
1.535 0.37492514755194983
1.545 0.5086328294247727
1.555 0.6831581600935931
1.565 0.9084377804937909
1.575 1.1959862042287348
1.585 1.5588854651953272
1.595 2.011681864171151
1.605 2.5701676250528003
1.615 3.251027566042678
1.625 4.071335671921193
1.635 5.0478939693738045
1.645 6.196416372682814
1.655 7.530572894586269
1.665 9.060924171491994
1.6749999999999998 10.793791638301302
1.6849999999999998 12.730123583017106
1.6949999999999998 14.864430147562024
1.7049999999999998 17.183869440066626
1.7149999999999999 19.66757067164668
1.7249999999999999 22.28627728215892
1.7349999999999999 25.002382505217017
1.7449999999999999 27.770411532716402
1.755 30.53797895244764
1.765 33.247218868006236
1.775 35.8366502788164
1.785 38.243404748739216
1.795 40.40571036051665
1.805 42.2654987365027
1.815 43.77098349376778
1.825 44.87905121638529
1.835 45.557311217310684
1.845 45.78566819008567
1.855 45.557311217310684
1.865 44.87905121638529
1.875 43.77098349376778
1.885 42.2654987365027
1.895 40.40571036051665
1.905 38.243404748739216
1.915 35.8366502788164
1.9249999999999998 33.247218868006236
1.9349999999999998 30.53797895244764
1.9449999999999998 27.770411532716402
1.9549999999999998 25.002382505217017
1.9649999999999999 22.28627728215892
1.9749999999999999 19.66757067164668
1.9849999999999999 17.183869440066626
1.9949999999999999 14.864430147562024
2.005 12.730123583017106
2.015 10.802756273365764
2.025 9.074231134059056
2.035 7.550128997349705
2.045 6.2248703343070035
2.0549999999999997 5.088882299680791
2.065 4.129792435656316
2.0749999999999997 3.333567927173066
2.085 2.6855541292878162
2.0949999999999998 2.1713803221650005
2.105 1.777713764206875
2.1149999999999998 1.4928541460331224
2.125 1.3071689381802076
2.135 1.2133757130139058
2.145 1.2066805021976108
2.155 1.28478210681407
2.165 1.4477516877789716
2.175 1.6977957119173621
2.185 2.0389092031116656
2.195 2.4764259543302414
2.205 3.0164734393664556
2.215 3.6653429417705063
2.225 4.428789942366354
2.235 5.3112858352749805
2.245 6.315249050594753
2.255 7.430046525466613
2.265 8.675752976842565
2.275 10.029513743100587
2.285 11.479147408135661
2.295 13.007578128054995
2.305 14.592856389006615
2.315 16.20844042666669
2.3249999999999997 17.823755042967935
2.335 19.405026307930843
2.3449999999999998 20.91637030481797
2.355 22.321093328148045
2.3649999999999998 23.58314166515061
2.375 24.668623205921588
2.385 25.547312381004147
2.395 26.194045673004496
2.405 26.58991797780771
2.415 26.72320049632123
2.425 26.58991797780771
2.435 26.194045673004496
2.445 25.547312381004147
2.455 24.668623205921588
2.465 23.58314166515061
2.475 22.321093328148045
2.485 20.91637030481797
2.495 19.405026307930843
2.505 17.823755042967935
2.515 16.20844042666669
2.525 14.592856389006615
2.535 13.007578128054995
2.545 11.479147408135661
2.555 10.029513743100587
2.565 8.675752976842565
2.5749999999999997 7.430046525466613
2.585 6.299889670023434
2.5949999999999998 5.288486613572577
2.605 4.395283879634791
2.6149999999999998 3.616591908158423
2.625 2.9462468925364957
2.635 2.37627021182436
2.645 1.8974903042965316
2.655 1.500100522029997
2.665 1.1741354864118743
2.675 0.90985695926212
2.685 0.6980476727728381
2.695 0.5302175529203127
2.705 0.3987311576864167
2.715 0.29686794180438764
2.725 0.21882829901154768
2.735 0.15969845799384985
2.745 0.11538650423501594
2.755 0.08254036113038786
2.765 0.058456763735123166
2.775 0.040988330306986294
2.785 0.028453961624190262
2.795 0.019556102763435727
2.805 0.013306962567062127
2.815 0.00896463506446163
2.8249999999999997 0.0
2.835 0.0
2.8449999999999998 0.0
2.855 0.0
2.8649999999999998 0.0
2.875 0.0
2.885 0.0
2.895 0.0
2.905 0.0
2.915 0.0
2.925 0.0
2.935 0.0
2.945 0.0
2.955 0.0
2.965 0.0
2.975 0.0
2.985 0.0
2.995 0.0
3.005 0.0
3.015 0.0
3.025 0.00445703500897533
3.035 0.00661595230570403
3.045 0.009722898258434209
3.055 0.014146733491228034
3.065 0.02037856776366765
3.075 0.02906351910650702
3.085 0.04103739600845631
3.0949999999999998 0.05736783318458834
3.105 0.07939883922098182
3.1149999999999998 0.10879699872172795
3.125 0.14759672871793228
3.135 0.19824105679692258
3.145 0.26361342974322005
3.155 0.34705516656400986
3.165 0.45236245440345174
3.175 0.583756386131517
3.185 0.7458196006410877
3.195 0.9433937527437752
3.205 1.1814334268745208
3.215 1.4648142897837582
3.225 1.798096256225799
3.235 2.1852461349572674
3.245 2.6293284457983583
3.255 3.132177563288546
3.265 3.694068664724723
3.275 4.313408685234801
3.285 4.986471122869192
3.295 5.707199624229394
3.305 6.467104425539111
3.315 7.255272673016256
3.325 8.058508338942955
3.335 8.861610054026164
3.3449999999999998 9.647786104244403
3.355 10.402903798127042
3.3649999999999998 11.103099766107912
3.375 11.733149489264393
3.385 12.276509373399366
3.395 12.71856046010127
3.405 13.047328669120658
3.415 13.254110122971918
3.425 13.3339617273449
3.435 13.286025226562474
3.445 13.113663562921639
3.455 12.824400607015495
3.465 12.429668089722536
3.475 11.944375708468593
3.485 11.38633084083958
3.495 10.775542225194322
3.505 10.13687547479988
3.515 9.487189978776604
3.525 8.85085171156167
3.535 8.249058146202444
3.545 7.701444797499526
3.555 7.225497620366708
3.565 6.8360726491617525
3.575 6.545030498983338
3.585 6.360987551835927
3.5949999999999998 6.28918130015216
3.605 6.331444463239417
3.6149999999999998 6.486280920620733
3.625 6.749035817937198
3.635 7.112151888346336
3.645 7.565503584025979
3.655 8.096799614182336
3.665 8.692042703105344
3.675 9.336032810965342
3.685 10.012896941705879
3.695 10.70662545111611
3.705 11.404694772563728
3.715 12.087638873102394
3.725 12.744231361814611
3.735 13.362848249084958
3.745 13.933780305757324
3.755 14.449365293972441
3.765 14.904007484882301
3.775 15.294091408809049
3.785 15.617805533305532
3.795 15.874899051052939
3.805 16.066400212149123
3.815 16.194326903381633
3.825 16.261419048069563
3.835 16.26794513741207
3.8449999999999998 16.224446617752882
3.855 16.130458360732884
3.8649999999999998 15.990177938505983
3.875 15.808062460333556
3.885 15.588915352009046
3.895 15.337979226191928
3.905 15.061005671106614
3.915 14.764274363772163
3.925 14.454539320707633
3.935 14.13888874554205
3.945 13.824515818827013
3.955 13.518409610501884
3.965 13.226986657961184
3.975 12.95569326190612
3.985 12.708615035163236
3.995 12.488132870112238
4.005 12.29466288386266
4.015 12.126512155364326
4.025 11.979872750085223
4.035 11.848964596411951
4.045 11.72632447550982
4.055 11.603225092628414
4.065 11.470196274679818
4.075 11.317610981895351
4.085 11.136292934263796
4.095 10.91810075955467
4.1049999999999995 10.656445768348805
4.115 10.346706432830945
4.125 9.98651170181546
4.135 9.575876456337532
4.145 9.117184564880642
4.155 8.615026963519592
4.165 8.073439684790396
4.175 7.506247683177016
4.185 6.918974114751815
4.195 6.321398573237307
4.205 5.72337029680722
4.215 5.134360473510666
4.225 4.563071994614606
4.235 4.017126090354491
4.245 3.5028375510401175
4.255 3.025082511830557
4.265 2.5872557263836624
4.275 2.1913083888979705
4.285 1.8378532209504794
4.295 1.5263208650433104
4.305 1.2551505909432852
4.315 1.019711906977792
4.325 0.822439910019837
4.335 0.6567316071058424
4.345 0.5191928646077109
4.355 0.4063746113512511
4.365 0.3149063906886068
4.375 0.24159805662172054
4.385 0.18351114883518643
4.395 0.13800299975058594
4.405 0.10274759247936126
4.415 0.07799279861295987
4.425 0.05861999971373299
4.435 0.04485542977452838
4.445 0.03795285664523031
4.455 0.033849415425428644
4.465 0.03375048953208408
4.475 0.03768146935458451
4.485 0.04597888153632241
4.495 0.05930326404364067
4.505 0.07865876567745844
4.515 0.10334851316607829
4.525 0.1399827692171654
4.535 0.18775061534139548
4.545 0.24935932940108146
4.555 0.327950535149019
4.565 0.42710093768000246
4.575 0.550798986796799
4.585 0.7033914981551118
4.595 0.8894947642499269
4.605 1.1138658219275184
4.615 1.3812313830669631
4.625 1.6960744970761823
4.635 2.0644446193837407
4.645 2.4864228405669433
4.655 2.9656327900428963
4.665 3.502970524808055
4.675 4.097694466402164
4.685 4.747176279448594
4.695 5.446711008783547
4.705 6.1894088104851495
4.715 6.966188205358024
4.725 7.765886282608203
4.735 8.575494776331935
4.745 9.380522739624713
4.755 10.165477182081775
4.765 10.914443238808522
4.775 11.61173606093011
4.785 12.242588574120305
4.795 12.793833420863317
4.805 13.25453452545327
4.815 13.61652431023197
4.825 13.874806856072823
4.835 14.027795100503376
4.845 14.077361008155162
4.855 14.02869071156783
4.865 13.889950832846257
4.875 13.671786332357785
4.885 13.38668303195086
4.895 13.048238265723363
4.905 12.670389976020566
4.915 12.266657365312252
4.925 11.849444684663634
4.935 11.429454040064861
4.945 11.015243769386577
4.955 10.614780114401698
4.965 10.228936517532201
4.975 9.860258030345667
4.985 9.507940103399374
4.995 9.169435137445241
5.005 8.84094072149236
5.015 8.517943806213385
5.025 8.195777408740232
5.035 7.8701484158816735
5.045 7.537600160357463
5.055 7.195881015103116
5.065 6.844199435247063
5.075 6.483355748497387
5.085 6.115750644675261
5.095 5.745278945710824
5.105 5.377124231199235
5.115 5.017474861503891
5.125 4.6731847351232405
5.135 4.351402827712343
5.145 4.059194471046219
5.155 3.803174865032284
5.165 3.5891719697546662
5.175 3.4219321940389373
5.185 3.3048786172623235
5.195 3.239928177554907
5.205 3.227371519882909
5.215 3.2658170662708486
5.225 3.3506951346628884
5.235 3.4808564839979907
5.245 3.647979439797168
5.255 3.8432081144104524
5.265 4.061589771410963
5.275 4.291771953876268
5.285 4.524163856655975
5.295 4.7490622321819655
5.305 4.957013849849197
5.315 5.139172409661479
5.325 5.287633939850847
5.335 5.395734485315584
5.345 5.458294817869767
5.355 5.471799044380426
5.365 5.43449728993008
5.375 5.346426885806569
5.385 5.2093513712362025
5.395 5.026621712728936
5.405 4.804520546625752
5.415 4.546545206171258
5.425 4.260491557461547
5.435 3.9536500558260843
5.445 3.6321524865498622
5.455 3.306647393846579
5.465 2.982232414217142
5.475 2.665497694519748
5.485 2.362309256154909
5.495 2.077711424382293
5.505 1.817384781291607
5.515 1.5823847024587154
5.525 1.376331430238647
5.535 1.2011638864743774
5.545 1.0582562141461032
5.555 0.9485444539403042
5.565 0.8726514354561876
5.575 0.830999041967436
5.585 0.8238988218332015
5.595 0.8516142062297299
5.605 0.9143901727055188
5.615 1.012448893797
5.625 1.1459525684868692
5.635 1.3149371060176642
5.645 1.5192224877098017
5.655 1.7583073621410308
5.665 2.0312566414966553
5.675 2.336591494954141
5.685 2.6721911403248146
5.695 3.035215214156487
5.705 3.422054288967696
5.715 3.828314382063284
5.725 4.248839181653723
5.735 4.6791604699628735
5.745 5.110713852091019
5.755 5.5375842791916465
5.765 5.951439305815904
5.775 6.347926636322184
5.785 6.718212813831356
5.795 7.05561506227072
5.805 7.353996780997832
5.815 7.607974802652899
5.825 7.8131074933943845
5.835 7.966056875253749
5.845 8.064718902472695
5.855 8.108317004650662
5.865 8.097454974195228
5.875 8.034126221634322
5.885 7.921677387447788
5.895 7.7647253493345705
5.905 7.569027875842656
5.915 7.3413096166103475
5.925 7.089046819465542
5.935 6.820216109461639
5.945 6.5430147798316245
5.955 6.2655621957329615
5.965 5.995593914575899
5.975 5.740161766158862
5.985 5.506636654858168
5.995 5.297955062551224
6.005 5.1185268814754155
6.015 4.9703945337666795
6.025 4.854031298273977
6.035 4.768362072897901
6.045 4.710863602449622
6.055 4.677741030212969
6.065 4.664172734646085
6.075 4.664610789202829
6.085 4.67312040478332
6.095 4.683738717337941
6.105 4.690831537167883
6.115 4.689426357735763
6.125 4.675501095240215
6.135 4.646210641528848
6.1450000000000005 4.6000371918505705
6.155 4.536855183293552
6.165 4.45790719889341
6.175 4.365692957647604
6.185 4.263779109350932
6.195 4.156542592708861
6.205 4.048864453906313
6.215 3.944759153302907
6.225 3.851521399837976
6.235 3.773204882873031
6.245 3.7116100993664785
6.255 3.670145009416167
6.265 3.650218666722631
6.275 3.6519418798660164
6.285 3.674118488128884
6.295 3.714319522216533
6.305 3.769035168094568
6.315 3.832894504510732
6.325 3.9032790820685332
6.335 3.9735020680549296
6.345 4.038410783101234
6.355 4.094359039182656
6.365 4.135479526270509
6.375 4.159394196711981
6.385 4.165236272960265
6.3950000000000005 4.1505541386797935
6.405 4.117900407188073
6.415 4.067555285261476
6.425 4.003561262842581
6.435 3.930295206019578
6.445 3.853005298269567
6.455 3.7775537367648298
6.465 3.71013528960399
6.475 3.656989597671097
6.485 3.624124620354822
6.495 3.617066888985798
6.505 3.6406513979912383
6.515 3.698860266863945
6.525 3.7947150477720415
6.535 3.930223080816009
6.545 4.106531455770341
6.555 4.324175761466843
6.565 4.5817039753513935
6.575 4.877522106412254
6.585 5.209333941396261
6.595 5.574241169432986
6.605 5.96882778817372
6.615 6.389221973609514
6.625 6.831132552346727
6.635 7.2898615644551725
6.6450000000000005 7.760298669327642
6.655 8.237990809082985
6.665 8.715320341191115
6.675 9.186669881324637
6.685 9.645325001072523
6.695 10.084278414929777
6.705 10.49635888896559
6.715 10.874409494413197
6.725 11.211510965200624
6.735 11.50123994257023
6.745 11.737946502288304
6.755 11.917031220871493
6.765 12.035199692488904
6.775 12.090672217049065
6.785 12.083328464798724
6.795 12.015044817498229
6.805 11.889409803204433
6.815 11.712013588008034
6.825 11.487495388087586
6.835 11.224142197157665
6.845 10.931417320911354
6.855 10.616325354710483
6.865 10.288492633886483
6.875 9.956499693878566
6.885 9.628335272541465
6.8950000000000005 9.311145904408328
6.905 9.011058715928904
6.915 8.733084235024247
6.925 8.48109921782181
6.935 8.25790304574447
6.945 8.065335684421163
6.955 7.9044409231006245
6.965 7.776843524566302
6.975 7.680769611139342
6.985 7.616881590930133
6.995 7.584997793319764
