0.005 0.0
0.015 0.0
0.025 0.0
0.034999999999999996 0.0
0.045 0.0
0.055 0.0
0.065 0.0
0.07500000000000001 0.0
0.085 0.0
0.095 0.0
0.10500000000000001 0.0
0.115 0.0
0.125 0.0
0.135 0.0
0.14500000000000002 0.0
0.155 0.0
0.165 0.0
0.17500000000000002 0.0
0.185 0.0
0.195 0.0
0.20500000000000002 0.0
0.215 0.0
0.225 0.0
0.23500000000000001 0.0
0.245 0.0
0.255 0.0
0.265 0.0
0.275 0.0
0.28500000000000003 0.0
0.295 0.0
0.305 0.0
0.315 0.0
0.325 0.0
0.335 0.0
0.34500000000000003 0.0
0.35500000000000004 0.0
0.365 0.0
0.375 0.0
0.385 0.0
0.395 0.0
0.405 0.0
0.41500000000000004 0.0
0.425 0.0
0.435 0.0
0.445 0.0
0.455 0.0
0.465 0.0
0.47500000000000003 0.0
0.485 0.0
0.495 0.0
0.505 0.0
0.515 0.0
0.525 0.0
0.535 0.0
0.545 0.0
0.555 0.0
0.5650000000000001 0.0
0.5750000000000001 0.0
0.585 0.0
0.595 0.0
0.605 0.0
0.615 0.0
0.625 0.0
0.635 0.0
0.645 0.0
0.655 0.0
0.665 0.0
0.675 0.0
0.685 0.0
0.6950000000000001 0.0
0.7050000000000001 0.0
0.715 0.0
0.725 0.0
0.735 0.0
0.745 0.0
0.755 0.0
0.765 0.0
0.775 0.0
0.785 0.0
0.795 0.0
0.805 0.0
0.8150000000000001 0.0
0.8250000000000001 0.0
0.8350000000000001 0.0
0.845 0.0
0.855 0.0
0.865 0.0
0.875 0.0
0.885 0.0
0.895 0.0
0.905 0.0
0.915 0.0
0.925 0.0
0.935 0.0
0.9450000000000001 0.0
0.9550000000000001 0.0
0.965 0.0
0.975 0.0
0.985 0.0
0.995 0.0
1.005 0.0
1.015 0.0
1.025 0.0
1.035 0.0
1.045 0.0
1.055 0.0
1.065 0.0
1.075 0.0
1.085 0.0
1.095 0.0
1.105 0.0
1.115 0.0
1.125 0.0
1.135 0.0
1.145 0.0
1.155 0.0
1.1649999999999998 0.0
1.1749999999999998 0.0
1.1849999999999998 0.0
1.1949999999999998 0.0
1.2049999999999998 0.0
1.2149999999999999 0.0
1.2249999999999999 0.0
1.2349999999999999 0.0
1.2449999999999999 0.0
1.255 0.0
1.265 0.0
1.275 0.0
1.285 0.0
1.295 0.0
1.305 0.0
1.315 0.0
1.325 0.0
1.335 0.0
1.345 0.0
1.355 0.0
1.365 0.0
1.375 0.0
1.385 0.0
1.395 0.0
1.405 0.0
1.4149999999999998 0.0
1.4249999999999998 0.0
1.4349999999999998 0.0
1.4449999999999998 0.0
1.4549999999999998 0.0
1.4649999999999999 0.0
1.4749999999999999 0.0
1.4849999999999999 0.0
1.4949999999999999 0.0
1.505 0.0
1.515 0.0
1.525 0.0
1.535 0.0
1.545 0.0
1.555 0.0
1.565 0.013540710682455789
1.575 0.020099616870871303
1.585 0.02953868480891253
1.595 0.042978532796080805
1.605 0.061911178542454905
1.615 0.08829652512101592
1.625 0.12467380341255667
1.635 0.17428654476969957
1.645 0.24121791914336052
1.655 0.33053109967586186
1.665 0.44840675409141645
1.6749999999999998 0.6022669308331369
1.6849999999999998 0.8008716954151676
1.6949999999999998 1.0543721536473067
1.7049999999999998 1.3743013250620495
1.7149999999999999 1.7734831155073327
1.7249999999999999 2.265839826981172
1.7349999999999999 2.8660806656927025
1.7449999999999999 3.5892579240852722
1.755 4.450184138456834
1.765 5.4627125736573285
1.775 6.638894606801344
1.785 7.988040412967682
1.795 9.515722920094369
1.805 11.222778131523562
1.815 13.104366230989987
1.825 15.149165906308438
1.835 17.338777632010828
1.845 19.64740905178276
1.855 22.041906332305537
1.865 24.482179235758373
1.875 26.922045189386097
1.885 29.31049006811017
1.895 31.593312699077355
1.905 33.71508875701212
1.915 35.62136059917243
1.9249999999999998 37.26093559458902
1.9349999999999998 38.58815927006981
1.9449999999999998 39.56502317280747
1.9549999999999998 40.162971924540535
1.9649999999999999 40.36428965908783
1.9749999999999999 40.162971924540535
1.9849999999999999 39.56502317280747
1.9949999999999999 38.58815927006981
2.005 37.26093559458902
2.015 35.62136059917243
2.025 33.71508875701212
2.035 31.593312699077355
2.045 29.31049006811017
2.0549999999999997 26.922045189386097
2.065 24.482179235758373
2.0749999999999997 22.041906332305537
2.085 19.64740905178276
2.0949999999999998 17.338777632010828
2.105 15.149165906308438
2.1149999999999998 13.104366230989987
2.125 11.222778131523562
2.135 9.515722920094369
2.145 7.988040412967682
2.155 6.638894606801344
2.165 5.4627125736573285
2.175 4.450184138456834
2.185 3.5892579240852722
2.195 2.8660806656927025
2.205 2.265839826981172
2.215 1.7734831155073327
2.225 1.3743013250620495
2.235 1.0543721536473067
2.245 0.8008716954151676
2.255 0.6022669308331369
2.265 0.44840675409141645
2.275 0.33053109967586186
2.285 0.24121791914336052
2.295 0.17428654476969957
2.305 0.12467380341255667
2.315 0.08829652512101592
2.3249999999999997 0.061911178542454905
2.335 0.042978532796080805
2.3449999999999998 0.02953868480891253
2.355 0.020099616870871303
2.3649999999999998 0.013540710682455789
2.375 0.0
2.385 0.0
2.395 0.0
2.405 0.0
2.415 0.0
2.425 0.0
2.435 0.0
2.445 0.0
2.455 0.0
2.465 0.0
2.475 0.0
2.485 0.0
2.495 0.0
2.505 0.0
2.515 0.0
2.525 0.0
2.535 0.0
2.545 0.0
2.555 0.0
2.565 0.0
2.5749999999999997 0.0
2.585 0.0
2.5949999999999998 0.0
2.605 0.0
2.6149999999999998 0.0
2.625 0.0
2.635 0.0
2.645 0.0
2.655 0.0
2.665 0.0
2.675 0.0
2.685 0.0
2.695 0.0
2.705 0.0
2.715 0.0
2.725 0.0
2.735 0.0
2.745 0.0
2.755 0.0
2.765 0.0
2.775 0.0
2.785 0.0
2.795 0.0
2.805 0.0
2.815 0.0
2.8249999999999997 0.0
2.835 0.0
2.8449999999999998 0.0
2.855 0.0
2.8649999999999998 0.0
2.875 0.0
2.885 0.0
2.895 0.0
2.905 0.0
2.915 0.0
2.925 0.0
2.935 0.0
2.945 0.0
2.955 0.0
2.965 0.0
2.975 0.0
2.985 0.0
2.995 0.0
3.005 0.0
3.015 0.0
3.025 0.0
3.035 0.0
3.045 0.0
3.055 0.0
3.065 0.0
3.075 0.0
3.085 0.0
3.0949999999999998 0.0
3.105 0.0
3.1149999999999998 0.0
3.125 0.0
3.135 0.0
3.145 0.0
3.155 0.0
3.165 0.0
3.175 0.0
3.185 0.0
3.195 0.0
3.205 0.0
3.215 0.0
3.225 0.0
3.235 0.0
3.245 0.0
3.255 0.0
3.265 0.0
3.275 0.0
3.285 0.0
3.295 0.0
3.305 0.0
3.315 0.0
3.325 0.0
3.335 0.0
3.3449999999999998 0.0
3.355 0.0
3.3649999999999998 0.0
3.375 0.0
3.385 0.0
3.395 0.0
3.405 0.0
3.415 0.0
3.425 0.0
3.435 0.0035549747705180793
3.445 0.005276948348479738
3.455 0.007755078866431023
3.465 0.01128357317034419
3.475 0.016254145213857468
3.485 0.023181347455885442
3.495 0.03273182893202377
3.505 0.045757145546269196
3.515 0.06332929170863823
3.525 0.0867775516200733
3.535 0.11772459622745467
3.545 0.15811900825879338
3.555 0.21026065310676917
3.565 0.27681459953276166
3.575 0.36411769495604357
3.585 0.470521595055189
3.5949999999999998 0.6020914465053754
3.605 0.7629628484017353
3.6149999999999998 0.9574522332523093
3.625 1.1899274261576014
3.635 1.4646459768642868
3.645 1.7855644793249386
3.655 2.1561250372151863
3.665 2.5790280636877556
3.675 3.056003425359776
3.685 3.587594219363674
3.695 4.1729688665156415
3.705 4.809777406684217
3.715 5.494066668895025
3.725 6.22026625840542
3.735 6.98125311591368
3.745 7.768496999443496
3.755 8.572283033179223
3.765 9.38200102488214
3.775 10.186485237043952
3.785 10.974383393725475
3.795 11.734530541164412
3.805 12.456302433359365
3.815 13.129924636547614
3.825 13.746717513040128
3.835 14.299263331401516
3.8449999999999998 14.781489354379946
3.855 15.191556865075055
3.8649999999999998 15.52163830588653
3.875 15.771536911349152
3.885 15.94018467318308
3.895 16.02741947877019
3.905 16.03385416181667
3.915 15.960783399491994
3.925 15.810142096863895
3.935 15.584520978993467
3.945 15.287236419064818
3.955 14.922443115887916
3.965 14.495271102910143
3.975 14.014695125368945
3.985 13.484044292951772
3.995 12.914065613558273
4.005 12.315021641496836
4.015 11.698431330253698
4.025 11.076895780609814
4.035 10.463830973201704
4.045 9.873116029629966
4.055 9.318673072278818
4.065 8.814000796390308
4.075 8.37168796578763
4.085 8.002934959546733
4.095 7.717111215026602
4.1049999999999995 7.5213741073082305
4.115 7.420370794709387
4.125 7.416039255315358
4.135 7.507518594297752
4.145 7.691172173371012
4.155 7.960720634469137
4.165 8.307475850503872
4.175 8.720661577684265
4.185 9.187802392131147
4.195 9.695159593658328
4.205 10.22819130729259
4.215 10.772014081507384
4.225 11.311844847065998
4.235 11.833405027914274
4.245 12.320901551646656
4.255 12.767607270579175
4.265 13.159180190412531
4.275 13.486332835169602
4.285 13.741386331416315
4.295 13.918325838832258
4.305 14.012812996863435
4.315 14.02216643860739
4.325 13.945320405705715
4.335 13.782769297877945
4.345 13.536502999787452
4.355 13.20993453678766
4.365 12.80781854089274
4.375 12.336156636849
4.385 11.79987754459086
4.395 11.212278337813189
4.405 10.579124557875845
4.415 9.910100710575596
4.425 9.215288707221454
4.435 8.504930589242576
4.445 7.789175135174536
4.455 7.077819536435536
4.465 6.380058955878042
4.475 5.704257198188789
4.485 5.057750860113042
4.495 4.4466972886346845
4.505 3.8803199899594922
4.515 3.3555827496893063
4.525 2.8778849556080175
4.535 2.448563098404541
4.545 2.0679203003982862
4.555 1.7353970744584357
4.565 1.4497715700053648
4.575 1.2093777815085502
4.585 1.0123300444047447
4.595 0.8567426001375049
4.605 0.7409338930987787
4.615 0.6636063809369712
4.625 0.6260644324285437
4.635 0.6250428530529294
4.645 0.6626248243436876
4.655 0.7402719687413563
4.665 0.858251420690443
4.675 1.023913268191365
4.685 1.237822312633396
4.695 1.503731822316861
4.705 1.825465976393905
4.715 2.206645874483692
4.725 2.654362484151397
4.735 3.1648513301571954
4.745 3.7421076285736152
4.755 4.386064272072028
4.765 5.094988623408449
4.775 5.865285965709454
4.785 6.689563535950532
4.795 7.564522540449252
4.805 8.478065505251863
4.815 9.419122474221947
4.825 10.375254530862136
4.835 11.334997030849765
4.845 12.281667639293191
4.855 13.203012798016585
4.865 14.08627729763038
4.875 14.920047507625956
4.885 15.694761756384768
4.895 16.403123230024473
4.905 17.04038400001461
4.915 17.606328190988464
4.925 18.098733976361753
4.935 18.52198779772069
4.945 18.881390683284778
4.955 19.183931036651074
4.965 19.43773165981337
4.975 19.651445931239238
4.985 19.833647000050043
4.995 19.99225360414274
5.005 20.134032299996214
5.015 20.26420889984441
5.025 20.386212419253777
5.035 20.501563720925812
5.045 20.60990929204591
5.055 20.709189229853514
5.065 20.79591848373584
5.075 20.865552515621474
5.085 20.91290338663915
5.095 20.932570195458414
5.105 20.919348845562517
5.115 20.870309096595875
5.125 20.77903294033294
5.135 20.643985319757718
5.145 20.463636317866083
5.155 20.237609712684538
5.165 19.96660025180988
5.175 19.65222420166299
5.185 19.296826074184303
5.195 18.903266779866257
5.205 18.474718134171123
5.215 18.01448578748369
5.225 17.525877637500532
5.235 17.012128203223412
5.245 16.476382019465017
5.255 15.92173164346234
5.265 15.351299128153919
5.275 14.768344493177455
5.285 14.176381337834968
5.295 13.579278605438466
5.305 12.981328707692565
5.315 12.384366719809982
5.325 11.800307338194962
5.335 11.230366656228766
5.345 10.680183003466254
5.355 10.1552542576579
5.365 9.660680306997982
5.375 9.200885371266377
5.385 8.779344145631795
5.395 8.398336531616678
5.405 8.05875427182127
5.415 7.759979223938496
5.425 7.499847605838819
5.435 7.2733267548411344
5.445 7.078659805049143
5.455 6.907756453494518
5.465 6.753788197413176
5.475 6.609483522881156
5.485 6.467519591738957
5.495 6.320913725818234
5.505 6.163388724686685
5.515 5.989688328907628
5.525 5.795823301510867
5.535 5.576578887405945
5.545 5.337110268200151
5.555 5.07399104066793
5.565 4.789118167528424
5.575 4.4855636215610195
5.585 4.167348082438614
5.595 3.8391751589878336
5.605 3.506146856918399
5.615 3.173480412012864
5.625 2.84624451824297
5.635 2.5291297151169734
5.645 2.224991190270717
5.655 1.9402372861333304
5.665 1.67567644757227
5.675 1.433201165542976
5.685 1.2139016142782868
5.695 1.0181243231089687
5.705 0.8455592251283072
5.715 0.6953456623770254
5.725 0.5649537238975447
5.735 0.4556585901058698
5.745 0.363850774416568
5.755 0.2876498158685796
5.765 0.22514481630477495
5.775 0.1744684325849871
5.785 0.13385321956216356
5.795 0.10167117418333046
5.805 0.07645817223925332
5.815 0.05692552435203319
5.825 0.041961134599383505
5.835 0.03062276918233644
5.845 0.022125788378505543
5.855 0.01582741911772187
5.865 0.011209300362035999
5.875 0.007859663730807875
5.885 0.00545615223895395
5.895 0.003749954937284409
5.905 0.002551659222813709
5.915 0.0017190018853748754
5.925 0.0
5.935 0.0
5.945 0.0
5.955 0.0
5.965 0.0
5.975 0.0
5.985 0.0
5.995 0.0
6.005 0.0
6.015 0.0
6.025 0.0
6.035 0.0
6.045 0.0
6.055 0.0
6.065 0.0
6.075 0.0
6.085 0.0
6.095 0.0
6.105 0.0
6.115 0.0
6.125 0.0
6.135 0.0
6.1450000000000005 0.0
6.155 0.0
6.165 0.0
6.175 0.0
6.185 0.0
6.195 0.0
6.205 0.0
6.215 0.0
6.225 0.0
6.235 0.0
6.245 0.0
6.255 0.0
6.265 0.0
6.275 0.0
6.285 0.0
6.295 0.0011664503616992184
6.305 0.0017314604764003011
6.315 0.0025445791131271907
6.325 0.003702340763416859
6.335 0.005333273732643848
6.345 0.007606211821484239
6.355 0.010739894418792726
6.365 0.015013732141055726
6.375 0.02305759707288521
6.385 0.03185487858183709
6.3950000000000005 0.04359721199019823
6.405 0.059112498240703956
6.415 0.07940638576037964
6.425 0.10568307119033456
6.435 0.1393632626135068
6.445 0.1820973638872285
6.455 0.23577166249054377
6.465 0.30250511175671546
6.475 0.3846342306209401
6.485 0.4846837382657143
6.495 0.6064205930839618
6.505 0.7509239849073664
6.515 0.9217372591005278
6.525 1.1226792938167116
6.535 1.3546332107123433
6.545 1.6206100470011668
6.555 1.9224634472992488
6.565 2.261484080053096
6.575 2.6382702423856057
6.585 3.0526091698838402
6.595 3.503376850142917
6.605 3.9884641153944145
6.615 4.504736212841832
6.625 5.048031882996314
6.635 5.613206221538119
6.6450000000000005 6.194219314453006
6.655 6.78426992836266
6.665 7.375970569485004
6.675 7.962647457584335
6.685 8.534742449296113
6.695 9.085250192825331
6.705 9.607915218974256
6.715 10.094332148100037
6.725 10.539391801655217
6.735 10.93827494747229
6.745 11.287313611398794
6.755 11.584063142868091
6.765 11.827316057112888
6.775 12.017059546780303
6.785 12.15438282932202
6.795 12.241344215826238
6.805 12.280810541357635
6.815 12.27628306029574
6.825 12.234002020502102
6.835 12.154777166726905
6.845 12.044692923079726
6.855 11.908416548670683
6.865 11.750651905758785
6.875 11.576102956504421
6.885 11.389459434570133
6.8950000000000005 11.1953947374361
6.905 10.999731041290838
6.915 10.805326652176316
6.925 10.617595901795994
6.935 10.44108046763846
6.945 10.280147662970366
6.955 10.13888596322743
6.965 10.020982539518668
6.975 9.92959301198009
6.985 9.867215736677794
6.995 9.835583396253881
