0.005 0.0
0.015 0.0
0.025 0.0
0.034999999999999996 0.0
0.045 0.0
0.055 0.0
0.065 0.0
0.07500000000000001 0.0
0.085 0.0
0.095 0.0
0.10500000000000001 0.0
0.115 0.0
0.125 0.0
0.135 0.0
0.14500000000000002 0.0
0.155 0.0
0.165 0.0
0.17500000000000002 0.0
0.185 0.0
0.195 0.0
0.20500000000000002 0.0
0.215 0.0
0.225 0.0
0.23500000000000001 0.0
0.245 0.0
0.255 0.0
0.265 0.0
0.275 0.0
0.28500000000000003 0.0
0.295 0.0
0.305 0.0
0.315 0.0
0.325 0.0
0.335 0.0
0.34500000000000003 0.0
0.35500000000000004 0.0
0.365 0.0
0.375 0.0
0.385 0.0
0.395 0.0
0.405 0.0
0.41500000000000004 0.0
0.425 0.0
0.435 0.0
0.445 0.0
0.455 0.0
0.465 0.0
0.47500000000000003 0.0
0.485 0.0
0.495 0.0
0.505 0.0
0.515 0.0
0.525 0.0
0.535 0.0
0.545 0.0
0.555 0.0
0.5650000000000001 0.0
0.5750000000000001 0.0
0.585 0.0
0.595 0.0
0.605 0.0
0.615 0.0
0.625 0.0
0.635 0.0
0.645 0.0
0.655 0.0
0.665 0.0
0.675 0.0
0.685 0.0
0.6950000000000001 0.0
0.7050000000000001 0.0
0.715 0.0
0.725 0.0
0.735 0.0
0.745 0.0
0.755 0.0
0.765 0.0
0.775 0.0
0.785 0.0
0.795 0.0
0.805 0.0
0.8150000000000001 0.0
0.8250000000000001 0.0
0.8350000000000001 0.0
0.845 0.0
0.855 0.0
0.865 0.0
0.875 0.0
0.885 0.0
0.895 0.0
0.905 0.0
0.915 0.0
0.925 0.0
0.935 0.0
0.9450000000000001 0.0
0.9550000000000001 0.0
0.965 0.0
0.975 0.0
0.985 0.0
0.995 0.0
1.005 0.0
1.015 0.0
1.025 0.0
1.035 0.0
1.045 0.0
1.055 0.0
1.065 0.0
1.075 0.0
1.085 0.0
1.095 0.0
1.105 0.0
1.115 0.0
1.125 0.0
1.135 0.0
1.145 0.0
1.155 0.0
1.1649999999999998 0.0
1.1749999999999998 0.0
1.1849999999999998 0.0
1.1949999999999998 0.0
1.2049999999999998 0.0
1.2149999999999999 0.0
1.2249999999999999 0.0
1.2349999999999999 0.0
1.2449999999999999 0.0
1.255 0.0
1.265 0.0
1.275 0.0
1.285 0.0
1.295 0.0
1.305 0.0
1.315 0.0
1.325 0.0
1.335 0.0
1.345 0.0
1.355 0.0
1.365 0.0
1.375 0.0
1.385 0.0
1.395 0.0
1.405 0.0
1.4149999999999998 0.0
1.4249999999999998 0.0
1.4349999999999998 0.0
1.4449999999999998 0.0
1.4549999999999998 0.0
1.4649999999999999 0.0
1.4749999999999999 0.0
1.4849999999999999 0.0
1.4949999999999999 0.0
1.505 0.0
1.515 0.0
1.525 0.0
1.535 0.0
1.545 0.0
1.555 0.0
1.565 0.0
1.575 0.0
1.585 0.0
1.595 0.0
1.605 0.0
1.615 0.0
1.625 0.0
1.635 0.0
1.645 0.0
1.655 0.0
1.665 0.0
1.6749999999999998 0.0
1.6849999999999998 0.0
1.6949999999999998 0.0
1.7049999999999998 0.0
1.7149999999999999 0.0
1.7249999999999999 0.0
1.7349999999999999 0.0
1.7449999999999999 0.0
1.755 0.0
1.765 0.0
1.775 0.0
1.785 0.0
1.795 0.0
1.805 0.0
1.815 0.0
1.825 0.0
1.835 0.0
1.845 0.0
1.855 0.0
1.865 0.0
1.875 0.0
1.885 0.0
1.895 0.0
1.905 0.0
1.915 0.0
1.9249999999999998 0.0
1.9349999999999998 0.0
1.9449999999999998 0.0
1.9549999999999998 0.0
1.9649999999999999 0.0
1.9749999999999999 0.0
1.9849999999999999 0.0
1.9949999999999999 0.0
2.005 0.0
2.015 0.0
2.025 0.0
2.035 0.0
2.045 0.0
2.0549999999999997 0.0
2.065 0.0
2.0749999999999997 0.0
2.085 0.0
2.0949999999999998 0.0
2.105 0.0
2.1149999999999998 0.0
2.125 0.0
2.135 0.0
2.145 0.0
2.155 0.0
2.165 0.0
2.175 0.0
2.185 0.0
2.195 0.0
2.205 0.0
2.215 0.0
2.225 0.0
2.235 0.0
2.245 0.007473355393407038
2.255 0.01109333059910695
2.265 0.016302917520928856
2.275 0.02372060502618013
2.285 0.03416986382198718
2.295 0.04873239874235078
2.305 0.0688096557854242
2.315 0.09619179671570124
2.3249999999999997 0.13313239454648115
2.335 0.18242590321731636
2.3449999999999998 0.24748354150060484
2.355 0.3324016679304914
2.3649999999999998 0.442015116098211
2.375 0.5819264590984677
2.385 0.758500972413967
2.395 0.9788163942949909
2.405 1.2505566870656384
2.415 1.5818401192668807
2.425 1.980974314741563
2.435 2.456134571716518
2.445 3.014966749704626
2.455 3.664122214817266
2.465 4.408739415749667
2.475 5.2518941490415685
2.485 6.194047819580242
2.495 7.23252924799871
2.505 8.361090003807327
2.515 9.569575066629557
2.525 10.843749183258156
2.535 12.165314172389724
2.545 13.512143529583902
2.555 14.858748284041813
2.565 16.176972846611868
2.5749999999999997 17.436902640653972
2.585 18.60794801028245
2.5949999999999998 19.660052828633457
2.605 20.564962986027773
2.6149999999999998 21.297480979065114
2.625 21.836629276916877
2.635 22.166647666168423
2.645 22.277758449978084
2.655 22.166647666168423
2.665 21.836629276916877
2.675 21.297480979065114
2.685 20.564962986027773
2.695 19.660052828633457
2.705 18.60794801028245
2.715 17.436902640653972
2.725 16.176972846611868
2.735 14.858748284041813
2.745 13.512143529583902
2.755 12.165314172389724
2.765 10.843749183258156
2.775 9.569575066629557
2.785 8.361090003807327
2.795 7.23252924799871
2.805 6.194047819580242
2.815 5.2518941490415685
2.8249999999999997 4.408739415749667
2.835 3.664122214817266
2.8449999999999998 3.014966749704626
2.855 2.456134571716518
2.8649999999999998 1.980974314741563
2.875 1.5818401192668807
2.885 1.2505566870656384
2.895 0.9788163942949909
2.905 0.758500972413967
2.915 0.5819264590984677
2.925 0.442015116098211
2.935 0.3324016679304914
2.945 0.24748354150060484
2.955 0.18242590321731636
2.965 0.13313239454648115
2.975 0.09619179671570124
2.985 0.0688096557854242
2.995 0.04873239874235078
3.005 0.03416986382198718
3.015 0.02372060502618013
3.025 0.016302917520928856
3.035 0.01109333059910695
3.045 0.007473355393407038
3.055 0.0
3.065 0.0
3.075 0.0
3.085 0.0
3.0949999999999998 0.0
3.105 0.0
3.1149999999999998 0.0
3.125 0.0
3.135 0.0
3.145 0.0
3.155 0.0
3.165 0.0
3.175 0.0
3.185 0.0
3.195 0.0
3.205 0.0
3.215 0.0
3.225 0.0
3.235 0.0
3.245 0.0
3.255 0.0
3.265 0.0
3.275 0.0
3.285 0.0
3.295 0.0
3.305 0.0
3.315 0.0
3.325 0.0
3.335 0.0
3.3449999999999998 0.0
3.355 0.0
3.3649999999999998 0.0
3.375 0.0
3.385 0.0
3.395 0.0
3.405 0.0
3.415 0.0
3.425 0.0
3.435 0.0
3.445 0.0
3.455 0.0
3.465 0.0
3.475 0.0
3.485 0.0
3.495 0.0
3.505 0.0
3.515 0.0
3.525 0.0
3.535 0.0
3.545 0.0
3.555 0.0
3.565 0.0
3.575 0.0
3.585 0.0
3.5949999999999998 0.0
3.605 0.0
3.6149999999999998 0.0
3.625 0.0
3.635 0.0
3.645 0.0
3.655 0.0
3.665 0.0
3.675 0.0
3.685 0.0
3.695 0.0
3.705 0.0
3.715 0.0
3.725 0.0
3.735 0.0
3.745 0.0
3.755 0.0
3.765 0.0
3.775 0.0
3.785 0.0
3.795 0.0
3.805 0.0
3.815 0.0
3.825 0.0
3.835 0.0
3.8449999999999998 0.0
3.855 0.0
3.8649999999999998 0.0
3.875 0.0
3.885 0.0
3.895 0.0
3.905 0.0
3.915 0.0
3.925 0.0
3.935 0.0
3.945 0.0
3.955 0.0
3.965 0.0
3.975 0.0
3.985 0.0
3.995 0.0
4.005 0.0
4.015 0.0
4.025 0.0
4.035 0.0
4.045 0.0
4.055 0.0
4.065 0.0026225537477385192
4.075 0.0038928773229834506
4.085 0.008320244619449853
4.095 0.0121822826736777
4.1049999999999995 0.017661024709261064
4.115 0.02535117219709966
4.125 0.036030922570280496
4.135 0.05324691260466253
4.145 0.07442436169248631
4.155 0.10553800471879728
4.165 0.14495982376738076
4.175 0.1972146641749261
4.185 0.26576209538530093
4.195 0.35474727696279007
4.205 0.46905916016059973
4.215 0.6143691847128485
4.225 0.7971418560858818
4.235 1.024607942824776
4.245 1.304690949844247
4.255 1.6458781717690707
4.265 2.057029154684842
4.275 2.54711688965806
4.285 3.124900549690863
4.295 3.79853299376326
4.305 4.575111421652824
4.315 5.460185185191333
4.325 6.457240456278738
4.335 7.567186747570056
4.345 8.787874657752944
4.355 10.113677145459953
4.365 11.535167648713784
4.375 13.038927088984142
4.385 14.60750801442623
4.395 16.21957782626469
4.405 17.85025439790776
4.415 19.47163686680255
4.425 21.053522590595794
4.435 22.564289014525283
4.445 23.971907403767815
4.455 25.245044989207173
4.465 26.354203939634367
4.475 27.272840452487806
4.485 27.97840568348897
4.495 28.453252481631516
4.505 28.685357930195455
4.515 28.668821182935005
4.525 28.404108411522046
4.535 27.898030996042287
4.545 27.163458380897744
4.555 26.218782190278528
4.565 25.08716216890332
4.575 23.795596305800466
4.585 22.373866315141086
4.595 20.8534149383488
4.605 19.266213032439122
4.615 17.643672158386824
4.625 16.015652706174404
4.635 14.409609066127976
4.645 12.849902746330471
4.655 11.357302527551346
4.665 9.948678660506925
4.675 8.636886621589582
4.685 7.4308258134059635
4.695 6.335650415265739
4.705 5.353103738709885
4.715 4.481944085826723
4.725 3.718429192080136
4.735 3.056827623487555
4.745 2.4899286090370416
4.755 2.0095262486103214
4.765 1.606859329634915
4.775 1.2729936075085424
4.785 0.9991389031303359
4.795 0.7768983767033733
4.805 0.5984515832655464
4.815 0.45667624266885337
4.825 0.3452160075861588
4.835 0.25850291815026816
4.845 0.19174378969499145
4.855 0.14087963514664126
4.865 0.1025265438434132
4.875 0.07215621324269628
4.885 0.05161148882772948
4.895 0.03482553306380601
4.905 0.024501145538203442
4.915 0.017067520442264776
4.925 0.01177198319070256
4.935 0.008039401631874367
4.945 0.0037405622693090245
4.955 0.002519942136400938
4.965 0.0
4.975 0.0
4.985 0.0
4.995 0.0
5.005 0.0
5.015 0.0
5.025 0.0
5.035 0.0
5.045 0.0
5.055 0.0
5.065 0.0
5.075 0.0
5.085 0.001737857335684813
5.095 0.002579647955166475
5.105 0.0037910875791890173
5.115 0.00551599987978572
5.125 0.00965865998293426
5.135 0.013874684151878446
5.145 0.019737420215440574
5.155 0.02949923679079461
5.165 0.04130494750959461
5.175 0.05728630449445213
5.185 0.07869796698275831
5.195 0.10875967286958055
5.205 0.14682606929171732
5.215 0.19637459673232505
5.225 0.2602113247840438
5.235 0.341615897360324
5.245 0.44435851642992275
5.255 0.5726976213054402
5.265 0.7313526898609837
5.275 0.9270701437933232
5.285 1.162823219880996
5.295 1.4470191328700617
5.305 1.7829679882133094
5.315 2.1790350631134725
5.325 2.6381148264793803
5.335 3.1676541491019297
5.345 3.769158328688931
5.355 4.446547551704606
5.365 5.201296043179496
5.375 6.033260635616264
5.385 6.940494552869324
5.395 7.919123460503804
5.405 8.963298437243939
5.415 10.065236880849701
5.425 11.215357327039936
5.435 12.402507994030756
5.445 13.614281979365924
5.455 14.837404969016532
5.465 16.05817469869628
5.475 17.2629258956022
5.485 18.438490655891123
5.495 19.57262270851093
5.505 20.65435514025202
5.515 21.674265045389454
5.525 22.62462508770314
5.535 23.499430717756724
5.545 24.294302108069125
5.555 25.00627087313164
5.565 25.63347231094253
5.575 26.174773176978125
5.585 26.629371888140703
5.595 26.996411741468414
5.605 27.274647688780668
5.615 27.462203258005104
5.625 27.55644657409196
5.635 27.554003719116906
5.645 27.450914839050974
5.655 27.24292466534047
5.665 26.92588581650129
5.675 26.496241711227935
5.685 25.95154733608947
5.695 25.290981355379397
5.705 24.515802626626424
5.715 23.62970814504674
5.725 22.639057384302603
5.735 21.552939124264334
5.745 20.38307004118278
5.755 19.143528278384327
5.765 17.850338573141173
5.775 16.520937050760338
5.785 15.173552507781206
5.795 13.826546220639992
5.805 12.497753746427573
5.815 11.203869931401988
5.825 9.959912866688606
5.835 8.778794563370337
5.845 7.671016573653805
5.855 6.644498641255293
5.865 5.704538662594862
5.875 4.853893588372933
5.885 4.092964000284168
5.895 3.418901219616865
5.905 2.8309607670046053
5.915 2.3225933963626395
5.925 1.8879245341317634
5.935 1.5192309896938254
5.945 1.2122264136182415
5.955 0.958203105998342
5.965 0.7491677988019665
5.975 0.5812250526322773
5.985 0.4466601851922605
5.995 0.3399937297280464
6.005 0.25522743739405857
6.015 0.19069646342564614
6.025 0.14111567556543053
6.035 0.10342425865615168
6.045 0.07507257175076346
6.055 0.053969583296435024
6.065 0.038425798414502006
6.075 0.027095674664439098
6.085 0.01783965806048123
6.095 0.012372360476461793
6.105 0.00742176558121599
6.115 0.00506856176867241
6.125 0.0023596460950121253
6.135 0.0015896464739012068
6.1450000000000005 0.0
6.155 0.0
6.165 0.0
6.175 0.0
6.185 0.0
6.195 0.0
6.205 0.0
6.215 0.0
6.225 0.0
6.235 0.0
6.245 0.0
6.255 0.0
6.265 0.0
6.275 0.0
6.285 0.0
6.295 0.0
6.305 0.0
6.315 0.0
6.325 0.0
6.335 0.0
6.345 0.0
6.355 0.0
6.365 0.0
6.375 0.0
6.385 0.0
6.3950000000000005 0.0
6.405 0.0
6.415 0.0
6.425 0.0
6.435 0.0
6.445 0.0
6.455 0.0
6.465 0.0
6.475 0.0
6.485 0.0
6.495 0.0
6.505 0.0
6.515 0.0
6.525 0.0
6.535 0.0
6.545 0.0
6.555 0.0
6.565 0.0
6.575 0.0
6.585 0.0
6.595 0.0
6.605 0.0
6.615 0.0
6.625 0.0
6.635 0.0
6.6450000000000005 0.0
6.655 0.0
6.665 0.0
6.675 0.0
6.685 0.0
6.695 0.0
6.705 0.0
6.715 0.0
6.725 0.0
6.735 0.0
6.745 0.0
6.755 0.0
6.765 0.0
6.775 0.0
6.785 0.0
6.795 0.0
6.805 0.0
6.815 0.0
6.825 0.0
6.835 0.0
6.845 0.0
6.855 0.0
6.865 0.0
6.875 0.0
6.885 0.0
6.8950000000000005 0.0
6.905 0.0
6.915 0.0
6.925 0.0
6.935 0.0
6.945 0.0
6.955 0.0
6.965 0.0
6.975 0.0
6.985 0.0
6.995 0.0
