0.005 0.0
0.015 0.0
0.025 0.0
0.034999999999999996 0.0
0.045 0.0
0.055 0.0
0.065 0.0
0.07500000000000001 0.0
0.085 0.0
0.095 0.0
0.10500000000000001 0.0
0.115 0.0
0.125 0.0
0.135 0.0
0.14500000000000002 0.0
0.155 0.0
0.165 0.0
0.17500000000000002 0.0
0.185 0.0
0.195 0.0
0.20500000000000002 0.0
0.215 0.0
0.225 0.0
0.23500000000000001 0.0
0.245 0.0
0.255 0.0
0.265 0.0
0.275 0.0
0.28500000000000003 0.0
0.295 0.0
0.305 0.0
0.315 0.0
0.325 0.0
0.335 0.0
0.34500000000000003 0.0
0.35500000000000004 0.0
0.365 0.0
0.375 0.0
0.385 0.0
0.395 0.0
0.405 0.0
0.41500000000000004 0.0
0.425 0.0
0.435 0.0
0.445 0.0
0.455 0.0
0.465 0.0
0.47500000000000003 0.0
0.485 0.0
0.495 0.0
0.505 0.0
0.515 0.0
0.525 0.0
0.535 0.0
0.545 0.0
0.555 0.0
0.5650000000000001 0.0
0.5750000000000001 0.0
0.585 0.0
0.595 0.0
0.605 0.0
0.615 0.0
0.625 0.0
0.635 0.0
0.645 0.0
0.655 0.0
0.665 0.0
0.675 0.0
0.685 0.0
0.6950000000000001 0.0
0.7050000000000001 0.0
0.715 0.0
0.725 0.0
0.735 0.0
0.745 0.0
0.755 0.0
0.765 0.0
0.775 0.0
0.785 0.0
0.795 0.0
0.805 0.0
0.8150000000000001 0.0
0.8250000000000001 0.0
0.8350000000000001 0.0
0.845 0.0
0.855 0.0
0.865 0.0
0.875 0.0
0.885 0.0
0.895 0.0
0.905 0.0
0.915 0.0
0.925 0.0
0.935 0.0
0.9450000000000001 0.0
0.9550000000000001 0.0
0.965 0.0
0.975 0.0
0.985 0.0
0.995 0.0
1.005 0.0
1.015 0.0
1.025 0.0
1.035 0.0
1.045 0.0
1.055 0.0
1.065 0.0
1.075 0.0
1.085 0.0
1.095 0.0
1.105 0.0
1.115 0.0
1.125 0.0
1.135 0.0
1.145 0.0
1.155 0.0
1.1649999999999998 0.0
1.1749999999999998 0.0
1.1849999999999998 0.0
1.1949999999999998 0.0
1.2049999999999998 0.0
1.2149999999999999 0.0
1.2249999999999999 0.0
1.2349999999999999 0.0
1.2449999999999999 0.0
1.255 0.0
1.265 0.0
1.275 0.0
1.285 0.0
1.295 0.0
1.305 0.0
1.315 0.0
1.325 0.0
1.335 0.0
1.345 0.0
1.355 0.0
1.365 0.0
1.375 0.0
1.385 0.0
1.395 0.0
1.405 0.0
1.4149999999999998 0.0
1.4249999999999998 0.0
1.4349999999999998 0.0
1.4449999999999998 0.0
1.4549999999999998 0.0
1.4649999999999999 0.0
1.4749999999999999 0.0
1.4849999999999999 0.0
1.4949999999999999 0.0
1.505 0.0
1.515 0.0
1.525 0.0
1.535 0.013963831521572049
1.545 0.020727690755304673
1.555 0.030461711184398974
1.565 0.04432152824787974
1.575 0.06384578230365195
1.585 0.09105561957893533
1.595 0.1285696169745498
1.605 0.17973265988130716
1.615 0.2487555093593643
1.625 0.3408595528515194
1.635 0.46241859191189255
1.645 0.6210865995434556
1.655 0.8258973762479752
1.665 1.0873192301231447
1.6749999999999998 1.4172455651019953
1.6849999999999998 1.8289010091164357
1.6949999999999998 2.336642908989083
1.7049999999999998 2.955640104977823
1.7149999999999999 3.701415244351435
1.7249999999999999 4.589243726320668
1.7349999999999999 5.6334117032836355
1.7449999999999999 6.846347134420428
1.755 8.237651119650065
1.765 9.813070730055696
1.775 11.573468092455851
1.785 13.51385215575222
1.795 15.622547838801374
1.805 17.880580666796302
1.815 20.261352322516835
1.825 22.730672979918133
1.835 25.24719965932081
1.845 27.763306672508854
1.855 30.226385802341923
1.865 32.5805421948686
1.875 34.768619622584005
1.885 36.73445874746336
1.895 38.42526726851414
1.905 39.79396409916631
1.915 40.80135309648149
1.9249999999999998 41.41798658223738
1.9349999999999998 41.62559510393524
1.9449999999999998 41.41798658223738
1.9549999999999998 40.80135309648149
1.9649999999999999 39.79396409916631
1.9749999999999999 38.42526726851414
1.9849999999999999 36.73445874746336
1.9949999999999999 34.768619622584005
2.005 32.5805421948686
2.015 30.226385802341923
2.025 27.763306672508854
2.035 25.24719965932081
2.045 22.730672979918133
2.0549999999999997 20.261352322516835
2.065 17.880580666796302
2.0749999999999997 15.622547838801374
2.085 13.51385215575222
2.0949999999999998 11.573468092455851
2.105 9.813070730055696
2.1149999999999998 8.237651119650065
2.125 6.846347134420428
2.135 5.6334117032836355
2.145 4.589243726320668
2.155 3.701415244351435
2.165 2.955640104977823
2.175 2.336642908989083
2.185 1.8289010091164357
2.195 1.4172455651019953
2.205 1.0873192301231447
2.215 0.8258973762479752
2.225 0.6210865995434556
2.235 0.46241859191189255
2.245 0.3408595528515194
2.255 0.2487555093593643
2.265 0.17973265988130716
2.275 0.1285696169745498
2.285 0.09105561957893533
2.295 0.06384578230365195
2.305 0.04432152824787974
2.315 0.030461711184398974
2.3249999999999997 0.020727690755304673
2.335 0.013963831521572049
2.3449999999999998 0.0
2.355 0.0
2.3649999999999998 0.0
2.375 0.0
2.385 0.0
2.395 0.0
2.405 0.0
2.415 0.0
2.425 0.0
2.435 0.0
2.445 0.0
2.455 0.0
2.465 0.0
2.475 0.0
2.485 0.0
2.495 0.0
2.505 0.0
2.515 0.0
2.525 0.0
2.535 0.0
2.545 0.0
2.555 0.0
2.565 0.0
2.5749999999999997 0.0
2.585 0.0
2.5949999999999998 0.0
2.605 0.0
2.6149999999999998 0.0
2.625 0.0
2.635 0.0
2.645 0.0
2.655 0.0
2.665 0.0
2.675 0.0
2.685 0.0
2.695 0.0
2.705 0.0
2.715 0.0
2.725 0.0
2.735 0.0
2.745 0.0
2.755 0.0
2.765 0.0
2.775 0.0
2.785 0.0
2.795 0.0
2.805 0.0
2.815 0.0
2.8249999999999997 0.0
2.835 0.0
2.8449999999999998 0.0
2.855 0.0
2.8649999999999998 0.0
2.875 0.0
2.885 0.0
2.895 0.0
2.905 0.0
2.915 0.0
2.925 0.0
2.935 0.0
2.945 0.0
2.955 0.0
2.965 0.0
2.975 0.0
2.985 0.0
2.995 0.0
3.005 0.0
3.015 0.0
3.025 0.0
3.035 0.0
3.045 0.0
3.055 0.0
3.065 0.0
3.075 0.0
3.085 0.0
3.0949999999999998 0.0
3.105 0.0
3.1149999999999998 0.0
3.125 0.0
3.135 0.0
3.145 0.0
3.155 0.0
3.165 0.0
3.175 0.0
3.185 0.0
3.195 0.0
3.205 0.0
3.215 0.0
3.225 0.0
3.235 0.0
3.245 0.0
3.255 0.0
3.265 0.0
3.275 0.0
3.285 0.0
3.295 0.0
3.305 0.0
3.315 0.0
3.325 0.0
3.335 0.0
3.3449999999999998 0.0
3.355 0.0
3.3649999999999998 0.0
3.375 0.0
3.385 0.0
3.395 0.0
3.405 0.0
3.415 0.0
3.425 0.0
3.435 0.0
3.445 0.0
3.455 0.0
3.465 0.0
3.475 0.0
3.485 0.0
3.495 0.0
3.505 0.0
3.515 0.0
3.525 0.0
3.535 0.0
3.545 0.0
3.555 0.0
3.565 0.0
3.575 0.0033089713773575735
3.585 0.004911784800759382
3.5949999999999998 0.007218429287032931
3.605 0.010502752639661496
3.6149999999999998 0.015129362301558542
3.625 0.021577203826098332
3.635 0.030466794297065284
3.645 0.0425907621561331
3.655 0.05894692005976545
3.665 0.08077256606413141
3.675 0.10957808267957266
3.685 0.1471772111812382
3.695 0.19571066683362576
3.705 0.26076180473108496
3.715 0.3404464586552875
3.725 0.44015819657072636
3.735 0.5635560177605748
3.745 0.7145763210985727
3.755 0.8973465570551439
3.765 1.1160683331433587
3.775 1.374870220625426
3.785 1.6776328539122427
3.795 2.027791551431042
3.805 2.4281244147058785
3.815 2.880536422295502
3.825 3.385852133266643
3.835 3.943630952115535
3.8449999999999998 4.5520192164598825
3.855 5.207652455343582
3.8649999999999998 5.905618944185371
3.875 6.639492205589435
3.885 7.401435580241861
3.895 8.18237677488338
3.905 8.972244864070237
3.915 9.760257134855308
3.925 10.535238987484487
3.935 11.285957349810031
3.945 12.001447105310923
3.955 12.671311058113101
3.965 13.285976914463946
3.975 13.836899357954223
3.985 14.316701026817638
3.995 14.719252396460348
4.005 15.039696482126878
4.015 15.274429179841846
4.025 15.421049354608515
4.035 15.478294067416883
4.045 15.445973478044557
4.055 15.32491712884718
4.065 15.116938934769843
4.075 14.82482291586231
4.085 14.45232627020533
4.095 14.004191570000616
4.1049999999999995 13.486156348798445
4.115 12.9049466215021
4.125 12.268241175059126
4.135 11.584595739923634
4.145 10.863320086774337
4.155 10.11430616029363
4.165 9.347810896892687
4.175 8.574202670339282
4.185 7.803684718001169
4.195 7.046011908976725
4.205 6.310218509101945
4.215 5.604374087298563
4.225 4.935382524453684
4.235 4.308835549016975
4.245 3.7289277842370123
4.255 3.19843546728916
4.265 2.718756304097813
4.275 2.290003805127649
4.285 1.9111462470389404
4.295 1.5801783273681134
4.305 1.2943126870127732
4.315 1.0501787012748574
4.325 0.8440171138459353
4.335 0.671860969407401
4.345 0.5296956172473724
4.355 0.413593040638284
4.365 0.3198181754893662
4.375 0.24490702799907813
4.385 0.18351114883518643
4.395 0.13800299975058594
4.405 0.10274759247936126
4.415 0.07799279861295987
4.425 0.05861999971373299
4.435 0.04485542977452838
4.445 0.03572555114976294
4.455 0.030543238359605606
4.465 0.02889168436693028
4.475 0.030611949553983164
4.485 0.035795139232667916
4.495 0.0447794077819807
4.505 0.05815122704129257
4.515 0.07684451091782488
4.525 0.10351761446805405
4.535 0.1381030927601776
4.545 0.18460881850502725
4.555 0.24195345793093623
4.565 0.3141432875202142
4.575 0.4040798208447629
4.585 0.5149668461020479
4.595 0.6502733777997337
4.605 0.8136766196392122
4.615 1.0089838423484747
4.625 1.240033221698881
4.635 1.5105750100482431
4.645 1.8241358349084478
4.655 2.183870310363881
4.665 2.592405377860116
4.675 3.0516837297379578
4.685 3.5628131993134544
4.695 4.125929050307745
4.705 4.740075643607625
4.715 5.403113039827652
4.725 6.111652813032414
4.735 6.861025857712661
4.745 7.645283454059444
4.755 8.457231507657234
4.765 9.288496864744841
4.775 10.12962403205567
4.785 10.970200528426268
4.795 11.799009397112918
4.805 12.604207954769013
4.815 13.373532415049649
4.825 14.094528334765473
4.835 14.754806630794537
4.845 15.342324008767829
4.855 15.84568493781157
4.865 16.254459845982506
4.875 16.559511196546804
4.885 16.753315873797952
4.895 16.83026929992907
4.905 16.786954408945675
4.915 16.622357482957884
4.925 16.338013276736014
4.935 15.938064023822545
4.945 15.431050920725363
4.955 14.823337978871058
4.965 14.127576998103955
4.975 13.357078503104322
4.985 12.526621177838626
4.995 11.651982028513
5.005 10.749432926867623
5.015 9.83523101172247
5.025 8.925130629229667
5.035 8.03394242163623
5.045 7.17516104431966
5.055 6.360677222557685
5.065 5.600583028009032
5.075 4.9030720206872855
5.085 4.274428937109496
5.095 3.719097522336158
5.105 3.2398103989006812
5.115 2.837761877575664
5.125 2.5128035034743714
5.135 2.263642876481498
5.145 2.0880287042071877
5.155 1.9829088207760437
5.165 1.9445526208245636
5.175 1.9686345440641244
5.185 2.0502804157205814
5.195 2.1840831394998785
5.205 2.364098046895578
5.215 2.583830809098737
5.225 2.8347278711516504
5.235 3.112718846327842
5.245 3.40753940842877
5.255 3.710755239852936
5.265 4.013646936630104
5.275 4.307394575799221
5.285 4.583301950456223
5.295 4.833050850020764
5.305 5.048971712940174
5.315 5.2243140600748195
5.325 5.352055088777156
5.335 5.431380084435336
5.345 5.457553403668511
5.355 5.4282062732524405
5.365 5.347390810409224
5.375 5.215363260881335
5.385 5.0359830124577405
5.395 4.814387078463869
5.405 4.556745866265216
5.415 4.269978290156614
5.425 3.9614445454571308
5.435 3.638635478977522
5.445 3.308876622978008
5.455 2.97906276587953
5.465 2.6554356900784564
5.475 2.343413771506825
5.485 2.047477899834381
5.495 1.7711140280083009
5.505 1.5168089346404467
5.515 1.2860927459859335
5.525 1.0796195849782408
5.535 0.89727646200607
5.545 0.7383101707964786
5.555 0.6014623993186043
5.565 0.48510434975893774
5.575 0.38736369107323326
5.585 0.3062384423670891
5.595 0.2396942186248414
5.605 0.1857430044782798
5.615 0.14250313820212826
5.625 0.10824141125041169
5.635 0.08139908416795597
5.645 0.060604189353839426
5.655 0.044672764558771304
5.665 0.032601686557832306
5.675 0.02355561031289889
5.685 0.01685022520409572
5.695 0.011933672450056705
5.705 0.008367574201929536
5.715 0.005808741986952464
5.725 0.003992286090895398
5.735 0.002716553610460498
5.745 0.0018300879429166824
5.755 0.0
5.765 0.0
5.775 0.0
5.785 0.0
5.795 0.0
5.805 0.0
5.815 0.0
5.825 0.0
5.835 0.0
5.845 0.0
5.855 0.0
5.865 0.0
5.875 0.0
5.885 0.0
5.895 0.0
5.905 0.0
5.915 0.0
5.925 0.0
5.935 0.0
5.945 0.0
5.955 0.0
5.965 0.0
5.975 0.0
5.985 0.0
5.995 0.0
6.005 0.0
6.015 0.0
6.025 0.0
6.035 0.0
6.045 0.0
6.055 0.0
6.065 0.0
6.075 0.0
6.085 0.0
6.095 0.0
6.105 0.0
6.115 0.0
6.125 0.0
6.135 0.0
6.1450000000000005 0.0
6.155 0.0
6.165 0.0
6.175 0.0
6.185 0.0
6.195 0.0
6.205 0.0
6.215 0.0
6.225 0.0
6.235 0.0
6.245 0.0
6.255 0.0
6.265 0.0011769746705843848
6.275 0.0017470825941298103
6.285 0.0025675376010737172
6.295 0.0037357451662716704
6.305 0.005381393242890064
6.315 0.007674838936090891
6.325 0.010836795212833197
6.335 0.015149193674405023
6.345 0.020966948307274302
6.355 0.02873015614039667
6.365 0.0389760481603349
6.375 0.05234975764157157
6.385 0.07074843060745517
6.3950000000000005 0.09333311213007796
6.405 0.12193342645689587
6.415 0.1577580332331966
6.425 0.20214221667937385
6.435 0.25652890298370407
6.445 0.32243943021629434
6.455 0.4014333689074129
6.465 0.4950573322434786
6.475 0.6047835077679123
6.485 0.7319395429893387
6.495 0.8776323587566462
6.505 1.0426693613631446
6.515 1.2274812799347095
6.525 1.4331416250732827
6.535 1.6574742708217176
6.545 1.9001990849276544
6.555 2.159758242226221
6.565 2.4340496768551194
6.575 2.7204593333245204
6.585 3.0159193797528205
6.595 3.318059082109297
6.605 3.622619577870201
6.615 3.924901177248135
6.625 4.221888594796986
6.635 4.510011327051818
6.6450000000000005 4.78599380771858
6.655 5.046983107611711
6.665 5.290660978754
6.675 5.516425738149005
6.685 5.721627120467538
6.695 5.906797183512175
6.705 6.072514873518991
6.715 6.220127647867086
6.725 6.351720768948409
6.735 6.470062348266069
6.745 6.578525059807356
6.755 6.680985349221338
6.765 6.781700925156612
6.775 6.885167489137461
6.785 6.995956166272967
6.795 7.118534007939349
6.805 7.2570712400379715
6.815 7.416376245865285
6.825 7.597701159040138
6.835 7.803953371990733
6.845 8.036237661854642
6.855 8.294472752484408
6.865 8.577290889937553
6.875 8.881987782055004
6.885 9.204530844093231
6.8950000000000005 9.53963089099106
6.905 9.880878892895332
6.915 10.220945409928131
6.925 10.551836149681769
6.935 10.866370055146184
6.945 11.154374098646699
6.955 11.408632398562567
6.965 11.621828754288744
6.975 11.787659274697736
6.985 11.901120181459085
6.995 11.958739523046544
