0.005 0.0
0.015 0.0
0.025 0.0
0.034999999999999996 0.0
0.045 0.0
0.055 0.0
0.065 0.0
0.07500000000000001 0.0
0.085 0.0
0.095 0.0
0.10500000000000001 0.0
0.115 0.0
0.125 0.0
0.135 0.0
0.14500000000000002 0.0
0.155 0.0
0.165 0.0
0.17500000000000002 0.0
0.185 0.0
0.195 0.0
0.20500000000000002 0.0
0.215 0.0
0.225 0.0
0.23500000000000001 0.0
0.245 0.0
0.255 0.0
0.265 0.0
0.275 0.0
0.28500000000000003 0.0
0.295 0.0
0.305 0.0
0.315 0.0
0.325 0.0
0.335 0.0
0.34500000000000003 0.0
0.35500000000000004 0.0
0.365 0.0
0.375 0.0
0.385 0.0
0.395 0.0
0.405 0.0
0.41500000000000004 0.0
0.425 0.0
0.435 0.0
0.445 0.0
0.455 0.0
0.465 0.0
0.47500000000000003 0.0
0.485 0.0
0.495 0.0
0.505 0.0
0.515 0.0
0.525 0.0
0.535 0.0
0.545 0.0
0.555 0.0
0.5650000000000001 0.0
0.5750000000000001 0.0
0.585 0.0
0.595 0.0
0.605 0.0
0.615 0.0
0.625 0.0
0.635 0.0
0.645 0.0
0.655 0.0
0.665 0.0
0.675 0.0
0.685 0.0
0.6950000000000001 0.0
0.7050000000000001 0.0
0.715 0.0
0.725 0.0
0.735 0.0
0.745 0.0
0.755 0.0
0.765 0.0
0.775 0.0
0.785 0.0
0.795 0.0
0.805 0.0
0.8150000000000001 0.0
0.8250000000000001 0.0
0.8350000000000001 0.0
0.845 0.0
0.855 0.0
0.865 0.0
0.875 0.0
0.885 0.0
0.895 0.0
0.905 0.0
0.915 0.0
0.925 0.0
0.935 0.0
0.9450000000000001 0.0
0.9550000000000001 0.0
0.965 0.0
0.975 0.0
0.985 0.0
0.995 0.0
1.005 0.0
1.015 0.0
1.025 0.0
1.035 0.0
1.045 0.0
1.055 0.0
1.065 0.0
1.075 0.0
1.085 0.0
1.095 0.0
1.105 0.0
1.115 0.0
1.125 0.0
1.135 0.0
1.145 0.0
1.155 0.0
1.1649999999999998 0.0
1.1749999999999998 0.0
1.1849999999999998 0.0
1.1949999999999998 0.0
1.2049999999999998 0.0
1.2149999999999999 0.0
1.2249999999999999 0.0
1.2349999999999999 0.0
1.2449999999999999 0.0
1.255 0.019088429048248593
1.265 0.02833456230873575
1.275 0.04164087856068454
1.285 0.06058712080295512
1.295 0.08727659623008564
1.305 0.12447219311488415
1.315 0.17575348195714258
1.325 0.24569289027135777
1.335 0.3400464896351453
1.345 0.4659518685807999
1.355 0.6321219551141831
1.365 0.8490196598181629
1.375 1.128994104754804
1.385 1.4863553706544084
1.395 1.9373616311254946
1.405 2.500090830719152
1.4149999999999998 3.1941693302748986
1.4249999999999998 4.040332794682387
1.4349999999999998 5.059800539755714
1.4449999999999998 6.273453895491421
1.4549999999999998 7.700821900606608
1.4649999999999999 9.35889346080794
1.4749999999999999 11.260793191234617
1.4849999999999999 13.41437728511244
1.4949999999999999 15.82082426186
1.505 18.473311400605944
1.515 21.355878972983838
1.525 24.442589046734774
1.535 27.697081967255667
1.545 31.072620557316853
1.555 34.51268934456864
1.565 37.9521844519712
1.575 41.31919093134666
1.585 44.537301032274556
1.595 47.52838271830722
1.605 50.215666691732444
1.615 52.526986363442326
1.625 54.397982321829936
1.635 55.7750738005928
1.645 56.618006094887654
1.655 56.90180503145597
1.665 56.618006094887654
1.6749999999999998 55.7750738005928
1.6849999999999998 54.397982321829936
1.6949999999999998 52.526986363442326
1.7049999999999998 50.215666691732444
1.7149999999999999 47.52838271830722
1.7249999999999999 44.537301032274556
1.7349999999999999 41.31919093134666
1.7449999999999999 37.9521844519712
1.755 34.51268934456864
1.765 31.072620557316853
1.775 27.697081967255667
1.785 24.442589046734774
1.795 21.355878972983838
1.805 18.473311400605944
1.815 15.82082426186
1.825 13.41437728511244
1.835 11.260793191234617
1.845 9.35889346080794
1.855 7.700821900606608
1.865 6.273453895491421
1.875 5.059800539755714
1.885 4.040332794682387
1.895 3.1941693302748986
1.905 2.500090830719152
1.915 1.9373616311254946
1.9249999999999998 1.4863553706544084
1.9349999999999998 1.128994104754804
1.9449999999999998 0.8490196598181629
1.9549999999999998 0.6321219551141831
1.9649999999999999 0.4659518685807999
1.9749999999999999 0.3400464896351453
1.9849999999999999 0.24569289027135777
1.9949999999999999 0.17575348195714258
2.005 0.12447219311488415
2.015 0.08727659623008564
2.025 0.06058712080295512
2.035 0.04164087856068454
2.045 0.02833456230873575
2.0549999999999997 0.019088429048248593
2.065 0.0
2.0749999999999997 0.0
2.085 0.0
2.0949999999999998 0.0
2.105 0.0
2.1149999999999998 0.0
2.125 0.0
2.135 0.0
2.145 0.0
2.155 0.0
2.165 0.0
2.175 0.0
2.185 0.0
2.195 0.0
2.205 0.0
2.215 0.0
2.225 0.0
2.235 0.0
2.245 0.0
2.255 0.0
2.265 0.0
2.275 0.0
2.285 0.0
2.295 0.0
2.305 0.0
2.315 0.0
2.3249999999999997 0.0
2.335 0.0
2.3449999999999998 0.0
2.355 0.0
2.3649999999999998 0.0
2.375 0.0
2.385 0.0
2.395 0.0
2.405 0.006645096840479635
2.415 0.00986387669714648
2.425 0.01449609445905605
2.435 0.021091692983421027
2.445 0.030382879198200527
2.455 0.04333147453384482
2.465 0.06118360524612474
2.475 0.08553103268706697
2.485 0.1183775704212821
2.495 0.16220796807822943
2.505 0.2200553851817614
2.515 0.29556218820848523
2.525 0.3930273748281361
2.535 0.5174325950239357
2.545 0.6744376722315821
2.555 0.8703359316857062
2.565 1.1119597359696907
2.5749999999999997 1.4065276205059727
2.585 1.7614264901109196
2.5949999999999998 2.1839255893951965
2.605 2.680823400997085
2.6149999999999998 3.2580341320705224
2.625 3.9201267462726834
2.635 4.669836155138247
2.645 5.507572626879708
2.655 6.430961024140758
2.665 7.434445418758077
2.675 8.508996253020731
2.685 9.641955941261864
2.695 10.81705425674062
2.705 12.014616935755155
2.715 13.2119799043512
2.725 14.38410800674343
2.735 15.50440204508147
2.745 16.545662560089426
2.755 17.48116449145019
2.765 18.2857850817039
2.775 18.93711942148669
2.785 19.416514882027123
2.795 19.70995792605127
2.805 19.808754501293517
2.815 19.70995792605127
2.8249999999999997 19.416514882027123
2.835 18.93711942148669
2.8449999999999998 18.2857850817039
2.855 17.48116449145019
2.8649999999999998 16.545662560089426
2.875 15.50440204508147
2.885 14.38410800674343
2.895 13.2119799043512
2.905 12.014616935755155
2.915 10.81705425674062
2.925 9.641955941261864
2.935 8.508996253020731
2.945 7.434445418758077
2.955 6.430961024140758
2.965 5.507572626879708
2.975 4.669836155138247
2.985 3.9201267462726834
2.995 3.2580341320705224
3.005 2.680823400997085
3.015 2.1839255893951965
3.025 1.7614264901109196
3.035 1.4065276205059727
3.045 1.1119597359696907
3.055 0.8703359316857062
3.065 0.6744376722315821
3.075 0.5174325950239357
3.085 0.3930273748281361
3.0949999999999998 0.29556218820848523
3.105 0.2200553851817614
3.1149999999999998 0.16220796807822943
3.125 0.1183775704212821
3.135 0.08553103268706697
3.145 0.06534400190119215
3.155 0.04950710155658712
3.165 0.03945866911470156
3.175 0.03429688939280848
3.185 0.033518364867140396
3.195 0.036993070753667465
3.205 0.044951245376995026
3.215 0.053549712041525366
3.225 0.07411444254891558
3.235 0.10155600497903904
3.245 0.13777341555998887
3.255 0.1850471059648591
3.265 0.2460686149258403
3.275 0.32395687967205744
3.285 0.42225543178106545
3.295 0.5449044289185757
3.305 0.6961815120461096
3.315 0.8806060992168472
3.325 1.1028030220663645
3.335 1.3673234469191082
3.3449999999999998 1.6784238030050547
3.355 2.0398068877779183
3.3649999999999998 2.454333261673876
3.375 2.9237152122748733
3.385 3.4482096024287987
3.395 4.026329393835125
3.405 4.6545961022066615
3.415 5.327356455273775
3.425 6.03668572622905
3.435 6.772397367226036
3.445 7.522173613323003
3.455 8.271824823686552
3.465 9.005676858287023
3.475 9.707076353536085
3.485 10.362458189577229
3.495 10.94984002034833
3.505 11.456015801742604
3.515 11.867244834725984
3.525 12.172230680960919
3.535 12.362701065534964
3.545 12.433862371069367
3.555 12.384699501712863
3.565 12.218101910034846
3.575 11.940808101906757
3.585 11.563172917495306
3.5949999999999998 11.098773240196175
3.605 10.563877499507464
3.6149999999999998 9.976811592864172
3.625 9.357258124486243
3.635 8.725526954334542
3.645 8.101833125285342
3.655 7.508793462551042
3.665 6.959629169407824
3.675 6.472763269725189
3.685 6.062189478235473
3.695 5.739265933698551
3.705 5.512487922193985
3.715 5.38735589943976
3.725 5.366332436535918
3.735 5.448881352315603
3.745 5.631583038346374
3.755 5.908321241716541
3.765 6.270537705236817
3.775 6.707551486412417
3.785 7.206939047664861
3.795 7.754969119452839
3.805 8.337082943954886
3.815 8.941349020452941
3.825 9.548642054212536
3.835 10.147164870455127
3.8449999999999998 10.724424055885844
3.855 11.269625854934104
3.8649999999999998 11.77402222578784
3.875 12.231147085270335
3.885 12.636926195545335
3.895 12.989652639171771
3.905 13.28982982764531
3.915 13.53989450214434
3.925 13.743842081551577
3.935 13.906784858114824
3.945 14.03447894807624
3.955 14.130082980251888
3.965 14.205776441957381
3.975 14.262624314701595
3.985 14.304961687233432
3.995 14.33609565854416
4.005 14.360966670407997
4.015 14.376736527730195
4.025 14.38574765630608
4.035 14.387919492016838
4.045 14.382761682242315
4.055 14.369582077527223
4.065 14.347662252252377
4.075 14.316383241493064
4.085 14.275293119554313
4.095 14.224117552347701
4.1049999999999995 14.162723214948976
4.115 14.091050786440649
4.125 14.009038210103974
4.135 13.916555536500017
4.145 13.813369917621992
4.155 13.699153629634065
4.165 13.5735402139759
4.175 13.436225075036656
4.185 13.287098423592328
4.195 13.126391535921076
4.205 12.954812931278324
4.215 12.773649936010958
4.225 12.584813450316108
4.235 12.390809349282293
4.245 12.194628184764046
4.255 11.999554711131736
4.265 11.808909018559714
4.275 11.625740440802682
4.285 11.454884761526474
4.295 11.294340591239612
4.305 11.148031521115637
4.315 11.013553951290874
4.325 10.88903316085619
4.335 10.77131546312868
4.345 10.656166698161748
4.355 10.538587425913372
4.365 10.413225732933686
4.375 10.274858702470116
4.385 10.118906320074164
4.395 9.941937535645156
4.405 9.74212766888982
4.415 9.521884406165844
4.425 9.28017193660191
4.435 9.023354757282643
4.445 8.758636105028856
4.455 8.495371714343548
4.465 8.242610136797971
4.475 8.01782597124648
4.485 7.831222203558347
4.495 7.6962674199047205
4.505 7.625832724695131
4.515 7.631503866027154
4.525 7.722926274853922
4.535 7.907218472144401
4.545 8.188485738555944
4.555 8.567460982728036
4.565 9.041293587958409
4.575 9.603499858483028
4.585 10.244080739091
4.595 10.949804005617745
4.605 11.704639453067413
4.615 12.490327165021409
4.625 13.285088406480373
4.635 14.072888772229653
4.645 14.830221101071928
4.655 15.537230664508513
4.665 16.17550089145319
4.675 16.728694622983266
4.685 17.183077151140335
4.695 17.527898366072385
4.705 17.755621154207617
4.715 17.861993785646582
4.725 17.84597444646077
4.735 17.709525360130076
4.745 17.457301270198094
4.755 17.09626181300886
4.765 16.63523917987223
4.775 16.08449146619955
4.785 15.455268563761162
4.795 14.759411969345715
4.805 14.00900323479941
4.815 13.214271657917198
4.825 12.391155858105435
4.835 11.548306159293382
4.845 10.696427837624189
4.855 9.845491280896283
4.865 9.004661166792495
4.875 8.182241763422665
4.885 7.3856321698142535
4.895 6.621288057457571
4.905 5.894689225839218
4.915 5.210314611068449
4.925 4.571627975562598
4.935 3.9810781969887117
4.945 3.440117858048875
4.955 2.9492428406014994
4.965 2.5080540709618426
4.975 2.115340723670689
4.985 1.7691823510206839
4.995 1.4670658143416404
5.005 1.2060117369106276
5.015 0.9827045849331146
5.025 0.7936204382650742
5.035 0.6351469895043326
5.045 0.5036912061644219
5.055 0.395771269160068
5.065 0.3080907132908126
5.075 0.23759400132951441
5.085 0.1815039453561003
5.095 0.13575360009187548
5.105 0.10030494066645816
5.115 0.07468019670507195
5.125 0.055048518595473175
5.135 0.04017379641596959
5.145 0.029026666810185862
5.155 0.02076388028919172
5.165 0.01470540263777445
5.175 0.010311037801296729
5.185 0.007157887908736432
5.195 0.004919539618462083
5.205 0.003347503863216197
5.215 0.0022551465339572248
5.225 0.0
5.235 0.0
5.245 0.0
5.255 0.0
5.265 0.0
5.275 0.0
5.285 0.0
5.295 0.0
5.305 0.0
5.315 0.0
5.325 0.0
5.335 0.0
5.345 0.0
5.355 0.0
5.365 0.0
5.375 0.0
5.385 0.0
5.395 0.0
5.405 0.0
5.415 0.0
5.425 0.0
5.435 0.0
5.445 0.0015303767835018417
5.455 0.002271667103582531
5.465 0.0033384745089716132
5.475 0.004857451748475412
5.485 0.006997227287587734
5.495 0.009979310191168106
5.505 0.014090685395166102
5.515 0.019697938169367088
5.525 0.027262550089038037
5.535 0.03735676309993589
5.545 0.0506791188527533
5.555 0.06954282149349636
5.565 0.09270337225674251
5.575 0.12238185960915826
5.585 0.16000376717920747
5.595 0.2071809144059437
5.605 0.2657002069564548
5.615 0.33750056602963135
5.625 0.4246363753345597
5.635 0.5292263441015025
5.645 0.6533874705616805
5.655 0.7991547796576806
5.665 0.9683886505152121
5.675 1.1626727651213313
5.685 1.3832068977192455
5.695 1.6306998067675154
5.705 1.905268265675846
5.715 2.206348662539853
5.725 2.5326275255733623
5.735 2.8819967422401724
5.745 3.2515381391580123
5.755 3.637540535788176
5.765 4.035550491530977
5.775 4.440455892408699
5.785 4.84796620497996
5.795 5.249946167973426
5.805 5.641078420748533
5.815 6.016437065233082
5.825 6.369171287780029
5.835 6.692384122997808
5.845 6.981814406536557
5.855 7.2330065432855895
5.865 7.442367363133247
5.875 7.607304699354291
5.885 7.726345380496593
5.895 7.799230856789022
5.905 7.826988674221887
5.915 7.811977575874138
5.925 7.757903261311962
5.935 7.669800956699983
5.945 7.553980177627521
5.955 7.4179266594107975
5.965 7.270156624214683
5.975 7.120019536420273
5.985 6.977447370426683
5.995 6.852651178686115
6.005 6.755769290398453
6.015 6.696475572409131
6.025 6.68356052922419
6.035 6.724502225661891
6.045 6.825047664144183
6.055 6.988827920456845
6.065 7.217031658267531
6.075 7.508161302953866
6.085 7.857893970730149
6.095 8.259065171137905
6.105 8.701787439989719
6.115 9.174940487382646
6.125 9.662235100005088
6.135 10.148593834636497
6.1450000000000005 10.617211767097611
6.155 11.051078363475895
6.165 11.433716465950566
6.175 11.749920310943205
6.185 11.986451359159467
6.195 12.132652035155658
6.205 12.180941677408942
6.215 12.127165838782833
6.225 11.971970287917841
6.235 11.716619889624894
6.245 11.368500710829718
6.255 10.93632755953348
6.265 10.434905484571349
6.275 9.877280299165177
6.285 9.279477939004927
6.295 8.658295721900549
6.305 8.030624018996974
6.315 7.412802689824094
6.325 6.820042071338934
6.335 6.265931834933779
6.345 5.76205368250676
6.355 5.317706316354116
6.365 4.93876062925937
6.375 4.631874396869437
6.385 4.397526857535848
6.3950000000000005 4.235337879012559
6.405 4.142797939471942
6.415 4.115524467824761
6.425 4.147553866509831
6.435 4.231653881005957
6.445 4.360758429108203
6.455 4.524358222022694
6.465 4.714110480053158
6.475 4.920890446690396
6.485 5.135789907690037
6.495 5.3503406812409535
6.505 5.556705439228358
6.515 5.747835414128984
6.525 5.917595742264869
6.535 6.060860081076288
6.545 6.173576681850072
6.555 6.252808282201466
6.565 6.296748014779248
6.575 6.304713058025468
6.585 6.2771170711977025
6.595 6.21451009940756
6.605 6.121464685032542
6.615 5.999984112475314
6.625 5.853293543492029
6.635 5.6873554956711505
6.6450000000000005 5.508178193030707
6.655 5.319980081064396
6.665 5.128386864692637
6.675 4.9388753632537945
6.685 4.756560774203718
6.695 4.585988145128233
6.705 4.430939292598932
6.715 4.294266844708226
6.725 4.177766605441645
6.735 4.082097976868063
6.745 4.006759764910234
6.755 3.9512413633266457
6.765 3.911194819860502
6.775 3.88389711048522
6.785 3.865225246113214
6.795 3.850643731090204
6.805 3.8354719259125165
6.815 3.8151597200646137
6.825 3.7855549681792997
6.835 3.7431466843582704
6.845 3.6852697007459256
6.855 3.6102592168073926
6.865 3.517547145571083
6.875 3.407696091032793
6.885 3.282370827752073
6.8950000000000005 3.144250968334096
6.905 2.9968918081224754
6.915 2.8445429103170623
6.925 2.691114129842234
6.935 2.543509704238338
6.945 2.405532299664478
6.955 2.2819838893796787
6.965 2.1772180963538332
6.975 2.09613801807017
6.985 2.0398443271764446
6.995 2.0111756726123486
