0.005 0.0
0.015 0.0
0.025 0.0
0.034999999999999996 0.0
0.045 0.0
0.055 0.0
0.065 0.0
0.07500000000000001 0.0
0.085 0.0
0.095 0.0
0.10500000000000001 0.0
0.115 0.0
0.125 0.0
0.135 0.0
0.14500000000000002 0.0
0.155 0.0
0.165 0.0
0.17500000000000002 0.0
0.185 0.0
0.195 0.0
0.20500000000000002 0.0
0.215 0.0
0.225 0.0
0.23500000000000001 0.0
0.245 0.0
0.255 0.0
0.265 0.0
0.275 0.0
0.28500000000000003 0.0
0.295 0.0
0.305 0.0
0.315 0.0
0.325 0.0
0.335 0.0
0.34500000000000003 0.0
0.35500000000000004 0.0
0.365 0.0
0.375 0.0
0.385 0.0
0.395 0.0
0.405 0.0
0.41500000000000004 0.0
0.425 0.0
0.435 0.0
0.445 0.0
0.455 0.0
0.465 0.0
0.47500000000000003 0.0
0.485 0.0
0.495 0.0
0.505 0.0
0.515 0.0
0.525 0.0
0.535 0.0
0.545 0.0
0.555 0.0
0.5650000000000001 0.0
0.5750000000000001 0.0
0.585 0.0
0.595 0.0
0.605 0.0
0.615 0.0
0.625 0.0
0.635 0.0
0.645 0.0
0.655 0.0
0.665 0.0
0.675 0.0
0.685 0.0
0.6950000000000001 0.0
0.7050000000000001 0.0
0.715 0.0
0.725 0.0
0.735 0.0
0.745 0.0
0.755 0.0
0.765 0.0
0.775 0.0
0.785 0.0
0.795 0.0
0.805 0.0
0.8150000000000001 0.0
0.8250000000000001 0.0
0.8350000000000001 0.0
0.845 0.0
0.855 0.0
0.865 0.0
0.875 0.0
0.885 0.0
0.895 0.0
0.905 0.0
0.915 0.0
0.925 0.0
0.935 0.0
0.9450000000000001 0.0
0.9550000000000001 0.0
0.965 0.0
0.975 0.0
0.985 0.0
0.995 0.0
1.005 0.0
1.015 0.0
1.025 0.0
1.035 0.0
1.045 0.0
1.055 0.0
1.065 0.0
1.075 0.0
1.085 0.0
1.095 0.0
1.105 0.0
1.115 0.0
1.125 0.0
1.135 0.0
1.145 0.0
1.155 0.0
1.1649999999999998 0.0
1.1749999999999998 0.0
1.1849999999999998 0.0
1.1949999999999998 0.0
1.2049999999999998 0.0
1.2149999999999999 0.0
1.2249999999999999 0.0
1.2349999999999999 0.0
1.2449999999999999 0.0
1.255 0.0
1.265 0.0
1.275 0.0
1.285 0.0
1.295 0.0
1.305 0.0
1.315 0.0
1.325 0.0
1.335 0.0
1.345 0.0
1.355 0.0
1.365 0.0
1.375 0.0
1.385 0.0
1.395 0.016226971615477072
1.405 0.02408706013253656
1.4149999999999998 0.035398688532189776
1.4249999999999998 0.0515047879030799
1.4349999999999998 0.07419336846114089
1.4449999999999998 0.1058131467752569
1.4549999999999998 0.14940709661497717
1.4649999999999999 0.2088622141969115
1.4749999999999999 0.28907170523592157
1.4849999999999999 0.39610319563373814
1.4949999999999999 0.5373634989673947
1.505 0.7217470796589937
1.515 0.9597518604380945
1.525 1.2635427645280197
1.535 1.6469407785064547
1.545 2.1253138665130984
1.555 2.7153462931070202
1.565 3.4346653362974227
1.575 4.3013094231620315
1.585 5.333029660839673
1.595 6.546427580872773
1.605 7.955945361294072
1.615 9.572740167357427
1.625 11.403490506977686
1.635 13.449198233220152
1.645 15.704063387500492
1.655 18.154518689947842
1.665 20.77851444283874
1.6749999999999998 23.54514149792943
1.6849999999999998 26.41466883039978
1.6949999999999998 29.339052938957167
1.7049999999999998 32.26294936533776
1.7149999999999999 35.125223596069496
1.7249999999999999 37.86092181048219
1.7349999999999999 40.40362438156038
1.7449999999999999 42.68807013921158
1.755 44.6529106513527
1.765 46.24343432580948
1.775 47.41409243923085
1.785 48.130664681960624
1.795 48.37192064265579
1.805 48.130664681960624
1.815 47.41409243923085
1.825 46.24343432580948
1.835 44.6529106513527
1.845 42.68807013921158
1.855 40.40362438156038
1.865 37.86092181048219
1.875 35.125223596069496
1.885 32.26294936533776
1.895 29.339052938957167
1.905 26.41466883039978
1.915 23.54514149792943
1.9249999999999998 20.77851444283874
1.9349999999999998 18.154518689947842
1.9449999999999998 15.704063387500492
1.9549999999999998 13.449198233220152
1.9649999999999999 11.403490506977686
1.9749999999999999 9.572740167357427
1.9849999999999999 7.955945361294072
1.9949999999999999 6.546427580872773
2.005 5.333029660839673
2.015 4.3013094231620315
2.025 3.4346653362974227
2.035 2.7153462931070202
2.045 2.1253138665130984
2.0549999999999997 1.6469407785064547
2.065 1.2635427645280197
2.0749999999999997 0.9597518604380945
2.085 0.7217470796589937
2.0949999999999998 0.5373634989673947
2.105 0.39610319563373814
2.1149999999999998 0.28907170523592157
2.125 0.2088622141969115
2.135 0.14940709661497717
2.145 0.1058131467752569
2.155 0.07419336846114089
2.165 0.0515047879030799
2.175 0.035398688532189776
2.185 0.02408706013253656
2.195 0.016226971615477072
2.205 0.0
2.215 0.0
2.225 0.0
2.235 0.0
2.245 0.0
2.255 0.0
2.265 0.0
2.275 0.0
2.285 0.0
2.295 0.0
2.305 0.0
2.315 0.0
2.3249999999999997 0.0
2.335 0.0
2.3449999999999998 0.0
2.355 0.0
2.3649999999999998 0.0
2.375 0.0
2.385 0.0
2.395 0.0
2.405 0.0
2.415 0.0
2.425 0.0
2.435 0.0
2.445 0.0
2.455 0.0
2.465 0.0
2.475 0.0
2.485 0.0
2.495 0.0
2.505 0.0
2.515 0.0
2.525 0.0
2.535 0.0
2.545 0.0
2.555 0.0
2.565 0.0
2.5749999999999997 0.0
2.585 0.0
2.5949999999999998 0.0
2.605 0.0
2.6149999999999998 0.0
2.625 0.0
2.635 0.0
2.645 0.0
2.655 0.0
2.665 0.0
2.675 0.0
2.685 0.0
2.695 0.0
2.705 0.0
2.715 0.0
2.725 0.0
2.735 0.0
2.745 0.0
2.755 0.0
2.765 0.0
2.775 0.0
2.785 0.0
2.795 0.0
2.805 0.0
2.815 0.0
2.8249999999999997 0.0
2.835 0.0
2.8449999999999998 0.0
2.855 0.0
2.8649999999999998 0.0
2.875 0.0
2.885 0.0
2.895 0.0
2.905 0.0
2.915 0.0
2.925 0.0
2.935 0.0
2.945 0.0
2.955 0.0
2.965 0.0
2.975 0.0
2.985 0.0
2.995 0.0
3.005 0.0
3.015 0.0
3.025 0.0
3.035 0.0
3.045 0.0
3.055 0.0
3.065 0.0
3.075 0.0
3.085 0.0
3.0949999999999998 0.0
3.105 0.0
3.1149999999999998 0.0
3.125 0.0
3.135 0.0
3.145 0.0
3.155 0.0
3.165 0.0
3.175 0.0
3.185 0.0
3.195 0.0
3.205 0.0
3.215 0.0
3.225 0.0
3.235 0.0
3.245 0.0
3.255 0.0
3.265 0.0
3.275 0.0
3.285 0.0
3.295 0.0
3.305 0.0
3.315 0.0
3.325 0.0
3.335 0.0
3.3449999999999998 0.0
3.355 0.003708065237017424
3.3649999999999998 0.0055041934167320734
3.375 0.008089041473211525
3.385 0.011769485896013334
3.395 0.016954109301921837
3.405 0.024179622696974625
3.415 0.0341413835094955
3.425 0.04772761881529212
3.435 0.06605648710005183
3.445 0.0905145164979568
3.455 0.12279425621614751
3.465 0.16492820221918392
3.475 0.21931526067741056
3.485 0.28873526814839967
3.495 0.37634649230429756
3.505 0.4856607044688304
3.515 0.6204904670154775
3.525 0.7848638326430446
3.535 0.9829028067362946
3.545 1.2186637384933283
3.555 1.495940284762292
3.565 1.8180326632041899
3.575 2.1907993964991026
3.585 2.610751477602797
3.5949999999999998 3.0805278314427604
3.605 3.599076943006029
3.6149999999999998 4.163663127207608
3.625 4.7697266988845195
3.635 5.410825049552549
3.645 6.078671773348158
3.655 6.763286144157343
3.665 7.453258561612297
3.675 8.136129410027795
3.685 8.79886967319189
3.695 9.431560234449087
3.705 10.01704324068351
3.715 10.546388972213196
3.725 11.010486985988594
3.735 11.402674604339706
3.745 11.719177865870263
3.755 11.95940839939382
3.765 12.126088536369792
3.775 12.225188110617779
3.785 12.265669400524798
3.795 12.259050478950305
3.805 12.218810663680342
3.815 12.159673621658683
3.825 12.096812909305292
3.835 12.045030495020747
3.8449999999999998 12.017960590634363
3.855 12.027348768064709
3.8649999999999998 12.082450092993726
3.875 12.189580466816103
3.885 12.351843428639759
3.895 12.57187570349825
3.905 12.841974449678693
3.915 13.157842153316698
3.925 13.510788963274985
3.935 13.890134992630811
3.945 14.28379044922701
3.955 14.678865662460838
3.965 15.06227519280958
3.975 15.42130528557119
3.985 15.744120766456891
3.995 16.020195142602397
4.005 16.240655227017722
4.015 16.39853821380525
4.025 16.488964170933563
4.035 16.509230043129598
4.045 16.458832439223375
4.055 16.339425987939425
4.065 16.15472240392537
4.075 15.910333291414176
4.085 15.61355785403321
4.095 15.273115733851471
4.1049999999999995 14.898825651998107
4.115 14.501232591077123
4.125 14.091189870915823
4.135 13.679407252277702
4.145 13.275981537388924
4.155 12.889931237086426
4.165 12.526287711467543
4.175 12.196449781205207
4.185 11.900256644141317
4.195 11.6388521566917
4.205 11.410930780819031
4.215 11.212828732917295
4.225 11.038753724572732
4.235 10.88114410967696
4.245 10.731137828474408
4.255 10.579122381818461
4.265 10.415330116787723
4.275 10.230439077639346
4.285 10.016138993722475
4.295 9.765624713421891
4.305 9.473985276264248
4.315 9.138465256603038
4.325 8.758585181931021
4.335 8.336118750451226
4.345 7.8749352320172
4.355 7.380724890630997
4.365 6.860632738026688
4.375 6.322830876615632
4.385 5.773854847513371
4.395 5.230001483873913
4.405 4.693176217173424
4.415 4.17299293270347
4.425 3.6766081376947413
4.435 3.2100461347171563
4.445 2.7803218982099813
4.455 2.3875905563461064
4.465 2.035804044592805
4.475 1.7263941692683284
4.485 1.4599381109484943
4.495 1.236371693010305
4.505 1.055312614265468
4.515 0.917674870877461
4.525 0.8214000323099353
4.535 0.7663371364510627
4.545 0.7527452475046246
4.555 0.7814189900195827
4.565 0.8537629162392604
4.575 0.97181095068539
4.585 1.138189019030551
4.595 1.3581163636667168
4.605 1.6318892295219245
4.615 1.9667333653569994
4.625 2.3631954909095847
4.635 2.82616684303952
4.645 3.3585849742638088
4.655 3.962532155337422
4.665 4.640993609311127
4.675 5.3904378447970025
4.685 6.2103039006713185
4.695 7.096957762200827
4.705 8.04309096792694
4.715 9.045939150840763
4.725 10.093909864248953
4.735 11.176754128644728
4.745 12.283023824373535
4.755 13.400435761242704
4.765 14.516290021150962
4.775 15.617919093860664
4.785 16.69314041971173
4.795 17.730682953375485
4.805 18.720558602596704
4.815 19.654352028994232
4.825 20.525407270109078
4.835 21.328896680588162
4.845 22.061766315814317
4.855 22.722561437859714
4.865 23.31114553088267
4.875 23.82833523169353
4.885 24.275481088672684
4.895 24.654029331205
4.905 24.966960093629247
4.915 25.21189223858458
4.925 25.389650531315226
4.935 25.49873769800498
4.945 25.536557193417195
4.955 25.49953753957191
4.965 25.383391899136676
4.975 25.183495863152665
4.985 24.895356072357533
4.995 24.51693038753786
5.005 24.04285080344472
5.015 23.473482465678913
5.025 22.810172178302903
5.035 22.056789144430496
5.045 21.21993334139352
5.055 20.308990376957418
5.065 19.33602460780005
5.075 18.315513678816203
5.085 17.26393842288988
5.095 16.199251417222406
5.105 15.14025477257908
5.115 14.10592250991616
5.125 13.114704975556382
5.135 12.183852222608419
5.145 11.32879041362164
5.155 10.562580509262748
5.165 9.89548233312101
5.175 9.334640116107233
5.185 8.883898380619948
5.195 8.543750017010098
5.205 8.30989532660603
5.215 8.180017444051959
5.225 8.143265028250001
5.235 8.188636609660616
5.245 8.303161104391629
5.255 8.4709111875728
5.265 8.679973190143489
5.275 8.912382692551848
5.285 9.1524760199365
5.295 9.385152656520885
5.305 9.596319742780931
5.315 9.7718305168246
5.325 9.904096764200842
5.335 9.982004810717445
5.345 9.998737125236712
5.355 9.94970207967949
5.365 9.832559225497137
5.375 9.647170208568287
5.385 9.395480613046574
5.395 9.081339892454572
5.405 8.708870558972375
5.415 8.288257754821709
5.425 7.824090143913937
5.435 7.328424876607125
5.445 6.808479058867004
5.455 6.27362341062419
5.465 5.733004949687589
5.475 5.193917034905789
5.485 4.667465188456184
5.495 4.158687068077373
5.505 3.6735856473128816
5.515 3.2170101899770307
5.525 2.7926256512789047
5.535 2.4029295769996635
5.545 2.0493113202096738
5.555 1.732146599572503
5.565 1.4509192029663949
5.575 1.2043610405330674
5.585 0.9906017632387714
5.595 0.8073197272692527
5.605 0.6518871011565202
5.615 0.5215032542135628
5.625 0.4133120920355454
5.635 0.3245005802177608
5.645 0.2523771987036038
5.655 0.1944303983308206
5.665 0.14836822006742612
5.675 0.11214104938575824
5.685 0.08395000589587576
5.695 0.062243729185979604
5.705 0.04570635165796903
5.715 0.03200019251427597
5.725 0.02312101441337666
5.735 0.01653934220499482
5.745 0.011713498782546336
5.755 0.00821319427337743
5.765 0.005701571957588811
5.775 0.003918629278706046
5.785 0.0026664337857454515
5.795 0.0017963232174355033
5.805 0.0
5.815 0.0
5.825 0.0
5.835 0.0
5.845 0.0
5.855 0.0
5.865 0.0
5.875 0.0
5.885 0.0
5.895 0.0
5.905 0.0
5.915 0.0
5.925 0.0
5.935 0.0
5.945 0.0
5.955 0.0
5.965 0.0
5.975 0.0
5.985 0.0
5.995 0.0
6.005 0.0
6.015 0.0
6.025 0.0
6.035 0.0
6.045 0.0
6.055 0.0
6.065 0.0
6.075 0.0
6.085 0.0
6.095 0.0
6.105 0.0
6.115 0.0
6.125 0.0
6.135 0.0
6.1450000000000005 0.0
6.155 0.0
6.165 0.0
6.175 0.0
6.185 0.0
6.195 0.0
6.205 0.0
6.215 0.0011948344222639223
6.225 0.0017735933271766891
6.235 0.002606498154031313
6.245 0.00379243243633375
6.255 0.006643566490863809
6.265 0.00954363612024407
6.275 0.013576495368588312
6.285 0.01912605237170515
6.295 0.0266826846746545
6.305 0.03686403692207794
6.315 0.05043686896267785
6.325 0.06833888302376682
6.335 0.09285168617061515
6.345 0.1247147015686925
6.355 0.16458216159010458
6.365 0.21516511466384083
6.375 0.2786779069715407
6.385 0.35759694515952256
6.3950000000000005 0.454638413403038
6.405 0.5727190037309323
6.415 0.7148977712001665
6.425 0.884298059339959
6.435 1.0840095384455202
6.445 1.318087603228036
6.455 1.5874981396210508
6.465 1.8952850554329361
6.475 2.243196665459247
6.485 2.6322886561013483
6.495 3.063892771701754
6.505 3.53563771528675
6.515 4.046596874621301
6.525 4.594056892403372
6.535 5.17424246946373
6.545 5.78235058371568
6.555 6.41262863209448
6.565 7.058494855910634
6.575 7.712696793576202
6.585 8.367501117273155
6.595 9.015974789269748
6.605 9.649522413587786
6.615 10.259442901299046
6.625 10.839146518973767
6.635 11.381986546633517
6.6450000000000005 11.882158541095237
6.655 12.334854567056437
6.665 12.736379811811204
6.675 13.08422822384109
6.685 13.377115700079216
6.695 13.614971099591962
6.705 13.799986683421336
6.715 13.932665288476462
6.725 14.016935345550493
6.735 14.056826071342273
6.745 14.057038729604116
6.755 14.023886032291292
6.765 13.961185022261557
6.775 13.875383108150057
6.785 13.772153901853219
6.795 13.65697938724059
6.805 13.535004962233685
6.815 13.41091551405868
6.825 13.288835187852358
6.835 13.172252226602879
6.845 13.063969027670494
6.855 12.967225695124949
6.865 12.882809253744837
6.875 12.810488042679504
6.885 12.751211193841064
6.8950000000000005 12.704599986454468
6.905 12.669791690564729
6.915 12.645525836091213
6.925 12.630238845349412
6.935 12.622163995014176
6.945 12.620613891497609
6.955 12.621930502254354
6.965 12.625198402922111
6.975 12.628918195261736
6.985 12.63306601042452
6.995 12.63495321894249
