0.005 0.0
0.015 0.0
0.025 0.0
0.034999999999999996 0.0
0.045 0.0
0.055 0.0
0.065 0.0
0.07500000000000001 0.0
0.085 0.0
0.095 0.0
0.10500000000000001 0.0
0.115 0.0
0.125 0.0
0.135 0.0
0.14500000000000002 0.0
0.155 0.0
0.165 0.0
0.17500000000000002 0.0
0.185 0.0
0.195 0.0
0.20500000000000002 0.0
0.215 0.0
0.225 0.0
0.23500000000000001 0.0
0.245 0.0
0.255 0.0
0.265 0.0
0.275 0.0
0.28500000000000003 0.0
0.295 0.0
0.305 0.0
0.315 0.0
0.325 0.0
0.335 0.0
0.34500000000000003 0.0
0.35500000000000004 0.0
0.365 0.0
0.375 0.0
0.385 0.0
0.395 0.0
0.405 0.0
0.41500000000000004 0.0
0.425 0.0
0.435 0.0
0.445 0.0
0.455 0.0
0.465 0.0
0.47500000000000003 0.0
0.485 0.0
0.495 0.0
0.505 0.0
0.515 0.0
0.525 0.0
0.535 0.0
0.545 0.0
0.555 0.0
0.5650000000000001 0.0
0.5750000000000001 0.0
0.585 0.0
0.595 0.0
0.605 0.0
0.615 0.0
0.625 0.0
0.635 0.0
0.645 0.0
0.655 0.0
0.665 0.0
0.675 0.0
0.685 0.0
0.6950000000000001 0.0
0.7050000000000001 0.0
0.715 0.0
0.725 0.0
0.735 0.0
0.745 0.0
0.755 0.0
0.765 0.0
0.775 0.0
0.785 0.0
0.795 0.0
0.805 0.0
0.8150000000000001 0.0
0.8250000000000001 0.0
0.8350000000000001 0.0
0.845 0.0
0.855 0.0
0.865 0.0
0.875 0.0
0.885 0.0
0.895 0.0
0.905 0.0
0.915 0.0
0.925 0.0
0.935 0.0
0.9450000000000001 0.0
0.9550000000000001 0.0
0.965 0.0
0.975 0.0
0.985 0.0
0.995 0.0
1.005 0.0
1.015 0.0
1.025 0.0
1.035 0.0
1.045 0.0
1.055 0.0
1.065 0.0
1.075 0.0
1.085 0.0
1.095 0.0
1.105 0.0
1.115 0.0
1.125 0.0
1.135 0.0
1.145 0.0
1.155 0.0
1.1649999999999998 0.0
1.1749999999999998 0.0
1.1849999999999998 0.0
1.1949999999999998 0.0
1.2049999999999998 0.0
1.2149999999999999 0.0
1.2249999999999999 0.0
1.2349999999999999 0.0
1.2449999999999999 0.0
1.255 0.0
1.265 0.0
1.275 0.0
1.285 0.0
1.295 0.0
1.305 0.0
1.315 0.0
1.325 0.0
1.335 0.0
1.345 0.0
1.355 0.0
1.365 0.0
1.375 0.0
1.385 0.0
1.395 0.0
1.405 0.0
1.4149999999999998 0.0
1.4249999999999998 0.0
1.4349999999999998 0.0
1.4449999999999998 0.0
1.4549999999999998 0.0
1.4649999999999999 0.0
1.4749999999999999 0.014871813550177212
1.4849999999999999 0.022075484924206475
1.4949999999999999 0.03244244879737193
1.505 0.047203484469366744
1.515 0.06799728061157677
1.525 0.09697640615198001
1.535 0.1369297079321925
1.545 0.19141956865512905
1.555 0.26493054925911513
1.565 0.36302355187925395
1.575 0.4924868271595228
1.585 0.6614720388637275
1.595 0.8796003999450768
1.605 1.1580209081535218
1.615 1.5094003222862977
1.625 1.9478231864436382
1.635 2.4885804173550476
1.645 3.1478271916093594
1.655 3.9420954986988415
1.665 4.887654003038118
1.6749999999999998 5.999717797596902
1.6849999999999998 7.291522955257485
1.6949999999999998 8.773294876380195
1.7049999999999998 10.451154328712493
1.7149999999999999 12.32601949787428
1.7249999999999999 14.392574795429898
1.7349999999999999 16.63838598155914
1.7449999999999999 19.043244788129684
1.755 21.578823373042056
1.765 24.20870875627238
1.775 26.888869678602802
1.785 29.568583646407337
1.795 32.19182165394284
1.805 34.69905434888967
1.815 37.029408986015184
1.825 39.12307453115475
1.835 40.92382592487303
1.845 42.38152068728348
1.855 43.45441399149064
1.865 44.111143357982236
1.875 44.332251384196155
1.885 44.111143357982236
1.895 43.45441399149064
1.905 42.38152068728348
1.915 40.92382592487303
1.9249999999999998 39.12307453115475
1.9349999999999998 37.029408986015184
1.9449999999999998 34.69905434888967
1.9549999999999998 32.19182165394284
1.9649999999999999 29.568583646407337
1.9749999999999999 26.888869678602802
1.9849999999999999 24.20870875627238
1.9949999999999999 21.578823373042056
2.005 19.043244788129684
2.015 16.63838598155914
2.025 14.392574795429898
2.035 12.32601949787428
2.045 10.451154328712493
2.0549999999999997 8.773294876380195
2.065 7.291522955257485
2.0749999999999997 5.999717797596902
2.085 4.887654003038118
2.0949999999999998 3.9420954986988415
2.105 3.1478271916093594
2.1149999999999998 2.4885804173550476
2.125 1.9478231864436382
2.135 1.5094003222862977
2.145 1.1580209081535218
2.155 0.8796003999450768
2.165 0.6614720388637275
2.175 0.4924868271595228
2.185 0.36302355187925395
2.195 0.26493054925911513
2.205 0.19141956865512905
2.215 0.1369297079321925
2.225 0.09697640615198001
2.235 0.06799728061157677
2.245 0.047203484469366744
2.255 0.03244244879737193
2.265 0.022075484924206475
2.275 0.014871813550177212
2.285 0.0
2.295 0.0
2.305 0.0
2.315 0.0
2.3249999999999997 0.0
2.335 0.0
2.3449999999999998 0.0
2.355 0.0
2.3649999999999998 0.0
2.375 0.0
2.385 0.0
2.395 0.0
2.405 0.0
2.415 0.0
2.425 0.0
2.435 0.0
2.445 0.0
2.455 0.0
2.465 0.0
2.475 0.0
2.485 0.0
2.495 0.0
2.505 0.0
2.515 0.0
2.525 0.0
2.535 0.0
2.545 0.0
2.555 0.0
2.565 0.0
2.5749999999999997 0.0
2.585 0.0
2.5949999999999998 0.0
2.605 0.0
2.6149999999999998 0.0
2.625 0.0
2.635 0.0
2.645 0.0
2.655 0.0
2.665 0.0
2.675 0.0
2.685 0.0
2.695 0.0
2.705 0.0
2.715 0.0
2.725 0.0
2.735 0.0
2.745 0.0
2.755 0.0
2.765 0.0
2.775 0.0
2.785 0.0
2.795 0.0
2.805 0.0
2.815 0.0
2.8249999999999997 0.0
2.835 0.0
2.8449999999999998 0.0
2.855 0.0
2.8649999999999998 0.0
2.875 0.0
2.885 0.0
2.895 0.0
2.905 0.0
2.915 0.0
2.925 0.0
2.935 0.0
2.945 0.0
2.955 0.0
2.965 0.0
2.975 0.0
2.985 0.0
2.995 0.0
3.005 0.0
3.015 0.0
3.025 0.0
3.035 0.0
3.045 0.0
3.055 0.004379969627639723
3.065 0.006501557671982165
3.075 0.009554782266420541
3.085 0.013902126166188127
3.0949999999999998 0.020026207485451752
3.105 0.028560989694378272
3.1149999999999998 0.040327829544194005
3.125 0.056375901568196544
3.135 0.07802597546517834
3.145 0.10691581937766285
3.155 0.1450446737846347
3.165 0.19481332454719527
3.175 0.25905536155496534
3.185 0.3410543299760342
3.195 0.44454077811410003
3.205 0.5776858747298873
3.215 0.7388956056985013
3.225 0.9358579851262695
3.235 1.1737748744144878
3.245 1.457880927784935
3.255 1.7932395198126818
3.265 2.184503297586544
3.275 2.6356474742223908
3.285 3.149687851515767
3.295 3.7283991610565432
3.305 4.372052212789587
3.315 5.079190093156686
3.325 5.846463858364433
3.335 6.668546519720947
3.3449999999999998 7.538140473977764
3.355 8.446087955123112
3.3649999999999998 9.381586872334172
3.375 10.332506084290674
3.385 11.285785479570642
3.395 12.231528373852097
3.405 13.150733299819256
3.415 14.033065737690922
3.425 14.866824558213205
3.435 15.64177107060916
3.445 16.34944239994134
3.455 16.98335087785547
3.465 17.53906020616985
3.475 18.01414067959198
3.485 18.40801711437509
3.495 18.721732994351125
3.505 18.957661511478467
3.515 19.119197732773156
3.525 19.210465581916097
3.535 19.236068701698574
3.545 19.20090610639705
3.555 19.110062854536263
3.565 18.968774135412104
3.575 18.782449708709244
3.585 18.556736085378386
3.5949999999999998 18.29758748607982
3.605 18.01131435863941
3.6149999999999998 17.70458045245987
3.625 17.38432593051821
3.635 17.057603984014648
3.645 16.73133067132954
3.655 16.41196069230058
3.665 16.108277948129178
3.675 15.819883457540975
3.685 15.551891785669417
3.695 15.305492142577444
3.705 15.079886185947732
3.715 14.872253627004039
3.725 14.677874132450945
3.735 14.490409221792763
3.745 14.3023324778381
3.755 14.105481687229524
3.765 13.891694042885192
3.775 13.653476541944903
3.785 13.384659075363265
3.795 13.080977826759387
3.805 12.740541379591729
3.815 12.364140814135686
3.825 11.95537712636891
3.835 11.5205933353183
3.8449999999999998 11.06861336777264
3.855 10.61030395187175
3.8649999999999998 10.15506685901087
3.875 9.722820337702219
3.885 9.322409290100296
3.895 8.966240904064756
3.905 8.665171606059975
3.915 8.427849483074402
3.925 8.260172245776122
3.935 8.164892783631029
3.945 8.141394876919591
3.955 8.18565126727378
3.965 8.290365631266488
3.975 8.445289586750919
3.985 8.637696175195249
3.995 8.852982745011294
4.005 9.07536920691551
4.015 9.285969302119991
4.025 9.475204109000387
4.035 9.6244111511323
4.045 9.720673387189064
4.055 9.753374667339578
4.065 9.714642692511667
4.075 9.59963626463856
4.085 9.406666408581643
4.095 9.137151262217714
4.1049999999999995 8.79541478508852
4.115 8.388348572518279
4.125 7.924963691018233
4.135 7.415864917736615
4.145 6.872682710365958
4.155 6.3074985221447095
4.165 5.7322968164338635
4.175 5.158472655830975
4.185 4.59641755113436
4.195 4.055198984863454
4.205 3.539920018657634
4.215 3.0621097319678445
4.225 2.622437249577542
4.235 2.2235480332824276
4.245 1.8665730075564972
4.255 1.551316822702951
4.265 1.2764772473453316
4.275 1.0398787640101037
4.285 0.8387053159345279
4.295 0.6697197975334279
4.305 0.5294609493491869
4.315 0.4144114878774564
4.325 0.3211342989008395
4.335 0.24637614485804893
4.345 0.18714045146181063
4.355 0.14073228705904614
4.365 0.10477963309177966
4.375 0.07723551671212933
4.385 0.056365620794933756
4.395 0.04072570282935603
4.405 0.02913264632731458
4.415 0.02063233307938314
4.425 0.014466844026697198
4.435 0.010042834672107294
4.445 0.006902332598809593
4.455 0.004696696608155649
4.465 0.0031640707553223226
4.475 0.0
4.485 0.0
4.495 0.0
4.505 0.0
4.515 0.0
4.525 0.0
4.535 0.0
4.545 0.0021381332422612223
4.555 0.0031738111828950332
4.565 0.004664278367932604
4.575 0.006786484980731333
4.585 0.00977602668083775
4.595 0.013942380127950394
4.605 0.019686500196840637
4.615 0.02752055366885357
4.625 0.03808928967205136
4.635 0.05219220382086656
4.645 0.07080524866538453
4.655 0.09510039581581428
4.665 0.12849891532535415
4.675 0.16951485255432386
4.685 0.22145364833415607
4.695 0.28650891441211207
4.705 0.36710360328884045
4.715 0.46585534453127786
4.725 0.5855231373766774
4.735 0.7289341272595129
4.745 0.8988903612401242
4.755 1.0980568618239965
4.765 1.328833999324451
4.775 1.5932188584662734
4.785 1.8926619300457939
4.795 2.2279268361490328
4.805 2.5989617369422064
4.815 3.0047914059880982
4.825 3.4434385790493858
4.835 3.911882022157799
4.845 4.407957390254573
4.855 4.923721226419323
4.865 5.454587454527398
4.875 5.99396863572209
4.885 6.534723739131757
4.895 7.069367552895113
4.905 7.590298779420232
4.915 8.090035201573457
4.925 8.561444255638976
4.935 8.997958261434452
4.945 9.39376529107938
4.955 9.743968953299731
4.965 10.044712909756658
4.975 10.293268383827161
4.985 10.488084963835878
4.995 10.628806417895667
5.005 10.716253922329901
5.015 10.752379094752804
5.025 10.74018868484426
5.035 10.683641985160005
5.045 10.587521313692314
5.055 10.457275620242035
5.065 10.298837646377681
5.075 10.11841627105793
5.085 9.922267691934278
5.095 9.71645174860794
5.105 9.506582658700804
5.115 9.297586270117414
5.125 9.093478145521953
5.135 8.897177927035088
5.145 8.710375121084704
5.155 8.533459499995045
5.165 8.365525748257172
5.175 8.204457015239607
5.185 8.047086099405394
5.195 7.889426660858989
5.205 7.7269608003637495
5.215 7.554964214679051
5.225 7.368846517171752
5.235 7.164482619264049
5.245 6.93851151289791
5.255 6.688581352277021
5.265 6.413524149731533
5.275 6.113449223648802
5.285 5.789751173851066
5.295 5.445034951283519
5.305 5.082966883334956
5.315 4.708065744204207
5.325 4.325451692568115
5.335 3.9405728864334875
5.345 3.5589297711743795
5.355 3.184389464496696
5.365 2.825146766299568
5.375 2.4833720174324614
5.385 2.1626015028626853
5.395 1.8655251116221057
5.405 1.5939632898939566
5.415 1.3488905059691023
5.425 1.1320387813615558
5.435 0.9405731775961945
5.445 0.7745387781739154
5.455 0.632531791805416
5.465 0.5128618435459347
5.475 0.41232322946912836
5.485 0.3337243605896303
5.495 0.27099558505267113
5.505 0.2236365179891868
5.515 0.19039417816613294
5.525 0.17033832777255475
5.535 0.16291334493841
5.545 0.167974421738171
5.555 0.1858088122100622
5.565 0.21714244032296565
5.575 0.2631316267812142
5.585 0.32533912454824043
5.595 0.4056931857876369
5.605 0.5064281290517074
5.615 0.6300049288971616
5.625 0.7790107782486979
5.635 0.9560374101362359
5.645 1.1635392026509466
5.655 1.4024060627509036
5.665 1.677291778994254
5.675 1.987396492018442
5.685 2.3329763509249974
5.695 2.7132811281993825
5.705 3.1264136934565174
5.715 3.5692225331154965
5.725 4.037238669445792
5.735 4.5246670371705235
5.745 5.024440133574041
5.755 5.528338632020704
5.765 6.027179792558508
5.775 6.511070156058954
5.785 6.969714480173352
5.795 7.39276852316104
5.805 7.770219477847567
5.815 8.092774955098909
5.825 8.352239710667622
5.835 8.5418590088578
5.845 8.656608715208947
5.855 8.694751201303191
5.865 8.65327311541499
5.875 8.534289393547398
5.885 8.341130881535047
5.895 8.079101005784542
5.905 7.755259783178325
5.915 7.378140107455744
5.925 6.9574136764654835
5.935 6.503526288662417
5.945 6.027323087419401
5.955 5.5396836516085886
5.965 5.051184737214378
5.975 4.571805202984115
5.985 4.110683532203494
5.995 3.675933781576143
6.005 3.274521158338545
6.015 2.9121941440102885
6.025 2.593466492937093
6.035 2.3229024153856925
6.045 2.100730046424203
6.055 1.928921877863326
6.065 1.8076257005938356
6.075 1.7360933321876848
6.085 1.7127623174375726
6.095 1.7353296209604159
6.105 1.800817116642433
6.115 1.9056313238955755
6.125 2.045621907648926
6.135 2.2161447061623756
6.1450000000000005 2.4121353239075844
6.155 2.628198576647615
6.165 2.8587173665280923
6.175 3.0979820715364483
6.185 3.340338528447396
6.195 3.5803495162859256
6.205 3.8129616918042473
6.215 4.033667570694263
6.225 4.238650724006594
6.235 4.423874370597781
6.245 4.589617930564106
6.255 4.733177165486392
6.265 4.854260641980629
6.275 4.953372546702324
6.285 5.0316850221484035
6.295 5.089861019731183
6.305 5.132223941010092
6.315 5.159364736747799
6.325 5.173244133786203
6.335 5.175498291668909
6.345 5.167290687346146
6.355 5.150359384685901
6.365 5.122948295563958
6.375 5.08528160232081
6.385 5.03633267960663
6.3950000000000005 4.974726227503263
6.405 4.898916447089945
6.415 4.807389925597884
6.425 4.698875761175605
6.435 4.5725451844009495
6.445 4.42818424899407
6.455 4.266325865182341
6.465 4.088331201129634
6.475 3.8964148584871117
6.485 3.6947157398643475
6.495 3.485333352314453
6.505 3.2734441561020704
6.515 3.063943838587301
6.525 2.863082980386008
6.535 2.6744309910259743
6.545 2.503860860157384
6.555 2.356203806052841
6.565 2.2358060642571678
6.575 2.1463846658409924
6.585 2.0909141507977487
6.595 2.071546978568317
6.605 2.089568614615594
6.615 2.1453867632691264
6.625 2.238552969595943
6.635 2.36781377102599
6.6450000000000005 2.5311876695023248
6.655 2.726063352739515
6.665 2.948422487461888
6.675 3.1979217393951616
6.685 3.467831683445998
6.695 3.7550507560984943
6.705 4.055733084575241
6.715 4.367220644775609
6.725 4.68424439003022
6.735 5.004225349775899
6.745 5.324110202821942
6.755 5.641108026509068
6.765 5.952668109496763
6.775 6.2564406786465465
6.785 6.550228813256226
6.795 6.831941088720461
6.805 7.099554703680365
6.815 7.351097855405895
6.825 7.584657936620486
6.835 7.798418891733885
6.845 7.991030790868422
6.855 8.16132566616055
6.865 8.307870926396376
6.875 8.430208116211755
6.885 8.528459508688426
6.8950000000000005 8.603407109966884
6.905 8.656532396269967
6.915 8.690006403150186
6.925 8.706624179410992
6.935 8.709683047337307
6.945 8.702809994470929
6.955 8.689749196849728
6.965 8.674125474309509
6.975 8.659202820117757
6.985 8.647658598650091
6.995 8.641393344600868
