0.005 0.0
0.015 0.0
0.025 0.0
0.034999999999999996 0.0
0.045 0.0
0.055 0.0
0.065 0.0
0.07500000000000001 0.0
0.085 0.0
0.095 0.0
0.10500000000000001 0.0
0.115 0.0
0.125 0.0
0.135 0.0
0.14500000000000002 0.0
0.155 0.0
0.165 0.0
0.17500000000000002 0.0
0.185 0.0
0.195 0.0
0.20500000000000002 0.0
0.215 0.0
0.225 0.0
0.23500000000000001 0.0
0.245 0.0
0.255 0.0
0.265 0.0
0.275 0.0
0.28500000000000003 0.0
0.295 0.0
0.305 0.0
0.315 0.0
0.325 0.0
0.335 0.0
0.34500000000000003 0.0
0.35500000000000004 0.0
0.365 0.0
0.375 0.0
0.385 0.0
0.395 0.0
0.405 0.0
0.41500000000000004 0.0
0.425 0.0
0.435 0.0
0.445 0.0
0.455 0.0
0.465 0.0
0.47500000000000003 0.0
0.485 0.0
0.495 0.0
0.505 0.0
0.515 0.0
0.525 0.0
0.535 0.0
0.545 0.0
0.555 0.0
0.5650000000000001 0.0
0.5750000000000001 0.0
0.585 0.0
0.595 0.0
0.605 0.0
0.615 0.0
0.625 0.0
0.635 0.0
0.645 0.0
0.655 0.0
0.665 0.0
0.675 0.0
0.685 0.0
0.6950000000000001 0.0
0.7050000000000001 0.0
0.715 0.0
0.725 0.0
0.735 0.0
0.745 0.0
0.755 0.0
0.765 0.0
0.775 0.0
0.785 0.0
0.795 0.0
0.805 0.0
0.8150000000000001 0.0
0.8250000000000001 0.0
0.8350000000000001 0.0
0.845 0.0
0.855 0.0
0.865 0.0
0.875 0.0
0.885 0.0
0.895 0.0
0.905 0.0
0.915 0.0
0.925 0.0
0.935 0.0
0.9450000000000001 0.0
0.9550000000000001 0.0
0.965 0.0
0.975 0.0
0.985 0.0
0.995 0.0
1.005 0.0
1.015 0.0
1.025 0.0
1.035 0.0
1.045 0.0
1.055 0.0
1.065 0.0
1.075 0.0
1.085 0.0
1.095 0.0
1.105 0.0
1.115 0.0
1.125 0.0
1.135 0.0
1.145 0.0
1.155 0.0
1.1649999999999998 0.0
1.1749999999999998 0.0
1.1849999999999998 0.0
1.1949999999999998 0.0
1.2049999999999998 0.0
1.2149999999999999 0.0
1.2249999999999999 0.0
1.2349999999999999 0.0
1.2449999999999999 0.0
1.255 0.0
1.265 0.0
1.275 0.0
1.285 0.0
1.295 0.0
1.305 0.0
1.315 0.0
1.325 0.0
1.335 0.0
1.345 0.0
1.355 0.0
1.365 0.0
1.375 0.0
1.385 0.0
1.395 0.0
1.405 0.0
1.4149999999999998 0.0
1.4249999999999998 0.0
1.4349999999999998 0.0
1.4449999999999998 0.0
1.4549999999999998 0.0
1.4649999999999999 0.0
1.4749999999999999 0.0
1.4849999999999999 0.0
1.4949999999999999 0.0
1.505 0.0
1.515 0.0
1.525 0.0
1.535 0.0
1.545 0.0
1.555 0.0
1.565 0.0
1.575 0.0
1.585 0.0
1.595 0.0
1.605 0.0
1.615 0.0
1.625 0.0
1.635 0.0
1.645 0.0
1.655 0.0
1.665 0.0
1.6749999999999998 0.0
1.6849999999999998 0.0
1.6949999999999998 0.0
1.7049999999999998 0.0
1.7149999999999999 0.0
1.7249999999999999 0.0
1.7349999999999999 0.0
1.7449999999999999 0.0
1.755 0.0
1.765 0.0
1.775 0.0
1.785 0.0
1.795 0.0
1.805 0.0
1.815 0.0
1.825 0.0
1.835 0.0
1.845 0.0
1.855 0.01028190771167404
1.865 0.01526230125971677
1.875 0.022429696509428998
1.885 0.03263501585371102
1.895 0.04701119749344248
1.905 0.06704646039975372
1.915 0.09466892623384911
1.9249999999999998 0.13234151520794432
1.9349999999999998 0.18316471278332266
1.9449999999999998 0.250983153130112
1.9549999999999998 0.34049002086964963
1.9649999999999999 0.4573211218996669
1.9749999999999999 0.6081282625600889
1.9849999999999999 0.8006195119143079
1.9949999999999999 1.0435522716416679
2.005 1.346664155928293
2.015 1.720526827343056
2.025 2.1763094707464132
2.035 2.7254417876792276
2.045 3.379171424942541
2.0549999999999997 4.148017622924307
2.065 5.041131389292927
2.0749999999999997 6.065582246703797
2.085 7.225601902936985
2.0949999999999998 8.521825162871812
2.105 9.950576994573249
2.1149999999999998 11.503260752725321
2.125 13.165905071478921
2.135 14.918924964971023
2.145 16.73714563532985
2.155 18.590125244229547
2.165 20.442795842720326
2.175 22.256420725000694
2.185 23.989843154898487
2.195 25.600977616311273
2.205 27.04847262703108
2.215 28.293455935852833
2.225 29.301260597222885
2.235 30.043025540759277
2.245 30.49706772700847
2.255 30.649934915140665
2.265 30.49706772700847
2.275 30.043025540759277
2.285 29.301260597222885
2.295 28.293455935852833
2.305 27.04847262703108
2.315 25.600977616311273
2.3249999999999997 23.989843154898487
2.335 22.256420725000694
2.3449999999999998 20.442795842720326
2.355 18.590125244229547
2.3649999999999998 16.73714563532985
2.375 14.918924964971023
2.385 13.165905071478921
2.395 11.503260752725321
2.405 9.950576994573249
2.415 8.521825162871812
2.425 7.225601902936985
2.435 6.065582246703797
2.445 5.041131389292927
2.455 4.148017622924307
2.465 3.379171424942541
2.475 2.7254417876792276
2.485 2.1763094707464132
2.495 1.720526827343056
2.505 1.346664155928293
2.515 1.0435522716416679
2.525 0.8006195119143079
2.535 0.6081282625600889
2.545 0.4573211218996669
2.555 0.34049002086964963
2.565 0.250983153130112
2.5749999999999997 0.18316471278332266
2.585 0.13234151520794432
2.5949999999999998 0.09466892623384911
2.605 0.06704646039975372
2.6149999999999998 0.04701119749344248
2.625 0.03263501585371102
2.635 0.022429696509428998
2.645 0.01526230125971677
2.655 0.01028190771167404
2.665 0.0
2.675 0.0
2.685 0.0
2.695 0.0
2.705 0.0
2.715 0.0
2.725 0.0
2.735 0.0
2.745 0.0
2.755 0.0
2.765 0.0
2.775 0.0
2.785 0.0
2.795 0.0
2.805 0.0
2.815 0.0
2.8249999999999997 0.0
2.835 0.0
2.8449999999999998 0.0
2.855 0.0
2.8649999999999998 0.0
2.875 0.0
2.885 0.0
2.895 0.0
2.905 0.0
2.915 0.0
2.925 0.0
2.935 0.0
2.945 0.0
2.955 0.0
2.965 0.0
2.975 0.0
2.985 0.0
2.995 0.0
3.005 0.0
3.015 0.0
3.025 0.00445703500897533
3.035 0.00661595230570403
3.045 0.009722898258434209
3.055 0.014146733491228034
3.065 0.02037856776366765
3.075 0.02906351910650702
3.085 0.04103739600845631
3.0949999999999998 0.05736783318458834
3.105 0.07939883922098182
3.1149999999999998 0.10879699872172795
3.125 0.14759672871793228
3.135 0.19824105679692258
3.145 0.26361342974322005
3.155 0.34705516656400986
3.165 0.45236245440345174
3.175 0.583756386131517
3.185 0.7458196006410877
3.195 0.9433937527437752
3.205 1.1814334268745208
3.215 1.4648142897837582
3.225 1.798096256225799
3.235 2.1852461349572674
3.245 2.6293284457983583
3.255 3.132177563288546
3.265 3.694068664724723
3.275 4.313408685234801
3.285 4.986471122869192
3.295 5.707199624229394
3.305 6.467104425539111
3.315 7.255272673016256
3.325 8.058508338942955
3.335 8.861610054026164
3.3449999999999998 9.647786104244403
3.355 10.399195732890025
3.3649999999999998 11.09759557269118
3.375 11.725060447791183
3.385 12.264739887503353
3.395 12.701606350799347
3.405 13.023149046423683
3.415 13.219968739462422
3.425 13.286234108529607
3.435 13.219968739462422
3.445 13.023149046423683
3.455 12.701606350799347
3.465 12.264739887503353
3.475 11.725060447791183
3.485 11.09759557269118
3.495 10.399195732890025
3.505 9.647786104244403
3.515 8.861610054026164
3.525 8.058508338942955
3.535 7.255272673016256
3.545 6.467104425539111
3.555 5.707199624229394
3.565 4.986471122869192
3.575 4.316717656612159
3.585 3.6989804495254823
3.5949999999999998 3.139395992575579
3.605 2.63983119843802
3.6149999999999998 2.200375497258826
3.625 1.8196734600518973
3.635 1.4952810840808235
3.645 1.2240241890306538
3.655 1.0023406728035407
3.665 0.8265921667052191
3.675 0.6933344688110897
3.685 0.59953966558469
3.695 0.5427658333976356
3.705 0.5212725260284856
3.715 0.5340819040861989
3.725 0.5809864528661766
3.735 0.6625049472175114
3.745 0.7797888785903987
3.755 0.9344821896814234
3.765 1.1285380659107884
3.775 1.3639978495758667
3.785 1.6427389258253935
3.795 1.966200632843267
3.805 2.3350997204849517
3.815 2.74914937485062
3.825 3.2067980194404315
3.835 3.7020328954938146
3.8449999999999998 4.237112825771276
3.855 4.801277843992331
3.8649999999999998 5.38642607957766
3.875 5.982760598483592
3.885 6.5789956702220245
3.895 7.162664867905589
3.905 7.720522939213597
3.915 8.239025727546961
3.925 8.704865306509678
3.935 9.105531627361955
3.945 9.42986801239435
3.955 9.668586257657568
3.965 9.814708226512199
3.975 9.863904656226525
3.985 9.814708226512199
3.995 9.668586257657568
4.005 9.42986801239435
4.015 9.105531627361955
4.025 8.704865306509678
4.035 8.239025727546961
4.045 7.720522939213597
4.055 7.162664867905589
4.065 6.5789956702220245
4.075 5.985371444421587
4.085 5.39030157801295
4.095 4.8069733319955565
4.1049999999999995 4.24539971191803
4.115 3.7139702710721516
4.125 3.2193658385441726
4.135 2.7665723449358834
4.145 2.361512845839248
4.155 2.0023212626119706
4.165 1.6916129614032376
4.175 1.4294272640410883
4.185 1.2151989921721214
4.195 1.0480385410014508
4.205 0.9269924760463456
4.215 0.8512710452944031
4.225 0.8204317547710684
4.235 0.8345109211201364
4.245 0.8940977681699684
4.255 1.0003481292210046
4.265 1.154937169140919
4.275 1.3599528070598894
4.285 1.617733772027784
4.295 1.9306585172281778
4.305 2.3008935723181363
4.315 2.730112292381429
4.325 3.219197267361585
4.335 3.7679417292866306
4.345 4.37476693110665
4.355 5.03647344134542
4.365 5.748044378588557
4.375 6.502517611425276
4.385 7.288734745773459
4.395 8.100969982469
4.405 8.923347384779284
4.415 9.743996225601082
4.425 10.54417721067254
4.435 11.309464976207874
4.445 12.023749602591002
4.455 12.671318503748058
4.465 13.237456589531996
4.475 13.709039543732002
4.485 14.07508984643384
4.495 14.327266000447821
4.505 14.460258154111662
4.515 14.472067783186702
4.525 14.364155002023644
4.535 14.14144400797677
4.545 13.812184639917664
4.555 13.387675539466695
4.565 12.883982388812726
4.575 12.316084019442469
4.585 11.699947150932054
4.595 11.055801974667958
4.605 10.402787738859939
4.615 9.759712914866673
4.625 9.144440512292377
4.635 8.573332949450553
4.645 8.060778198113645
4.655 7.6208604449640145
4.665 7.259901838410567
4.675 6.986053004131992
4.685 6.803350932802985
4.695 6.71317955672167
4.705 6.714471646465988
4.715 6.8040020400443115
4.725 6.976753023867094
4.735 7.2263289195206655
4.745 7.545394140996175
4.755 7.9261074384424
4.765 8.360524994842558
4.775 8.840946703066132
4.785 9.36018344130078
4.795 9.911728465044533
4.805 10.489822949447307
4.815 11.089413861308358
4.825 11.70601114671658
4.835 12.335459972509108
4.845 12.973651657980707
4.855 13.616203178256995
4.865 14.258139007725678
4.875 14.893610083145134
4.885 15.513941173589238
4.895 16.11507384388041
4.905 16.685153277654152
4.915 17.21384464255614
4.925 17.68998326186884
4.935 18.10194696260018
4.945 18.43811758725545
4.955 18.68571317017926
4.965 18.838657201471438
4.975 18.88607014961676
4.985 18.821651149290236
4.995 18.641542909372358
5.005 18.34461381352839
5.015 17.932608396515693
5.025 17.410157984808063
5.035 16.78642300109291
5.045 16.068615001179904
5.055 15.270056196475585
5.065 14.404615131546183
5.075 13.487390643342987
5.085 12.534189472231384
5.095 11.561006922956159
5.105 10.583536859615956
5.115 9.616733238302539
5.125 8.674440238131927
5.135 7.769102303809412
5.145 6.911559500824565
5.155 6.110927903834254
5.165 5.3745596245933935
5.175 4.708072802972708
5.185 4.115438625788453
5.195 3.5991103246538607
5.205 3.16017818854913
5.215 2.798534896509853
5.225 2.511532724983172
5.235 2.3006563447173463
5.245 2.160918963624897
5.255 2.0905233323760806
5.265 2.0829239192632043
5.275 2.134643963462329
5.285 2.2405636456968265
5.295 2.396631042947633
5.305 2.594202654057
5.315 2.8277355987146047
5.325 3.090172406570647
5.335 3.3741017893492415
5.345 3.6718858066756517
5.355 3.975831341083826
5.365 4.278403777199951
5.375 4.5710610586022
5.385 4.849255259707246
5.395 5.108738667913794
5.405 5.343246126663235
5.415 5.550043149147103
5.425 5.72799795537796
5.435 5.877689142453723
5.445 6.001421604950581
5.455 6.103141049105061
5.465 6.186879285976326
5.475 6.262386180557531
5.485 6.335020291723559
5.495 6.412499570095234
5.505 6.5023660561830425
5.515 6.611479637948515
5.525 6.745526992842924
5.535 6.90857834075998
5.545 7.102722740585566
5.555 7.327808534704338
5.565 7.581309419781463
5.575 7.858328888087112
5.585 8.151746958560626
5.595 8.452503810254669
5.605 8.75000580276802
5.615 9.032631082085057
5.625 9.28830514293343
5.635 9.505111872394277
5.645 9.671903116977305
5.655 9.77886990503862
5.665 9.818041129118335
5.675 9.783680554849857
5.685 9.673972124863237
5.695 9.486191746830972
5.705 9.223422372422558
5.715 8.890331865638501
5.725 8.493858523973095
5.735 8.042854770936927
5.745 7.547657405150235
5.755 7.019614160874242
5.765 6.470597117106947
5.775 5.912531955569625
5.785 5.356968474134818
5.795 4.814712537467244
5.805 4.295533332558721
5.815 3.8079529940782546
5.825 3.3591189738504834
5.835 2.9547534968885234
5.845 2.597988985291374
5.855 2.2945595567785295
5.865 2.0444885934467667
5.875 1.8484418368820785
5.885 1.7060917098219603
5.895 1.6162429648818895
5.905 1.578255838738998
5.915 1.5875073434829792
5.925 1.6417122750001032
5.935 1.7371629174053713
5.945 1.869639054261325
5.955 2.034435493810992
5.965 2.226394024439644
5.975 2.439949504668989
5.985 2.6691985838696946
5.995 2.907997234984529
6.005 3.150090070155753
6.015 3.3892706037310276
6.025 3.619567589502204
6.035 3.835448690362404
6.045 4.032029439137251
6.055 4.205273082038564
6.065 4.351075282173516
6.075 4.470131583548144
6.085 4.561487245559375
6.095 4.623937214104914
6.105 4.659184582737539
6.115 4.672793478935497
6.125 4.667170917497139
6.135 4.647001701007743
6.1450000000000005 4.617361055998131
6.155 4.5834151019182405
6.165 4.550117975500283
6.175 4.5219270867826085
6.185 4.50255682572096
6.195 4.494788185228437
6.205 4.500347430785412
6.215 4.521056312481549
6.225 4.5546650884408075
6.235 4.600646447687446
6.245 4.656912852283876
6.255 4.720837556890066
6.265 4.789507838438747
6.275 4.85998612563979
6.285 4.92955761209126
6.295 4.995944602485616
6.305 5.057471190678132
6.315 5.113166582544451
6.325 5.162801008047165
6.335 5.206854181700693
6.345 5.2464221004840805
6.355 5.283073068191909
6.365 5.318667739584287
6.375 5.355160348955817
6.385 5.394398951919918
6.3950000000000005 5.437941473507857
6.405 5.48690180563852
6.415 5.5418364729760485
6.425 5.6026779416552195
6.435 5.668715991987257
6.445 5.738624222398046
6.455 5.810525142262131
6.465 5.882084775984129
6.475 5.950626419407808
6.485 6.013253176739707
6.495 6.066028221183638
6.505 6.108176147326889
6.515 6.1354696001650595
6.525 6.145284631529279
6.535 6.135263856776882
6.545 6.1033774981391336
6.555 6.047973036057231
6.565 5.967816347122058
6.575 5.862126599894003
6.585 5.730606036878973
6.595 5.573464357445777
6.605 5.391436026578301
6.615 5.185787744089282
6.625 4.9583127343473405
6.635 4.711308583115077
6.6450000000000005 4.447536075196266
6.655 4.17015778914186
6.665 3.882656910738974
6.675 3.588738604675033
6.685 3.2922180808802954
6.695 2.9969009710769736
6.705 2.7064626023895153
6.715 2.4234558815805727
6.725 2.153015676749771
6.735 1.8965199269447388
6.745 1.6561556989886324
6.755 1.4335702386289957
6.765 1.2298620612032207
6.775 1.0455958581443212
6.785 0.8808386164181887
6.795 0.7352131108983135
6.805 0.6079641291275028
6.815 0.498032447049506
6.825 0.4041316662979447
6.835 0.32482348182172643
6.845 0.2585876797769571
6.855 0.2038840642680172
6.865 0.1592044733267434
6.875 0.12311397710678791
6.885 0.09428118174921583
6.8950000000000005 0.0706690432976123
6.905 0.05314412789891808
6.915 0.0395674819090728
6.925 0.029166115780995438
6.935 0.021285106802613623
6.945 0.015379071890081284
6.955 0.011001235855729194
6.965 0.007791299146327167
6.975 0.005463052049498228
6.985 0.004987266858597673
6.995 0.004380091481208002
