0.005 0.0
0.015 0.0
0.025 0.0
0.034999999999999996 0.0
0.045 0.0
0.055 0.0
0.065 0.0
0.07500000000000001 0.0
0.085 0.0
0.095 0.0
0.10500000000000001 0.0
0.115 0.0
0.125 0.0
0.135 0.0
0.14500000000000002 0.0
0.155 0.0
0.165 0.0
0.17500000000000002 0.0
0.185 0.0
0.195 0.0
0.20500000000000002 0.0
0.215 0.0
0.225 0.0
0.23500000000000001 0.0
0.245 0.0
0.255 0.0
0.265 0.0
0.275 0.0
0.28500000000000003 0.0
0.295 0.0
0.305 0.0
0.315 0.0
0.325 0.0
0.335 0.0
0.34500000000000003 0.0
0.35500000000000004 0.0
0.365 0.0
0.375 0.0
0.385 0.0
0.395 0.0
0.405 0.0
0.41500000000000004 0.0
0.425 0.0
0.435 0.0
0.445 0.0
0.455 0.0
0.465 0.0
0.47500000000000003 0.0
0.485 0.0
0.495 0.0
0.505 0.0
0.515 0.0
0.525 0.0
0.535 0.0
0.545 0.0
0.555 0.0
0.5650000000000001 0.0
0.5750000000000001 0.0
0.585 0.0
0.595 0.0
0.605 0.0
0.615 0.0
0.625 0.0
0.635 0.0
0.645 0.0
0.655 0.0
0.665 0.0
0.675 0.0
0.685 0.0
0.6950000000000001 0.0
0.7050000000000001 0.0
0.715 0.0
0.725 0.0
0.735 0.0
0.745 0.0
0.755 0.0
0.765 0.0
0.775 0.0
0.785 0.0
0.795 0.0
0.805 0.0
0.8150000000000001 0.0
0.8250000000000001 0.0
0.8350000000000001 0.0
0.845 0.0
0.855 0.0
0.865 0.0
0.875 0.0
0.885 0.0
0.895 0.0
0.905 0.0
0.915 0.0
0.925 0.0
0.935 0.0
0.9450000000000001 0.0
0.9550000000000001 0.0
0.965 0.0
0.975 0.0
0.985 0.0
0.995 0.0
1.005 0.0
1.015 0.0
1.025 0.0
1.035 0.0
1.045 0.0
1.055 0.0
1.065 0.0
1.075 0.0
1.085 0.0
1.095 0.0
1.105 0.0
1.115 0.0
1.125 0.0
1.135 0.0
1.145 0.0
1.155 0.0
1.1649999999999998 0.0
1.1749999999999998 0.0
1.1849999999999998 0.0
1.1949999999999998 0.0
1.2049999999999998 0.0
1.2149999999999999 0.0
1.2249999999999999 0.0
1.2349999999999999 0.0
1.2449999999999999 0.0
1.255 0.0
1.265 0.018859827856285222
1.275 0.02799523031335964
1.285 0.04114219140055661
1.295 0.05986153526638865
1.305 0.08623138010055117
1.315 0.12298152609139913
1.325 0.17364867514640073
1.335 0.24275049582753044
1.345 0.33597412555232475
1.355 0.46037167377870825
1.365 0.6245517233240202
1.375 0.8388518819594302
1.385 1.115473379847887
1.395 1.4685549215680056
1.405 1.9141599744035116
1.4149999999999998 2.4701499831787648
1.4249999999999998 3.155916265321882
1.4349999999999998 3.991946157392408
1.4449999999999998 4.999204854717337
1.4549999999999998 6.198323614491781
1.4649999999999999 7.608597597541824
1.4749999999999999 9.246812252071948
1.4849999999999999 11.12593501409167
1.4949999999999999 13.253727991811665
1.505 15.63135559081522
1.515 18.252076798480495
1.525 21.100123018614322
1.535 24.149866949141984
1.545 27.36538437518992
1.555 30.70049783947172
1.565 34.09936869350365
1.575 37.497672738021095
1.585 40.82435627135484
1.595 44.003926594960994
1.605 46.9591873741522
1.615 49.61428869294848
1.625 51.89792822237815
1.635 53.746517312963014
1.645 55.10711687650897
1.655 55.939954294649624
1.665 56.22035448242549
1.6749999999999998 55.939954294649624
1.6849999999999998 55.10711687650897
1.6949999999999998 53.746517312963014
1.7049999999999998 51.89792822237815
1.7149999999999999 49.61428869294848
1.7249999999999999 46.9591873741522
1.7349999999999999 44.003926594960994
1.7449999999999999 40.82435627135484
1.755 37.497672738021095
1.765 34.09936869350365
1.775 30.70049783947172
1.785 27.36538437518992
1.795 24.149866949141984
1.805 21.100123018614322
1.815 18.252076798480495
1.825 15.63135559081522
1.835 13.253727991811665
1.845 11.12593501409167
1.855 9.246812252071948
1.865 7.608597597541824
1.875 6.198323614491781
1.885 4.999204854717337
1.895 3.991946157392408
1.905 3.155916265321882
1.915 2.4701499831787648
1.9249999999999998 1.9141599744035116
1.9349999999999998 1.4685549215680056
1.9449999999999998 1.115473379847887
1.9549999999999998 0.8388518819594302
1.9649999999999999 0.6245517233240202
1.9749999999999999 0.46037167377870825
1.9849999999999999 0.33597412555232475
1.9949999999999999 0.24275049582753044
2.005 0.17364867514640073
2.015 0.12298152609139913
2.025 0.08623138010055117
2.035 0.05986153526638865
2.045 0.04114219140055661
2.0549999999999997 0.02799523031335964
2.065 0.018859827856285222
2.0749999999999997 0.0
2.085 0.0
2.0949999999999998 0.0
2.105 0.0
2.1149999999999998 0.0
2.125 0.0
2.135 0.0
2.145 0.0
2.155 0.0
2.165 0.0
2.175 0.0
2.185 0.0
2.195 0.0
2.205 0.0
2.215 0.0
2.225 0.0
2.235 0.0
2.245 0.0
2.255 0.0
2.265 0.0
2.275 0.0
2.285 0.0
2.295 0.0
2.305 0.0
2.315 0.0
2.3249999999999997 0.0
2.335 0.0
2.3449999999999998 0.0
2.355 0.0
2.3649999999999998 0.0
2.375 0.0
2.385 0.0
2.395 0.0
2.405 0.0
2.415 0.0
2.425 0.0
2.435 0.0
2.445 0.0
2.455 0.0
2.465 0.0
2.475 0.0
2.485 0.0
2.495 0.0
2.505 0.0
2.515 0.0
2.525 0.0
2.535 0.0
2.545 0.0
2.555 0.0
2.565 0.0
2.5749999999999997 0.0
2.585 0.0
2.5949999999999998 0.0
2.605 0.0
2.6149999999999998 0.005751650318193772
2.625 0.008537658804032075
2.635 0.012547065649983619
2.645 0.018255872799377106
2.655 0.026297840498492965
2.665 0.037505471368330726
2.675 0.05295734750446697
2.685 0.0740312147707546
2.695 0.10246147000190726
2.705 0.1403987832844545
2.715 0.1904684997953432
2.725 0.2558232625745572
2.735 0.34018406048179545
2.745 0.44786275072530596
2.755 0.58375818219267
2.765 0.7533175299901647
2.775 0.9624545319262957
2.785 1.2174171769402824
2.795 1.524599185764486
2.805 1.8902924385748685
2.815 2.3203813484610194
2.8249999999999997 2.8199849456305333
2.835 3.3930578874651536
2.8449999999999998 4.0419673711895845
2.855 4.767068503636966
2.8649999999999998 5.566305489405199
2.875 6.434869405952516
2.885 7.364944737609545
2.895 8.345575736344921
2.905 9.362679739850234
2.915 10.39922772841405
2.925 11.435602858023419
2.935 12.450135999515082
2.945 13.419804270235497
2.955 14.321065232451335
2.965 15.130787063501984
2.975 15.82722481076948
2.985 16.39098594963526
2.995 16.8059257344645
3.005 17.059914776016434
3.015 17.14542795469082
3.025 17.059914776016434
3.035 16.8059257344645
3.045 16.39098594963526
3.055 15.82722481076948
3.065 15.130787063501984
3.075 14.321065232451335
3.085 13.419804270235497
3.0949999999999998 12.450135999515082
3.105 11.435602858023419
3.1149999999999998 10.39922772841405
3.125 9.362679739850234
3.135 8.345575736344921
3.145 7.364944737609545
3.155 6.434869405952516
3.165 5.566305489405199
3.175 4.767068503636966
3.185 4.0419673711895845
3.195 3.3930578874651536
3.205 2.8240080072912033
3.215 2.326353117589218
3.225 1.8990686360100093
3.235 1.53736847768561
3.245 1.2358115208268081
3.255 0.9886881893254597
3.265 0.7903591897937989
3.275 0.6355402143678421
3.285 0.5195306701669056
3.295 0.4383876943935633
3.305 0.38904876772533126
3.315 0.36940718741264217
3.325 0.37834465543982887
3.335 0.41572450965258706
3.3449999999999998 0.482347964217938
3.355 0.579874441825629
3.3649999999999998 0.7107059813650368
3.375 0.8778350687087813
3.385 1.084655287370177
3.395 1.334735066723233
3.405 1.6315565707150066
3.415 1.9782243652442097
3.425 2.3733155432477213
3.435 2.827203161721151
3.445 3.334383954133013
3.455 3.8934199694245986
3.465 4.500947548326547
3.475 5.151500033495599
3.485 5.837414293929243
3.495 6.548840040461967
3.505 7.273866118463394
3.515 7.998771288170005
3.525 8.70839881404782
3.535 9.386645061244666
3.545 10.01704298579856
3.555 10.583412753446458
3.565 11.07054459301822
3.575 11.464874167674774
3.585 11.75510883902687
3.5949999999999998 11.932764558475892
3.605 11.992577789735574
3.6149999999999998 11.932764558475892
3.625 11.75510883902687
3.635 11.464874167674774
3.645 11.07054459301822
3.655 10.583412753446458
3.665 10.01704298579856
3.675 9.386645061244666
3.685 8.70839881404782
3.695 7.998771288170005
3.705 7.273866118463394
3.715 6.548840040461967
3.725 5.837414293929243
3.735 5.151500033495599
3.745 4.507033776369965
3.755 3.902454270114588
3.765 3.347660891811227
3.775 2.8465209920553733
3.785 2.4011431484512182
3.795 2.0121599071222263
3.805 1.6790568272319364
3.815 1.4005256660040988
3.825 1.174821143569667
3.835 1.0001031118810424
3.8449999999999998 0.874748702378165
3.855 0.7976217840542721
3.8649999999999998 0.7682895666886782
3.875 0.7900391455484739
3.885 0.8599082970775269
3.895 0.9823181165227534
3.905 1.1607471289103242
3.915 1.3995193124768845
3.925 1.7036092446950486
3.935 2.078374962267343
3.945 2.5292241523730645
3.955 3.061223160697417
3.965 3.6786627443259965
3.975 4.384599211852136
3.985 5.180394136010859
3.995 6.065279649251735
4.005 7.035978847177281
4.015 8.083728174357459
4.025 9.205741399723083
4.035 10.38603507209798
4.045 11.612343514946232
4.055 12.863078338427934
4.065 14.120366747025912
4.075 15.362992483631494
4.085 16.568881395602357
4.095 17.71590611331735
4.1049999999999995 18.782730431271393
4.115 19.749644246626143
4.125 20.59933907445123
4.135 21.317577485148224
4.145 21.89371707154767
4.155 22.321060087152595
4.165 22.597012670250024
4.175 22.723051299868384
4.185 22.704507445924943
4.195 22.550192984561072
4.205 22.271897799706558
4.215 21.88379640249379
4.225 21.401802135754977
4.235 20.842905812690738
4.245 20.224531091046515
4.255 19.563932423953315
4.265 18.87765411793857
4.275 18.181061911262645
4.285 17.487952435190135
4.295 16.810241522397178
4.305 16.15772981116863
4.315 15.542646969556124
4.325 14.963029311750457
4.335 14.425093476803813
4.345 13.929705020676835
4.355 13.475677931994259
4.365 13.060016651053031
4.375 12.678235696781057
4.385 12.324750683488457
4.395 11.993329241918925
4.405 11.677584529593222
4.415 11.371488375623295
4.425 11.06987644610824
4.435 10.768914853469397
4.445 10.466496907397204
4.455 10.162540512141533
4.465 9.861370102488719
4.475 9.563980471367781
4.485 9.278427692980525
4.495 9.013169666652374
4.505 8.778132527759666
4.515 8.584181713893189
4.525 8.44249905928302
4.535 8.36390079065566
4.545 8.358136059963188
4.555 8.429148636807524
4.565 8.592078616207198
4.575 8.843807889175071
4.585 9.18400244080155
4.595 9.60883121082693
4.605 10.110948951662024
4.615 10.679664345756265
4.625 11.301289372558802
4.635 11.959654244177548
4.645 12.636761143301776
4.655 13.313540295985932
4.665 13.970664381075359
4.675 14.589372617922727
4.685 15.150346498837532
4.695 15.642686529198288
4.705 16.05087439757871
4.715 16.365245794145764
4.725 16.581352449195457
4.735 16.693007626917456
4.745 16.701623516327086
4.755 16.610163484266053
4.765 16.424059090698186
4.775 16.150715372339043
4.785 15.798976490332674
4.795 15.37859589398927
4.805 14.89975080430191
4.815 14.37263296613154
4.825 13.80713718811081
4.835 13.21265736507435
4.845 12.597987746692077
4.855 11.969551462612324
4.865 11.339123910736866
4.875 10.711355968849318
4.885 10.093206565055365
4.895 9.491409428784708
4.905 8.912545472272512
4.915 8.363057069424716
4.925 7.849194737449405
4.935 7.376895386143975
4.945 6.951599680987176
4.955 6.578023368009818
4.965 6.259903002824978
4.975 5.999739998778878
4.985 5.798568071648911
4.995 5.655768037026775
5.005 5.5689507232248925
5.015 5.533923854428078
5.025 5.5447525945852405
5.035 5.593916539582799
5.045 5.674322325382423
5.055 5.773434051861956
5.065 5.882060794475816
5.075 5.989697273212895
5.085 6.086164010808047
5.095 6.162063895027924
5.105 6.209205315691084
5.115 6.220967955599075
5.125 6.189453821004711
5.135 6.119297247170279
5.145 6.005390145294961
5.155 5.8494219928506554
5.165 5.655075454934962
5.175 5.427830962602748
5.185 5.174691224350851
5.195 4.903843735183123
5.205 4.624281328246608
5.215 4.345401306511697
5.225 4.076602821564633
5.235 3.826900181187501
5.245 3.6045670009611497
5.255 3.416822940870832
5.265 3.269571548132228
5.275 3.1657213951360657
5.285 3.111434260565396
5.295 3.1055351098851958
5.305 3.147260990834948
5.315 3.234092729353729
5.325 3.361851979319504
5.335 3.5248522655756345
5.345 3.7161007692143504
5.355 3.927546341421534
5.365 4.150367572960001
5.375 4.3752927412474545
5.385 4.5929412616461
5.395 4.794174126594356
5.405 4.970439021710223
5.415 5.115640876195895
5.425 5.2209938896937595
5.435 5.282617474045392
5.445 5.297241259921726
5.455 5.263345024273593
5.465 5.181190239655743
5.475 5.05277384382074
5.485 4.881708322890262
5.495 4.67454123248862
5.505 4.435228174603205
5.515 4.172018465915673
5.525 3.8928117326449754
5.535 3.6045425121201395
5.545 3.3186636062471035
5.555 3.041427385042216
5.565 2.78067321926339
5.575 2.5436657587258726
5.585 2.3369650312439667
5.595 2.1663356804614695
5.605 2.0366900930833283
5.615 1.9535030437098186
5.625 1.9177186864038436
5.635 1.9326252083019964
5.645 1.9996776613793734
5.655 2.1194651478354727
5.665 2.2917090156336566
5.675 2.5152557711191035
5.685 2.7880672558252986
5.695 3.107212924308456
5.705 3.4688706871375947
5.715 3.8683435556321344
5.725 4.3000991427056965
5.735 4.759227053203092
5.745 5.236656265611952
5.755 5.7259016485483984
5.765 6.219217251963775
5.775 6.708725525431714
5.785 7.186640892324538
5.795 7.645503837292916
5.805 8.078413376730193
5.815 8.479244932702137
5.825 8.842840816154878
5.835 9.165161753654292
5.845 9.443390075855513
5.855 9.674801946411675
5.865 9.86186243717615
5.875 10.003773074676758
5.885 10.102558640571417
5.895 10.161144842719064
5.905 10.18316413891729
5.915 10.172738569249262
5.925 10.134252733502016
5.935 10.072129867452698
5.945 9.99062288845117
5.955 9.893630456043367
5.965 9.785836284750822
5.975 9.668058685518666
5.985 9.5433197760849
5.995 9.413083604646925
6.005 9.278130092669755
6.015 9.138604407349028
6.025 8.994097916323836
6.035 8.84375540695283
6.045 8.686402857384081
6.055 8.520689838596155
6.065 8.345240480046812
6.075 8.158806753050548
6.085 7.960417575374173
6.095 7.749516941818717
6.105 7.526084025176932
6.115 7.290728104447581
6.125 7.044751420596578
6.135 6.790173785237517
6.1450000000000005 6.529714085968754
6.155 6.266725788673078
6.165 6.005086091566351
6.175 5.749041406366464
6.185 5.503015112537822
6.195 5.271386770667062
6.205 5.058254875746351
6.215 4.868392301545449
6.225 4.701788522837806
6.235 4.563615265552199
6.245 4.453268291470133
6.255 4.3705159938084766
6.265 4.3139346251871675
6.275 4.280960302741688
6.285 4.268011573680681
6.295 4.27067739779205
6.305 4.282956997631207
6.315 4.301898952903103
6.325 4.320753937924812
6.335 4.334579894817615
6.345 4.34018454469415
6.355 4.3323455507106985
6.365 4.309486089240242
6.375 4.270491756865134
6.385 4.215544220358541
6.3950000000000005 4.147240715613319
6.405 4.0665216344138395
6.415 3.9778967355342
6.425 3.884985287090328
6.435 3.7951912029240202
6.445 3.7125411770147174
6.455 3.642472213026213
6.465 3.5901037122715787
6.475 3.5599823147233485
6.485 3.555869368941188
6.495 3.5805823801987833
6.505 3.6358974698360504
6.515 3.7225151948488056
6.525 3.8400873744498054
6.535 3.9872981990156964
6.545 4.161062675537503
6.555 4.360702940804041
6.565 4.581513641475743
6.575 4.819821960628726
6.585 5.071760430715334
6.595 5.333402599371722
6.605 5.600863947648463
6.615 5.8703636085539035
6.625 6.138246854912495
6.635 6.4009727101918745
6.6450000000000005 6.655074945125221
6.655 6.897107747874662
6.665 7.123589163015215
6.675 7.330955767699852
6.685 7.515540920844206
6.695 7.673586372392212
6.705 7.801293300874661
6.715 7.894914338995674
6.725 7.950883324023848
6.735 7.965974889992515
6.745 7.9374821037899315
6.755 7.863397565268814
6.765 7.742582047910733
6.775 7.574044240909206
6.785 7.360774632798362
6.795 7.103654061508415
6.805 6.807113758692928
6.815 6.473792661959225
6.825 6.109797397962222
6.835 5.7212502164784755
6.845 5.314832149889625
6.855 4.898696858005637
6.865 4.478187372562333
6.875 4.061070653128707
6.885 3.654003558303118
6.8950000000000005 3.2631262768478715
6.905 2.893932104043529
6.915 2.551184469417851
6.925 2.238881638838971
6.935 1.9602657481649977
6.945 1.717869563646728
6.955 1.51359182907237
6.965 1.348790396950241
6.975 1.2243816180132692
6.985 1.1421295088483219
6.995 1.1005242129366473
