0.005 0.0
0.015 0.0
0.025 0.0
0.034999999999999996 0.0
0.045 0.0
0.055 0.0
0.065 0.0
0.07500000000000001 0.0
0.085 0.0
0.095 0.0
0.10500000000000001 0.0
0.115 0.0
0.125 0.0
0.135 0.0
0.14500000000000002 0.0
0.155 0.0
0.165 0.0
0.17500000000000002 0.0
0.185 0.0
0.195 0.0
0.20500000000000002 0.0
0.215 0.0
0.225 0.0
0.23500000000000001 0.0
0.245 0.0
0.255 0.0
0.265 0.0
0.275 0.0
0.28500000000000003 0.0
0.295 0.0
0.305 0.0
0.315 0.0
0.325 0.0
0.335 0.0
0.34500000000000003 0.0
0.35500000000000004 0.0
0.365 0.0
0.375 0.0
0.385 0.0
0.395 0.0
0.405 0.0
0.41500000000000004 0.0
0.425 0.0
0.435 0.0
0.445 0.0
0.455 0.0
0.465 0.0
0.47500000000000003 0.0
0.485 0.0
0.495 0.0
0.505 0.0
0.515 0.0
0.525 0.0
0.535 0.0
0.545 0.0
0.555 0.0
0.5650000000000001 0.0
0.5750000000000001 0.0
0.585 0.0
0.595 0.0
0.605 0.0
0.615 0.0
0.625 0.0
0.635 0.0
0.645 0.0
0.655 0.0
0.665 0.0
0.675 0.0
0.685 0.0
0.6950000000000001 0.0
0.7050000000000001 0.0
0.715 0.0
0.725 0.0
0.735 0.0
0.745 0.0
0.755 0.0
0.765 0.0
0.775 0.0
0.785 0.0
0.795 0.0
0.805 0.0
0.8150000000000001 0.0
0.8250000000000001 0.0
0.8350000000000001 0.0
0.845 0.0
0.855 0.0
0.865 0.0
0.875 0.0
0.885 0.0
0.895 0.0
0.905 0.0
0.915 0.0
0.925 0.0
0.935 0.0
0.9450000000000001 0.0
0.9550000000000001 0.0
0.965 0.0
0.975 0.0
0.985 0.0
0.995 0.0
1.005 0.0
1.015 0.0
1.025 0.0
1.035 0.0
1.045 0.0
1.055 0.0
1.065 0.0
1.075 0.0
1.085 0.0
1.095 0.0
1.105 0.0
1.115 0.0
1.125 0.0
1.135 0.0
1.145 0.0
1.155 0.0
1.1649999999999998 0.0
1.1749999999999998 0.0
1.1849999999999998 0.0
1.1949999999999998 0.0
1.2049999999999998 0.0
1.2149999999999999 0.0
1.2249999999999999 0.0
1.2349999999999999 0.0
1.2449999999999999 0.0
1.255 0.0
1.265 0.0
1.275 0.0
1.285 0.0
1.295 0.0
1.305 0.0
1.315 0.0
1.325 0.01757066062489368
1.335 0.026081610855628753
1.345 0.03832990883968686
1.355 0.055769688284842675
1.365 0.08033701720443111
1.375 0.11457509975963814
1.385 0.16177888590552544
1.395 0.22615723808363175
1.405 0.31300854831811153
1.4149999999999998 0.4289028777420255
1.4249999999999998 0.5818603678061532
1.4349999999999998 0.7815119970753363
1.4449999999999998 1.0392249782321625
1.4549999999999998 1.3681715619312782
1.4649999999999999 1.7833171940003012
1.4749999999999999 2.3013023967001223
1.4849999999999999 2.9401929901535633
1.4949999999999999 3.719075895012223
1.505 4.657483226565397
1.515 5.7746359883769856
1.525 7.088510416771165
1.535 8.614744587348895
1.545 10.365419544488445
1.555 12.347766815971651
1.565 14.562871214209826
1.575 17.004452509820762
1.585 19.657819972096174
1.595 22.499098058220003
1.605 25.494818160070835
1.615 28.60195928951014
1.625 31.768499659820847
1.635 34.93451196499258
1.645 38.033799393066836
1.655 40.996029563712256
1.665 43.7492829128367
1.6749999999999998 46.22289426034058
1.6849999999999998 48.350435161930974
1.6949999999999998 50.07266358273402
1.7049999999999998 51.340259096310106
1.7149999999999999 52.1161677494204
1.7249999999999999 52.37740112737641
1.7349999999999999 52.1161677494204
1.7449999999999999 51.340259096310106
1.755 50.07266358273402
1.765 48.350435161930974
1.775 46.22289426034058
1.785 43.7492829128367
1.795 40.996029563712256
1.805 38.033799393066836
1.815 34.93451196499258
1.825 31.768499659820847
1.835 28.60195928951014
1.845 25.494818160070835
1.855 22.499098058220003
1.865 19.657819972096174
1.875 17.004452509820762
1.885 14.562871214209826
1.895 12.347766815971651
1.905 10.365419544488445
1.915 8.614744587348895
1.9249999999999998 7.088510416771165
1.9349999999999998 5.7746359883769856
1.9449999999999998 4.657483226565397
1.9549999999999998 3.719075895012223
1.9649999999999999 2.9401929901535633
1.9749999999999999 2.3013023967001223
1.9849999999999999 1.7833171940003012
1.9949999999999999 1.3681715619312782
2.005 1.0392249782321625
2.015 0.7815119970753363
2.025 0.5818603678061532
2.035 0.4289028777420255
2.045 0.31300854831811153
2.0549999999999997 0.22615723808363175
2.065 0.16177888590552544
2.0749999999999997 0.11457509975963814
2.085 0.08033701720443111
2.0949999999999998 0.055769688284842675
2.105 0.03832990883968686
2.1149999999999998 0.026081610855628753
2.125 0.01757066062489368
2.135 0.0
2.145 0.0
2.155 0.0
2.165 0.0
2.175 0.0
2.185 0.0
2.195 0.007764120083177568
2.205 0.01152493710788035
2.215 0.016937212627449454
2.225 0.02464349896050194
2.235 0.03549930546241369
2.245 0.05062842269092331
2.255 0.07148682248825707
2.265 0.0999343161675642
2.275 0.13831215616103856
2.285 0.1895235197982013
2.295 0.2571123456159849
2.305 0.3453343685404853
2.315 0.45921253029044423
2.3249999999999997 0.6045673824109467
2.335 0.7880118531796745
2.3449999999999998 1.0168990533212925
2.355 1.2992119039011558
2.3649999999999998 1.6433845296867269
2.375 2.0580477779649717
2.385 2.5516950220344374
2.395 3.1322695976890405
2.405 3.80668165471926
2.415 4.5802695626540215
2.425 5.456228787576343
2.435 6.435038686182534
2.445 7.5139241519405005
2.455 8.686393647635805
2.465 9.94189705307477
2.475 11.265645266241316
2.485 12.638628181304178
2.495 14.03785842131518
2.505 15.436855320005773
2.515 16.806367843044256
2.525 18.115317531954535
2.535 19.331924583810462
2.545 20.424963482639406
2.555 21.36508084045899
2.565 22.12609879847655
2.5749999999999997 22.686223656295404
2.585 23.029082020299647
2.5949999999999998 23.144515774299258
2.605 23.029082020299647
2.6149999999999998 22.686223656295404
2.625 22.12609879847655
2.635 21.36508084045899
2.645 20.424963482639406
2.655 19.331924583810462
2.665 18.115317531954535
2.675 16.806367843044256
2.685 15.436855320005773
2.695 14.03785842131518
2.705 12.638628181304178
2.715 11.265645266241316
2.725 9.94189705307477
2.735 8.686393647635805
2.745 7.5139241519405005
2.755 6.435038686182534
2.765 5.456228787576343
2.775 4.5802695626540215
2.785 3.80668165471926
2.795 3.1322695976890405
2.805 2.5516950220344374
2.815 2.0580477779649717
2.8249999999999997 1.6433845296867269
2.835 1.2992119039011558
2.8449999999999998 1.0168990533212925
2.855 0.7880118531796745
2.8649999999999998 0.6045673824109467
2.875 0.45921253029044423
2.885 0.3453343685404853
2.895 0.2571123456159849
2.905 0.1895235197982013
2.915 0.13831215616103856
2.925 0.0999343161675642
2.935 0.07148682248825707
2.945 0.05062842269092331
2.955 0.03549930546241369
2.965 0.02464349896050194
2.975 0.016937212627449454
2.985 0.01152493710788035
2.995 0.007764120083177568
3.005 0.0
3.015 0.0
3.025 0.0
3.035 0.0
3.045 0.0
3.055 0.0
3.065 0.0
3.075 0.0
3.085 0.0
3.0949999999999998 0.0
3.105 0.0
3.1149999999999998 0.0
3.125 0.0
3.135 0.0
3.145 0.0
3.155 0.0
3.165 0.0
3.175 0.0
3.185 0.0
3.195 0.0
3.205 0.0
3.215 0.0
3.225 0.0
3.235 0.0
3.245 0.0
3.255 0.0
3.265 0.0
3.275 0.0
3.285 0.0
3.295 0.0
3.305 0.0
3.315 0.0
3.325 0.0
3.335 0.0037478830779977025
3.3449999999999998 0.005563298390399801
3.355 0.00817590298898202
3.3649999999999998 0.01189586865572013
3.375 0.017136165437668032
3.385 0.02443926763576909
3.395 0.03450799954576601
3.405 0.04824012617826485
3.415 0.06676581299669687
3.425 0.09148647691233759
3.435 0.12411284201622878
3.445 0.1666992295634625
3.455 0.22167030559059706
3.465 0.29183575701730063
3.475 0.3803877655360791
3.485 0.4908758124739055
3.495 0.6271534001534268
3.505 0.7932918351947176
3.515 0.9934573857838777
3.525 1.231749958892943
3.535 1.5120039483084515
3.545 1.8375550099951121
3.555 2.21098007277515
3.565 2.633821646698714
3.575 3.106311126029567
3.585 3.6271089159778493
3.5949999999999998 4.193081432542343
3.605 4.799135939325216
3.6149999999999998 5.438133465703779
3.625 6.100897485144097
3.635 6.776331569441988
3.645 7.451653015607444
3.655 8.112741813206414
3.665 8.74459582067424
3.675 9.331874344624811
3.685 9.859504256144373
3.695 10.313316136815585
3.705 10.680673454367414
3.715 10.95105599014679
3.725 11.116560006936234
3.735 11.172281995855785
3.745 11.116560006936234
3.755 10.95105599014679
3.765 10.680673454367414
3.775 10.313316136815585
3.785 9.859504256144373
3.795 9.331874344624811
3.805 8.74459582067424
3.815 8.115684690431044
3.825 7.456021376035505
3.835 6.782751374488283
3.8449999999999998 6.113139675156319
3.855 5.455895798117965
3.8649999999999998 4.824655295828082
3.875 4.229386679759306
3.885 3.678253556390164
3.895 3.177656037149413
3.905 2.73237220572664
3.915 2.345779941471631
3.925 2.0201358439156674
3.935 1.7568861851000466
3.945 1.556984591316481
3.955 1.4211922968463342
3.965 1.3503390564979767
3.975 1.345525896819453
3.985 1.4082546142196537
3.995 1.5404731354926042
4.005 1.7445304424739085
4.015 2.0230396677414277
4.025 2.3786531439481244
4.035 2.813758564360697
4.045 3.330110859231947
4.055 3.9284197031226844
4.065 4.607917440974247
4.075 5.36593626900385
4.085 6.197526285731644
4.095 7.095147082174407
4.1049999999999995 8.048464460535072
4.115 9.044280365525882
4.125 10.066618070399246
4.135 11.09697620211552
4.145 12.112254949229204
4.155 13.096193241817268
4.165 14.022276592095746
4.175 14.867765095332983
4.185 15.61086039477361
4.195 16.231633020781477
4.205 16.71290760118277
4.215 17.041051260556635
4.225 17.20661477671166
4.235 17.207218145908
4.245 17.03922703569225
4.255 16.709333457827448
4.265 16.227286010944255
4.275 15.607071255146812
4.285 14.866286113884842
4.295 14.025366790246638
4.305 13.106724514449471
4.315 12.133842278425206
4.325 11.132728037548207
4.335 10.122856406842132
4.345 9.127593963166055
4.355 8.169157934184287
4.365 7.261627452885062
4.375 6.421687707855693
4.385 5.6618386497771755
4.395 4.991976845889708
4.405 4.419547762766678
4.415 3.9497807753375005
4.425 3.585974659395067
4.435 3.3298019218078263
4.445 3.181603366772003
4.455 3.1406492569201205
4.465 3.205349673240817
4.475 3.3734035439123304
4.485 3.6418826667615676
4.495 4.0072533438126365
4.505 4.465343551190334
4.515 5.011267598970195
4.525 5.639322859022967
4.535 6.342874362055946
4.545 7.114243016537048
4.555 7.944612100875385
4.565 8.823964798035906
4.575 9.741063164144563
4.585 10.683476311307714
4.595 11.637662947170895
4.605 12.589110882662524
4.615 13.522533747014457
4.625 14.420160083981305
4.635 15.270554345819063
4.645 16.054969560400313
4.655 16.756151206209566
4.665 17.36420833666781
4.675 17.86527141213957
4.685 18.244985071788584
4.695 18.49567231749544
4.705 18.61082852188987
4.715 18.58678406420832
4.725 18.422933693326218
4.735 18.12187041743494
4.745 17.68941131513015
4.755 17.13450757241883
4.765 16.46903702561459
4.775 15.707484085650005
4.785 14.866518576457413
4.795 13.96449113165284
4.805 13.020867779342232
4.815 12.055629725678086
4.825 11.088665810233655
4.835 10.139184544099146
4.845 9.225170170226193
4.855 8.36290312596732
4.865 7.566560122675445
4.875 6.847903365661972
4.885 6.216062817967776
4.895 5.677410403054188
4.905 5.235521058998389
4.915 4.891212841836737
4.925 4.642656876420824
4.935 4.485547731028637
4.945 4.413325455243907
4.955 4.417441678164684
4.965 4.487663391412861
4.975 4.612408949279114
4.985 4.779111112880119
4.995 4.974601492710665
5.005 5.1855095129698485
5.015 5.398667199546058
5.025 5.601508982262063
5.035 5.782453687721576
5.045 5.929631170927928
5.055 6.038229333420287
5.065 6.099161823798178
5.075 6.107799025708777
5.085 6.061624287860723
5.095 5.96023395956314
5.105 5.80524769745614
5.115 5.600134506828299
5.125 5.349965089950142
5.135 5.059543538076648
5.145 4.7398391318299025
5.155 4.396482803846826
5.165 4.036099479340941
5.175 3.6703196273339733
5.185 3.30447876621846
5.195 2.9455004954661526
5.205 2.5993950638102703
5.215 2.271132828014367
5.225 1.9645805268480705
5.235 1.6824965805814414
5.245 1.4265782578244506
5.255 1.1975511342074394
5.265 0.9952898777717749
5.275 0.8189590062429548
5.285 0.6671627566867819
5.295 0.5380944106108327
5.305 0.4296771140965177
5.315 0.3396902011573072
5.325 0.2658770620421174
5.335 0.20603252180585868
5.345 0.158069376617985
5.355 0.12006509201457005
5.365 0.09029066064112495
5.375 0.06722424890048247
5.385 0.04955256519046632
5.395 0.03771981004530636
5.405 0.028439728891672345
5.415 0.022087181284004605
5.425 0.018178874231844513
5.435 0.016400094878797476
5.445 0.016595514751619543
5.455 0.018763267663486058
5.465 0.02305261173376936
5.475 0.02976502546740755
5.485 0.038004181792797576
5.495 0.05155742323890307
5.505 0.0692481341381151
5.515 0.09208353929512782
5.525 0.12123080413241377
5.535 0.1580159853247084
5.545 0.20391356454595
5.555 0.26052431611548604
5.565 0.3295394919226181
5.575 0.4126897916170201
5.585 0.5116783478928072
5.595 0.6280979972373696
5.605 0.7633343966347719
5.615 0.9184580220147056
5.625 1.094109643842288
5.635 1.290385385063365
5.645 1.5067287677629404
5.655 1.7418380771951356
5.665 1.993597751733597
5.675 2.2590422084144284
5.685 2.5343594479739977
5.695 2.8149399293199475
5.705 3.0954736199247264
5.715 3.370094959526722
5.725 3.633965598676002
5.735 3.8786006507956587
5.745 4.098753649177009
5.755 4.2886538468543565
5.765 4.443205495142292
5.775 4.55824013452093
5.785 4.630735838196224
5.795 4.658989486097055
5.805 4.642730944888553
5.815 4.583171719853542
5.825 4.482984900869919
5.835 4.346217662617757
5.845 4.179482409541269
5.855 3.9870413891411127
5.865 3.7769440955576745
5.875 3.55688284847209
5.885 3.334810937197277
5.895 3.1186683282321344
5.905 2.916121212503721
5.915 2.734325306608721
5.925 2.5797202334852223
5.935 2.457859644080548
5.945 2.373279277997586
5.955 2.329403107651528
5.965 2.328486190178542
5.975 2.371591892910666
5.985 2.458600702884681
5.995 2.588247751804572
6.005 2.7581863189520144
6.015 2.9650747430986995
6.025 3.2046842333307866
6.035 3.4720249219498514
6.045 3.761487121390539
6.055 4.068248974013554
6.065 4.384025215941011
6.075 4.7032020535620145
6.085 5.019371130535116
6.095 5.32632546483974
6.105 5.618206620876956
6.115 5.8896358496060195
6.125 6.135826106196633
6.135 6.352673190605986
6.1450000000000005 6.536825649648055
6.155 6.685734328409042
6.165 6.797683375414946
6.175 6.871804947458822
6.185 6.908079758861548
6.195 6.907325000222032
6.205 6.8701317155878545
6.215 6.801334122061096
6.225 6.702553907979101
6.235 6.577609342957427
6.245 6.430872374951589
6.255 6.267158513182905
6.265 6.091591322693308
6.275 5.909442176140287
6.285 5.725948401006617
6.295 5.5461157566946255
6.305 5.375676908987206
6.315 5.216802432632722
6.325 5.074608392760949
6.335 4.949577838061526
6.345 4.843734442496929
6.355 4.757251973508288
6.365 4.6892440115308665
6.375 4.63784898641283
6.385 4.6003801303009
6.3950000000000005 4.573533789292026
6.405 4.553644671870462
6.415 4.536972417159136
6.425 4.520000730418738
6.435 4.499728553212406
6.445 4.4739324864119485
6.455 4.4413810063904355
6.465 4.401983815067013
6.475 4.35686372966422
6.485 4.3083435393753415
6.495 4.259845861085435
6.505 4.215709813083164
6.515 4.180933896782312
6.525 4.160859467345396
6.535 4.159883739854811
6.545 4.185116722813859
6.555 4.239380342237476
6.565 4.325766208347663
6.575 4.445948588431067
6.585 4.599959498264108
6.595 4.786048617650074
6.605 5.00063964969323
6.615 5.2383891876682895
6.625 5.4923480737510735
6.635 5.7542189687193215
6.6450000000000005 6.01469777573586
6.655 6.262986912670884
6.665 6.491126707608759
6.675 6.688089193865732
6.685 6.844955488684086
6.695 6.954002544651017
6.705 7.00906886672588
6.715 7.005837689806003
6.725 6.942022027354097
6.735 6.817442426915045
6.745 6.63399532150906
6.755 6.395516989010693
6.765 6.107554754611416
6.775 5.777062668808925
6.785 5.412043037067189
6.795 5.021157579202489
6.805 4.6133325348396825
6.815 4.197380757858747
6.825 3.7816609711441087
6.835 3.373790228756013
6.845 2.9804206909038067
6.855 2.6070865324659427
6.865 2.2572847186653147
6.875 1.937247544865953
6.885 1.645954633393502
6.8950000000000005 1.3863057227211733
6.905 1.1565684331341601
6.915 0.9568461650289735
6.925 0.7858916366511871
6.935 0.6420650916329638
6.945 0.5235106650910224
6.955 0.4283195029595332
6.965 0.35467447829140264
6.975 0.3009731020939615
6.985 0.26592667044737395
6.995 0.24863474811599637
