0.005 0.0
0.015 0.0
0.025 0.0
0.034999999999999996 0.0
0.045 0.0
0.055 0.0
0.065 0.0
0.07500000000000001 0.0
0.085 0.0
0.095 0.0
0.10500000000000001 0.0
0.115 0.0
0.125 0.0
0.135 0.0
0.14500000000000002 0.0
0.155 0.0
0.165 0.0
0.17500000000000002 0.0
0.185 0.0
0.195 0.0
0.20500000000000002 0.0
0.215 0.0
0.225 0.0
0.23500000000000001 0.0
0.245 0.0
0.255 0.0
0.265 0.0
0.275 0.0
0.28500000000000003 0.0
0.295 0.0
0.305 0.0
0.315 0.0
0.325 0.0
0.335 0.0
0.34500000000000003 0.0
0.35500000000000004 0.0
0.365 0.0
0.375 0.0
0.385 0.0
0.395 0.0
0.405 0.0
0.41500000000000004 0.0
0.425 0.0
0.435 0.0
0.445 0.0
0.455 0.0
0.465 0.0
0.47500000000000003 0.0
0.485 0.0
0.495 0.0
0.505 0.0
0.515 0.0
0.525 0.0
0.535 0.0
0.545 0.0
0.555 0.0
0.5650000000000001 0.0
0.5750000000000001 0.0
0.585 0.0
0.595 0.0
0.605 0.0
0.615 0.0
0.625 0.0
0.635 0.0
0.645 0.0
0.655 0.0
0.665 0.0
0.675 0.0
0.685 0.0
0.6950000000000001 0.0
0.7050000000000001 0.0
0.715 0.0
0.725 0.0
0.735 0.0
0.745 0.0
0.755 0.0
0.765 0.0
0.775 0.0
0.785 0.0
0.795 0.0
0.805 0.0
0.8150000000000001 0.0
0.8250000000000001 0.0
0.8350000000000001 0.0
0.845 0.0
0.855 0.0
0.865 0.0
0.875 0.0
0.885 0.0
0.895 0.0
0.905 0.0
0.915 0.0
0.925 0.0
0.935 0.0
0.9450000000000001 0.0
0.9550000000000001 0.0
0.965 0.0
0.975 0.0
0.985 0.0
0.995 0.0
1.005 0.0
1.015 0.0
1.025 0.0
1.035 0.0
1.045 0.0
1.055 0.0
1.065 0.0
1.075 0.0
1.085 0.0
1.095 0.0
1.105 0.0
1.115 0.0
1.125 0.0
1.135 0.0
1.145 0.0
1.155 0.0
1.1649999999999998 0.0
1.1749999999999998 0.0
1.1849999999999998 0.0
1.1949999999999998 0.0
1.2049999999999998 0.0
1.2149999999999999 0.0
1.2249999999999999 0.0
1.2349999999999999 0.0
1.2449999999999999 0.0
1.255 0.0
1.265 0.0
1.275 0.0
1.285 0.0
1.295 0.0
1.305 0.0
1.315 0.0
1.325 0.0
1.335 0.0
1.345 0.0
1.355 0.0
1.365 0.0
1.375 0.0
1.385 0.0
1.395 0.0
1.405 0.0
1.4149999999999998 0.0
1.4249999999999998 0.0
1.4349999999999998 0.0
1.4449999999999998 0.0
1.4549999999999998 0.0
1.4649999999999999 0.0
1.4749999999999999 0.0
1.4849999999999999 0.0
1.4949999999999999 0.0
1.505 0.0
1.515 0.0
1.525 0.0
1.535 0.0
1.545 0.0
1.555 0.013679588555163762
1.565 0.020305764989587746
1.575 0.02984164303651636
1.585 0.04341933441623233
1.595 0.06254615945109804
1.605 0.08920212260876083
1.615 0.12595249793652885
1.625 0.1760740834851231
1.635 0.24369192750638374
1.645 0.3339211326706799
1.655 0.4530057576132027
1.665 0.608443973686939
1.6749999999999998 0.8090856924482328
1.6849999999999998 1.0651861327046088
1.6949999999999998 1.3883966003367554
1.7049999999999998 1.7916725272849792
1.7149999999999999 2.2890790071429534
1.7249999999999999 2.8954761084575034
1.7349999999999999 3.6260705048121498
1.7449999999999999 4.495826654629076
1.755 5.5187399062867435
1.765 6.706985239689587
1.775 8.06996831805878
1.785 9.613319227069118
1.795 11.337882544381223
1.805 13.238768815021567
1.815 15.304540611795218
1.825 17.5166096977982
1.835 19.8489191820354
1.845 22.267975194837636
1.855 24.733276320043817
1.865 27.19816632161693
1.875 29.611107857245965
1.885 31.917343849460806
1.895 34.060881523325406
1.905 35.986704701043415
1.915 37.6430957035994
1.9249999999999998 38.98393181087797
1.9349999999999998 39.97081474318645
1.9449999999999998 40.574896249143166
1.9549999999999998 40.77827876296003
1.9649999999999999 40.574896249143166
1.9749999999999999 39.97081474318645
1.9849999999999999 38.98393181087797
1.9949999999999999 37.6430957035994
2.005 35.986704701043415
2.015 34.060881523325406
2.025 31.917343849460806
2.035 29.611107857245965
2.045 27.19816632161693
2.0549999999999997 24.733276320043817
2.065 22.267975194837636
2.0749999999999997 19.8489191820354
2.085 17.5166096977982
2.0949999999999998 15.304540611795218
2.105 13.238768815021567
2.1149999999999998 11.337882544381223
2.125 9.613319227069118
2.135 8.06996831805878
2.145 6.706985239689587
2.155 5.5187399062867435
2.165 4.495826654629076
2.175 3.6260705048121498
2.185 2.8954761084575034
2.195 2.2890790071429534
2.205 1.7916725272849792
2.215 1.3883966003367554
2.225 1.0651861327046088
2.235 0.8090856924482328
2.245 0.608443973686939
2.255 0.4530057576132027
2.265 0.3339211326706799
2.275 0.24369192750638374
2.285 0.1760740834851231
2.295 0.12595249793652885
2.305 0.08920212260876083
2.315 0.06254615945109804
2.3249999999999997 0.04341933441623233
2.335 0.02984164303651636
2.3449999999999998 0.020305764989587746
2.355 0.013679588555163762
2.3649999999999998 0.0
2.375 0.0
2.385 0.0
2.395 0.0
2.405 0.0
2.415 0.0
2.425 0.0
2.435 0.0
2.445 0.0
2.455 0.0
2.465 0.0
2.475 0.0
2.485 0.0
2.495 0.0
2.505 0.0
2.515 0.0
2.525 0.0
2.535 0.0
2.545 0.0
2.555 0.0
2.565 0.0
2.5749999999999997 0.0
2.585 0.0
2.5949999999999998 0.0
2.605 0.0
2.6149999999999998 0.0
2.625 0.0
2.635 0.0
2.645 0.0
2.655 0.0
2.665 0.0
2.675 0.0
2.685 0.0
2.695 0.0
2.705 0.0
2.715 0.0
2.725 0.0
2.735 0.0
2.745 0.0
2.755 0.0
2.765 0.0
2.775 0.0
2.785 0.0
2.795 0.0
2.805 0.0
2.815 0.0
2.8249999999999997 0.0
2.835 0.0
2.8449999999999998 0.0
2.855 0.0
2.8649999999999998 0.0
2.875 0.0
2.885 0.0
2.895 0.0
2.905 0.0
2.915 0.0
2.925 0.0
2.935 0.0
2.945 0.0
2.955 0.0
2.965 0.0
2.975 0.0
2.985 0.0
2.995 0.0
3.005 0.0
3.015 0.0
3.025 0.0
3.035 0.0
3.045 0.0
3.055 0.0
3.065 0.0
3.075 0.0
3.085 0.0
3.0949999999999998 0.0
3.105 0.0
3.1149999999999998 0.0
3.125 0.0
3.135 0.0
3.145 0.0
3.155 0.0
3.165 0.0
3.175 0.0
3.185 0.0
3.195 0.0
3.205 0.0
3.215 0.0
3.225 0.0
3.235 0.0
3.245 0.0
3.255 0.0
3.265 0.0
3.275 0.0
3.285 0.0
3.295 0.0
3.305 0.0
3.315 0.0
3.325 0.0
3.335 0.0037478830779977025
3.3449999999999998 0.005563298390399801
3.355 0.00817590298898202
3.3649999999999998 0.01189586865572013
3.375 0.017136165437668032
3.385 0.02443926763576909
3.395 0.03450799954576601
3.405 0.04824012617826485
3.415 0.06676581299669687
3.425 0.09148647691233759
3.435 0.12411284201622878
3.445 0.1666992295634625
3.455 0.22167030559059706
3.465 0.29183575701730063
3.475 0.3803877655360791
3.485 0.4908758124739055
3.495 0.6271534001534268
3.505 0.7932918351947176
3.515 0.9934573857838777
3.525 1.231749958892943
3.535 1.5120039483084515
3.545 1.8375550099951121
3.555 2.21098007277515
3.565 2.633821646698714
3.575 3.106311126029567
3.585 3.6271089159778493
3.5949999999999998 4.193081432542343
3.605 4.799135939325216
3.6149999999999998 5.438133465703779
3.625 6.100897485144097
3.635 6.776331569441988
3.645 7.451653015607444
3.655 8.112741813206414
3.665 8.74459582067424
3.675 9.331874344624811
3.685 9.859504256144373
3.695 10.313316136815585
3.705 10.680673454367414
3.715 10.95105599014679
3.725 11.116560006936234
3.735 11.17533984647841
3.745 11.121099032058657
3.755 10.957726606472082
3.765 10.690379143850928
3.775 10.327297318475333
3.785 9.8794439469515
3.795 9.360028987045764
3.805 8.783954332345989
3.815 8.167215199540305
3.825 7.526295680430816
3.835 6.877593674832387
3.8449999999999998 6.23690528803001
3.855 5.618991477509697
3.8649999999999998 5.037241059663277
3.875 4.503435021882407
3.885 4.027608311921348
3.895 3.617997690212664
3.905 3.2810584685767186
3.915 3.0215294475688026
3.925 2.842524295411425
3.935 2.74562893567511
3.945 2.730987959247898
3.955 2.7973681939511317
3.965 2.9421937605301
3.975 3.161553543679636
3.985 3.450188316688255
3.995 3.801470121196819
4.005 4.207390355366264
4.015 4.661257232680463
4.025 5.148326236214435
4.035 5.658687808374963
4.045 6.179710020919307
4.055 6.698113768907427
4.065 7.200336508694268
4.075 7.672963543191042
4.085 8.103209244730191
4.095 8.479424036849526
4.1049999999999995 8.791598075990015
4.115 9.031829907693561
4.125 9.194728242199927
4.135 9.277717485502805
4.145 9.278722857807969
4.155 9.207065259815638
4.165 9.065537818197893
4.175 8.865844931500689
4.185 8.618184802069816
4.195 8.333899002932077
4.205 8.029500526045412
4.215 7.720512624820847
4.225 7.422474448371284
4.235 7.150298729853997
4.245 6.917674503235894
4.255 6.736545624757193
4.265 6.616690820539171
4.275 6.565424621614838
4.285 6.58743127484148
4.295 6.684735921389512
4.305 6.8568093877829455
4.315 7.100795198770446
4.325 7.411840253984991
4.335 7.7835043753114
4.345 8.2082190031342
4.355 8.677762072005786
4.365 9.183714879853873
4.375 9.717867863711916
4.385 10.272545774812105
4.395 10.840828799142866
4.405 11.416654468759706
4.415 11.994795280016586
4.425 12.570718059131622
4.435 13.140342368891067
4.445 13.699725577089335
4.455 14.244710525384914
4.465 14.770577062728371
4.475 15.271740282917456
4.485 15.74153571370044
4.495 16.172124948912508
4.505 16.55454475452594
4.515 16.878909407339833
4.525 17.134761190242088
4.535 17.31154904739378
4.545 17.39716242273299
4.555 17.387406075467077
4.565 17.27208240031757
4.575 17.046323119783853
4.585 16.708009255063637
4.595 16.258104356055373
4.605 15.700813859345917
4.615 15.043555587263398
4.625 14.29674186257412
4.635 13.473388802633682
4.645 12.58858162700784
4.655 11.658835068385134
4.665 10.701394394337623
4.675 9.735554741110079
4.685 8.774847832377624
4.695 7.836101464684972
4.705 6.933077332896249
4.715 6.077467942189443
4.725 5.278679431108445
4.735 4.543753916615646
4.745 3.877421367985656
4.755 3.282263223713838
4.765 2.758964429495302
4.775 2.306627432454703
4.785 1.9231208131846218
4.795 1.6054363799084563
4.805 1.3500312717316674
4.815 1.1531354486825323
4.825 1.0092203940685787
4.835 0.9208682086192052
4.845 0.8794402278891051
4.855 0.8836596680505524
4.865 0.9314220841269941
4.875 1.0210235811623454
4.885 1.1510664881534711
4.895 1.3203261342057524
4.905 1.5275915651112921
4.915 1.771494138240134
4.925 2.0503384230775397
4.935 2.3619496398565896
4.945 2.703550907540755
4.955 3.0716817797418736
4.965 3.4621669030410014
4.975 3.870140188578182
4.985 4.288459708221063
4.995 4.713413654718699
5.005 5.140220225307698
5.015 5.560204019569917
5.025 5.96728785369536
5.035 6.355748872341433
5.045 6.720440614570564
5.055 7.056976676658444
5.065 7.361861285267314
5.075 7.63255630083466
5.085 7.867479646728967
5.095 8.065936393321
5.105 8.22799008503816
5.115 8.35428769879023
5.125 8.445856209579835
5.135 8.503891570707166
5.145 8.529561631549027
5.155 8.523842988753138
5.165 8.487408126136055
5.175 8.420573820080769
5.185 8.323315250888001
5.195 8.195343282756822
5.205 8.036235722428035
5.215 7.845607763177156
5.225 7.623302861904681
5.235 7.369583379380081
5.245 7.085300592881061
5.255 6.772026069370229
5.265 6.432130536389541
5.275 6.070425231362123
5.285 5.688409046803892
5.295 5.2918900879552595
5.305 4.88613859057619
5.315 4.476785527201652
5.325 4.069618222612912
5.335 3.6703725589513923
5.345 3.2845377942881884
5.355 2.917187786136991
5.365 2.572849041220557
5.375 2.255411922038492
5.385 1.9680869780272285
5.395 1.7134041648871496
5.405 1.4932490419032376
5.415 1.308927178873195
5.425 1.1612461450830054
5.435 1.0506036725699714
5.445 0.9770708693341295
5.455 0.9404606097634213
5.465 0.9403732923845114
5.475 0.9762148295490936
5.485 1.0458308339889029
5.495 1.1513417870466665
5.505 1.2894242789147654
5.515 1.4583717290563707
5.525 1.6559789434613228
5.535 1.8794583448293465
5.545 2.1253697161529406
5.555 2.389575009586296
5.565 2.6686979119698955
5.575 2.9549914304194993
5.585 3.243413507656741
5.595 3.5275125159185143
5.605 3.8005942579378837
5.615 4.055950287094074
5.625 4.287116845550487
5.635 4.488150385672737
5.645 4.652630859736507
5.655 4.779442265473531
5.665 4.863923923624317
5.675 4.904757255923217
5.685 4.902173001938184
5.695 4.857992640033239
5.705 4.775591730018692
5.715 4.659785499904815
5.725 4.516641732797948
5.735 4.353230310832201
5.745 4.17732233437786
5.755 3.997054338146739
5.765 3.8205746564174694
5.775 3.6556894372039856
5.785 3.5095252514703392
5.795 3.3882238387404495
5.805 3.2966824641435473
5.815 3.238350832518523
5.825 3.2150926941124185
5.835 3.2271173304089436
5.845 3.2729831326789496
5.855 3.3496725467588635
5.865 3.4527347964491755
5.875 3.57649004798191
5.885 3.714286083090193
5.895 3.8587961776346686
5.905 4.002344838509724
5.915 4.1372464658231936
5.925 4.256141029788194
5.935 4.3523106286191995
5.945 4.419961442002389
5.955 4.454457176209974
5.965 4.4524925969040305
5.975 4.412199060488894
5.985 4.333177891537727
5.995 4.2164617424601465
6.005 4.06440838967602
6.015 3.88053542596151
6.025 3.669307676800531
6.035 3.435891628882378
6.045 3.185892524879429
6.055 2.9250899681174687
6.065 2.659186923097213
6.075 2.393585027894531
6.085 2.1321135789104115
6.095 1.8815836293469943
6.105 1.6439695561321899
6.115 1.4220703152497145
6.125 1.2178826014287625
6.135 1.03263499006966
6.1450000000000005 0.8668526923059169
6.155 0.7204449860441962
6.165 0.5928071037398491
6.175 0.482928716211291
6.185 0.38950202227604236
6.195 0.31102368202699593
6.205 0.2458862565547399
6.215 0.19245628889669922
6.225 0.14913755340241622
6.235 0.11560686039336424
6.245 0.08867256570423852
6.255 0.06794810280282644
6.265 0.05243017399905421
6.275 0.04129901071672757
6.285 0.033921082161375245
6.295 0.029848382961967256
6.305 0.028815950420079388
6.315 0.03073881447729383
6.325 0.03570907675236393
6.335 0.04399328303889048
6.345 0.05602972734767457
6.355 0.0724248341813259
6.365 0.09394733860638065
6.375 0.12053858121219281
6.385 0.1555504128888048
6.3950000000000005 0.19873452278455714
6.405 0.251381040520133
6.415 0.3148101874633101
6.425 0.3903211562125011
6.435 0.4791290026362531
6.445 0.5822907408497054
6.455 0.7006229569059828
6.465 0.834614446686015
6.475 0.9843385351986012
6.485 1.149370727047204
6.495 1.3287180413742934
6.505 1.5207666743841104
6.515 1.7232544045539369
6.525 1.9343635971145883
6.535 2.1489255708912935
6.545 2.363683752869084
6.555 2.5742539742409694
6.565 2.776002437344308
6.575 2.964225735677188
6.585 3.1343518950979017
6.595 3.2821520203581667
6.605 3.4039505674339403
6.615 3.496821523731366
6.625 3.5587579733466383
6.635 3.588803675015128
6.6450000000000005 3.587137316620261
6.655 3.555102876960559
6.665 3.4951827983997865
6.675 3.412004438438947
6.685 3.308370052152504
6.695 3.1902623390401654
6.705 3.0634735438093403
6.715 2.934092881544696
6.725 2.808254789252696
6.735 2.6918879858835356
6.745 2.5904776528842604
6.755 2.508851895008501
6.765 2.4510019692395937
6.775 2.419943725859654
6.785 2.4176254302179556
6.795 2.4448847478027775
6.805 2.501455276295463
6.815 2.5860206727158603
6.825 2.696312214714476
6.835 2.829243613183171
6.845 2.981075126786352
6.855 3.147597599491564
6.865 3.3243260448209293
6.875 3.506691936283468
6.885 3.6902235246597814
6.8950000000000005 3.870704354356673
6.905 4.044301710202499
6.915 4.207658945465747
6.925 4.35794839965733
6.935 4.4928847147473245
6.945 4.610701542786148
6.955 4.710097610395685
6.965 4.7913482067013575
6.975 4.852041618188963
6.985 4.892642176366865
6.995 4.912978055395369
