0.005 0.0
0.015 0.0
0.025 0.0
0.034999999999999996 0.0
0.045 0.0
0.055 0.0
0.065 0.0
0.07500000000000001 0.0
0.085 0.0
0.095 0.0
0.10500000000000001 0.0
0.115 0.0
0.125 0.0
0.135 0.0
0.14500000000000002 0.0
0.155 0.0
0.165 0.0
0.17500000000000002 0.0
0.185 0.0
0.195 0.0
0.20500000000000002 0.0
0.215 0.0
0.225 0.0
0.23500000000000001 0.0
0.245 0.0
0.255 0.0
0.265 0.0
0.275 0.0
0.28500000000000003 0.0
0.295 0.0
0.305 0.0
0.315 0.0
0.325 0.0
0.335 0.0
0.34500000000000003 0.0
0.35500000000000004 0.0
0.365 0.0
0.375 0.0
0.385 0.0
0.395 0.0
0.405 0.0
0.41500000000000004 0.0
0.425 0.0
0.435 0.0
0.445 0.0
0.455 0.0
0.465 0.0
0.47500000000000003 0.0
0.485 0.0
0.495 0.0
0.505 0.0
0.515 0.0
0.525 0.0
0.535 0.0
0.545 0.0
0.555 0.0
0.5650000000000001 0.0
0.5750000000000001 0.0
0.585 0.0
0.595 0.0
0.605 0.0
0.615 0.0
0.625 0.0
0.635 0.0
0.645 0.0
0.655 0.0
0.665 0.0
0.675 0.0
0.685 0.0
0.6950000000000001 0.0
0.7050000000000001 0.0
0.715 0.0
0.725 0.0
0.735 0.0
0.745 0.0
0.755 0.0
0.765 0.0
0.775 0.0
0.785 0.0
0.795 0.0
0.805 0.0
0.8150000000000001 0.0
0.8250000000000001 0.0
0.8350000000000001 0.0
0.845 0.0
0.855 0.0
0.865 0.0
0.875 0.0
0.885 0.0
0.895 0.0
0.905 0.0
0.915 0.0
0.925 0.0
0.935 0.0
0.9450000000000001 0.0
0.9550000000000001 0.0
0.965 0.0
0.975 0.0
0.985 0.0
0.995 0.0
1.005 0.0
1.015 0.0
1.025 0.0
1.035 0.0
1.045 0.0
1.055 0.0
1.065 0.0
1.075 0.0
1.085 0.0
1.095 0.0
1.105 0.0
1.115 0.0
1.125 0.0
1.135 0.0
1.145 0.0
1.155 0.0
1.1649999999999998 0.0
1.1749999999999998 0.0
1.1849999999999998 0.0
1.1949999999999998 0.0
1.2049999999999998 0.0
1.2149999999999999 0.0
1.2249999999999999 0.0
1.2349999999999999 0.0
1.2449999999999999 0.0
1.255 0.0
1.265 0.0
1.275 0.0
1.285 0.0
1.295 0.0
1.305 0.0
1.315 0.0
1.325 0.0
1.335 0.0
1.345 0.0
1.355 0.01697509013239722
1.365 0.025197555431988025
1.375 0.03703068832815672
1.385 0.05387933359487047
1.395 0.07761393479315556
1.405 0.1106914923046628
1.4149999999999998 0.1562952713271541
1.4249999999999998 0.21849147180753176
1.4349999999999998 0.3179261338594076
1.4449999999999998 0.437413289631836
1.4549999999999998 0.5960100273583776
1.4649999999999999 0.8043058984332166
1.4749999999999999 1.074993724100974
1.4849999999999999 1.4230467083651395
1.4949999999999999 1.865834788550259
1.505 2.423153827435072
1.515 3.117139494419538
1.525 3.972037725957218
1.535 5.013806002893479
1.545 6.26952474088592
1.555 7.766606095507994
1.565 9.531798432298329
1.575 11.589998305261163
1.585 13.96289739938272
1.595 16.667508571356997
1.605 19.71463162894279
1.615 23.10733437843686
1.625 26.83953620971919
1.635 30.894788607159317
1.645 35.245348221026106
1.655 39.85163263346299
1.665 44.66213633960443
1.6749999999999998 49.613864968927864
1.6849999999999998 54.63332025303999
1.6949999999999998 59.63803815545745
1.7049999999999998 64.53864986176495
1.7149999999999999 69.24140226794583
1.7249999999999999 73.65104362633416
1.7349999999999999 77.67395346707359
1.7449999999999999 81.22137588327315
1.755 84.21260336519167
1.765 86.57795561262671
1.775 88.26140449228195
1.785 89.22271219609038
1.795 89.43897370779312
1.805 88.90548535289857
1.815 87.63589651770792
1.825 85.6616393253132
1.835 83.03066878233028
1.845 79.80558133329896
1.855 76.06121074359864
1.865 71.88182496057527
1.875 67.35806469015203
1.885 62.58377299837775
1.895 57.65286499401401
1.905 52.656377840483295
1.915 47.67982481497607
1.9249999999999998 42.80095421112632
1.9349999999999998 38.08798630274018
1.9449999999999998 33.59837135223498
1.9549999999999998 29.378080874501222
1.9649999999999999 25.461415116687277
1.9749999999999999 21.871283832519858
1.9849999999999999 18.619896404259272
1.9949999999999999 15.709782221104048
2.005 13.135053462234035
2.015 10.882820028173686
2.025 8.934669801385189
2.035 7.2681357814371
2.045 5.858083735261929
2.0549999999999997 4.677968485044281
2.065 3.7009224688034155
2.0749999999999997 2.900655503516942
2.085 2.2521587124801266
2.0949999999999998 1.732217567487336
2.105 1.3197484546183667
2.1149999999999998 0.9959798987577064
2.125 0.7445036291779732
2.135 0.5512222914611695
2.145 0.40422020501723527
2.155 0.29358160289568985
2.165 0.19985577166702384
2.175 0.142964445250803
2.185 0.10125032994885168
2.195 0.07099404247624033
2.205 0.04928382651929504
2.215 0.03387224558450568
2.225 0.02304839105765491
2.235 0.015527240992344217
2.245 0.0
2.255 0.0
2.265 0.0
2.275 0.0
2.285 0.0
2.295 0.0
2.305 0.0
2.315 0.0
2.3249999999999997 0.0
2.335 0.0
2.3449999999999998 0.0
2.355 0.0
2.3649999999999998 0.0
2.375 0.0
2.385 0.0
2.395 0.0
2.405 0.0
2.415 0.0
2.425 0.0
2.435 0.0
2.445 0.0
2.455 0.0
2.465 0.0
2.475 0.0
2.485 0.0
2.495 0.0
2.505 0.0
2.515 0.0
2.525 0.0
2.535 0.0
2.545 0.0
2.555 0.0
2.565 0.0
2.5749999999999997 0.0
2.585 0.0
2.5949999999999998 0.0
2.605 0.0
2.6149999999999998 0.0
2.625 0.0
2.635 0.0
2.645 0.0
2.655 0.0
2.665 0.0
2.675 0.0
2.685 0.0
2.695 0.0
2.705 0.0
2.715 0.0
2.725 0.0
2.735 0.0
2.745 0.0
2.755 0.0
2.765 0.0
2.775 0.0
2.785 0.0
2.795 0.0
2.805 0.0
2.815 0.0
2.8249999999999997 0.0
2.835 0.0
2.8449999999999998 0.0
2.855 0.0
2.8649999999999998 0.0
2.875 0.0
2.885 0.0
2.895 0.0
2.905 0.0
2.915 0.0
2.925 0.004729158598855106
2.935 0.007019888260498217
2.945 0.010316528322544748
2.955 0.015010460137968121
2.965 0.021622778097508493
2.975 0.03083798781448794
2.985 0.04354292793689106
2.995 0.0608704174538116
3.005 0.0842465231897169
3.015 0.11992275871851749
3.025 0.16326297981954843
3.035 0.22012455805079556
3.045 0.2939380126219087
3.055 0.3887426564208313
3.065 0.5092153539198294
3.075 0.6606756267448636
3.085 0.849059802588952
3.0949999999999998 1.0808570340685846
3.105 1.3630007662784986
3.1149999999999998 1.7027106981175686
3.125 2.107282505391005
3.135 2.583825548204083
3.145 3.138952366295389
3.155 3.77842778376873
3.165 4.5067896287708615
3.175 5.326957088561431
3.185 6.239846191717892
3.195 7.244014458610655
3.205 8.335358047190894
3.215 9.506884480106086
3.225 10.74858212261764
3.235 12.047403981650517
3.245 13.38737826095898
3.255 14.74985173040227
3.265 16.11386476837935
3.275 17.4566494219633
3.285 18.75423454312903
3.295 19.98213552966227
3.305 21.116100887256785
3.315 22.132884088596807
3.325 23.01100725523284
3.335 23.73148310447185
3.3449999999999998 24.27846332586283
3.355 24.63978490503835
3.3649999999999998 24.807390637208105
3.375 24.78127473651129
3.385 24.5567059589619
3.395 24.14165152655611
3.405 23.545980305217178
3.415 22.78358825036067
3.425 21.875522003592806
3.435 20.836858324192402
3.445 19.693073775551937
3.455 18.46902651810814
3.465 17.190645496559682
3.475 15.884246403631133
3.485 14.575885818577298
3.495 13.290777641854323
3.505 12.052790635167076
3.515 10.884039349629992
3.525 9.804573437795332
3.535 8.8321628587923
3.545 7.982169425495906
3.555 7.267489143063033
3.565 6.698545429283409
3.575 6.283311050542938
3.585 6.0273367394276285
3.5949999999999998 5.933767050670476
3.605 6.003328891489971
3.6149999999999998 6.234284922467308
3.625 6.622352045611603
3.635 7.160593693256231
3.645 7.839302725705938
3.655 8.645898544521788
3.665 9.56486671425719
3.675 10.577771301733442
3.685 11.663368868717535
3.695 12.797848464827945
3.705 13.955214260771395
3.715 15.107817160186395
3.725 16.22702964537944
3.735 17.280891049156956
3.745 18.248689095815763
3.755 19.099415348060184
3.765 19.809353514356026
3.775 20.358257403568928
3.785 20.730148921374436
3.795 20.913957214256143
3.805 20.90395746195811
3.815 20.699979596128966
3.825 20.30438141599447
3.835 19.734743190254946
3.8449999999999998 19.00203713413064
3.855 18.125694108918047
3.8649999999999998 17.12826760241704
3.875 16.034474488736613
3.885 14.87018600007843
3.895 13.661425850351566
3.905 12.433428708246986
3.915 11.209804933203948
3.925 10.011847472536461
3.935 8.858005065992145
3.945 7.763533483651616
3.955 6.7403244689542285
3.965 5.796901276037043
3.975 4.9385608822234435
3.985 4.167636577602221
3.995 3.4838508772159984
4.005 2.8847275121124025
4.015 2.36603236715876
4.025 1.9222162227551773
4.035 1.546836506142681
4.045 1.2329404151839207
4.055 0.9733972161083944
4.065 0.7611727775364726
4.075 0.5895441248865535
4.085 0.4522557336732975
4.095 0.34362229268480904
4.1049999999999995 0.25858472737527727
4.115 0.1927274336124661
4.125 0.14226504758600633
4.135 0.10400682241531695
4.145 0.07530596446697943
4.155 0.05400026808383347
4.165 0.03834922474208538
4.175 0.026971594074587164
4.185 0.01633924525669312
4.195 0.011342649335070272
4.205 0.007795681281079349
4.215 0.005304576287358634
4.225 0.003573587161466379
4.235 0.0
4.245 0.0
4.255 0.0
4.265 0.0
4.275 0.0
4.285 0.0
4.295 0.0
4.305 0.0
4.315 0.0
4.325 0.0
4.335 0.0
4.345 0.0
4.355 0.0
4.365 0.0
4.375 0.0
4.385 0.002283512867944267
4.395 0.0056636086457296266
4.405 0.010621449998357282
4.415 0.015570039195720765
4.425 0.022598496419233144
4.435 0.03247531883797233
4.445 0.04620739014265151
4.455 0.06509590768362492
4.465 0.09079883120022705
4.475 0.12539818275834677
4.485 0.1714694397994252
4.495 0.2321489918967401
4.505 0.3111942367423721
4.515 0.41302946958427833
4.525 0.5427694101483068
4.535 0.7062111866116402
4.545 0.9097850606816993
4.555 1.1604543476479428
4.565 1.4655560674020367
4.575 1.8325760259439487
4.585 2.2688553706750487
4.595 2.7812301829280246
4.605 3.3756112328482795
4.615 4.056517340543277
4.625 4.826582425682832
4.635 5.686062709838053
4.645 6.632375985096621
4.655 7.659708659326903
4.665 8.758727746471001
4.675 9.916433523097428
4.685 11.116183861844773
4.695 12.33791320515469
4.705 13.558558024548802
4.715 14.75268704578776
4.725 15.8953100486031
4.735 16.955853885970555
4.745 17.908720540389567
4.755 18.728670899276814
4.765 19.393285983169086
4.775 19.884020022436058
4.785 20.187106640623604
4.795 20.294259310765476
4.805 20.20311971249901
4.815 19.91742397418291
4.825 19.44687563930535
4.835 18.806733891597805
4.845 18.01714436670732
4.855 17.10225613578367
4.865 16.089180818238475
4.875 15.006857343163745
4.885 13.884888220397421
4.895 12.752410428733508
4.905 11.637056801869457
4.915 10.564053111725828
4.925 9.555483190835552
4.935 8.629740773321267
4.945 7.80117357391261
4.955 7.079913565118975
4.965 6.471878240939343
4.975 5.978921290331544
4.985 5.599107591223248
4.995 5.327086492022632
5.005 5.154538438343462
5.015 5.07067244807472
5.025 5.062755023940221
5.035 5.11665417486817
5.045 5.217384803465368
5.055 5.349643518251233
5.065 5.498321878469211
5.075 5.648987312149951
5.085 5.788320757805698
5.095 5.904499850961114
5.105 5.987516609040253
5.115 6.029419405981185
5.125 6.02447079961846
5.135 5.969215554231273
5.145 5.862456893762795
5.155 5.705143378726639
5.165 5.500173452061516
5.175 5.252129207783475
5.185 4.96695485405087
5.195 4.650075222553733
5.205 4.311113289577135
5.215 3.957730505391727
5.225 3.5990530035225117
5.235 3.2403156771590704
5.245 2.888307690190134
5.255 2.5505575316388764
5.265 2.231090280232193
5.275 1.9324191518109584
5.285 1.6585708725683135
5.295 1.4115247345698094
5.305 1.192408383562803
5.315 1.001641323809318
5.325 0.8391014401983524
5.335 0.7043033352715231
5.345 0.5965779863153381
5.355 0.5152443204751578
5.365 0.4597645861504713
5.375 0.42987670052601473
5.385 0.4256979606489597
5.395 0.44779556541708204
5.405 0.4972203181202245
5.415 0.5755007299566746
5.425 0.6845956315489921
5.435 0.8268044491556051
5.445 1.0061660139927995
5.455 1.2229071373057936
5.465 1.4805199955873378
5.475 1.781105104620928
5.485 2.126147331036269
5.495 2.5162663569110237
5.505 2.95097726055862
5.515 3.4284780138701803
5.525 3.9454816085746343
5.535 4.495782499321329
5.545 5.075989847840616
5.555 5.676122353905983
5.565 6.286770350146878
5.575 6.897365000740057
5.585 7.49652752503386
5.595 8.072493896976884
5.605 8.613593785795139
5.615 9.10875633124628
5.625 9.548010976319063
5.635 9.92294960061573
5.645 10.227117000131823
5.655 10.456300475447904
5.665 10.60869575748195
5.675 10.684935258173365
5.685 10.687974959818323
5.695 10.622847232002549
5.705 10.496297467139815
5.715 10.316331639048713
5.725 10.091708816929742
5.735 9.831416632123648
5.745 9.544168316065042
5.755 9.237957163382156
5.765 8.919698426306176
5.775 8.594980325907114
5.785 8.267935920681383
5.795 7.9412369941442025
5.805 7.616200932869261
5.815 7.292992709311054
5.825 6.9708973286850995
5.835 6.648633965986386
5.845 6.32602234655544
5.855 5.999578519362722
5.865 5.669162851061221
5.875 5.334313258786148
5.885 4.995282139356743
5.895 4.653103981178289
5.905 4.309590420727564
5.915 3.967261327751154
5.925 3.629225006089402
5.935 3.29902334156874
5.945 2.980458637870096
5.955 2.6774180723957093
5.965 2.393709455334994
5.975 2.132918681013427
5.985 1.898295379500681
5.995 1.6926692771753902
6.005 1.5183960887859653
6.015 1.377328745608786
6.025 1.2708076667999513
6.035 1.199662739460606
6.045 1.1642197045231673
6.055 1.1643046583698042
6.065 1.198151722439972
6.075 1.2660383308545706
6.085 1.3672073948978467
6.095 1.4978493534747492
6.105 1.655180889266067
6.115 1.8358068363312514
6.125 2.035724236063129
6.135 2.250347196722173
6.1450000000000005 2.4745592660770535
6.155 2.7040148386836256
6.165 2.93219326271146
6.175 3.1520773865896667
6.185 3.3597976087799286
6.195 3.5479078446014807
6.205 3.7121610965576277
6.215 3.848253873371894
6.225 3.952853424505496
6.235 4.023796003697168
6.245 4.060247891509223
6.255 4.061797851141335
6.265 4.03294410110304
6.275 3.975813236980367
6.285 3.8966497329860847
6.295 3.80005019228299
6.305 3.69435244784301
6.315 3.5880255954774065
6.325 3.4901862480516415
6.335 3.4103034291236924
6.345 3.35788211742582
6.355 3.342134996165887
6.365 3.371651629736692
6.375 3.4540739677830485
6.385 3.595786926780425
6.3950000000000005 3.8027652791253175
6.405 4.076340344720409
6.415 4.418380086974366
6.425 4.827860602987922
6.435 5.301534761139796
6.445 5.833919483467394
6.455 6.417364997692124
6.465 7.042211473066496
6.475 7.697034686510625
6.485 8.36897760113669
6.495 9.044159269430018
6.505 9.708146736593017
6.515 10.347563569538694
6.525 10.946779801409825
6.535 11.493641309433485
6.545 11.976798085200798
6.555 12.386862232878787
6.565 12.716747536593182
6.575 12.961900243031469
6.585 13.120408248479563
6.595 13.192983808916868
6.605 13.182823233671561
6.615 13.095355037185447
6.625 12.937895006673209
6.635 12.719232007375513
6.6450000000000005 12.44917167910668
6.655 12.137172123648337
6.665 11.795767381826202
6.675 11.433772627943533
6.685 11.061732286445768
6.695 10.686446775068358
6.705 10.315965617919602
6.715 9.956296505550032
6.725 9.612085600245091
6.735 9.286637880017993
6.745 8.981995771823854
6.755 8.699063165968182
6.765 8.437761305827367
6.775 8.197203568797972
6.785 7.975877546180641
6.795 7.771824790996398
6.805 7.583943190997369
6.815 7.408161018806629
6.825 7.242963251897993
6.835 7.0862362316084635
6.845 6.9361254367955905
6.855 6.791117994089232
6.865 6.650104983464404
6.875 6.512423123238856
6.885 6.377875134373831
6.8950000000000005 6.246727913954169
6.905 6.119687752555375
6.915 5.9990222582702515
6.925 5.8843766505612765
6.935 5.778250785541442
6.945 5.68250986888426
6.955 5.599050629887858
6.965 5.528870754181579
6.975 5.474665241949373
6.985 5.438444654014316
6.995 5.4191545175773985
