0.005 0.0
0.015 0.0
0.025 0.0
0.034999999999999996 0.0
0.045 0.0
0.055 0.0
0.065 0.0
0.07500000000000001 0.0
0.085 0.0
0.095 0.0
0.10500000000000001 0.0
0.115 0.0
0.125 0.0
0.135 0.0
0.14500000000000002 0.0
0.155 0.0
0.165 0.0
0.17500000000000002 0.0
0.185 0.0
0.195 0.0
0.20500000000000002 0.0
0.215 0.0
0.225 0.0
0.23500000000000001 0.0
0.245 0.0
0.255 0.0
0.265 0.0
0.275 0.0
0.28500000000000003 0.0
0.295 0.0
0.305 0.0
0.315 0.0
0.325 0.0
0.335 0.0
0.34500000000000003 0.0
0.35500000000000004 0.0
0.365 0.0
0.375 0.0
0.385 0.0
0.395 0.0
0.405 0.0
0.41500000000000004 0.0
0.425 0.0
0.435 0.0
0.445 0.0
0.455 0.0
0.465 0.0
0.47500000000000003 0.0
0.485 0.0
0.495 0.0
0.505 0.0
0.515 0.0
0.525 0.0
0.535 0.0
0.545 0.0
0.555 0.0
0.5650000000000001 0.0
0.5750000000000001 0.0
0.585 0.0
0.595 0.0
0.605 0.0
0.615 0.0
0.625 0.0
0.635 0.0
0.645 0.0
0.655 0.0
0.665 0.0
0.675 0.0
0.685 0.0
0.6950000000000001 0.0
0.7050000000000001 0.0
0.715 0.0
0.725 0.0
0.735 0.0
0.745 0.0
0.755 0.0
0.765 0.0
0.775 0.0
0.785 0.0
0.795 0.0
0.805 0.0
0.8150000000000001 0.0
0.8250000000000001 0.0
0.8350000000000001 0.0
0.845 0.0
0.855 0.0
0.865 0.0
0.875 0.0
0.885 0.0
0.895 0.0
0.905 0.0
0.915 0.0
0.925 0.0
0.935 0.0
0.9450000000000001 0.0
0.9550000000000001 0.0
0.965 0.0
0.975 0.0
0.985 0.0
0.995 0.0
1.005 0.0
1.015 0.0
1.025 0.0
1.035 0.0
1.045 0.0
1.055 0.0
1.065 0.0
1.075 0.0
1.085 0.0
1.095 0.0
1.105 0.0
1.115 0.0
1.125 0.0
1.135 0.0
1.145 0.0
1.155 0.0
1.1649999999999998 0.0
1.1749999999999998 0.0
1.1849999999999998 0.0
1.1949999999999998 0.0
1.2049999999999998 0.0
1.2149999999999999 0.0
1.2249999999999999 0.0
1.2349999999999999 0.0
1.2449999999999999 0.0
1.255 0.0
1.265 0.0
1.275 0.0
1.285 0.0
1.295 0.0
1.305 0.0
1.315 0.0
1.325 0.0
1.335 0.0
1.345 0.0
1.355 0.0
1.365 0.0
1.375 0.0
1.385 0.0
1.395 0.0
1.405 0.0
1.4149999999999998 0.0
1.4249999999999998 0.0
1.4349999999999998 0.0
1.4449999999999998 0.0
1.4549999999999998 0.0
1.4649999999999999 0.0
1.4749999999999999 0.0
1.4849999999999999 0.0
1.4949999999999999 0.0
1.505 0.0
1.515 0.0
1.525 0.0
1.535 0.0
1.545 0.0
1.555 0.0
1.565 0.0
1.575 0.0
1.585 0.0
1.595 0.0
1.605 0.0
1.615 0.012877053891185628
1.625 0.019114495221712578
1.635 0.028090935924947144
1.645 0.04087207059938809
1.655 0.07125742740747595
1.665 0.10234656131137781
1.6749999999999998 0.1455713123629355
1.6849999999999998 0.2050408516314622
1.6949999999999998 0.28600241695301093
1.7049999999999998 0.39506301768928803
1.7149999999999999 0.5404220822299994
1.7249999999999999 0.7321035381063197
1.7349999999999999 0.9821714553069142
1.7449999999999999 1.3049088098654738
1.755 1.7169345166874643
1.765 2.2372301360127347
1.775 2.8870451747951806
1.785 3.6896493421597967
1.795 4.66990213914346
1.805 5.853615353748827
1.815 7.2666928115456155
1.825 8.934044252175061
1.835 10.878286257933361
1.845 13.118262118275629
1.855 15.677715183968498
1.865 18.547478325056964
1.875 21.732786169244058
1.885 25.22208738868599
1.895 28.992751079660014
1.905 33.01031138761065
1.915 37.228219716341265
1.9249999999999998 41.58819672915043
1.9349999999999998 46.021246441384065
1.9449999999999998 50.449355375714006
1.9549999999999998 54.787853260128486
1.9649999999999999 58.948361361189015
1.9749999999999999 62.84220431437407
1.9849999999999999 66.3841157359053
1.9949999999999999 69.4960314872821
2.005 72.11074126725615
2.015 74.17516235766178
2.025 75.65301066461156
2.035 76.52667389754632
2.045 76.79813832719762
2.0549999999999997 76.4888809226095
2.065 75.63870824302253
2.0749999999999997 74.30359670140744
2.085 72.55265967975723
2.0949999999999998 70.46442950269989
2.105 68.12269116271968
2.1149999999999998 65.61213579835929
2.125 63.014112670417006
2.135 60.40274795957917
2.145 57.841668160800445
2.155 55.38151792960409
2.165 53.05840113053152
2.175 50.893304758900754
2.185 48.89249409726408
2.195 47.048799681340284
2.205 45.34365764711637
2.215 43.74971913821748
2.225 42.23381472518558
2.235 40.76004779676745
2.245 39.292796643928824
2.255 37.799427002604666
2.265 36.252552400277175
2.275 34.63172503663682
2.285 32.92449079596907
2.295 31.12679383501293
2.305 29.242764743367356
2.315 27.291060819547464
2.3249999999999997 25.278743862584022
2.335 23.23354777272801
2.3449999999999998 21.18172238146413
2.355 19.151109533480962
2.3649999999999998 17.169579969949847
2.375 15.263661012723581
2.385 13.457427612155714
2.395 11.771700190763342
2.405 10.223563705578357
2.415 8.826195765392859
2.425 7.580380567812887
2.435 6.512106556749916
2.445 5.611815080293883
2.455 4.880291098427766
2.465 4.308165503957001
2.475 3.9123444228692463
2.485 3.6776330216304443
2.495 3.6006684144689607
2.505 3.6777800707069987
2.515 3.9050554863670963
2.525 4.278235806645804
2.535 4.792460316069575
2.545 5.441890849692661
2.555 6.219257257565818
2.565 7.11537251854237
2.5749999999999997 8.118670444926886
2.585 9.214819728076963
2.5949999999999998 10.386465063159532
2.605 11.613139171322162
2.6149999999999998 12.871378879665633
2.625 14.135064498947374
2.635 15.375985356664177
2.645 16.564616607065545
2.655 17.671074702883764
2.665 18.659344875467657
2.675 19.51819458738412
2.685 20.213426994881125
2.695 20.73059048992132
2.705 21.046454597805234
2.715 21.155714593436695
2.725 21.05567690967396
2.735 20.750088246777434
2.745 20.2490186328002
2.755 19.568449621350315
2.765 18.72959841700973
2.775 17.758025849655
2.785 16.682588804043828
2.795 15.534304911727405
2.805 14.345198567193716
2.815 13.147192791810268
2.8249999999999997 11.971101870378442
2.835 10.845766240350205
2.8449999999999998 9.79735537044935
2.855 8.848848024991526
2.8649999999999998 8.019684040490247
2.875 7.325569002191834
2.885 6.778404109294297
2.895 6.386308719195055
2.905 6.153702728533194
2.915 6.081419759251193
2.925 6.16682931625256
2.935 6.403955578173231
2.945 6.783590972089191
2.955 7.293412794840802
2.965 7.918119580749799
2.975 8.639609588917772
2.985 9.437225924487453
2.995 10.288091049179597
3.005 11.167547850210076
3.015 12.049715534283479
3.025 12.908157295223704
3.035 13.716644169944013
3.045 14.449987123273178
3.055 15.089278561497817
3.065 15.607338307879667
3.075 15.990336429324701
3.085 16.22579484760418
3.0949999999999998 16.30602840845077
3.105 16.228469172208406
3.1149999999999998 15.995771835748622
3.125 15.610960760050649
3.135 15.097617362453766
3.145 14.465607363500869
3.155 13.735332964342525
3.165 12.929830299547906
3.175 12.073884408395426
3.185 11.193119947602158
3.195 10.31311553385657
3.205 9.458582668639929
3.215 8.652640587151609
3.225 7.916207289426468
3.235 7.267515742144147
3.245 6.721754005103569
3.255 6.290819853460844
3.265 5.983175039256764
3.275 5.803781986572983
3.285 5.754106365875865
3.295 5.8321721928303445
3.305 6.032661089140116
3.315 6.347053171035053
3.325 6.763812661287048
3.335 7.268625772918227
3.3449999999999998 7.844700882110913
3.355 8.473140964226472
3.3649999999999998 9.1333955217935
3.375 9.803793965718464
3.385 10.462155149099894
3.395 11.086459314503303
3.405 11.655560111599465
3.415 12.149906656998802
3.425 12.555813455197953
3.435 12.853528924987446
3.445 13.034773171137608
3.455 13.092804005157038
3.465 13.025049407244568
3.475 12.833178842784651
3.485 12.522991524049795
3.495 12.104128468176434
3.505 11.585986471286985
3.515 10.992941946246596
3.525 10.337727018965582
3.535 9.63991571066385
3.545 8.919747854051902
3.555 8.197434748129783
3.565 7.492521494714181
3.575 6.823331032468379
3.585 6.206505514746267
3.5949999999999998 5.656651073979012
3.605 5.18608319494575
3.6149999999999998 4.804662752410563
3.625 4.5197078890656766
3.635 4.335964655268934
3.645 4.255619720064505
3.655 4.278341201952232
3.665 4.4013382021271035
3.675 4.619435204130196
3.685 4.925163281290368
3.695 5.308875172828877
3.705 5.758894991059697
3.715 6.261715026244908
3.725 6.802251489662895
3.735 7.364168032920246
3.745 7.930270750677628
3.755 8.482971633253452
3.765 9.00782377745141
3.775 9.483486243493198
3.785 9.89664444902355
3.795 10.23386119041788
3.805 10.484116824526795
3.815 10.639262249151544
3.825 10.694365831762754
3.835 10.647930909490912
3.8449999999999998 10.501968377178205
3.855 10.261918208684886
3.8649999999999998 9.933502282213206
3.875 9.53504195953204
3.885 9.076155998161761
3.895 8.572614348931584
3.905 8.041356239180764
3.915 7.499863349477304
3.925 6.965539039444864
3.935 6.455120714275935
3.945 5.984147029258348
3.955 5.566495419265911
3.965 5.213999183441712
3.975 4.936147748769602
3.985 4.739869318105805
3.995 4.62939219758713
4.005 4.606179765703366
4.015 4.6689341188823725
4.025 4.81366452787422
4.035 5.033818446611859
4.045 5.320474353616804
4.055 5.662596629367693
4.065 6.047352549534929
4.075 6.460490052552696
4.085 6.889371407664698
4.095 7.3143185407172115
4.1049999999999995 7.721503478519828
4.115 8.095976148830633
4.125 8.423949220958491
4.135 8.69332500354793
4.145 8.894172021528377
4.155 9.019125724700126
4.165 9.063690371484595
4.175 9.02642375908097
4.185 8.908992788196915
4.195 8.716095309329578
4.205 8.455251618270177
4.215 8.136476622807756
4.225 7.771850403721099
4.235 7.372626578698977
4.245 6.959015250445564
4.255 6.542602969039443
4.265 6.138343473732996
4.275 5.762827328789315
4.285 5.425367582040577
4.295 5.138943360944036
4.305 4.9129193309154235
4.315 4.756721651843763
4.325 4.671388058512845
4.335 4.660670956633492
4.345 4.7242420954841835
4.355 4.859364014403611
4.365 5.061080190448577
4.375 5.322487216598012
4.385 5.635081694342221
4.395 5.989171913823763
4.405 6.374341168784642
4.415 6.78220099619211
4.425 7.1989750956211385
4.435 7.6167347304344135
4.445 8.027347179752189
4.455 8.424392621197683
4.465 8.803486296922653
4.475 9.162485430224088
4.485 9.501561405123667
4.495 9.82312512997187
4.505 10.131602741933687
4.515 10.433069215239552
4.525 10.736913693910001
4.535 11.047675814105382
4.545 11.374660798272703
4.555 11.725050894019398
4.565 12.104725511900394
4.575 12.515710152204804
4.585 12.96447621868971
4.595 13.447333023349596
4.605 13.963015666299848
4.615 14.504493515265178
4.625 15.061848761910507
4.635 15.626546692120202
4.645 16.187364171926227
4.655 16.73241940699582
4.665 17.249860248971444
4.675 17.728550677246822
4.685 18.158709900379293
4.695 18.53246334119972
4.705 18.84427244780396
4.715 19.091219981189248
4.725 19.273138207345365
4.735 19.392578281471263
4.745 19.4546291525979
4.755 19.466602810481966
4.765 19.437609153042114
4.775 19.378047948453833
4.785 19.299047337699797
4.795 19.211878327122875
4.805 19.127373167190864
4.815 19.055372889156832
4.825 19.004226055190426
4.835 18.980357372153733
4.845 18.9879214987855
4.855 19.028554262959744
4.865 19.10123057504685
4.875 19.20411441552509
4.885 19.328040501273456
4.895 19.463927570014143
4.905 19.60518848606273
4.915 19.737053928662412
4.925 19.84624192566982
4.935 19.918962031875683
4.945 19.94156679619386
4.955 19.90304630253737
4.965 19.789277618054875
4.975 19.59231639302152
4.985 19.305663079752488
4.995 18.925914095417216
5.005 18.453061991134717
5.015 17.890640865227496
5.025 17.245705463512007
5.035 16.528641757583273
5.045 15.752816509295382
5.055 14.93408266559851
5.065 14.09016566213068
5.075 13.239962230218799
5.085 12.401192082675994
5.095 11.596555698729283
5.105 10.84161517376036
5.115 10.152527506547308
5.125 9.541493372186043
5.135 9.024791229449228
5.145 8.605241473017026
5.155 8.288390430995944
5.165 8.075159363504463
5.175 7.963060336646886
5.185 7.946401915966989
5.195 8.01660919528948
5.205 8.162640766272295
5.215 8.371482621502583
5.225 8.627193180954023
5.235 8.918012581808267
5.245 9.226230113180975
5.255 9.536699246203264
5.265 9.835134164195189
5.275 10.1086067717196
5.285 10.345971451645074
5.295 10.539814528678097
5.305 10.681024912999845
5.315 10.768197737905385
5.325 10.797366662752669
5.335 10.769176517365036
5.345 10.690308404354415
5.355 10.564023557943479
5.365 10.39739785091752
5.375 10.198763326505789
5.385 9.977268730955561
5.395 9.74242837219123
5.405 9.503684636756615
5.415 9.268616188615539
5.425 9.047251907900696
5.435 8.847897209273945
5.445 8.674413307720025
5.455 8.531361368299457
5.465 8.421930425727119
5.475 8.348018162922648
5.485 8.310369648882528
5.495 8.308753442133709
5.505 8.342151974948557
5.515 8.408943032344975
5.525 8.507051514676496
5.535 8.634055343047462
5.545 8.78723588948019
5.555 8.963571017320364
5.565 9.159676867408496
5.575 9.37171201351336
5.585 9.595263656592671
5.595 9.825239385270987
5.605 10.055789180025801
5.615 10.280280557957614
5.625 10.49134515316592
5.635 10.681008043130724
5.645 10.84090248778979
5.655 10.962563374491479
5.665 11.037783587457797
5.675 11.059009753446212
5.685 11.018494989423317
5.695 10.914121830215331
5.705 10.74079769365472
5.715 10.497316286318698
5.725 10.184629602272256
5.735 9.805880796266745
5.745 9.36631494394383
5.755 8.873073375219327
5.765 8.333670175584139
5.775 7.760882430614692
5.785 7.16364019918564
5.795 6.552980412845112
5.805 5.939774036403041
5.815 5.33431066062894
5.825 4.745940490363973
5.835 4.1827909141127115
5.845 3.6515679977880096
5.855 3.157446282702136
5.865 2.704043809659899
5.875 2.29347383900135
5.885 1.9264606339673365
5.895 1.6025040919901832
5.905 1.3200769490654245
5.915 1.0768386072984883
5.925 0.8698510995291917
5.935 0.6957849974376424
5.945 0.5499675941869451
5.955 0.4314831263004083
5.965 0.33518801521919794
5.975 0.2578166106237843
5.985 0.1963499737768776
5.995 0.14806353935277194
6.005 0.11055095829751288
6.015 0.08172854660436513
6.025 0.05982485946528987
6.035 0.04335967387615873
6.045 0.031116195528932505
6.055 0.02210970215371908
6.065 0.015555176851828292
6.075 0.010835835790948002
6.085 0.007473860938900898
6.095 0.005104138817121805
6.105 0.0023761904474633826
6.115 0.0016007920739099166
6.125 0.0
6.135 0.0
6.1450000000000005 0.0
6.155 0.001216807924126203
6.165 0.0018062104459602298
6.175 0.0026544327389197517
6.185 0.005067922939240983
6.195 0.007353310287692473
6.205 0.010564886039464448
6.215 0.015030619493800556
6.225 0.021174842084406488
6.235 0.03191428506418814
6.245 0.04433003019184417
6.255 0.060996280056353144
6.265 0.08314016821170327
6.275 0.11226148184148844
6.285 0.15016659501009622
6.295 0.19899822909538867
6.305 0.26125780033193924
6.315 0.3398165843276587
6.325 0.4379115342743668
6.335 0.5591214110000844
6.345 0.7073189984226664
6.355 0.8865956604403549
6.365 1.1011554019764547
6.375 1.3551769586987081
6.385 1.6526442516866844
6.3950000000000005 1.9971477556434576
6.405 2.3916618435738943
6.415 2.838305838868067
6.425 3.3380991342217996
6.435 3.8907230984167476
6.445 4.49430434157026
6.455 5.145235005485314
6.465 5.83804587455903
6.475 6.565347103935331
6.485 7.317849151439299
6.495 8.086672614777864
6.505 8.855819924681217
6.515 9.612941878122406
6.525 10.343366768504074
6.535 11.032039621509321
6.545 11.664052977258219
6.555 12.225213160617832
6.565 12.702615105582158
6.575 13.085196486094649
6.585 13.36424137643734
6.595 13.533805041035063
6.605 13.591034709858075
6.615 13.536366155397786
6.625 13.373582237331236
6.635 13.109726897819431
6.6450000000000005 12.754875876987485
6.655 12.32177314852478
6.665 11.825349240623645
6.675 11.282143758772072
6.685 10.70965921031991
6.695 10.12567641053252
6.705 9.549762742848909
6.715 8.994873058211411
6.725 8.477206574386024
6.735 8.009320607353958
6.745 7.60118342084484
6.755 7.259882938552876
6.765 6.989469722385892
6.775 6.790939351745158
6.785 6.662352949640156
6.795 6.599088268331911
6.805 6.594207673215718
6.815 6.6389237585923055
6.825 6.723138419480532
6.835 6.836027236282454
6.845 6.966638263432827
6.855 7.104473003346424
6.865 7.240017713697318
6.875 7.365195391841185
6.885 7.473712853589948
6.8950000000000005 7.561283188485481
6.905 7.625711289977264
6.915 7.666838728800019
6.925 7.68635342191786
6.935 7.687478701423095
6.945 7.674564806490754
6.955 7.652612814045199
6.965 7.6283296754297245
6.975 7.604795761644862
6.985 7.586521538428903
6.995 7.575675326136583
