0.005 0.0
0.015 0.0
0.025 0.0
0.034999999999999996 0.0
0.045 0.0
0.055 0.0
0.065 0.0
0.07500000000000001 0.0
0.085 0.0
0.095 0.0
0.10500000000000001 0.0
0.115 0.0
0.125 0.0
0.135 0.0
0.14500000000000002 0.0
0.155 0.0
0.165 0.0
0.17500000000000002 0.0
0.185 0.0
0.195 0.0
0.20500000000000002 0.0
0.215 0.0
0.225 0.0
0.23500000000000001 0.0
0.245 0.0
0.255 0.0
0.265 0.0
0.275 0.0
0.28500000000000003 0.0
0.295 0.0
0.305 0.0
0.315 0.0
0.325 0.0
0.335 0.0
0.34500000000000003 0.0
0.35500000000000004 0.0
0.365 0.0
0.375 0.0
0.385 0.0
0.395 0.0
0.405 0.0
0.41500000000000004 0.0
0.425 0.0
0.435 0.0
0.445 0.0
0.455 0.0
0.465 0.0
0.47500000000000003 0.0
0.485 0.0
0.495 0.0
0.505 0.0
0.515 0.0
0.525 0.0
0.535 0.0
0.545 0.0
0.555 0.0
0.5650000000000001 0.0
0.5750000000000001 0.0
0.585 0.0
0.595 0.0
0.605 0.0
0.615 0.0
0.625 0.0
0.635 0.0
0.645 0.0
0.655 0.0
0.665 0.0
0.675 0.0
0.685 0.0
0.6950000000000001 0.0
0.7050000000000001 0.0
0.715 0.0
0.725 0.0
0.735 0.0
0.745 0.0
0.755 0.0
0.765 0.0
0.775 0.0
0.785 0.0
0.795 0.0
0.805 0.0
0.8150000000000001 0.0
0.8250000000000001 0.0
0.8350000000000001 0.0
0.845 0.0
0.855 0.0
0.865 0.0
0.875 0.0
0.885 0.0
0.895 0.0
0.905 0.0
0.915 0.0
0.925 0.0
0.935 0.0
0.9450000000000001 0.0
0.9550000000000001 0.0
0.965 0.0
0.975 0.0
0.985 0.0
0.995 0.0
1.005 0.0
1.015 0.0
1.025 0.0
1.035 0.0
1.045 0.0
1.055 0.0
1.065 0.0
1.075 0.0
1.085 0.0
1.095 0.0
1.105 0.0
1.115 0.0
1.125 0.0
1.135 0.0
1.145 0.0
1.155 0.0
1.1649999999999998 0.0
1.1749999999999998 0.0
1.1849999999999998 0.0
1.1949999999999998 0.0
1.2049999999999998 0.0
1.2149999999999999 0.0
1.2249999999999999 0.0
1.2349999999999999 0.0
1.2449999999999999 0.0
1.255 0.0
1.265 0.0
1.275 0.0
1.285 0.0
1.295 0.0
1.305 0.0
1.315 0.0
1.325 0.0
1.335 0.0
1.345 0.0
1.355 0.0
1.365 0.0
1.375 0.0
1.385 0.0
1.395 0.0
1.405 0.0
1.4149999999999998 0.0
1.4249999999999998 0.0
1.4349999999999998 0.0
1.4449999999999998 0.0
1.4549999999999998 0.0
1.4649999999999999 0.0
1.4749999999999999 0.0
1.4849999999999999 0.0
1.4949999999999999 0.0
1.505 0.0
1.515 0.0
1.525 0.0
1.535 0.0
1.545 0.0
1.555 0.0
1.565 0.0
1.575 0.0
1.585 0.0
1.595 0.0
1.605 0.0
1.615 0.0
1.625 0.012750187396447659
1.635 0.018926176602565983
1.645 0.027814180185255288
1.655 0.04046939337419013
1.665 0.05829672805682196
1.6749999999999998 0.0831416657625479
1.6849999999999998 0.11739519396109534
1.6949999999999998 0.16411148266923983
1.7049999999999998 0.22713532137156697
1.7149999999999999 0.3112342889565995
1.7249999999999999 0.4222282181913866
1.7349999999999999 0.5671058492339919
1.7449999999999999 0.7541158242369438
1.755 0.9928166150110164
1.765 1.2940679292727861
1.775 1.669944997528984
1.785 2.1335573207229115
1.795 2.6987553635766655
1.805 3.3797126472516923
1.815 4.190376934021673
1.825 5.143792718155156
1.835 6.251307802599836
1.845 7.521688823002266
1.855 8.960183352936909
1.865 10.567578588846148
1.875 12.339317268870268
1.885 14.264739032905563
1.895 16.326518542332412
1.905 18.500369230210833
1.915 20.755072824646735
1.9249999999999998 23.05287960504049
1.9349999999999998 25.35030319383871
1.9449999999999998 27.599307733111132
1.9549999999999998 29.748856380908133
1.9649999999999999 31.74676055199539
1.9749999999999999 33.54174190756094
1.9849999999999999 35.0855965051765
1.9949999999999999 36.33533523575197
2.005 37.25516862654055
2.015 37.818208397262964
2.025 38.00777295571942
2.035 37.818208397262964
2.045 37.25516862654055
2.0549999999999997 36.33533523575197
2.065 35.0855965051765
2.0749999999999997 33.54174190756094
2.085 31.74676055199539
2.0949999999999998 29.748856380908133
2.105 27.599307733111132
2.1149999999999998 25.35030319383871
2.125 23.05287960504049
2.135 20.755072824646735
2.145 18.500369230210833
2.155 16.326518542332412
2.165 14.264739032905563
2.175 12.339317268870268
2.185 10.567578588846148
2.195 8.960183352936909
2.205 7.521688823002266
2.215 6.251307802599836
2.225 5.143792718155156
2.235 4.190376934021673
2.245 3.3797126472516923
2.255 2.6987553635766655
2.265 2.1335573207229115
2.275 1.669944997528984
2.285 1.2940679292727861
2.295 0.9928166150110164
2.305 0.7541158242369438
2.315 0.5671058492339919
2.3249999999999997 0.4222282181913866
2.335 0.3112342889565995
2.3449999999999998 0.22713532137156697
2.355 0.16411148266923983
2.3649999999999998 0.11739519396109534
2.375 0.0831416657625479
2.385 0.05829672805682196
2.395 0.04046939337419013
2.405 0.027814180185255288
2.415 0.025524145294904915
2.425 0.0225441078155467
2.435 0.014393285710962815
2.445 0.02094210713759773
2.455 0.03016739869187121
2.465 0.043024160404343176
2.475 0.06074968079309698
2.485 0.08492443217004389
2.495 0.11753801671585438
2.505 0.16105756179631867
2.515 0.2184947152561058
2.525 0.2934660112941283
2.535 0.3902399583631994
2.545 0.5137628757442154
2.555 0.6696544464499836
2.565 0.8641633623905837
2.5749999999999997 1.1040735298810078
2.585 1.3965522892723632
2.5949999999999998 1.7489341562055323
2.605 2.1742268150938338
2.6149999999999998 2.670405125372421
2.625 3.247558316664079
2.635 3.9107021240426256
2.645 4.663190047887617
2.655 5.506267499338137
2.665 6.438661958529148
2.675 7.4562438316797905
2.685 8.55179355966373
2.695 9.71490833438179
2.705 10.932076167700245
2.715 12.186935989698089
2.725 13.460730259218586
2.735 14.732941976842735
2.745 15.98209209847949
2.755 17.186657557480927
2.765 18.32605599474923
2.775 19.381632469704893
2.785 20.337577317761962
2.795 21.1817040236288
2.805 21.906022078767958
2.815 22.507052247549268
2.8249999999999997 22.985849768300987
2.835 23.34772340284311
2.8449999999999998 23.60166301795875
2.855 23.759513263896558
2.8649999999999998 23.834953499930094
2.875 23.84236211711038
2.885 23.79565491198
2.895 23.70719085984126
2.905 23.586833970724555
2.915 23.44124717399027
2.925 23.273474482383175
2.935 23.082842864449212
2.945 22.8651876639532
2.955 22.613377682199953
2.965 22.318090816689207
2.975 21.968770778346112
2.985 21.55468171487881
2.995 21.065971667231487
3.005 20.49465799000397
3.015 19.83545767041077
3.025 19.0864016463609
3.035 18.249192942134645
3.045 17.32929154261701
3.055 16.335732134781875
3.065 15.280702010627138
3.075 14.178923748235311
3.085 13.04689947553383
3.0949999999999998 11.902079887351473
3.105 10.762021668646753
3.1149999999999998 9.643592089629857
3.125 8.56227026433825
3.135 7.531582204663467
3.145 6.562692809138065
3.155 5.664163736478219
3.165 4.841873003418092
3.175 4.099081119552808
3.185 3.4366202970184694
3.195 2.85317806158123
3.205 2.345644420766941
3.215 1.909492310338968
3.225 1.534763142816959
3.235 1.2255332614934558
3.245 0.9688708717871567
3.255 0.7583396283181627
3.265 0.5876498890414185
3.275 0.4508484913752276
3.285 0.3424519458466555
3.295 0.2575287446960942
3.305 0.19173828510668592
3.315 0.14133477171790437
3.325 0.1031445439470835
3.335 0.07452475438070463
3.3449999999999998 0.05331039518458782
3.355 0.0377555069211369
3.3649999999999998 0.02647315878797863
3.375 0.01837757816877571
3.385 0.012630712445542574
3.395 0.008594576319286642
3.405 0.005789994512104417
3.415 0.0
3.425 0.0
3.435 0.0
3.445 0.0
3.455 0.0
3.465 0.0
3.475 0.0
3.485 0.0
3.495 0.0
3.505 0.0
3.515 0.0
3.525 0.0
3.535 0.0
3.545 0.0
3.555 0.0
3.565 0.0
3.575 0.0
3.585 0.0
3.5949999999999998 0.0
3.605 0.0
3.6149999999999998 0.0
3.625 0.0
3.635 0.0
3.645 0.0
3.655 0.0
3.665 0.0
3.675 0.0
3.685 0.0
3.695 0.003117880584099774
3.705 0.004628132648216968
3.715 0.00680157002134899
3.725 0.009896225986987316
3.735 0.014255652162065532
3.745 0.020331135327703826
3.755 0.028707358138116822
3.765 0.04013117529431835
3.775 0.055542776466562215
3.785 0.07610800660971007
3.795 0.1032500246956956
3.805 0.13867782970379777
3.815 0.1844085120824065
3.825 0.24277946286318458
3.835 0.31644627217870896
3.8449999999999998 0.4083617693149204
3.855 0.5217316999747996
3.8649999999999998 0.6599430022240422
3.875 0.8264616130770263
3.885 1.024698263359313
3.895 1.257842802297796
3.905 1.5286701769095419
3.915 1.8393241457308271
3.925 2.1910879297256054
3.935 2.5841540268099665
3.945 3.017408022126524
3.955 3.488243073222428
3.965 3.9924225100617443
3.975 4.524007391265642
3.985 5.0753637236400415
3.995 5.637260339261436
4.005 6.199063250720017
4.015 6.749025958601737
4.025 7.2746681146857695
4.035 7.763227727986861
4.045 8.202165395593079
4.055 8.579693515369563
4.065 8.885299699977043
4.075 9.112842978715628
4.085 9.25179115809979
4.095 9.299966517817774
4.1049999999999995 9.256202545811254
4.115 9.122169508355968
4.125 8.902324554089759
4.135 8.60373243776053
4.145 8.23577037602064
4.155 7.809738050756191
4.165 7.338399317516059
4.175 6.835485301832969
4.185 6.315189073568588
4.195 5.791680048969827
4.205 5.278662008275291
4.215 4.788992672781834
4.225 4.334375845954589
4.235 3.925129943280636
4.245 3.570030055007418
4.255 3.276215152054838
4.265 3.0491481492881793
4.275 2.892614572491694
4.285 2.808745604516481
4.295 2.7980531615488093
4.305 2.859468026604244
4.315 2.9903764462678253
4.325 3.186655384352747
4.335 3.442711196401757
4.345 3.751530249311552
4.355 4.104752463628666
4.365 4.492779552440204
4.375 4.9049287055883
4.385 5.329639661294138
4.395 5.754738763328079
4.405 6.167758146884533
4.415 6.556302197052073
4.425 6.908447529377244
4.435 7.213157615175521
4.445 7.46068941840616
4.455 7.642967501921583
4.465 7.753901290866623
4.475 7.789623621824
4.485 7.748633197527853
4.495 7.634011766598765
4.505 7.443597263199612
4.515 7.189210308610319
4.525 6.875242188254656
4.535 6.510736181728007
4.545 6.105878804008639
4.555 5.671579468394872
4.565 5.219047474093914
4.575 4.759391583442899
4.585 4.303263973568042
4.595 3.8605653082293996
4.605 3.4402216043984915
4.615 3.0500370559671
4.625 2.696620618086857
4.635 2.3853784909785145
4.645 2.120560114038105
4.655 1.9053422025326738
4.665 1.7419338979175152
4.675 1.6316862807964276
4.685 1.5751912003444093
4.695 1.5723573790162015
4.705 1.6224557414549439
4.715 1.7241305160847027
4.725 1.875377459080204
4.735 2.0734951404694124
4.745 2.3150192191790837
4.755 2.5956526714044292
4.765 2.9102067466805908
4.775 3.254520120299971
4.785 3.6186021671567867
4.795 3.9959833113176946
4.805 4.378191247423666
4.815 4.75624410063584
4.825 5.120902833570457
4.835 5.462976724332377
4.845 5.773668173857217
4.855 6.04493848981741
4.865 6.269872945880848
4.875 6.443021675722337
4.885 6.55895166492304
4.895 6.620028132265781
4.905 6.624136223285644
4.915 6.573906365012568
4.925 6.475886217233087
4.935 6.333890108870365
4.945 6.157506658231676
4.955 5.956415754422225
4.965 5.741205746535431
4.975 5.522916533337085
4.985 5.312562882705661
4.995 5.120663135038505
5.005 4.95679754803424
5.015 4.829218270890794
5.025 4.74452952626507
5.035 4.707452298853511
5.045 4.720682960890999
5.055 4.784850078273893
5.065 4.898568387853905
5.075 5.058583847896804
5.085 5.2599989561867115
5.095 5.496563412883085
5.105 5.761011884244775
5.115 6.045428299617379
5.125 6.341614971466338
5.135 6.641445012725407
5.145 6.937178118421214
5.155 7.221722767256267
5.165 7.49052040585109
5.175 7.735732447909447
5.185 7.954322611868253
5.195 8.143155030792755
5.205 8.300046163235642
5.215 8.423646837166201
5.225 8.513298558155173
5.235 8.56888352428945
5.245 8.59068711493397
5.255 8.579288964664237
5.265 8.535494350017665
5.275 8.460311959583734
5.285 8.35497779677707
5.295 8.221018675667956
5.305 8.058887848420053
5.315 7.874383012600007
5.325 7.66836430455686
5.335 7.444500871628994
5.345 7.207119372037767
5.355 6.961176831404279
5.365 6.712168367930247
5.375 6.46596871174486
5.385 6.228613155533695
5.395 6.007586845973819
5.405 5.8060525769332445
5.415 5.629952391549398
5.425 5.483214022871572
5.435 5.368540878587568
5.445 5.288754340077259
5.455 5.241303496421548
5.465 5.225529233270223
5.475 5.2383182561242645
5.485 5.275303396159434
5.495 5.331130557111466
5.505 5.3997977356165805
5.515 5.475045133066999
5.525 5.550771130408887
5.535 5.621446407853292
5.545 5.682497945585226
5.555 5.730636085373011
5.565 5.764101170597887
5.575 5.782811283850489
5.585 5.788556399374875
5.595 5.785438420084441
5.605 5.777341297439287
5.615 5.7702871552914585
5.625 5.771088703341866
5.635 5.786917257873256
5.645 5.824834846079581
5.655 5.891320094620287
5.665 5.991818148969413
5.675 6.130343475866759
5.685 6.309161155304559
5.695 6.528567371810679
5.705 6.78678356782415
5.715 7.081369725285057
5.725 7.404444266764344
5.735 7.748356806535121
5.745 8.10732931397839
5.755 8.470047678564509
5.765 8.82662705793163
5.775 9.167269559472928
5.785 9.482753505432601
5.795 9.764880599174132
5.805 10.006854231906644
5.815 10.203567137559919
5.825 10.351783120313637
5.835 10.450205143853196
5.845 10.499430079938474
5.855 10.501798211812329
5.865 10.461152531994596
5.875 10.38252839661694
5.885 10.271797767696489
5.895 10.13529384099118
5.905 9.979441280227027
5.915 9.810414731148175
5.925 9.633844134176785
5.935 9.454580100905817
5.945 9.276526858025646
5.955 9.102544593717491
5.965 8.934418005718925
5.975 8.771757839651357
5.985 8.61696415634159
5.995 8.467312424377596
6.005 8.321035466349905
6.015 8.175797115596602
6.025 8.028860831321193
6.035 7.877258377750508
6.045 7.717953688623393
6.055 7.547998441591267
6.065 7.364676751071251
6.075 7.165636723148305
6.085 6.9490064935944815
6.095 6.713491974768028
6.105 6.458453105902972
6.115 6.183955175121607
6.125 5.89079195975364
6.135 5.580478135581252
6.1450000000000005 5.255209657538476
6.155 4.917792533515404
6.165 4.571542429753951
6.175 4.220159630597277
6.185 3.8675857728823093
6.195 3.517850247175005
6.205 3.173876600312758
6.215 2.841841023996431
6.225 2.523636125689209
6.235 2.222239541141865
6.245 1.940078768900568
6.255 1.6779619262355827
6.265 1.439489450856389
6.275 1.223787705911647
6.285 1.0309314965577407
6.295 0.860476294135492
6.305 0.711535714854247
6.315 0.5828680534010724
6.325 0.4729661555742425
6.335 0.3801454492644878
6.345 0.30262580768495684
6.355 0.23860396937025616
6.365 0.18631436408377608
6.375 0.1440772843362049
6.385 0.11033431344573469
6.3950000000000005 0.08269818387979988
6.405 0.06219021308393489
6.415 0.04630257807222521
6.425 0.034130712591630454
6.435 0.024908214320246695
6.445 0.017996866176757408
6.455 0.012873843811224755
6.465 0.00911751821447485
6.475 0.006392961639960201
6.485 0.004437972559651765
6.495 0.003050170959817187
6.505 0.0020754907701403614
6.515 0.0024916267525322716
6.525 0.0016230405909941573
6.535 0.002385243696805314
6.545 0.003470509100623911
6.555 0.004999316974858082
6.565 0.0071299291541636126
6.575 0.010067388093623578
6.585 0.01407360838978422
6.595 0.01947830531099318
6.605 0.02669032921405154
6.615 0.036208767950249764
6.625 0.04863295064953532
6.635 0.06467025108925764
6.6450000000000005 0.0851403693103989
6.655 0.11097459464838393
6.665 0.14320845528566545
6.675 0.1829661747041152
6.685 0.23252892881379297
6.695 0.2914549980737385
6.705 0.3617368443027476
6.715 0.44458360597905516
6.725 0.5410889098957246
6.735 0.6521628129170998
6.745 0.7784603704667801
6.755 0.920311004266808
6.765 1.077653615257977
6.775 1.249982859793393
6.785 1.4363120672205114
6.795 1.6351578383513923
6.805 1.8445503806487729
6.815 2.06207211437344
6.825 2.2849250940868564
6.835 2.510025466181838
6.845 2.7341207187932377
6.855 2.953923113088198
6.865 3.166250673835648
6.875 3.3681657146739488
6.885 3.557100293521737
6.8950000000000005 3.730958380999774
6.905 3.8881859302748243
6.915 4.0278024011809155
6.925 4.149390442388912
6.935 4.2530440980258915
6.945 4.339279727222648
6.955 4.408917413338267
6.965 4.462943604054761
6.975 4.502367723882964
6.985 4.528086289152164
6.995 4.5407675103346445
