0.005 0.0
0.015 0.0
0.025 0.0
0.034999999999999996 0.0
0.045 0.0
0.055 0.0
0.065 0.0
0.07500000000000001 0.0
0.085 0.0
0.095 0.0
0.10500000000000001 0.0
0.115 0.0
0.125 0.0
0.135 0.0
0.14500000000000002 0.0
0.155 0.0
0.165 0.0
0.17500000000000002 0.0
0.185 0.0
0.195 0.0
0.20500000000000002 0.0
0.215 0.0
0.225 0.0
0.23500000000000001 0.0
0.245 0.0
0.255 0.0
0.265 0.0
0.275 0.0
0.28500000000000003 0.0
0.295 0.0
0.305 0.0
0.315 0.0
0.325 0.0
0.335 0.0
0.34500000000000003 0.0
0.35500000000000004 0.0
0.365 0.0
0.375 0.0
0.385 0.0
0.395 0.0
0.405 0.0
0.41500000000000004 0.0
0.425 0.0
0.435 0.0
0.445 0.0
0.455 0.0
0.465 0.0
0.47500000000000003 0.0
0.485 0.0
0.495 0.0
0.505 0.0
0.515 0.0
0.525 0.0
0.535 0.0
0.545 0.0
0.555 0.0
0.5650000000000001 0.0
0.5750000000000001 0.0
0.585 0.0
0.595 0.0
0.605 0.0
0.615 0.0
0.625 0.0
0.635 0.0
0.645 0.0
0.655 0.0
0.665 0.0
0.675 0.0
0.685 0.0
0.6950000000000001 0.0
0.7050000000000001 0.0
0.715 0.0
0.725 0.0
0.735 0.0
0.745 0.0
0.755 0.0
0.765 0.0
0.775 0.0
0.785 0.0
0.795 0.0
0.805 0.0
0.8150000000000001 0.0
0.8250000000000001 0.0
0.8350000000000001 0.0
0.845 0.0
0.855 0.0
0.865 0.0
0.875 0.0
0.885 0.0
0.895 0.0
0.905 0.0
0.915 0.0
0.925 0.0
0.935 0.0
0.9450000000000001 0.0
0.9550000000000001 0.0
0.965 0.0
0.975 0.0
0.985 0.0
0.995 0.0
1.005 0.0
1.015 0.0
1.025 0.0
1.035 0.0
1.045 0.0
1.055 0.0
1.065 0.0
1.075 0.0
1.085 0.0
1.095 0.0
1.105 0.0
1.115 0.0
1.125 0.0
1.135 0.0
1.145 0.0
1.155 0.0
1.1649999999999998 0.0
1.1749999999999998 0.0
1.1849999999999998 0.0
1.1949999999999998 0.0
1.2049999999999998 0.0
1.2149999999999999 0.0
1.2249999999999999 0.0
1.2349999999999999 0.0
1.2449999999999999 0.0
1.255 0.0
1.265 0.0
1.275 0.0
1.285 0.0
1.295 0.0
1.305 0.0
1.315 0.0
1.325 0.0
1.335 0.0
1.345 0.0
1.355 0.0
1.365 0.0
1.375 0.0
1.385 0.0
1.395 0.0
1.405 0.0
1.4149999999999998 0.0
1.4249999999999998 0.0
1.4349999999999998 0.0
1.4449999999999998 0.0
1.4549999999999998 0.0
1.4649999999999999 0.0
1.4749999999999999 0.0
1.4849999999999999 0.0
1.4949999999999999 0.0
1.505 0.0
1.515 0.0
1.525 0.0
1.535 0.0
1.545 0.0
1.555 0.0
1.565 0.0
1.575 0.0
1.585 0.0
1.595 0.0
1.605 0.0
1.615 0.0
1.625 0.0
1.635 0.0
1.645 0.0
1.655 0.0
1.665 0.0
1.6749999999999998 0.0
1.6849999999999998 0.0
1.6949999999999998 0.0
1.7049999999999998 0.0
1.7149999999999999 0.0
1.7249999999999999 0.0
1.7349999999999999 0.0
1.7449999999999999 0.0
1.755 0.0
1.765 0.0223090423394563
1.775 0.03311518976327424
1.785 0.04866655713334903
1.795 0.07080942280804901
1.805 0.10200196546395522
1.815 0.14547322984338065
1.825 0.2054067341203499
1.835 0.2871463690234908
1.845 0.3974193746106093
1.855 0.5445675984148942
1.865 0.7387740198366978
1.875 0.9922668591552871
1.885 1.3194787910680594
1.895 1.7371343032783457
1.905 2.264234659980171
1.915 2.9219079293545884
1.9249999999999998 3.7330918457657805
1.9349999999999998 4.722020610194392
1.9449999999999998 5.913493676472606
1.9549999999999998 7.341342737534792
1.9649999999999999 9.01410369603707
1.9749999999999999 10.958497889825209
1.9849999999999999 13.190644520036082
1.9949999999999999 15.72076404796717
2.005 18.551598348200972
2.015 21.676941416982928
2.025 25.08039898545013
2.035 28.734499620457008
2.045 32.60027409935496
2.0549999999999997 36.62740279072916
2.065 40.7550022354207
2.0749999999999997 44.92161833097041
2.085 49.037333775796206
2.0949999999999998 53.02709510883072
2.105 56.80922237146577
2.1149999999999998 60.30462709429691
2.125 63.440442870530006
2.135 66.15353173893195
2.145 68.39362999130236
2.155 70.12590976198796
2.165 71.33276509268656
2.175 72.01468113912581
2.185 72.19010892950593
2.195 71.89434015765403
2.205 71.17745042729423
2.215 70.1014483453034
2.225 68.73682548169003
2.235 67.15874317776773
2.245 65.44311290010667
2.255 63.662825806294435
2.265 61.884365140304055
2.275 60.16499484695297
2.285 58.55066395731086
2.295 57.07470458856312
2.305 55.75733804371807
2.315 54.60594447707018
2.3249999999999997 53.616002012802184
2.335 52.772564770190186
2.3449999999999998 52.0521279510523
2.355 51.424722177326416
2.3649999999999998 50.856087165875536
2.375 50.30979380745113
2.385 49.749210138333254
2.395 49.13923660107649
2.405 48.447765638129994
2.415 47.64684695517327
2.425 46.71356059991136
2.435 45.63061430624255
2.445 44.393148971026
2.455 42.98615055661446
2.465 41.4151164058991
2.475 39.68713442222389
2.485 37.81481473737263
2.495 35.81577639183228
2.505 33.71201292742791
2.515 31.529154056667192
2.525 29.295644081388634
2.535 27.041862261246415
2.545 24.799214757939367
2.555 22.599230944971474
2.565 20.47269780326704
2.5749999999999997 18.43398459962284
2.585 16.544916464210086
2.5949999999999998 14.808099979453079
2.605 13.244967590658398
2.6149999999999998 11.873193700173884
2.625 10.70652399796671
2.635 9.754694520354477
2.645 9.023420738195073
2.655 8.51443509907234
2.665 8.22555313462093
2.675 8.150753208067114
2.685 8.28026247846262
2.695 8.60065059965936
2.705 9.094941738952535
2.715 9.742763325919473
2.725 10.520555280083025
2.735 11.401865349301104
2.745 12.357754057680989
2.755 13.357326537245115
2.765 14.36211088038907
2.775 15.35414002542167
2.785 16.29202489885979
2.795 17.14510823626571
2.805 17.885072829125292
2.815 18.48694783163262
2.8249999999999997 18.93002764360717
2.835 19.198645482585277
2.8449999999999998 19.282749470447346
2.855 19.178239796334534
2.8649999999999998 18.887040386447516
2.875 18.41689616860688
2.885 17.775213002459815
2.895 16.993058869398556
2.905 16.083677838184954
2.915 15.071491193607335
2.925 13.982477784127353
2.935 12.84307761109144
2.945 11.679147174801468
2.955 10.515022604367863
2.965 9.372735151948552
2.975 8.271409740340353
2.985 7.22686230222676
2.995 6.251397000667763
3.005 5.353791271847411
3.015 4.539445912400255
3.025 3.8106697415664743
3.035 3.1670639465615698
3.045 2.6059699795105336
3.055 2.1229464504569644
3.065 1.7122442875709047
3.075 1.3672548341034623
3.085 1.08091181585617
3.0949999999999998 0.8460345837098827
3.105 0.6556061567624233
3.1149999999999998 0.5029849443089347
3.125 0.3820533420989301
3.135 0.2873095591687549
3.145 0.21391104218204368
3.155 0.15767882923285792
3.165 0.11507225528191017
3.175 0.0831428520864635
3.185 0.05947524870542475
3.195 0.042121581660741245
3.205 0.029534534446452976
3.215 0.02050277489796797
3.225 0.014091337372838056
3.235 0.009588459480321132
3.245 0.00645955375903892
3.255 0.0
3.265 0.0
3.275 0.0
3.285 0.0
3.295 0.0
3.305 0.0
3.315 0.0
3.325 0.0
3.335 0.0
3.3449999999999998 0.0
3.355 0.0
3.3649999999999998 0.0
3.375 0.0
3.385 0.0
3.395 0.0
3.405 0.0
3.415 0.0
3.425 0.0
3.435 0.0035549747705180793
3.445 0.005276948348479738
3.455 0.007755078866431023
3.465 0.014783574962889014
3.475 0.021449492542905863
3.485 0.030816504295515967
3.495 0.04384091658294962
3.505 0.06175994192518536
3.515 0.08615217031865419
3.525 0.11900322615521447
3.535 0.16277416810116374
3.545 0.22046899632031924
3.555 0.2956963047861326
3.565 0.3927187407491168
3.575 0.516482630727269
3.585 0.6726190607499234
3.5949999999999998 0.8674070454770153
3.605 1.1076893901480855
3.6149999999999998 1.4007326419656563
3.625 1.754024315961518
3.635 2.175003479219516
3.645 2.6707248125733347
3.655 3.247461350216022
3.665 3.9102569980123927
3.675 4.6624462790426575
3.685 5.505165042458935
3.695 6.4368814837717
3.705 7.452981086276637
3.715 8.54544133593284
3.725 9.702631701845041
3.735 10.909270995235955
3.745 12.146567648935754
3.755 13.392558827269589
3.765 14.622652046573101
3.775 15.810358950816385
3.785 16.92819611730789
3.795 17.948713530875374
3.805 18.845599002555524
3.815 19.59479759567259
3.825 20.175580121336687
3.835 20.571494695998574
3.8449999999999998 20.771140490586248
3.855 20.771600727627376
3.8649999999999998 20.568570524455726
3.875 20.172958869291065
3.885 19.592199565274363
3.895 18.845259735626303
3.905 17.953615219846938
3.915 16.942244503519664
3.925 15.838605266380334
3.935 14.671567032105118
3.945 13.47036434440622
3.955 12.263628863775462
3.965 11.078548410490367
3.975 9.940187393643534
3.985 8.870987623872185
3.995 7.890452665435281
4.005 7.0150040501412345
4.015 6.257985086338028
4.025 5.629778613152595
4.035 5.13799949880296
4.045 4.787721221906753
4.055 4.5816984052784235
4.065 4.520553263678525
4.075 4.6029028769541735
4.085 4.825415098004815
4.095 5.182792710102168
4.1049999999999995 5.6676970673121145
4.115 6.270632818857318
4.125 6.979823469913681
4.135 7.781112678522297
4.145 8.65792777981797
4.155 9.591339803075563
4.165 10.56024826740222
4.175 11.541709709286781
4.185 12.511416934283671
4.195 13.44432239941065
4.205 14.315385129351537
4.215 15.10040745587995
4.225 15.776916932041676
4.235 16.325041144929187
4.245 16.725948607101337
4.255 16.97283306409978
4.265 17.054536209415936
4.275 16.966046516251694
4.285 16.71517827225012
4.295 16.305790045001096
4.305 15.749730807319558
4.315 15.062770334250825
4.325 14.263856739070494
4.335 13.374249892638733
4.345 12.416585917854345
4.355 11.413929901830219
4.365 10.388871473214143
4.375 9.36271141792787
4.385 8.354777866703158
4.395 7.381898834530902
4.405 6.458045190865777
4.415 5.594145639782907
4.425 4.798064009663946
4.435 4.074719889848197
4.445 3.426326927680222
4.455 2.852719138299787
4.465 2.351734325773664
4.475 1.9196248756986574
4.485 1.5514692908843442
4.495 1.24156233696095
4.505 0.9837669484721141
4.515 0.7718165568066823
4.525 0.6017172941599487
4.535 0.46435953696885823
4.545 0.3559121017235192
4.555 0.2716790625350057
4.565 0.20759301680609038
4.575 0.16023836862207025
4.585 0.12685038792846354
4.595 0.10529748118703346
4.605 0.09405299604859482
4.615 0.09216145614987434
4.625 0.09920253602840426
4.635 0.1173168525039919
4.645 0.14391845591402846
4.655 0.1814722866937258
4.665 0.23160450037624583
4.675 0.29763496085173746
4.685 0.37859136898281653
4.695 0.4817066337690618
4.705 0.6072346518048576
4.715 0.7584503096090333
4.725 0.9387122468493015
4.735 1.1513684719330484
4.745 1.3996460722273967
4.755 1.6865284994870868
4.765 2.0146252019112496
4.775 2.3860394183666562
4.785 2.8022406039259464
4.795 3.263948101423303
4.805 3.7729621013758567
4.815 4.3253026870174835
4.825 4.920345026795242
4.835 5.555220945207644
4.845 6.226123262514889
4.855 6.928350543030925
4.865 7.658261732905907
4.875 8.40673259330643
4.885 9.168233590753234
4.895 9.935489182409915
4.905 10.700860954379973
4.915 11.456477148651093
4.925 12.194366177609043
4.935 12.908432271586943
4.945 13.588143565167785
4.955 14.227431148480743
4.965 14.82136503317724
4.975 15.36118271375138
4.985 15.844936671049073
4.995 16.266108494051775
5.005 16.623605902752775
5.015 16.916736287859898
5.025 17.14656597245939
5.035 17.31602379822798
5.045 17.42993489622104
5.055 17.494970855591042
5.065 17.519507327556028
5.075 17.513386444790072
5.085 17.487588680164063
5.095 17.45382614560928
5.105 17.42407602527549
5.115 17.410078092936523
5.125 17.422823494145465
5.135 17.472062839162334
5.145 17.565860106866587
5.155 17.711909487774474
5.165 17.911287296967593
5.175 18.166321926832076
5.185 18.475605447817447
5.195 18.83514149040371
5.205 19.238458807437958
5.215 19.67681080296613
5.225 20.139449255643676
5.235 20.615606463382804
5.245 21.08909210772844
5.255 21.546554868668647
5.265 21.973178635825285
5.275 22.35588793551967
5.285 22.67813634652751
5.295 22.92813014205324
5.305 23.094621865116256
5.315 23.168458923924383
5.325 23.14300381137295
5.335 23.013049974847817
5.345 22.781325763967004
5.355 22.448398623522852
5.365 22.020286749916522
5.375 21.506194481680982
5.385 20.918254936861004
5.395 20.271127430454214
5.405 19.581462143642874
5.415 18.867253806683962
5.425 18.147114429637668
5.435 17.43950154112654
5.445 16.7605667641753
5.455 16.129386722085936
5.465 15.557493505261604
5.475 15.054222079381727
5.485 14.630140615218188
5.495 14.287108966502263
5.505 14.025366419064401
5.515 13.84158072045932
5.525 13.729090092771052
5.535 13.6782831068376
5.545 13.677093118555348
5.555 13.711579659659517
5.565 13.766566781013637
5.575 13.82630773031466
5.585 13.875146261632338
5.595 13.898147018516429
5.605 13.881670497221819
5.615 13.81258463512664
5.625 13.684256613391785
5.635 13.487676138458044
5.645 13.218434285738743
5.655 12.87487072283956
5.665 12.458035585593933
5.675 11.970284609851277
5.685 11.420493621497748
5.695 10.814760943431846
5.705 10.162651074563282
5.715 9.474875422575185
5.725 8.762835523509914
5.735 8.03816521593731
5.745 7.311068218720703
5.755 6.595238009207822
5.765 5.89878137930221
5.775 5.229198609515304
5.785 4.596612734106293
5.795 4.003815023634244
5.805 3.4578378862616663
5.815 2.959601217209377
5.825 2.5103536000199065
5.835 2.1100186939371985
5.845 1.7573786025180373
5.855 1.4502779264371368
5.865 1.1858357223261622
5.875 0.9606538982763897
5.885 0.7710124702368444
5.895 0.6130443535814258
5.905 0.4828847450895136
5.915 0.3767924609672689
5.925 0.29124267410014326
5.935 0.22299222418419967
5.945 0.1691199935674056
5.955 0.12704573210778466
5.965 0.0934011157991267
5.975 0.06892136959414859
5.985 0.05036536850033715
5.995 0.03644884258012587
6.005 0.026121998711211476
6.015 0.018539470659092228
6.025 0.013030283265298138
6.035 0.00906929088685522
6.045 0.005152829684558
6.055 0.0035414845976325807
6.065 0.002409805447567836
6.075 0.0016234378284996356
6.085 0.0
6.095 0.0
6.105 0.0
6.115 0.0
6.125 0.0
6.135 0.0
6.1450000000000005 0.0
6.155 0.0
6.165 0.0
6.175 0.0
6.185 0.0
6.195 0.0
6.205 0.0
6.215 0.0
6.225 0.0
6.235 0.0
6.245 0.0
6.255 0.0
6.265 0.0
6.275 0.0
6.285 0.0
6.295 0.0
6.305 0.0
6.315 0.0
6.325 0.0
6.335 0.0
6.345 0.0
6.355 0.0
6.365 0.0
6.375 0.0
6.385 0.0011357107143313337
6.3950000000000005 0.001685831029812929
6.405 0.0024775214249429553
6.415 0.0036047724028246517
6.425 0.00519272514245862
6.435 0.00740576414117553
6.445 0.010456864314776064
6.455 0.014618072928417119
6.465 0.020231860918110883
6.475 0.02772289580102842
6.485 0.0376095735994114
6.495 0.050514409640320966
6.505 0.06717214381267214
6.515 0.08843418782600218
6.525 0.11526785973021357
6.535 0.1487487491020003
6.545 0.19112855631122588
6.555 0.24307896396252346
6.565 0.3050137693358602
6.575 0.3790522839940965
6.585 0.4665653271770206
6.595 0.5688396893968695
6.605 0.6870159718329991
6.615 0.8220239445254254
6.625 0.9745195097349129
6.635 1.1448279931535117
6.6450000000000005 1.3339796491437972
6.655 1.54096456752443
6.665 1.7640574914087832
6.675 2.002868516329269
6.685 2.2559774896745437
6.695 2.5217340015145764
6.705 2.798357075325382
6.715 3.08405169461762
6.725 3.3771339362866577
6.735 3.6761545932283903
6.745 3.980010031206352
6.755 4.288028853048355
6.765 4.600023868161905
6.775 4.916300908996991
6.785 5.237619097136525
6.795 5.565101016323252
6.805 5.90009556825483
6.815 6.245136376258639
6.825 6.599742751267891
6.835 6.965604221638046
6.845 7.3430797754607315
6.855 7.731762027943834
6.865 8.13032052966687
6.875 8.536395929515411
6.885 8.94655573932734
6.8950000000000005 9.356318061685819
6.905 9.76024474838286
6.915 10.152100491032172
6.925 10.525069726273554
6.935 10.872019323789877
6.945 11.185792079809218
6.955 11.459514214697553
6.965 11.686899411868056
6.975 11.862532380311928
6.985 11.982116345588548
6.995 12.04267110174069
