0.005 0.0
0.015 0.0
0.025 0.0
0.034999999999999996 0.0
0.045 0.0
0.055 0.0
0.065 0.0
0.07500000000000001 0.0
0.085 0.0
0.095 0.0
0.10500000000000001 0.0
0.115 0.0
0.125 0.0
0.135 0.0
0.14500000000000002 0.0
0.155 0.0
0.165 0.0
0.17500000000000002 0.0
0.185 0.0
0.195 0.0
0.20500000000000002 0.0
0.215 0.0
0.225 0.0
0.23500000000000001 0.0
0.245 0.0
0.255 0.0
0.265 0.0
0.275 0.0
0.28500000000000003 0.0
0.295 0.0
0.305 0.0
0.315 0.0
0.325 0.0
0.335 0.0
0.34500000000000003 0.0
0.35500000000000004 0.0
0.365 0.0
0.375 0.0
0.385 0.0
0.395 0.0
0.405 0.0
0.41500000000000004 0.0
0.425 0.0
0.435 0.0
0.445 0.0
0.455 0.0
0.465 0.0
0.47500000000000003 0.0
0.485 0.0
0.495 0.0
0.505 0.0
0.515 0.0
0.525 0.0
0.535 0.0
0.545 0.0
0.555 0.0
0.5650000000000001 0.0
0.5750000000000001 0.0
0.585 0.0
0.595 0.0
0.605 0.0
0.615 0.0
0.625 0.0
0.635 0.0
0.645 0.0
0.655 0.0
0.665 0.0
0.675 0.0
0.685 0.0
0.6950000000000001 0.0
0.7050000000000001 0.0
0.715 0.0
0.725 0.0
0.735 0.0
0.745 0.0
0.755 0.0
0.765 0.0
0.775 0.0
0.785 0.0
0.795 0.0
0.805 0.0
0.8150000000000001 0.0
0.8250000000000001 0.0
0.8350000000000001 0.0
0.845 0.0
0.855 0.0
0.865 0.0
0.875 0.0
0.885 0.0
0.895 0.0
0.905 0.0
0.915 0.0
0.925 0.0
0.935 0.0
0.9450000000000001 0.0
0.9550000000000001 0.0
0.965 0.0
0.975 0.0
0.985 0.0
0.995 0.0
1.005 0.0
1.015 0.0
1.025 0.0
1.035 0.0
1.045 0.0
1.055 0.0
1.065 0.0
1.075 0.0
1.085 0.0
1.095 0.0
1.105 0.0
1.115 0.0
1.125 0.0
1.135 0.0
1.145 0.0
1.155 0.0
1.1649999999999998 0.0
1.1749999999999998 0.0
1.1849999999999998 0.0
1.1949999999999998 0.0
1.2049999999999998 0.0
1.2149999999999999 0.0
1.2249999999999999 0.0
1.2349999999999999 0.0
1.2449999999999999 0.0
1.255 0.0
1.265 0.0
1.275 0.0
1.285 0.0
1.295 0.0
1.305 0.0
1.315 0.0
1.325 0.0
1.335 0.0
1.345 0.0
1.355 0.0
1.365 0.0
1.375 0.0
1.385 0.0
1.395 0.0
1.405 0.0
1.4149999999999998 0.0
1.4249999999999998 0.0
1.4349999999999998 0.0
1.4449999999999998 0.0
1.4549999999999998 0.0
1.4649999999999999 0.0
1.4749999999999999 0.014871813550177212
1.4849999999999999 0.022075484924206475
1.4949999999999999 0.03244244879737193
1.505 0.047203484469366744
1.515 0.06799728061157677
1.525 0.09697640615198001
1.535 0.1369297079321925
1.545 0.19141956865512905
1.555 0.26493054925911513
1.565 0.36302355187925395
1.575 0.4924868271595228
1.585 0.6614720388637275
1.595 0.8796003999450768
1.605 1.1580209081535218
1.615 1.5094003222862977
1.625 1.9478231864436382
1.635 2.4885804173550476
1.645 3.1478271916093594
1.655 3.9420954986988415
1.665 4.887654003038118
1.6749999999999998 5.999717797596902
1.6849999999999998 7.291522955257485
1.6949999999999998 8.773294876380195
1.7049999999999998 10.451154328712493
1.7149999999999999 12.32601949787428
1.7249999999999999 14.392574795429898
1.7349999999999999 16.63838598155914
1.7449999999999999 19.043244788129684
1.755 21.578823373042056
1.765 24.20870875627238
1.775 26.888869678602802
1.785 29.568583646407337
1.795 32.19182165394284
1.805 34.69905434888967
1.815 37.029408986015184
1.825 39.12307453115475
1.835 40.92382592487303
1.845 42.38152068728348
1.855 43.45441399149064
1.865 44.111143357982236
1.875 44.332251384196155
1.885 44.111143357982236
1.895 43.45441399149064
1.905 42.38152068728348
1.915 40.92382592487303
1.9249999999999998 39.12307453115475
1.9349999999999998 37.029408986015184
1.9449999999999998 34.69905434888967
1.9549999999999998 32.19182165394284
1.9649999999999999 29.57793134215472
1.9749999999999999 26.902745250391757
1.9849999999999999 24.22910049529161
1.9949999999999999 21.60849317824417
2.005 19.08598455814239
2.015 16.699340614719702
2.025 14.478642123009651
2.035 12.446336490946189
2.045 10.61767673435627
2.0549999999999997 9.001473753196539
2.065 7.601076124704414
2.0749999999999997 6.415486818895951
2.085 5.440527860030821
2.0949999999999998 4.6699708907621105
2.105 4.096562524131449
2.1149999999999998 3.7128869523408836
2.125 3.512023309437566
2.135 3.487970773914385
2.145 3.6358296303133715
2.155 3.951741022521241
2.165 4.432601656167551
2.175 5.075582082545673
2.185 5.877488276021619
2.195 6.8340157885360195
2.205 7.93895349608688
2.215 9.183399377229934
2.225 10.55505331508963
2.235 12.03765099646581
2.245 13.610598076335183
2.255 15.24885456471851
2.265 16.923105873622923
2.275 18.60023954123808
2.285 20.23420703599946
2.295 21.810131069822113
2.305 23.274878194162735
2.315 24.590854113757956
2.3249999999999997 25.7227185019417
2.335 26.63895424451555
2.3449999999999998 27.313322581860202
2.355 27.726110590909833
2.3649999999999998 27.865088298596827
2.375 27.726110590909833
2.385 27.313322581860202
2.395 26.63895424451555
2.405 25.7227185019417
2.415 24.590854113757956
2.425 23.274878194162735
2.435 21.810131069822113
2.445 20.23420703599946
2.455 18.585367727687903
2.465 16.901030388698718
2.475 15.216412115921138
2.485 13.563394591865816
2.495 11.969653715854234
2.505 10.45807690893765
2.515 9.04646966929774
2.525 7.747533927431751
2.535 6.569085239276904
2.545 5.52049304681042
2.555 4.59204360225238
2.565 3.784280236011657
2.5749999999999997 3.0912746598929797
2.585 2.505371570947172
2.5949999999999998 2.017880053345452
2.605 1.6197048843649975
2.6149999999999998 1.30189888247859
2.625 1.056125519345649
2.635 0.8750277954636629
2.645 0.7525044866981361
2.655 0.6838981820575549
2.665 0.6661011460556681
2.675 0.6975852250837322
2.685 0.7783611802025006
2.695 0.909871449801843
2.705 1.0948189294338224
2.715 1.336933379819124
2.725 1.6513846618313477
2.735 2.0267855890636364
2.745 2.4757492783469774
2.755 3.0034971640000654
2.765 3.6145803846493987
2.775 4.306221748186691
2.785 5.094968931418519
2.795 5.9718844724509195
2.805 6.93515701331755
2.815 7.980598943239028
2.8249999999999997 9.10161505635349
2.835 10.289314477111558
2.8449999999999998 11.532776320586104
2.855 12.819467401836993
2.8649999999999998 14.135796319058066
2.875 15.467773604147283
2.885 16.801733831311033
2.895 18.12506420973899
2.905 19.426876837147503
2.915 20.698559804045125
2.925 21.934146635648997
2.935 23.13045446813328
2.945 24.28695849956293
2.955 25.405392508177986
2.965 26.489090769851316
2.975 27.542113156466556
2.985 28.568219852530042
2.995 29.569782241253698
3.005 30.54672961102404
3.015 31.49563552922664
3.025 32.40904197673083
3.035 33.275103605264086
3.045 34.07760982473103
3.055 34.79641091841528
3.065 35.4082389187579
3.075 35.88787798459317
3.085 36.20960609407803
3.0949999999999998 36.34880336066537
3.105 36.283604929784644
3.1149999999999998 35.99647002867113
3.125 35.47554399181119
3.135 34.71570643067229
3.145 33.71922447839879
3.155 32.49596259733098
3.165 31.06313653542015
3.175 29.444635141883953
3.185 27.669966517739823
3.195 25.77291148851879
3.205 23.789985527421486
3.215 21.758818870431583
3.225 19.716563514993908
3.235 17.698425907617814
3.245 15.736407028105203
3.255 13.858309451137636
3.265 12.087046267085123
3.275 10.440261920718646
3.285 8.930252263129365
3.295 7.564152133828181
3.305 6.344344742550487
3.315 5.269038529382925
3.325 4.3329539862638065
3.335 3.5280645676706928
3.3449999999999998 2.8443413875470784
3.355 2.266439016222537
3.3649999999999998 1.7917806186867666
3.375 1.4024348217799545
3.385 1.086769880712395
3.395 0.8337763187371003
3.405 0.6333132487178375
3.415 0.4762605904851302
3.425 0.35459105348134534
3.435 0.26137735387125155
3.445 0.19075028484112544
3.455 0.1378222985127298
3.465 0.09858953927480742
3.475 0.06982311835343168
3.485 0.04895811631143533
3.495 0.033986560376692974
3.505 0.02335859856988315
3.515 0.01589437325772455
3.525 0.010707722000100032
3.535 0.0
3.545 0.0
3.555 0.0
3.565 0.0
3.575 0.0
3.585 0.0
3.5949999999999998 0.0
3.605 0.0
3.6149999999999998 0.0
3.625 0.0
3.635 0.0
3.645 0.0
3.655 0.0
3.665 0.0
3.675 0.0
3.685 0.0
3.695 0.0
3.705 0.003102708445819401
3.715 0.004605611366011115
3.725 0.006768472422482052
3.735 0.009848069264791445
3.745 0.014186281729155828
3.755 0.020232200558308877
3.765 0.028567663241026508
3.775 0.0399358901560663
3.785 0.055272495850516794
3.795 0.07573765207900264
3.805 0.10274759247936126
3.815 0.13800299975058594
3.825 0.18351114883518643
3.835 0.24159805662172054
3.8449999999999998 0.3149063906886068
3.855 0.4063746113512511
3.8649999999999998 0.5191928646077109
3.875 0.6567316071058424
3.885 0.822439910019837
3.895 1.019711906977792
3.905 1.2517219248566402
3.915 1.521231407308348
3.925 1.830373680974809
3.935 2.1804257224480765
3.945 2.5715790929165747
3.955 3.0027248004555345
3.965 3.471268687951747
3.975 3.972994701727699
3.985 4.501992800305439
3.995 5.05066613880278
4.005 5.609828469732529
4.015 6.16889755247989
4.025 6.716184048098837
4.035 7.2392683398699225
4.045 7.725450538830961
4.055 8.16225226094159
4.065 8.540565818295557
4.075 8.8459551947017
4.085 9.071621218893139
4.095 9.211237773017332
4.1049999999999995 9.261034429348193
4.115 9.220014924630632
4.125 9.090046910696657
4.135 8.875817992533818
4.145 8.584662153438249
4.155 8.226269253441268
4.165 7.812297591473284
4.175 7.355914905448041
4.185 6.871296221715402
4.195 6.373107487091489
4.205 5.876002024066962
4.215 5.394152895162691
4.225 4.940838801034476
4.235 4.528094856173219
4.245 4.166433221125484
4.255 3.8646328172598503
4.265 3.629592787236576
4.275 3.466241389011762
4.285 3.3774908015893197
4.295 3.364228823896589
4.305 3.4253403957836817
4.315 3.557754818960901
4.325 3.7565179473105887
4.335 4.0148918489424155
4.345 4.324486947795343
4.355 4.675432965429117
4.365 5.056594800790556
4.375 5.455837705039141
4.385 5.86034284392269
4.395 6.256969911124943
4.405 6.632658351860778
4.415 6.974853579571968
4.425 7.274185773214567
4.435 7.516992595382945
4.445 7.696388094864668
4.455 7.806091936151518
4.465 7.842177164550239
4.475 7.803224066982805
4.485 7.690367636774887
4.495 7.507235147754437
4.505 7.259777622873704
4.515 6.953936502238431
4.525 6.604281721760287
4.535 6.218856511266284
4.545 5.809661092028034
4.555 5.389113624013796
4.565 4.969624566751777
4.575 4.563201216243739
4.585 4.181097273017839
4.595 3.8335169919705923
4.605 3.5293780937787242
4.615 3.27613276928429
4.625 3.0796422709593365
4.635 2.944098094788664
4.645 2.8719817610623712
4.655 2.8640556570206916
4.665 2.9193790787401257
4.675 3.035346126447975
4.685 3.2077449914503338
4.695 3.430840912585368
4.705 3.6974871922364283
4.715 3.999269751689825
4.725 4.326690516405331
4.735 4.671376202868648
4.745 5.019376872082139
4.755 5.36091336455963
4.765 5.6849912618859975
4.775 5.981100277202191
4.785 6.239599306389581
4.795 6.4520910456628755
4.805 6.611765899497813
4.815 6.7136948804778305
4.825 6.755052926909797
4.835 6.735257434436866
4.845 6.656011533140738
4.855 6.521247313974629
4.865 6.336970295668328
4.875 6.109263189818641
4.885 5.851550719030745
4.895 5.571739648768969
4.905 5.281016050474229
4.915 4.990776565557919
4.925 4.712179859530148
4.935 4.455715535867673
4.945 4.2308079964735725
4.955 4.045469784755182
4.965 3.90601573569377
4.975 3.8168460871991705
4.985 3.7803037927564898
4.995 3.796608723400979
5.005 3.863869256557056
5.015 3.9781698312740894
5.025 4.133731260923233
5.035 4.324908760940085
5.045 4.542021666015813
5.055 4.773918419466645
5.065 5.0116361843953126
5.075 5.244903358307107
5.085 5.463756327129976
5.095 5.65897676420209
5.105 5.822507010958635
5.115 5.947824634220069
5.125 6.030258113363567
5.135 6.067227629788191
5.145 6.058398049847459
5.155 6.005735226285072
5.165 5.913461404537951
5.175 5.78791045446186
5.185 5.637288479688524
5.195 5.47134973847721
5.205 5.301001465399869
5.215 5.137853938476693
5.225 4.993733933016225
5.235 4.878682690328842
5.245 4.806953739666799
5.255 4.785850522888621
5.265 4.82318464071291
5.275 4.924646048966521
5.285 5.0934878912926465
5.295 5.330294315851555
5.305 5.632843618350294
5.315 5.9960767830841455
5.325 6.412178586162503
5.335 6.870774729560355
5.345 7.35924392146543
5.355 7.86313846393273
5.365 8.366700962464517
5.375 8.853458599223847
5.385 9.306870509836024
5.395 9.71099875377065
5.405 10.05116976467485
5.415 10.314591538691774
5.425 10.490892550642421
5.435 10.574087282200846
5.445 10.55747341931399
5.455 10.441085421510474
5.465 10.227243040797529
5.475 9.921413925266897
5.485 9.53190964624254
5.495 9.069461008911993
5.505 8.546701533828331
5.515 7.977592850709622
5.525 7.376827825937416
5.535 6.759246456484247
5.545 6.139452913209638
5.555 5.534833144025262
5.565 4.952418857610834
5.575 4.405342931267427
5.585 3.903156009869054
5.595 3.453740216170246
5.605 3.0633440536439362
5.615 2.738134064462955
5.625 2.4792733635024327
5.635 2.289990502155021
5.645 2.1716068537279005
5.655 2.1247064876872446
5.665 2.149323546630948
5.675 2.245100080362063
5.685 2.4114072450418194
5.695 2.6474263373785343
5.705 2.9521891704265535
5.715 3.324579635940097
5.725 3.763299890447043
5.735 4.266805518325905
5.745 4.8332144317986
5.755 5.460194394777063
5.765 6.144834156601972
5.775 6.883503481512195
5.785 7.671708023121484
5.795 8.50530842067841
5.805 9.375597981923093
5.815 10.275674456971984
5.825 11.196423417014207
5.835 12.12739986610606
5.845 13.055680053934097
5.855 13.969912063625383
5.865 14.858519334393106
5.875 15.703129780311786
5.885 16.489711454542604
5.895 17.203402303434395
5.905 17.831226576260214
5.915 18.359337711973776
5.925 18.775240046401162
5.935 19.070782558737026
5.945 19.23975763575926
5.955 19.27920747740482
5.965 19.189739543047608
5.975 18.975698855902444
5.985 18.64517846472281
5.995 18.209859066366636
6.005 17.68467946842452
6.015 17.087350309772344
6.025 16.437733349806635
6.035 15.757116871820964
6.045 15.067423689484022
6.055 14.390391503342814
6.065 13.746765800260967
6.075 13.155543261441089
6.085 12.633299115568764
6.095 12.193625590275948
6.105 11.846701229421708
6.115 11.59900303391385
6.125 11.453165780663802
6.135 11.407985999264998
6.1450000000000005 11.45856230839717
6.155 11.596559330278367
6.165 11.810579237941656
6.175 12.086623026269912
6.185 12.408622606659062
6.195 12.759024523975704
6.205 13.119406197703547
6.215 13.471105857994742
6.225 13.795847627530907
6.235 14.076343443933293
6.245 14.295829559204844
6.255 14.44301328321323
6.265 14.505196654183349
6.275 14.474015604652385
6.285 14.34413998149662
6.295 14.113394813912642
6.305 13.78276184882932
6.315 13.356260995689416
6.325 12.8407168740673
6.335 12.24542139062126
6.345 11.581708737021133
6.355 10.8614772497225
6.365 10.098971253809221
6.375 9.311732615200288
6.385 8.51124684153131
6.3950000000000005 7.711344096433455
6.405 6.924820895454729
6.415 6.163085424113266
6.425 5.4349265439480074
6.435 4.750523426152575
6.445 4.114494586690876
6.455 3.530993167428904
6.465 3.0023546560571104
6.475 2.5292540917020254
6.485 2.1109118389258907
6.495 1.7453311827139657
6.505 1.4295513423998996
6.515 1.159900925121819
6.525 0.9322390785060282
6.535 0.7421743632511897
6.545 0.5852543541500362
6.555 0.4571219257912441
6.565 0.3536368684593838
6.575 0.27096375331368616
6.585 0.20562873119546599
6.595 0.15454917485300182
6.605 0.11413213259790726
6.615 0.08420697211891684
6.625 0.06152318922755565
6.635 0.044512029900982256
6.6450000000000005 0.03189046861295838
6.655 0.02262489554790728
6.665 0.015894678777421702
6.675 0.010168963675025448
6.685 0.007030425509184679
6.695 0.004812315272194494
6.705 0.0032613248434905815
6.715 0.0013110543777786197
6.725 0.0
6.735 0.0
6.745 0.0
6.755 0.0
6.765 0.0
6.775 0.0
6.785 0.0
6.795 0.0
6.805 0.0
6.815 0.0
6.825 0.0
6.835 0.0
6.845 0.0
6.855 0.0
6.865 0.0
6.875 0.0
6.885 0.0
6.8950000000000005 0.0
6.905 0.0
6.915 0.0
6.925 0.0
6.935 0.0
6.945 0.0
6.955 0.0
6.965 0.0
6.975 0.0
6.985 0.0
6.995 0.0
