0.005 0.0
0.015 0.0
0.025 0.0
0.034999999999999996 0.0
0.045 0.0
0.055 0.0
0.065 0.0
0.07500000000000001 0.0
0.085 0.0
0.095 0.0
0.10500000000000001 0.0
0.115 0.0
0.125 0.0
0.135 0.0
0.14500000000000002 0.0
0.155 0.0
0.165 0.0
0.17500000000000002 0.0
0.185 0.0
0.195 0.0
0.20500000000000002 0.0
0.215 0.0
0.225 0.0
0.23500000000000001 0.0
0.245 0.0
0.255 0.0
0.265 0.0
0.275 0.0
0.28500000000000003 0.0
0.295 0.0
0.305 0.0
0.315 0.0
0.325 0.0
0.335 0.0
0.34500000000000003 0.0
0.35500000000000004 0.0
0.365 0.0
0.375 0.0
0.385 0.0
0.395 0.0
0.405 0.0
0.41500000000000004 0.0
0.425 0.0
0.435 0.0
0.445 0.0
0.455 0.0
0.465 0.0
0.47500000000000003 0.0
0.485 0.0
0.495 0.0
0.505 0.0
0.515 0.0
0.525 0.0
0.535 0.0
0.545 0.0
0.555 0.0
0.5650000000000001 0.0
0.5750000000000001 0.0
0.585 0.0
0.595 0.0
0.605 0.0
0.615 0.0
0.625 0.0
0.635 0.0
0.645 0.0
0.655 0.0
0.665 0.0
0.675 0.0
0.685 0.0
0.6950000000000001 0.0
0.7050000000000001 0.0
0.715 0.0
0.725 0.0
0.735 0.0
0.745 0.0
0.755 0.0
0.765 0.0
0.775 0.0
0.785 0.0
0.795 0.0
0.805 0.0
0.8150000000000001 0.0
0.8250000000000001 0.0
0.8350000000000001 0.0
0.845 0.0
0.855 0.0
0.865 0.0
0.875 0.0
0.885 0.0
0.895 0.0
0.905 0.0
0.915 0.0
0.925 0.0
0.935 0.0
0.9450000000000001 0.0
0.9550000000000001 0.0
0.965 0.0
0.975 0.0
0.985 0.0
0.995 0.0
1.005 0.0
1.015 0.0
1.025 0.0
1.035 0.0
1.045 0.0
1.055 0.0
1.065 0.0
1.075 0.0
1.085 0.0
1.095 0.0
1.105 0.0
1.115 0.0
1.125 0.0
1.135 0.0
1.145 0.0
1.155 0.0
1.1649999999999998 0.0
1.1749999999999998 0.0
1.1849999999999998 0.0
1.1949999999999998 0.0
1.2049999999999998 0.0
1.2149999999999999 0.0
1.2249999999999999 0.0
1.2349999999999999 0.0
1.2449999999999999 0.0
1.255 0.0
1.265 0.0
1.275 0.0
1.285 0.0
1.295 0.0
1.305 0.0
1.315 0.0
1.325 0.0
1.335 0.0
1.345 0.0
1.355 0.0
1.365 0.0167832832567236
1.375 0.024912840338028173
1.385 0.03661226694854287
1.395 0.053270534079839595
1.405 0.07673695056359915
1.4149999999999998 0.10944075436235949
1.4249999999999998 0.15452924196047593
1.4349999999999998 0.2160226680343635
1.4449999999999998 0.29898199278608567
1.4549999999999998 0.40968285942361166
1.4649999999999999 0.5557860103971554
1.4749999999999999 0.7464908403535044
1.4849999999999999 0.9926551738425795
1.4949999999999999 1.3068609859298075
1.505 1.7034030900971702
1.515 2.1981763126466833
1.525 2.808436907219531
1.535 3.5524164703750674
1.545 4.44877184322482
1.555 5.515862696709928
1.565 6.770859715106824
1.575 8.228700199750051
1.585 9.900923818621711
1.595 11.794438039900294
1.605 13.910279063326271
1.615 16.242448089486864
1.625 18.77691270947104
1.635 21.490867292543314
1.645 24.352343027609912
1.655 27.320246785315753
1.665 30.344887981986556
1.6749999999999998 33.369024777201176
1.6849999999999998 36.329426774020654
1.6949999999999998 39.15891333044065
1.7049999999999998 41.7887877456582
1.7149999999999999 44.15155149134148
1.7249999999999999 46.18375291813744
1.7349999999999999 47.82880474835525
1.7449999999999999 49.039596705099235
1.755 49.7807352988322
1.765 50.030262272913916
1.775 49.7807352988322
1.785 49.039596705099235
1.795 47.82880474835525
1.805 46.18375291813744
1.815 44.15155149134148
1.825 41.7887877456582
1.835 39.15891333044065
1.845 36.329426774020654
1.855 33.369024777201176
1.865 30.344887981986556
1.875 27.320246785315753
1.885 24.352343027609912
1.895 21.490867292543314
1.905 18.77691270947104
1.915 16.242448089486864
1.9249999999999998 13.910279063326271
1.9349999999999998 11.794438039900294
1.9449999999999998 9.900923818621711
1.9549999999999998 8.228700199750051
1.9649999999999999 6.770859715106824
1.9749999999999999 5.515862696709928
1.9849999999999999 4.44877184322482
1.9949999999999999 3.5524164703750674
2.005 2.808436907219531
2.015 2.1981763126466833
2.025 1.7034030900971702
2.035 1.3068609859298075
2.045 0.9926551738425795
2.0549999999999997 0.7464908403535044
2.065 0.5557860103971554
2.0749999999999997 0.40968285942361166
2.085 0.29898199278608567
2.0949999999999998 0.2160226680343635
2.105 0.15452924196047593
2.1149999999999998 0.10944075436235949
2.125 0.07673695056359915
2.135 0.053270534079839595
2.145 0.03661226694854287
2.155 0.024912840338028173
2.165 0.0167832832567236
2.175 0.007885196001003294
2.185 0.011704660286202095
2.195 0.017201336384206015
2.205 0.025027796758979443
2.215 0.03605289182442144
2.225 0.05141793685089282
2.235 0.0726016085235689
2.245 0.10149272058720864
2.255 0.14046903563665833
2.265 0.19247900398228132
2.275 0.2611218293560973
2.285 0.3507196118365543
2.295 0.46637362233775254
2.305 0.6139951797567786
2.315 0.800300336273593
2.3249999999999997 1.0327568691327396
2.335 1.319472187362738
2.3449999999999998 1.6690119398942962
2.355 2.090141565925078
2.3649999999999998 2.5914868868554817
2.375 3.181115109138499
2.385 3.866044141424496
2.395 4.651695601309597
2.405 5.541314785892405
2.415 6.535388527095187
2.425 7.631098442577793
2.435 8.821851764230601
2.445 10.096933850256463
2.455 11.441324973136185
2.465 12.835718577989955
2.475 14.25676881611329
2.485 15.677582074124665
2.495 17.068451168664403
2.505 18.397812994851627
2.515 19.633392166388685
2.525 20.743476227641334
2.535 21.69825404546701
2.545 22.471139536026794
2.555 23.039999141702566
2.565 23.388204137477228
2.5749999999999997 23.505437998580263
2.585 23.388204137477228
2.5949999999999998 23.039999141702566
2.605 22.471139536026794
2.6149999999999998 21.69825404546701
2.625 20.743476227641334
2.635 19.633392166388685
2.645 18.397812994851627
2.655 17.068451168664403
2.665 15.677582074124665
2.675 14.25676881611329
2.685 12.835718577989955
2.695 11.441324973136185
2.705 10.096933850256463
2.715 8.821851764230601
2.725 7.631098442577793
2.735 6.535388527095187
2.745 5.541314785892405
2.755 4.651695601309597
2.765 3.866044141424496
2.775 3.181115109138499
2.785 2.5914868868554817
2.795 2.090141565925078
2.805 1.6690119398942962
2.815 1.319472187362738
2.8249999999999997 1.0327568691327396
2.835 0.800300336273593
2.8449999999999998 0.6139951797567786
2.855 0.46637362233775254
2.8649999999999998 0.3507196118365543
2.875 0.2611218293560973
2.885 0.19247900398228132
2.895 0.14046903563665833
2.905 0.10149272058720864
2.915 0.0726016085235689
2.925 0.05141793685089282
2.935 0.03605289182442144
2.945 0.025027796758979443
2.955 0.017201336384206015
2.965 0.011704660286202095
2.975 0.007885196001003294
2.985 0.0
2.995 0.0
3.005 0.0
3.015 0.0
3.025 0.0
3.035 0.0
3.045 0.0
3.055 0.0
3.065 0.0
3.075 0.0
3.085 0.0
3.0949999999999998 0.0
3.105 0.0
3.1149999999999998 0.0
3.125 0.0
3.135 0.0
3.145 0.0
3.155 0.0
3.165 0.0
3.175 0.0
3.185 0.0
3.195 0.004045474202644627
3.205 0.006005037951184071
3.215 0.008825089773857703
3.225 0.012840429854197841
3.235 0.01849681907562939
3.245 0.026379805531407296
3.255 0.037248019493140244
3.265 0.05207051071901443
3.275 0.0720671825869852
3.285 0.09875072795425446
3.295 0.1339677066078072
3.305 0.17993555795769556
3.315 0.23927147248099426
3.325 0.3150082331419729
3.335 0.41059148870246165
3.3449999999999998 0.5298525580275916
3.355 0.6769509209921799
3.3649999999999998 0.8562811559648154
3.375 1.072340343061767
3.385 1.3295539319417997
3.395 1.6320607766789064
3.405 1.9834613925168376
3.415 2.386537322757616
3.425 2.8429535565391957
3.435 3.3529598613984026
3.445 3.9151102754277813
3.455 4.526022400357448
3.465 5.180199124007132
3.475 5.86993462394681
3.485 6.58532373488975
3.495 7.314388944969307
3.505 8.043332573171972
3.515 8.756913445543473
3.525 9.438938213619839
3.535 10.072848095269222
3.545 10.642373118108626
3.555 11.132218777085225
3.565 11.528745168218698
3.575 11.82059674164758
3.585 11.999242184000458
3.5949999999999998 12.059388635744765
3.605 11.999242184000458
3.6149999999999998 11.82059674164758
3.625 11.528745168218698
3.635 11.132218777085225
3.645 10.642373118108626
3.655 10.072848095269222
3.665 9.438938213619839
3.675 8.756913445543473
3.685 8.043332573171972
3.695 7.314388944969307
3.705 6.58532373488975
3.715 5.86993462394681
3.725 5.180199124007132
3.735 4.526022400357448
3.745 3.9151102754277813
3.755 3.3529598613984026
3.765 2.8429535565391957
3.775 2.386537322757616
3.785 1.9834613925168376
3.795 1.6320607766789064
3.805 1.3295539319417997
3.815 1.0752832202863967
3.825 0.8606495163928768
3.835 0.6833707260384757
3.8449999999999998 0.5391933192534746
3.855 0.42404698609512315
3.8649999999999998 0.3341982032171216
3.875 0.26636751678582826
3.885 0.21781421257120023
3.895 0.18639292542141786
3.905 0.1705868721625624
3.915 0.16952189193953646
3.925 0.18296449962853606
3.935 0.21130587565437542
3.945 0.25553231236936963
3.955 0.317181294665494
3.965 0.39828128235346366
3.975 0.5012725379067806
3.985 0.6289061332346543
3.995 0.7841186657669273
4.005 0.9671830270652615
4.015 1.1872414081295681
4.025 1.4428675269154023
4.035 1.736084815046056
4.045 2.0681044676417795
4.055 2.439108177912999
4.065 2.850666635684467
4.075 3.296344533909502
4.085 3.774053059927162
4.095 4.278403659328664
4.1049999999999995 4.802479799699882
4.115 5.337948041289406
4.125 5.875263067377586
4.135 6.4039659017079655
4.145 6.913067529894961
4.155 7.3915029093158
4.165 7.828633527221257
4.175 8.214770903452171
4.185 8.541689342228834
4.195 8.803094315034711
4.205 8.995013430021976
4.215 9.116080124002709
4.225 9.167685876416579
4.235 9.15398453486863
4.245 9.081741701786006
4.255 8.960032354678368
4.265 8.799800168898935
4.275 8.613301583379808
4.285 8.41346576161904
4.295 8.213207643141107
4.305 8.02473481823564
4.315 7.858889754650168
4.325 7.72456693066961
4.335 7.62823985415619
4.345 7.573626114849324
4.355 7.561510010664384
4.365 7.589732492038678
4.375 7.653347826330419
4.385 7.744936162729283
4.395 7.857325724665202
4.405 7.976153773341565
4.415 8.091317999725332
4.425 8.191068219643247
4.435 8.264193486276271
4.445 8.300650689258163
4.455 8.29211638929057
4.465 8.232432706095976
4.475 8.117925588461931
4.485 7.947582461709707
4.495 7.723085398434142
4.505 7.448704889324599
4.515 7.131067331471351
4.525 6.778815927732938
4.535 6.402189381107081
4.545 6.012545344215094
4.555 5.621856029531711
4.565 5.242201890888572
4.575 4.885286217771725
4.585 4.56198933393444
4.595 4.281976415182564
4.605 4.053368283079212
4.615 3.8824803609753067
4.625 3.771668804151173
4.635 3.7277269829472264
4.645 3.74783660330379
4.655 3.8299344716122627
4.665 3.9698512504580092
4.675 4.161452239123987
4.685 4.396835552288134
4.695 4.666585431422098
4.705 4.960077193276929
4.715 5.265828318175955
4.725 5.573878089020232
4.735 5.869205247623262
4.745 6.141630347929433
4.755 6.380487241047371
4.765 6.576362090811378
4.775 6.721463315501553
4.785 6.809931174019162
4.795 6.8380702566803135
4.805 6.804491812115137
4.815 6.7101577123965885
4.825 6.558323519781577
4.835 6.354384061263734
4.845 6.105630594815342
4.855 5.822826858143017
4.865 5.513178896009502
4.875 5.187186292149514
4.885 4.860335039627986
4.895 4.541475991087839
4.905 4.241663184384313
4.915 3.9711850145732686
4.925 3.73926420105631
4.935 3.553811089254296
4.945 3.4212338052885123
4.955 3.346305789369049
4.965 3.3320889945709418
4.975 3.3799095861374457
4.985 3.4893822188501282
4.995 3.6584787152957237
5.005 3.883636970798316
5.015 4.159905921690877
5.025 4.481122226499234
5.035 4.8401138010874405
5.045 5.228924501348654
5.055 5.639053153066115
5.065 6.0616989745886185
5.075 6.48800447100264
5.085 6.909286360518466
5.095 7.317245251414446
5.105 7.7041457657238
5.115 8.062960631771011
5.125 8.387474836193917
5.135 8.672349003579777
5.145 8.913144423520823
5.155 9.106315180187792
5.165 9.249175269005104
5.175 9.339850080073038
5.185 9.377221973597983
5.195 9.360878804492788
5.205 9.289555569015711
5.215 9.167688603662535
5.225 8.994588292111967
5.235 8.772439591872976
5.245 8.504038951089274
5.255 8.192802821289249
5.265 7.842765485708879
5.275 7.458558166694927
5.285 7.045362820410293
5.295 6.608836475332604
5.305 6.155005097229617
5.315 5.690129360443577
5.325 5.220547943144335
5.335 4.752506647511045
5.345 4.291983464722239
5.355 3.844520470178684
5.365 3.415073095124771
5.375 3.011021363260808
5.385 2.63105641199868
5.395 2.2800508290305666
5.405 1.9599852732843392
5.415 1.6720824798215335
5.425 1.4168869741592163
5.435 1.194375654033777
5.445 1.004091585072404
5.455 0.8452924123075991
5.465 0.7171044284986915
5.475 0.6186734691958258
5.485 0.5493043027691993
5.495 0.5085809289083076
5.505 0.4964610897081735
5.515 0.5133392686700293
5.525 0.5600734850682869
5.535 0.6366446379135107
5.545 0.7478630663144898
5.555 0.8938042420332578
5.565 1.0766732006030357
5.575 1.2986399409471452
5.585 1.5616308023133743
5.595 1.867093640250702
5.605 2.2157479640158138
5.615 2.6073338311535323
5.625 3.040375519303107
5.635 3.5119774946399005
5.645 4.017670657404737
5.655 4.552752064304103
5.665 5.106004517241144
5.675 5.6720531310053115
5.685 6.23842886333205
5.695 6.793476333033702
5.705 7.3248514620134815
5.715 7.819987959505041
5.725 8.266617548450473
5.735 8.653316405801807
5.745 8.970046300919577
5.755 9.208657159372386
5.765 9.36331854052873
5.775 9.430850849900597
5.785 9.410932815666104
5.795 9.30616941232974
5.805 9.122013389165467
5.815 8.866543105482224
5.825 8.550108690377572
5.835 8.184866870948394
5.845 7.784231505550476
5.855 7.362271451100748
5.865 6.933089634503465
5.875 6.510217062417304
5.885 6.106053173494745
5.895 5.731379764235767
5.905 5.394970168535844
5.915 5.103308958899457
5.925 4.860430674913992
5.935 4.669182217914751
5.945 4.526718897375769
5.955 4.430888062806658
5.965 4.376740151469024
5.975 4.3577556373607385
5.985 4.366258987489678
5.995 4.393866853285763
6.005 4.43194822279406
6.015 4.4720746056337894
6.025 4.506439544846215
6.035 4.5282287980474765
6.045 4.531925337767406
6.055 4.513536791414062
6.065 4.470736940567236
6.075 4.402917251276607
6.085 4.311148898708794
6.095 4.19806014345655
6.105 4.067637970355727
6.115 3.924966388058756
6.125 3.7759165221539104
6.135 3.6268054861846397
6.1450000000000005 3.484041920462057
6.155 3.353776053726908
6.165 3.24157123479358
6.175 3.1521122151659613
6.185 3.0868719422649535
6.195 3.053004883762765
6.205 3.0483217354364984
6.215 3.0722787223775505
6.225 3.1228783468141463
6.235 3.196773129877122
6.245 3.289431673121796
6.255 3.395358843333029
6.265 3.5083592776932297
6.275 3.6218312358767895
6.285 3.7290762157128343
6.295 3.823608823458243
6.305 3.8994512565201545
6.315 3.951397489850195
6.325 3.975233879119689
6.335 3.9679053590493196
6.345 3.927619603982315
6.355 3.85388523689284
6.365 3.7474841682742652
6.375 3.610382123777826
6.385 3.445585073785736
6.3950000000000005 3.256952324433438
6.405 3.048979234156235
6.415 2.8288151928731184
6.425 2.5981129448727835
6.435 2.3635207126067628
6.445 2.129975901469398
6.455 1.9020519284714261
6.465 1.68289323656747
6.475 1.4782732214910144
6.485 1.2897866877809627
6.495 1.1198828295917391
6.505 0.9704927755844641
6.515 0.8431098619954951
6.525 0.7388877480249163
6.535 0.6587468176353907
6.545 0.6034791776707842
6.555 0.5738429726032722
6.565 0.5706376230764268
6.575 0.5947528902498774
6.585 0.6471863093609209
6.595 0.7290254712310903
6.605 0.84139381171166
6.615 0.9853609445261612
6.625 1.161821076134233
6.635 1.3713455802207575
6.6450000000000005 1.6140182594232544
6.655 1.8892640234898523
6.665 2.1956834778351415
6.675 2.530907041119576
6.685 2.8914824982621017
6.695 3.272809182865211
6.705 3.669130169286433
6.715 4.073590927161042
6.725 4.4783689460065785
6.735 4.874874087361471
6.745 5.253145260406243
6.755 5.605941371043572
6.765 5.922904741997159
6.775 6.195523371714479
6.785 6.418457577683346
6.795 6.581975183984768
6.805 6.682967962947985
6.815 6.718676556965103
6.825 6.688350665725742
6.835 6.593314554083778
6.845 6.436936117268923
6.855 6.224502685955125
6.865 5.963013001005718
6.875 5.6609000863963255
6.885 5.3277036277868906
6.8950000000000005 4.973712606569165
6.905 4.60959921566829
6.915 4.246063563391202
6.925 3.8935056112549176
6.935 3.561736600212848
6.945 3.2597374092330904
6.955 2.995466415508918
6.965 2.7757150205966776
6.975 2.606005525576867
6.985 2.490523807103022
6.995 2.4320784308134202
