0.005 0.0
0.015 0.0
0.025 0.0
0.034999999999999996 0.0
0.045 0.0
0.055 0.0
0.065 0.0
0.07500000000000001 0.0
0.085 0.0
0.095 0.0
0.10500000000000001 0.0
0.115 0.0
0.125 0.0
0.135 0.0
0.14500000000000002 0.0
0.155 0.0
0.165 0.0
0.17500000000000002 0.0
0.185 0.0
0.195 0.0
0.20500000000000002 0.0
0.215 0.0
0.225 0.0
0.23500000000000001 0.0
0.245 0.0
0.255 0.0
0.265 0.0
0.275 0.0
0.28500000000000003 0.0
0.295 0.0
0.305 0.0
0.315 0.0
0.325 0.0
0.335 0.0
0.34500000000000003 0.0
0.35500000000000004 0.0
0.365 0.0
0.375 0.0
0.385 0.0
0.395 0.0
0.405 0.0
0.41500000000000004 0.0
0.425 0.0
0.435 0.0
0.445 0.0
0.455 0.0
0.465 0.0
0.47500000000000003 0.0
0.485 0.0
0.495 0.0
0.505 0.0
0.515 0.0
0.525 0.0
0.535 0.0
0.545 0.0
0.555 0.0
0.5650000000000001 0.0
0.5750000000000001 0.0
0.585 0.0
0.595 0.0
0.605 0.0
0.615 0.0
0.625 0.0
0.635 0.0
0.645 0.0
0.655 0.0
0.665 0.0
0.675 0.0
0.685 0.0
0.6950000000000001 0.0
0.7050000000000001 0.0
0.715 0.0
0.725 0.0
0.735 0.0
0.745 0.0
0.755 0.0
0.765 0.0
0.775 0.0
0.785 0.0
0.795 0.0
0.805 0.0
0.8150000000000001 0.0
0.8250000000000001 0.0
0.8350000000000001 0.0
0.845 0.0
0.855 0.0
0.865 0.0
0.875 0.0
0.885 0.0
0.895 0.0
0.905 0.0
0.915 0.0
0.925 0.0
0.935 0.0
0.9450000000000001 0.0
0.9550000000000001 0.0
0.965 0.0
0.975 0.0
0.985 0.0
0.995 0.0
1.005 0.0
1.015 0.0
1.025 0.0
1.035 0.0
1.045 0.0
1.055 0.0
1.065 0.0
1.075 0.0
1.085 0.0
1.095 0.0
1.105 0.0
1.115 0.0
1.125 0.0
1.135 0.0
1.145 0.0
1.155 0.0
1.1649999999999998 0.0
1.1749999999999998 0.0
1.1849999999999998 0.0
1.1949999999999998 0.0
1.2049999999999998 0.0
1.2149999999999999 0.0
1.2249999999999999 0.0
1.2349999999999999 0.0
1.2449999999999999 0.0
1.255 0.0
1.265 0.0
1.275 0.0
1.285 0.0
1.295 0.0
1.305 0.0
1.315 0.0
1.325 0.0
1.335 0.0
1.345 0.0
1.355 0.0
1.365 0.0
1.375 0.0
1.385 0.0
1.395 0.0
1.405 0.0
1.4149999999999998 0.0
1.4249999999999998 0.0
1.4349999999999998 0.0
1.4449999999999998 0.0
1.4549999999999998 0.0
1.4649999999999999 0.0
1.4749999999999999 0.0
1.4849999999999999 0.0
1.4949999999999999 0.0
1.505 0.0
1.515 0.0
1.525 0.014109286791494272
1.535 0.020943602258463354
1.545 0.03077901782160486
1.555 0.04478320668081568
1.565 0.06451083655355655
1.575 0.09200410708419694
1.585 0.12990887177090993
1.595 0.18160485824724185
1.605 0.251346689273173
1.615 0.34441014125478053
1.625 0.46723540891514054
1.635 0.6275561934254862
1.645 0.8345003965296665
1.655 1.0986453702204997
1.665 1.4320084069408932
1.6749999999999998 1.84795188992455
1.6849999999999998 2.3609827203448557
1.6949999999999998 2.9864277457910444
1.7049999999999998 3.739971306319788
1.7149999999999999 4.637047918452291
1.7249999999999999 5.692092547335518
1.7349999999999999 6.917662608893172
1.7449999999999999 8.323459213602126
1.755 9.915289297330805
1.765 11.694023967304654
1.775 13.654620182777416
1.785 15.78528124827106
1.795 18.066835039977263
1.805 20.47240617736377
1.815 22.967448693568073
1.825 25.510188956746344
1.835 28.052505182226234
1.845 30.541241155534976
1.855 32.91991978989658
1.865 35.130789485791915
1.875 37.11710591735398
1.885 38.825526868734954
1.895 40.20848082979125
1.905 41.226363368101595
1.915 41.849420061554824
1.9249999999999998 42.0591911525672
1.9349999999999998 41.849420061554824
1.9449999999999998 41.226363368101595
1.9549999999999998 40.20848082979125
1.9649999999999999 38.825526868734954
1.9749999999999999 37.11710591735398
1.9849999999999999 35.130789485791915
1.9949999999999999 32.91991978989658
2.005 30.541241155534976
2.015 28.052505182226234
2.025 25.510188956746344
2.035 22.967448693568073
2.045 20.47240617736377
2.0549999999999997 18.066835039977263
2.065 15.78528124827106
2.0749999999999997 13.654620182777416
2.085 11.694023967304654
2.0949999999999998 9.915289297330805
2.105 8.323459213602126
2.1149999999999998 6.917662608893172
2.125 5.692092547335518
2.135 4.637047918452291
2.145 3.739971306319788
2.155 2.9864277457910444
2.165 2.3609827203448557
2.175 1.84795188992455
2.185 1.4320084069408932
2.195 1.0986453702204997
2.205 0.8345003965296665
2.215 0.6275561934254862
2.225 0.46723540891514054
2.235 0.34441014125478053
2.245 0.251346689273173
2.255 0.18160485824724185
2.265 0.12990887177090993
2.275 0.09200410708419694
2.285 0.06451083655355655
2.295 0.04478320668081568
2.305 0.03077901782160486
2.315 0.020943602258463354
2.3249999999999997 0.014109286791494272
2.335 0.0
2.3449999999999998 0.0
2.355 0.0
2.3649999999999998 0.0
2.375 0.0
2.385 0.0
2.395 0.0
2.405 0.0
2.415 0.0
2.425 0.0
2.435 0.0
2.445 0.0
2.455 0.0
2.465 0.0
2.475 0.0
2.485 0.0
2.495 0.0
2.505 0.0
2.515 0.0
2.525 0.0
2.535 0.0
2.545 0.0
2.555 0.0
2.565 0.0
2.5749999999999997 0.0
2.585 0.0
2.5949999999999998 0.0
2.605 0.0
2.6149999999999998 0.0
2.625 0.0
2.635 0.0
2.645 0.0
2.655 0.0
2.665 0.0
2.675 0.0
2.685 0.0
2.695 0.0
2.705 0.0
2.715 0.0
2.725 0.0
2.735 0.0
2.745 0.0
2.755 0.0
2.765 0.0
2.775 0.0
2.785 0.0
2.795 0.0
2.805 0.0
2.815 0.0
2.8249999999999997 0.0
2.835 0.0
2.8449999999999998 0.0
2.855 0.0
2.8649999999999998 0.0
2.875 0.0
2.885 0.0
2.895 0.0
2.905 0.0
2.915 0.0
2.925 0.004729158598855106
2.935 0.007019888260498217
2.945 0.010316528322544748
2.955 0.015010460137968121
2.965 0.026240173315374985
2.975 0.03769197627912278
2.985 0.053615647543510836
2.995 0.0755261380032998
3.005 0.10535829394077498
3.015 0.14554878183924883
3.025 0.19912210989486212
3.035 0.2697765116454858
3.045 0.36196384711320473
3.055 0.480955985881303
3.065 0.6328885042894705
3.075 0.8247711389627325
3.085 1.064453511779555
3.0949999999999998 1.360534420777868
3.105 1.7222037224132176
3.1149999999999998 2.1590077306105027
3.125 2.680532283240317
3.135 3.29600223526393
3.145 4.013802056325444
3.155 4.840929207382969
3.165 5.782399643127286
3.175 6.840632565409615
3.185 8.014848729828973
3.195 9.300522386983513
3.205 10.688930509804369
3.215 12.1668435799447
3.225 13.716399310015293
3.235 15.315193957769237
3.245 16.93661537562932
3.255 18.550428053533498
3.265 20.12360396899852
3.275 21.62137522607891
3.285 23.008466686022437
3.295 24.25045065210473
3.305 25.315152741007193
3.315 26.174029741011775
3.325 26.80343756446146
3.335 27.185710908760477
3.3449999999999998 27.30998593918813
3.355 27.172712596425562
3.3649999999999998 26.777822857022027
3.375 26.136543832866867
3.385 25.266868093014672
3.395 24.192716038272113
3.405 22.94284467450155
3.415 21.549572133517174
3.425 20.047396655464063
3.435 18.471591905728516
3.445 16.856857478833625
3.455 15.236094831567648
3.465 13.63936575180903
3.475 12.093074209719651
3.485 10.619394629649323
3.495 9.235951843770035
3.505 7.955741669971583
3.515 6.787267348077151
3.525 5.738250575079705
3.535 4.804156588486187
3.545 3.984898549653831
3.555 3.275633930250134
3.565 2.669662962679415
3.575 2.159045008262149
3.585 1.735169701762749
3.5949999999999998 1.3925395100971487
3.605 1.1176828888103154
3.6149999999999998 0.9050939708181642
3.625 0.7480318015274603
3.635 0.6409105790274485
3.645 0.5794349182204606
3.655 0.5606719904881617
3.665 0.5830672436411373
3.675 0.6464094221954129
3.685 0.7517491766913867
3.695 0.9012740349573819
3.705 1.0981412439194271
3.715 1.3462692601582071
3.725 1.6500886775486951
3.735 2.01110000634978
3.745 2.441238492250245
3.755 2.9400312254560594
3.765 3.5108642270275663
3.775 4.1528031387231685
3.785 4.87359222723663
3.795 5.667354021485383
3.805 6.530539589851201
3.815 7.457091753787759
3.825 8.438310652443246
3.835 9.462823444986713
3.8449999999999998 10.516673162137689
3.855 11.583535962687689
3.8649999999999998 12.645068995148211
3.875 13.681383137195015
3.885 14.671626629225116
3.895 15.594657648954092
3.905 16.429776828304036
3.915 17.15748519231138
3.925 17.760229510016863
3.935 18.223095954039835
3.945 18.534414452543416
3.955 18.686240165151627
3.965 18.67468489675555
3.975 18.50007956209218
3.985 18.166958452905853
3.995 17.683866350783717
4.005 17.062999731472086
4.015 16.319702688863128
4.025 15.471846107616006
4.035 14.5391244963124
4.045 13.54230838974585
4.055 12.502491166043008
4.065 11.440367532795022
4.075 10.375577042427366
4.085 9.326140195714807
4.095 8.308007506967005
4.1049999999999995 7.334733935960539
4.115 6.417282963539458
4.125 5.563956891239907
4.135 4.780443191263102
4.145 4.069961314594156
4.155 3.4334905331492456
4.165 2.870057247099165
4.175 2.377059687240236
4.185 1.9506089157036481
4.195 1.5858672116882013
4.205 1.2773679964742737
4.215 1.0193050533209953
4.225 0.8057825920022268
4.235 0.6310213916149603
4.245 0.4895195843075222
4.255 0.37616944243878764
4.265 0.28633370154305643
4.275 0.21588645948010554
4.285 0.16122456518556888
4.295 0.1192557202157156
4.305 0.08736936388430813
4.315 0.0633959135951604
4.325 0.0455592024510625
4.335 0.030162508779013875
4.345 0.021361702628948834
4.355 0.014978258585137658
4.365 0.010397856945786902
4.375 0.007146335601241582
4.385 0.004862728606396326
4.395 0.0032759231984136696
4.405 0.0
4.415 0.0
4.425 0.0
4.435 0.0
4.445 0.0
4.455 0.0
4.465 0.0
4.475 0.0
4.485 0.0
4.495 0.0
4.505 0.0
4.515 0.0
4.525 0.0
4.535 0.0
4.545 0.0
4.555 0.0021295117489572115
4.565 0.0031610135745324293
4.575 0.004645470819402726
4.585 0.008863078007002818
4.595 0.01285968903973866
4.605 0.018475886622566145
4.615 0.026285130734197783
4.625 0.0370293529267848
4.635 0.05165523259815375
4.645 0.07135358770542839
4.655 0.09760041594534019
4.665 0.13219740685957157
4.675 0.1773089494517297
4.685 0.23549183444443356
4.695 0.3097130684156265
4.705 0.4033505735312904
4.715 0.520171153883688
4.725 0.6642800898897274
4.735 0.8400371963583169
4.745 1.0519352512576687
4.755 1.3044384397784434
4.765 1.6017808777891802
4.775 1.9477283262165044
4.785 2.345309747260568
4.795 2.796529161909194
4.805 3.3020720415929787
4.815 3.8610238359510625
4.825 4.470620798622965
4.835 5.126054622515699
4.845 5.820352184621903
4.855 6.544349678006014
4.865 7.2867764710636855
4.875 8.034458259232903
4.885 8.772641739709199
4.895 9.48543461974046
4.905 10.156345906786505
4.915 10.768902884065291
4.925 11.307313752593863
4.935 11.757139386079384
4.945 12.105934636321084
4.955 12.343819576372898
4.965 12.46576061106763
4.975 12.465512036581176
4.985 12.344430256079507
4.995 12.106223455127644
5.005 11.75800224751162
5.015 11.30996220410159
5.025 10.774931828429025
5.035 10.167816405056675
5.045 9.504973922480659
5.055 8.803561993269689
5.065 8.0808942399303
5.075 7.353841172416669
5.085 6.638304614910818
5.095 5.948786923849093
5.105 5.2980673901896616
5.115 4.6969891966593895
5.125 4.154351922852367
5.135 3.6768975553172267
5.145 3.2693727847697565
5.155 2.934647361408757
5.165 2.6738675075442027
5.175 2.486624713214111
5.185 2.372799518995957
5.195 2.3268229338660857
5.205 2.3457881233898905
5.215 2.4247187514189843
5.225 2.5577896750411444
5.235 2.738419625472215
5.245 2.959363632352745
5.255 3.2128159761275583
5.265 3.490533799225625
5.275 3.7839892827199275
5.285 4.084554744610314
5.295 4.38372051846768
5.305 4.6733405082269295
5.315 4.945895425213491
5.325 5.196354647215309
5.335 5.416820745615673
5.345 5.60434154675181
5.355 5.756468446352921
5.365 5.871008457883507
5.375 5.9522162945837644
5.385 6.000607826111238
5.395 6.018901192449051
5.405 6.015749373204689
5.415 5.995433540838773
5.425 5.964909803396241
5.435 5.931320850202411
5.445 5.901602663525662
5.455 5.88210858063629
5.465 5.878275509138986
5.475 5.894353630441968
5.485 5.933215733718927
5.495 5.996255873235345
5.505 6.083379922312263
5.515 6.1930834572922615
5.525 6.3226058940243295
5.535 6.468144502354423
5.545 6.625108302455574
5.555 6.788390191994523
5.565 6.952636056343942
5.575 7.112491956777102
5.585 7.262814458207812
5.595 7.398834270160301
5.605 7.516269043891394
5.615 7.611386762444708
5.625 7.681026073874861
5.635 7.72258364230254
5.645 7.733980772338773
5.655 7.713622038543561
5.665 7.660357470444412
5.675 7.573457250778059
5.685 7.4526042882393995
5.695 7.297905941476305
5.705 7.109922152689677
5.715 6.8897038187348105
5.725 6.638832808959791
5.735 6.359453907866043
5.745 6.054289215611486
5.755 5.726627097460527
5.765 5.380280389849107
5.775 5.0183003369720485
5.785 4.648128608619238
5.795 4.272827149216685
5.805 3.897319687861943
5.815 3.5264207840256008
5.825 3.1646821534053853
5.835 2.8162503728227444
5.845 2.4847452934181473
5.855 2.173166449784688
5.865 1.8838321808368097
5.875 1.6183533808783088
5.885 1.3776410739948637
5.895 1.1619446082974418
5.905 0.9709153903746081
5.915 0.8036898379958359
5.925 0.6589846538451334
5.935 0.5351975757444908
5.945 0.43050734328840706
5.955 0.3429676033508889
5.965 0.2705907069113407
5.975 0.21141867847666515
5.985 0.1635799357719977
5.995 0.1242135236258187
6.005 0.09562359850090771
6.015 0.07284369162969179
6.025 0.055606141666623775
6.035 0.04298441640303392
6.045 0.03424456938457199
6.055 0.030097737950282206
6.065 0.028284638613731625
6.075 0.029543422752674235
6.085 0.033980135673981615
6.095 0.04191045120539341
6.105 0.053866831007694745
6.115 0.07060738331208731
6.125 0.09312517269785343
6.135 0.1215921973608367
6.1450000000000005 0.15998087504737013
6.155 0.20847575810977387
6.165 0.2690750232350142
6.175 0.3439749039343606
6.185 0.43553283143801425
6.195 0.5462117310928529
6.205 0.678503865282936
6.215 0.834833687500876
6.225 1.0174405673315459
6.235 1.2282439133684018
6.245 1.468695071026056
6.255 1.7396222759588125
6.265 2.0410767385711734
6.275 2.3721894351187185
6.285 2.732219135945737
6.295 3.116349648512084
6.305 3.5212112219218685
6.315 3.9415047859361088
6.325 4.372008745333798
6.335 4.803648658117011
6.345 5.229196972382253
6.355 5.640188875378174
6.365 6.028006547421384
6.375 6.3842303138878735
6.385 6.701010828261783
6.3950000000000005 6.971442519925967
6.405 7.189916921078698
6.415 7.352434279863031
6.425 7.456853160195147
6.435 7.503060486842654
6.445 7.493048557433335
6.455 7.430890642184275
6.465 7.322612573916663
6.475 7.175963791057613
6.485 7.000097216580784
6.495 6.80517274036629
6.505 6.601903579311187
6.515 6.4010681539788745
6.525 6.213012168577944
6.535 6.04716623243025
6.545 5.911603623841094
6.555 5.812660755463243
6.565 5.75571746609619
6.575 5.741207770159051
6.585 5.769656818007262
6.595 5.838586285844564
6.605 5.943370753275751
6.615 6.077481333608231
6.625 6.2328234239976785
6.635 6.4012293969187235
6.6450000000000005 6.57114054601358
6.655 6.733239484361302
6.665 6.877844174117288
6.675 6.996120282479822
6.685 7.080528931789223
6.695 7.125205400342438
6.705 7.126249254186649
6.715 7.081911321700909
6.725 6.99266871817456
6.735 6.861185416027394
6.745 6.69216222340212
6.755 6.492086057251086
6.765 6.26889368406311
6.775 6.031569323962236
6.785 5.789698436415351
6.795 5.553001502311496
6.805 5.330871676511782
6.815 5.131088862077743
6.825 4.963119331088075
6.835 4.831729080960341
6.845 4.741218827620036
6.855 4.693987868452195
6.865 4.689623662017122
6.875 4.729704572617092
6.885 4.807867359545371
6.8950000000000005 4.919900935603229
6.905 5.059396942301378
6.915 5.219996914549528
6.925 5.3916258432069935
6.935 5.56643237286075
6.945 5.735789282843664
6.955 5.8914551263681405
6.965 6.025934651326706
6.975 6.132803943619146
6.985 6.206987406048701
6.995 6.244975638845842
