0.005 0.0
0.015 0.0
0.025 0.0
0.034999999999999996 0.0
0.045 0.0
0.055 0.0
0.065 0.0
0.07500000000000001 0.0
0.085 0.0
0.095 0.0
0.10500000000000001 0.0
0.115 0.0
0.125 0.0
0.135 0.0
0.14500000000000002 0.0
0.155 0.0
0.165 0.0
0.17500000000000002 0.0
0.185 0.0
0.195 0.0
0.20500000000000002 0.0
0.215 0.0
0.225 0.0
0.23500000000000001 0.0
0.245 0.0
0.255 0.0
0.265 0.0
0.275 0.0
0.28500000000000003 0.0
0.295 0.0
0.305 0.0
0.315 0.0
0.325 0.0
0.335 0.0
0.34500000000000003 0.0
0.35500000000000004 0.0
0.365 0.0
0.375 0.0
0.385 0.0
0.395 0.0
0.405 0.0
0.41500000000000004 0.0
0.425 0.0
0.435 0.0
0.445 0.0
0.455 0.0
0.465 0.0
0.47500000000000003 0.0
0.485 0.0
0.495 0.0
0.505 0.0
0.515 0.0
0.525 0.0
0.535 0.0
0.545 0.0
0.555 0.0
0.5650000000000001 0.0
0.5750000000000001 0.0
0.585 0.0
0.595 0.0
0.605 0.0
0.615 0.0
0.625 0.0
0.635 0.0
0.645 0.0
0.655 0.0
0.665 0.0
0.675 0.0
0.685 0.0
0.6950000000000001 0.0
0.7050000000000001 0.0
0.715 0.0
0.725 0.0
0.735 0.0
0.745 0.0
0.755 0.0
0.765 0.0
0.775 0.0
0.785 0.0
0.795 0.0
0.805 0.0
0.8150000000000001 0.0
0.8250000000000001 0.0
0.8350000000000001 0.0
0.845 0.0
0.855 0.0
0.865 0.0
0.875 0.0
0.885 0.0
0.895 0.0
0.905 0.0
0.915 0.0
0.925 0.0
0.935 0.0
0.9450000000000001 0.0
0.9550000000000001 0.0
0.965 0.0
0.975 0.0
0.985 0.0
0.995 0.0
1.005 0.0
1.015 0.0
1.025 0.0
1.035 0.0
1.045 0.0
1.055 0.0
1.065 0.0
1.075 0.0
1.085 0.0
1.095 0.0
1.105 0.0
1.115 0.0
1.125 0.0
1.135 0.0
1.145 0.0
1.155 0.0
1.1649999999999998 0.0
1.1749999999999998 0.0
1.1849999999999998 0.0
1.1949999999999998 0.0
1.2049999999999998 0.0
1.2149999999999999 0.0
1.2249999999999999 0.0
1.2349999999999999 0.0
1.2449999999999999 0.0
1.255 0.0
1.265 0.0
1.275 0.0
1.285 0.0
1.295 0.0
1.305 0.0
1.315 0.0
1.325 0.0
1.335 0.0
1.345 0.0
1.355 0.0
1.365 0.0
1.375 0.0
1.385 0.0
1.395 0.0
1.405 0.0
1.4149999999999998 0.0
1.4249999999999998 0.0
1.4349999999999998 0.0
1.4449999999999998 0.0
1.4549999999999998 0.0
1.4649999999999999 0.0
1.4749999999999999 0.0
1.4849999999999999 0.0
1.4949999999999999 0.0
1.505 0.0
1.515 0.0
1.525 0.0
1.535 0.0
1.545 0.0
1.555 0.0
1.565 0.0
1.575 0.0
1.585 0.0
1.595 0.0
1.605 0.0
1.615 0.0
1.625 0.0
1.635 0.0
1.645 0.0
1.655 0.0
1.665 0.0
1.6749999999999998 0.0
1.6849999999999998 0.0
1.6949999999999998 0.0
1.7049999999999998 0.0
1.7149999999999999 0.011688154752517613
1.7249999999999999 0.017349712135674288
1.7349999999999999 0.02549738542746817
1.7449999999999999 0.03709847689217742
1.755 0.053440875644181575
1.765 0.07621634299159413
1.775 0.10761670801806371
1.785 0.15044174226314572
1.795 0.20821598172693134
1.805 0.2853098876513797
1.815 0.38705852719275824
1.825 0.5198685102268826
1.835 0.6913014045157886
1.845 0.9101195046241058
1.855 1.186277953987124
1.865 1.5308461713079995
1.875 1.9558416957011993
1.885 2.473961311145855
1.895 3.0981979489277633
1.905 3.8413375861339376
1.915 4.715338169964559
1.9249999999999998 5.73060228297231
1.9349999999999998 6.895166339910152
1.9449999999999998 8.21384081533085
1.9549999999999998 9.687347335791964
1.9649999999999999 11.311508238628008
1.9749999999999999 13.076551123266709
1.9849999999999999 14.966593773029249
1.9949999999999999 16.95937258158769
2.005 19.026269617169056
2.015 21.132679539278055
2.025 23.238738187909323
2.035 25.300410873712703
2.045 27.270911891644115
2.0549999999999997 29.102399728354214
2.065 30.747867297527296
2.0749999999999997 32.1631258259897
2.085 33.3087670019971
2.0949999999999998 34.15198245317277
2.105 34.66812357074247
2.1149999999999998 34.84189826329711
2.125 34.66812357074247
2.135 34.15198245317277
2.145 33.3087670019971
2.155 32.1631258259897
2.165 30.75581409630995
2.175 29.114195830835612
2.185 27.288247612787966
2.195 25.325634199143224
2.205 23.275072741524095
2.215 21.184499176725396
2.225 19.099438422885534
2.235 17.061658210037248
2.245 15.108160217446839
2.255 13.270533861848987
2.265 11.574670071940346
2.275 10.04080693071397
2.285 8.683857963133331
2.295 7.513958332705908
2.305 6.5371549339459225
2.315 5.756163411259293
2.3249999999999997 5.171118097733709
2.335 4.780248978540426
2.3449999999999998 4.580432025323706
2.355 4.567574471285204
2.3649999999999998 4.736813616323216
2.375 5.0825254122425285
2.385 5.598156293697671
2.395 6.27590749283922
2.405 7.106314501509276
2.415 8.077774624302581
2.425 9.176082019607577
2.435 10.384031728036357
2.445 11.681151613886726
2.455 13.04361382934109
2.465 14.44436560117594
2.475 15.853503439180143
2.485 17.23889624471623
2.495 18.567042566087647
2.505 19.804126977704424
2.515 20.917221969363617
2.525 21.867770796346967
2.535 22.646694424209752
2.545 23.21999822303853
2.555 23.570923556560192
2.565 23.689073302562797
2.5749999999999997 23.570923556560192
2.585 23.21999822303853
2.5949999999999998 22.646694424209752
2.605 21.867770796346967
2.6149999999999998 20.9055338146111
2.625 19.786777265568748
2.635 18.54154518066018
2.645 17.201797767824054
2.655 15.800062563535962
2.665 14.368149258184346
2.675 12.935997121323027
2.685 11.53070987162358
2.695 10.175815746309425
2.705 8.890772131956197
2.715 7.690716097109823
2.725 6.586445991282393
2.735 5.584606088323432
2.745 4.688036789073565
2.755 3.896247458255404
2.765 3.2059674450152165
2.775 2.611732775584005
2.785 2.106470714177851
2.795 1.682051029612662
2.805 1.3297805115997716
2.815 1.0408252412947345
2.8249999999999997 0.8065526509736127
2.835 0.6187919927957553
2.8449999999999998 0.47001714780248127
2.855 0.35345959492200596
2.8649999999999998 0.2631618333123384
2.875 0.19398273858227802
2.885 0.1415664444175893
2.895 0.1022856284495583
2.905 0.073168805716476
2.915 0.05181963744733943
2.925 0.036334553614770844
2.935 0.025223325430520294
2.945 0.017335721143852286
2.955 0.0117961024813996
2.965 0.007946798782652953
2.975 0.0
2.985 0.0
2.995 0.0
3.005 0.0
3.015 0.0
3.025 0.0
3.035 0.0
3.045 0.0
3.055 0.0
3.065 0.0
3.075 0.0
3.085 0.0
3.0949999999999998 0.0
3.105 0.0
3.1149999999999998 0.0
3.125 0.0
3.135 0.0
3.145 0.0
3.155 0.0
3.165 0.0
3.175 0.0
3.185 0.0
3.195 0.0
3.205 0.0
3.215 0.0
3.225 0.0
3.235 0.0
3.245 0.0
3.255 0.0
3.265 0.0
3.275 0.0
3.285 0.0
3.295 0.0
3.305 0.0
3.315 0.0
3.325 0.0
3.335 0.0
3.3449999999999998 0.0
3.355 0.0
3.3649999999999998 0.0
3.375 0.0
3.385 0.0
3.395 0.0
3.405 0.0
3.415 0.0
3.425 0.0
3.435 0.0
3.445 0.0
3.455 0.0
3.465 0.0
3.475 0.0
3.485 0.0
3.495 0.0
3.505 0.0
3.515 0.0
3.525 0.0
3.535 0.0
3.545 0.0
3.555 0.0
3.565 0.0
3.575 0.0
3.585 0.0
3.5949999999999998 0.0
3.605 0.0
3.6149999999999998 0.0
3.625 0.0032272715744109475
3.635 0.0047905109048640565
3.645 0.007040203432808197
3.655 0.010243435551901514
3.665 0.01475581240408783
3.675 0.021044454188916772
3.685 0.029714557179658315
3.695 0.04153917951044656
3.705 0.05749149745135376
3.715 0.07877825968357798
3.725 0.10687255678005902
3.735 0.14354334803149305
3.745 0.19087849360170475
3.755 0.25129739199916734
3.765 0.327548804864034
3.775 0.4226891616398192
3.785 0.5400366817717384
3.795 0.683097134210486
3.805 0.8554580585373545
3.815 1.0606498512330285
3.825 1.3019742775380083
3.835 1.5823036436189712
3.8449999999999998 1.9067583506699262
3.855 2.2722691901865977
3.8649999999999998 2.681148581605883
3.875 3.132483130678718
3.885 3.623894235083414
3.895 4.151416538230452
3.905 4.7094468230821835
3.915 5.290778263430975
3.925 5.889525819958066
3.935 6.491531044417036
3.945 7.087995386051859
3.955 7.6678222976377
3.965 8.219987075245982
3.975 8.734090058284794
3.985 9.200925458111891
3.995 9.615736186988448
4.005 9.969187009532892
4.015 10.260640420014742
4.025 10.490599197147615
4.035 10.662636514824163
4.045 10.783351906628656
4.055 10.862153033684216
4.065 10.910869703626798
4.075 10.943218266066447
4.085 10.974145041374673
4.095 11.019085940590905
4.1049999999999995 11.09318520279514
4.115 11.210518760206234
4.125 11.383366978109649
4.135 11.621577543493114
4.145 11.932052508354932
4.155 12.318384576463114
4.165 12.78065746182406
4.175 13.315414427145823
4.185 13.91578880632742
4.195 14.571781211186309
4.205 15.270660844631184
4.215 15.997463306654538
4.225 16.73555466683275
4.235 17.467231331688097
4.245 18.174327087464945
4.255 18.838802208332005
4.265 19.443294135133947
4.275 19.971614355404334
4.285 20.409181181419385
4.295 20.74338264676462
4.305 20.96386737577623
4.315 21.062763841605516
4.325 21.034829906926845
4.335 20.877535083097968
4.345 20.591077818265774
4.355 20.178339675544123
4.365 19.644777848981025
4.375 18.998257408058
4.385 18.24882519335317
4.395 17.40842851708446
4.405 16.49058372555526
4.415 15.510002097022614
4.425 14.482183211511892
4.435 13.42083598852079
4.445 12.346788450622983
4.455 11.272220086104198
4.465 10.211625532213507
4.475 9.17824643385909
4.485 8.183786091640538
4.495 7.238190835976788
4.505 6.3495055118421915
4.515 5.523806153142836
4.525 4.765208507307191
4.535 4.075946907635896
4.545 3.4565144115867605
4.555 2.9058523828876677
4.565 2.421575954981078
4.575 2.000221129814776
4.585 1.6374995959963032
4.595 1.3285485642790236
4.605 1.0681648228158518
4.615 0.8510145789065021
4.625 0.6738838327309414
4.635 0.5285454014935768
4.645 0.4117262341137578
4.655 0.3172683662420117
4.665 0.24596922028005302
4.675 0.1918207459433405
4.685 0.15223627472226972
4.695 0.12515846101938471
4.705 0.10905600496912002
4.715 0.10291151319570209
4.725 0.10620328937397
4.735 0.11701845251995774
4.745 0.14011661824321733
4.755 0.17360659569568335
4.765 0.21874438474423624
4.775 0.2770991891875147
4.785 0.3505017047687385
4.795 0.44097719964859317
4.805 0.5507858893374511
4.815 0.6833703314785494
4.825 0.8395477125793973
4.835 1.0213205982903306
4.845 1.2303253126944906
4.855 1.4676933782304715
4.865 1.7339145318111298
4.875 2.028710963933708
4.885 2.350933406415109
4.895 2.6984898897421172
4.905 3.068317228581232
4.915 3.456403472895239
4.925 3.8597105422372033
4.935 4.26982854825222
4.945 4.6819432386777935
4.955 5.089746666724237
4.965 5.4869509662640725
4.975 5.8675919572210695
4.985 6.226332518671808
4.995 6.558744139300769
5.005 6.861545125800507
5.015 7.132775952519413
5.025 7.37189611904923
5.035 7.579792388888819
5.045 7.758694962712403
5.055 7.912005393653318
5.065 8.044047189199164
5.075 8.159756361097747
5.085 8.264334045437753
5.095 8.362886228372846
5.105 8.4600762921649
5.115 8.55981449576675
5.125 8.665004826095114
5.135 8.777364325424358
5.145 8.897323611793366
5.155 9.024010553175088
5.165 9.155312632150896
5.175 9.288008069723965
5.185 9.417951739084037
5.195 9.540299566250845
5.205 9.649754534895827
5.215 9.740818422854552
5.225 9.8080356563507
5.235 9.846218716261912
5.245 9.850647866524639
5.255 9.817241126488696
5.265 9.742693001068982
5.275 9.624582281246822
5.285 9.461450162241647
5.295 9.252850084157295
5.305 8.999370293820693
5.315 8.70262944928027
5.325 8.366840158090582
5.335 7.9931412841976375
5.345 7.587102508770882
5.355 7.153999123229084
5.365 6.699743442997371
5.375 6.230731196356371
5.385 5.753672165530151
5.395 5.275412010210875
5.405 4.802753377060217
5.415 4.342284904003421
5.425 3.9002264292810227
5.435 3.4809165455236792
5.445 3.092703118380348
5.455 2.738025292879097
5.465 2.4206599659200885
5.475 2.1436458385570973
5.485 1.9093008643163185
5.495 1.719255829175425
5.505 1.5744962957056314
5.515 1.4754049505661886
5.525 1.4217971336734658
5.535 1.412943926062571
5.545 1.4475794676053206
5.555 1.5238919271965194
5.565 1.6395004679953453
5.575 1.7914233268499182
5.585 1.9760444542943998
5.595 2.1890877687747867
5.605 2.425608757087958
5.615 2.678725605253311
5.625 2.94525799485732
5.635 3.216642514220633
5.645 3.4858586163564382
5.655 3.745679335264551
5.665 3.988885778826766
5.675 4.208506386555704
5.685 4.398068577594508
5.695 4.551848116391079
5.705 4.665100418140347
5.715 4.734258259003337
5.725 4.757081970953418
5.735 4.731521261041179
5.745 4.661078086737404
5.755 4.545995658733047
5.765 4.389638030356013
5.775 4.196482903179158
5.785 3.971908741499791
5.795 3.7219464491637435
5.805 3.4530115746753496
5.815 3.1716335495197288
5.825 2.8841977079846486
5.835 2.5967139244856803
5.845 2.3159634879225175
5.855 2.0446375008434026
5.865 1.7876181444099186
5.875 1.548054913553532
5.885 1.3282631389784243
5.895 1.1297706043203921
5.905 0.9533988777130096
5.915 0.7993705999709162
5.925 0.6674334932497105
5.935 0.5569920280166174
5.945 0.4672383776370802
5.955 0.3972753426157522
5.965 0.3462251851440443
5.975 0.3133196434042832
5.985 0.29796769150727154
5.995 0.2997988125708927
6.005 0.31868063731518276
6.015 0.3547107814134434
6.025 0.40818362865578217
6.035 0.4795337012994913
6.045 0.5692581772476742
6.055 0.6778220815269489
6.065 0.8055506938475807
6.075 0.9525147366710173
6.085 1.1184148651669485
6.095 1.3024727671490064
6.105 1.5033366735823142
6.115 1.7190091512282195
6.125 1.9468045868282635
6.135 2.182278736356045
6.1450000000000005 2.4251006762706813
6.155 2.668469809604697
6.165 2.906380159093057
6.175 3.1344527241025943
6.185 3.3474353586683865
6.195 3.540247173265756
6.205 3.708224798641479
6.215 3.84736871997379
6.225 3.9545753971856907
6.235 4.027840987992944
6.245 4.0664236201341595
6.255 4.070953237025896
6.265 4.043480894335769
6.275 3.9874627701820287
6.285 3.9076777838474537
6.295 3.8100813051405615
6.305 3.701600714757404
6.315 3.5898813385414328
6.325 3.4841494628785337
6.335 3.3908280817087864
6.345 3.3187052167696383
6.355 3.2752584213211895
6.365 3.26710959678588
6.375 3.2997342147359983
6.385 3.377207647464195
6.3950000000000005 3.5019992892841145
6.405 3.6748240133945007
6.415 3.894559117607998
6.425 4.158233159819703
6.435 4.461090855461713
6.445 4.796735416800826
6.455 5.157346334654621
6.465 5.53396670818924
6.475 5.916850000459901
6.485 6.295851829224134
6.495 6.660848477083505
6.505 7.002160655610684
6.515 7.310959115394834
6.525 7.5796283249802325
6.535 7.8020658908791365
6.545 7.973898731417526
6.555 8.09260212150919
6.565 8.157514260203474
6.575 8.169746461231847
6.585 8.131996776669858
6.595 8.04828211645208
6.605 7.923610017200572
6.615 7.763615534702446
6.625 7.57419084738622
6.635 7.361134849313215
6.6450000000000005 7.129847318090454
6.655 6.884193296088897
6.665 6.630219736701221
6.675 6.369700338854329
6.685 6.104855462048626
6.695 5.8370914251048465
6.705 5.567139444932115
6.715 5.295235458936057
6.725 5.021320554241952
6.735 4.745241652785014
6.745 4.466933940411418
6.755 4.186569948605671
6.765 3.904664729209702
6.775 3.622131659607455
6.785 3.34028852274597
6.795 3.0608181193930695
6.805 2.7856913873749307
6.815 2.5170635575676172
6.825 2.2571551521057693
6.835 2.008129654902791
6.845 1.7719786113594485
6.855 1.5504229890413221
6.865 1.3448371542155177
6.875 1.1573551715735386
6.885 0.9867839905296726
6.8950000000000005 0.8341091386474504
6.905 0.6991802103387971
6.915 0.5815328604481695
6.925 0.48045377544082596
6.935 0.3950542620158521
6.945 0.32434724478006616
6.955 0.26650894400007474
6.965 0.22167061528613105
6.975 0.18969850934439936
6.985 0.1687536618673583
6.995 0.15839533608435485
