0.005 0.0
0.015 0.0
0.025 0.0
0.034999999999999996 0.0
0.045 0.0
0.055 0.0
0.065 0.0
0.07500000000000001 0.0
0.085 0.0
0.095 0.0
0.10500000000000001 0.0
0.115 0.0
0.125 0.0
0.135 0.0
0.14500000000000002 0.0
0.155 0.0
0.165 0.0
0.17500000000000002 0.0
0.185 0.0
0.195 0.0
0.20500000000000002 0.0
0.215 0.0
0.225 0.0
0.23500000000000001 0.0
0.245 0.0
0.255 0.0
0.265 0.0
0.275 0.0
0.28500000000000003 0.0
0.295 0.0
0.305 0.0
0.315 0.0
0.325 0.0
0.335 0.0
0.34500000000000003 0.0
0.35500000000000004 0.0
0.365 0.0
0.375 0.0
0.385 0.0
0.395 0.0
0.405 0.0
0.41500000000000004 0.0
0.425 0.0
0.435 0.0
0.445 0.0
0.455 0.0
0.465 0.0
0.47500000000000003 0.0
0.485 0.0
0.495 0.0
0.505 0.0
0.515 0.0
0.525 0.0
0.535 0.0
0.545 0.0
0.555 0.0
0.5650000000000001 0.0
0.5750000000000001 0.0
0.585 0.0
0.595 0.0
0.605 0.0
0.615 0.0
0.625 0.0
0.635 0.0
0.645 0.0
0.655 0.0
0.665 0.0
0.675 0.0
0.685 0.0
0.6950000000000001 0.0
0.7050000000000001 0.0
0.715 0.0
0.725 0.0
0.735 0.0
0.745 0.0
0.755 0.0
0.765 0.0
0.775 0.0
0.785 0.0
0.795 0.0
0.805 0.0
0.8150000000000001 0.0
0.8250000000000001 0.0
0.8350000000000001 0.0
0.845 0.0
0.855 0.0
0.865 0.0
0.875 0.0
0.885 0.0
0.895 0.0
0.905 0.0
0.915 0.0
0.925 0.0
0.935 0.0
0.9450000000000001 0.0
0.9550000000000001 0.0
0.965 0.0
0.975 0.0
0.985 0.0
0.995 0.0
1.005 0.0
1.015 0.0
1.025 0.0
1.035 0.0
1.045 0.0
1.055 0.0
1.065 0.0
1.075 0.0
1.085 0.0
1.095 0.0
1.105 0.0
1.115 0.0
1.125 0.0
1.135 0.0
1.145 0.0
1.155 0.0
1.1649999999999998 0.0
1.1749999999999998 0.0
1.1849999999999998 0.0
1.1949999999999998 0.0
1.2049999999999998 0.0
1.2149999999999999 0.0
1.2249999999999999 0.0
1.2349999999999999 0.0
1.2449999999999999 0.0
1.255 0.0
1.265 0.0
1.275 0.0
1.285 0.0
1.295 0.0
1.305 0.017985292031092774
1.315 0.026697083160049997
1.325 0.039234415752714705
1.335 0.057085738077761
1.345 0.08223280536655184
1.355 0.11727883616107056
1.365 0.16559653444978653
1.375 0.2314940831602401
1.385 0.32039490545698895
1.395 0.439024102385626
1.405 0.5955910742187044
1.4149999999999998 0.7999540707814164
1.4249999999999998 1.0637485475663255
1.4349999999999998 1.4004575932169467
1.4449999999999998 1.825399807262991
1.4549999999999998 2.35560839402166
1.4649999999999999 3.0095754897664073
1.4749999999999999 3.8068384271691156
1.4849999999999999 4.767390239215992
1.4949999999999999 5.910905505571826
1.505 7.255784664718261
1.515 8.81803481863581
1.525 10.610022099470683
1.535 12.63914868416796
1.545 14.906524984477823
1.555 17.40572257053798
1.565 20.12170404064913
1.575 23.030030438353407
1.585 26.09644336530209
1.595 29.276906626632854
1.605 32.51817082859437
1.615 35.758894504167124
1.625 38.931318732954324
1.635 41.963451435289414
1.645 44.7816758934769
1.655 47.313659374692854
1.665 49.491405860159965
1.6749999999999998 51.254275324982835
1.6849999999999998 52.55178348222703
1.6949999999999998 53.346001981665204
1.7049999999999998 53.61339992936394
1.7149999999999999 53.346001981665204
1.7249999999999999 52.55178348222703
1.7349999999999999 51.254275324982835
1.7449999999999999 49.491405860159965
1.755 47.313659374692854
1.765 44.7816758934769
1.775 41.963451435289414
1.785 38.931318732954324
1.795 35.758894504167124
1.805 32.51817082859437
1.815 29.276906626632854
1.825 26.09644336530209
1.835 23.030030438353407
1.845 20.12170404064913
1.855 17.40572257053798
1.865 14.906524984477823
1.875 12.63914868416796
1.885 10.610022099470683
1.895 8.81803481863581
1.905 7.255784664718261
1.915 5.910905505571826
1.9249999999999998 4.767390239215992
1.9349999999999998 3.8068384271691156
1.9449999999999998 3.0095754897664073
1.9549999999999998 2.35560839402166
1.9649999999999999 1.825399807262991
1.9749999999999999 1.4004575932169467
1.9849999999999999 1.0637485475663255
1.9949999999999999 0.7999540707814164
2.005 0.5955910742187044
2.015 0.439024102385626
2.025 0.32039490545698895
2.035 0.2314940831602401
2.045 0.16559653444978653
2.0549999999999997 0.11727883616107056
2.065 0.08223280536655184
2.0749999999999997 0.057085738077761
2.085 0.039234415752714705
2.0949999999999998 0.026697083160049997
2.105 0.017985292031092774
2.1149999999999998 0.0
2.125 0.0
2.135 0.0
2.145 0.0
2.155 0.0
2.165 0.0
2.175 0.0
2.185 0.0
2.195 0.0
2.205 0.0
2.215 0.0
2.225 0.0
2.235 0.0
2.245 0.0
2.255 0.0
2.265 0.0073616059893069595
2.275 0.01092745155031596
2.285 0.01605913929519858
2.295 0.023365909800671728
2.305 0.033658920381018684
2.315 0.048003701091409494
2.3249999999999997 0.0677807420478096
2.335 0.0947534366489796
2.3449999999999998 0.13114166013418346
2.355 0.17969808085322297
2.3649999999999998 0.2437829094777162
2.375 0.3274312515167512
2.385 0.4354056450872675
2.395 0.5732248877679124
2.405 0.747159074803776
2.415 0.9641801107211696
2.425 1.2318570592256137
2.435 1.5581867960399918
2.445 1.9513527207511012
2.455 2.4194078860003456
2.465 2.9698838224349995
2.475 3.609332438003371
2.485 4.342815345956708
2.495 5.173362350317017
2.505 6.101427956564478
2.515 7.124380927591887
2.525 8.236066265959016
2.535 9.426480799745068
2.545 10.681602136095266
2.555 11.983405707196953
2.565 13.31009586718077
2.5749999999999997 14.63656478292268
2.585 15.935077877004664
2.5949999999999998 17.176167886735648
2.605 18.329702564667915
2.6149999999999998 19.366075214493225
2.625 20.257454211447595
2.635 20.97901883148106
2.645 21.510105221684263
2.655 21.835188831790493
2.665 21.9446381712788
2.675 21.835188831790493
2.685 21.510105221684263
2.695 20.97901883148106
2.705 20.257454211447595
2.715 19.366075214493225
2.725 18.329702564667915
2.735 17.176167886735648
2.745 15.935077877004664
2.755 14.63656478292268
2.765 13.31009586718077
2.775 11.983405707196953
2.785 10.681602136095266
2.795 9.426480799745068
2.805 8.236066265959016
2.815 7.124380927591887
2.8249999999999997 6.101427956564478
2.835 5.173362350317017
2.8449999999999998 4.342815345956708
2.855 3.609332438003371
2.8649999999999998 2.9698838224349995
2.875 2.4194078860003456
2.885 1.9513527207511012
2.895 1.5581867960399918
2.905 1.2318570592256137
2.915 0.9689378442097769
2.925 0.7542213791788797
2.935 0.5836037514199411
2.945 0.45050680259446224
2.955 0.3491846804451329
2.965 0.27480722897966137
2.975 0.2235041072545183
2.985 0.19237987355667582
2.995 0.17950900073081885
3.005 0.1839178428863623
3.015 0.2055581958656451
3.025 0.24527451524179378
3.035 0.3047642924048682
3.045 0.3865287418517585
3.055 0.49380900710683734
3.065 0.630501720862398
3.075 0.7961370918748025
3.085 1.0070407886259416
3.0949999999999998 1.2611400557280363
3.105 1.5636395018348477
3.1149999999999998 1.9194066810688124
3.125 2.3326760270447187
3.135 2.8067188105840155
3.145 3.3434931642029464
3.155 3.943292830319529
3.165 4.604417266291359
3.175 5.322888557858122
3.185 6.092241753471341
3.195 6.903414318655179
3.205 7.744757152653025
3.215 8.602183944079957
3.225 9.459467747531109
3.235 10.29868397862018
3.245 11.104723484076718
3.255 11.852147764056246
3.265 12.524688421178103
3.275 13.104683828309149
3.285 13.580376490681317
3.295 13.933145612976316
3.305 14.156500025668644
3.315 14.245476283656863
3.325 14.199575549895034
3.335 14.022936351717794
3.3449999999999998 13.724301700098078
3.355 13.316784273624009
3.3649999999999998 12.817445840676543
3.375 12.246717645862553
3.385 11.627696223669293
3.395 10.985353466359514
3.405 10.345700607462703
3.415 9.734943340340132
3.425 9.178660194796313
3.435 8.701029444351612
3.445 8.32412226888626
3.455 8.06727272171264
3.465 7.946529188191964
3.475 7.974188164685498
3.485 8.158409681417723
3.495 8.50291450660762
3.505 9.006765992044262
3.515 9.664243324131892
3.525 10.464817083740218
3.535 11.393241360580603
3.545 12.429778238770439
3.555 13.550569493620255
3.565 14.728166356253588
3.575 15.932221151152985
3.585 17.130334861121376
3.5949999999999998 18.289043001991196
3.605 19.374909706936478
3.6149999999999998 20.35568795219166
3.625 21.201493788701942
3.635 21.885935560068425
3.645 22.387136405467132
3.655 22.688590491075956
3.665 22.779800525213645
3.675 22.656655814635783
3.685 22.32152554748295
3.695 21.783059874931787
3.705 21.055710172502984
3.715 20.158997953204285
3.725 19.11340441231078
3.735 17.953055699494502
3.745 16.701927991723867
3.755 15.389403734847026
3.765 14.044389613017582
3.775 12.694296609403747
3.785 11.364172023671536
3.795 10.076017505421886
3.805 8.848312329783058
3.815 7.695746331140027
3.825 6.62915331338023
3.835 5.655624329664937
3.8449999999999998 4.7787716319563165
3.855 3.999108661767333
3.8649999999999998 3.317383480969644
3.875 2.724975983373156
3.885 2.2180900403728243
3.895 1.7899416420090255
3.905 1.4331458676142081
3.915 1.140133443296889
3.925 0.9035045212538757
3.935 0.7163157428575426
3.945 0.5723011518273964
3.955 0.4660308406945113
3.965 0.3930132984837761
3.975 0.3497483574509458
3.985 0.3337375853182002
3.995 0.343458177391333
4.005 0.3783051489490689
4.015 0.4385052020620766
4.025 0.525004318968115
4.035 0.639330158557076
4.045 0.7834298937799267
4.055 0.9568596303459092
4.065 1.1679670246827107
4.075 1.4149507162360115
4.085 1.699468326007423
4.095 2.0198985827466007
4.1049999999999995 2.384830678075719
4.115 2.785482473800453
4.125 3.2213270888949315
4.135 3.6886720670027384
4.145 4.182326339237543
4.155 4.6956252365934725
4.165 5.220541922402043
4.175 5.74789033931652
4.185 6.267618583884202
4.195 6.7691846899271475
4.205 7.241999662235746
4.215 7.6759158819001225
4.225 8.061733357268182
4.235 8.3916923316494
4.245 8.659918982064944
4.255 8.862791683462444
4.265 8.999198685006904
4.275 9.070663925473749
4.285 9.081325742604156
4.295 9.040134735154865
4.305 8.95455493537108
4.315 8.833095095876986
4.325 8.68913404261037
4.335 8.535055508748941
4.345 8.383181805728716
4.355 8.245143678918597
4.365 8.131303517701552
4.375 8.050270456859458
4.385 8.00853963429709
4.395 8.010279097527683
4.405 8.057277188281898
4.415 8.14905143740014
4.425 8.283107923355324
4.435 8.455328581197401
4.445 8.660453971602635
4.455 8.89262133320306
4.465 9.145913011929013
4.475 9.414869065310565
4.485 9.694920216255097
4.495 9.982703344331174
4.505 10.27623102414383
4.515 10.574898629968546
4.525 10.881481874108694
4.535 11.19424754169486
4.545 11.516774269789
4.555 11.85119632874419
4.565 12.199084738516333
4.575 12.560904341048857
4.585 12.935538423176492
4.595 13.319930757081059
4.605 13.708886217013749
4.615 14.095058372339302
4.625 14.469136679641327
4.635 14.820228458448154
4.645 15.136413297989758
4.655 15.405431523643227
4.665 15.615455364319727
4.675 15.753965681934979
4.685 15.816824281412558
4.695 15.795255373642473
4.705 15.686452979554065
4.715 15.491008252027529
4.725 15.21298421824582
4.735 14.859755734962329
4.745 14.441625331656049
4.755 13.971243176218714
4.765 13.464834269520386
4.775 12.934477436354626
4.785 12.396565338296009
4.795 11.86529860254414
4.805 11.353246053987458
4.815 10.870734792735844
4.825 10.42541621312073
4.835 10.022032308357335
4.845 9.662390706956494
4.855 9.34554098266346
4.865 9.068130122589737
4.875 8.824902710195229
4.885 8.609302215293365
4.895 8.414124319972741
4.905 8.232171666949178
4.915 8.055143444301454
4.925 7.8834542515193275
4.935 7.707895439677515
4.945 7.527724081109742
4.955 7.342854830734575
4.965 7.155037289157944
4.975 6.967658452162987
4.985 6.785422317132589
4.995 6.613936705504229
5.005 6.459242615684862
5.015 6.327323876976967
5.025 6.223634485245983
5.035 6.152677917083979
5.045 6.11943075583216
5.055 6.122905444328416
5.065 6.164421404420681
5.075 6.242506065902379
5.085 6.354191633830478
5.095 6.49523700604414
5.105 6.658848003589387
5.115 6.841323597957249
5.125 7.037992994754871
5.135 7.240704772076021
5.145 7.444111905731309
5.155 7.643601523186406
5.165 7.835506168140419
5.175 8.017223592344653
5.185 8.187241697209155
5.195 8.345073015486633
5.205 8.491110188153709
5.215 8.626419637437952
5.225 8.75249458822989
5.235 8.870990462665258
5.245 8.983465403001853
5.255 9.09114642666853
5.265 9.194737845223088
5.275 9.29428359794099
5.285 9.390707388628073
5.295 9.480108594722433
5.305 9.561501982907647
5.315 9.633833163011218
5.325 9.691567454783188
5.335 9.731038166012542
5.345 9.752245068935807
5.355 9.749873302339996
5.365 9.721080342055837
5.375 9.66354048329121
5.385 9.575629907588908
5.395 9.456591602427459
5.405 9.306675246432569
5.415 9.127247017882276
5.425 8.92086383580159
5.435 8.691306063059262
5.445 8.443562491496957
5.455 8.183761779300394
5.465 7.919045646625451
5.475 7.657381180494771
5.485 7.407312551452768
5.495 7.1776561675570765
5.505 6.977147530711843
5.515 6.814052466776589
5.525 6.695759567570943
5.535 6.628374187568997
5.545 6.616336785196836
5.555 6.662089458020947
5.565 6.765813959971272
5.575 6.9239550092686155
5.585 7.134832996203077
5.595 7.389384616963404
5.605 7.678245682393463
5.615 7.990105160707242
5.625 8.312129703136156
5.635 8.630480488413035
5.645 8.930897279915452
5.655 9.199319209899226
5.665 9.422508344070154
5.675 9.58864089330379
5.685 9.687832211622707
5.695 9.712565434167473
5.705 9.659402340139762
5.715 9.52422263304502
5.725 9.308926982086152
5.735 9.016037334891312
5.745 8.6547296094364
5.755 8.231714021164231
5.765 7.7572865470959025
5.775 7.242997209994715
5.785 6.7011371485930535
5.795 6.144231890134344
5.805 5.585927082229084
5.815 5.035800158682873
5.825 4.5054842931335015
5.835 4.004490388182054
5.845 3.5409546528344222
5.855 3.1203898444944285
5.865 2.750793122897752
5.875 2.434325467478704
5.885 2.1736283701681423
5.895 1.9702040234233817
5.905 1.8245688146464394
5.915 1.736401674549061
5.925 1.7046753080045032
5.935 1.727762037349342
5.945 1.8048086873066778
5.955 1.9312171450779858
5.965 2.10484502787365
5.975 2.3222519784082096
5.985 2.579559906837282
5.995 2.873723414438004
6.005 3.1980342172552083
6.015 3.548220174171473
6.025 3.9187868621849598
6.035 4.303939210463317
6.045 4.697678805916684
6.055 5.093928187779432
6.065 5.486678036004954
6.075 5.870150779011741
6.085 6.238972263984746
6.095 6.587262871131789
6.105 6.913478265110886
6.115 7.212852537728324
6.125 7.482127914095985
6.135 7.722639843441685
6.1450000000000005 7.932726968293421
6.155 8.113335882781685
6.165 8.266344124155397
6.175 8.39443233273712
6.185 8.500909238547841
6.195 8.589496797499171
6.205 8.66408553958762
6.215 8.728472634591117
6.225 8.786097140270753
6.235 8.839788174412318
6.245 8.891542152285375
6.255 8.942344594600922
6.265 8.992050237952535
6.275 9.039332257810853
6.285 9.081707438890536
6.295 9.116805761317911
6.305 9.138447392526366
6.315 9.14243813550019
6.325 9.123494674428768
6.335 9.076359192079057
6.345 8.996150054693285
6.355 8.878703946556296
6.365 8.720887026157552
6.375 8.521993664951577
6.385 8.279933124537186
6.3950000000000005 7.996761512008222
6.405 7.6754137218961205
6.415 7.320405462228955
6.425 6.937694230863654
6.435 6.534469339583509
6.445 6.118885325941548
6.455 5.699755698743958
6.465 5.2862250825841635
6.475 4.887437497358199
6.485 4.5122169096523255
6.495 4.168773615212857
6.505 3.8644468160681216
6.515 3.6045546899730496
6.525 3.3962871933480128
6.535 3.241914936465562
6.545 3.143651301053761
6.555 3.1022220304473507
6.565 3.116875955014236
6.575 3.186504898978525
6.585 3.3059416891929
6.595 3.471179227611766
6.605 3.676394740891024
6.615 3.91392026570659
6.625 4.179430021819585
6.635 4.4619072836269
6.6450000000000005 4.753758430987065
6.655 5.046587883855473
6.665 5.332167763257791
6.675 5.602693940058481
6.685 5.851037675662242
6.695 6.07098411024887
6.705 6.257448059133974
6.715 6.406657275088319
6.725 6.51629361135489
6.735 6.585583421515026
6.745 6.615330059231269
6.755 6.607017258282539
6.765 6.566472352613302
6.775 6.497529795755108
6.785 6.406379525744683
6.795 6.299996281368575
6.805 6.184970734491992
6.815 6.070862979038997
6.825 5.964899852002891
6.835 5.872109438187355
6.845 5.799128211260641
6.855 5.750611763227974
6.865 5.729758293869455
6.875 5.738143138204633
6.885 5.775635386529794
6.8950000000000005 5.8404036437126265
6.905 5.930179470119195
6.915 6.038341552840405
6.925 6.159731746719244
6.935 6.287614392334955
6.945 6.414838377064616
6.955 6.5342481247772985
6.965 6.639097722461923
6.975 6.723443679407534
6.985 6.782492679848798
6.995 6.8128831241714485
