0.005 0.0
0.015 0.0
0.025 0.0
0.034999999999999996 0.0
0.045 0.0
0.055 0.0
0.065 0.0
0.07500000000000001 0.0
0.085 0.0
0.095 0.0
0.10500000000000001 0.0
0.115 0.0
0.125 0.0
0.135 0.0
0.14500000000000002 0.0
0.155 0.0
0.165 0.0
0.17500000000000002 0.0
0.185 0.0
0.195 0.0
0.20500000000000002 0.0
0.215 0.0
0.225 0.0
0.23500000000000001 0.0
0.245 0.0
0.255 0.0
0.265 0.0
0.275 0.0
0.28500000000000003 0.0
0.295 0.0
0.305 0.0
0.315 0.0
0.325 0.0
0.335 0.0
0.34500000000000003 0.0
0.35500000000000004 0.0
0.365 0.0
0.375 0.0
0.385 0.0
0.395 0.0
0.405 0.0
0.41500000000000004 0.0
0.425 0.0
0.435 0.0
0.445 0.0
0.455 0.0
0.465 0.0
0.47500000000000003 0.0
0.485 0.0
0.495 0.0
0.505 0.0
0.515 0.0
0.525 0.0
0.535 0.0
0.545 0.0
0.555 0.0
0.5650000000000001 0.0
0.5750000000000001 0.0
0.585 0.0
0.595 0.0
0.605 0.0
0.615 0.0
0.625 0.0
0.635 0.0
0.645 0.0
0.655 0.0
0.665 0.0
0.675 0.0
0.685 0.0
0.6950000000000001 0.0
0.7050000000000001 0.0
0.715 0.0
0.725 0.0
0.735 0.0
0.745 0.0
0.755 0.0
0.765 0.0
0.775 0.0
0.785 0.0
0.795 0.0
0.805 0.0
0.8150000000000001 0.0
0.8250000000000001 0.0
0.8350000000000001 0.0
0.845 0.0
0.855 0.0
0.865 0.0
0.875 0.0
0.885 0.0
0.895 0.0
0.905 0.0
0.915 0.0
0.925 0.0
0.935 0.0
0.9450000000000001 0.0
0.9550000000000001 0.0
0.965 0.0
0.975 0.0
0.985 0.0
0.995 0.0
1.005 0.0
1.015 0.0
1.025 0.0
1.035 0.0
1.045 0.0
1.055 0.0
1.065 0.0
1.075 0.0
1.085 0.0
1.095 0.0
1.105 0.0
1.115 0.0
1.125 0.0
1.135 0.0
1.145 0.0
1.155 0.0
1.1649999999999998 0.0
1.1749999999999998 0.0
1.1849999999999998 0.0
1.1949999999999998 0.0
1.2049999999999998 0.0
1.2149999999999999 0.0
1.2249999999999999 0.0
1.2349999999999999 0.0
1.2449999999999999 0.0
1.255 0.0
1.265 0.0
1.275 0.0
1.285 0.0
1.295 0.0
1.305 0.0
1.315 0.0
1.325 0.01757066062489368
1.335 0.026081610855628753
1.345 0.03832990883968686
1.355 0.055769688284842675
1.365 0.08033701720443111
1.375 0.11457509975963814
1.385 0.16177888590552544
1.395 0.22615723808363175
1.405 0.31300854831811153
1.4149999999999998 0.4289028777420255
1.4249999999999998 0.5818603678061532
1.4349999999999998 0.7815119970753363
1.4449999999999998 1.0392249782321625
1.4549999999999998 1.3681715619312782
1.4649999999999999 1.7833171940003012
1.4749999999999999 2.3013023967001223
1.4849999999999999 2.9401929901535633
1.4949999999999999 3.719075895012223
1.505 4.657483226565397
1.515 5.7746359883769856
1.525 7.088510416771165
1.535 8.614744587348895
1.545 10.365419544488445
1.555 12.347766815971651
1.565 14.562871214209826
1.575 17.004452509820762
1.585 19.657819972096174
1.595 22.499098058220003
1.605 25.494818160070835
1.615 28.60195928951014
1.625 31.768499659820847
1.635 34.93451196499258
1.645 38.033799393066836
1.655 40.996029563712256
1.665 43.7492829128367
1.6749999999999998 46.22289426034058
1.6849999999999998 48.350435161930974
1.6949999999999998 50.07266358273402
1.7049999999999998 51.340259096310106
1.7149999999999999 52.1161677494204
1.7249999999999999 52.37740112737641
1.7349999999999999 52.1161677494204
1.7449999999999999 51.340259096310106
1.755 50.07266358273402
1.765 48.350435161930974
1.775 46.22289426034058
1.785 43.7492829128367
1.795 40.996029563712256
1.805 38.033799393066836
1.815 34.93451196499258
1.825 31.768499659820847
1.835 28.60195928951014
1.845 25.494818160070835
1.855 22.499098058220003
1.865 19.657819972096174
1.875 17.004452509820762
1.885 14.562871214209826
1.895 12.347766815971651
1.905 10.365419544488445
1.915 8.614744587348895
1.9249999999999998 7.088510416771165
1.9349999999999998 5.7746359883769856
1.9449999999999998 4.657483226565397
1.9549999999999998 3.719075895012223
1.9649999999999999 2.9401929901535633
1.9749999999999999 2.3013023967001223
1.9849999999999999 1.7833171940003012
1.9949999999999999 1.3681715619312782
2.005 1.0392249782321625
2.015 0.7815119970753363
2.025 0.5818603678061532
2.035 0.4289028777420255
2.045 0.31300854831811153
2.0549999999999997 0.22615723808363175
2.065 0.16177888590552544
2.0749999999999997 0.11457509975963814
2.085 0.08033701720443111
2.0949999999999998 0.055769688284842675
2.105 0.03832990883968686
2.1149999999999998 0.026081610855628753
2.125 0.01757066062489368
2.135 0.0
2.145 0.0
2.155 0.0
2.165 0.0
2.175 0.0
2.185 0.0
2.195 0.0
2.205 0.0
2.215 0.0
2.225 0.0
2.235 0.0
2.245 0.0
2.255 0.0
2.265 0.0
2.275 0.0
2.285 0.0
2.295 0.0
2.305 0.0
2.315 0.0
2.3249999999999997 0.0
2.335 0.0
2.3449999999999998 0.0
2.355 0.0
2.3649999999999998 0.0
2.375 0.0
2.385 0.0
2.395 0.0
2.405 0.0
2.415 0.0
2.425 0.0
2.435 0.0
2.445 0.0
2.455 0.0
2.465 0.0
2.475 0.0
2.485 0.0
2.495 0.0
2.505 0.0
2.515 0.0
2.525 0.0
2.535 0.0
2.545 0.0
2.555 0.0
2.565 0.0
2.5749999999999997 0.0
2.585 0.0
2.5949999999999998 0.0
2.605 0.0
2.6149999999999998 0.0
2.625 0.0
2.635 0.0
2.645 0.0
2.655 0.0
2.665 0.0
2.675 0.0
2.685 0.0
2.695 0.0
2.705 0.0
2.715 0.0
2.725 0.0
2.735 0.00531976009022852
2.745 0.007896567777427225
2.755 0.011604909095937725
2.765 0.01688504310201406
2.775 0.024323141116654547
2.785 0.03468919331193117
2.795 0.04898079127784958
2.805 0.06847222622745829
2.815 0.09476765949732927
2.8249999999999997 0.12985626780381773
2.835 0.1761662596997312
2.8449999999999998 0.23661354691388095
2.855 0.31463971002521784
2.8649999999999998 0.4142328297796528
2.875 0.5399239015191278
2.885 0.6967510731023883
2.895 0.8901840209939873
2.905 1.126001573941199
2.915 1.4101173495143569
2.925 1.7483507719136253
2.935 2.1461443948716954
2.945 2.608232861680926
2.955 3.1382738753215187
2.965 3.7384568806701624
2.975 4.40911031966164
2.985 5.148332766143677
2.995 5.951676398569512
3.005 6.811912566718361
3.015 7.718908187403386
3.025 8.659638062504415
3.035 9.618351877863777
3.045 10.576905814211681
3.055 11.51525787279378
3.065 12.412113954433892
3.075 13.245699418159097
3.085 13.994619405068649
3.0949999999999998 14.63876178652096
3.105 15.16019021854389
3.1149999999999998 15.543972261099594
3.125 15.778889318266536
3.135 15.857981330112526
3.145 15.778889318266536
3.155 15.543972261099594
3.165 15.16019021854389
3.175 14.63876178652096
3.185 13.994619405068649
3.195 13.245699418159097
3.205 12.412113954433892
3.215 11.51525787279378
3.225 10.576905814211681
3.235 9.618351877863777
3.245 8.659638062504415
3.255 7.718908187403386
3.265 6.811912566718361
3.275 5.951676398569512
3.285 5.148332766143677
3.295 4.40911031966164
3.305 3.7384568806701624
3.315 3.1382738753215187
3.325 2.608232861680926
3.335 2.1461443948716954
3.3449999999999998 1.7483507719136253
3.355 1.4101173495143569
3.3649999999999998 1.126001573941199
3.375 0.8901840209939873
3.385 0.6967510731023883
3.395 0.5399239015191278
3.405 0.4142328297796528
3.415 0.31463971002521784
3.425 0.23661354691388095
3.435 0.1761662596997312
3.445 0.12985626780381773
3.455 0.09476765949732927
3.465 0.06847222622745829
3.475 0.04898079127784958
3.485 0.03468919331193117
3.495 0.024323141116654547
3.505 0.01688504310201406
3.515 0.011604909095937725
3.525 0.007896567777427225
3.535 0.00531976009022852
3.545 0.0
3.555 0.0
3.565 0.0
3.575 0.0
3.585 0.0
3.5949999999999998 0.0
3.605 0.0
3.6149999999999998 0.0
3.625 0.0
3.635 0.0
3.645 0.0
3.655 0.0
3.665 0.0
3.675 0.0
3.685 0.0031331642819235122
3.695 0.004650819527645337
3.705 0.00683491098426573
3.715 0.009944736801786275
3.725 0.014325532670330167
3.735 0.020430797556702206
3.745 0.028848080200834143
3.755 0.0403278963488827
3.765 0.05581504443478893
3.775 0.07648108432824806
3.785 0.10375615125672877
3.795 0.13935762162875265
3.805 0.18531247357123512
3.815 0.24396955589212643
3.825 0.3179974762966897
3.835 0.41327868579557286
3.8449999999999998 0.5286164014691445
3.855 0.6695373230278516
3.8649999999999998 0.8397656325632735
3.875 1.0430499930477513
3.885 1.2830178330208737
3.895 1.563004367075251
3.905 1.885862154425711
3.915 2.253759762180144
3.925 2.667980670262368
3.935 3.128735622126503
3.945 3.6350028716994878
3.955 4.184410914473738
3.965 4.773177103874328
3.975 5.396112941338428
3.985 6.046702836117791
3.995 6.717257972496095
4.005 7.399140979992226
4.015 8.083050904239228
4.025 8.75935215098165
4.035 9.418426285905747
4.045 10.053668643544967
4.055 10.652509037638868
4.065 11.20927981742283
4.075 11.717772576806407
4.085 12.173137695298728
4.095 12.571931489863632
4.1049999999999995 12.912078363471394
4.115 13.192758659096258
4.125 13.414240110286634
4.135 13.577675979238933
4.145 13.684895512409145
4.155 13.738211846849836
4.165 13.740268957133956
4.175 13.693943012909173
4.185 13.602305337086918
4.195 13.468644995771573
4.205 13.296540041439341
4.215 13.089958705442008
4.225 12.85336639282674
4.235 12.591811905718199
4.245 12.31096728613685
4.255 12.017099991557899
4.265 11.716963356184516
4.275 11.417600652318175
4.285 11.126068494064974
4.295 10.849095630324065
4.305 10.592702171360585
4.315 10.361810941069724
4.325 10.159886162431762
4.335 9.98863462809921
4.345 9.84780083130185
4.355 9.73508057190654
4.365 9.646167990894213
4.375 9.574939771591453
4.385 9.5137684857283
4.395 9.453945905804833
4.405 9.388452165632406
4.415 9.304544834420298
4.425 9.195093842654556
4.435 9.052561558148833
4.445 8.87098048356426
4.455 8.646322905513067
4.465 8.376750974826384
4.475 8.062735088082826
4.485 7.707038706133886
4.495 7.312487776785835
4.505 6.890789397615035
4.515 6.44729520767335
4.525 5.99162975971929
4.535 5.534136667311113
4.545 5.08545109264422
4.555 4.656089311717423
4.565 4.256074338808903
4.575 3.894610771844719
4.585 3.58191997298123
4.595 3.321632597836868
4.605 3.120646895401587
4.615 2.9829429908289953
4.625 2.9109343569812465
4.635 2.90545290611899
4.645 2.963820743182663
4.655 3.088331232494138
4.665 3.2724551465409135
4.675 3.5111947847435054
4.685 3.798302242403045
4.695 4.126444515747691
4.705 4.487403508810059
4.715 4.87231216760679
4.725 5.271924788445071
4.735 5.676915517925283
4.745 6.078194673971653
4.755 6.467228356843375
4.765 6.8363434981581594
4.775 7.1789985735084265
4.785 7.490000111571698
4.795 7.7656471098669275
4.805 8.003789520305146
4.815 8.203792851518555
4.825 8.366408167937179
4.835 8.493554673346205
4.845 8.588029852335993
4.855 8.651404017285596
4.865 8.691315416182327
4.875 8.708527828946156
4.885 8.705919501937194
4.895 8.685583721108632
4.905 8.648658485505617
4.915 8.595253589589454
4.925 8.52448074734579
4.935 8.434582996426762
4.945 8.323150651073078
4.955 8.18740341496029
4.965 8.024512657632862
4.975 7.83193481138998
4.985 7.607726590947028
4.995 7.350815210721091
5.005 7.061201629226369
5.015 6.740081510752066
5.025 6.38987632723622
5.035 6.014175023916809
5.045 5.61759415776592
5.055 5.2055707088993435
5.065 4.784106353100621
5.075 4.359484570985192
5.085 3.9379824848711755
5.095 3.5255979003744473
5.105 3.127809006408669
5.115 2.749380000900662
5.125 2.3942210715398677
5.135 2.065306186518854
5.145 1.7646475041008773
5.155 1.493321263944119
5.165 1.2515370306258236
5.175 1.0387402458665553
5.185 0.8537372138135112
5.195 0.6948317934982421
5.205 0.5599640282169756
5.215 0.44533208416803144
5.225 0.3520665641476562
5.235 0.27556409752159233
5.245 0.2135391654152381
5.255 0.16382851825944914
5.265 0.1244395754591303
5.275 0.09358033454671841
5.285 0.06967351503565913
5.295 0.051357976508810896
5.305 0.03748047986110175
5.315 0.02708067192727682
5.325 0.019371836033599692
5.335 0.013719528563036243
5.345 0.009619769081742474
5.355 0.00667801147876516
5.365 0.004589725692998341
5.375 0.003123081767805261
5.385 0.002103957847912472
5.395 0.0
5.405 0.0
5.415 0.0
5.425 0.0
5.435 0.0
5.445 0.0
5.455 0.0
5.465 0.0
5.475 0.0
5.485 0.0
5.495 0.0
5.505 0.0
5.515 0.0
5.525 0.0
5.535 0.0
5.545 0.0
5.555 0.0
5.565 0.0
5.575 0.0014645074488160693
5.585 0.0021738917045084918
5.595 0.0031947823822077817
5.605 0.004648380937685807
5.615 0.006696057855950194
5.625 0.009549788174105697
5.635 0.01348420463679866
5.645 0.018850114224384894
5.655 0.02608913576678638
5.665 0.03574888119926026
5.675 0.04849782606441558
5.685 0.06513870852609889
5.695 0.08661898115887881
5.705 0.11403654572144452
5.715 0.148638766064097
5.725 0.19181262297962093
5.735 0.2450638952604971
5.745 0.3099834700148417
5.755 0.38819934114356597
5.765 0.48131357151123694
5.775 0.5908244731369903
5.785 0.7180354732903911
5.795 0.8639535221288158
5.805 1.0291813645648729
5.815 1.2138094192738105
5.825 1.4186634701033618
5.835 1.640474123511699
5.845 1.8782340395865142
5.855 2.1292652852763534
5.865 2.3901307479126217
5.875 2.6566897234588005
5.885 2.9242003120663798
5.895 3.187468231788741
5.905 3.4423533833765387
5.915 3.6813724477169645
5.925 3.9002092696108743
5.935 4.094175467310763
5.945 4.259351041779636
5.955 4.392827009552075
5.965 4.494201298742806
5.975 4.561194735082848
5.985 4.595881687461735
5.995 4.60097583613373
6.005 4.580635645982279
6.015 4.540333217955275
6.025 4.486652650651209
6.035 4.42702769695198
6.045 4.369432202432113
6.055 4.322039538554275
6.065 4.292868821240399
6.075 4.289436064893918
6.085 4.318427597422756
6.095 4.385411180380775
6.105 4.494597541707572
6.115 4.648661689432309
6.125 4.848629711184425
6.135 5.093833054750462
6.1450000000000005 5.38192878551655
6.155 5.70898124360668
6.165 6.069598039836972
6.175 6.4571115371697605
6.185 6.863795901267558
6.195 7.281109446341661
6.205 7.699952271791966
6.215 8.110929957360156
6.225 8.504615205003821
6.235 8.87180061545891
6.245 9.203737101191164
6.255 9.492353621406755
6.265 9.73045487269053
6.275 9.911894223644197
6.285 10.0317195419248
6.295 10.086289679997877
6.305 10.073359360290405
6.315 9.992130160532486
6.325 9.843265385679194
6.335 9.628866951602731
6.345 9.352413091688149
6.355 9.01980259407666
6.365 8.635186995304048
6.375 8.206249743742932
6.385 7.7397141947005785
6.3950000000000005 7.246126181898807
6.405 6.732655443528563
6.415 6.208011085458882
6.425 5.680749245204558
6.435 5.159060798703063
6.445 4.650583853232638
6.455 4.162248641611259
6.465 3.7001602122946258
6.475 3.269521685649637
6.485 2.875701001574365
6.495 2.520354882138322
6.505 2.206712507681179
6.515 1.9364479980669358
6.525 1.7104991618805039
6.535 1.5291599306811083
6.545 1.3921735484582611
6.555 1.2988189107082486
6.565 1.2479840374054259
6.575 1.2382227066428029
6.585 1.267792568264961
6.595 1.335743920139492
6.605 1.4392367832779045
6.615 1.574864600236344
6.625 1.740642016873454
6.635 1.9327273021102478
6.6450000000000005 2.1500523269127934
6.655 2.3879327915682382
6.665 2.6428606021908747
6.675 2.911222111180196
6.685 3.189383232180959
6.695 3.473788882274833
6.705 3.761071221977736
6.715 4.048385139517527
6.725 4.333440339980898
6.735 4.6135835528847275
6.745 4.887302803971617
6.755 5.153690198787003
6.765 5.412448968699311
6.775 5.663002154736864
6.785 5.908160223339083
6.795 6.147881910858629
6.805 6.383684793833337
6.815 6.617206372319595
6.825 6.8500430362968885
6.835 7.083586466551427
6.845 7.320013520194982
6.855 7.558119405850482
6.865 7.798658704925165
6.875 8.040954966073006
6.885 8.283630348346522
6.8950000000000005 8.524613248107894
6.905 8.76118866834869
6.915 8.990089401519674
6.925 9.207623714739153
6.935 9.409833028689015
6.945 9.592671187066452
6.955 9.752195440835237
6.965 9.884758332248305
6.975 9.987189350611015
6.985 10.056955605615506
6.995 10.092291839867494
