0.005 0.0
0.015 0.0
0.025 0.0
0.034999999999999996 0.0
0.045 0.0
0.055 0.0
0.065 0.0
0.07500000000000001 0.0
0.085 0.0
0.095 0.0
0.10500000000000001 0.0
0.115 0.0
0.125 0.0
0.135 0.0
0.14500000000000002 0.0
0.155 0.0
0.165 0.0
0.17500000000000002 0.0
0.185 0.0
0.195 0.0
0.20500000000000002 0.0
0.215 0.0
0.225 0.0
0.23500000000000001 0.0
0.245 0.0
0.255 0.0
0.265 0.0
0.275 0.0
0.28500000000000003 0.0
0.295 0.0
0.305 0.0
0.315 0.0
0.325 0.0
0.335 0.0
0.34500000000000003 0.0
0.35500000000000004 0.0
0.365 0.0
0.375 0.0
0.385 0.0
0.395 0.0
0.405 0.0
0.41500000000000004 0.0
0.425 0.0
0.435 0.0
0.445 0.0
0.455 0.0
0.465 0.0
0.47500000000000003 0.0
0.485 0.0
0.495 0.0
0.505 0.0
0.515 0.0
0.525 0.0
0.535 0.0
0.545 0.0
0.555 0.0
0.5650000000000001 0.0
0.5750000000000001 0.0
0.585 0.0
0.595 0.0
0.605 0.0
0.615 0.0
0.625 0.0
0.635 0.0
0.645 0.0
0.655 0.0
0.665 0.0
0.675 0.0
0.685 0.0
0.6950000000000001 0.0
0.7050000000000001 0.0
0.715 0.0
0.725 0.0
0.735 0.0
0.745 0.0
0.755 0.0
0.765 0.0
0.775 0.0
0.785 0.0
0.795 0.0
0.805 0.0
0.8150000000000001 0.0
0.8250000000000001 0.0
0.8350000000000001 0.0
0.845 0.0
0.855 0.0
0.865 0.0
0.875 0.0
0.885 0.0
0.895 0.0
0.905 0.0
0.915 0.0
0.925 0.0
0.935 0.0
0.9450000000000001 0.0
0.9550000000000001 0.0
0.965 0.0
0.975 0.0
0.985 0.0
0.995 0.0
1.005 0.0
1.015 0.0
1.025 0.0
1.035 0.0
1.045 0.0
1.055 0.0
1.065 0.0
1.075 0.0
1.085 0.0
1.095 0.0
1.105 0.0
1.115 0.0
1.125 0.0
1.135 0.0
1.145 0.0
1.155 0.0
1.1649999999999998 0.0
1.1749999999999998 0.0
1.1849999999999998 0.0
1.1949999999999998 0.0
1.2049999999999998 0.0
1.2149999999999999 0.0
1.2249999999999999 0.0
1.2349999999999999 0.0
1.2449999999999999 0.0
1.255 0.0
1.265 0.0
1.275 0.0
1.285 0.0
1.295 0.0
1.305 0.0
1.315 0.0
1.325 0.0
1.335 0.0
1.345 0.0
1.355 0.0
1.365 0.0
1.375 0.0
1.385 0.0
1.395 0.0
1.405 0.0
1.4149999999999998 0.0
1.4249999999999998 0.0
1.4349999999999998 0.0
1.4449999999999998 0.0
1.4549999999999998 0.0
1.4649999999999999 0.0
1.4749999999999999 0.0
1.4849999999999999 0.0
1.4949999999999999 0.0
1.505 0.0
1.515 0.0
1.525 0.0
1.535 0.0
1.545 0.0
1.555 0.0
1.565 0.0
1.575 0.0
1.585 0.0
1.595 0.0
1.605 0.0
1.615 0.0
1.625 0.0
1.635 0.0
1.645 0.0
1.655 0.0
1.665 0.0
1.6749999999999998 0.0
1.6849999999999998 0.0
1.6949999999999998 0.0
1.7049999999999998 0.0
1.7149999999999999 0.0
1.7249999999999999 0.0
1.7349999999999999 0.0
1.7449999999999999 0.0
1.755 0.0
1.765 0.0
1.775 0.0
1.785 0.0
1.795 0.010851698157087537
1.805 0.01610808918902635
1.815 0.023672678563244405
1.825 0.034443544070536944
1.835 0.04961640772391334
1.845 0.07076196083078745
1.855 0.09991517538898959
1.865 0.13967545877285442
1.875 0.19331511543305158
1.885 0.26489183687086565
1.895 0.35935888899126217
1.905 0.4826643960323799
1.915 0.6418287861700438
1.9249999999999998 0.8449872850059141
1.9349999999999998 1.1013826014155734
1.9449999999999998 1.421291977023941
1.9549999999999998 1.8158729221328969
1.9649999999999999 2.2969135821105207
1.9749999999999999 2.876477056006632
1.9849999999999999 3.5664342992397353
1.9949999999999999 4.377887494861162
2.005 5.320494770120774
2.015 6.401717418012279
2.025 7.626021654028561
2.035 8.994077461905343
2.045 10.502006151189951
2.0549999999999997 12.140734677973752
2.065 13.895517427990569
2.0749999999999997 15.745684078090639
2.085 17.664664723609278
2.0949999999999998 19.62033053688896
2.105 21.57567021539103
2.1149999999999998 23.48980038895253
2.125 25.319283546695583
2.135 27.0197019277984
2.145 28.54741248314476
2.155 29.861388785675302
2.165 30.925042758573397
2.175 31.707913943229794
2.185 32.18711769548349
2.195 32.34845629433609
2.205 32.18711769548349
2.215 31.707913943229794
2.225 30.925042758573397
2.235 29.861388785675302
2.245 28.54741248314476
2.255 27.0197019277984
2.265 25.319283546695583
2.275 23.48980038895253
2.285 21.57567021539103
2.295 19.62033053688896
2.305 17.664664723609278
2.315 15.745684078090639
2.3249999999999997 13.895517427990569
2.335 12.140734677973752
2.3449999999999998 10.502006151189951
2.355 8.994077461905343
2.3649999999999998 7.626021654028561
2.375 6.401717418012279
2.385 5.320494770120774
2.395 4.377887494861162
2.405 3.5664342992397353
2.415 2.876477056006632
2.425 2.2969135821105207
2.435 1.8158729221328969
2.445 1.421291977023941
2.455 1.1013826014155734
2.465 0.8449872850059141
2.475 0.6418287861700438
2.485 0.4826643960323799
2.495 0.35935888899126217
2.505 0.26489183687086565
2.515 0.19331511543305158
2.525 0.13967545877285442
2.535 0.09991517538898959
2.545 0.07076196083078745
2.555 0.04961640772391334
2.565 0.034443544070536944
2.5749999999999997 0.023672678563244405
2.585 0.01610808918902635
2.5949999999999998 0.010851698157087537
2.605 0.0
2.6149999999999998 0.005751650318193772
2.625 0.014251344571951898
2.635 0.02102837047577362
2.645 0.03072011983586599
2.655 0.04443321292626465
2.665 0.06362972939353889
2.675 0.09021525890747659
2.685 0.12663901009967488
2.695 0.17600403166972278
2.705 0.24218394241664049
2.715 0.32994056181346065
2.725 0.44503454912917
2.735 0.5943187268142383
2.745 0.7858013800435092
2.755 1.0286647539128029
2.765 1.3332225368975466
2.775 1.7107996870923001
2.785 2.1735188968139876
2.795 2.7339806350333347
2.805 3.4048283000352866
2.815 4.198196654674462
2.8249999999999997 5.125050301379039
2.835 6.194429138883171
2.8449999999999998 7.412628918539342
2.855 8.782356319398122
2.8649999999999998 10.301908308959597
2.875 11.964433738837084
2.885 13.757339912766803
2.895 15.661907154422266
2.905 17.653169368368797
2.915 19.70010782711467
2.925 21.766189069296416
2.935 23.810256605385053
2.945 25.78776145359829
2.955 27.652290259217814
2.965 29.357324156912235
2.975 30.858139056144864
2.985 32.113741010196726
2.995 33.08872075181097
3.005 33.7549107117016
3.015 34.09273644271116
3.025 34.09217200134367
3.035 33.753234222484835
3.045 33.08598188532042
3.055 32.110019828115945
3.065 30.853542124063445
3.075 29.351979477826724
3.085 27.646341363645746
3.0949999999999998 25.781361026281562
3.105 23.803560041386213
3.1149999999999998 21.75934833428402
3.125 19.693265951123234
3.135 17.646455835045543
3.145 15.655434366128109
3.155 13.75120082402986
3.165 11.958700664562457
3.175 10.296632836521535
3.185 8.777570190743983
3.195 7.408345703226309
3.205 6.1906464929802905
3.215 5.121752599879038
3.225 4.195357794323374
3.235 3.402414491977928
3.245 2.7319530384007003
3.255 2.1718359811951444
3.265 1.70941924986387
3.275 1.3321033373586744
3.285 1.0277677576326878
3.295 0.7850906322019284
3.305 0.5937618918927604
3.315 0.444603166127786
3.325 0.3296100698390673
3.335 0.24193353202002477
3.3449999999999998 0.17581637390294058
3.355 0.1264999091722825
3.3649999999999998 0.090113266697251
3.375 0.06355575190150259
3.385 0.04438013082458528
3.395 0.0306824380777553
3.405 0.02100190584052096
3.415 0.014232955143983775
3.425 0.005713685767919822
3.435 0.0
3.445 0.0
3.455 0.0
3.465 0.0
3.475 0.0
3.485 0.0
3.495 0.0
3.505 0.0
3.515 0.0
3.525 0.0
3.535 0.0
3.545 0.0
3.555 0.0
3.565 0.0
3.575 0.0
3.585 0.0
3.5949999999999998 0.0
3.605 0.0
3.6149999999999998 0.0
3.625 0.0
3.635 0.0
3.645 0.0
3.655 0.0031796957644139013
3.665 0.004719890124634184
3.675 0.006936418122791029
3.685 0.010092428816863046
3.695 0.014538285086940038
3.705 0.02073422093742284
3.715 0.02927651095580316
3.725 0.04092681700352525
3.735 0.05664396897532506
3.745 0.07761692589799844
3.755 0.10529706232970597
3.765 0.1414272599072599
3.775 0.18806459996594074
3.785 0.24759281471186922
3.795 0.3227201440756046
3.805 0.41645796021213727
3.815 0.5320755660208593
3.825 0.6730270490883015
3.835 0.842847062184857
3.8449999999999998 1.0450139573727888
3.855 1.2827808259114604
3.8649999999999998 1.5589776309885683
3.875 1.8757906333520349
3.885 2.2345284951375106
3.895 2.6353875307296994
3.905 3.077231230853711
3.915 3.5574010697314593
3.925 4.071576380998371
3.935 4.613700477671731
3.945 5.175988014812878
3.955 5.749024807126627
3.965 6.3219660374964315
3.975 6.882832320110014
3.985 7.41889587104308
3.995 7.917141679750249
4.005 8.364781736796303
4.015 8.749794738744557
4.025 9.061459879395116
4.035 9.290851828369277
4.045 9.431265072386493
4.055 9.478539485292371
4.065 9.431265072386493
4.075 9.290851828369277
4.085 9.061459879395116
4.095 8.749794738744557
4.1049999999999995 8.364781736796303
4.115 7.917141679750249
4.125 7.41889587104308
4.135 6.882832320110014
4.145 6.3219660374964315
4.155 5.749024807126627
4.165 5.175988014812878
4.175 4.613700477671731
4.185 4.071576380998371
4.195 3.5574010697314593
4.205 3.077231230853711
4.215 2.6353875307296994
4.225 2.2345284951375106
4.235 1.8757906333520349
4.245 1.5589776309885683
4.255 1.2827808259114604
4.265 1.0450139573727888
4.275 0.842847062184857
4.285 0.6754090841530395
4.295 0.5356114212131757
4.305 0.4216543036413075
4.315 0.3302807791524551
4.325 0.25848401545057664
4.335 0.2035974197613814
4.345 0.1633594448824364
4.355 0.13595694944267456
4.365 0.1200511492646573
4.375 0.11478985864671834
4.385 0.11980898475377871
4.395 0.13522522969148112
4.405 0.1616208040402496
4.415 0.20001979341909779
4.425 0.2518547722110911
4.435 0.31892144364533476
4.445 0.4033186081330066
4.455 0.5073707093788933
4.465 0.6314098596492141
4.475 0.7828610263477493
4.485 0.9609815322246611
4.495 1.1678914139263659
4.505 1.4052284853030104
4.515 1.6739731165931258
4.525 1.9742723746177933
4.535 2.307421662811304
4.545 2.668175640098847
4.555 3.054861087456439
4.565 3.4631183706599344
4.575 3.8873517332596443
4.585 4.320819371198354
4.595 4.75579958721807
4.605 5.1838323971301685
4.615 5.596030282512353
4.625 5.983445926452266
4.635 6.3374792402750275
4.645 6.6503013191703495
4.655 6.91526964736441
4.665 7.127307312579403
4.675 7.283219449792169
4.685 7.381922706629471
4.695 7.424568107105407
4.705 7.414543999575355
4.715 7.357353358437832
4.725 7.260367995572237
4.735 7.132470587735529
4.745 6.983603193532258
4.755 6.8242475222490135
4.765 6.664867132239086
4.775 6.515344623269739
4.785 6.3844475515402515
4.795 6.279355212326432
4.805 6.205274738075354
4.815 6.165169424951524
4.825 6.159615218017076
4.835 6.186793326914956
4.845 6.242618532921199
4.855 6.320994425714588
4.865 6.414179103228186
4.875 6.513238268539996
4.885 6.608557583651866
4.895 6.69038291709387
4.905 6.749355959871112
4.915 6.777013656725453
4.925 6.766222935047628
4.935 6.711527091774536
4.945 6.609386560433483
4.955 6.458304151443132
4.965 6.258832683324725
4.975 6.013470609481798
4.985 5.7264582191774585
4.995 5.403492744285023
5.005 5.051384841291834
5.015 4.677681196234431
5.025 4.292054854264667
5.035 3.8996883159207534
5.045 3.5093928747694636
5.055 3.128190860407077
5.065 2.7640399359715526
5.075 2.419537890757222
5.085 2.100184967743449
5.095 1.8077338525123967
5.105 1.5483183256655535
5.115 1.3212413406867745
5.125 1.1275095260556527
5.135 0.9676324175416942
5.145 0.8418111272743658
5.155 0.7501213648215285
5.165 0.6926789385280715
5.175 0.6697774217508328
5.185 0.6819894674363818
5.195 0.7302252026815114
5.205 0.8157431858488724
5.215 0.9401115559193313
5.225 1.105119266032234
5.235 1.3126396950202595
5.245 1.5644514797706417
5.255 1.862024077449354
5.265 2.2062782668859295
5.275 2.597334389154046
5.285 3.034263407578342
5.295 3.5148575927585535
5.305 4.035438545770786
5.315 4.590720113644847
5.325 5.173742328072393
5.335 5.775889701965082
5.345 6.385571188907866
5.355 6.99464318285464
5.365 7.590077438037939
5.375 8.156374270968364
5.385 8.681367752897092
5.395 9.152190953630067
5.405 9.556865098210201
5.415 9.884830969170853
5.425 10.127440889057986
5.435 10.279917139980292
5.445 10.33628055662824
5.455 10.296870321818819
5.465 10.165507562779435
5.475 9.945130443854918
5.485 9.644852029573443
5.495 9.27527216539619
5.505 8.849102549701684
5.515 8.380701557215914
5.525 7.885559378637552
5.535 7.379761280680421
5.545 6.879455648027901
5.555 6.4003504351266765
5.565 5.957257169286793
5.575 5.563696258456991
5.585 5.231571664901734
5.595 4.970917585513922
5.605 4.789715123276866
5.615 4.6937734047362625
5.625 4.686667398503582
5.635 4.7697238556747905
5.645 4.942047204427125
5.655 5.200578639384094
5.665 5.540183713906082
5.675 5.953766088506371
5.685 6.43240733053129
5.695 6.965534460148114
5.705 7.5411180303107646
5.715 8.145903743657275
5.725 8.765679882707321
5.735 9.385581202162335
5.745 9.990427540812872
5.755 10.565092473107018
5.765 11.094894113761235
5.775 11.56599702506984
5.785 11.96581137744158
5.795 12.284735721903944
5.805 12.511712066990004
5.815 12.641001383629032
5.825 12.669818551056832
5.835 12.593460228661073
5.845 12.416924796069722
5.855 12.142524707288086
5.865 11.776907621180895
5.875 11.32789581423901
5.885 10.809254863811633
5.895 10.232003056396369
5.905 9.610156792559069
5.915 8.958540888808894
5.925 8.292340476974019
5.935 7.626664027677254
5.945 6.976135262699136
5.955 6.354528184673233
5.965 5.774455114131628
5.975 5.247112934524507
5.985 4.782088187446294
5.995 4.387217692541292
6.005 4.06849837490512
6.015 3.83003823430757
6.025 3.6740400026017443
6.035 3.600809961505457
6.045 3.6087864261352482
6.055 3.6945851973070165
6.065 3.8530624077170597
6.075 4.077398148271375
6.085 4.3592065882133175
6.095 4.688679593970231
6.105 5.05477082601592
6.115 5.445425829415392
6.125 5.847860790940127
6.135 6.2488886520710425
6.1450000000000005 6.635286538787272
6.155 6.994193507838867
6.165 7.3135229866696925
6.175 7.581321314162972
6.185 7.790702613768018
6.195 7.93270055631878
6.205 8.002067435421933
6.215 7.995881406992171
6.225 7.913626313081315
6.235 7.757164704276259
6.245 7.529580504293833
6.255 7.239392236502379
6.265 6.892934346647706
6.275 6.4983661110743345
6.285 6.0681166237278426
6.295 5.611220127357784
6.305 5.138235507358882
6.315 4.65933186745118
6.325 4.183943479755047
6.335 3.7204891738991983
6.345 3.2761657067258834
6.355 2.8568189794739327
6.365 2.4668915859002984
6.375 2.1094404927726234
6.385 1.7862149751762058
6.3950000000000005 1.4977824286858685
6.405 1.2436884061894653
6.415 1.0226371105768584
6.425 0.832679454038473
6.435 0.6713974450791305
6.445 0.5360758283409518
6.455 0.42385432086100705
6.465 0.33185622572349577
6.475 0.25729146615830767
6.485 0.1975340282968966
6.495 0.15017534288594933
6.505 0.11305624153973971
6.515 0.0842808023639947
6.525 0.062215697576939
6.535 0.04547863866247316
6.545 0.03291925989326498
6.555 0.02359536703213261
6.565 0.016746976495667462
6.575 0.011770041722605448
6.585 0.008191254529557766
6.595 0.005644852099752971
6.605 0.002943326201300644
6.615 0.002002788186232654
6.625 0.0013492384239083834
6.635 0.0
6.6450000000000005 0.0
6.655 0.0
6.665 0.0
6.675 0.0
6.685 0.0
6.695 0.0
6.705 0.0
6.715 0.0
6.725 0.0
6.735 0.0
6.745 0.0
6.755 0.0
6.765 0.0
6.775 0.0
6.785 0.0
6.795 0.0
6.805 0.0
6.815 0.0
6.825 0.0
6.835 0.0
6.845 0.0
6.855 0.0
6.865 0.0
6.875 0.0
6.885 0.0
6.8950000000000005 0.0
6.905 0.0
6.915 0.0
6.925 0.0
6.935 0.0
6.945 0.0
6.955 0.0
6.965 0.0
6.975 0.0
6.985 0.0
6.995 0.0
