0.005 0.0
0.015 0.0
0.025 0.0
0.034999999999999996 0.0
0.045 0.0
0.055 0.0
0.065 0.0
0.07500000000000001 0.0
0.085 0.0
0.095 0.0
0.10500000000000001 0.0
0.115 0.0
0.125 0.0
0.135 0.0
0.14500000000000002 0.0
0.155 0.0
0.165 0.0
0.17500000000000002 0.0
0.185 0.0
0.195 0.0
0.20500000000000002 0.0
0.215 0.0
0.225 0.0
0.23500000000000001 0.0
0.245 0.0
0.255 0.0
0.265 0.0
0.275 0.0
0.28500000000000003 0.0
0.295 0.0
0.305 0.0
0.315 0.0
0.325 0.0
0.335 0.0
0.34500000000000003 0.0
0.35500000000000004 0.0
0.365 0.0
0.375 0.0
0.385 0.0
0.395 0.0
0.405 0.0
0.41500000000000004 0.0
0.425 0.0
0.435 0.0
0.445 0.0
0.455 0.0
0.465 0.0
0.47500000000000003 0.0
0.485 0.0
0.495 0.0
0.505 0.0
0.515 0.0
0.525 0.0
0.535 0.0
0.545 0.0
0.555 0.0
0.5650000000000001 0.0
0.5750000000000001 0.0
0.585 0.0
0.595 0.0
0.605 0.0
0.615 0.0
0.625 0.0
0.635 0.0
0.645 0.0
0.655 0.0
0.665 0.0
0.675 0.0
0.685 0.0
0.6950000000000001 0.0
0.7050000000000001 0.0
0.715 0.0
0.725 0.0
0.735 0.0
0.745 0.0
0.755 0.0
0.765 0.0
0.775 0.0
0.785 0.0
0.795 0.0
0.805 0.0
0.8150000000000001 0.0
0.8250000000000001 0.0
0.8350000000000001 0.0
0.845 0.0
0.855 0.0
0.865 0.0
0.875 0.0
0.885 0.0
0.895 0.0
0.905 0.0
0.915 0.0
0.925 0.0
0.935 0.0
0.9450000000000001 0.0
0.9550000000000001 0.0
0.965 0.0
0.975 0.0
0.985 0.0
0.995 0.0
1.005 0.0
1.015 0.0
1.025 0.0
1.035 0.0
1.045 0.0
1.055 0.0
1.065 0.0
1.075 0.0
1.085 0.0
1.095 0.0
1.105 0.0
1.115 0.0
1.125 0.0
1.135 0.0
1.145 0.0
1.155 0.0
1.1649999999999998 0.0
1.1749999999999998 0.0
1.1849999999999998 0.0
1.1949999999999998 0.0
1.2049999999999998 0.0
1.2149999999999999 0.0
1.2249999999999999 0.0
1.2349999999999999 0.0
1.2449999999999999 0.0
1.255 0.0
1.265 0.0
1.275 0.0
1.285 0.0
1.295 0.0
1.305 0.0
1.315 0.0
1.325 0.0
1.335 0.0
1.345 0.0
1.355 0.0
1.365 0.0
1.375 0.0
1.385 0.0
1.395 0.0
1.405 0.0
1.4149999999999998 0.0
1.4249999999999998 0.0
1.4349999999999998 0.0
1.4449999999999998 0.0
1.4549999999999998 0.0
1.4649999999999999 0.0
1.4749999999999999 0.0
1.4849999999999999 0.0
1.4949999999999999 0.0
1.505 0.0
1.515 0.0
1.525 0.0
1.535 0.0
1.545 0.0
1.555 0.0
1.565 0.0
1.575 0.0
1.585 0.0
1.595 0.0
1.605 0.0
1.615 0.0
1.625 0.0
1.635 0.0
1.645 0.0
1.655 0.0
1.665 0.0
1.6749999999999998 0.0
1.6849999999999998 0.0
1.6949999999999998 0.0
1.7049999999999998 0.0
1.7149999999999999 0.0
1.7249999999999999 0.0
1.7349999999999999 0.0
1.7449999999999999 0.0
1.755 0.0
1.765 0.0
1.775 0.0
1.785 0.0
1.795 0.0
1.805 0.0
1.815 0.0
1.825 0.0
1.835 0.0
1.845 0.0
1.855 0.0
1.865 0.0
1.875 0.0
1.885 0.0
1.895 0.0
1.905 0.0
1.915 0.0
1.9249999999999998 0.0
1.9349999999999998 0.0
1.9449999999999998 0.0
1.9549999999999998 0.0
1.9649999999999999 0.0
1.9749999999999999 0.0
1.9849999999999999 0.0
1.9949999999999999 0.0
2.005 0.0
2.015 0.00896463506446163
2.025 0.013306962567062127
2.035 0.019556102763435727
2.045 0.028453961624190262
2.0549999999999997 0.040988330306986294
2.065 0.058456763735123166
2.0749999999999997 0.08254036113038786
2.085 0.11538650423501594
2.0949999999999998 0.15969845799384985
2.105 0.21882829901154768
2.1149999999999998 0.29686794180438764
2.125 0.3987311576864167
2.135 0.5302175529203127
2.145 0.6980476727728381
2.155 0.90985695926212
2.165 1.1741354864118743
2.175 1.500100522029997
2.185 1.8974903042965316
2.195 2.37627021182436
2.205 2.9462468925364957
2.215 3.616591908158423
2.225 4.395283879634791
2.235 5.288486613572577
2.245 6.307363025416842
2.255 7.44113985606572
2.265 8.692055894363493
2.275 10.053234348126766
2.285 11.513317271957648
2.295 13.056310526797345
2.305 14.661666044792039
2.315 16.30463222338239
2.3249999999999997 17.956887437514418
2.335 19.58745221114816
2.3449999999999998 21.163853846318574
2.355 22.653494996078535
2.3649999999999998 24.02515678124882
2.375 25.250549665020056
2.385 26.305813353418113
2.395 27.172862067299487
2.405 27.840474664873348
2.415 28.305040615588112
2.425 28.57089229254927
2.435 28.650180244721014
2.445 28.562279130708774
2.455 28.332745420738853
2.465 27.991881080900278
2.475 27.572987477189614
2.485 27.110418124398212
2.495 26.637555555929552
2.505 26.184845046775262
2.515 25.778015493296248
2.525 25.43660557226477
2.535 25.17289230044472
2.545 24.991290937719562
2.555 24.8882620271424
2.565 24.852725823454435
2.5749999999999997 24.866949166120584
2.585 24.90783768030588
2.5949999999999998 24.948539442206034
2.605 24.960246865662562
2.6149999999999998 24.914072887223536
2.625 24.782876169453374
2.635 24.54291787799278
2.645 24.175248754274616
2.655 23.66674818819842
2.665 23.01076476332875
2.675 22.207337938327235
2.685 21.26301065880061
2.695 20.19027038155377
2.705 19.006679167968866
2.715 17.73377058245836
2.725 16.395801145623416
2.735 15.018446742035662
2.745 13.627530033818918
2.755 12.247854533520112
2.765 10.902205946993279
2.775 9.610563396936543
2.785 8.389543965431518
2.795 7.252085350762146
2.805 6.207354782147305
2.815 5.26085878410603
2.8249999999999997 4.408739415749667
2.835 3.664122214817266
2.8449999999999998 3.014966749704626
2.855 2.456134571716518
2.8649999999999998 1.980974314741563
2.875 1.5818401192668807
2.885 1.2505566870656384
2.895 0.9788163942949909
2.905 0.758500972413967
2.915 0.5819264590984677
2.925 0.442015116098211
2.935 0.3324016679304914
2.945 0.24748354150060484
2.955 0.18242590321731636
2.965 0.13313239454648115
2.975 0.09619179671570124
2.985 0.0688096557854242
2.995 0.04873239874235078
3.005 0.03416986382198718
3.015 0.02372060502618013
3.025 0.016302917520928856
3.035 0.01109333059910695
3.045 0.007473355393407038
3.055 0.0
3.065 0.0
3.075 0.0
3.085 0.0
3.0949999999999998 0.0
3.105 0.004255897564580168
3.1149999999999998 0.006317387063041618
3.125 0.009284122501932977
3.135 0.013508318532576134
3.145 0.019458922072717585
3.155 0.027751938213280716
3.165 0.039185457008392065
3.175 0.054778932865430015
3.185 0.07581572183987734
3.195 0.10793267297066232
3.205 0.1469410092921542
3.215 0.1981199077689684
3.225 0.2645574909442615
3.235 0.3498900513882252
3.245 0.45832800969096177
3.255 0.5946605991660129
3.265 0.7642327027575935
3.275 0.9728873840566213
3.285 1.2268683294592118
3.295 1.5326777360105472
3.305 1.8968871776649423
3.315 2.325901639182549
3.325 2.8256801274440106
3.335 3.4014198839447465
3.3449999999999998 4.057214986622974
3.355 4.795703742444687
3.3649999999999998 5.617722397716973
3.375 6.52198499077451
3.385 7.504810334261405
3.395 8.559916904637323
3.405 9.678304700858043
3.415 10.848239905582858
3.425 12.05535357178696
3.435 13.282859829443304
3.445 14.511892637559203
3.455 15.721953350826219
3.465 16.89145481581175
3.475 17.998341833171438
3.485 19.020763034385247
3.495 19.937765842122932
3.505 20.72998441033866
3.515 21.380290342697098
3.525 21.874377513115334
3.535 22.20125530449385
3.545 22.35362880991324
3.555 22.328149727553996
3.565 22.12552753035012
3.575 21.750496709692484
3.585 21.21164219924822
3.5949999999999998 20.521091218570007
3.605 19.694085492341664
3.6149999999999998 18.748452869605998
3.625 17.704001570538303
3.635 16.581863424797966
3.645 15.403814359860784
3.655 14.191600916721729
3.665 12.96630064221522
3.675 11.747741840785757
3.685 10.554004467474009
3.695 9.401019111670863
3.705 8.302275354596997
3.715 7.268644653349551
3.725 6.308316725512089
3.735 5.429900452449709
3.745 4.631811492588783
3.755 3.9170430573965684
3.765 3.2846074501822637
3.775 2.7319117367299595
3.785 2.2551181444140282
3.795 1.8495102370949705
3.805 1.5098484149545184
3.815 1.2307009281636758
3.825 1.0067395426280645
3.835 0.8329919592480093
3.8449999999999998 0.7050458179218967
3.855 0.6192014387216598
3.8649999999999998 0.572572275552751
3.875 0.5631333803536347
3.885 0.5897190764031272
3.895 0.6519716578539454
3.905 0.7502434473968391
3.915 0.8826165573806376
3.925 1.0570397961353275
3.935 1.2708730068597984
3.945 1.5256178058863623
3.955 1.8224076272428833
3.965 2.1617423551895802
3.975 2.543225233300067
3.985 2.9653175421655336
3.995 3.4251278298633845
4.005 3.915554598348963
4.015 4.436904636017826
4.025 4.9776454561881875
4.035 5.528723622777085
4.045 6.079709889331689
4.055 6.619083917090443
4.065 7.134605647607153
4.075 7.613758802266401
4.085 8.044245404937499
4.095 8.4145048055073
4.1049999999999995 8.714227016372503
4.115 8.934828723569206
4.125 9.06986136739889
4.135 9.115324236694851
4.145 9.06986136739889
4.155 8.934828723569206
4.165 8.714227016372503
4.175 8.4145048055073
4.185 8.044245404937499
4.195 7.613758802266401
4.205 7.134605647607153
4.215 6.619083917090443
4.225 6.079709889331689
4.235 5.528723622777085
4.245 4.9776454561881875
4.255 4.436904636017826
4.265 3.915554598348963
4.275 3.4210823556607397
4.285 2.9593125042143495
4.295 2.5344001435262093
4.305 2.1489019253353825
4.315 1.803910808167254
4.325 1.499238000354955
4.335 1.2336249873666583
4.345 1.004969285416313
4.355 0.8105493747936524
4.365 0.6472368218780045
4.375 0.5116865641830965
4.385 0.40278290881144285
4.395 0.31374319974100523
4.405 0.2430865403273893
4.415 0.18810593512299806
4.425 0.14644853795415913
4.435 0.11615247976121013
4.445 0.09789502883050172
4.455 0.08717134179483249
4.465 0.08489643887562115
4.475 0.09096510795666535
4.485 0.10574299378624574
4.495 0.13007166309689966
4.505 0.16527266960249515
4.515 0.213148830428915
4.525 0.2759797820604959
4.535 0.35650792885779525
4.545 0.4558706979244824
4.555 0.5824040340568157
4.565 0.7391503950649079
4.575 0.927062992403263
4.585 1.1519198335562875
4.595 1.4180381954237649
4.605 1.7295119257448432
4.615 2.0900073453627517
4.625 2.502539114379277
4.635 2.969235599930422
4.645 3.491105852356876
4.655 4.067822358817859
4.665 4.697535014513801
4.675 5.376731976039564
4.685 6.100162045928442
4.695 6.860830883848087
4.705 7.650079670795316
4.715 8.457750027438333
4.725 9.272433304602755
4.735 10.081796245237204
4.745 10.872968978700808
4.755 11.632975912761419
4.765 12.349185889361497
4.775 13.009755448274312
4.785 13.604038547949619
4.795 14.122937793541869
4.805 14.55917607290025
4.815 14.907473233206767
4.825 15.164619567601092
4.835 15.329445780613593
4.845 15.402697020095609
4.855 15.386825736012412
4.865 15.285723850793138
4.875 15.104418444310667
4.885 14.84875652214986
4.895 14.525103354853616
4.905 14.140075519981936
4.915 13.700324565335109
4.925 13.212380753446812
4.935 12.68255937902963
4.945 12.11692544044735
4.955 11.521306703722484
4.965 10.904973930860034
4.975 10.267933921520463
4.985 9.618286757581163
4.995 8.961780513888991
5.005 8.304282430940736
5.015 7.6517977956604275
5.025 7.010457047159425
5.035 6.3864730073892595
5.045 5.786073868228854
5.055 5.215420135522304
5.065 4.6805148831713
5.075 4.187116346758529
5.085 3.7406602171915324
5.095 3.3461962765194753
5.105 3.008340668510942
5.115 2.731241601837964
5.125 2.518553139317002
5.135 2.375115982946302
5.145 2.300923411705404
5.155 2.299192438555619
5.165 2.371356814102222
5.175 2.5181113732403695
5.185 2.7392915457601914
5.195 3.0322079000786717
5.205 3.3981007788510516
5.215 3.831127395741175
5.225 4.326262055852162
5.235 4.876921059933024
5.245 5.474926826725296
5.255 6.109059683493658
5.265 6.771628643000729
5.275 7.448097169656534
5.285 8.125232016734428
5.295 8.789277740113931
5.305 9.426424942613439
5.315 10.023320328585656
5.325 10.5675878952837
5.335 11.048326929396229
5.345 11.456551767050726
5.355 11.785540779671189
5.365 12.031067702132189
5.375 12.19008219711927
5.385 12.266799791584873
5.395 12.262425784087855
5.405 12.182302526782578
5.415 12.033376852756295
5.425 11.823719199773137
5.435 11.562011650169628
5.445 11.25857481066394
5.455 10.919529862340728
5.465 10.553702205350273
5.475 10.16943483988101
5.485 9.771637305425177
5.495 9.365154897445812
5.505 8.95236021508255
5.515 8.537137099499187
5.525 8.1217947140015
5.535 7.708378312175696
5.545 7.2989918909074625
5.555 6.896107302740619
5.565 6.502834263883372
5.575 6.123130735490226
5.585 5.7619391729670975
5.595 5.425240401231308
5.605 5.120022737714875
5.615 4.854168963796393
5.625 4.6362675606127475
5.635 4.475357219292482
5.645 4.380615153151948
5.655 4.361000479197964
5.665 4.42486428301387
5.675 4.579538326367824
5.685 4.830915021952336
5.695 5.183032470900439
5.705 5.637680045018041
5.715 6.1940420143311785
5.725 6.848398714184738
5.735 7.5939062290138
5.745 8.420475998219658
5.755 9.314774606627376
5.765 10.260360907071302
5.775 11.235549246116047
5.785 12.224364766728614
5.795 13.199855588188132
5.805 14.137598831823974
5.815 15.012906985343998
5.825 15.801737046020914
5.835 16.48162569347014
5.845 17.03260098496965
5.855 17.438018821915527
5.865 17.685274122506012
5.875 17.766342359441367
5.885 17.678116584458365
5.895 17.42251757827576
5.905 17.00636932445835
5.915 16.441047375635534
5.925 15.741922534235524
5.935 14.927635329118647
5.945 14.018108674938265
5.955 13.038567047194693
5.965 12.010483211161915
5.975 10.956681696944685
5.985 9.898817588124244
5.995 8.85668224193008
6.005 7.8476571473835275
6.015 6.886331771400917
6.025 5.984289255643507
6.035 5.1500527901612525
6.045 4.389176197702729
6.055 3.7044552646324753
6.065 3.0962319298083156
6.075 2.562761605936941
6.085 2.100614441916658
6.095 1.7050838446029162
6.105 1.3705795559678449
6.115 1.0909874716722978
6.125 0.8599836486714884
6.135 0.6712951050303624
6.1450000000000005 0.5189046843632152
6.155 0.3972011749737403
6.165 0.30107889205925364
6.175 0.22599300985189474
6.185 0.1679781173521241
6.195 0.12363787902366843
6.205 0.09011346265125414
6.215 0.06503771894105764
6.225 0.04648112665186946
6.235 0.03289440089540766
6.245 0.02305152210310303
6.255 0.014975144085721506
6.265 0.010317173953839017
6.275 0.007037760980531106
6.285 0.0037429387746987872
6.295 0.0015045262954516533
6.305 0.0
6.315 0.0
6.325 0.0
6.335 0.0
6.345 0.0011492209064019776
6.355 0.002851706192371399
6.365 0.0042078318852092735
6.375 0.007286296307422168
6.385 0.010582170308467042
6.3950000000000005 0.0163500235345569
6.405 0.023349241966734473
6.415 0.03302021844368294
6.425 0.046242551090973985
6.435 0.06412985601534092
6.445 0.08807189586046718
6.455 0.11977743325946374
6.465 0.16131517460105427
6.475 0.21514933152924362
6.485 0.2841654929859145
6.495 0.37168175448858076
6.505 0.4814394990510618
6.515 0.6175679854589707
6.525 0.7845170989829633
6.535 0.9869533727764441
6.545 1.2296157855814016
6.555 1.5171299298318162
6.565 1.8537819092647376
6.575 2.243256675888915
6.585 2.688349276428892
6.595 3.1906613861482422
6.605 3.750299225722326
6.615 4.365592093668791
6.625 5.032852892100518
6.635 5.746202789814272
6.6450000000000005 6.497481238152364
6.655 7.276259735805132
6.665 8.069972994692879
6.675 8.864174646777855
6.685 9.642916708058834
6.695 10.389243225501808
6.705 11.085779569956994
6.715 11.715390488729561
6.725 12.261873095226026
6.735 12.710646178609522
6.745 13.049395136755033
6.755 13.268632816201317
6.765 13.362140650134595
6.775 13.327261487432047
6.785 13.165024883772393
6.795 12.880096620850022
6.805 12.48168827772149
6.815 11.97919597271646
6.825 11.388216203120935
6.835 10.722657003363064
6.845 10.001393680078323
6.855 9.241412186867976
6.865 8.459323025636401
6.875 7.672918273143878
6.885 6.898106995071783
6.8950000000000005 6.149290104800544
6.905 5.439091940732602
6.915 4.778217987047138
6.925 4.175432654135282
6.935 3.637643147186024
6.945 3.1700691603833127
6.955 2.7764737459856383
6.965 2.4594283553378173
6.975 2.220584710742841
6.985 2.060927695679733
6.995 1.9809866077014913
