0.005 0.0
0.015 0.0
0.025 0.0
0.034999999999999996 0.0
0.045 0.0
0.055 0.0
0.065 0.0
0.07500000000000001 0.0
0.085 0.0
0.095 0.0
0.10500000000000001 0.0
0.115 0.0
0.125 0.0
0.135 0.0
0.14500000000000002 0.0
0.155 0.0
0.165 0.0
0.17500000000000002 0.0
0.185 0.0
0.195 0.0
0.20500000000000002 0.0
0.215 0.0
0.225 0.0
0.23500000000000001 0.0
0.245 0.0
0.255 0.0
0.265 0.0
0.275 0.0
0.28500000000000003 0.0
0.295 0.0
0.305 0.0
0.315 0.0
0.325 0.0
0.335 0.0
0.34500000000000003 0.0
0.35500000000000004 0.0
0.365 0.0
0.375 0.0
0.385 0.0
0.395 0.0
0.405 0.0
0.41500000000000004 0.0
0.425 0.0
0.435 0.0
0.445 0.0
0.455 0.0
0.465 0.0
0.47500000000000003 0.0
0.485 0.0
0.495 0.0
0.505 0.0
0.515 0.0
0.525 0.0
0.535 0.0
0.545 0.0
0.555 0.0
0.5650000000000001 0.0
0.5750000000000001 0.0
0.585 0.0
0.595 0.0
0.605 0.0
0.615 0.0
0.625 0.0
0.635 0.0
0.645 0.0
0.655 0.0
0.665 0.0
0.675 0.0
0.685 0.0
0.6950000000000001 0.0
0.7050000000000001 0.0
0.715 0.0
0.725 0.0
0.735 0.0
0.745 0.0
0.755 0.0
0.765 0.0
0.775 0.0
0.785 0.0
0.795 0.0
0.805 0.0
0.8150000000000001 0.0
0.8250000000000001 0.0
0.8350000000000001 0.0
0.845 0.0
0.855 0.0
0.865 0.0
0.875 0.0
0.885 0.0
0.895 0.0
0.905 0.0
0.915 0.0
0.925 0.0
0.935 0.0
0.9450000000000001 0.0
0.9550000000000001 0.0
0.965 0.0
0.975 0.0
0.985 0.0
0.995 0.0
1.005 0.0
1.015 0.0
1.025 0.0
1.035 0.0
1.045 0.0
1.055 0.0
1.065 0.0
1.075 0.0
1.085 0.0
1.095 0.0
1.105 0.0
1.115 0.0
1.125 0.0
1.135 0.0
1.145 0.0
1.155 0.0
1.1649999999999998 0.0
1.1749999999999998 0.0
1.1849999999999998 0.0
1.1949999999999998 0.0
1.2049999999999998 0.0
1.2149999999999999 0.0
1.2249999999999999 0.0
1.2349999999999999 0.0
1.2449999999999999 0.0
1.255 0.0
1.265 0.0
1.275 0.0
1.285 0.0
1.295 0.0
1.305 0.0
1.315 0.0
1.325 0.0
1.335 0.0
1.345 0.0
1.355 0.0
1.365 0.0
1.375 0.0
1.385 0.0
1.395 0.0
1.405 0.0
1.4149999999999998 0.0
1.4249999999999998 0.0
1.4349999999999998 0.015527240992344217
1.4449999999999998 0.02304839105765491
1.4549999999999998 0.03387224558450568
1.4649999999999999 0.04928382651929504
1.4749999999999999 0.07099404247624033
1.4849999999999999 0.10125032994885168
1.4949999999999999 0.142964445250803
1.505 0.19985577166702384
1.515 0.2766065127632926
1.525 0.37902264958524723
1.535 0.5141916031330128
1.545 0.6906242955831027
1.555 0.9183659639645508
1.565 1.209056962313704
1.575 1.5893262331560851
1.585 2.0535638328454136
1.595 2.627496927454927
1.605 3.329101980141296
1.615 4.177116521717177
1.625 5.190466311998595
1.635 6.387550582639088
1.645 7.785399512633721
1.655 9.398731080201562
1.665 11.23894783669657
1.6749999999999998 13.3252697960171
1.6849999999999998 15.641089869021645
1.6949999999999998 18.190941474458764
1.7049999999999998 20.964779255141437
1.7149999999999999 23.945781456808223
1.7249999999999999 27.11038230116572
1.7349999999999999 30.42866881414879
1.7449999999999999 33.865152455429836
1.755 37.37989690228291
1.765 40.92995273799486
1.775 44.47102051921058
1.785 47.9592388714673
1.795 51.35297683747978
1.805 54.6145020781793
1.815 57.7114002112106
1.825 60.61763593091464
1.835 63.31417268651676
1.845 65.7891024676331
1.855 68.03727748835347
1.865 70.05947740563704
1.875 71.86118502946431
1.885 73.45107638072749
1.895 74.83935421107421
1.905 76.03606555388387
1.915 77.04954265067346
1.9249999999999998 77.88509316595912
1.9349999999999998 78.54404168048436
1.9449999999999998 79.02319273387356
1.9549999999999998 79.31474948464523
1.9649999999999999 79.40668487967423
1.9749999999999999 79.28352738534842
1.9849999999999999 78.92749359880531
1.9949999999999999 78.31987743153198
2.005 77.44259116849146
2.015 76.2797478281154
2.025 74.81917641869016
2.035 73.0537708858742
2.045 70.98258840594292
2.0549999999999997 68.61163167600773
2.065 65.95427146078984
2.0749999999999997 63.03128845013963
2.085 59.8705361847917
2.0949999999999998 56.50624829741159
2.105 52.978032610096896
2.1149999999999998 49.32961087097303
2.125 45.607375367026
2.135 41.858841727256845
2.145 38.13108052535225
2.155 34.4692086411182
2.165 30.915014874681333
2.175 27.505783482407445
2.185 24.273364899611174
2.195 21.243525998204127
2.205 18.435594067069093
2.215 15.862390659900765
2.225 13.530434851567454
2.235 11.44038143433434
2.245 9.577292737504765
2.255 7.956348001757184
2.265 6.5498537443066205
2.275 5.3427636690142855
2.285 4.318056956908137
2.295 3.4575790182264554
2.305 2.7427881964538976
2.315 2.155388780359508
2.3249999999999997 1.6778401529203302
2.335 1.2937405296484425
2.3449999999999998 0.9880909974217619
2.355 0.747451145887915
2.3649999999999998 0.5600013732496761
2.375 0.4155290070489834
2.385 0.2964157885649961
2.395 0.21632094465242316
2.405 0.15629779967706844
2.415 0.1118057689221099
2.425 0.07918312118575586
2.435 0.05552110172581807
2.445 0.0385425628711185
2.455 0.026489890238446737
2.465 0.018025062665740766
2.475 0.012143124924119545
2.485 0.0
2.495 0.0
2.505 0.0
2.515 0.0
2.525 0.0
2.535 0.0
2.545 0.0
2.555 0.0
2.565 0.0
2.5749999999999997 0.0
2.585 0.0
2.5949999999999998 0.0
2.605 0.0
2.6149999999999998 0.0
2.625 0.0
2.635 0.0
2.645 0.0
2.655 0.0
2.665 0.0
2.675 0.0
2.685 0.0
2.695 0.0
2.705 0.0
2.715 0.005388290856050075
2.725 0.007998293762804446
2.735 0.0117544070609108
2.745 0.017102561357552778
2.755 0.024636479210786252
2.765 0.03513607004003124
2.775 0.04961177671326094
2.785 0.06935430625010701
2.795 0.0959884852808825
2.805 0.13152911570078793
2.815 0.17843568698298734
2.8249999999999997 0.23966167451714404
2.835 0.318692994368906
2.8449999999999998 0.41956910295207894
2.855 0.5468793652672832
2.8649999999999998 0.7057268321247555
2.875 0.9016516420231546
2.885 1.1405070683374985
2.895 1.4282829096564367
2.905 1.7708735577708354
2.915 2.1737916790442187
2.925 2.6418329098823974
2.935 3.1787020729067086
2.945 3.7866168180879765
2.955 4.465909818449782
2.965 5.2146551530904315
2.975 6.028347702274587
2.985 6.899665694112991
2.995 7.818345507962387
3.005 8.771194151142884
3.015 9.742258409164306
3.025 10.713160728564267
3.035 11.66360092347097
3.045 12.57201057765271
3.055 13.416334542595617
3.065 14.17490234432604
3.075 14.827342763650421
3.085 15.355488395163853
3.0949999999999998 15.744214434598891
3.105 15.98215776467272
3.1149999999999998 16.062268663846382
3.125 15.98215776467272
3.135 15.744214434598891
3.145 15.355488395163853
3.155 14.827342763650421
3.165 14.17490234432604
3.175 13.416334542595617
3.185 12.57201057765271
3.195 11.66360092347097
3.205 10.713160728564267
3.215 9.742258409164306
3.225 8.771194151142884
3.235 7.818345507962387
3.245 6.899665694112991
3.255 6.028347702274587
3.265 5.2146551530904315
3.275 4.465909818449782
3.285 3.7866168180879765
3.295 3.1787020729067086
3.305 2.6418329098823974
3.315 2.1737916790442187
3.325 1.7708735577708354
3.335 1.4282829096564367
3.3449999999999998 1.1405070683374985
3.355 0.9016516420231546
3.3649999999999998 0.7057268321247555
3.375 0.5468793652672832
3.385 0.41956910295207894
3.395 0.318692994368906
3.405 0.23966167451714404
3.415 0.17843568698298734
3.425 0.13152911570078793
3.435 0.0959884852808825
3.445 0.06935430625010701
3.455 0.04961177671326094
3.465 0.03513607004003124
3.475 0.024636479210786252
3.485 0.017102561357552778
3.495 0.0117544070609108
3.505 0.007998293762804446
3.515 0.005388290856050075
3.525 0.0
3.535 0.0
3.545 0.0
3.555 0.0
3.565 0.0
3.575 0.0
3.585 0.0
3.5949999999999998 0.0032759231984136696
3.605 0.004862728606396326
3.6149999999999998 0.007146335601241582
3.625 0.010397856945786902
3.635 0.014978258585137658
3.645 0.021361702628948834
3.655 0.030162508779013875
3.665 0.0421653891418107
3.675 0.058358190771970034
3.685 0.07996585427589666
3.695 0.10848367729743354
3.705 0.14570728646539902
3.715 0.19375601676230558
3.725 0.25508573950774033
3.735 0.3324866543537208
3.745 0.42906126689590685
3.755 0.5481778192569009
3.765 0.6933949304029281
3.775 0.8683542226358638
3.785 1.076639313715792
3.795 1.3216017435108887
3.805 1.6061571186527661
3.815 1.9325578629053748
3.825 2.302152242570492
3.835 2.715142513113635
3.8449999999999998 3.170357770972112
3.855 3.6650590351504833
3.8649999999999998 4.194794882548865
3.875 4.753325332092887
3.885 5.332629430212822
3.895 5.92300808923248
3.905 6.513288294308035
3.915 7.0911281263400605
3.925 7.643414619274184
3.935 8.156738888068514
3.945 8.617925918547416
3.955 9.014590605430016
3.965 9.335687697743253
3.975 9.57202175699005
3.985 9.716684340306509
3.995 9.76538942324651
4.005 9.716684340306509
4.015 9.57202175699005
4.025 9.335687697743253
4.035 9.014590605430016
4.045 8.617925918547416
4.055 8.156738888068514
4.065 7.643414619274184
4.075 7.0911281263400605
4.085 6.513288294308035
4.095 5.92300808923248
4.1049999999999995 5.332629430212822
4.115 4.753325332092887
4.125 4.194794882548865
4.135 3.6650590351504833
4.145 3.170357770972112
4.155 2.715142513113635
4.165 2.302152242570492
4.175 1.9325578629053748
4.185 1.6086441923435153
4.195 1.325293516379092
4.205 1.0820647959944114
4.215 0.8762482527714183
4.225 0.7072106314792853
4.235 0.5704574728587767
4.245 0.4609051718208259
4.255 0.37756565941919684
4.265 0.31829140109493825
4.275 0.28153181043903286
4.285 0.2664425303555792
4.295 0.2729727987812771
4.305 0.30429412486171925
4.315 0.35854358546585163
4.325 0.4424319281308896
4.335 0.5561863315327495
4.345 0.7062572545005643
4.355 0.9008166131547471
4.365 1.14311732467378
4.375 1.4423825045830652
4.385 1.8069564004676573
4.395 2.245637786664453
4.405 2.765230544104151
4.415 3.3797064187741515
4.425 4.094256824077915
4.435 4.916409643647794
4.445 5.85232341721799
4.455 6.906345890631905
4.465 8.080582758302828
4.475 9.37450069539526
4.485 10.78458960080037
4.495 12.304108017592473
4.505 13.922932859845538
4.515 15.627529929578753
4.525 17.401055523341885
4.535 19.223592151718478
4.545 21.072513615328404
4.555 22.92296706794617
4.565 24.748452927789202
4.575 26.521478173750477
4.585 28.214255135471653
4.595 29.799416595905594
4.605 31.25071887123182
4.615 32.54370727249622
4.625 33.656322535705684
4.635 34.569431839660076
4.645 35.26727326497127
4.655 35.73780737360824
4.665 35.972973522881695
4.675 35.96885128244273
4.685 35.72572883939364
4.695 35.24808072538425
4.705 34.544456940327116
4.715 33.62728505887421
4.725 32.51258669622767
4.735 31.219610222867452
4.745 29.77038315001078
4.755 28.189190251337227
4.765 26.501987106753006
4.775 24.735763003699237
4.785 22.917871501909563
4.795 21.075350864743893
4.805 19.234259395862118
4.815 17.4190520006634
4.825 15.652023693903821
4.835 13.954750998031113
4.845 12.34102721539422
4.855 10.825706654160822
4.865 9.419083336433724
4.875 8.128192130415936
4.885 6.956956942257424
4.895 5.90644375996662
4.905 4.975198895156952
4.915 4.161500194947528
4.925 3.457288215763687
4.935 2.857425992959186
4.945 2.3547917164720102
4.955 1.9419343819023704
4.965 1.6114498766503056
4.975 1.356299325498824
4.985 1.1700611226520592
4.995 1.045453110296422
5.005 0.9816400083814905
5.015 0.9724441614908199
5.025 1.0150687900311546
5.035 1.1058983796884234
5.045 1.2458140685980847
5.055 1.4354335997651106
5.065 1.6719238588997505
5.075 1.9548890051246046
5.085 2.2836993280762927
5.095 2.6572530681253728
5.105 3.073750753222759
5.115 3.528919796456666
5.125 4.02268843102268
5.135 4.546278575741361
5.145 5.097239698804518
5.155 5.665965235207377
5.165 6.2424728566783205
5.175 6.820910896219638
5.185 7.388779249557843
5.195 7.935339765180766
5.205 8.44962838479238
5.215 8.920810229374371
5.225 9.338549573557389
5.235 9.693377515856078
5.245 9.977039602809047
5.255 10.182806177598893
5.265 10.30572978212949
5.275 10.342836457290469
5.285 10.293241106113058
5.295 10.158181002876757
5.305 9.94096580424365
5.315 9.646846781163338
5.325 9.282812173586583
5.335 8.857319318048312
5.345 8.379977284347744
5.355 7.86119599915521
5.365 7.311819104718838
5.375 6.742758038156509
5.385 6.164644029063515
5.395 5.587512978038409
5.405 5.0205356383502036
5.415 4.471802373269432
5.425 3.948168236914131
5.435 3.455160480596711
5.445 2.996947071908054
5.455 2.5763616602539416
5.465 2.194977819779924
5.475 1.8532234833771177
5.485 1.5505253214369215
5.495 1.2854724228890175
5.505 1.0559889499901451
5.515 0.8595063581021948
5.525 0.6931271568527841
5.535 0.5537738793144692
5.545 0.43831875762298494
5.555 0.3436914249380332
5.565 0.2669636465745621
5.575 0.20541153072748755
5.585 0.156556819811747
5.595 0.11818969006228465
5.605 0.08837599363096543
5.615 0.06545209272514944
5.625 0.048010405495665265
5.635 0.03487856428885445
5.645 0.023822275396839957
5.655 0.01704098089493917
5.665 0.012068769512851846
5.675 0.00846230067461697
5.685 0.005874500787041565
5.695 0.004037481409182796
5.705 0.0027473067935426267
5.715 0.0018508057485024786
5.725 0.0
5.735 0.0
5.745 0.0
5.755 0.0
5.765 0.0
5.775 0.0
5.785 0.0
5.795 0.0
5.805 0.0
5.815 0.0
5.825 0.0
5.835 0.0
5.845 0.0013406102245413904
5.855 0.0019899806234961754
5.865 0.0029245040236803594
5.875 0.004255128246471307
5.885 0.007453172124089979
5.895 0.01070660811371724
5.905 0.015230839197857931
5.915 0.02276758858143724
5.925 0.031879903701179144
5.935 0.044215515202623054
5.945 0.060743056481882676
5.955 0.0826588701654416
5.965 0.11141914701364328
5.975 0.1487696863377277
5.985 0.1967705324042129
5.995 0.2578121758811047
6.005 0.33461953289293594
6.015 0.43023960083604307
6.025 0.5480086207084955
6.035 0.691494831012704
6.045 0.8644135495185495
6.055 1.0705124173766922
6.065 1.3134262048315088
6.075 1.596502586712706
6.085 1.922602676439328
6.095 2.2938827325360656
6.105 2.711566141603896
6.115 3.1757173109365375
6.125 3.685031216593697
6.135 4.236653783542085
6.1450000000000005 4.826048775496964
6.155 5.446926241921602
6.165 6.091245682392156
6.175 6.749303918950725
6.185 7.409913307974527
6.195 8.060670592025584
6.205 8.68831072488965
6.215 9.279133833111297
6.225 9.819487602469353
6.235 10.296282315641271
6.245 10.697512004793202
6.255 11.01275312490931
6.265 11.233612076666187
6.275 11.354094923694593
6.285 11.370876686135704
6.295 11.283453393232564
6.305 11.094167218512215
6.315 10.80810294870505
6.325 10.432862121037491
6.335 9.978228755118609
6.345 9.455747103500824
6.355 8.878236751214635
6.365 8.25927336153885
6.375 7.612664225422195
6.385 6.95194654801279
6.3950000000000005 6.289933300634262
6.405 5.639455880046307
6.415 5.009090701903809
6.425 4.408319367782001
6.435 3.844145284668227
6.445 3.3218213178767
6.455 2.8449058384443244
6.465 2.415387801784656
6.475 2.033865884584499
6.485 1.7008683918803142
6.495 1.413214109723589
6.505 1.1706030168538395
6.515 0.968811130991728
6.525 0.8058700685667629
6.535 0.6790965937855394
6.545 0.5859958531657938
6.555 0.5243976504227883
6.565 0.4925553097409161
6.575 0.48920693821214123
6.585 0.5136001835048479
6.595 0.5665510762850298
6.605 0.6477145560330239
6.615 0.7568437308814158
6.625 0.8956932740282466
6.635 1.0655352111640526
6.6450000000000005 1.2677532490934
6.655 1.5028207131947147
6.665 1.7740484449005822
6.675 2.0810777000583283
6.685 2.4244716571678415
6.695 2.80447722270392
6.705 3.220904915227857
6.715 3.6730803756973467
6.725 4.1565286072489
6.735 4.671409682940941
6.745 5.213108796980228
6.755 5.777632310052466
6.765 6.360375668215624
6.775 6.956227604380407
6.785 7.559695570121321
6.795 8.16617613338536
6.805 8.768136608330405
6.815 9.360642218895963
6.825 9.93824226530143
6.835 10.495866348226782
6.845 11.028949935859067
6.855 11.533536551487321
6.865 12.006352034665333
6.875 12.44484781315937
6.885 12.847211776963311
6.8950000000000005 13.212347065279472
6.905 13.539820754194
6.915 13.82978596328827
6.925 14.082882193555761
6.935 14.30011969754461
6.945 14.482754322365457
6.955 14.632159541741082
6.965 14.749702315724607
6.975 14.836629019063858
6.985 14.893967009523477
6.995 14.922446521259582
