0.005 0.0
0.015 0.0
0.025 0.0
0.034999999999999996 0.0
0.045 0.0
0.055 0.0
0.065 0.0
0.07500000000000001 0.0
0.085 0.0
0.095 0.0
0.10500000000000001 0.0
0.115 0.0
0.125 0.0
0.135 0.0
0.14500000000000002 0.0
0.155 0.0
0.165 0.0
0.17500000000000002 0.0
0.185 0.0
0.195 0.0
0.20500000000000002 0.0
0.215 0.0
0.225 0.0
0.23500000000000001 0.0
0.245 0.0
0.255 0.0
0.265 0.0
0.275 0.0
0.28500000000000003 0.0
0.295 0.0
0.305 0.0
0.315 0.0
0.325 0.0
0.335 0.0
0.34500000000000003 0.0
0.35500000000000004 0.0
0.365 0.0
0.375 0.0
0.385 0.0
0.395 0.0
0.405 0.0
0.41500000000000004 0.0
0.425 0.0
0.435 0.0
0.445 0.0
0.455 0.0
0.465 0.0
0.47500000000000003 0.0
0.485 0.0
0.495 0.0
0.505 0.0
0.515 0.0
0.525 0.0
0.535 0.0
0.545 0.0
0.555 0.0
0.5650000000000001 0.0
0.5750000000000001 0.0
0.585 0.0
0.595 0.0
0.605 0.0
0.615 0.0
0.625 0.0
0.635 0.0
0.645 0.0
0.655 0.0
0.665 0.0
0.675 0.0
0.685 0.0
0.6950000000000001 0.0
0.7050000000000001 0.0
0.715 0.0
0.725 0.0
0.735 0.0
0.745 0.0
0.755 0.0
0.765 0.0
0.775 0.0
0.785 0.0
0.795 0.0
0.805 0.0
0.8150000000000001 0.0
0.8250000000000001 0.0
0.8350000000000001 0.0
0.845 0.0
0.855 0.0
0.865 0.0
0.875 0.0
0.885 0.0
0.895 0.0
0.905 0.0
0.915 0.0
0.925 0.0
0.935 0.0
0.9450000000000001 0.0
0.9550000000000001 0.0
0.965 0.0
0.975 0.0
0.985 0.0
0.995 0.0
1.005 0.0
1.015 0.0
1.025 0.0
1.035 0.0
1.045 0.0
1.055 0.0
1.065 0.0
1.075 0.0
1.085 0.0
1.095 0.0
1.105 0.0
1.115 0.0
1.125 0.0
1.135 0.0
1.145 0.0
1.155 0.0
1.1649999999999998 0.0
1.1749999999999998 0.0
1.1849999999999998 0.0
1.1949999999999998 0.0
1.2049999999999998 0.0
1.2149999999999999 0.0
1.2249999999999999 0.0
1.2349999999999999 0.0
1.2449999999999999 0.0
1.255 0.0
1.265 0.0
1.275 0.0
1.285 0.0
1.295 0.0
1.305 0.0
1.315 0.0
1.325 0.0
1.335 0.0
1.345 0.0
1.355 0.0
1.365 0.0
1.375 0.0
1.385 0.0
1.395 0.0
1.405 0.0
1.4149999999999998 0.0
1.4249999999999998 0.0
1.4349999999999998 0.0
1.4449999999999998 0.015359380571318587
1.4549999999999998 0.022799221702403134
1.4649999999999999 0.03350606273156342
1.4749999999999999 0.04875103361208365
1.4849999999999999 0.07022654682995977
1.4949999999999999 0.10015574250588108
1.505 0.14141889881513373
1.515 0.19769518988736512
1.525 0.2736162013670973
1.535 0.37492514755194983
1.545 0.5086328294247727
1.555 0.6831581600935931
1.565 0.9084377804937909
1.575 1.1959862042287348
1.585 1.5588854651953272
1.595 2.011681864171151
1.605 2.5701676250528003
1.615 3.251027566042678
1.625 4.071335671921193
1.635 5.0478939693738045
1.645 6.196416372682814
1.655 7.530572894586269
1.665 9.060924171491994
1.6749999999999998 10.793791638301302
1.6849999999999998 12.730123583017106
1.6949999999999998 14.864430147562024
1.7049999999999998 17.183869440066626
1.7149999999999999 19.66757067164668
1.7249999999999999 22.28627728215892
1.7349999999999999 25.002382505217017
1.7449999999999999 27.770411532716402
1.755 30.53797895244764
1.765 33.247218868006236
1.775 35.8366502788164
1.785 38.243404748739216
1.795 40.40571036051665
1.805 42.2654987365027
1.815 43.77098349376778
1.825 44.87905121638529
1.835 45.557311217310684
1.845 45.78566819008567
1.855 45.557311217310684
1.865 44.87905121638529
1.875 43.77098349376778
1.885 42.2654987365027
1.895 40.40571036051665
1.905 38.243404748739216
1.915 35.8366502788164
1.9249999999999998 33.247218868006236
1.9349999999999998 30.53797895244764
1.9449999999999998 27.770411532716402
1.9549999999999998 25.002382505217017
1.9649999999999999 22.28627728215892
1.9749999999999999 19.66757067164668
1.9849999999999999 17.183869440066626
1.9949999999999999 14.864430147562024
2.005 12.730123583017106
2.015 10.793791638301302
2.025 9.060924171491994
2.035 7.530572894586269
2.045 6.196416372682814
2.0549999999999997 5.0478939693738045
2.065 4.071335671921193
2.0749999999999997 3.251027566042678
2.085 2.5701676250528003
2.0949999999999998 2.011681864171151
2.105 1.5588854651953272
2.1149999999999998 1.1959862042287348
2.125 0.9084377804937909
2.135 0.6831581600935931
2.145 0.5086328294247727
2.155 0.37492514755194983
2.165 0.2736162013670973
2.175 0.19769518988736512
2.185 0.14141889881513373
2.195 0.10015574250588108
2.205 0.07022654682995977
2.215 0.04875103361208365
2.225 0.03350606273156342
2.235 0.022799221702403134
2.245 0.015359380571318587
2.255 0.0
2.265 0.0
2.275 0.0
2.285 0.0
2.295 0.0
2.305 0.0
2.315 0.0
2.3249999999999997 0.0
2.335 0.0
2.3449999999999998 0.006938767372511815
2.355 0.010299796592234381
2.3649999999999998 0.015136728579878352
2.375 0.02202381012912896
2.385 0.031725607003828864
2.395 0.04524644695419778
2.405 0.0638875270001047
2.415 0.08931095410543712
2.425 0.1236090975037054
2.435 0.16937651677344367
2.445 0.22978041757695666
2.455 0.30862413555755
2.465 0.4103966564262443
2.475 0.5402997870482589
2.485 0.7042434786451569
2.495 0.9087991809415916
2.505 1.1611012029941217
2.515 1.4686870930535738
2.525 1.8392702096087852
2.535 2.280441051118714
2.545 2.799298549419197
2.555 3.4020182815739166
2.565 4.0933711300412705
2.5749999999999997 4.876212871851916
2.585 5.750971906434059
2.5949999999999998 6.715168130639647
2.605 7.763000080022172
2.6149999999999998 8.885039148507573
2.625 10.073782052337469
2.635 11.303579772938457
2.645 12.558049960581704
2.655 13.813999795071293
2.665 15.045917304814463
2.675 16.226854786104337
2.685 17.329482201308565
2.695 18.327262066232862
2.705 19.195684307866365
2.715 19.913490338279587
2.725 20.463811218731898
2.735 20.835145937342578
2.745 21.02211264863184
2.755 21.025917842730266
2.765 20.854504939084666
2.775 20.522363431427472
2.785 20.050000868607885
2.795 19.463100953833898
2.805 18.791410267440064
2.815 18.06741218091477
2.8249999999999997 17.32485840253776
2.835 16.59723567406154
2.8449999999999998 15.916247260894973
2.855 15.310386283873823
2.8649999999999998 14.803671186123948
2.875 14.414603481392142
2.885 14.155395255179428
2.895 14.03149954871699
2.905 14.04146153495262
2.915 14.177092970552536
2.925 14.42395734131427
2.935 14.762138887443887
2.945 15.167255732781989
2.955 15.611666077885195
2.965 16.065807303019035
2.975 16.49960133842896
2.985 16.883856263555586
2.995 17.19159419828806
3.005 17.399239414330317
3.015 17.487608275068595
3.025 17.442653881753483
3.035 17.255932623577888
3.045 16.924776353262118
3.055 16.45217153411991
3.065 15.846364158065168
3.075 15.120225199480824
3.085 14.290424620410356
3.0949999999999998 13.37647147372068
3.105 12.39968279036662
3.1149999999999998 11.3821444159991
3.125 10.345722939852878
3.135 9.311179895292854
3.145 8.297428395891075
3.155 7.316331418077344
3.165 6.392395175157257
3.175 5.5295643328845685
3.185 4.735602819554398
3.195 4.015287815761155
3.205 3.3706615473497576
3.215 2.801371251418018
3.225 2.3050653557485052
3.235 1.8778153062134422
3.245 1.514535861460418
3.255 1.2093814492688486
3.265 0.9599941361344008
3.275 0.7541229963278643
3.285 0.5883962050258633
3.295 0.45726119208234567
3.305 0.35573563301533606
3.315 0.27951640870946964
3.325 0.2250500509345762
3.335 0.18957251810134068
3.3449999999999998 0.1711257257289797
3.355 0.16855711867410583
3.3649999999999998 0.1815069190132139
3.375 0.21038572203494688
3.385 0.25634304661536356
3.395 0.32122546953757525
3.405 0.40752126806108074
3.415 0.5182872285144001
3.425 0.6570525994705921
3.435 0.8238843033594664
3.445 1.031769028610969
3.455 1.2792511050444266
3.465 1.570312795823877
3.475 1.908418392990163
3.485 2.296244201924627
3.495 2.7353922179607753
3.505 3.2261027588396276
3.515 3.766984569702298
3.525 4.3547832231649135
3.535 4.984209586788222
3.545 5.647849383029921
3.555 6.336172202228327
3.565 7.037653694055878
3.575 7.739018203979476
3.585 8.425601198162045
3.5949999999999998 9.08182199317343
3.605 9.691748297865862
3.6149999999999998 10.239725703907373
3.625 10.71103836411051
3.635 11.092562431581719
3.645 11.37337198646196
3.655 11.54525849219197
3.665 11.603129341211257
3.675 11.54525849219197
3.685 11.37337198646196
3.695 11.092562431581719
3.705 10.71103836411051
3.715 10.239725703907373
3.725 9.691748297865862
3.735 9.08182199317343
3.745 8.425601198162045
3.755 7.739018203979476
3.765 7.037653694055878
3.775 6.336172202228327
3.785 5.647849383029921
3.795 4.984209586788222
3.805 4.3547832231649135
3.815 3.766984569702298
3.825 3.2261027588396276
3.835 2.7353922179607753
3.8449999999999998 2.296244201924627
3.855 1.908418392990163
3.8649999999999998 1.570312795823877
3.875 1.2792511050444266
3.885 1.031769028610969
3.895 0.8238843033594664
3.905 0.6513389137026723
3.915 0.5098059236886101
3.925 0.39505702102459184
3.935 0.30309009710980356
3.945 0.23021878859015538
3.955 0.17312781063193727
3.965 0.1288991236842936
3.975 0.09774611988269057
3.985 0.07339525534702868
3.995 0.05605928473955483
4.005 0.044508808916106785
4.015 0.03787106298261903
4.025 0.035609031129947476
4.035 0.037505023546190695
4.045 0.04364996243399202
4.055 0.05443864844934105
4.065 0.07057034052505069
4.075 0.09045693920557965
4.085 0.12149509937309609
4.095 0.16155956974918828
4.1049999999999995 0.2126981293932214
4.115 0.2772373303412404
4.125 0.35776413467862983
4.135 0.457087083565721
4.145 0.5781734600768245
4.155 0.7240597579534573
4.165 0.897734105012961
4.175 1.1019911155756954
4.185 1.3392619097732172
4.195 1.6114246259997684
4.205 1.9196034890782083
4.215 2.2639671456732153
4.225 2.645983501411115
4.235 3.0596641829911864
4.245 3.503077648701007
4.255 3.971223098772881
4.265 4.457681746715688
4.275 4.954719985768401
4.285 5.4534797792900545
4.295 5.944255556873864
4.305 6.416850389629469
4.315 6.860997503391254
4.325 7.26682685200146
4.335 7.625351121216779
4.345 7.928941733538167
4.355 8.171763637851994
4.365 8.350138198398106
4.375 8.4628064489332
4.385 8.51107023476731
4.395 8.498795997669621
4.405 8.432274649612756
4.415 8.319940475092103
4.425 8.171961565514811
4.435 7.999723181725411
4.445 7.8152329795436755
4.455 7.630482652235722
4.465 7.456803837102638
4.475 7.304256880450948
4.485 7.181089228651365
4.495 7.093295969072496
4.505 7.044308701076295
4.515 7.03483092185334
4.525 7.0628290067324535
4.535 7.123678247577649
4.545 7.210453904945246
4.555 7.314348433964209
4.565 7.4251885168179355
4.575 7.532019753852667
4.585 7.6237232006615825
4.595 7.689626626578525
4.605 7.7200744935021035
4.615 7.706924128788226
4.625 7.643941139317571
4.635 7.527074375563745
4.645 7.356653373684854
4.655 7.130175676509089
4.665 6.851965399054153
4.675 6.527005690876897
4.685 6.161996845988349
4.695 5.76497975274643
4.705 5.344922979297355
4.715 4.911301868708984
4.725 4.473696046381239
4.735 4.041427894857524
4.745 3.6232592601255678
4.755 3.2271574507653447
4.765 2.8601350536482806
4.775 2.530114084262414
4.785 2.2372170926402832
4.795 1.9909950600341353
4.805 1.7918637325692335
4.815 1.6421188010684449
4.825 1.5433203999336549
4.835 1.4964012063240266
4.845 1.5017551003039071
4.855 1.559298403786748
4.865 1.6684997194952562
4.875 1.828378528226665
4.885 2.0374766025674873
4.895 2.2938096174504787
4.905 2.5948087964460447
4.915 2.9372638166108973
4.925 3.317278386090644
4.935 3.7302488948928834
4.945 4.170874418881949
4.955 4.6332033368579975
4.965 5.110718202204011
4.975 5.59645666616005
4.985 6.0831625873380855
4.995 6.563458383098425
5.005 7.030027531814105
5.015 7.475795173314186
5.025 7.894095098217443
5.035 8.277182780607964
5.045 8.623422296524026
5.055 8.925739749315841
5.065 9.183767131391596
5.075 9.389105362389081
5.085 9.541977860086394
5.095 9.641085282460104
5.105 9.685924760249122
5.115 9.67677822373366
5.125 9.614712098247946
5.135 9.501592320438636
5.145 9.340114863049113
5.155 9.133848005276542
5.165 8.88727894322049
5.175 8.60585445093938
5.185 8.296003527820872
5.195 7.965129514608608
5.205 7.621560084922667
5.215 7.27444572699077
5.225 6.933600600882777
5.235 6.609283681491586
5.245 6.311922525704514
5.255 6.0517864827539825
5.265 5.838620383287134
5.275 5.6812534346933905
5.285 5.5872010196631
5.295 5.5622792005408135
5.305 5.6102528753785545
5.315 5.732538641249954
5.325 5.927982440052483
5.335 6.1943195940459885
5.345 6.5225640404006775
5.355 6.904669861575126
5.365 7.329156037042902
5.375 7.782515217036309
5.385 8.249676387661069
5.395 8.714565922551541
5.405 9.160744192002856
5.415 9.572088630464913
5.425 9.933489271132087
5.435 10.231519778743966
5.445 10.455046372532289
5.455 10.59436886825907
5.465 10.647548779391867
5.475 10.610869694409313
5.485 10.486126643892518
5.495 10.278464725469458
5.505 9.996103155956762
5.515 9.649906817247777
5.525 9.252830761264573
5.535 8.819270475999021
5.545 8.364355687436879
5.555 7.903227792272681
5.565 7.45034063455644
5.575 7.020285940648756
5.585 6.620795356180105
5.595 6.264931425756275
5.605 5.957275527255344
5.615 5.701630161776782
5.625 5.499072662428704
5.635 5.348098500146699
5.645 5.244888184238385
5.655 5.183678235309319
5.665 5.157212196009292
5.675 5.157244543152033
5.685 5.176480751434318
5.695 5.204136259061751
5.705 5.233147603466979
5.715 5.256524859314439
5.725 5.2686549273057794
5.735 5.265568298612402
5.745 5.245099887703533
5.755 5.206938759524325
5.765 5.152567817118964
5.775 5.0851006198172595
5.785 5.009028112530342
5.795 4.929892821471412
5.805 4.853911712359375
5.815 4.787571185987922
5.825 4.73721846736599
5.835 4.708672899201238
5.845 4.706878459835432
5.855 4.735615376509968
5.865 4.797284273692739
5.875 4.890436006859492
5.885 5.019854725768159
5.895 5.17993853990782
5.905 5.367125241813506
5.915 5.576569697545262
5.925 5.802371027379902
5.935 6.0378334987963544
5.945 6.275745723623279
5.955 6.508663342814774
5.965 6.729181934588016
5.975 6.930189156499743
5.985 7.105087843082675
5.995 7.247984625701872
6.005 7.3538413360113815
6.015 7.4185887634223615
6.025 7.4392040983925485
6.035 7.413754533260369
6.045 7.341410027800766
6.055 7.222428276044748
6.065 7.05811459340716
6.075 6.850758970474015
6.085 6.603552103980608
6.095 6.320481978265109
6.105 6.006212638330526
6.115 5.66594720479472
6.125 5.305277893981032
6.135 4.930026720641768
6.1450000000000005 4.545021270099378
6.155 4.158532704049083
6.165 3.774559849510572
6.175 3.398279660267728
6.185 3.034337333420374
6.195 2.6867492407358013
6.205 2.358833030591807
6.215 2.0531672863314787
6.225 1.77158132573543
6.235 1.5151739119065082
6.245 1.2843579851856688
6.255 1.0789271614397014
6.265 0.8981387772295517
6.275 0.7408077516129702
6.285 0.6054054820567928
6.295 0.49015835693142346
6.305 0.3931411722044818
6.315 0.31236168497051237
6.325 0.24583361173642548
6.335 0.19163647887131874
6.345 0.14796176432236308
6.355 0.11314566282610312
6.365 0.0868319512681139
6.375 0.0659652606579111
6.385 0.04925245342892864
6.3950000000000005 0.03809419974986562
6.405 0.03037789646269107
6.415 0.025624375859359755
6.425 0.023519881723972947
6.435 0.02391227560631082
6.445 0.02680781801393136
6.455 0.03236889785400451
6.465 0.04091260038153292
6.475 0.05290953820968236
6.485 0.06898194292005284
6.495 0.08895785313162706
6.505 0.11595042131050548
6.515 0.14962956862524937
6.525 0.19116992596127183
6.535 0.24181251566643042
6.545 0.3028273064285719
6.555 0.37546403860165195
6.565 0.4619692861391203
6.575 0.5617263472913921
6.585 0.6763056852061827
6.595 0.8062666855129518
6.605 0.9517986387772208
6.615 1.1126492052689
6.625 1.2880653099086024
6.635 1.477830511870554
6.6450000000000005 1.6784602149572003
6.655 1.8883451761744603
6.665 2.10468410722368
6.675 2.324290075392441
6.685 2.5437122478479095
6.695 2.7593877298087097
6.705 2.9678164800056304
6.715 3.1657495949373904
6.725 3.35037907102766
6.735 3.5195157414684233
6.745 3.6717416526826305
6.755 3.8065238269115325
6.765 3.9242781873877033
6.775 4.026375326963432
6.785 4.115083597777672
6.795 4.193449410912316
6.805 4.265119311578118
6.815 4.334112948236754
6.825 4.404560092006008
6.835 4.4815604661543595
6.845 4.566883484606834
6.855 4.664139554170555
6.865 4.775248806992502
6.875 4.901031866869197
6.885 5.041104862743186
6.8950000000000005 5.19384922457327
6.905 5.356459832821878
6.915 5.5250698306569745
6.925 5.694945251484983
6.935 5.860737927271785
6.945 6.0167812441132416
6.955 6.1574104540724
6.965 6.277287610460262
6.975 6.3717108552962465
6.985 6.436888753714857
6.995 6.470162559935398
