0.005 0.0
0.015 0.0
0.025 0.0
0.034999999999999996 0.0
0.045 0.0
0.055 0.0
0.065 0.0
0.07500000000000001 0.0
0.085 0.0
0.095 0.0
0.10500000000000001 0.0
0.115 0.0
0.125 0.0
0.135 0.0
0.14500000000000002 0.0
0.155 0.0
0.165 0.0
0.17500000000000002 0.0
0.185 0.0
0.195 0.0
0.20500000000000002 0.0
0.215 0.0
0.225 0.0
0.23500000000000001 0.0
0.245 0.0
0.255 0.0
0.265 0.0
0.275 0.0
0.28500000000000003 0.0
0.295 0.0
0.305 0.0
0.315 0.0
0.325 0.0
0.335 0.0
0.34500000000000003 0.0
0.35500000000000004 0.0
0.365 0.0
0.375 0.0
0.385 0.0
0.395 0.0
0.405 0.0
0.41500000000000004 0.0
0.425 0.0
0.435 0.0
0.445 0.0
0.455 0.0
0.465 0.0
0.47500000000000003 0.0
0.485 0.0
0.495 0.0
0.505 0.0
0.515 0.0
0.525 0.0
0.535 0.0
0.545 0.0
0.555 0.0
0.5650000000000001 0.0
0.5750000000000001 0.0
0.585 0.0
0.595 0.0
0.605 0.0
0.615 0.0
0.625 0.0
0.635 0.0
0.645 0.0
0.655 0.0
0.665 0.0
0.675 0.0
0.685 0.0
0.6950000000000001 0.0
0.7050000000000001 0.0
0.715 0.0
0.725 0.0
0.735 0.0
0.745 0.0
0.755 0.0
0.765 0.0
0.775 0.0
0.785 0.0
0.795 0.0
0.805 0.0
0.8150000000000001 0.0
0.8250000000000001 0.0
0.8350000000000001 0.0
0.845 0.0
0.855 0.0
0.865 0.0
0.875 0.0
0.885 0.0
0.895 0.0
0.905 0.0
0.915 0.0
0.925 0.0
0.935 0.0
0.9450000000000001 0.0
0.9550000000000001 0.0
0.965 0.0
0.975 0.0
0.985 0.0
0.995 0.0
1.005 0.0
1.015 0.0
1.025 0.0
1.035 0.0
1.045 0.0
1.055 0.0
1.065 0.0
1.075 0.0
1.085 0.0
1.095 0.0
1.105 0.0
1.115 0.0
1.125 0.0
1.135 0.0
1.145 0.0
1.155 0.0
1.1649999999999998 0.0
1.1749999999999998 0.0
1.1849999999999998 0.0
1.1949999999999998 0.0
1.2049999999999998 0.0
1.2149999999999999 0.0
1.2249999999999999 0.0
1.2349999999999999 0.0
1.2449999999999999 0.0
1.255 0.0
1.265 0.0
1.275 0.0
1.285 0.0
1.295 0.0
1.305 0.0
1.315 0.0
1.325 0.0
1.335 0.0
1.345 0.0
1.355 0.0
1.365 0.0
1.375 0.0
1.385 0.0
1.395 0.0
1.405 0.0
1.4149999999999998 0.0
1.4249999999999998 0.0
1.4349999999999998 0.0
1.4449999999999998 0.0
1.4549999999999998 0.0
1.4649999999999999 0.0
1.4749999999999999 0.014871813550177212
1.4849999999999999 0.022075484924206475
1.4949999999999999 0.03244244879737193
1.505 0.047203484469366744
1.515 0.06799728061157677
1.525 0.09697640615198001
1.535 0.1369297079321925
1.545 0.19141956865512905
1.555 0.26493054925911513
1.565 0.36302355187925395
1.575 0.4924868271595228
1.585 0.6614720388637275
1.595 0.8796003999450768
1.605 1.1580209081535218
1.615 1.5094003222862977
1.625 1.9478231864436382
1.635 2.4885804173550476
1.645 3.1478271916093594
1.655 3.9420954986988415
1.665 4.887654003038118
1.6749999999999998 5.999717797596902
1.6849999999999998 7.291522955257485
1.6949999999999998 8.773294876380195
1.7049999999999998 10.451154328712493
1.7149999999999999 12.32601949787428
1.7249999999999999 14.392574795429898
1.7349999999999999 16.63838598155914
1.7449999999999999 19.043244788129684
1.755 21.578823373042056
1.765 24.20870875627238
1.775 26.888869678602802
1.785 29.568583646407337
1.795 32.19182165394284
1.805 34.69905434888967
1.815 37.029408986015184
1.825 39.12307453115475
1.835 40.92382592487303
1.845 42.38152068728348
1.855 43.45441399149064
1.865 44.12133467678725
1.875 44.347379216714955
1.885 44.13337543730423
1.895 43.48676147603325
1.905 42.42811769189551
1.915 40.99028167139816
1.9249999999999998 39.21690937535222
1.9349999999999998 37.160584504259894
1.9449999999999998 34.880605286142746
1.9549999999999998 32.440593516126846
1.9649999999999999 29.906073774690576
1.9749999999999999 27.342161565696433
1.9849999999999999 24.811479095385018
1.9949999999999999 22.3723890143842
2.005 20.077602826368466
2.015 17.973185332147658
2.025 16.09794289459383
2.035 14.483154560424083
2.045 13.15258356943757
2.0549999999999997 12.122694059305177
2.065 11.402994404865089
2.0749999999999997 10.996434220943883
2.085 10.899795343698107
2.0949999999999998 11.104036124498805
2.105 11.594570682297388
2.1149999999999998 12.351487699669818
2.125 13.349734282684148
2.135 14.559306983836981
2.145 15.945502454356149
2.155 17.469283155215017
2.165 19.087808697577124
2.175 20.755171101448436
2.185 22.423353738418854
2.195 24.043410820611953
2.205 25.566839376370798
2.215 26.94709134922482
2.225 28.14115241160008
2.235 29.111098668899125
2.245 29.825534484804614
2.255 30.260815289688953
2.265 30.401968675226506
2.275 30.243244654441757
2.285 29.778331000335246
2.295 29.043101388287546
2.305 28.044176005448097
2.315 26.810161641292627
2.3249999999999997 25.37541980771567
2.335 23.778480271352837
2.3449999999999998 22.0603301865396
2.355 20.26268427428891
2.3649999999999998 18.426336658713396
2.375 16.58968275526994
2.385 14.787481546202628
2.395 13.049906661550683
2.405 11.401911096240509
2.415 9.86290728231477
2.425 8.446743490688029
2.435 7.161940625799963
2.445 6.01214134065999
2.455 4.99671642334698
2.465 4.1114714496076035
2.475 3.3493991829249823
2.485 2.7014292407250777
2.495 2.157135062549804
2.505 1.705368099163934
2.515 1.3347993505885194
2.525 1.0343580382387805
2.535 0.793565641342146
2.545 0.6027703391126378
2.555 0.4532918870936316
2.565 0.3374901282832393
2.5749999999999997 0.2487718621840048
2.585 0.1815509372530817
2.5949999999999998 0.131175518244707
2.605 0.09383484419747401
2.6149999999999998 0.066455746525131
2.625 0.0465970046120222
2.635 0.03234748454261157
2.645 0.022232079321993628
2.655 0.01512783251880141
2.665 0.010191318805016437
2.675 0.0
2.685 0.0
2.695 0.0
2.705 0.0
2.715 0.0
2.725 0.0
2.735 0.0
2.745 0.0
2.755 0.0
2.765 0.0052193895963411506
2.775 0.007747579403065891
2.785 0.011385953647248074
2.795 0.01656646480398674
2.805 0.023864224615653858
2.815 0.03403469547627344
2.8249999999999997 0.04805664693145656
2.835 0.06718032752386047
2.8449999999999998 0.09297963210004707
2.855 0.12740620661444563
2.8649999999999998 0.1728424454313338
2.875 0.2321492443586189
2.885 0.30870325000518467
2.895 0.40641729806315385
2.905 0.5297368953876649
2.915 0.6836051326581385
2.925 0.8733884873002916
2.935 1.1047567560964948
2.945 1.3835119815260755
2.955 1.7153637898901946
2.965 2.105652047620444
2.975 2.559022067197723
2.985 3.079062539945995
2.995 3.667921601423504
3.005 4.325921496691746
3.015 5.0511966747279144
3.025 5.839383233191718
3.035 6.683388908312231
3.045 7.577677237193803
3.055 8.502791828279145
3.065 9.446488100925594
3.075 10.39132915430909
3.085 11.318136555812389
3.0949999999999998 12.206655621650771
3.105 13.036348675631759
3.1149999999999998 13.78727980040283
3.125 14.441044781179366
3.135 14.981692977714273
3.145 15.396584551496137
3.155 15.677127317173301
3.165 15.819342597843363
3.175 15.824218558617751
3.185 15.697821907355495
3.195 15.451153609096234
3.205 15.099750177294423
3.215 14.663047915831523
3.225 14.167520770357918
3.235 13.631690304162076
3.245 13.083952664516131
3.255 12.54992182502635
3.265 12.05395757297709
3.275 11.618112798785612
3.285 11.261207110563964
3.295 10.998072108894398
3.305 10.839003675553846
3.315 10.789445229668864
3.325 10.849913682460748
3.335 11.016167312929973
3.3449999999999998 11.279602469735956
3.355 11.627854322539656
3.3649999999999998 12.045566278142283
3.375 12.515283603010957
3.385 13.018419744900658
3.395 13.536239328540221
3.405 14.050800293943466
3.415 14.545799540210774
3.425 15.007271953133424
3.435 15.424101805451757
3.445 15.788317890665725
3.455 16.0951587140827
3.465 16.342910623160055
3.475 16.532538653817078
3.485 16.667145681782777
3.495 16.75130876048528
3.505 16.7903510007377
3.515 16.789611998886183
3.525 16.753779072919436
3.535 16.686335360543595
3.545 16.589169657679275
3.555 16.462377733709534
3.565 16.304267174340524
3.575 16.10807805766218
3.585 15.877465082957025
3.5949999999999998 15.602185261316613
3.605 15.277056456016329
3.6149999999999998 14.897371336282518
3.625 14.459498907423711
3.635 13.961402834545604
3.645 13.4030343236593
3.655 12.789749645774943
3.665 12.121199409798947
3.675 11.406360701395682
3.685 10.65409252440931
3.695 9.874890420389487
3.705 9.080430812695187
3.715 8.28306623171058
3.725 7.495312545240349
3.735 6.729366295975258
3.745 5.996684058198307
3.755 5.3076472261225565
3.765 4.67132583373621
3.775 4.09534490407146
3.785 3.585847381360838
3.795 3.1475397024063287
3.805 2.7838000927885598
3.815 2.496826072776541
3.825 2.287796535913475
3.835 2.157025016442915
3.8449999999999998 2.104084109074706
3.855 2.124947707953807
3.8649999999999998 2.2247702184539695
3.875 2.396909513089
3.885 2.6383521124446814
3.895 2.945203412668534
3.905 3.312558738106808
3.915 3.734370709619236
3.925 4.203335867917287
3.935 4.710823475277513
3.945 5.249636711065619
3.955 5.804347901083842
3.965 6.364641487558267
3.975 6.917567483639816
3.985 7.4497501835563895
3.995 7.947829300239965
4.005 8.398960263949219
4.015 8.791346741025544
4.025 9.114773753798628
4.035 9.35845368473754
4.045 9.522975440985315
4.055 9.601718098722282
4.065 9.595063315202243
4.075 9.506497239525627
4.085 9.342538788080764
4.095 9.112516282840222
4.1049999999999995 8.828202512291512
4.115 8.503326682287135
4.125 8.152988665611009
4.135 7.7930060049321215
4.145 7.439227049085464
4.155 7.106844389287409
4.165 6.809741574435213
4.175 6.55990322444881
4.185 6.366914508164466
4.195 6.240047167689025
4.205 6.1792893398810325
4.215 6.187002038266339
4.225 6.260773541567932
4.235 6.395232426041443
4.245 6.582341341139714
4.255 6.8118104987677
4.265 7.071613138323087
4.275 7.348580515066709
4.285 7.62904980929262
4.295 7.899535013247194
4.305 8.14738861259843
4.315 8.361421039792434
4.325 8.532445700682901
4.335 8.653720039224881
4.345 8.723579828183167
4.355 8.737439794200574
4.365 8.698852151025434
4.375 8.612642226147134
4.385 8.486163652768935
4.395 8.328870682614708
4.405 8.151781330146173
4.415 7.966862955954287
4.425 7.786376628886919
4.435 7.622218969396213
4.445 7.485299982766
4.455 7.384992643935949
4.465 7.326564103398606
4.475 7.32005710140062
4.485 7.3649875781852465
4.495 7.461498449165315
4.505 7.607294844665304
4.515 7.797885603395625
4.525 8.026929942247127
4.535 8.286661429966074
4.545 8.568357087299447
4.555 8.86281764828144
4.565 9.160825889922618
4.575 9.453553403703877
4.585 9.732891956572892
4.595 9.991693178295854
4.605 10.223909046471915
4.615 10.424634727333151
4.625 10.59006392456747
4.635 10.719436554805052
4.645 10.807626186944074
4.655 10.854772194929936
4.665 10.860140421282393
4.675 10.823357693962649
4.685 10.744317676621886
4.695 10.625158893395895
4.705 10.463209292824397
4.715 10.260654444215728
4.725 10.018844573586215
4.735 9.739803715396967
4.745 9.426403232416398
4.755 9.080673120196185
4.765 8.711939434082954
4.775 8.323719972353945
4.785 7.923465293555731
4.795 7.519714368620665
4.805 7.121938478981204
4.815 6.740308655301607
4.825 6.385396734248003
4.835 6.067824351818873
4.845 5.797877099217731
4.855 5.585102612391477
4.865 5.437911670267368
4.875 5.363200664674607
4.885 5.366012351110802
4.895 5.449249862000489
4.905 5.613456779390829
4.915 5.856673757918053
4.925 6.174379807338461
4.935 6.559523854127608
4.945 7.002649519672948
4.955 7.492113081705842
4.965 8.014391257760483
4.975 8.554471761840936
4.985 9.096315625815665
4.995 9.623376232421052
5.005 10.117504546091949
5.015 10.566688950723755
5.025 10.953842621652587
5.035 11.26604540086414
5.045 11.49254166980808
5.055 11.625129086215317
5.065 11.658442295688573
5.075 11.59011709052554
5.085 11.420826783451714
5.095 11.15418962028508
5.105 10.796553350172957
5.115 10.35667004356152
5.125 9.846993137862565
5.135 9.277173609634605
5.145 8.663390623606595
5.155 8.015342254222778
5.165 7.351695912814442
5.175 6.683667918688453
5.185 6.023939251413518
5.195 5.38403080189964
5.205 4.774090289424007
5.215 4.202771987327014
5.225 3.6772062894875286
5.235 3.2030504608379693
5.245 2.784607160960263
5.255 2.424993752221992
5.265 2.1279723190993485
5.275 1.8924343577563287
5.285 1.7203588484675731
5.295 1.6122823572796623
5.305 1.56853143299226
5.315 1.589316972308464
5.325 1.674769915515765
5.335 1.8249157031450818
5.345 2.0395898000870587
5.355 2.318301394215432
5.365 2.6600568248052547
5.375 3.06315810516338
5.385 3.524994788603668
5.395 4.041849122139473
5.405 4.608734718812332
5.415 5.219287714018869
5.425 5.865726516137229
5.435 6.538891910932067
5.445 7.226998113201491
5.455 7.9218150124451014
5.465 8.609152221283786
5.475 9.276473150405945
5.485 9.91124038474595
5.495 10.501344025550631
5.505 11.03418120441373
5.515 11.50287686525607
5.525 11.897040740090869
5.535 12.211597856368476
5.545 12.439730052504494
5.555 12.5800162858919
5.565 12.632121925891916
5.575 12.59768650520685
5.585 12.480147918740073
5.595 12.284511764733235
5.605 12.01708686886523
5.615 11.685208167724475
5.625 11.29696616415982
5.635 10.860958454622699
5.645 10.386073903767493
5.655 9.881314550885797
5.665 9.355654948275523
5.675 8.817933967241686
5.685 8.27677064794575
5.695 7.7404937214707
5.705 7.219879704324202
5.715 6.718215438279028
5.725 6.244563886330138
5.735 5.805552501435361
5.745 5.407139399711012
5.755 5.054498213649005
5.765 4.751900191577301
5.775 4.5026031911728905
5.785 4.308758480261933
5.795 4.171346306013508
5.805 4.090150010575573
5.815 4.063776152012624
5.825 4.089724823257634
5.835 4.164510415516698
5.845 4.2838287724343616
5.855 4.4427623935432
5.865 4.6360114547255735
5.875 4.858135298223548
5.885 5.1037870497006645
5.895 5.367923424368874
5.905 5.645972770201806
5.915 5.933947018355239
5.925 6.228487373305662
5.935 6.52569663275905
5.945 6.826002079695613
5.955 7.124720243266353
5.965 7.422803248211612
5.975 7.716814526066829
5.985 8.004683402854907
5.995 8.28380143004752
6.005 8.550864491887818
6.015 8.801781972792405
6.025 9.031669160426572
6.035 9.23493165278999
6.045 9.405441956629172
6.055 9.536799539086084
6.065 9.622657221698216
6.075 9.656003228718093
6.085 9.634258827969743
6.095 9.551895172148644
6.105 9.406482604341356
6.115 9.197307551027635
6.125 8.925522478343867
6.135 8.594187173394202
6.1450000000000005 8.208197671560692
6.155 7.775324983103578
6.165 7.3016658131747905
6.175 6.797089644077554
6.185 6.271330655665579
6.195 5.73439430573478
6.205 5.196160922836091
6.215 4.6660229518507785
6.225 4.153767777704528
6.235 3.665150727122149
6.245 3.207403514274358
6.255 2.786891169679726
6.265 2.4057575327337344
6.275 2.0676127507984687
6.285 1.7754152657790205
6.295 1.5283149398197973
6.305 1.3274132970354608
6.315 1.1725811766079075
6.325 1.0634352526579853
6.335 0.9995132328723975
6.345 0.9794275111045232
6.355 1.0052659618909918
6.365 1.0755940038269984
6.375 1.1906929725945026
6.385 1.3521861180136434
6.3950000000000005 1.5589784361791217
6.405 1.8125580008038429
6.415 2.1135803467745866
6.425 2.462476937900427
6.435 2.8592942778369657
6.445 3.3035303253935755
6.455 3.7939774180967616
6.465 4.3285806370931565
6.475 4.904319987087378
6.485 5.5171239304117154
6.495 6.161820714908668
6.505 6.832132580536333
6.515 7.518845059531692
6.525 8.218016256282402
6.535 8.917770929076173
6.545 9.608354188885269
6.555 10.279554535691112
6.565 10.920964161786303
6.575 11.522262075679896
6.585 12.073509312742882
6.595 12.565444034488017
6.605 12.989763441920637
6.615 13.33937928261341
6.625 13.608634418701545
6.635 13.793469486131073
6.6450000000000005 13.891531079907855
6.655 13.902216026133797
6.665 13.82664994572836
6.675 13.667602202554695
6.685 13.429343139393147
6.695 13.117452904920128
6.705 12.73859385479686
6.715 12.3002602244543
6.725 11.81051936948083
6.735 11.277758316886132
6.745 10.710447754329355
6.755 10.116933104501356
6.765 9.505259275760814
6.775 8.883032386692374
6.785 8.257318578939902
6.795 7.634577272656003
6.805 7.0206241242296885
6.815 6.421753372408775
6.825 5.840748967113727
6.835 5.282304990576874
6.845 4.7497649169991245
6.855 4.245908992835696
6.865 3.7729853324931213
6.875 3.3327414793914922
6.885 2.926456823226241
6.8950000000000005 2.554976979088902
6.905 2.2187514667321366
6.915 1.9190457313845173
6.925 1.6538750130887325
6.935 1.4236240985875668
6.945 1.228901569689797
6.955 1.0672316598531884
6.965 0.9379216361803611
6.975 0.8434188716150338
6.985 0.7801764629307314
6.995 0.7486455896885873
