0.005 0.0
0.015 0.0
0.025 0.0
0.034999999999999996 0.0
0.045 0.0
0.055 0.0
0.065 0.0
0.07500000000000001 0.0
0.085 0.0
0.095 0.0
0.10500000000000001 0.0
0.115 0.0
0.125 0.0
0.135 0.0
0.14500000000000002 0.0
0.155 0.0
0.165 0.0
0.17500000000000002 0.0
0.185 0.0
0.195 0.0
0.20500000000000002 0.0
0.215 0.0
0.225 0.0
0.23500000000000001 0.0
0.245 0.0
0.255 0.0
0.265 0.0
0.275 0.0
0.28500000000000003 0.0
0.295 0.0
0.305 0.0
0.315 0.0
0.325 0.0
0.335 0.0
0.34500000000000003 0.0
0.35500000000000004 0.0
0.365 0.0
0.375 0.0
0.385 0.0
0.395 0.0
0.405 0.0
0.41500000000000004 0.0
0.425 0.0
0.435 0.0
0.445 0.0
0.455 0.0
0.465 0.0
0.47500000000000003 0.0
0.485 0.0
0.495 0.0
0.505 0.0
0.515 0.0
0.525 0.0
0.535 0.0
0.545 0.0
0.555 0.0
0.5650000000000001 0.0
0.5750000000000001 0.0
0.585 0.0
0.595 0.0
0.605 0.0
0.615 0.0
0.625 0.0
0.635 0.0
0.645 0.0
0.655 0.0
0.665 0.0
0.675 0.0
0.685 0.0
0.6950000000000001 0.0
0.7050000000000001 0.0
0.715 0.0
0.725 0.0
0.735 0.0
0.745 0.0
0.755 0.0
0.765 0.0
0.775 0.0
0.785 0.0
0.795 0.0
0.805 0.0
0.8150000000000001 0.0
0.8250000000000001 0.0
0.8350000000000001 0.0
0.845 0.0
0.855 0.0
0.865 0.0
0.875 0.0
0.885 0.0
0.895 0.0
0.905 0.0
0.915 0.0
0.925 0.0
0.935 0.0
0.9450000000000001 0.0
0.9550000000000001 0.0
0.965 0.0
0.975 0.0
0.985 0.0
0.995 0.0
1.005 0.0
1.015 0.0
1.025 0.0
1.035 0.0
1.045 0.0
1.055 0.0
1.065 0.0
1.075 0.0
1.085 0.0
1.095 0.0
1.105 0.0
1.115 0.0
1.125 0.0
1.135 0.0
1.145 0.0
1.155 0.0
1.1649999999999998 0.0
1.1749999999999998 0.0
1.1849999999999998 0.0
1.1949999999999998 0.0
1.2049999999999998 0.0
1.2149999999999999 0.0
1.2249999999999999 0.0
1.2349999999999999 0.0
1.2449999999999999 0.0
1.255 0.0
1.265 0.0
1.275 0.0
1.285 0.0
1.295 0.0
1.305 0.0
1.315 0.0
1.325 0.0
1.335 0.0
1.345 0.0
1.355 0.0
1.365 0.0
1.375 0.0
1.385 0.0
1.395 0.0
1.405 0.0
1.4149999999999998 0.0
1.4249999999999998 0.0
1.4349999999999998 0.0
1.4449999999999998 0.0
1.4549999999999998 0.0
1.4649999999999999 0.0
1.4749999999999999 0.0
1.4849999999999999 0.0
1.4949999999999999 0.0
1.505 0.0
1.515 0.0
1.525 0.0
1.535 0.0
1.545 0.0
1.555 0.0
1.565 0.013540710682455789
1.575 0.020099616870871303
1.585 0.02953868480891253
1.595 0.042978532796080805
1.605 0.061911178542454905
1.615 0.08829652512101592
1.625 0.12467380341255667
1.635 0.17428654476969957
1.645 0.24121791914336052
1.655 0.33053109967586186
1.665 0.44840675409141645
1.6749999999999998 0.6022669308331369
1.6849999999999998 0.8128986190779083
1.6949999999999998 1.0722247289976918
1.7049999999999998 1.4005377254715825
1.7149999999999999 1.8116568528536887
1.7249999999999999 2.320829630372007
1.7349999999999999 2.9445060594714527
1.7449999999999999 3.6999937895468347
1.755 4.604986276878114
1.765 5.676963477295734
1.775 6.932473902392819
1.785 8.386317425732033
1.795 10.050659273996999
1.805 11.93411618240503
1.815 14.040864595175984
1.825 16.36982688295424
1.835 18.913993774469454
1.845 21.65993876829228
1.855 24.587572818053953
1.865 27.670175203709427
1.875 30.874719917730047
1.885 34.16249737079889
1.895 37.490010480563356
1.905 40.81010426355615
1.915 44.07327097814902
1.9249999999999998 47.229060535519395
1.9349999999999998 50.227519714637715
1.9449999999999998 53.020584419340366
1.9549999999999998 55.56335672528945
1.9649999999999999 57.81521187269034
1.9749999999999999 59.74069801711528
1.9849999999999999 61.310211270467974
1.9949999999999999 62.50044791804492
2.005 63.294652349457905
2.015 63.682691277865274
2.025 63.6609910270082
2.035 63.232374690431286
2.045 62.40583037244535
2.0549999999999997 61.196231877986136
2.065 59.62402109125709
2.0749999999999997 57.71484911448179
2.085 55.49916320377089
2.0949999999999998 53.01172041418708
2.105 50.29100776180716
2.1149999999999998 47.37855291959003
2.125 44.31811843585874
2.135 41.1547849114483
2.145 37.93394268296376
2.155 34.70022528549419
2.165 31.49642932852621
2.175 28.362472786431944
2.185 25.334446021745777
2.195 22.443806758267442
2.205 19.716762040583678
2.215 17.173867916256253
2.225 14.82986257159494
2.235 12.693732598215213
2.245 10.768996636345543
2.255 9.054177309809727
2.265 7.543422260635448
2.275 6.23453555004896
2.285 5.104071125616375
2.295 4.142900568644024
2.305 3.3358613095153684
2.315 2.667370746447565
2.3249999999999997 2.122086361236862
2.335 1.6854695932256276
2.3449999999999998 1.3442459861987943
2.355 1.086760976644535
2.3649999999999998 0.9032358182099784
2.375 0.7768999964112657
2.385 0.7232647588614427
2.395 0.7257356599561715
2.405 0.7831980136637964
2.415 0.8963854252079579
2.425 1.0677206357405444
2.435 1.3010895326996603
2.445 1.6015483939271438
2.455 1.9749641921966483
2.465 2.427589087785978
2.475 2.965573188921657
2.485 3.5944241704381574
2.495 4.310406427182867
2.505 5.134755348443183
2.515 6.0558951242204
2.525 7.071214153413659
2.535 8.17460337118548
2.545 9.356134255804044
2.555 10.601889058649896
2.565 11.893977722983877
2.5749999999999997 13.210767256252584
2.585 14.527337196348123
2.5949999999999998 15.816159939346669
2.605 17.04798812647821
2.6149999999999998 18.19291437676579
2.625 19.221552938366763
2.635 20.106279884241893
2.645 20.822459718762314
2.655 21.349582796157843
2.665 21.67224042047482
2.675 21.780872977652404
2.685 21.67224042047482
2.695 21.349582796157843
2.705 20.822459718762314
2.715 20.106279884241893
2.725 19.221552938366763
2.735 18.19291437676579
2.745 17.04798812647821
2.755 15.816159939346669
2.765 14.527337196348123
2.775 13.210767256252584
2.785 11.893977722983877
2.795 10.601889058649896
2.805 9.356134255804044
2.815 8.17460337118548
2.8249999999999997 7.071214153413659
2.835 6.0558951242204
2.8449999999999998 5.134755348443183
2.855 4.310406427182867
2.8649999999999998 3.582397246775417
2.875 2.947720613571272
2.885 2.401352687376445
2.895 1.9367904548502923
2.905 1.5465585905363093
2.915 1.2226641389209099
2.925 0.9569847702789821
2.935 0.7415832867866783
2.945 0.5689471100253909
2.955 0.43215636436469596
2.965 0.32498774609709224
2.975 0.24196364250863597
2.985 0.1783570566460553
2.995 0.13016299558766703
3.005 0.09404632474408176
3.015 0.06727491797092286
3.025 0.04764546618488425
3.035 0.033407735578132876
3.045 0.023191538151756952
3.055 0.015939295530374355
3.065 0.010845903784296163
3.075 0.0073066688870940845
3.085 0.0
3.0949999999999998 0.0
3.105 0.0
3.1149999999999998 0.0
3.125 0.0
3.135 0.0
3.145 0.0
3.155 0.0
3.165 0.0
3.175 0.004090864832790357
3.185 0.006072415084988332
3.195 0.008924108174634102
3.205 0.012984500777216725
3.215 0.018704355258405077
3.225 0.02667578962034541
3.235 0.037665946043102874
3.245 0.05265474712126389
3.255 0.07287578367219599
3.265 0.09985872112011447
3.275 0.13547083783977293
3.285 0.18195445313591327
3.295 0.2419561226277457
3.305 0.31854265741145904
3.315 0.4151983667768528
3.325 0.5357975573746341
3.335 0.6845463788649505
3.3449999999999998 0.8658887172306242
3.355 1.0843721102821446
3.3649999999999998 1.344471661671511
3.375 1.6503726638344733
3.385 2.0057160301603587
3.395 2.41331451314866
3.405 2.874851783284036
3.415 3.390580410520363
3.425 3.9590382091111844
3.435 4.576804829935572
3.445 5.238321482658024
3.455 5.935795884740664
3.465 6.659211733939373
3.475 7.396457129491676
3.485 8.133579579006117
3.495 8.855166901013538
3.505 9.54484405604067
3.515 10.185866470743623
3.525 10.761781622001974
3.535 11.257123398867686
3.545 11.65809885625678
3.555 11.953225033888623
3.565 12.133874896192014
3.575 12.194696197214537
3.585 12.133874896192014
3.5949999999999998 11.953225033888623
3.605 11.65809885625678
3.6149999999999998 11.257123398867686
3.625 10.761781622001974
3.635 10.185866470743623
3.645 9.54484405604067
3.655 8.855166901013538
3.665 8.133579579006117
3.675 7.396457129491676
3.685 6.659211733939373
3.695 5.935795884740664
3.705 5.238321482658024
3.715 4.576804829935572
3.725 3.9590382091111844
3.735 3.390580410520363
3.745 2.874851783284036
3.755 2.41331451314866
3.765 2.0057160301603587
3.775 1.6503726638344733
3.785 1.344471661671511
3.795 1.0843721102821446
3.805 0.8688456081299055
3.815 0.6889355409701217
3.825 0.5422479328635204
3.835 0.4245836077342459
3.8449999999999998 0.3320622284804396
3.855 0.2612374733405094
3.8649999999999998 0.20917952597991243
3.875 0.17352986665902284
3.885 0.15253358336222098
3.895 0.1450540041128196
3.905 0.1505735256435088
3.915 0.1719912941411937
3.925 0.20573072457394562
3.935 0.2550737579830669
3.945 0.32200411511753946
3.955 0.40903945265764674
3.965 0.519175669648321
3.975 0.6558128477171518
3.985 0.8199311445912482
3.995 1.0218121223779786
4.005 1.261440054250687
4.015 1.5427283438340544
4.025 1.8692492332499486
4.035 2.2466944902417274
4.045 2.673323057234236
4.055 3.1524057502267233
4.065 3.684349721551139
4.075 4.2683171438161835
4.085 4.902110850915005
4.095 5.582111023434599
4.1049999999999995 6.303271675968016
4.115 7.059182332764699
4.125 7.842196159398587
4.135 8.643621270816634
4.145 9.453967349309242
4.155 10.265755440516283
4.165 11.06497639419725
4.175 11.843412174246264
4.185 12.591673174909676
4.195 13.301185688550316
4.205 13.966923489805772
4.215 14.578952186852364
4.225 15.13431282360461
4.235 15.629978213520499
4.245 16.064523552404424
4.255 16.438089692075515
4.265 16.752290473497595
4.275 17.01007355097598
4.285 17.21554560388414
4.295 17.373773273863613
4.305 17.49057066806067
4.315 17.572282992860877
4.325 17.625574038427327
4.335 17.657223058832713
4.345 17.67393432761986
4.355 17.682160525532794
4.365 17.687939345098087
4.375 17.69674145356736
4.385 17.713327378814768
4.395 17.74161105795114
4.405 17.78452873684653
4.415 17.843913573354982
4.425 17.920378531780102
4.435 18.01321272280472
4.445 18.120298919961055
4.455 18.23806218884019
4.465 18.36146099529201
4.475 18.4840324401452
4.485 18.5980021137529
4.495 18.694466329156477
4.505 18.763650217878823
4.515 18.795239603890387
4.525 18.778778156449913
4.535 18.704114673539586
4.545 18.561879178260988
4.555 18.34396155244046
4.565 18.04396334128357
4.575 17.657592632544855
4.585 17.18297379968429
4.595 16.62084837762834
4.605 15.974650100923572
4.615 15.248473429476556
4.625 14.455439418306646
4.635 13.603318357985899
4.645 12.704514792352306
4.655 11.772620492222918
4.665 10.821875822819784
4.675 9.866616199985181
4.685 8.920736739036272
4.695 7.997205188546714
4.705 7.107648109049831
4.715 6.262028587704383
4.725 5.466553351854287
4.735 4.731685988243111
4.745 4.058779897240355
4.755 3.450037260279271
4.765 2.9058623458681954
4.775 2.425079841019678
4.785 2.005191319433897
4.795 1.6426511976626883
4.805 1.3331450254773511
4.815 1.0718554434497802
4.825 0.8537042626383051
4.835 0.6735625246773524
4.845 0.5246508417928095
4.855 0.40636807197540625
4.865 0.3117475239895854
4.875 0.23687294770619924
4.885 0.17825911338345934
4.895 0.13286380527292238
4.905 0.09807880874728711
4.915 0.07170545006811459
4.925 0.051919755236076066
4.935 0.037231596707895456
4.945 0.026441396412265943
4.955 0.01859713491713979
4.965 0.011272900619198658
4.975 0.007825609855528007
4.985 0.0053784577537053695
4.995 0.0036597750003083134
5.005 0.0024655173658497303
5.015 0.0017830784868861289
5.025 0.0026467735171049524
5.035 0.0038897362663485886
5.045 0.005659532872666253
5.055 0.008152636382656711
5.065 0.011627132290336354
5.075 0.016417393588597267
5.085 0.022950537517592524
5.095 0.03176424726607906
5.105 0.045250508366331495
5.115 0.06160838794447361
5.125 0.08307177759139162
5.135 0.11093700765682477
5.145 0.14673090539497471
5.155 0.19222188664695086
5.165 0.24942216823409363
5.175 0.32057834336882535
5.185 0.40814760726777577
5.195 0.5147571981373341
5.205 0.6431451649574461
5.215 0.796081404318005
5.225 0.976269015017629
5.235 1.186227362350891
5.245 1.4281597532779458
5.255 1.7038101981043108
5.265 2.0143152485609126
5.275 2.3600582162063057
5.285 2.7405340471632806
5.295 3.1542336311267256
5.305 3.5985562550410535
5.315 4.069758218170214
5.325 4.562944301353873
5.335 5.072106881996422
5.345 5.590215115823215
5.355 6.109353921336783
5.365 6.62090969032709
5.375 7.1157969091468996
5.385 7.584717406766766
5.395 8.018441918857002
5.405 8.4081022051672
5.415 8.745481164307776
5.425 9.023288287443023
5.435 9.235408362613619
5.445 9.377112524865616
5.455 9.44522245360227
5.465 9.438220637993005
5.475 9.356302045760508
5.485 9.20136512153984
5.495 8.976942693570194
5.505 8.688075972465604
5.515 8.341137278694855
5.525 7.943609335193681
5.535 7.503830810605974
5.545 7.030719204874407
5.555 6.53348305064478
5.565 6.021335697648109
5.575 5.503222616362748
5.585 4.987573201020439
5.595 4.4820865116461555
5.605 3.993558355898072
5.615 3.5277547009963484
5.625 3.0893337839632222
5.635 2.683252166363097
5.645 2.3097341022449607
5.655 1.9711608246331744
5.665 1.6680133346658066
5.675 1.3999553350311744
5.685 1.1659779313277743
5.695 0.9645551179263148
5.705 0.7938020014644209
5.715 0.6516285067772517
5.725 0.5358823679780711
5.735 0.4444764026739334
5.745 0.3754962801946666
5.755 0.32728612800432305
5.765 0.2985103090373421
5.775 0.2881905183948348
5.785 0.29571799917951974
5.795 0.3222035420676157
5.805 0.36565192901981214
5.815 0.42738745518186283
5.825 0.5068489210430598
5.835 0.6089149898670343
5.845 0.7305939254938756
5.855 0.8735875100379166
5.865 1.0385109346103047
5.875 1.2256883023100034
5.885 1.4350608727797591
5.895 1.6661123504515154
5.905 1.9178182064642673
5.915 2.1874744131902233
5.925 2.475705155522375
5.935 2.7783092040890045
5.945 3.092417872648807
5.955 3.4148936601713857
5.965 3.742478521728398
5.975 4.071956513579395
5.985 4.40031826945768
5.995 4.7249131505938395
6.005 5.0435745209607505
6.015 5.354704627882455
6.025 5.657308075998204
6.035 5.950966768818218
6.045 6.235754189805457
6.055 6.512092585321373
6.065 6.780562459020869
6.075 7.041679190743169
6.085 7.295655951923024
6.095 7.542174872923303
6.105 7.780189229950135
6.115 8.007778054199468
6.125 8.222071040807835
6.135 8.419256199610341
6.1450000000000005 8.594675807361543
6.155 8.743008525650719
6.165 8.858527778478244
6.175 8.935419401921529
6.185 8.968135890867387
6.195 8.951760843826364
6.205 8.882355817296382
6.215 8.757262878706824
6.225 8.575339573788584
6.235 8.337108448096588
6.245 8.044810139211208
6.255 7.702356712592165
6.265 7.3151896230248905
6.275 6.891227193272664
6.285 6.43644654981582
6.295 5.96013070897759
6.305 5.471117998055142
6.315 4.978233565971081
6.325 4.4899630252562694
6.335 4.014169335268329
6.345 3.557866771824825
6.355 3.1270605415651636
6.365 2.7266551292753327
6.375 2.3604292790039687
6.385 2.0310709935783926
6.3950000000000005 1.7413947472223024
6.405 1.4916116251717653
6.415 1.28089505174572
6.425 1.109637381669544
6.435 0.9771007225157962
6.445 0.8813634294197673
6.455 0.8236045429072242
6.465 0.8013784836295232
6.475 0.8137362467415767
6.485 0.8598307025051368
6.495 0.9389254446348514
6.505 1.0503752964521391
6.515 1.1935836929704338
6.525 1.369033457904436
6.535 1.5743843020220714
6.545 1.8095889331908261
6.555 2.073672429386964
6.565 2.3654033709447573
6.575 2.6832504802069286
6.585 3.0253541263118615
6.595 3.3905817728924985
6.605 3.7749326055532535
6.615 4.176823471122709
6.625 4.5926311525651595
6.635 5.019146307045
6.6450000000000005 5.452075649784989
6.655 5.889985761638122
6.665 6.3279593444026325
6.675 6.763470973026179
6.685 7.191267472375387
6.695 7.608617828169529
6.705 8.012228041991925
6.715 8.39904558948492
6.725 8.766343567278586
6.735 9.11181004036867
6.745 9.43363878318631
6.755 9.730615406272639
6.765 10.00219095561851
6.775 10.24853382177786
6.785 10.470550509519345
6.795 10.670995748595963
6.805 10.851570497943404
6.815 11.014200315381308
6.825 11.162999822481947
6.835 11.30155509638039
6.845 11.433455862922612
6.855 11.562056853325906
6.865 11.69024094588373
6.875 11.820202882840327
6.885 11.953272040223156
6.8950000000000005 12.089790594858243
6.905 12.229059599686014
6.915 12.369360254249528
6.925 12.509224955744383
6.935 12.643480449925637
6.945 12.769060803426418
6.955 12.881886880088942
6.965 12.977947440037243
6.975 13.053596783503117
6.985 13.10582802034655
6.995 13.132500070149467
