0.005 0.0
0.015 0.0
0.025 0.0
0.034999999999999996 0.0
0.045 0.0
0.055 0.0
0.065 0.0
0.07500000000000001 0.0
0.085 0.0
0.095 0.0
0.10500000000000001 0.0
0.115 0.0
0.125 0.0
0.135 0.0
0.14500000000000002 0.0
0.155 0.0
0.165 0.0
0.17500000000000002 0.0
0.185 0.0
0.195 0.0
0.20500000000000002 0.0
0.215 0.0
0.225 0.0
0.23500000000000001 0.0
0.245 0.0
0.255 0.0
0.265 0.0
0.275 0.0
0.28500000000000003 0.0
0.295 0.0
0.305 0.0
0.315 0.0
0.325 0.0
0.335 0.0
0.34500000000000003 0.0
0.35500000000000004 0.0
0.365 0.0
0.375 0.0
0.385 0.0
0.395 0.0
0.405 0.0
0.41500000000000004 0.0
0.425 0.0
0.435 0.0
0.445 0.0
0.455 0.0
0.465 0.0
0.47500000000000003 0.0
0.485 0.0
0.495 0.0
0.505 0.0
0.515 0.0
0.525 0.0
0.535 0.0
0.545 0.0
0.555 0.0
0.5650000000000001 0.0
0.5750000000000001 0.0
0.585 0.0
0.595 0.0
0.605 0.0
0.615 0.0
0.625 0.0
0.635 0.0
0.645 0.0
0.655 0.0
0.665 0.0
0.675 0.0
0.685 0.0
0.6950000000000001 0.0
0.7050000000000001 0.0
0.715 0.0
0.725 0.0
0.735 0.0
0.745 0.0
0.755 0.0
0.765 0.0
0.775 0.0
0.785 0.0
0.795 0.0
0.805 0.0
0.8150000000000001 0.0
0.8250000000000001 0.0
0.8350000000000001 0.0
0.845 0.0
0.855 0.0
0.865 0.0
0.875 0.0
0.885 0.0
0.895 0.0
0.905 0.0
0.915 0.0
0.925 0.0
0.935 0.0
0.9450000000000001 0.0
0.9550000000000001 0.0
0.965 0.0
0.975 0.0
0.985 0.0
0.995 0.0
1.005 0.0
1.015 0.0
1.025 0.0
1.035 0.0
1.045 0.0
1.055 0.0
1.065 0.0
1.075 0.0
1.085 0.0
1.095 0.0
1.105 0.0
1.115 0.0
1.125 0.0
1.135 0.0
1.145 0.0
1.155 0.0
1.1649999999999998 0.0
1.1749999999999998 0.0
1.1849999999999998 0.0
1.1949999999999998 0.0
1.2049999999999998 0.0
1.2149999999999999 0.0
1.2249999999999999 0.0
1.2349999999999999 0.0
1.2449999999999999 0.0
1.255 0.0
1.265 0.0
1.275 0.0
1.285 0.0
1.295 0.01819813325432633
1.305 0.027013021306994157
1.315 0.03969872297815342
1.325 0.057761301104519526
1.335 0.08320596336998518
1.345 0.11866673527912638
1.355 0.16755623401399697
1.365 0.23423362632395273
1.375 0.32418651715155433
1.385 0.4442195936136376
1.395 0.6026394075215246
1.405 0.8094208730252405
1.4149999999999998 1.0763371417178977
1.4249999999999998 1.4170308635709508
1.4349999999999998 1.847001921212349
1.4449999999999998 2.3834850930030296
1.4549999999999998 3.045191354526802
1.4649999999999999 3.851889246810544
1.4749999999999999 4.823808404036015
1.4849999999999999 5.980856238428924
1.4949999999999999 7.341650942612892
1.505 8.922389049530135
1.515 10.73558303438808
1.525 12.788722672842619
1.535 15.08293151745893
1.545 17.611705063164322
1.555 20.359827952907626
1.565 23.3025720151669
1.575 26.405273431464693
1.585 29.62337487458426
1.595 32.90299678774535
1.605 36.18207177782989
1.615 39.392039053029876
1.625 42.46005456628935
1.635 45.32425559282632
1.645 47.892318468724824
1.655 50.104637669930945
1.665 51.90090039670632
1.6749999999999998 53.231416060217875
1.6849999999999998 54.05963484794911
1.6949999999999998 54.364114943684726
1.7049999999999998 54.139810849511
1.7149999999999999 53.39859938652958
1.7249999999999999 52.1690107558558
1.7349999999999999 50.49518493476734
1.7449999999999999 48.435123874098814
1.755 46.058352997613014
1.765 43.44313776342101
1.775 40.673420143938515
1.785 37.83564489735972
1.795 35.01563704819935
1.805 32.29567206521067
1.815 29.75185190770184
1.825 27.451867153060082
1.835 25.453191736601354
1.845 23.801726027676217
1.855 22.530878886736662
1.865 21.661061798022686
1.875 21.19955874549929
1.885 21.1407335934198
1.895 21.466540718517727
1.905 22.1473121618598
1.915 23.142802925244748
1.9249999999999998 24.403482603180485
1.9349999999999998 25.87206415516272
1.9449999999999998 27.485257903059498
1.9549999999999998 29.175730383906654
1.9649999999999999 30.87423413733886
1.9749999999999999 32.51185744843891
1.9849999999999999 34.02232482053223
1.9949999999999999 35.34426224508604
2.005 36.42332891987855
2.015 37.21411133237246
2.025 37.68167825894631
2.035 37.80270696398864
2.045 37.566111367901485
2.0549999999999997 36.97313077859089
2.065 36.03687062736943
2.0749999999999997 34.78132156054267
2.085 33.239916968813986
2.0949999999999998 31.453718439975336
2.105 29.45720327376791
2.1149999999999998 27.328728462694304
2.125 25.10177281005647
2.135 22.82687280063592
2.145 20.551593356369942
2.155 18.318994521208733
2.165 16.166455923430878
2.175 14.124889775904835
2.185 12.218344543889664
2.195 10.463975711111209
2.205 8.872339125180064
2.215 7.447947369277732
2.225 6.190020964511893
2.235 5.0933637836937296
2.245 4.149295137893184
2.255 3.3465784762371498
2.265 2.6722971906264066
2.275 2.1126402604540013
2.285 1.653573119529829
2.295 1.2813810909086352
2.305 0.9830831971316576
2.315 0.7467225913520835
2.3249999999999997 0.5615460327190741
2.335 0.4180887591755157
2.3449999999999998 0.30818299695866486
2.355 0.22490852241932807
2.3649999999999998 0.16250255951518575
2.375 0.11624426995098595
2.385 0.08232655795329366
2.395 0.05772519610762097
2.405 0.04007263780918504
2.415 0.027541494339126633
2.425 0.018740627345083753
2.435 0.012625186565384432
2.445 0.0
2.455 0.0
2.465 0.0
2.475 0.0
2.485 0.0
2.495 0.0
2.505 0.0
2.515 0.0
2.525 0.0
2.535 0.0
2.545 0.0
2.555 0.0
2.565 0.0
2.5749999999999997 0.0
2.585 0.0
2.5949999999999998 0.0
2.605 0.0
2.6149999999999998 0.0
2.625 0.0
2.635 0.0
2.645 0.005638875699050574
2.655 0.008370257942238786
2.665 0.012301050946070612
2.675 0.01789792351731384
2.685 0.025782209543473877
2.695 0.03677008847553381
2.705 0.051918994272741686
2.715 0.07257965885399957
2.725 0.10045247212876361
2.735 0.1376459352430866
2.745 0.1867339173129468
2.755 0.25080724640376256
2.765 0.3335139526454295
2.775 0.4390813491540553
2.785 0.5723122313739529
2.795 0.7385469697442117
2.805 0.9435833493480895
2.815 1.19354685262075
2.8249999999999997 1.4947058363762684
2.835 1.8532288136957238
2.8449999999999998 2.2748848199234764
2.855 2.7646925146517134
2.8649999999999998 3.32652901491195
2.875 3.962715103465095
2.885 4.67359892444043
2.895 5.457164991135218
2.905 6.30869867123365
2.915 7.2205376906151715
2.925 8.181941114431297
2.935 9.179102404058213
2.945 10.19532643372902
2.955 11.211380993751348
2.965 12.206021829155146
2.975 13.15667747499817
2.985 14.040267098356534
2.995 14.838648582677676
3.005 15.523628271986523
3.015 16.07949764677802
3.025 16.49080392540406
3.035 16.746155371308202
3.045 16.838830982140028
3.055 16.77156088651839
3.065 16.541293805693503
3.075 16.159965195991152
3.085 15.641525272578093
3.0949999999999998 15.004355373741651
3.105 14.270588145621803
3.1149999999999998 13.465298167891739
3.125 12.61561351517086
3.135 11.749799363799276
3.145 10.89636096885749
3.155 10.083205811659996
3.165 9.3410083345263
3.175 8.688104775179733
3.185 8.149543628606803
3.195 7.7447776949819715
3.205 7.490107874312311
3.215 7.398466563620646
3.225 7.479265577381694
3.235 7.738291177293196
3.245 8.177633121042643
3.255 8.79564096960081
3.265 9.58690819134092
3.275 10.542291732939152
3.285 11.648980592894027
3.295 12.890630602010834
3.305 14.247583431621484
3.315 15.697185515236274
3.325 17.21421717731153
3.335 18.771434296922116
3.3449999999999998 20.34021511626515
3.355 21.891294405627807
3.3649999999999998 23.395557318939318
3.375 24.824857110120792
3.385 26.152815473573554
3.395 27.35556238863454
3.405 28.412374378028343
3.415 29.30617599149537
3.425 30.023878615041337
3.435 30.556542506662932
3.445 30.899361094776737
3.455 31.047718704827865
3.465 31.013189105891087
3.475 30.79628815361835
3.485 30.40581478254291
3.495 29.852696124245455
3.505 29.14947779130607
3.515 28.309853745463542
3.525 27.34826037349885
3.535 26.27954904774539
3.545 25.118740689835366
3.555 23.88085593531758
3.565 22.580806494110362
3.575 21.2333280043406
3.585 19.852932494771952
3.5949999999999998 18.45385950592597
3.605 17.050008590837226
3.6149999999999998 15.654841631212811
3.625 14.281250270057907
3.635 12.941390810681
3.645 11.646495252726796
3.655 10.406671983454675
3.665 9.230712518794316
3.675 8.12592138353698
3.685 7.0979848104325765
3.695 6.150890750368414
3.705 5.286908229546081
3.715 4.506628974120037
3.725 3.8090690715623365
3.735 3.1918238109406865
3.745 2.6512651779592913
3.755 2.182769052140641
3.765 1.780958069286887
3.775 1.439946319500259
3.785 1.1535733668886679
3.795 0.9156172297434195
3.805 0.716953124646172
3.815 0.5588338556022292
3.825 0.43143306191948777
3.835 0.3298870004753387
3.8449999999999998 0.24981698079429407
3.855 0.18735663611137016
3.8649999999999998 0.13910618904268704
3.875 0.10468626108994193
3.885 0.07955536156467977
3.895 0.06207359497633245
3.905 0.05101941228169159
3.915 0.04556832021368608
3.925 0.0452738925016822
3.935 0.050053180252927126
3.945 0.06017747177114473
3.955 0.07902493945741214
3.965 0.10338897999469703
3.975 0.13385663843276616
3.985 0.17875056511101403
3.995 0.2364154389730622
4.005 0.30969837964465535
4.015 0.40183846613084284
4.025 0.5164513197880349
4.035 0.6574905371095654
4.045 0.8291820570397866
4.055 1.0359284326894738
4.065 1.2821813216966698
4.075 1.5722822982967397
4.085 1.9102742602895812
4.095 2.2996881409062198
4.1049999999999995 2.7433121757122034
4.115 3.2455182053421088
4.125 3.803010422868784
4.135 4.416815603192867
4.145 5.084686709741564
4.155 5.8026891412532144
4.165 6.56513769193774
4.175 7.364605598493947
4.185 8.192013055794721
4.195 9.036798408927359
4.205 9.887170468768492
4.215 10.730435365006572
4.225 11.555830633547387
4.235 12.346368979428789
4.245 13.090935624578677
4.255 13.777694078946471
4.265 14.396179984953218
4.275 14.937723830997898
4.285 15.395810014625763
4.295 15.766352011511295
4.305 16.04786715042818
4.315 16.24153927568123
4.325 16.351163162846156
4.335 16.38297066073669
4.345 16.34534484367763
4.355 16.248434625524
4.365 16.103687945443163
4.375 15.923326420420755
4.385 15.719787929357445
4.395 15.505165659225902
4.405 15.290672499482124
4.415 15.086158225004795
4.425 14.89970370561721
4.435 14.737311615260722
4.445 14.602707122419087
4.455 14.497255280519228
4.465 14.41999483520061
4.475 14.367781479711322
4.485 14.337718716320047
4.495 14.319774305702317
4.505 14.307586154896626
4.515 14.292546109533333
4.525 14.265704109839717
4.535 14.218208207396968
4.545 14.141723978586036
4.555 14.028818452882284
4.565 13.875417691264776
4.575 13.673630806923533
4.585 13.422062538116212
4.595 13.119835634749702
4.605 12.76809920911577
4.615 12.370053310630535
4.625 11.930903743844155
4.635 11.457747498606956
4.645 10.959390354068866
4.655 10.446099761296384
4.665 9.92929804157577
4.675 9.41928612411657
4.685 8.93316121049933
4.695 8.480715763957503
4.705 8.074103248078885
4.715 7.7245228111172715
4.725 7.441793891751015
4.735 7.233964226792354
4.745 7.106968350158599
4.755 7.064352121692382
4.765 7.1071976741221885
4.775 7.235105531259803
4.785 7.4424020538855995
4.795 7.7222642953432405
4.805 8.065473854234972
4.815 8.460712543173297
4.825 8.894941302831423
4.835 9.35384956295666
4.845 9.822358928758257
4.855 10.285162309081429
4.865 10.727277522642085
4.875 11.13459312635274
4.885 11.494383793735857
4.895 11.795773097590754
4.905 12.030123057479734
4.915 12.191332303143081
4.925 12.27431748790162
4.935 12.282512519713173
4.945 12.215625272734922
4.955 12.078494580412357
4.965 11.8782482943036
4.975 11.623921190754608
4.985 11.325985945248576
4.995 10.995820167248702
5.005 10.646926169618268
5.015 10.288061954336126
5.025 9.931205645437428
5.035 9.584253950515977
5.045 9.258882555304996
5.055 8.958620837926015
5.065 8.687274681148429
5.075 8.446443669860006
5.085 8.235615796523568
5.095 8.054119847437859
5.105 7.895369361672944
5.115 7.755522709180988
5.125 7.628956679133662
5.135 7.509933508780984
5.145 7.393104879554221
5.155 7.273973697279953
5.165 7.149282768011037
5.175 7.017304862885496
5.185 6.879691991453116
5.195 6.735628686399311
5.205 6.589727823760004
5.215 6.446984684826273
5.225 6.313597334943203
5.235 6.196587932941352
5.245 6.1033698240687535
5.255 6.041289895296143
5.265 6.017176091781811
5.275 6.036918315415232
5.285 6.105107388550369
5.295 6.223290399332795
5.305 6.396120345982064
5.315 6.620843007915578
5.325 6.895011199953103
5.335 7.214396383748259
5.345 7.574755256693665
5.355 7.966507606661684
5.365 8.38256930681366
5.375 8.812680398361422
5.385 9.250937343686335
5.395 9.686034425757256
5.405 10.109030069952395
5.415 10.511497829482915
5.425 10.885752442819502
5.435 11.225026084953502
5.445 11.523594592661238
5.455 11.77685660805668
5.465 11.981370955806533
5.475 12.134858997198336
5.485 12.236179143717862
5.495 12.285280228089974
5.505 12.283139188158716
5.515 12.231686768622595
5.525 12.133722993261582
5.535 11.992822331885822
5.545 11.813227088855719
5.555 11.599726823166783
5.565 11.357521732223788
5.575 11.090761749786058
5.585 10.808049214878542
5.595 10.512935330738898
5.605 10.21062583464694
5.615 9.9058363296486
5.625 9.602617969793098
5.635 9.304205716486663
5.645 9.012901387501646
5.655 8.730002564585858
5.665 8.455785969321987
5.675 8.189550311923458
5.685 7.92971916696367
5.695 7.673999557291843
5.705 7.419587129712906
5.715 7.163404595417984
5.725 6.902356949331615
5.735 6.63358523527671
5.745 6.354700497953434
5.755 6.063981091576205
5.765 5.760519551373858
5.775 5.4443094685858355
5.785 5.1162678087676605
5.795 4.778193372759033
5.805 4.432667104015619
5.815 4.081710550729553
5.825 3.731783161105964
5.835 3.386413457436998
5.845 3.0475610514267752
5.855 2.720035384196612
5.865 2.4074384660002894
5.875 2.112930337304893
5.885 1.840460522632684
5.895 1.5913842903325528
5.905 1.3662759900375527
5.915 1.167802021906021
5.925 0.9971930328257845
5.935 0.8529246886802343
5.945 0.7362166422980424
5.955 0.6473984595246725
5.965 0.5869317102912497
5.975 0.5555535155902845
5.985 0.5544051578510059
5.995 0.5840202888037472
6.005 0.6492534314996087
6.015 0.7513501287919723
6.025 0.8938452355824755
6.035 1.0808451118163416
6.045 1.316935335009863
6.055 1.6070355435102288
6.065 1.9562009902368465
6.075 2.3693726864710696
6.085 2.851080842863096
6.095 3.4051096109049475
6.105 4.034134748911084
6.115 4.739349552518401
6.125 5.520097894507329
6.135 6.373536148990735
6.1450000000000005 7.29434774055677
6.155 8.27347811220601
6.165 9.30261172479744
6.175 10.366651260676612
6.185 11.449440559171506
6.195 12.532478156199927
6.205 13.595359469838938
6.215 14.616354771902834
6.225 15.573104368279523
6.235 16.443402920376403
6.245 17.20603652428314
6.255 17.841629828503933
6.265 18.33345681073205
6.275 18.668168353778057
6.285 18.83639270769908
6.295 18.833171246121537
6.305 18.658201253070825
6.315 18.315869153512523
6.325 17.815070729789056
6.335 17.1688283958665
6.345 16.393728427869174
6.355 15.50921212631576
6.365 14.537905764476843
6.375 13.500735678842583
6.385 12.421490324185683
6.3950000000000005 11.32268406621032
6.405 10.225573068976928
6.415 9.149526640458634
6.425 8.111540211931349
6.435 7.125903329968364
6.445 6.204025175081211
6.455 5.354410059155933
6.465 4.583876189623732
6.475 3.893876036239042
6.485 3.2860813880065622
6.495 2.759537948689782
6.505 2.311798819101595
6.515 1.9393193933055524
6.525 1.6378306251230978
6.535 1.4026721862667508
6.545 1.2290720770825014
6.555 1.1123644073296055
6.565 1.0481419891637687
6.575 1.0323448117664669
6.585 1.0612892160064038
6.595 1.1316455548744804
6.605 1.2403742723822482
6.615 1.384631670272079
6.625 1.561657202597751
6.635 1.7686540098214976
6.6450000000000005 2.0017766316735606
6.655 2.259922435483972
6.665 2.538256348520131
6.675 2.832891750908498
6.685 3.139528999503649
6.695 3.4525885124475852
6.705 3.768209723528705
6.715 4.080975686294408
6.725 4.386205501680833
6.735 4.677382130552073
6.745 4.9494849648703525
6.755 5.196889551332453
6.765 5.41490839920528
6.775 5.599373396716192
6.785 5.746772111887893
6.795 5.8543665585887625
6.805 5.920290775470401
6.815 5.943624353886931
6.825 5.924439778996636
6.835 5.864964528699831
6.845 5.765555769724923
6.855 5.630099898682012
6.865 5.462644656414382
6.875 5.268072967380254
6.885 5.051989248145333
6.8950000000000005 4.820582292819444
6.905 4.580467646614696
6.915 4.338513207324683
6.925 4.101652617516034
6.935 3.8766917610616733
6.945 3.6701142852422928
6.955 3.487892467956765
6.965 3.3353098859956445
6.975 3.2168021816646784
6.985 3.13582176066776
6.995 3.0947314962625763
