0.005 0.0
0.015 0.0
0.025 0.0
0.034999999999999996 0.0
0.045 0.0
0.055 0.0
0.065 0.0
0.07500000000000001 0.0
0.085 0.0
0.095 0.0
0.10500000000000001 0.0
0.115 0.0
0.125 0.0
0.135 0.0
0.14500000000000002 0.0
0.155 0.0
0.165 0.0
0.17500000000000002 0.0
0.185 0.0
0.195 0.0
0.20500000000000002 0.0
0.215 0.0
0.225 0.0
0.23500000000000001 0.0
0.245 0.0
0.255 0.0
0.265 0.0
0.275 0.0
0.28500000000000003 0.0
0.295 0.0
0.305 0.0
0.315 0.0
0.325 0.0
0.335 0.0
0.34500000000000003 0.0
0.35500000000000004 0.0
0.365 0.0
0.375 0.0
0.385 0.0
0.395 0.0
0.405 0.0
0.41500000000000004 0.0
0.425 0.0
0.435 0.0
0.445 0.0
0.455 0.0
0.465 0.0
0.47500000000000003 0.0
0.485 0.0
0.495 0.0
0.505 0.0
0.515 0.0
0.525 0.0
0.535 0.0
0.545 0.0
0.555 0.0
0.5650000000000001 0.0
0.5750000000000001 0.0
0.585 0.0
0.595 0.0
0.605 0.0
0.615 0.0
0.625 0.0
0.635 0.0
0.645 0.0
0.655 0.0
0.665 0.0
0.675 0.0
0.685 0.0
0.6950000000000001 0.0
0.7050000000000001 0.0
0.715 0.0
0.725 0.0
0.735 0.0
0.745 0.0
0.755 0.0
0.765 0.0
0.775 0.0
0.785 0.0
0.795 0.0
0.805 0.0
0.8150000000000001 0.0
0.8250000000000001 0.0
0.8350000000000001 0.0
0.845 0.0
0.855 0.0
0.865 0.0
0.875 0.0
0.885 0.0
0.895 0.0
0.905 0.0
0.915 0.0
0.925 0.0
0.935 0.0
0.9450000000000001 0.0
0.9550000000000001 0.0
0.965 0.0
0.975 0.0
0.985 0.0
0.995 0.0
1.005 0.0
1.015 0.0
1.025 0.0
1.035 0.0
1.045 0.0
1.055 0.0
1.065 0.0
1.075 0.0
1.085 0.0
1.095 0.0
1.105 0.0
1.115 0.0
1.125 0.0
1.135 0.0
1.145 0.0
1.155 0.0
1.1649999999999998 0.0
1.1749999999999998 0.0
1.1849999999999998 0.0
1.1949999999999998 0.0
1.2049999999999998 0.0
1.2149999999999999 0.0
1.2249999999999999 0.0
1.2349999999999999 0.0
1.2449999999999999 0.0
1.255 0.0
1.265 0.018859827856285222
1.275 0.02799523031335964
1.285 0.04114219140055661
1.295 0.05986153526638865
1.305 0.08623138010055117
1.315 0.12298152609139913
1.325 0.17364867514640073
1.335 0.24275049582753044
1.345 0.33597412555232475
1.355 0.46037167377870825
1.365 0.6245517233240202
1.375 0.8388518819594302
1.385 1.115473379847887
1.395 1.4685549215680056
1.405 1.9141599744035116
1.4149999999999998 2.4701499831787648
1.4249999999999998 3.155916265321882
1.4349999999999998 3.991946157392408
1.4449999999999998 4.999204854717337
1.4549999999999998 6.198323614491781
1.4649999999999999 7.608597597541824
1.4749999999999999 9.246812252071948
1.4849999999999999 11.12593501409167
1.4949999999999999 13.253727991811665
1.505 15.63135559081522
1.515 18.252076798480495
1.525 21.100123018614322
1.535 24.149866949141984
1.545 27.36538437518992
1.555 30.70049783947172
1.565 34.09936869350365
1.575 37.497672738021095
1.585 40.82435627135484
1.595 44.003926594960994
1.605 46.9591873741522
1.615 49.61428869294848
1.625 51.89792822237815
1.635 53.746517312963014
1.645 55.10711687650897
1.655 55.939954294649624
1.665 56.22035448242549
1.6749999999999998 55.939954294649624
1.6849999999999998 55.10711687650897
1.6949999999999998 53.746517312963014
1.7049999999999998 51.89792822237815
1.7149999999999999 49.61428869294848
1.7249999999999999 46.9591873741522
1.7349999999999999 44.003926594960994
1.7449999999999999 40.82435627135484
1.755 37.497672738021095
1.765 34.09936869350365
1.775 30.70049783947172
1.785 27.36538437518992
1.795 24.149866949141984
1.805 21.100123018614322
1.815 18.252076798480495
1.825 15.63135559081522
1.835 13.253727991811665
1.845 11.12593501409167
1.855 9.246812252071948
1.865 7.608597597541824
1.875 6.198323614491781
1.885 4.999204854717337
1.895 3.991946157392408
1.905 3.155916265321882
1.915 2.4701499831787648
1.9249999999999998 1.9141599744035116
1.9349999999999998 1.4685549215680056
1.9449999999999998 1.115473379847887
1.9549999999999998 0.8388518819594302
1.9649999999999999 0.6245517233240202
1.9749999999999999 0.46037167377870825
1.9849999999999999 0.33597412555232475
1.9949999999999999 0.24275049582753044
2.005 0.17364867514640073
2.015 0.12298152609139913
2.025 0.08623138010055117
2.035 0.05986153526638865
2.045 0.04114219140055661
2.0549999999999997 0.02799523031335964
2.065 0.018859827856285222
2.0749999999999997 0.0
2.085 0.0
2.0949999999999998 0.0
2.105 0.0
2.1149999999999998 0.0
2.125 0.0
2.135 0.0
2.145 0.0
2.155 0.0
2.165 0.0
2.175 0.0
2.185 0.0
2.195 0.0
2.205 0.0
2.215 0.0
2.225 0.0
2.235 0.0
2.245 0.0
2.255 0.0
2.265 0.0
2.275 0.0
2.285 0.0
2.295 0.0
2.305 0.0
2.315 0.0
2.3249999999999997 0.0
2.335 0.0
2.3449999999999998 0.0
2.355 0.0
2.3649999999999998 0.0
2.375 0.0
2.385 0.0
2.395 0.0
2.405 0.0
2.415 0.0
2.425 0.0
2.435 0.0
2.445 0.0
2.455 0.0
2.465 0.0
2.475 0.0
2.485 0.0
2.495 0.0
2.505 0.0
2.515 0.0
2.525 0.0
2.535 0.0
2.545 0.0
2.555 0.0
2.565 0.0
2.5749999999999997 0.0
2.585 0.0
2.5949999999999998 0.0
2.605 0.0
2.6149999999999998 0.0
2.625 0.0
2.635 0.0
2.645 0.0
2.655 0.0
2.665 0.0
2.675 0.0
2.685 0.0
2.695 0.0
2.705 0.0
2.715 0.0
2.725 0.0
2.735 0.0
2.745 0.005285983949515427
2.755 0.007846431008122393
2.765 0.01153122738173655
2.775 0.016777836840437
2.785 0.024168708995091482
2.795 0.039590778350033794
2.805 0.0562725713198601
2.815 0.07921062034744897
2.8249999999999997 0.11042278043396467
2.835 0.15244996088078197
2.8449999999999998 0.2084462950198874
2.855 0.28226965612314964
2.8649999999999998 0.3785666534830826
2.875 0.5028445237070818
2.885 0.6615206614342801
2.895 0.8619390910372243
2.905 1.1123421833351899
2.915 1.421785609384595
2.925 1.7999851403522205
2.935 2.257085667006068
2.945 2.8033458858716127
2.955 3.448736550844541
2.965 4.202455963167168
2.975 5.072373262091823
2.985 6.064417710968355
2.995 7.181940014276338
3.005 8.425079076705579
3.015 9.790173758587223
3.025 11.269263297963242
3.035 12.84972141803236
3.045 14.514067124587264
3.055 16.23998946088572
3.065 18.000613977407156
3.075 19.765025703368096
3.085 21.49904766630697
3.0949999999999998 23.166256539134015
3.105 24.729199128345357
3.1149999999999998 26.15075665481223
3.125 27.39558965621416
3.135 28.431586271701
3.145 29.231231790083
3.155 29.77281837362199
3.165 30.041421018585737
3.175 30.02957873039582
3.185 29.73763767909476
3.195 29.173734391894328
3.205 28.353420121359285
3.215 27.29895051074884
3.225 26.03828568305003
3.235 24.603863224951596
3.245 23.03121889925848
3.255 21.35753645888142
3.265 19.620208361583046
3.275 17.85548376182873
3.285 16.097269652215765
3.295 14.376136610217923
3.305 12.718563706340642
3.315 11.146439282575853
3.325 9.676817000674728
3.335 8.321911086752527
3.3449999999999998 7.089302068904367
3.355 5.982315168705891
3.3649999999999998 5.000528139927409
3.375 4.140363666323774
3.385 3.3957230503683853
3.395 2.758622236733075
3.405 2.219797473008368
3.415 1.76925532452228
3.425 1.396749573423099
3.435 1.0957300605131892
3.445 0.8511524545797177
3.455 0.656622362713069
3.465 0.5042704219640017
3.475 0.38722485630550685
3.485 0.29966125596261917
3.495 0.2368125935032448
3.505 0.1949506911672596
3.515 0.1713488633259627
3.525 0.16423342817186617
3.535 0.172729439616349
3.545 0.19680353969359943
3.555 0.23367882764519537
3.565 0.29307141786701313
3.575 0.3719818605270695
3.585 0.47321257839935815
3.5949999999999998 0.599994850360618
3.605 0.7524600957620738
3.6149999999999998 0.9423228709507507
3.625 1.168350222331503
3.635 1.4341791825672214
3.645 1.7429737171688056
3.655 2.097178117155421
3.665 2.498255497623624
3.675 2.9464253426802034
3.685 3.4404170081824357
3.695 3.9772581996820158
3.705 4.552118310398952
3.715 5.158225821605749
3.725 5.786876534257176
3.735 6.427545167417897
3.745 7.068106960074079
3.755 7.695168676682388
3.765 8.294500354979808
3.775 8.851550906574593
3.785 9.352023035663748
3.795 9.782476641812373
3.805 10.130925611132847
3.815 10.387391214002697
3.825 10.544376528608671
3.835 10.5972304359077
3.8449999999999998 10.544376528608671
3.855 10.387391214002697
3.8649999999999998 10.130925611132847
3.875 9.782476641812373
3.885 9.352023035663748
3.895 8.851550906574593
3.905 8.294500354979808
3.915 7.695168676682388
3.925 7.068106960074079
3.935 6.427545167417897
3.945 5.786876534257176
3.955 5.158225821605749
3.965 4.552118310398952
3.975 3.9772581996820158
3.985 3.4404170081824357
3.995 2.949132101492526
4.005 2.5022733676132716
4.015 2.1030828364338956
4.025 1.7515650330247168
4.035 1.4465550934060958
4.045 1.1860005069490183
4.055 0.9672448949099474
4.065 0.7872995995361167
4.075 0.6430919581323798
4.085 0.5316822630063747
4.095 0.45303192929227576
4.1049999999999995 0.40104754585884983
4.115 0.37599809273553997
4.125 0.3770990310128601
4.135 0.4042758460029022
4.145 0.4581666858566886
4.155 0.540091259427009
4.165 0.6519870814136319
4.175 0.7963140925340257
4.185 0.9759288776670847
4.195 1.193930259968577
4.205 1.453479007014387
4.215 1.7575957210624455
4.225 2.1089426065899537
4.235 2.5095965614208464
4.245 2.958451639677735
4.255 3.461293298848915
4.265 4.013699505544516
4.275 4.613390954883561
4.285 5.256570980625455
4.295 5.93787302503788
4.305 6.650368340461172
4.315 7.38563851167319
4.325 8.133913842039291
4.335 8.884274891042615
4.345 9.624910792332738
4.355 10.343424717979914
4.365 11.027174241242568
4.375 11.663632569531039
4.385 12.240755762429522
4.395 12.747341110001836
4.405 13.173362728000239
4.415 13.510271964151109
4.425 13.751252199645394
4.435 13.891419863178095
4.445 13.927965768118016
4.455 13.860233102856501
4.465 13.689730477617225
4.475 13.420080345393938
4.485 13.056904903553644
4.495 12.607653302303985
4.505 12.081375688984748
4.515 11.488451326171164
4.525 10.842435246989362
4.535 10.152144875136418
4.545 9.431569476953015
4.555 8.693290154201502
4.565 7.949590567909416
4.575 7.2121571764053884
4.585 6.491818812128473
4.595 5.7983357759654055
4.605 5.1423330861713925
4.615 4.527869950088147
4.625 3.9623425035412865
4.635 3.450479777055376
4.645 2.9958263230158497
4.655 2.6008760459501583
4.665 2.2672367699817353
4.675 1.9958113124213708
4.685 1.7869801477208929
4.695 1.6407710786676075
4.705 1.5570026437130333
4.715 1.5353901782400663
4.725 1.5756063591093876
4.735 1.6772915038922758
4.745 1.840012652435291
4.755 2.0631743003425576
4.765 2.3458873515343486
4.775 2.686806187866975
4.785 3.083946511994464
4.795 3.5344986248650327
4.805 4.032846560927336
4.815 4.578254233623953
4.825 5.161886890708573
4.835 5.77628419883227
4.845 6.412673821543049
4.855 7.061061660442691
4.865 7.710394434903508
4.875 8.348792418891106
4.885 8.96384551765962
4.895 9.542961522098487
4.905 10.072025709366507
4.915 10.543295657528416
4.925 10.943500168434802
4.935 11.263328783924939
4.945 11.49519419512166
4.955 11.633522428340395
4.965 11.674968314145422
4.975 11.61854516620397
4.985 11.465662025619995
4.995 11.220066652962487
5.005 10.887697374769841
5.015 10.476451610243736
5.025 9.99588312860297
5.035 9.456843562987292
5.045 8.871086227456182
5.055 8.250851707438631
5.065 7.608454952169879
5.075 6.9558927000408515
5.085 6.304488102758651
5.095 5.6645865426313
5.105 5.04531308047672
5.115 4.454397994048173
5.125 3.898072754598128
5.135 3.3810348265710033
5.145 2.906476121566311
5.155 2.4761670059361904
5.165 2.090585603237127
5.175 1.7490808286673316
5.185 1.4500571497612726
5.195 1.1911694250188325
5.205 0.9695172121096959
5.215 0.7818295013453957
5.225 0.6246327374889578
5.235 0.4943970593072129
5.245 0.38765774043692347
5.255 0.3027456539596596
5.265 0.2341095652885364
5.275 0.1801442426842838
5.285 0.13849196991944113
5.295 0.1071509698098784
5.305 0.08448119093574584
5.315 0.0692014298490255
5.325 0.06038088804439655
5.335 0.05757961352307772
5.345 0.061486173601585974
5.355 0.07121969201474362
5.365 0.08730792377768136
5.375 0.11059234249420018
5.385 0.142226606345364
5.395 0.1836713613618775
5.405 0.23668304959363765
5.415 0.3019019091153161
5.425 0.3848617305681056
5.435 0.4860183864236965
5.445 0.6080317120369911
5.455 0.7536027977302585
5.465 0.9253784738644244
5.475 1.1273516114128925
5.485 1.3594047602147816
5.495 1.624376555326996
5.505 1.9235348120735365
5.515 2.2574465783758555
5.525 2.62584845503661
5.535 3.0275366056027964
5.545 3.460285601591992
5.555 3.9208046138180213
5.565 4.404738096782022
5.575 4.906716040250313
5.585 5.420456166140393
5.595 5.938917280641694
5.605 6.454499559193624
5.615 6.959284096538222
5.625 7.445300870109277
5.635 7.904811617729013
5.645 8.330592271507383
5.655 8.716198723274124
5.665 9.056199959133007
5.675 9.34636404413311
5.685 9.583785021147378
5.695 9.76694237308785
5.705 9.895689055883121
5.715 9.97116893487204
5.725 9.995669386286167
5.735 9.972419465666162
5.745 9.905348006443415
5.755 9.79881894201759
5.765 9.657362762799103
5.775 9.485423147655997
5.785 9.287136394599571
5.795 9.06615840445952
5.805 8.825549867830372
5.815 8.567725316751508
5.825 8.294466269105492
5.835 8.006993308618856
5.845 7.70608710265418
5.855 7.39224451077703
5.865 7.065853429203345
5.875 6.728696886040118
5.885 6.3794459800168415
5.895 6.020111057538362
5.905 5.652295507132164
5.915 5.2781322572208405
5.925 4.900286310337376
5.935 4.5219113521410055
5.945 4.1478654891849756
5.955 3.780032468631574
5.965 3.423370868446554
5.975 3.082022576011325
5.985 2.760052039774008
5.995 2.4613344961649455
6.005 2.1894663169896282
6.015 1.9477012956457833
6.025 1.7389134053922986
6.035 1.5655834751462994
6.045 1.4298046424513966
6.055 1.3332995933873844
6.065 1.2776020870477836
6.075 1.264408367635093
6.085 1.293761594854428
6.095 1.3661792415650702
6.105 1.4818330658023775
6.115 1.6405097106534727
6.125 1.8415537721266442
6.135 2.083798313181153
6.1450000000000005 2.3644296782261796
6.155 2.6835169168102366
6.165 3.0363930003576964
6.175 3.4192111893070987
6.185 3.8273522270281357
6.195 4.255456891618253
6.205 4.69749833251035
6.215 5.146895153618115
6.225 5.59666281320022
6.235 6.03959752977908
6.245 6.468483817726458
6.255 6.876314316988546
6.265 7.256508979375674
6.275 7.6031201120427845
6.285 7.910000023189369
6.295 8.175325175739484
6.305 8.394485386760357
6.315 8.565455017185524
6.325 8.687269962667033
6.335 8.759968639100968
6.345 8.784489190233856
6.355 8.762533100026655
6.365 8.696407616393207
6.375 8.588860457685614
6.385 8.442920080308758
6.3950000000000005 8.261753366449465
6.405 8.048550104986775
6.415 7.806440358272035
6.425 7.5384470870533775
6.435 7.247472642235934
6.445 6.936314319507424
6.455 6.607701457514389
6.465 6.264344802009847
6.475 5.908988202322982
6.485 5.544453169507156
6.495 5.173668298639523
6.505 4.799677823889342
6.515 4.425626339288951
6.525 4.0547196466133055
6.535 3.690164452722334
6.545 3.335091941668574
6.555 2.992471873858518
6.565 2.665024690299277
6.575 2.355139099045793
6.585 2.064801862114952
6.595 1.7955451304405567
6.605 1.548414890716758
6.615 1.323962114217216
6.625 1.1222562527535793
6.635 0.9429190010983421
6.6450000000000005 0.7851748820801688
6.655 0.6479142971585783
6.665 0.5297642500748392
6.675 0.42916196945884033
6.685 0.3435414343104242
6.695 0.273243700461434
6.705 0.2152614427991492
6.715 0.1679605585390917
6.725 0.12979420317995477
6.735 0.09933310302580213
6.745 0.0752850775941209
6.755 0.05563882109545765
6.765 0.04142485979493281
6.775 0.030535232435740956
6.785 0.02228427290482337
6.795 0.01610099672975976
6.805 0.011517656189035172
6.815 0.008157038537319085
6.825 0.005719498797597037
6.835 0.003970456909992493
6.845 0.0027288524661393727
6.855 0.0018568493966929927
6.865 0.0012509223744433722
6.875 0.0
6.885 0.0
6.8950000000000005 0.0
6.905 0.0
6.915 0.0
6.925 0.0
6.935 0.0
6.945 0.0
6.955 0.0
6.965 0.0
6.975 0.0
6.985 0.0
6.995 0.0
