0.005 0.0
0.015 0.0
0.025 0.0
0.034999999999999996 0.0
0.045 0.0
0.055 0.0
0.065 0.0
0.07500000000000001 0.0
0.085 0.0
0.095 0.0
0.10500000000000001 0.0
0.115 0.0
0.125 0.0
0.135 0.0
0.14500000000000002 0.0
0.155 0.0
0.165 0.0
0.17500000000000002 0.0
0.185 0.0
0.195 0.0
0.20500000000000002 0.0
0.215 0.0
0.225 0.0
0.23500000000000001 0.0
0.245 0.0
0.255 0.0
0.265 0.0
0.275 0.0
0.28500000000000003 0.0
0.295 0.0
0.305 0.0
0.315 0.0
0.325 0.0
0.335 0.0
0.34500000000000003 0.0
0.35500000000000004 0.0
0.365 0.0
0.375 0.0
0.385 0.0
0.395 0.0
0.405 0.0
0.41500000000000004 0.0
0.425 0.0
0.435 0.0
0.445 0.0
0.455 0.0
0.465 0.0
0.47500000000000003 0.0
0.485 0.0
0.495 0.0
0.505 0.0
0.515 0.0
0.525 0.0
0.535 0.0
0.545 0.0
0.555 0.0
0.5650000000000001 0.0
0.5750000000000001 0.0
0.585 0.0
0.595 0.0
0.605 0.0
0.615 0.0
0.625 0.0
0.635 0.0
0.645 0.0
0.655 0.0
0.665 0.0
0.675 0.0
0.685 0.0
0.6950000000000001 0.0
0.7050000000000001 0.0
0.715 0.0
0.725 0.0
0.735 0.0
0.745 0.0
0.755 0.0
0.765 0.0
0.775 0.0
0.785 0.0
0.795 0.0
0.805 0.0
0.8150000000000001 0.0
0.8250000000000001 0.0
0.8350000000000001 0.0
0.845 0.0
0.855 0.0
0.865 0.0
0.875 0.0
0.885 0.0
0.895 0.0
0.905 0.0
0.915 0.0
0.925 0.0
0.935 0.0
0.9450000000000001 0.0
0.9550000000000001 0.0
0.965 0.0
0.975 0.0
0.985 0.0
0.995 0.0
1.005 0.0
1.015 0.0
1.025 0.0
1.035 0.0
1.045 0.0
1.055 0.0
1.065 0.0
1.075 0.0
1.085 0.0
1.095 0.0
1.105 0.0
1.115 0.0
1.125 0.0
1.135 0.0
1.145 0.0
1.155 0.0
1.1649999999999998 0.0
1.1749999999999998 0.0
1.1849999999999998 0.0
1.1949999999999998 0.0
1.2049999999999998 0.0
1.2149999999999999 0.0
1.2249999999999999 0.0
1.2349999999999999 0.0
1.2449999999999999 0.0
1.255 0.019088429048248593
1.265 0.02833456230873575
1.275 0.04164087856068454
1.285 0.06058712080295512
1.295 0.08727659623008564
1.305 0.12447219311488415
1.315 0.17575348195714258
1.325 0.24569289027135777
1.335 0.3400464896351453
1.345 0.4659518685807999
1.355 0.6321219551141831
1.365 0.8490196598181629
1.375 1.128994104754804
1.385 1.4863553706544084
1.395 1.9373616311254946
1.405 2.500090830719152
1.4149999999999998 3.1941693302748986
1.4249999999999998 4.040332794682387
1.4349999999999998 5.059800539755714
1.4449999999999998 6.273453895491421
1.4549999999999998 7.700821900606608
1.4649999999999999 9.35889346080794
1.4749999999999999 11.260793191234617
1.4849999999999999 13.41437728511244
1.4949999999999999 15.82082426186
1.505 18.473311400605944
1.515 21.355878972983838
1.525 24.442589046734774
1.535 27.697081967255667
1.545 31.072620557316853
1.555 34.51268934456864
1.565 37.9521844519712
1.575 41.31919093134666
1.585 44.537301032274556
1.595 47.52838271830722
1.605 50.215666691732444
1.615 52.526986363442326
1.625 54.397982321829936
1.635 55.78769898715819
1.645 56.636746722232736
1.655 56.9293465257951
1.665 56.658078732696836
1.6749999999999998 55.83279899670042
1.6849999999999998 54.48030887978323
1.6949999999999998 52.64323063339331
1.7049999999999998 50.37816925124763
1.7149999999999999 47.75329124072655
1.7249999999999999 44.84548402923322
1.7349999999999999 41.73727969052218
1.7449999999999999 38.51373048469027
1.755 35.259411935920724
1.765 32.05570375444851
1.775 28.9784630581643
1.785 26.0961621662646
1.795 23.46851923343784
1.805 21.14560859123235
1.815 19.16740273809715
1.825 17.563672423005624
1.835 16.354156974928348
1.845 15.548914425319833
1.855 15.14876926988434
1.865 15.145793020671485
1.875 15.523776250866923
1.885 16.25867733857205
1.895 17.319059106179733
1.905 18.66654675415003
1.915 20.256356152334227
1.9249999999999998 22.03794872702435
1.9349999999999998 23.95586690539072
1.9449999999999998 25.95079246987463
1.9549999999999998 27.960850417808487
1.9649999999999999 29.92315514234871
1.9749999999999999 31.775566796356156
1.9849999999999999 33.45859683777835
1.9949999999999999 34.917376319521665
2.005 36.103581519379794
2.015 36.97720141145099
2.025 37.508031753425314
2.035 37.676791608535325
2.045 37.47577919493109
2.0549999999999997 36.909013244269154
2.065 35.97910932626491
2.0749999999999997 34.74162283756452
2.085 33.212903947506994
2.0949999999999998 31.43552030672101
2.105 29.45720327376791
2.1149999999999998 27.328728462694304
2.125 25.10177281005647
2.135 22.82687280063592
2.145 20.551593356369942
2.155 18.318994521208733
2.165 16.166455923430878
2.175 14.124889775904835
2.185 12.218344543889664
2.195 10.463975711111209
2.205 8.872339125180064
2.215 7.447947369277732
2.225 6.197608633295719
2.235 5.104626799282385
2.245 4.165847426904887
2.255 3.3706619146414556
2.265 2.706989721012208
2.275 2.1621180761383036
2.285 1.7234352965232385
2.295 1.379044249527282
2.305 1.118252001643144
2.315 0.931938904284874
2.3249999999999997 0.8128151138083227
2.335 0.755574885109365
2.3449999999999998 0.7569592322433194
2.355 0.8157362023231849
2.3649999999999998 0.9326056588491397
2.375 1.1100327637567162
2.385 1.3520119184572772
2.395 1.6637613421408926
2.405 2.0513481865118854
2.415 2.521245411475113
2.425 3.0798246902263666
2.435 3.7327942787536292
2.445 4.476176052114004
2.455 5.332227786971648
2.465 6.28879275935603
2.475 7.3431589312023355
2.485 8.488982295236934
2.495 9.71595249860572
2.505 11.009616543865839
2.515 12.35139635841565
2.525 13.718826988001084
2.535 15.086029579298351
2.545 16.42441787169898
2.555 17.70361971141062
2.565 18.892577539297722
2.5749999999999997 19.960775486174054
2.585 20.879527263921023
2.5949999999999998 21.623249944935687
2.605 22.17064512342158
2.6149999999999998 22.505711515744025
2.625 22.618521864172354
2.635 22.505711515744025
2.645 22.17064512342158
2.655 21.623249944935687
2.665 20.879527263921023
2.675 19.966304871842997
2.685 18.900785271970207
2.695 17.715681912892666
2.705 16.44196827129675
2.715 15.111311175767556
2.725 13.754883111794813
2.735 12.402307241754686
2.745 11.080786923732825
2.755 9.81445448542772
2.765 8.623955559827543
2.775 7.526267036683332
2.785 6.534730082316663
2.795 5.659265900342546
2.805 4.906731760217626
2.815 4.281368738928695
2.8249999999999997 3.7852906686472574
2.835 3.418965711826364
2.8449999999999998 3.181647306180092
2.855 3.0717192843116043
2.8649999999999998 3.086930036680928
2.875 3.224501882983823
2.885 3.481113588911832
2.895 3.852765492343571
2.905 4.334547313178256
2.915 4.920337796089306
2.925 5.602472318310187
2.935 6.37141900370653
2.945 7.215505339555111
2.955 8.120735550495864
2.965 9.070733981157215
2.975 10.046841631020541
2.985 11.028382177837576
2.995 11.993100983570558
3.005 12.917766602606484
3.015 13.783393471757897
3.025 14.56477797935582
3.035 15.231999260671964
3.045 15.781531349796579
3.055 16.19112857467923
3.065 16.45027028117729
3.075 16.553207976239307
3.085 16.499399430732876
3.0949999999999998 16.2937161047904
3.105 15.946412687923345
3.1149999999999998 15.472862779403123
3.125 14.893079006465923
3.135 14.231047882210724
3.145 13.513918418257463
3.155 12.771088310775664
3.165 12.033232269321806
3.175 11.331314098114271
3.185 10.695618242922967
3.195 10.154828780000376
3.205 9.735175513303215
3.215 9.459659225738562
3.225 9.347362284644738
3.235 9.412847488040711
3.245 9.66564757736666
3.255 10.109850070401766
3.265 10.743786351892641
3.275 11.559839278633655
3.285 12.544388639180532
3.295 13.677917310868763
3.305 14.935301653310518
3.315 16.28630665008631
3.325 17.69629910269758
3.335 19.127180899021333
3.3449999999999998 20.538529721248086
3.355 21.88891776999804
3.3649999999999998 23.137361829865284
3.375 24.244842193457004
3.385 25.175815514898158
3.395 25.89963927157237
3.405 26.391824417682102
3.415 26.63503863534023
3.425 26.619795223714767
3.435 26.344781269882645
3.445 25.816801808825648
3.455 25.05034219246621
3.465 24.06677655438931
3.475 22.893273757197242
3.485 21.55778348159124
3.495 20.10356693114474
3.505 18.56137026223305
3.515 16.96738223640584
3.525 15.35633380923697
3.535 13.760307221377293
3.545 12.207777265673506
3.555 10.722916828450156
3.565 9.325178320459232
3.575 8.029143379908307
3.585 6.844616718399422
3.5949999999999998 5.776927246216534
3.605 4.82739123699636
3.6149999999999998 3.9938883801383325
3.625 3.271501807610869
3.635 2.653176925163141
3.645 2.130360264992594
3.655 1.69358764939029
3.665 1.3329997681076657
3.675 1.0387719851769188
3.685 0.8014531293229122
3.695 0.6122147117106218
3.705 0.4661198958081354
3.715 0.3513090643697466
3.725 0.2638003036026471
3.735 0.19850958821795112
3.745 0.15128942140284773
3.755 0.118878117603052
3.765 0.09883903839139514
3.775 0.08949749907619556
3.785 0.08988076891219703
3.795 0.09966430946190982
3.805 0.11912524617192098
3.815 0.14910212795834327
3.825 0.18796818384416175
3.835 0.24159805662172054
3.8449999999999998 0.3149063906886068
3.855 0.4063746113512511
3.8649999999999998 0.5191928646077109
3.875 0.6567316071058424
3.885 0.822439910019837
3.895 1.019711906977792
3.905 1.2517219248566402
3.915 1.521231407308348
3.925 1.830373680974809
3.935 2.1804257224480765
3.945 2.5715790929165747
3.955 3.0027248004555345
3.965 3.471268687951747
3.975 3.972994701727699
3.985 4.501992800305439
3.995 5.05066613880278
4.005 5.609828469732529
4.015 6.16889755247989
4.025 6.716184048098837
4.035 7.2392683398699225
4.045 7.725450538830961
4.055 8.16225226094159
4.065 8.537943264547819
4.075 8.842062317378717
4.085 9.06590019062767
4.095 9.202913726008285
4.1049999999999995 9.249043523027169
4.115 9.202913726008285
4.125 9.06590019062767
4.135 8.842062317378717
4.145 8.540474307732987
4.155 8.166009301432192
4.165 7.730971939342183
4.175 7.247301930210419
4.185 6.730243621210804
4.195 6.189093800144318
4.205 5.6385581040528265
4.215 5.091137984220762
4.225 4.558452956026437
4.235 4.050995663176658
4.245 3.577984637314113
4.255 3.147313008342013
4.265 2.7655842414585123
4.275 2.438219920844249
4.285 2.169620028655252
4.295 1.963353296800856
4.305 1.8223541137643489
4.315 1.7491031045487366
4.325 1.7457707285040553
4.335 1.8143068482827254
4.345 1.9564639583944912
4.355 2.1737473388263027
4.365 2.467291511814926
4.375 2.837668703352488
4.385 3.284641201404736
4.395 3.8068751972411294
4.405 4.401638518145123
4.415 5.064508232281574
4.425 5.789116075814615
4.435 6.569196248288211
4.445 7.390625724624778
4.455 8.242085794540078
4.465 9.108745339730675
4.475 9.974048132511932
4.485 10.820145304286116
4.495 11.628452576325781
4.505 12.380309971597402
4.515 13.055643031564596
4.525 13.642705983843411
4.535 14.124076943360686
4.545 14.488267602713286
4.555 14.727216979391981
4.565 14.836742939826694
4.575 14.816816993392809
4.585 14.671640932764003
4.595 14.409516031474276
4.605 14.042508459246978
4.615 13.585927331461228
4.625 13.057643396376905
4.635 12.477285934067735
4.645 11.865362346290826
4.655 11.242348756908743
4.665 10.627800584666598
4.675 10.041559612618912
4.685 9.49590223308545
4.695 9.004628074586492
4.705 8.576787862020403
4.715 8.217824851937118
4.725 7.929550981802706
4.735 7.712289144409326
4.745 7.558230194975107
4.755 7.461343535456499
4.765 7.412236172305542
4.775 7.400155691547077
4.785 7.413714610064398
4.795 7.441618905862365
4.805 7.473361617496551
4.815 7.499844937483099
4.825 7.513898583209803
4.835 7.510668208128625
4.845 7.487854925250538
4.855 7.445795282012569
4.865 7.387379811369031
4.875 7.317817106402465
4.885 7.244258730972888
4.895 7.175307716214809
4.905 7.120439488951071
4.915 7.089368507377117
4.925 7.091396424003648
4.935 7.134778157003867
4.945 7.226140848519773
4.955 7.370122562720133
4.965 7.569903491953121
4.975 7.823594676479804
4.985 8.127769002206174
4.995 8.474549273831272
5.005 8.859018722296474
5.015 9.26774556814454
5.025 9.68800940579902
5.035 10.105894237556269
5.045 10.506936877991997
5.055 10.876810613966292
5.065 11.202008756147166
5.075 11.47049226166688
5.085 11.672267098949765
5.095 11.7998604422626
5.105 11.848669989757965
5.115 11.817167445074613
5.125 11.706945132710889
5.135 11.522603385978886
5.145 11.271485245072324
5.155 10.963273593677883
5.165 10.609473615197853
5.175 10.222809878809382
5.185 9.81657206593326
5.195 9.403946022458404
5.205 8.997367303491407
5.215 8.607932637609359
5.225 8.24490088976915
5.235 7.91530939226573
5.245 7.622232591673546
5.255 7.372785311382583
5.265 7.161779871655399
5.275 6.9875573715061705
5.285 6.845336060969444
5.295 6.728720811076649
5.305 6.630196516686497
5.315 6.54166472649977
5.325 6.454990659678835
5.335 6.36252823673269
5.345 6.257593271814084
5.355 6.134859312030107
5.365 5.992229548919104
5.375 5.825495005127117
5.385 5.6358950747162035
5.395 5.425530822427301
5.405 5.198276520782438
5.415 4.959551338330351
5.425 4.716018427314648
5.435 4.475232061982512
5.445 4.245254564444797
5.455 4.034264374091434
5.465 3.8501749844056916
5.475 3.7002818815167995
5.485 3.589597443039915
5.495 3.526467852661126
5.505 3.5127197486913206
5.515 3.550666534431354
5.525 3.6410100134522487
5.535 3.784316746811897
5.545 3.9745260556080133
5.555 4.211854117640321
5.565 4.489220573123756
5.575 4.801871297371894
5.585 5.1404734095679245
5.595 5.49833275222371
5.605 5.8674210500128545
5.615 6.239623248947829
5.625 6.607003961736975
5.635 6.962061717959378
5.645 7.297963616249925
5.655 7.608753856720297
5.665 7.889530623690416
5.675 8.136586798923682
5.685 8.34751092691329
5.695 8.521245665834837
5.705 8.658101624832078
5.715 8.759725050206654
5.725 8.829018375034982
5.735 8.870013326283221
5.745 8.887697245726075
5.755 8.887794665303398
5.765 8.875291999869814
5.775 8.859421179241302
5.785 8.844670029628348
5.795 8.838228103742997
5.805 8.843048204892064
5.815 8.86402303388119
5.825 8.903778655665388
5.835 8.963377954764946
5.845 9.042191517912762
5.855 9.137859371177946
5.865 9.246353504079696
5.875 9.362144841593738
5.885 9.478471062715574
5.895 9.587693997736078
5.905 9.68172794764564
5.915 9.75251386414447
5.925 9.79250955982207
5.935 9.795163509462167
5.945 9.755339690331175
5.955 9.669663397271881
5.965 9.536762918234885
5.975 9.358675487268126
5.985 9.136312206603295
5.995 8.875437038373109
6.005 8.583957240989134
6.015 8.267937280816922
6.025 7.93722316721686
6.035 7.601270872996988
6.045 7.269500924069121
6.055 6.9508238705297885
6.065 6.653378493078684
6.075 6.384523059704351
6.085 6.148770067892851
6.095 5.949792167518735
6.105 5.789615711094841
6.115 5.668725455228492
6.125 5.586266793126591
6.135 5.540325396520579
6.1450000000000005 5.528258677176105
6.155 5.547050032130725
6.165 5.593655650416724
6.175 5.664265556889946
6.185 5.759105109049807
6.195 5.875119438149994
6.205 6.011578790244554
6.215 6.168477894965797
6.225 6.346409559500608
6.235 6.5463508901927785
6.245 6.769381018868346
6.255 7.0163550656859925
6.265 7.287562968951662
6.275 7.582403426818528
6.285 7.899102382809614
6.295 8.234502304085657
6.305 8.583943204424425
6.315 8.941249387104564
6.325 9.298827800867294
6.335 9.647875378801082
6.345 9.977694455721863
6.355 10.280374291037987
6.365 10.544173275524237
6.375 10.759210464424477
6.385 10.915474432586558
6.3950000000000005 11.007499695175358
6.405 11.027780545600091
6.415 10.972221441517162
6.425 10.838875603065292
6.435 10.628040100609704
6.445 10.342240643967738
6.455 9.986110699367652
6.465 9.566175779947283
6.475 9.090558884376295
6.485 8.568626806729199
6.495 8.010599247367029
6.505 7.427143286882298
6.515 6.828974930432202
6.525 6.22648727662035
6.535 5.6294216786559765
6.545 5.0465943594299
6.555 4.48568664962941
6.565 3.953102664834656
6.575 3.45389411857706
6.585 2.9928199339239843
6.595 2.570623176207902
6.605 2.1883142088168483
6.615 1.849217247855454
6.625 1.5495992863572874
6.635 1.2887403937319633
6.6450000000000005 1.0646604010357084
6.655 0.8750217157894928
6.665 0.7173075519082006
6.675 0.5889846312499356
6.685 0.4876461569675388
6.695 0.41113218414373764
6.705 0.35762560504777446
6.715 0.32572278554410194
6.725 0.3144784378828072
6.735 0.32342463406689614
6.745 0.3525640261797225
6.755 0.4023374410823787
6.765 0.47356616300923937
6.775 0.5673695120481599
6.785 0.6842007951058326
6.795 0.8274433946322958
6.805 0.9971466557185285
6.815 1.1935425236718324
6.825 1.4192828588070956
6.835 1.6732123942760229
6.845 1.9546951455727064
6.855 2.2622033087500077
6.865 2.5932091444986085
6.875 2.943281841860766
6.885 3.3096884695447724
6.8950000000000005 3.6854820472502263
6.905 4.064001567140956
6.915 4.4377848567068545
6.925 4.798790799626704
6.935 5.138672415822502
6.945 5.449088895245937
6.955 5.722040915096679
6.965 5.9502107573408995
6.975 6.1272872065883135
6.985 6.248255167603346
6.995 6.309631482319796
