0.005 0.0
0.015 0.0
0.025 0.0
0.034999999999999996 0.0
0.045 0.0
0.055 0.0
0.065 0.0
0.07500000000000001 0.0
0.085 0.0
0.095 0.0
0.10500000000000001 0.0
0.115 0.0
0.125 0.0
0.135 0.0
0.14500000000000002 0.0
0.155 0.0
0.165 0.0
0.17500000000000002 0.0
0.185 0.0
0.195 0.0
0.20500000000000002 0.0
0.215 0.0
0.225 0.0
0.23500000000000001 0.0
0.245 0.0
0.255 0.0
0.265 0.0
0.275 0.0
0.28500000000000003 0.0
0.295 0.0
0.305 0.0
0.315 0.0
0.325 0.0
0.335 0.0
0.34500000000000003 0.0
0.35500000000000004 0.0
0.365 0.0
0.375 0.0
0.385 0.0
0.395 0.0
0.405 0.0
0.41500000000000004 0.0
0.425 0.0
0.435 0.0
0.445 0.0
0.455 0.0
0.465 0.0
0.47500000000000003 0.0
0.485 0.0
0.495 0.0
0.505 0.0
0.515 0.0
0.525 0.0
0.535 0.0
0.545 0.0
0.555 0.0
0.5650000000000001 0.0
0.5750000000000001 0.0
0.585 0.0
0.595 0.0
0.605 0.0
0.615 0.0
0.625 0.0
0.635 0.0
0.645 0.0
0.655 0.0
0.665 0.0
0.675 0.0
0.685 0.0
0.6950000000000001 0.0
0.7050000000000001 0.0
0.715 0.0
0.725 0.0
0.735 0.0
0.745 0.0
0.755 0.0
0.765 0.0
0.775 0.0
0.785 0.0
0.795 0.0
0.805 0.0
0.8150000000000001 0.0
0.8250000000000001 0.0
0.8350000000000001 0.0
0.845 0.0
0.855 0.0
0.865 0.0
0.875 0.0
0.885 0.0
0.895 0.0
0.905 0.0
0.915 0.0
0.925 0.0
0.935 0.0
0.9450000000000001 0.0
0.9550000000000001 0.0
0.965 0.0
0.975 0.0
0.985 0.0
0.995 0.0
1.005 0.0
1.015 0.0
1.025 0.0
1.035 0.0
1.045 0.0
1.055 0.0
1.065 0.0
1.075 0.0
1.085 0.0
1.095 0.0
1.105 0.0
1.115 0.0
1.125 0.0
1.135 0.0
1.145 0.0
1.155 0.0
1.1649999999999998 0.0
1.1749999999999998 0.0
1.1849999999999998 0.0
1.1949999999999998 0.0
1.2049999999999998 0.0
1.2149999999999999 0.0
1.2249999999999999 0.0
1.2349999999999999 0.0
1.2449999999999999 0.0
1.255 0.0
1.265 0.0
1.275 0.0
1.285 0.0
1.295 0.0
1.305 0.0
1.315 0.0
1.325 0.0
1.335 0.0
1.345 0.0
1.355 0.0
1.365 0.0
1.375 0.0
1.385 0.0
1.395 0.0
1.405 0.0
1.4149999999999998 0.0
1.4249999999999998 0.0
1.4349999999999998 0.0
1.4449999999999998 0.0
1.4549999999999998 0.0
1.4649999999999999 0.0
1.4749999999999999 0.0
1.4849999999999999 0.0
1.4949999999999999 0.0
1.505 0.0
1.515 0.0
1.525 0.0
1.535 0.0
1.545 0.0
1.555 0.0
1.565 0.0
1.575 0.0
1.585 0.0
1.595 0.0
1.605 0.0
1.615 0.0
1.625 0.0
1.635 0.0
1.645 0.0
1.655 0.0
1.665 0.0
1.6749999999999998 0.0
1.6849999999999998 0.0
1.6949999999999998 0.0
1.7049999999999998 0.0
1.7149999999999999 0.0
1.7249999999999999 0.0
1.7349999999999999 0.0
1.7449999999999999 0.0
1.755 0.0
1.765 0.0
1.775 0.0
1.785 0.0
1.795 0.0
1.805 0.0
1.815 0.0
1.825 0.0
1.835 0.0
1.845 0.0
1.855 0.0
1.865 0.0
1.875 0.0
1.885 0.0
1.895 0.0
1.905 0.0
1.915 0.0
1.9249999999999998 0.0
1.9349999999999998 0.0
1.9449999999999998 0.0
1.9549999999999998 0.0
1.9649999999999999 0.0
1.9749999999999999 0.0
1.9849999999999999 0.0
1.9949999999999999 0.0
2.005 0.0
2.015 0.0
2.025 0.0
2.035 0.0
2.045 0.0
2.0549999999999997 0.0
2.065 0.0
2.0749999999999997 0.0
2.085 0.0
2.0949999999999998 0.0
2.105 0.0
2.1149999999999998 0.0
2.125 0.0
2.135 0.0
2.145 0.0
2.155 0.0
2.165 0.0
2.175 0.007885196001003294
2.185 0.011704660286202095
2.195 0.017201336384206015
2.205 0.025027796758979443
2.215 0.03605289182442144
2.225 0.05141793685089282
2.235 0.0726016085235689
2.245 0.10149272058720864
2.255 0.14046903563665833
2.265 0.19247900398228132
2.275 0.2611218293560973
2.285 0.3507196118365543
2.295 0.46637362233775254
2.305 0.6139951797567786
2.315 0.800300336273593
2.3249999999999997 1.0327568691327396
2.335 1.319472187362738
2.3449999999999998 1.6690119398942962
2.355 2.090141565925078
2.3649999999999998 2.5914868868554817
2.375 3.181115109138499
2.385 3.866044141424496
2.395 4.651695601309597
2.405 5.541314785892405
2.415 6.535388527095187
2.425 7.631098442577793
2.435 8.821851764230601
2.445 10.096933850256463
2.455 11.441324973136185
2.465 12.835718577989955
2.475 14.25676881611329
2.485 15.677582074124665
2.495 17.068451168664403
2.505 18.397812994851627
2.515 19.633392166388685
2.525 20.743476227641334
2.535 21.69825404546701
2.545 22.471139536026794
2.555 23.039999141702566
2.565 23.388204137477228
2.5749999999999997 23.505437998580263
2.585 23.388204137477228
2.5949999999999998 23.039999141702566
2.605 22.471139536026794
2.6149999999999998 21.69825404546701
2.625 20.743476227641334
2.635 19.633392166388685
2.645 18.397812994851627
2.655 17.068451168664403
2.665 15.677582074124665
2.675 14.25676881611329
2.685 12.835718577989955
2.695 11.441324973136185
2.705 10.096933850256463
2.715 8.821851764230601
2.725 7.631098442577793
2.735 6.535388527095187
2.745 5.541314785892405
2.755 4.651695601309597
2.765 3.866044141424496
2.775 3.181115109138499
2.785 2.5914868868554817
2.795 2.090141565925078
2.805 1.6690119398942962
2.815 1.319472187362738
2.8249999999999997 1.0327568691327396
2.835 0.800300336273593
2.8449999999999998 0.6139951797567786
2.855 0.46637362233775254
2.8649999999999998 0.3507196118365543
2.875 0.2611218293560973
2.885 0.19247900398228132
2.895 0.14046903563665833
2.905 0.10149272058720864
2.915 0.0726016085235689
2.925 0.05141793685089282
2.935 0.03605289182442144
2.945 0.025027796758979443
2.955 0.017201336384206015
2.965 0.011704660286202095
2.975 0.007885196001003294
2.985 0.0
2.995 0.0
3.005 0.0
3.015 0.0
3.025 0.0
3.035 0.0
3.045 0.0
3.055 0.0
3.065 0.0
3.075 0.0
3.085 0.0
3.0949999999999998 0.0
3.105 0.0
3.1149999999999998 0.0
3.125 0.0
3.135 0.0
3.145 0.0
3.155 0.0
3.165 0.0
3.175 0.0
3.185 0.0
3.195 0.0
3.205 0.0
3.215 0.0
3.225 0.0
3.235 0.0
3.245 0.0
3.255 0.0
3.265 0.0
3.275 0.0
3.285 0.0
3.295 0.0
3.305 0.0
3.315 0.0
3.325 0.0
3.335 0.0
3.3449999999999998 0.0
3.355 0.0
3.3649999999999998 0.0
3.375 0.0
3.385 0.0
3.395 0.0
3.405 0.0
3.415 0.0
3.425 0.0
3.435 0.0
3.445 0.0
3.455 0.0
3.465 0.0
3.475 0.0
3.485 0.0
3.495 0.0
3.505 0.0
3.515 0.0
3.525 0.0
3.535 0.0
3.545 0.0
3.555 0.0
3.565 0.0
3.575 0.0
3.585 0.0
3.5949999999999998 0.0
3.605 0.0
3.6149999999999998 0.0
3.625 0.0
3.635 0.0
3.645 0.0
3.655 0.0
3.665 0.0
3.675 0.0
3.685 0.0
3.695 0.0
3.705 0.0
3.715 0.0
3.725 0.0
3.735 0.0
3.745 0.0
3.755 0.0
3.765 0.0
3.775 0.0
3.785 0.0
3.795 0.0
3.805 0.0
3.815 0.0
3.825 0.0
3.835 0.0
3.8449999999999998 0.0
3.855 0.0
3.8649999999999998 0.0028742810763349716
3.875 0.004266537389974779
3.885 0.0062701644512710595
3.895 0.011957303833660771
3.905 0.017349003544326117
3.915 0.02492554488295095
3.925 0.035460491109024043
3.935 0.04995464637059736
3.945 0.06968497979076696
3.955 0.09625774713236399
3.965 0.131663834641457
3.975 0.1783333845518922
3.985 0.23918568840206492
3.995 0.31766922120783947
4.005 0.41778563534541213
4.015 0.5440906656001114
4.025 0.7016643678931743
4.035 0.8960430886912982
4.045 1.1331062025825909
4.055 1.4189121015636086
4.065 1.7594802640131628
4.075 2.160519495299631
4.085 2.6271065425041638
4.095 3.163324059281696
4.1049999999999995 3.7718720328515882
4.115 4.453671872946948
4.125 5.207486904456845
4.135 6.029586455394739
4.145 6.913482548727732
4.155 7.849767918031663
4.165 8.826081335802101
4.175 9.827220929705394
4.185 10.8354183712007
4.195 11.830776927721987
4.205 12.791865014015883
4.215 13.696444927708413
4.225 14.522304933511037
4.235 15.248152854948877
4.245 15.854521873907316
4.255 16.324635187130713
4.265 16.645176107384508
4.275 16.80691434818479
4.285 16.8051474145935
4.295 16.64229955560859
4.305 16.319580502919855
4.315 15.8480426151444
4.325 15.241281434297472
4.335 14.516402010237158
4.345 13.693263080534232
4.355 12.793630483406146
4.365 11.840293007150326
4.375 10.856193419153483
4.385 9.86362290111252
4.395 8.883519142897075
4.405 7.934897801170317
4.415 7.034434978211826
4.425 6.196205954217826
4.435 5.4315736962777335
4.445 4.749210604357872
4.455 4.155229250952606
4.465 3.6533929705801067
4.475 3.245375219864963
4.485 2.9310375521194976
4.495 2.708699493600733
4.505 2.5753790530233713
4.515 2.52698940177923
4.525 2.5584847306464855
4.535 2.663955719269307
4.545 2.8366817971480907
4.555 3.069152872183234
4.565 3.3530770248386985
4.575 3.679392534326384
4.585 4.038302406578078
4.595 4.419347373737807
4.605 4.811529361177623
4.615 5.203492052448622
4.625 5.583758931265945
4.635 5.941022633719783
4.645 6.264473230361667
4.655 6.544147783664596
4.665 6.771279721108467
4.675 6.936707547459295
4.685 7.039473279917438
4.695 7.0733648233788555
4.705 7.035266136728251
4.715 6.930524669576112
4.725 6.759409405794468
4.735 6.526922332937477
4.745 6.23972131440845
4.755 5.905803551456389
4.765 5.534136353168498
4.775 5.1342589541061265
4.785 4.715879920644655
4.795 4.2904308593118055
4.805 3.865841472746164
4.815 3.4486875130834727
4.825 3.0475573903007307
4.835 2.6686317737065135
4.845 2.3169217118646075
4.855 1.9962928361558747
4.865 1.7095542348857087
4.875 1.4586001536129956
4.885 1.244590494855399
4.895 1.0681549587545809
4.905 0.9296054748499574
4.915 0.8291421598391417
4.925 0.7670392143824768
4.935 0.7437987737476062
4.945 0.7602626196191307
4.955 0.8176737619662089
4.965 0.9176821817004437
4.975 1.062291501422962
4.985 1.2537460608842936
4.995 1.494360851191839
5.005 1.7863000112919665
5.015 2.1313130583141344
5.025 2.5304415800247257
5.035 2.9837125488687097
5.045 3.4898374313828766
5.055 4.04593851707479
5.065 4.6473250106699275
5.075 5.28734108207466
5.085 5.95730599090194
5.095 6.646562469857113
5.105 7.3410618086138655
5.115 8.0305181277395
5.125 8.697534177790326
5.135 9.32645538207851
5.145 9.901591142022806
5.155 10.407855765312075
5.165 10.8314212539643
5.175 11.160342855764764
5.185 11.38511802176429
5.195 11.499142313221387
5.205 11.499031745443524
5.215 11.38478961619732
5.225 11.159806342321263
5.235 10.83069231583645
5.245 10.40859601650514
5.255 9.902979665934886
5.265 9.33049846064739
5.275 8.7039064699971
5.285 8.040262172257105
5.295 7.355591784550106
5.305 6.665406102578832
5.315 5.9842120699720365
5.325 5.325127823506171
5.335 4.699614284428263
5.345 4.117326986662936
5.355 3.586082908013536
5.365 3.1119292665280605
5.375 2.6992950647089797
5.385 2.351201926223991
5.395 2.069508602529908
5.405 1.8551633904845706
5.415 1.7084404195722098
5.425 1.6291390631193505
5.435 1.6167302656847813
5.445 1.6704389946549618
5.455 1.789257949850842
5.465 1.971893742596067
5.475 2.2166526432467233
5.485 2.5212783688854175
5.495 2.882758933452571
5.505 3.2971230245837173
5.515 3.7592484486819555
5.525 4.2641950182716055
5.535 4.801869149398447
5.545 5.364088725031401
5.555 5.941820416614657
5.565 6.521163243845482
5.575 7.090640137306952
5.585 7.6373059396494964
5.595 8.148186897818999
5.605 8.609503303522622
5.615 9.011535016999757
5.625 9.34553779422834
5.635 9.601889632044212
5.645 9.775385638039749
5.655 9.86365204064027
5.665 9.867361533163209
5.675 9.790302641307196
5.685 9.639294468585323
5.695 9.423947653158947
5.705 9.156281774681332
5.715 8.850218065930392
5.725 8.52097349983271
5.735 8.184387684831556
5.745 7.8562172470415454
5.755 7.551433438522811
5.765 7.283557696885044
5.775 7.064067041685851
5.785 6.90189686789164
5.795 6.803063265415213
5.805 6.770420829510032
5.815 6.803565363546284
5.825 6.898884191920983
5.835 7.049750219955128
5.845 7.2468495817976635
5.855 7.4786268693399895
5.865 7.73182670081335
5.875 7.992105952494645
5.885 8.24468755059987
5.895 8.475024527801416
5.905 8.669442306343793
5.915 8.815728051975693
5.925 8.903638544544338
5.935 8.925302312208636
5.945 8.87549761811563
5.955 8.7517949657801
5.965 8.554560662529997
5.975 8.2868261069373
5.985 7.954035250051557
5.995 7.563689530956637
6.005 7.12491498176587
6.015 6.647979736613307
6.025 6.143791631017161
6.035 5.623404899700222
6.045 5.09756232127215
6.055 4.575200501489048
6.065 4.0678724988048325
6.075 3.58061641391829
6.085 3.122290363381593
6.095 2.696120300833468
6.105 2.3054469170317713
6.115 1.9521816671107906
6.125 1.63694429538841
6.135 1.359237761610759
6.1450000000000005 1.1176455198779465
6.155 0.910037063135196
6.165 0.7337694501570701
6.175 0.5858748972747856
6.185 0.4632271605326662
6.195 0.3626820978638819
6.205 0.28119027318167045
6.215 0.21588159014718467
6.225 0.16412362867511535
6.235 0.12355656511540297
6.245 0.09210829930139414
6.255 0.06799373700504611
6.265 0.04970215755919359
6.275 0.03597631795886799
6.285 0.02578649218825491
6.295 0.01830209634938969
6.305 0.01286297248887339
6.315 0.00895184775518853
6.325 0.0061689859053151
6.335 0.003216277908683636
6.345 0.0021885183491745395
6.355 0.0014743611273687716
6.365 0.0
6.375 0.0
6.385 0.0
6.3950000000000005 0.0
6.405 0.0
6.415 0.0
6.425 0.0
6.435 0.0
6.445 0.0
6.455 0.0
6.465 0.0
6.475 0.0
6.485 0.0
6.495 0.0
6.505 0.0
6.515 0.0
6.525 0.0
6.535 0.0
6.545 0.0
6.555 0.0
6.565 0.0
6.575 0.0
6.585 0.0
6.595 0.0
6.605 0.0
6.615 0.0
6.625 0.0
6.635 0.0
6.6450000000000005 0.0
6.655 0.0
6.665 0.0
6.675 0.0
6.685 0.0
6.695 0.0
6.705 0.0
6.715 0.0
6.725 0.0
6.735 0.0
6.745 0.0
6.755 0.0
6.765 0.0
6.775 0.0
6.785 0.0
6.795 0.0
6.805 0.0
6.815 0.0
6.825 0.0
6.835 0.0
6.845 0.0
6.855 0.0
6.865 0.0
6.875 0.0
6.885 0.0
6.8950000000000005 0.0
6.905 0.0
6.915 0.0
6.925 0.0
6.935 0.0
6.945 0.0
6.955 0.0
6.965 0.0
6.975 0.0
6.985 0.0
6.995 0.0
