0.005 0.0
0.015 0.0
0.025 0.0
0.034999999999999996 0.0
0.045 0.0
0.055 0.0
0.065 0.0
0.07500000000000001 0.0
0.085 0.0
0.095 0.0
0.10500000000000001 0.0
0.115 0.0
0.125 0.0
0.135 0.0
0.14500000000000002 0.0
0.155 0.0
0.165 0.0
0.17500000000000002 0.0
0.185 0.0
0.195 0.0
0.20500000000000002 0.0
0.215 0.0
0.225 0.0
0.23500000000000001 0.0
0.245 0.0
0.255 0.0
0.265 0.0
0.275 0.0
0.28500000000000003 0.0
0.295 0.0
0.305 0.0
0.315 0.0
0.325 0.0
0.335 0.0
0.34500000000000003 0.0
0.35500000000000004 0.0
0.365 0.0
0.375 0.0
0.385 0.0
0.395 0.0
0.405 0.0
0.41500000000000004 0.0
0.425 0.0
0.435 0.0
0.445 0.0
0.455 0.0
0.465 0.0
0.47500000000000003 0.0
0.485 0.0
0.495 0.0
0.505 0.0
0.515 0.0
0.525 0.0
0.535 0.0
0.545 0.0
0.555 0.0
0.5650000000000001 0.0
0.5750000000000001 0.0
0.585 0.0
0.595 0.0
0.605 0.0
0.615 0.0
0.625 0.0
0.635 0.0
0.645 0.0
0.655 0.0
0.665 0.0
0.675 0.0
0.685 0.0
0.6950000000000001 0.0
0.7050000000000001 0.0
0.715 0.0
0.725 0.0
0.735 0.0
0.745 0.0
0.755 0.0
0.765 0.0
0.775 0.0
0.785 0.0
0.795 0.0
0.805 0.0
0.8150000000000001 0.0
0.8250000000000001 0.0
0.8350000000000001 0.0
0.845 0.0
0.855 0.0
0.865 0.0
0.875 0.0
0.885 0.0
0.895 0.0
0.905 0.0
0.915 0.0
0.925 0.0
0.935 0.0
0.9450000000000001 0.0
0.9550000000000001 0.0
0.965 0.0
0.975 0.0
0.985 0.0
0.995 0.0
1.005 0.0
1.015 0.0
1.025 0.0
1.035 0.0
1.045 0.0
1.055 0.0
1.065 0.0
1.075 0.0
1.085 0.0
1.095 0.0
1.105 0.0
1.115 0.0
1.125 0.0
1.135 0.0
1.145 0.0
1.155 0.0
1.1649999999999998 0.0
1.1749999999999998 0.0
1.1849999999999998 0.0
1.1949999999999998 0.0
1.2049999999999998 0.0
1.2149999999999999 0.0
1.2249999999999999 0.0
1.2349999999999999 0.0
1.2449999999999999 0.0
1.255 0.0
1.265 0.0
1.275 0.0
1.285 0.0
1.295 0.0
1.305 0.0
1.315 0.0
1.325 0.0
1.335 0.0
1.345 0.0
1.355 0.0
1.365 0.0
1.375 0.0
1.385 0.0
1.395 0.0
1.405 0.0
1.4149999999999998 0.0
1.4249999999999998 0.0
1.4349999999999998 0.0
1.4449999999999998 0.0
1.4549999999999998 0.0
1.4649999999999999 0.0
1.4749999999999999 0.0
1.4849999999999999 0.0
1.4949999999999999 0.0
1.505 0.0
1.515 0.0
1.525 0.0
1.535 0.0
1.545 0.0
1.555 0.0
1.565 0.0
1.575 0.0
1.585 0.0
1.595 0.0
1.605 0.0
1.615 0.0
1.625 0.0
1.635 0.0
1.645 0.0
1.655 0.0
1.665 0.0
1.6749999999999998 0.0
1.6849999999999998 0.0
1.6949999999999998 0.0
1.7049999999999998 0.0
1.7149999999999999 0.0
1.7249999999999999 0.0
1.7349999999999999 0.0
1.7449999999999999 0.0
1.755 0.0
1.765 0.0
1.775 0.0
1.785 0.0
1.795 0.0
1.805 0.0
1.815 0.0
1.825 0.0
1.835 0.0
1.845 0.0
1.855 0.0
1.865 0.0
1.875 0.0
1.885 0.0
1.895 0.0
1.905 0.0
1.915 0.0
1.9249999999999998 0.0
1.9349999999999998 0.0
1.9449999999999998 0.0
1.9549999999999998 0.0
1.9649999999999999 0.0
1.9749999999999999 0.0
1.9849999999999999 0.0
1.9949999999999999 0.0
2.005 0.0
2.015 0.0
2.025 0.0
2.035 0.0
2.045 0.0
2.0549999999999997 0.0
2.065 0.0
2.0749999999999997 0.0
2.085 0.0
2.0949999999999998 0.0
2.105 0.0
2.1149999999999998 0.0
2.125 0.0
2.135 0.0
2.145 0.0
2.155 0.0
2.165 0.0
2.175 0.0
2.185 0.0
2.195 0.0
2.205 0.0
2.215 0.0
2.225 0.0
2.235 0.0
2.245 0.0
2.255 0.0
2.265 0.0
2.275 0.0
2.285 0.0
2.295 0.0
2.305 0.0
2.315 0.0
2.3249999999999997 0.0
2.335 0.0
2.3449999999999998 0.0
2.355 0.0
2.3649999999999998 0.0
2.375 0.0
2.385 0.0
2.395 0.0
2.405 0.0
2.415 0.0
2.425 0.0
2.435 0.0
2.445 0.0
2.455 0.0
2.465 0.0
2.475 0.0
2.485 0.0
2.495 0.0
2.505 0.0
2.515 0.006153043160415669
2.525 0.009133479993375073
2.535 0.013422693002860184
2.545 0.01952990308021737
2.555 0.028133098964849643
2.565 0.040122881488654914
2.5749999999999997 0.056653104210000846
2.585 0.07919766232337715
2.5949999999999998 0.10961199174558911
2.605 0.15019685228193502
2.6149999999999998 0.2037608051785054
2.625 0.27367650830238976
2.635 0.36392462872938924
2.645 0.4791179370620514
2.655 0.6244971602177088
2.665 0.8058896176050613
2.675 1.0296217515427624
2.685 1.3023775820045589
2.695 1.630997031003342
2.705 2.022211072805818
2.715 2.482314778515219
2.725 3.0167844222553684
2.735 3.629850646747635
2.745 4.324045849806041
2.755 5.099749920253793
2.765 5.954763594029568
2.775 6.883942346289602
2.785 7.878925236682143
2.795 8.92799194377555
2.805 10.016077012578046
2.815 11.124963012010312
2.8249999999999997 12.2336640891075
2.835 13.318998882066655
2.8449999999999998 14.356337800629772
2.855 15.320495441049976
2.8649999999999998 16.18672567042005
2.875 16.931766011958974
2.885 17.534870586768314
2.895 17.978767949052614
2.905 18.250482230777664
2.915 18.341963153653563
2.925 18.250482230777664
2.935 17.978767949052614
2.945 17.534870586768314
2.955 16.931766011958974
2.965 16.18672567042005
2.975 15.320495441049976
2.985 14.356337800629772
2.995 13.318998882066655
3.005 12.2336640891075
3.015 11.124963012010312
3.025 10.016077012578046
3.035 8.92799194377555
3.045 7.878925236682143
3.055 6.883942346289602
3.065 5.954763594029568
3.075 5.099749920253793
3.085 4.324045849806041
3.0949999999999998 3.629850646747635
3.105 3.0167844222553684
3.1149999999999998 2.482314778515219
3.125 2.022211072805818
3.135 1.630997031003342
3.145 1.3023775820045589
3.155 1.0296217515427624
3.165 0.8058896176050613
3.175 0.6244971602177088
3.185 0.4791179370620514
3.195 0.36392462872938924
3.205 0.27367650830238976
3.215 0.2037608051785054
3.225 0.15019685228193502
3.235 0.10961199174558911
3.245 0.07919766232337715
3.255 0.056653104210000846
3.265 0.040122881488654914
3.275 0.028133098964849643
3.285 0.01952990308021737
3.295 0.013422693002860184
3.305 0.009133479993375073
3.315 0.006153043160415669
3.325 0.0
3.335 0.0
3.3449999999999998 0.0
3.355 0.0
3.3649999999999998 0.0
3.375 0.0
3.385 0.0
3.395 0.0
3.405 0.0
3.415 0.0
3.425 0.003573587161466379
3.435 0.005304576287358634
3.445 0.007795681281079349
3.455 0.011342649335070272
3.465 0.01633924525669312
3.475 0.023302715490656177
3.485 0.03290319937368992
3.495 0.045996711207507715
3.505 0.06366085792551698
3.515 0.08723188331595022
3.525 0.11834095396573949
3.535 0.158946854583464
3.545 0.21136149171443605
3.555 0.2782638873278337
3.565 0.3626977701836004
3.575 0.46804755239811185
3.585 0.5979875285372087
3.5949999999999998 0.7563996684396256
3.605 0.9472564873069376
3.6149999999999998 1.1744672252657877
3.625 1.4416879569915093
3.635 1.7520992132217155
3.645 2.108158082281595
3.655 2.511335339538714
3.665 2.961851618228694
3.675 3.4584296216368315
3.685 3.9980814935992393
3.695 4.575951336258574
3.705 5.18523217799048
3.715 5.817174248130808
3.725 6.461197159686861
3.735 7.105112671365281
3.745 7.7354574261304325
3.755 8.337926959468819
3.765 8.897893999453403
3.775 9.40098639549989
3.785 9.833693680315713
3.795 10.183966985633255
3.805 10.441775337291364
3.815 10.599582562666669
3.825 10.65271319136298
3.835 10.599582562666669
3.8449999999999998 10.441775337291364
3.855 10.183966985633255
3.8649999999999998 9.833693680315713
3.875 9.40098639549989
3.885 8.897893999453403
3.895 8.337926959468819
3.905 7.7354574261304325
3.915 7.105112671365281
3.925 6.461197159686861
3.935 5.817174248130808
3.945 5.18523217799048
3.955 4.575951336258574
3.965 3.9980814935992393
3.975 3.4584296216368315
3.985 2.9645707366488705
3.995 2.515371555934866
4.005 2.1140897637018154
4.015 1.760729758762387
4.025 1.4541203787408163
4.035 1.1921981046505177
4.045 0.9722923102650195
4.055 0.791398256430008
4.065 0.646426646881952
4.075 0.5344217053245441
4.085 0.4527426055969571
4.095 0.39920547923508065
4.1049999999999995 0.37218502825325644
4.115 0.3706759736775147
4.125 0.3943152462671925
4.135 0.443366115878532
4.145 0.5186655438093373
4.155 0.6215361281965069
4.165 0.7536642853328355
4.175 0.916946922787281
4.185 1.11330990887245
4.195 1.3445031486842305
4.205 1.611878977747835
4.215 1.916162734334461
4.225 2.257226549595742
4.235 2.6314958231545313
4.245 3.0421133005616583
4.255 3.4818105746572043
4.265 3.945408266544529
4.275 4.426248734613052
4.285 4.916281433608232
4.295 5.406232412759343
4.305 5.8858574943091595
4.315 6.3442725074813735
4.325 6.770347659511279
4.335 7.1531472777468394
4.345 7.482391338553391
4.355 7.748911939157487
4.365 7.945076578830443
4.375 8.065151034543144
4.385 8.107861285205955
4.395 8.068540644944084
4.405 7.950057998819772
4.415 7.7561598624745685
4.425 7.492832073621638
4.435 7.1680376521176505
4.445 6.7913727180229415
4.455 6.373664285876492
4.465 5.926536616347878
4.475 5.461973358494454
4.485 4.991900994283696
4.495 4.527815359788544
4.505 4.080467708027345
4.515 3.65962047229982
4.525 3.2738762289490246
4.535 2.9305769873795393
4.545 2.6379035654685383
4.555 2.397369382912082
4.565 2.2140419975741876
4.575 2.090428475530664
4.585 2.0279815315364855
4.595 2.0271734111205375
4.605 2.087555097750963
4.615 2.207796697215457
4.625 2.385709428201353
4.635 2.6182539369755244
4.645 2.9015431790747845
4.655 3.2308504740476
4.665 3.600634258335915
4.675 4.0045903994550915
4.685 4.435740718600108
4.695 4.886562794115099
4.705 5.349161537957996
4.715 5.8154779344004535
4.725 6.2775252741027305
4.735 6.727638806169648
4.745 7.158721528562415
4.755 7.564467302818054
4.765 7.939542907771892
4.775 8.279713123765841
4.785 8.581897313697954
4.795 8.842338269360527
4.805 9.064382042476902
4.815 9.24539176816384
4.825 9.386110323181136
4.835 9.4877123488251
4.845 9.551566629000305
4.855 9.579013901129404
4.865 9.571182594263298
4.875 9.530739892785189
4.885 9.455226772295385
4.895 9.34601569875729
4.905 9.202966905053911
4.915 9.025839244349285
4.925 8.814494074711142
4.935 8.569124380194811
4.945 8.290485749308527
4.955 7.980105889431412
4.965 7.640451710104412
4.975 7.275037296955784
4.985 6.888461761672275
4.995 6.488168637025279
5.005 6.078020684751765
5.015 5.66667388803342
5.025 5.262157511575976
5.035 4.874584699780401
5.045 4.50965199076939
5.055 4.17678156176094
5.065 3.8837354366863592
5.075 3.637558152049292
5.085 3.4443731329901066
5.095 3.309219574438366
5.105 3.235933102519461
5.115 3.227070947210178
5.125 3.2838803700553107
5.135 3.406307658669977
5.145 3.5930440252791103
5.155 3.8416040742805246
5.165 4.148431965326592
5.175 4.509029856195013
5.185 4.918102592381585
5.195 5.368188882706061
5.205 5.856427234959728
5.215 6.373847436341338
5.225 6.913543243667067
5.235 7.468511524026054
5.245 8.031747364620204
5.255 8.59630834751792
5.265 9.156976748366048
5.275 9.704536704761574
5.285 10.2335112142222
5.295 10.737425288391975
5.305 11.209872898733021
5.315 11.644512356383336
5.325 12.035089857316315
5.335 12.375502260662113
5.345 12.659906476808857
5.355 12.881451684124348
5.365 13.038671590258312
5.375 13.125555252076683
5.385 13.139329007742905
5.395 13.078580875995382
5.405 12.943497307736383
5.415 12.736050101701114
5.425 12.460111003945316
5.435 12.121475440734413
5.445 11.72778282279224
5.455 11.288328384275832
5.465 10.813769895496844
5.475 10.315741039429835
5.485 9.806390989790359
5.495 9.297876071274999
5.505 8.801833763553894
5.515 8.328871365668268
5.525 7.888101219790371
5.535 7.486751574196088
5.545 7.129877214131009
5.555 6.820187336951376
5.565 6.558000340156921
5.575 6.341326836718481
5.585 6.166073933035204
5.595 6.0263561888486965
5.605 5.914892240484884
5.615 5.823461220013185
5.625 5.743390128344209
5.635 5.666042365351881
5.645 5.58327868564527
5.655 5.490716923076852
5.665 5.3780380097387495
5.675 5.242803809791645
5.685 5.081106752411878
5.695 4.894971060677999
5.705 4.683384287210631
5.715 4.448793434927705
5.725 4.195047221906134
5.735 3.927166440788564
5.745 3.651082979983549
5.755 3.3733667046089653
5.765 3.1009574912992606
5.775 2.8409165207367892
5.785 2.6002068283727455
5.795 2.3855085410606707
5.805 2.201871551633316
5.815 2.0577979635611605
5.825 1.9566084481212362
5.835 1.9026891852826828
5.845 1.898453392786451
5.855 1.9494010576793412
5.865 2.056962173122147
5.875 2.2199587067049564
5.885 2.4390846905511987
5.895 2.7129596757851973
5.905 3.0389288151305274
5.915 3.412989221938986
5.925 3.8297453702945408
5.935 4.282408518880974
5.945 4.762854106712686
5.955 5.261748255814471
5.965 5.768750038440843
5.975 6.272790325607076
5.985 6.762421301999374
5.995 7.226223717497545
6.005 7.65325233659077
6.015 8.033494546417757
6.025 8.358313333299897
6.035 8.620844343031731
6.045 8.816317810398667
6.055 8.9435346453173
6.065 9.000556294753805
6.075 8.989560386339399
6.085 8.917767411956964
6.095 8.790249418417805
6.105 8.615276126420783
6.115 8.402223093517946
6.125 8.161060050256424
6.135 7.901825938930491
6.1450000000000005 7.634126865202409
6.155 7.366690670871702
6.165 7.10700656832322
6.175 6.861070742952233
6.185 6.633249732803586
6.195 6.426263571196556
6.205 6.241281014561073
6.215 6.078110524982236
6.225 5.935463771299432
6.235 5.811263810013096
6.245 5.702968137025765
6.255 5.607877542436751
6.265 5.523404982472112
6.275 5.447284108127718
6.285 5.377704079502459
6.295 5.313365144734298
6.305 5.253457414646411
6.315 5.197572577393965
6.325 5.145564315801542
6.335 5.098530038391708
6.345 5.0545784837776235
6.355 5.01414821816245
6.365 4.9765418145914335
6.375 4.9406140331469235
6.385 4.904750295785562
6.3950000000000005 4.866908040729354
6.405 4.824718294481442
6.415 4.7756387937762925
6.425 4.717144992433809
6.435 4.646941725202061
6.445 4.563176439343006
6.455 4.464634835214686
6.465 4.348999090746554
6.475 4.221214209860992
6.485 4.079975839067905
6.495 3.9277524771942183
6.505 3.76786124411114
6.515 3.605426835982809
6.525 3.443349905809879
6.535 3.287282967639908
6.545 3.1422169255181394
6.555 3.0129529751386674
6.565 2.903852570976718
6.575 2.8186098325362985
6.585 2.7600596622629405
6.595 2.730032366400574
6.605 2.7292626163618845
6.615 2.757357338497708
6.625 2.812823733728196
6.635 2.8931552478919733
6.6450000000000005 2.9949700706178413
6.655 3.1141937640368806
6.665 3.2462750458450076
6.675 3.3855332576114163
6.685 3.5303490691128396
6.695 3.6732183276348254
6.705 3.810852337216664
6.715 3.9398617298979683
6.725 4.057619228679986
6.735 4.162338473628727
6.745 4.253094647780105
6.755 4.329787603705115
6.765 4.393052498751757
6.775 4.44412693805332
6.785 4.484686918169812
6.795 4.516666121947028
6.805 4.5420740833649855
6.815 4.562828287548296
6.825 4.580613408236861
6.835 4.596777777280103
6.845 4.612273133167315
6.855 4.627639124681716
6.865 4.643345147822489
6.875 4.659430537979947
6.885 4.675107581646676
6.8950000000000005 4.6899418773551185
6.905 4.703470097011049
6.915 4.715290518083168
6.925 4.725130774363958
6.935 4.732886622999122
6.945 4.73862948082198
6.955 4.742584569037371
6.965 4.7450852150587775
6.975 4.746511737328621
6.985 4.747225034200387
6.995 4.747505313530295
