0.005 0.0
0.015 0.0
0.025 0.0
0.034999999999999996 0.0
0.045 0.0
0.055 0.0
0.065 0.0
0.07500000000000001 0.0
0.085 0.0
0.095 0.0
0.10500000000000001 0.0
0.115 0.0
0.125 0.0
0.135 0.0
0.14500000000000002 0.0
0.155 0.0
0.165 0.0
0.17500000000000002 0.0
0.185 0.0
0.195 0.0
0.20500000000000002 0.0
0.215 0.0
0.225 0.0
0.23500000000000001 0.0
0.245 0.0
0.255 0.0
0.265 0.0
0.275 0.0
0.28500000000000003 0.0
0.295 0.0
0.305 0.0
0.315 0.0
0.325 0.0
0.335 0.0
0.34500000000000003 0.0
0.35500000000000004 0.0
0.365 0.0
0.375 0.0
0.385 0.0
0.395 0.0
0.405 0.0
0.41500000000000004 0.0
0.425 0.0
0.435 0.0
0.445 0.0
0.455 0.0
0.465 0.0
0.47500000000000003 0.0
0.485 0.0
0.495 0.0
0.505 0.0
0.515 0.0
0.525 0.0
0.535 0.0
0.545 0.0
0.555 0.0
0.5650000000000001 0.0
0.5750000000000001 0.0
0.585 0.0
0.595 0.0
0.605 0.0
0.615 0.0
0.625 0.0
0.635 0.0
0.645 0.0
0.655 0.0
0.665 0.0
0.675 0.0
0.685 0.0
0.6950000000000001 0.0
0.7050000000000001 0.0
0.715 0.0
0.725 0.0
0.735 0.0
0.745 0.0
0.755 0.0
0.765 0.0
0.775 0.0
0.785 0.0
0.795 0.0
0.805 0.0
0.8150000000000001 0.0
0.8250000000000001 0.0
0.8350000000000001 0.0
0.845 0.0
0.855 0.0
0.865 0.0
0.875 0.0
0.885 0.0
0.895 0.0
0.905 0.0
0.915 0.0
0.925 0.0
0.935 0.0
0.9450000000000001 0.0
0.9550000000000001 0.0
0.965 0.0
0.975 0.0
0.985 0.0
0.995 0.0
1.005 0.0
1.015 0.0
1.025 0.0
1.035 0.0
1.045 0.0
1.055 0.0
1.065 0.0
1.075 0.0
1.085 0.0
1.095 0.0
1.105 0.0
1.115 0.0
1.125 0.0
1.135 0.0
1.145 0.0
1.155 0.0
1.1649999999999998 0.0
1.1749999999999998 0.0
1.1849999999999998 0.0
1.1949999999999998 0.0
1.2049999999999998 0.0
1.2149999999999999 0.0
1.2249999999999999 0.0
1.2349999999999999 0.0
1.2449999999999999 0.0
1.255 0.0
1.265 0.0
1.275 0.0
1.285 0.0
1.295 0.0
1.305 0.0
1.315 0.0
1.325 0.0
1.335 0.0
1.345 0.0
1.355 0.0
1.365 0.0
1.375 0.0
1.385 0.01640929523181635
1.395 0.024357698426262113
1.405 0.03579642244457925
1.4149999999999998 0.05208348733090909
1.4249999999999998 0.07502699309343677
1.4349999999999998 0.1070020460987698
1.4449999999999998 0.15108581047527708
1.4549999999999998 0.21120895609745746
1.4649999999999999 0.2923196679444843
1.4749999999999999 0.4005537467767873
1.4849999999999999 0.5434012279252132
1.4949999999999999 0.729856512568843
1.505 0.9705354763912107
1.515 1.2777397257162892
1.525 1.6654455374811683
1.535 2.1491935477734696
1.545 2.74585548283781
1.555 3.4732566779148337
1.565 4.349638236917836
1.575 5.392950715541064
1.585 6.619982177437761
1.595 8.04533707060632
1.605 9.680297920396459
1.615 11.531618273352759
1.625 13.600311239198776
1.635 15.880511691957958
1.645 18.35849991200737
1.655 21.011978454802804
1.665 23.82195190035257
1.6749999999999998 26.7296598191459
1.6849999999999998 29.695448842084026
1.6949999999999998 32.66436738156252
1.7049999999999998 35.575945038206974
1.7149999999999999 38.36627285923969
1.7249999999999999 40.970484193236786
1.7349999999999999 43.325521601061716
1.7449999999999999 45.373044631329286
1.755 47.0623116290247
1.765 48.35285864395668
1.775 49.21680148536644
1.785 49.64060337825526
1.795 49.62617958924697
1.805 49.19124967491595
1.815 48.36889454473344
1.825 47.206325548869856
1.835 45.7629222716423
1.845 44.107640780871705
1.855 42.3159314572369
1.865 40.4663327687559
1.875 38.63692305991471
1.885 36.90181626010167
1.895 35.32788002735463
1.905 33.97183765643214
1.915 32.877890037965166
1.9249999999999998 32.07596323944473
1.9349999999999998 31.580653058200195
1.9449999999999998 31.39090214128666
1.9549999999999998 31.490409645114138
1.9649999999999999 31.848739266887726
1.9749999999999999 32.42305990161907
1.9849999999999999 33.16042507080455
1.9949999999999999 34.000473467759775
2.005 34.87841430722415
2.015 35.728148512526786
2.025 36.4853709601841
2.035 37.090500741463224
2.045 37.49129613406026
2.0549999999999997 37.64502871727458
2.065 37.52011626261955
2.0749999999999997 37.097145504127134
2.085 36.36925182450431
2.0949999999999998 35.34186094046654
2.105 34.03183514529077
2.1149999999999998 32.46610079070941
2.125 30.67986188078159
2.135 28.71452479831748
2.145 26.615469886460225
2.155 24.42980631834366
2.165 22.204237768935847
2.175 19.98314907018764
2.185 17.8070001973197
2.195 15.700141366242237
2.205 13.71746332743736
2.215 11.865911583162363
2.225 10.162146774498861
2.235 8.616420270114904
2.245 7.233114489646067
2.255 6.011472437937728
2.265 4.94644786788367
2.275 4.029610481340394
2.285 3.250047840973934
2.295 2.595215912761583
2.305 2.051702049121939
2.315 1.6058765049678818
2.3249999999999997 1.2444201973876914
2.335 0.9547265797059656
2.3449999999999998 0.7251836952465724
2.355 0.5453484758254256
2.3649999999999998 0.4060291664284182
2.375 0.2992935892591355
2.385 0.2184211315813699
2.395 0.15781524218099396
2.405 0.11289125333901805
2.415 0.07995188334318233
2.425 0.05606013733474923
2.435 0.038916759585542485
2.445 0.026747071628429153
2.455 0.01820006190617428
2.465 0.012261018419283315
2.475 0.0
2.485 0.0
2.495 0.0
2.505 0.0
2.515 0.0
2.525 0.0
2.535 0.0
2.545 0.0
2.555 0.0
2.565 0.0
2.5749999999999997 0.0
2.585 0.0
2.5949999999999998 0.0
2.605 0.0
2.6149999999999998 0.0
2.625 0.0
2.635 0.0
2.645 0.0
2.655 0.0
2.665 0.0
2.675 0.0
2.685 0.005493596890285544
2.695 0.013612762828268787
2.705 0.020086127435677247
2.715 0.029343617736328043
2.725 0.042442272164139
2.735 0.06077866295071148
2.745 0.08617300213171705
2.755 0.12096476573869386
2.765 0.1681179772842881
2.775 0.23133270877023387
2.785 0.31515744213867075
2.795 0.42509475277545505
2.805 0.5676904533418434
2.815 0.7505940591648851
2.8249999999999997 0.9825764587454467
2.835 1.273489304211258
2.8449999999999998 1.6341502237656114
2.855 2.0761388551256923
2.8649999999999998 2.6114912243282014
2.875 3.252284381404466
2.885 4.0101095468846415
2.895 4.895440223260286
2.905 5.91691145408754
2.915 7.080537088643943
2.925 8.38890270516266
2.935 9.84038172991826
2.945 11.428430105350342
2.955 13.141019434262354
2.965 14.960268804345684
2.975 16.862330688859306
2.985 18.817576041130906
2.995 20.791108085116797
3.005 22.74361406489804
3.015 24.632540647631604
3.025 26.413553581738938
3.035 28.042217764902347
3.045 29.475812403723445
3.055 30.6751796894965
3.065 31.606496265749186
3.075 32.24285603045294
3.085 32.565561036482606
3.0949999999999998 32.56503409285749
3.105 32.241290916065054
3.1149999999999998 31.603939351390302
3.125 30.67170571808269
3.135 29.47152086133304
3.145 28.03722815086143
3.155 26.407999891349036
3.165 24.626565422272623
3.175 22.73736237621479
3.185 20.78472180318632
3.195 18.81118869402047
3.205 16.85606315818106
3.215 14.954226025192877
3.225 13.135288185880523
3.235 11.423077898521719
3.245 9.835456724893966
3.255 8.384434535165505
3.265 7.076538421759697
3.275 5.913380102100481
3.285 4.892361599185035
3.295 4.00745928159437
3.305 3.2500309307515147
3.315 2.609598327773398
3.325 2.0745677412632695
3.335 1.632861493634696
3.3449999999999998 1.2724444568697448
3.355 0.9817390529513289
3.3649999999999998 0.7499305286978245
3.375 0.5671706108408767
3.385 0.42469202800072525
3.395 0.31484890585997966
3.405 0.23109893398021308
3.415 0.1679427862554084
3.425 0.1208349057547142
3.435 0.08607778560775686
3.445 0.0607096000327944
3.455 0.04239271648537458
3.465 0.02930843930440591
3.475 0.020061420935337075
3.485 0.01359559507197771
3.495 0.005458154453036635
3.505 0.0
3.515 0.0
3.525 0.0
3.535 0.0
3.545 0.0
3.555 0.0
3.565 0.003325683318576794
3.575 0.004936591742104792
3.585 0.007254885923305296
3.5949999999999998 0.010555796732443647
3.605 0.015205773060260797
3.6149999999999998 0.02168617937193846
3.625 0.03062066666928182
3.635 0.04280586655942458
3.645 0.05924463114600626
3.655 0.081180507452028
3.665 0.11013150616615423
3.675 0.14792052885358198
3.685 0.19669910244914016
3.695 0.2589604020932219
3.705 0.337537009588327
3.715 0.43557855649794064
3.725 0.5565044473567878
3.735 0.7039273553004529
3.745 0.8815442175916188
3.755 1.092993085882607
3.765 1.3416764087523514
3.775 1.6305540798708194
3.785 1.9619127365260167
3.795 2.3371211247102157
3.805 2.7563845720782543
3.815 3.218514389454517
3.825 3.720729991686444
3.835 4.2585123401242955
3.8449999999999998 4.825526670577837
3.855 5.4136301940162275
3.8649999999999998 6.012976497035839
3.875 6.612222850630595
3.885 7.198839866294666
3.895 7.75951539663546
3.905 8.28063688036762
3.915 8.748829179488173
3.925 9.15151906332695
3.935 9.477493507436856
3.945 9.717417397847111
3.955 9.864277354878686
3.965 9.913722250882932
3.975 9.864277354878686
3.985 9.717417397847111
3.995 9.477493507436856
4.005 9.15151906332695
4.015 8.748829179488173
4.025 8.28063688036762
4.035 7.75951539663546
4.045 7.198839866294666
4.055 6.612222850630595
4.065 6.012976497035839
4.075 5.4136301940162275
4.085 4.825526670577837
4.095 4.2585123401242955
4.1049999999999995 3.720729991686444
4.115 3.221079179495876
4.125 2.7601917058686793
4.135 2.3427161430522667
4.145 1.9700534401783325
4.155 1.6422808775181716
4.165 1.3584009406936788
4.175 1.116607956394921
4.185 0.9145563987725818
4.195 0.7496172257455745
4.205 0.6191114177506347
4.215 0.5229675820439079
4.225 0.455258279221732
4.235 0.4160112885789573
4.245 0.4042028934348997
4.255 0.41945551197682557
4.265 0.4620603046492355
4.275 0.5329631593108801
4.285 0.6337153244415779
4.295 0.7663901455786986
4.305 0.9334676872379105
4.315 1.13768960474248
4.325 1.381887526872865
4.335 1.6711214106762704
4.345 2.0042714020209074
4.355 2.387231119473267
4.365 2.817821755798797
4.375 3.2959419040884765
4.385 3.8263425036643453
4.395 4.404233449709409
4.405 5.026913691677265
4.415 5.690437960486028
4.425 6.389669401495981
4.435 7.118394883067658
4.445 7.869501217494863
4.455 8.635206036611603
4.465 9.407332648288577
4.475 10.177614237798242
4.485 10.938009628982366
4.495 11.68101079378609
4.505 12.399921625858292
4.515 13.089088305823985
4.525 13.744063902764593
4.535 14.361693585792526
4.545 14.940111762543909
4.555 15.478648326042446
4.565 15.977647610325391
4.575 16.43821020583467
4.585 16.861874011936024
4.595 17.250256340483162
4.605 17.60468308193689
4.615 17.92583350057864
4.625 18.213429812241372
4.635 18.46599910380251
4.645 18.680731312201345
4.655 18.853451001189306
4.665 18.978712858975584
4.675 19.050021686343072
4.685 19.060167823412456
4.695 19.00165927404452
4.705 18.867223092082064
4.715 18.6503417331728
4.725 18.345785774814594
4.735 17.950103186600586
4.745 17.46202743684819
4.755 16.882772073976533
4.765 16.218147482208956
4.775 15.471676098153676
4.785 14.653772026642468
4.795 13.775785081248838
4.805 12.850902490216825
4.815 11.893650235808723
4.825 10.919336357095982
4.835 9.9434742392601
4.845 8.981223468198392
4.855 8.04688225436854
4.865 7.153459216165199
4.875 6.312344182678259
4.885 5.533088490451943
4.895 4.823295912072592
4.905 4.1886167156365826
4.915 3.6328301292692444
4.925 3.156284542993599
4.935 2.763517363431306
4.945 2.451275761645724
4.955 2.217758549640053
4.965 2.0602548118675332
4.975 1.9753117146523107
4.985 1.9606613431230504
4.995 2.0089594948432286
5.005 2.116401569652545
5.015 2.2775125990628995
5.025 2.484700894324787
5.035 2.7353466599866825
5.045 3.0201217831706693
5.055 3.3316477147232275
5.065 3.6621050862086064
5.075 4.003344178888885
5.085 4.347045533561071
5.095 4.68492913987564
5.105 5.009004767730142
5.115 5.311850488123335
5.125 5.586901810435386
5.135 5.8287306152685465
5.145 6.03173617591351
5.155 6.1970870420831075
5.165 6.320207139982792
5.175 6.4057044786055135
5.185 6.453980336759672
5.195 6.469203579516725
5.205 6.456746968713942
5.215 6.42285386403635
5.225 6.37424356084974
5.235 6.317681182781718
5.245 6.25954138998065
5.255 6.205396266119469
5.265 6.159656471484147
5.275 6.12529116581841
5.285 6.103646584690567
5.295 6.094375946522852
5.305 6.095485161252636
5.315 6.103490278311761
5.325 6.113674449201975
5.335 6.120425050372034
5.345 6.117626083366151
5.355 6.099077466209664
5.365 6.060484743631491
5.375 5.994313822251111
5.385 5.8976072115517075
5.395 5.7676904801517255
5.405 5.603392536202572
5.415 5.4051213669239555
5.425 5.174845248487629
5.435 4.915986893103943
5.445 4.633243640808171
5.455 4.3338761108158455
5.465 4.0220728173280555
5.475 3.705918898623087
5.485 3.392701158761897
5.495 3.089665151446275
5.505 2.8037880837207996
5.515 2.54159301408011
5.525 2.309007857896373
5.535 2.1112682535580958
5.545 1.9528595468029823
5.555 1.8374903255805113
5.565 1.768088271507224
5.575 1.7455014603184849
5.585 1.7741832527110963
5.595 1.8528805679966116
5.605 1.9815302585727275
5.615 2.1592935550591803
5.625 2.3845395767062447
5.635 2.654821822526361
5.645 2.9668535789461776
5.655 3.3164896162618933
5.665 3.698722141707748
5.675 4.107698694025991
5.685 4.536768551268594
5.695 4.978562404437604
5.705 5.425107708314025
5.715 5.8679794794842906
5.725 6.298483606719671
5.735 6.70786719822124
5.745 7.08754831222022
5.755 7.4293557556507235
5.765 7.725768589844856
5.775 7.970144596015907
5.785 8.156927218020819
5.795 8.280618803509256
5.805 8.341135722793652
5.815 8.335324689896012
5.825 8.26334751482587
5.835 8.126870631836585
5.845 7.929004544763107
5.855 7.674192970578335
5.865 7.3680566331721975
5.875 7.017198607762063
5.885 6.628979756498573
5.895 6.211274045683142
5.905 5.772214321729139
5.915 5.319939389726809
5.925 4.862352952350656
5.935 4.4069041267061095
5.945 3.961696584730964
5.955 3.530769823353468
5.965 3.1201682042751107
5.975 2.7341193191254662
5.985 2.3758817022611427
5.995 2.047768141715565
6.005 1.7512063839536152
6.015 1.4868311809438708
6.025 1.254600421247474
6.035 1.053927365711479
6.045 0.8838207701237455
6.055 0.7430248825406323
6.065 0.6301518854731415
6.075 0.5438002308708038
6.085 0.4826534039825413
6.095 0.44555487365408886
6.105 0.43155628006802094
6.115 0.43993723429988885
6.125 0.47019643374361075
6.135 0.5220151232109043
6.1450000000000005 0.595195248287593
6.155 0.6895759458072804
6.165 0.8049332727984759
6.175 0.9398199947093667
6.185 1.0960044183864808
6.195 1.2708789243478096
6.205 1.4628977819551277
6.215 1.6699309634173811
6.225 1.8892187251356385
6.235 2.1173605385854244
6.245 2.350343306624484
6.255 2.5836114503190726
6.265 2.8111614188612033
6.275 3.0312797897658053
6.285 3.2353471762861825
6.295 3.4189952075065784
6.305 3.577411125452491
6.315 3.706345521234288
6.325 3.8023228611612416
6.335 3.8628244585401026
6.345 3.887581497691276
6.355 3.874630167202889
6.365 3.8258221320750865
6.375 3.743487247496659
6.385 3.6311340838841617
6.3950000000000005 3.4933335175300333
6.405 3.3355594698459403
6.415 3.163996558517079
6.425 2.985325678498156
6.435 2.8064988014372583
6.445 2.634513624098621
6.455 2.4761972643951475
6.465 2.338006229391849
6.475 2.225847640261852
6.485 2.144924481284604
6.495 2.099605703751953
6.505 2.093320563682456
6.515 2.128475726916344
6.525 2.2074837215450342
6.535 2.328888006877013
6.545 2.492529366228712
6.555 2.696392720612142
6.565 2.9373593843697936
6.575 3.211257224609201
6.585 3.5129387530040166
6.595 3.836389771867469
6.605 4.174870306736951
6.615 4.521088023255583
6.625 4.867402243740033
6.635 5.206054220209815
6.6450000000000005 5.529416715189283
6.655 5.830253453142131
6.665 6.10197690576458
6.675 6.3399816704651935
6.685 6.538026412632789
6.695 6.693596356000837
6.705 6.804873081605058
6.715 6.87152571357186
6.725 6.894707516251451
6.735 6.876983100474609
6.745 6.822188601156049
6.755 6.734365381421957
6.765 6.621269464548734
6.775 6.487910823247521
6.785 6.3408199724802135
6.795 6.186448835130993
6.805 6.030887051196679
6.815 5.879611722051734
6.825 5.737284544107968
6.835 5.607606492006971
6.845 5.493235662851991
6.855 5.396918205811945
6.865 5.317489549922891
6.875 5.255436926342233
6.885 5.209710903973571
6.8950000000000005 5.1786564398199415
6.905 5.160189328680705
6.915 5.151970392818408
6.925 5.152738572257512
6.935 5.158321229918461
6.945 5.167325218140814
6.955 5.177820419855
6.965 5.188173521303179
6.975 5.197074778826966
6.985 5.2035469453714
6.995 5.206943593317208
