0.005 0.0
0.015 0.0
0.025 0.0
0.034999999999999996 0.0
0.045 0.0
0.055 0.0
0.065 0.0
0.07500000000000001 0.0
0.085 0.0
0.095 0.0
0.10500000000000001 0.0
0.115 0.0
0.125 0.0
0.135 0.0
0.14500000000000002 0.0
0.155 0.0
0.165 0.0
0.17500000000000002 0.0
0.185 0.0
0.195 0.0
0.20500000000000002 0.0
0.215 0.0
0.225 0.0
0.23500000000000001 0.0
0.245 0.0
0.255 0.0
0.265 0.0
0.275 0.0
0.28500000000000003 0.0
0.295 0.0
0.305 0.0
0.315 0.0
0.325 0.0
0.335 0.0
0.34500000000000003 0.0
0.35500000000000004 0.0
0.365 0.0
0.375 0.0
0.385 0.0
0.395 0.0
0.405 0.0
0.41500000000000004 0.0
0.425 0.0
0.435 0.0
0.445 0.0
0.455 0.0
0.465 0.0
0.47500000000000003 0.0
0.485 0.0
0.495 0.0
0.505 0.0
0.515 0.0
0.525 0.0
0.535 0.0
0.545 0.0
0.555 0.0
0.5650000000000001 0.0
0.5750000000000001 0.0
0.585 0.0
0.595 0.0
0.605 0.0
0.615 0.0
0.625 0.0
0.635 0.0
0.645 0.0
0.655 0.0
0.665 0.0
0.675 0.0
0.685 0.0
0.6950000000000001 0.0
0.7050000000000001 0.0
0.715 0.0
0.725 0.0
0.735 0.0
0.745 0.0
0.755 0.0
0.765 0.0
0.775 0.0
0.785 0.0
0.795 0.0
0.805 0.0
0.8150000000000001 0.0
0.8250000000000001 0.0
0.8350000000000001 0.0
0.845 0.0
0.855 0.0
0.865 0.0
0.875 0.0
0.885 0.0
0.895 0.0
0.905 0.0
0.915 0.0
0.925 0.0
0.935 0.0
0.9450000000000001 0.0
0.9550000000000001 0.0
0.965 0.0
0.975 0.0
0.985 0.0
0.995 0.0
1.005 0.0
1.015 0.0
1.025 0.0
1.035 0.0
1.045 0.0
1.055 0.0
1.065 0.0
1.075 0.0
1.085 0.0
1.095 0.0
1.105 0.0
1.115 0.0
1.125 0.0
1.135 0.0
1.145 0.0
1.155 0.0
1.1649999999999998 0.0
1.1749999999999998 0.0
1.1849999999999998 0.0
1.1949999999999998 0.0
1.2049999999999998 0.0
1.2149999999999999 0.0
1.2249999999999999 0.0
1.2349999999999999 0.0
1.2449999999999999 0.0
1.255 0.0
1.265 0.0
1.275 0.0
1.285 0.0
1.295 0.0
1.305 0.0
1.315 0.0
1.325 0.0
1.335 0.0
1.345 0.0
1.355 0.0
1.365 0.0
1.375 0.0
1.385 0.0
1.395 0.0
1.405 0.0
1.4149999999999998 0.0
1.4249999999999998 0.0
1.4349999999999998 0.0
1.4449999999999998 0.0
1.4549999999999998 0.0
1.4649999999999999 0.0
1.4749999999999999 0.0
1.4849999999999999 0.0
1.4949999999999999 0.0
1.505 0.0
1.515 0.0
1.525 0.0
1.535 0.0
1.545 0.0
1.555 0.0
1.565 0.0
1.575 0.0
1.585 0.0
1.595 0.0
1.605 0.0
1.615 0.0
1.625 0.0
1.635 0.0
1.645 0.0
1.655 0.0
1.665 0.0
1.6749999999999998 0.0
1.6849999999999998 0.0
1.6949999999999998 0.0
1.7049999999999998 0.0
1.7149999999999999 0.0
1.7249999999999999 0.0
1.7349999999999999 0.0
1.7449999999999999 0.0
1.755 0.0
1.765 0.0
1.775 0.0
1.785 0.0
1.795 0.0
1.805 0.0
1.815 0.0
1.825 0.0
1.835 0.0
1.845 0.0
1.855 0.0
1.865 0.0
1.875 0.0
1.885 0.0
1.895 0.0
1.905 0.0
1.915 0.0
1.9249999999999998 0.0
1.9349999999999998 0.0
1.9449999999999998 0.0
1.9549999999999998 0.0
1.9649999999999999 0.0
1.9749999999999999 0.0
1.9849999999999999 0.0
1.9949999999999999 0.0
2.005 0.0
2.015 0.0
2.025 0.0
2.035 0.0
2.045 0.0
2.0549999999999997 0.0
2.065 0.0
2.0749999999999997 0.0
2.085 0.0
2.0949999999999998 0.0
2.105 0.0
2.1149999999999998 0.0
2.125 0.0
2.135 0.0
2.145 0.0
2.155 0.0
2.165 0.0
2.175 0.0
2.185 0.0
2.195 0.0
2.205 0.0
2.215 0.0
2.225 0.00758766878382568
2.235 0.011263015588654952
2.245 0.01655228901170219
2.255 0.024083438404305876
2.265 0.03469253038580142
2.275 0.04947781568430242
2.285 0.06986217699340941
2.295 0.0976631586186469
2.305 0.1351688045114865
2.315 0.18521631293279056
2.3249999999999997 0.2512690810892486
2.335 0.3374861259338493
2.3449999999999998 0.4487762352846546
2.355 0.5908276799038568
2.3649999999999998 0.7701030993339539
2.375 0.9937884938057303
2.385 1.2696853605039835
2.395 1.6060361460332715
2.405 2.0112755487027005
2.415 2.4937039171359863
2.425 3.061084062881283
2.435 3.720169092188245
2.445 4.476176052114004
2.455 5.332227786971648
2.465 6.28879275935603
2.475 7.3431589312023355
2.485 8.488982295236934
2.495 9.71595249860572
2.505 11.009616543865839
2.515 12.35139635841565
2.525 13.718826988001084
2.535 15.086029579298351
2.545 16.42441787169898
2.555 17.70361971141062
2.565 18.892577539297722
2.5749999999999997 19.960775486174054
2.585 20.879527263921023
2.5949999999999998 21.623249944935687
2.605 22.17064512342158
2.6149999999999998 22.505711515744025
2.625 22.618521864172354
2.635 22.505711515744025
2.645 22.17064512342158
2.655 21.623249944935687
2.665 20.879527263921023
2.675 19.960775486174054
2.685 18.892577539297722
2.695 17.70361971141062
2.705 16.42441787169898
2.715 15.086029579298351
2.725 13.718826988001084
2.735 12.35139635841565
2.745 11.009616543865839
2.755 9.71595249860572
2.765 8.488982295236934
2.775 7.3431589312023355
2.785 6.28879275935603
2.795 5.332227786971648
2.805 4.476176052114004
2.815 3.720169092188245
2.8249999999999997 3.061084062881283
2.835 2.4937039171359863
2.8449999999999998 2.0112755487027005
2.855 1.6060361460332715
2.8649999999999998 1.2696853605039835
2.875 0.9937884938057303
2.885 0.7701030993339539
2.895 0.5908276799038568
2.905 0.4487762352846546
2.915 0.3374861259338493
2.925 0.2512690810892486
2.935 0.18521631293279056
2.945 0.1351688045114865
2.955 0.0976631586186469
2.965 0.06986217699340941
2.975 0.04947781568430242
2.985 0.03469253038580142
2.995 0.024083438404305876
3.005 0.01655228901170219
3.015 0.011263015588654952
3.025 0.00758766878382568
3.035 0.0
3.045 0.0
3.055 0.0
3.065 0.0
3.075 0.0
3.085 0.0
3.0949999999999998 0.0
3.105 0.0
3.1149999999999998 0.0
3.125 0.0
3.135 0.0
3.145 0.0
3.155 0.0
3.165 0.0
3.175 0.0
3.185 0.0
3.195 0.0
3.205 0.0
3.215 0.0
3.225 0.0
3.235 0.0
3.245 0.0
3.255 0.0
3.265 0.0
3.275 0.0
3.285 0.0
3.295 0.0
3.305 0.0
3.315 0.0
3.325 0.0
3.335 0.0
3.3449999999999998 0.0
3.355 0.0
3.3649999999999998 0.0
3.375 0.0
3.385 0.0
3.395 0.0
3.405 0.0
3.415 0.0
3.425 0.0
3.435 0.0
3.445 0.0
3.455 0.0
3.465 0.0
3.475 0.0
3.485 0.0
3.495 0.0
3.505 0.0
3.515 0.0
3.525 0.0
3.535 0.0
3.545 0.0
3.555 0.0
3.565 0.0
3.575 0.0
3.585 0.0
3.5949999999999998 0.0
3.605 0.0
3.6149999999999998 0.0
3.625 0.0
3.635 0.0
3.645 0.0
3.655 0.0
3.665 0.0
3.675 0.0
3.685 0.0
3.695 0.0
3.705 0.0
3.715 0.0
3.725 0.0
3.735 0.0
3.745 0.0
3.755 0.0
3.765 0.0
3.775 0.0
3.785 0.0
3.795 0.0
3.805 0.0
3.815 0.0
3.825 0.0
3.835 0.0
3.8449999999999998 0.0
3.855 0.0
3.8649999999999998 0.0
3.875 0.0
3.885 0.0
3.895 0.0
3.905 0.0
3.915 0.0
3.925 0.0
3.935 0.0
3.945 0.0
3.955 0.0
3.965 0.0
3.975 0.0
3.985 0.0
3.995 0.0
4.005 0.0
4.015 0.0
4.025 0.0
4.035 0.002658153602535829
4.045 0.006591928049570596
4.055 0.009726675997569982
4.065 0.014209668666443137
4.075 0.020552799430972605
4.085 0.029432392535567092
4.095 0.041729936032048616
4.1049999999999995 0.05857839369891195
4.115 0.08141319594321039
4.125 0.11202624312027323
4.135 0.15262032712221046
4.145 0.20839136382921436
4.155 0.28119334089829473
4.165 0.3727550934137367
4.175 0.48936922911913616
4.185 0.6362944765397053
4.195 0.8194140366670409
4.205 1.0451756040128037
4.215 1.3204874674285265
4.225 1.6525659148488252
4.235 2.048731507602982
4.245 2.5161548779115344
4.255 3.0615564088159415
4.265 3.690868254565524
4.275 4.408871337843714
4.285 5.218823835679023
4.295 6.12210082062292
4.305 7.117866749334707
4.315 8.202803039434297
4.325 9.370911812155125
4.335 10.613413924424513
4.345 11.918754776753884
4.355 13.272725363117292
4.365 14.65869910105732
4.375 16.05797775029907
4.385 17.450232865812787
4.395 18.814023389204845
4.405 20.12736571209121
4.415 21.368330222484957
4.425 22.515638117205505
4.435 23.549234026396476
4.445 24.450813411043416
4.455 25.204288235807134
4.465 25.79617945563691
4.475 26.215929742519197
4.485 26.45613406146691
4.495 26.512688794261052
4.505 26.384861940066305
4.515 26.07528756739526
4.525 25.589887440155504
4.535 24.937722033714202
4.545 24.130772504495447
4.555 23.183655058400003
4.565 22.113269938866672
4.575 20.938389095441615
4.585 19.67918944540857
4.595 18.356742232242084
4.605 16.992472866261664
4.615 15.607609250955104
4.625 14.222639383565042
4.635 12.85680047691039
4.645 11.527621640931876
4.655 10.250540153416818
4.665 9.038607632615303
4.675 7.902297305253481
4.685 6.84941751502044
4.695 5.885130214032978
4.705 5.012067023348203
4.715 4.23053008862267
4.725 3.538760830851455
4.735 2.9332570810071728
4.745 2.409118097284714
4.755 1.9603975299454044
4.765 1.580446311578629
4.775 1.2622303947028874
4.785 0.9986118606680436
4.795 0.782585799931081
4.805 0.607469161293299
4.815 0.46704119669418875
4.825 0.355637980660405
4.835 0.2682056400331964
4.845 0.1985454279398292
4.855 0.14523222652932177
4.865 0.10660091997405961
4.875 0.07746875289708918
4.885 0.05573908239891173
4.895 0.039706415808946675
4.905 0.028004586286386975
4.915 0.019555333266849766
4.925 0.013519755862973444
4.935 0.009254224371820503
4.945 0.006271605454477077
4.955 0.002519942136400938
4.965 0.0
4.975 0.0
4.985 0.0
4.995 0.0
5.005 0.0
5.015 0.0
5.025 0.0
5.035 0.0017699797030655549
5.045 0.002627329889481402
5.055 0.00386116163273225
5.065 0.005617957026078619
5.075 0.008092745793246562
5.085 0.011541717490346085
5.095 0.016296788752020577
5.105 0.022781939145888812
5.115 0.03153090195277867
5.125 0.04491829687082068
5.135 0.0628627101886052
5.145 0.08499522076237878
5.155 0.1138456044639342
5.165 0.1510707319030019
5.175 0.1986141039203003
5.185 0.25872021001767986
5.195 0.33393922053830183
5.205 0.42711913990203954
5.215 0.5413826050019948
5.225 0.6817382082513608
5.235 0.8508567134131819
5.245 1.0510648635069517
5.255 1.2873037253828428
5.265 1.5633583343643123
5.275 1.882834252699404
5.285 2.252259816189058
5.295 2.6695713155446157
5.305 3.1393706635092413
5.315 3.663439337195956
5.325 4.244384487899411
5.335 4.879944002176465
5.345 5.570517765007711
5.355 6.314526831544599
5.365 7.109487629154715
5.375 7.9520566001485555
5.385 8.838107624347579
5.395 9.762838328080647
5.405 10.720899211619699
5.415 11.706537602750577
5.425 12.713746923507767
5.435 13.736410783098002
5.445 14.768431108236708
5.455 15.803829992477638
5.465 16.836816253179755
5.475 17.861809845988116
5.485 18.873420259697138
5.495 19.866378684760072
5.505 20.835427921604932
5.515 21.775178393005362
5.525 22.67994289636485
5.535 23.54356647102376
5.545 24.359270535304862
5.555 25.119531863015194
5.565 25.81601668746752
5.575 26.439588034833
5.585 26.980400258286025
5.595 27.42808882862839
5.605 27.77205610135395
5.615 28.00184558007185
5.625 28.107588835048524
5.635 28.080501498663082
5.645 27.91339843266833
5.655 27.601193943764887
5.665 27.1413513419309
5.675 26.534247479972613
5.685 25.783422192441936
5.695 24.89568948604206
5.705 23.881096372391973
5.715 22.752725613829696
5.725 21.52634947455398
5.735 20.219951891824856
5.745 18.8531454198013
5.755 17.446516111616827
5.765 16.020933669442382
5.775 14.596865444986962
5.785 13.193731228209447
5.795 11.829331495580382
5.805 10.519375396271922
5.815 9.277126887684162
5.825 8.11317882623569
5.835 7.035356216757619
5.845 6.047561364920881
5.855 5.1550317141374755
5.865 4.35614787937538
5.875 3.6489559129183746
5.885 3.0297415105965477
5.895 2.493396167873546
5.905 2.0337845924669837
5.915 1.6440955831549107
5.925 1.3171622419426416
5.935 1.0445990045947138
5.945 0.8208534495119795
5.955 0.6401838940795883
5.965 0.49470505711488594
5.975 0.3787739449918711
5.985 0.2873398156232171
5.995 0.21596506015704353
6.005 0.16081752148296163
6.015 0.11864128390402523
6.025 0.08671246901632387
6.035 0.06168366032929453
6.045 0.0432106777232278
6.055 0.03080179300514232
6.065 0.021745650240277484
6.075 0.015204711407370626
6.085 0.010529098096494157
6.095 0.005063216986907233
6.105 0.003479894751293672
6.115 0.0023678965974427827
6.125 0.0015952046727025148
6.135 0.0
6.1450000000000005 0.0
6.155 0.0
6.165 0.0
6.175 0.0
6.185 0.0
6.195 0.0
6.205 0.0
6.215 0.0
6.225 0.0
6.235 0.0
6.245 0.0
6.255 0.0
6.265 0.0
6.275 0.0
6.285 0.0
6.295 0.0
6.305 0.0
6.315 0.0
6.325 0.0
6.335 0.0
6.345 0.0
6.355 0.0
6.365 0.0
6.375 0.0
6.385 0.0
6.3950000000000005 0.0
6.405 0.0
6.415 0.0
6.425 0.0
6.435 0.0
6.445 0.0
6.455 0.0
6.465 0.0
6.475 0.0
6.485 0.0
6.495 0.0
6.505 0.0
6.515 0.0
6.525 0.0
6.535 0.0
6.545 0.0
6.555 0.0
6.565 0.0
6.575 0.0
6.585 0.0
6.595 0.0
6.605 0.0
6.615 0.0
6.625 0.0
6.635 0.0
6.6450000000000005 0.0
6.655 0.0
6.665 0.0
6.675 0.0
6.685 0.0
6.695 0.0
6.705 0.0
6.715 0.0
6.725 0.0
6.735 0.0
6.745 0.0
6.755 0.0
6.765 0.0
6.775 0.0
6.785 0.0
6.795 0.0
6.805 0.0
6.815 0.0
6.825 0.0
6.835 0.0
6.845 0.0
6.855 0.0
6.865 0.0
6.875 0.0
6.885 0.0
6.8950000000000005 0.0
6.905 0.0
6.915 0.0
6.925 0.0
6.935 0.0
6.945 0.0
6.955 0.0
6.965 0.0
6.975 0.0
6.985 0.0
6.995 0.0
