0.005 0.0
0.015 0.0
0.025 0.0
0.034999999999999996 0.0
0.045 0.0
0.055 0.0
0.065 0.0
0.07500000000000001 0.0
0.085 0.0
0.095 0.0
0.10500000000000001 0.0
0.115 0.0
0.125 0.0
0.135 0.0
0.14500000000000002 0.0
0.155 0.0
0.165 0.0
0.17500000000000002 0.0
0.185 0.0
0.195 0.0
0.20500000000000002 0.0
0.215 0.0
0.225 0.0
0.23500000000000001 0.0
0.245 0.0
0.255 0.0
0.265 0.0
0.275 0.0
0.28500000000000003 0.0
0.295 0.0
0.305 0.0
0.315 0.0
0.325 0.0
0.335 0.0
0.34500000000000003 0.0
0.35500000000000004 0.0
0.365 0.0
0.375 0.0
0.385 0.0
0.395 0.0
0.405 0.0
0.41500000000000004 0.0
0.425 0.0
0.435 0.0
0.445 0.0
0.455 0.0
0.465 0.0
0.47500000000000003 0.0
0.485 0.0
0.495 0.0
0.505 0.0
0.515 0.0
0.525 0.0
0.535 0.0
0.545 0.0
0.555 0.0
0.5650000000000001 0.0
0.5750000000000001 0.0
0.585 0.0
0.595 0.0
0.605 0.0
0.615 0.0
0.625 0.0
0.635 0.0
0.645 0.0
0.655 0.0
0.665 0.0
0.675 0.0
0.685 0.0
0.6950000000000001 0.0
0.7050000000000001 0.0
0.715 0.0
0.725 0.0
0.735 0.0
0.745 0.0
0.755 0.0
0.765 0.0
0.775 0.0
0.785 0.0
0.795 0.0
0.805 0.0
0.8150000000000001 0.0
0.8250000000000001 0.0
0.8350000000000001 0.0
0.845 0.0
0.855 0.0
0.865 0.0
0.875 0.0
0.885 0.0
0.895 0.0
0.905 0.0
0.915 0.0
0.925 0.0
0.935 0.0
0.9450000000000001 0.0
0.9550000000000001 0.0
0.965 0.0
0.975 0.0
0.985 0.0
0.995 0.0
1.005 0.0
1.015 0.0
1.025 0.0
1.035 0.0
1.045 0.0
1.055 0.0
1.065 0.0
1.075 0.0
1.085 0.0
1.095 0.0
1.105 0.0
1.115 0.0
1.125 0.0
1.135 0.0
1.145 0.0
1.155 0.0
1.1649999999999998 0.0
1.1749999999999998 0.0
1.1849999999999998 0.0
1.1949999999999998 0.0
1.2049999999999998 0.0
1.2149999999999999 0.0
1.2249999999999999 0.0
1.2349999999999999 0.0
1.2449999999999999 0.0
1.255 0.0
1.265 0.0
1.275 0.0
1.285 0.01841477515436817
1.295 0.02733460111850733
1.305 0.04017132127463952
1.315 0.05844892756846999
1.325 0.08419649892367993
1.335 0.12007941792318384
1.345 0.16955092766709556
1.355 0.23702208913776618
1.365 0.32804583514104985
1.375 0.4495078600226877
1.385 0.6098136019545999
1.395 0.8190567226706442
1.405 1.0891505286850434
1.4149999999999998 1.4339000805621471
1.4249999999999998 1.8689897811758012
1.4349999999999998 2.411859582410992
1.4449999999999998 3.081443206945721
1.4549999999999998 3.8977445328180456
1.4649999999999999 4.881234020360685
1.4749999999999999 6.052056072019673
1.4849999999999999 7.429050522966745
1.4949999999999999 9.028606719748764
1.505 10.863386093862536
1.515 12.940967583913048
1.525 15.262488117934224
1.535 17.82136575717827
1.545 20.602204011517607
1.555 23.579980329892113
1.565 26.71961823416344
1.575 29.97602995897078
1.585 33.294694531769345
1.595 36.612805670578794
1.605 39.86098639327105
1.615 42.96552547193481
1.625 45.85104824478413
1.635 48.44349469605997
1.645 50.67324508341889
1.655 52.47821131722222
1.665 53.80670356162413
1.6749999999999998 54.6198877493098
1.6849999999999998 54.89367107599136
1.6949999999999998 54.6198877493098
1.7049999999999998 53.80670356162413
1.7149999999999999 52.47821131722222
1.7249999999999999 50.67324508341889
1.7349999999999999 48.44349469605997
1.7449999999999999 45.85104824478413
1.755 42.96552547193481
1.765 39.86098639327105
1.775 36.612805670578794
1.785 33.294694531769345
1.795 29.97602995897078
1.805 26.71961823416344
1.815 23.579980329892113
1.825 20.602204011517607
1.835 17.82136575717827
1.845 15.262488117934224
1.855 12.940967583913048
1.865 10.863386093862536
1.875 9.028606719748764
1.885 7.429050522966745
1.895 6.052056072019673
1.905 4.881234020360685
1.915 3.8977445328180456
1.9249999999999998 3.081443206945721
1.9349999999999998 2.411859582410992
1.9449999999999998 1.8689897811758012
1.9549999999999998 1.4339000805621471
1.9649999999999999 1.0891505286850434
1.9749999999999999 0.8190567226706442
1.9849999999999999 0.6098136019545999
1.9949999999999999 0.4495078600226877
2.005 0.32804583514104985
2.015 0.23702208913776618
2.025 0.16955092766709556
2.035 0.12007941792318384
2.045 0.08419649892367993
2.0549999999999997 0.05844892756846999
2.065 0.04017132127463952
2.0749999999999997 0.02733460111850733
2.085 0.01841477515436817
2.0949999999999998 0.0
2.105 0.0
2.1149999999999998 0.0
2.125 0.0
2.135 0.0
2.145 0.0
2.155 0.0
2.165 0.0
2.175 0.0
2.185 0.0
2.195 0.0
2.205 0.0
2.215 0.0
2.225 0.0
2.235 0.0
2.245 0.0
2.255 0.0
2.265 0.0
2.275 0.0
2.285 0.0
2.295 0.0
2.305 0.0
2.315 0.0
2.3249999999999997 0.0
2.335 0.0
2.3449999999999998 0.0
2.355 0.0
2.3649999999999998 0.0
2.375 0.0
2.385 0.0
2.395 0.0
2.405 0.0
2.415 0.0
2.425 0.0
2.435 0.0
2.445 0.0
2.455 0.0
2.465 0.0
2.475 0.0
2.485 0.0
2.495 0.0
2.505 0.0
2.515 0.0
2.525 0.0
2.535 0.0
2.545 0.0
2.555 0.0
2.565 0.0
2.5749999999999997 0.0
2.585 0.0
2.5949999999999998 0.0
2.605 0.0
2.6149999999999998 0.0
2.625 0.0
2.635 0.0
2.645 0.0
2.655 0.0
2.665 0.0
2.675 0.0
2.685 0.0
2.695 0.0
2.705 0.0
2.715 0.0
2.725 0.0
2.735 0.0
2.745 0.0
2.755 0.0
2.765 0.0
2.775 0.0
2.785 0.0
2.795 0.0
2.805 0.0
2.815 0.0
2.8249999999999997 0.0
2.835 0.0
2.8449999999999998 0.0
2.855 0.0
2.8649999999999998 0.0
2.875 0.0
2.885 0.0
2.895 0.0
2.905 0.0
2.915 0.0
2.925 0.0
2.935 0.0
2.945 0.0
2.955 0.0
2.965 0.004617395217866491
2.975 0.0068539884646348454
2.985 0.010072719606619776
2.995 0.014655720549488197
3.005 0.021111770751058075
3.015 0.03010919902278464
3.025 0.04251388550943923
3.035 0.05943187748636933
3.045 0.08225553978930863
3.055 0.11271141927409394
3.065 0.15290712951155339
3.075 0.20537359607802363
3.085 0.2730980096433131
3.0949999999999998 0.3595419069407152
3.105 0.4686380585969519
3.1149999999999998 0.6047594286997469
3.125 0.7726535354684076
3.135 0.9773362322064592
3.145 1.2239403649495157
3.155 1.5175170226596402
3.165 1.8627901818230033
3.175 2.263869373494699
3.185 2.723929376229154
3.195 3.2448705637522406
3.205 3.826978013998544
3.215 4.46860134501968
3.225 5.165879978595655
3.235 5.912539659046708
3.245 6.699785168345039
3.255 7.5163110178047345
3.265 8.34844639820921
3.275 9.180443008336375
3.285 9.994904983027803
3.295 10.773349670803496
3.305 11.496877324044423
3.315 12.146917834794646
3.325 12.706014467217269
3.335 13.15859900254335
3.3449999999999998 13.491710522225361
3.355 13.69561161512433
3.3649999999999998 13.764261154027395
3.375 13.69561161512433
3.385 13.491710522225361
3.395 13.15859900254335
3.405 12.706014467217269
3.415 12.146917834794646
3.425 11.496877324044423
3.435 10.773349670803496
3.445 9.994904983027803
3.455 9.180443008336375
3.465 8.34844639820921
3.475 7.5163110178047345
3.485 6.699785168345039
3.495 5.912539659046708
3.505 5.165879978595655
3.515 4.46860134501968
3.525 3.826978013998544
3.535 3.2448705637522406
3.545 2.723929376229154
3.555 2.263869373494699
3.565 1.8627901818230033
3.575 1.5175170226596402
3.585 1.2239403649495157
3.5949999999999998 0.9773362322064592
3.605 0.7726535354684076
3.6149999999999998 0.6047594286997469
3.625 0.4686380585969519
3.635 0.3595419069407152
3.645 0.2730980096433131
3.655 0.20537359607802363
3.665 0.15290712951155339
3.675 0.11271141927409394
3.685 0.08225553978930863
3.695 0.05943187748636933
3.705 0.04251388550943923
3.715 0.03010919902278464
3.725 0.021111770751058075
3.735 0.014655720549488197
3.745 0.010072719606619776
3.755 0.0068539884646348454
3.765 0.004617395217866491
3.775 0.0
3.785 0.0
3.795 0.0029710049102526187
3.805 0.0044101127199273945
3.815 0.0064811648123750615
3.825 0.009430039158731298
3.835 0.013584103505548086
3.8449999999999998 0.022274814411708917
3.855 0.031661860234381105
3.8649999999999998 0.044570080911547745
3.875 0.062135496001338004
3.885 0.08578873169873798
3.895 0.11730586268074504
3.905 0.15885947357982091
3.915 0.21306664068712836
3.925 0.28302956543253266
3.935 0.37236364844857694
3.945 0.4852069778910966
3.955 0.6262046402758291
3.965 0.8004610818720358
3.975 1.0134540908925298
3.985 1.2709049588379027
3.995 1.5786011047964483
4.005 1.9421699489353088
4.015 2.366806070168644
4.025 2.8569575622691037
4.035 3.415981803613215
4.045 4.045785277851427
4.055 4.746466247062721
4.065 5.515982553255467
4.075 6.349869160204369
4.085 7.241030827513683
4.095 8.179634195711085
4.1049999999999995 9.15312035001839
4.115 10.146353590858602
4.125 11.141914844647047
4.135 12.120539285849311
4.145 13.061687896937162
4.155 13.94423261375602
4.165 14.747225236341095
4.175 15.45071229626466
4.185 16.039039433757466
4.195 16.492881229984302
4.205 16.80176234167923
4.215 16.957423461855125
4.225 16.955881480839416
4.235 16.797643107331997
4.245 16.487718213541047
4.255 16.03543312500944
4.265 15.454056731115745
4.275 14.760263764679326
4.285 13.973468946336855
4.295 13.115072183227436
4.305 12.207658209231475
4.315 11.274193837469113
4.325 10.337262574990465
4.335 9.418370230469646
4.345 8.537347066714695
4.355 7.711862895666083
4.365 6.957062216415633
4.375 6.285317936205964
4.385 5.706095127430888
4.395 5.225911184475255
4.405 4.84837591997111
4.415 4.57429457695195
4.425 4.401818173164996
4.435 4.326628567316963
4.445 4.342149529542804
4.455 4.439779228498644
4.465 4.609143250744914
4.475 4.838369976022722
4.485 5.114391437903697
4.495 5.423272503594854
4.505 5.750569337399382
4.515 6.08171491799953
4.525 6.4024252960891035
4.535 6.701262680394316
4.545 6.9624995686782345
4.555 7.17672526191404
4.565 7.334988776151599
4.575 7.430527401020874
4.585 7.458985651769775
4.595 7.418542452302746
4.605 7.307956060222557
4.615 7.135086590231926
4.625 6.902590693837425
4.635 6.618109738191803
4.645 6.290965859698164
4.655 5.929837496834306
4.665 5.550733946227134
4.675 5.164792270070306
4.685 4.780924270329738
4.695 4.412185697682197
4.705 4.069559147212501
4.715 3.7630182856870125
4.725 3.5012948765372243
4.735 3.2917033371108517
4.745 3.1400201231439717
4.755 3.0504128821305896
4.765 3.0254131802248785
4.775 3.0659266027917695
4.785 3.171274920799817
4.795 3.3392664572341038
4.805 3.5662923772712265
4.815 3.8474479665313766
4.825 4.176678721943798
4.835 4.5469510430786455
4.845 4.950446409477359
4.855 5.378776252409676
4.865 5.823212516602593
4.875 6.274926512431694
4.885 6.725226498522709
4.895 7.165782925730283
4.905 7.58882976819118
4.915 7.987331094436387
4.925 8.355104054245883
4.935 8.686892651942665
4.945 8.978390741840544
4.955 9.226217168712681
4.965 9.427850348718977
4.975 9.581533290948297
4.985 9.686162604458895
4.995 9.739517240664634
5.005 9.745357233336158
5.015 9.70152037191028
5.025 9.608629704979013
5.035 9.46760384093739
5.045 9.279686368416304
5.055 9.04650113545949
5.065 8.77012326915559
5.075 8.45315320488448
5.085 8.09878000719015
5.095 7.7108209978379545
5.105 7.293727037704158
5.115 6.852546419276955
5.125 6.392844750365047
5.135 5.92058290090965
5.145 5.441959489923414
5.155 4.963228017581515
5.165 4.490501227526852
5.175 4.029556403470091
5.185 3.585655021203577
5.195 3.1633886142890315
5.205 2.7665601250002294
5.215 2.3981067484714558
5.225 2.0600667249586166
5.235 1.7535890712417708
5.245 1.478982194433898
5.255 1.235794944112915
5.265 1.0229220765359686
5.275 0.8387253704286467
5.285 0.6811616981171459
5.295 0.5479100965748361
5.305 0.4364911304187989
5.315 0.34437340152111773
5.325 0.26906374870914584
5.335 0.20817932900477626
5.345 0.158069376617985
5.355 0.12006509201457005
5.365 0.09029066064112495
5.375 0.06722424890048247
5.385 0.04955256519046632
5.395 0.03616291076749445
5.405 0.02612869221683216
5.415 0.018690848689283744
5.425 0.013237239465337702
5.435 0.009281600774487234
5.445 0.006443256172435496
5.455 0.004428380887818673
5.465 0.0030132945924724506
5.475 0.002029996419325242
5.485 0.0
5.495 0.0
5.505 0.0
5.515 0.0
5.525 0.0
5.535 0.0
5.545 0.0
5.555 0.0
5.565 0.0
5.575 0.0
5.585 0.0
5.595 0.0
5.605 0.0
5.615 0.0
5.625 0.0
5.635 0.0
5.645 0.0
5.655 0.0
5.665 0.0
5.675 0.0
5.685 0.0
5.695 0.0
5.705 0.0
5.715 0.0
5.725 0.0013936548259646932
5.735 0.002068719191262627
5.745 0.0030402193505197008
5.755 0.004423493053562288
5.765 0.006372103708607227
5.775 0.009087771036290906
5.785 0.012831841095490472
5.795 0.01793814888414343
5.805 0.024826947787819933
5.815 0.03401935636890349
5.825 0.04615150943623349
5.835 0.06198730881696362
5.845 0.08242836949023767
5.855 0.10851947691322025
5.865 0.14144764768395687
5.875 0.18253276069889643
5.885 0.2332077454270374
5.895 0.29498652212708754
5.905 0.36941832263018576
5.915 0.45802770227028267
5.925 0.5622404849842638
5.935 0.6832970384506903
5.945 0.8234542827604507
5.955 0.981317493078432
5.965 1.1579185722368293
5.975 1.3528668685107341
5.985 1.5651402539514663
5.995 1.7930329622000745
6.005 2.034133895420542
6.015 2.2853418374365795
6.025 2.54292218384674
6.035 2.8026072787934466
6.045 3.0597393656515663
6.055 3.3107065279748302
6.065 3.548742689544891
6.075 3.7701303755853703
6.085 3.9708106460477453
6.095 4.147452792138959
6.105 4.297661764082421
6.115 4.4201446112476885
6.125 4.514822193496102
6.135 4.582875561604274
6.1450000000000005 4.626720574766322
6.155 4.651126015960741
6.165 4.6587674147015
6.175 4.6557892347902206
6.185 4.648011959476863
6.195 4.641443146500014
6.205 4.641966431272639
6.215 4.655039920927672
6.225 4.6854229991880985
6.235 4.7369482366944595
6.245 4.812351504016617
6.255 4.913168840989916
6.265 5.039703552151184
6.275 5.191061819779181
6.285 5.365250296074752
6.295 5.559325052104599
6.305 5.7695782398360755
6.315 5.991747073076509
6.325 6.221229337559258
6.335 6.453290557141255
6.345 6.683250012526219
6.355 6.90663577571608
6.365 7.119302465949751
6.375 7.317509198116394
6.385 7.497958833621377
6.3950000000000005 7.657802844593997
6.405 7.794618617067228
6.415 7.906367681097107
6.425 7.9913440896749846
6.435 8.048121986519792
6.445 8.075510397316195
6.455 8.072521604633753
6.465 8.038357321834964
6.475 7.97241448628887
6.485 7.8743100700920134
6.495 7.743922065300088
6.505 7.5814419196906115
6.515 7.387432318709971
6.525 7.163973678784413
6.535 6.9099493585526215
6.545 6.63030119396525
6.555 6.326263579506689
6.565 6.000988642551494
6.575 5.658124785709518
6.585 5.301762906446298
6.595 4.937427440394467
6.605 4.569291134710559
6.615 4.201392822087277
6.625 3.839516337214069
6.635 3.4887015457419883
6.6450000000000005 3.1538557135366987
6.655 2.839665280869749
6.665 2.5505248559491394
6.675 2.291575936077419
6.685 2.0648421153609258
6.695 1.8744040999064189
6.705 1.7232493292999544
6.715 1.6140143927897985
6.725 1.5490040895401604
6.735 1.5302078208314747
6.745 1.5593071027249175
6.755 1.6368026974260472
6.765 1.7657488809865924
6.775 1.9455327440418757
6.785 2.1763794144764734
6.795 2.457974572667321
6.805 2.7893720322891733
6.815 3.168894280360117
6.825 3.5940339889283717
6.835 4.0613653994901675
6.845 4.566474748048302
6.855 5.103918509301204
6.865 5.666380279908463
6.875 6.248338225626574
6.885 6.840178962617126
6.8950000000000005 7.432741237587625
6.905 8.016238443445848
6.915 8.58047711405923
6.925 9.115110063030107
6.935 9.609915236541141
6.945 10.055089390764463
6.955 10.44154431257267
6.965 10.760380993591491
6.975 11.006673905919927
6.985 11.173910945194303
6.995 11.258455064766183
