0.005 0.0
0.015 0.0
0.025 0.0
0.034999999999999996 0.0
0.045 0.0
0.055 0.0
0.065 0.0
0.07500000000000001 0.0
0.085 0.0
0.095 0.0
0.10500000000000001 0.0
0.115 0.0
0.125 0.0
0.135 0.0
0.14500000000000002 0.0
0.155 0.0
0.165 0.0
0.17500000000000002 0.0
0.185 0.0
0.195 0.0
0.20500000000000002 0.0
0.215 0.0
0.225 0.0
0.23500000000000001 0.0
0.245 0.0
0.255 0.0
0.265 0.0
0.275 0.0
0.28500000000000003 0.0
0.295 0.0
0.305 0.0
0.315 0.0
0.325 0.0
0.335 0.0
0.34500000000000003 0.0
0.35500000000000004 0.0
0.365 0.0
0.375 0.0
0.385 0.0
0.395 0.0
0.405 0.0
0.41500000000000004 0.0
0.425 0.0
0.435 0.0
0.445 0.0
0.455 0.0
0.465 0.0
0.47500000000000003 0.0
0.485 0.0
0.495 0.0
0.505 0.0
0.515 0.0
0.525 0.0
0.535 0.0
0.545 0.0
0.555 0.0
0.5650000000000001 0.0
0.5750000000000001 0.0
0.585 0.0
0.595 0.0
0.605 0.0
0.615 0.0
0.625 0.0
0.635 0.0
0.645 0.0
0.655 0.0
0.665 0.0
0.675 0.0
0.685 0.0
0.6950000000000001 0.0
0.7050000000000001 0.0
0.715 0.0
0.725 0.0
0.735 0.0
0.745 0.0
0.755 0.0
0.765 0.0
0.775 0.0
0.785 0.0
0.795 0.0
0.805 0.0
0.8150000000000001 0.0
0.8250000000000001 0.0
0.8350000000000001 0.0
0.845 0.0
0.855 0.0
0.865 0.0
0.875 0.0
0.885 0.0
0.895 0.0
0.905 0.0
0.915 0.0
0.925 0.0
0.935 0.0
0.9450000000000001 0.0
0.9550000000000001 0.0
0.965 0.0
0.975 0.0
0.985 0.0
0.995 0.0
1.005 0.0
1.015 0.0
1.025 0.0
1.035 0.0
1.045 0.0
1.055 0.0
1.065 0.0
1.075 0.0
1.085 0.0
1.095 0.0
1.105 0.0
1.115 0.0
1.125 0.0
1.135 0.0
1.145 0.0
1.155 0.0
1.1649999999999998 0.0
1.1749999999999998 0.0
1.1849999999999998 0.0
1.1949999999999998 0.0
1.2049999999999998 0.0
1.2149999999999999 0.0
1.2249999999999999 0.0
1.2349999999999999 0.0
1.2449999999999999 0.0
1.255 0.0
1.265 0.0
1.275 0.0
1.285 0.0
1.295 0.0
1.305 0.0
1.315 0.0
1.325 0.0
1.335 0.0
1.345 0.0
1.355 0.01697509013239722
1.365 0.025197555431988025
1.375 0.03703068832815672
1.385 0.05387933359487047
1.395 0.07761393479315556
1.405 0.1106914923046628
1.4149999999999998 0.1562952713271541
1.4249999999999998 0.21849147180753176
1.4349999999999998 0.3023988928670634
1.4449999999999998 0.41436489857418113
1.4549999999999998 0.562137781773872
1.4649999999999999 0.7550220719139216
1.4749999999999999 1.0039996816247336
1.4849999999999999 1.3217963784162878
1.4949999999999999 1.722870343299456
1.505 2.223298055768048
1.515 2.8405329816562452
1.525 3.593015076371971
1.535 4.499614399760466
1.545 5.578900445302818
1.555 6.848240131543443
1.565 8.322741469984624
1.575 10.014076009100982
1.585 11.929230158710126
1.595 14.069251960707117
1.605 16.428074058713555
1.615 18.991503675166452
1.625 21.73647454637118
1.635 24.63065250734695
1.645 27.632474798057203
1.655 30.69168294858876
1.665 33.750380933138445
1.6749999999999998 36.74461572948006
1.6849999999999998 39.60643892515269
1.6949999999999998 42.266368722698054
1.7049999999999998 44.65613519038049
1.7149999999999999 46.71156152498804
1.7249999999999999 48.37541374408381
1.7349999999999999 49.60004317343439
1.7449999999999999 50.34965183085696
1.755 50.60203051092271
1.765 50.34965183085696
1.775 49.60004317343439
1.785 48.37541374408381
1.795 46.71156152498804
1.805 44.65613519038049
1.815 42.266368722698054
1.825 39.60643892515269
1.835 36.74461572948006
1.845 33.750380933138445
1.855 30.69168294858876
1.865 27.632474798057203
1.875 24.63065250734695
1.885 21.73647454637118
1.895 18.991503675166452
1.905 16.428074058713555
1.915 14.069251960707117
1.9249999999999998 11.929230158710126
1.9349999999999998 10.014076009100982
1.9449999999999998 8.322741469984624
1.9549999999999998 6.848240131543443
1.9649999999999999 5.578900445302818
1.9749999999999999 4.499614399760466
1.9849999999999999 3.593015076371971
1.9949999999999999 2.8405329816562452
2.005 2.223298055768048
2.015 1.722870343299456
2.025 1.3217963784162878
2.035 1.0039996816247336
2.045 0.7550220719139216
2.0549999999999997 0.562137781773872
2.065 0.41436489857418113
2.0749999999999997 0.3023988928670634
2.085 0.21849147180753176
2.0949999999999998 0.1562952713271541
2.105 0.1106914923046628
2.1149999999999998 0.07761393479315556
2.125 0.05387933359487047
2.135 0.03703068832815672
2.145 0.025197555431988025
2.155 0.01697509013239722
2.165 0.0
2.175 0.0
2.185 0.0
2.195 0.0
2.205 0.0
2.215 0.0
2.225 0.0
2.235 0.0
2.245 0.0
2.255 0.0
2.265 0.0
2.275 0.0
2.285 0.0
2.295 0.0
2.305 0.0
2.315 0.0
2.3249999999999997 0.0
2.335 0.0
2.3449999999999998 0.0
2.355 0.0
2.3649999999999998 0.0
2.375 0.0
2.385 0.0
2.395 0.0
2.405 0.0
2.415 0.0
2.425 0.0
2.435 0.0
2.445 0.0
2.455 0.0
2.465 0.0
2.475 0.0
2.485 0.0
2.495 0.0
2.505 0.0
2.515 0.0
2.525 0.0
2.535 0.0
2.545 0.0
2.555 0.0
2.565 0.0
2.5749999999999997 0.0
2.585 0.0
2.5949999999999998 0.0
2.605 0.0
2.6149999999999998 0.0
2.625 0.0
2.635 0.0
2.645 0.0
2.655 0.0
2.665 0.0
2.675 0.0
2.685 0.0
2.695 0.0
2.705 0.0
2.715 0.0
2.725 0.0
2.735 0.0
2.745 0.0
2.755 0.0
2.765 0.0
2.775 0.0
2.785 0.0
2.795 0.0
2.805 0.0
2.815 0.0
2.8249999999999997 0.0
2.835 0.0
2.8449999999999998 0.0
2.855 0.0
2.8649999999999998 0.0
2.875 0.0
2.885 0.0
2.895 0.0
2.905 0.0
2.915 0.0
2.925 0.0
2.935 0.0
2.945 0.0
2.955 0.0
2.965 0.0
2.975 0.0
2.985 0.0
2.995 0.0
3.005 0.0
3.015 0.0
3.025 0.0
3.035 0.004431122087942608
3.045 0.006577487575382476
3.055 0.009666369939883282
3.065 0.014064485273053632
3.075 0.02026008805324211
3.085 0.028894545635573244
3.0949999999999998 0.04079880717080656
3.105 0.057034300212974474
3.1149999999999998 0.07893721936682319
3.125 0.10816445981844448
3.135 0.14673861062636379
3.145 0.1970884957692714
3.155 0.26208079785355687
3.165 0.3450374096679879
3.175 0.44973244756358627
3.185 0.5803624632420376
3.195 0.7414834524221148
3.205 0.9379089208390708
3.215 1.1745646472857656
3.225 1.460276743439021
3.235 1.793548293324452
3.245 2.181220875304147
3.255 2.6266704738701177
3.265 3.1321592119307406
3.275 3.6985365632924156
3.285 4.324964850661026
3.295 5.0086923144289415
3.305 5.744897607892726
3.315 6.526628085030676
3.325 7.3448504612345475
3.335 8.18862631852112
3.3449999999999998 9.045416718142436
3.355 9.901510364969488
3.3649999999999998 10.74255908069347
3.375 11.554193730210542
3.385 12.32268427174549
3.395 13.035600343737567
3.405 13.682424728074492
3.415 14.255071874435417
3.425 14.748267826882696
3.435 15.159756334111123
3.445 15.490308167206727
3.455 15.74352579433415
3.465 15.92545228450644
3.475 16.04401009828355
3.485 16.10831064452575
3.495 16.127887593033616
3.505 16.111914641283363
3.515 16.068470853056766
3.525 16.003913445978455
3.535 15.922409200969852
3.545 15.825662255810794
3.555 15.71285917011267
3.565 15.580833410698466
3.575 15.424432593918073
3.585 15.23705472229225
3.5949999999999998 15.01130586357149
3.605 14.739722480265758
3.6149999999999998 14.415497685444368
3.625 14.033152285529516
3.635 13.589098227507275
3.645 13.08205315189539
3.655 12.513278928858089
3.665 11.886632844522328
3.675 11.208435952749126
3.685 10.487177549136137
3.695 9.733086530251363
3.705 8.95760869116315
3.715 8.172833320190065
3.725 7.390912730858386
3.735 6.623514980652478
3.745 5.881343637715507
3.755 5.173749961926862
3.765 4.508453260458634
3.775 3.8913754437591384
3.785 3.326586819273625
3.795 2.81635260489031
3.805 2.3612639792521737
3.815 1.960433924441472
3.825 1.6117366412304723
3.835 1.312069719026279
3.8449999999999998 1.054664717206105
3.855 0.8421668820423466
3.8649999999999998 0.665792587465401
3.875 0.5211188797369654
3.885 0.4038236173071709
3.895 0.3098158819388344
3.905 0.23532750725309665
3.915 0.17696963988777656
3.925 0.1317594869189166
3.935 0.09712299760578139
3.945 0.07087928308835946
3.955 0.05396893029447604
3.965 0.04072606798836741
3.975 0.03195866651685067
3.985 0.026941792237926185
3.995 0.025233074608464988
4.005 0.026655627577901252
4.015 0.033970282706786245
4.025 0.04344277569338065
4.035 0.05496011891827781
4.045 0.07580541132999159
4.055 0.10618805888063734
4.065 0.14401468319215655
4.075 0.1934903581377557
4.085 0.2575422443115452
4.095 0.3396174220084911
4.1049999999999995 0.44628712459016184
4.115 0.578199575821485
4.125 0.7423269324927312
4.135 0.9444765136461745
4.145 1.1909436994222709
4.155 1.4884087452223218
4.165 1.8437925089846794
4.175 2.2640696659370843
4.185 2.756040287707438
4.195 3.3260633344467037
4.205 3.9797585015689148
4.215 4.7216857863850725
4.225 5.555014874669555
4.235 6.481198762415267
4.245 7.499667703469595
4.255 8.607560421823255
4.265 9.799509413543108
4.275 11.067496022114565
4.285 12.400788814690078
4.295 13.785975706698082
4.305 15.207096441023012
4.315 16.645877644317
4.325 18.082068011429865
4.335 19.493866476466277
4.345 20.858431772576793
4.355 22.15245779016707
4.365 23.35509852249782
4.375 24.440520178588308
4.385 25.389510912096004
4.395 26.183455195863235
4.405 26.80646613266176
4.415 27.245916339487533
4.425 27.492882592363046
4.435 27.54248618589269
4.445 27.394114312213095
4.455 27.051511752185593
4.465 26.52273669045639
4.475 25.819979377231242
4.485 24.95924749029715
4.495 23.959927194245207
4.505 22.84640696525126
4.515 21.63979630964047
4.525 20.36755777644536
4.535 19.056471566271917
4.545 17.733323812997245
4.555 16.424157086814674
4.565 15.153559361169425
4.575 13.944016376308262
4.585 12.815349413091274
4.595 11.784256701001528
4.605 10.866059412370074
4.615 10.067149070642536
4.625 9.39483678683753
4.635 8.851366347451524
4.645 8.435485306262649
4.655 8.142737815831108
4.665 7.9658561091986915
4.675 7.895231612468438
4.685 7.919443499447097
4.695 8.025820147152135
4.705 8.201007582414887
4.715 8.431518788698277
4.725 8.704238805291471
4.735 9.006862978230993
4.745 9.32824950665447
4.755 9.658672451503262
4.765 9.988128732168521
4.775 10.314354439669046
4.785 10.631594254221783
4.795 10.933308252812695
4.805 11.218448998505684
4.815 11.485567236749105
4.825 11.732029388928334
4.835 11.961491114340747
4.845 12.170876088029877
4.855 12.361488108436244
4.865 12.527764773227464
4.875 12.673833977130755
4.885 12.79551102168097
4.895 12.890911151300086
4.905 12.957968714788192
4.915 12.992924366163622
4.925 12.99802186623826
4.935 12.969511673003085
4.945 12.906964074912745
4.955 12.810919534835808
4.965 12.683066189221112
4.975 12.526351747908436
4.985 12.34501704525777
4.995 12.144543164839577
5.005 11.931509357912354
5.015 11.71336464275424
5.025 11.498121719125491
5.035 11.293987340836207
5.045 11.10894821743628
5.055 10.950335513986415
5.065 10.824393753852789
5.075 10.735881120872168
5.085 10.687727604959203
5.095 10.680775055286201
5.105 10.713619052054678
5.115 10.782566785034039
5.125 10.881718181420801
5.135 11.003169825655426
5.145 11.137333312820955
5.155 11.273352165301006
5.165 11.399594893361737
5.175 11.502660836897045
5.185 11.574604908563188
5.195 11.602532575367682
5.205 11.577203593455156
5.215 11.491163475712769
5.225 11.339081126288178
5.235 11.117973720727216
5.245 10.827309836728281
5.255 10.468989410920994
5.265 10.047206484723915
5.275 9.568207394188986
5.285 9.039962616865948
5.295 8.471774581105898
5.305 7.873846164323041
5.315 7.2553858472707
5.325 6.630462885879105
5.335 6.0072703153262115
5.345 5.395419944223162
5.355 4.803487009611079
5.365 4.2403727904033595
5.375 3.7096389468536115
5.385 3.2169342829619043
5.395 2.7654575295400807
5.405 2.3570848021490995
5.415 1.991106688641012
5.425 1.6704370961286674
5.435 1.3918805212051186
5.445 1.1536818474171548
5.455 0.9536504988634439
5.465 0.7893609301538
5.475 0.6583339362718545
5.485 0.5581922917488245
5.495 0.48678603928470277
5.505 0.4422844192200202
5.515 0.4232329098460411
5.525 0.42857512725411595
5.535 0.457640443338246
5.545 0.5100991783838223
5.555 0.5858881769877398
5.565 0.6851105425311794
5.575 0.8079143231755961
5.585 0.9543560135621555
5.595 1.1229586998039802
5.605 1.3161961193827427
5.615 1.5311076882942263
5.625 1.7660230643783508
5.635 2.0185305700377083
5.645 2.285425058026874
5.655 2.5626980630946794
5.665 2.8443130093187703
5.675 3.1277739874477595
5.685 3.405260920909679
5.695 3.6704767762753474
5.705 3.9169824155948367
5.715 4.138451009045671
5.725 4.328935052329113
5.735 4.483130458305559
5.745 4.596621446184301
5.755 4.666090483114484
5.765 4.689479358992948
5.775 4.666090483114484
5.785 4.596621446184301
5.795 4.483130458305559
5.805 4.328935052329113
5.815 4.139804592839175
5.825 3.9189916539790013
5.835 3.673429581779905
5.845 3.409557227567848
5.855 3.1339628773721566
5.865 2.853139484400423
5.875 2.573267646042318
5.885 2.300037039885301
5.895 2.0385134763017856
5.905 1.7930548667711197
5.915 1.5672755836089742
5.925 1.3653621134968836
5.935 1.1875246689755554
5.945 1.03629212969716
5.955 0.912828415613851
5.965 0.8179120045440097
5.975 0.7520421440821328
5.985 0.7155341891706488
5.995 0.7085964268059284
6.005 0.7313827694825751
6.015 0.7840179696656207
6.025 0.8678609193117867
6.035 0.9810215806306535
6.045 1.1243351265465253
6.055 1.2976298087100426
6.065 1.5004951680833871
6.075 1.732202795831975
6.085 1.9916323681634736
6.095 2.277210593911741
6.105 2.5868697787626638
6.115 2.9180312184389665
6.125 3.2676166826661976
6.135 3.6320889854657152
6.1450000000000005 4.007520236214478
6.155 4.389684035311142
6.165 4.774165829460998
6.175 5.155434818883366
6.185 5.531521020045181
6.195 5.8978538744282645
6.205 6.2486754887641105
6.215 6.5812760132325785
6.225 6.893772315553013
6.235 7.181761458745713
6.245 7.444003076683244
6.255 7.678965610848679
6.265 7.885596539380889
6.275 8.063285775899736
6.285 8.21182369266289
6.295 8.331360671174583
6.305 8.422374273290098
6.315 8.485648608558627
6.325 8.522268393011661
6.335 8.533627751068995
6.345 8.521451244744963
6.355 8.487822181018633
6.365 8.435211205624002
6.375 8.36649677399768
6.385 8.284968490168662
6.3950000000000005 8.194304654375122
6.405 8.098516716699324
6.415 8.001855665677544
6.425 7.908678561654513
6.435 7.823277234274285
6.445 7.749675296402099
6.455 7.6914037112380775
6.465 7.65126877640375
6.475 7.631129149427805
6.485 7.6317000673461095
6.495 7.652402929968042
6.505 7.691276769153113
6.515 7.744964818723373
6.525 7.808784605638252
6.535 7.876884043636057
6.545 7.942479409100227
6.555 7.998164398565554
6.565 8.037351101085273
6.575 8.050876411833089
6.585 8.032534132234122
6.595 7.976343596054747
6.605 7.877612575048299
6.615 7.73321463582207
6.625 7.540879230068354
6.635 7.304284271902791
6.6450000000000005 7.02282657849278
6.655 6.701413352019923
6.665 6.345808359142424
6.675 5.9630973761965205
6.685 5.561381519368704
6.695 5.149438943673335
6.705 4.736376812658978
6.715 4.331293888030617
6.725 3.942971006614533
6.735 3.5787308423567166
6.745 3.2480013890583552
6.755 2.955934207603894
6.765 2.707888063916327
6.775 2.5080569413153277
6.785 2.359443668216074
6.795 2.2638636877509994
6.805 2.221970249392408
6.815 2.233293232137466
6.825 2.2962855879987725
6.835 2.4075289550916166
6.845 2.565452731063413
6.855 2.764367988782789
6.865 2.998988249798065
6.875 3.263241503920606
6.885 3.550364193243999
6.8950000000000005 3.8530151038553093
6.905 4.163412399256984
6.915 4.473495104514434
6.925 4.775107965540955
6.935 5.060206017547956
6.945 5.32107267235231
6.955 5.550542939174447
6.965 5.7422217577762105
6.975 5.89187775253842
6.985 5.9934310608892725
6.995 6.044761838274871
