0.005 0.0
0.015 0.0
0.025 0.0
0.034999999999999996 0.0
0.045 0.0
0.055 0.0
0.065 0.0
0.07500000000000001 0.0
0.085 0.0
0.095 0.0
0.10500000000000001 0.0
0.115 0.0
0.125 0.0
0.135 0.0
0.14500000000000002 0.0
0.155 0.0
0.165 0.0
0.17500000000000002 0.0
0.185 0.0
0.195 0.0
0.20500000000000002 0.0
0.215 0.0
0.225 0.0
0.23500000000000001 0.0
0.245 0.0
0.255 0.0
0.265 0.0
0.275 0.0
0.28500000000000003 0.0
0.295 0.0
0.305 0.0
0.315 0.0
0.325 0.0
0.335 0.0
0.34500000000000003 0.0
0.35500000000000004 0.0
0.365 0.0
0.375 0.0
0.385 0.0
0.395 0.0
0.405 0.0
0.41500000000000004 0.0
0.425 0.0
0.435 0.0
0.445 0.0
0.455 0.0
0.465 0.0
0.47500000000000003 0.0
0.485 0.0
0.495 0.0
0.505 0.0
0.515 0.0
0.525 0.0
0.535 0.0
0.545 0.0
0.555 0.0
0.5650000000000001 0.0
0.5750000000000001 0.0
0.585 0.0
0.595 0.0
0.605 0.0
0.615 0.0
0.625 0.0
0.635 0.0
0.645 0.0
0.655 0.0
0.665 0.0
0.675 0.0
0.685 0.0
0.6950000000000001 0.0
0.7050000000000001 0.0
0.715 0.0
0.725 0.0
0.735 0.0
0.745 0.0
0.755 0.0
0.765 0.0
0.775 0.0
0.785 0.0
0.795 0.0
0.805 0.0
0.8150000000000001 0.0
0.8250000000000001 0.0
0.8350000000000001 0.0
0.845 0.0
0.855 0.0
0.865 0.0
0.875 0.0
0.885 0.0
0.895 0.0
0.905 0.0
0.915 0.0
0.925 0.0
0.935 0.0
0.9450000000000001 0.0
0.9550000000000001 0.0
0.965 0.0
0.975 0.0
0.985 0.0
0.995 0.0
1.005 0.0
1.015 0.0
1.025 0.0
1.035 0.0
1.045 0.0
1.055 0.0
1.065 0.0
1.075 0.0
1.085 0.0
1.095 0.0
1.105 0.0
1.115 0.0
1.125 0.0
1.135 0.0
1.145 0.0
1.155 0.0
1.1649999999999998 0.0
1.1749999999999998 0.0
1.1849999999999998 0.0
1.1949999999999998 0.0
1.2049999999999998 0.0
1.2149999999999999 0.0
1.2249999999999999 0.0
1.2349999999999999 0.0
1.2449999999999999 0.0
1.255 0.0
1.265 0.0
1.275 0.0
1.285 0.0
1.295 0.0
1.305 0.0
1.315 0.0
1.325 0.0
1.335 0.0
1.345 0.0
1.355 0.0
1.365 0.0
1.375 0.0
1.385 0.0
1.395 0.0
1.405 0.0
1.4149999999999998 0.015871323659765357
1.4249999999999998 0.02355914192954475
1.4349999999999998 0.03462285238052354
1.4449999999999998 0.0503759529632551
1.4549999999999998 0.072567265917435
1.4649999999999999 0.10349403078554564
1.4749999999999999 0.14613252821496478
1.4849999999999999 0.20428456278636087
1.4949999999999999 0.2827360953971025
1.505 0.3874217672615055
1.515 0.5255860561758163
1.525 0.7059284858077051
1.535 0.938716894996375
1.545 1.2358495872792157
1.555 1.6108446334626427
1.565 2.078733176672598
1.575 2.6558338109830104
1.585 3.359387475809703
1.595 4.207037248446939
1.605 5.216145183466302
1.615 6.402948955191839
1.625 7.781574211177585
1.635 9.362933584110994
1.645 11.153559208465008
1.655 13.154430979603697
1.665 15.359876057142145
1.6749999999999998 17.75662451646868
1.6849999999999998 20.323109925012776
1.6949999999999998 23.029100573035297
1.7049999999999998 25.835736224060998
1.7149999999999999 28.696026350415796
1.7249999999999999 31.555839483166714
1.7349999999999999 34.35538099931878
1.7449999999999999 37.03112067676873
1.755 39.518094613273824
1.765 41.75247197351266
1.775 43.67424890435213
1.785 45.22991293236743
1.795 46.37491362955972
1.805 47.07578069579164
1.815 47.311749028501886
1.825 47.07578069579164
1.835 46.37491362955972
1.845 45.22991293236743
1.855 43.67424890435213
1.865 41.75247197351266
1.875 39.518094613273824
1.885 37.03112067676873
1.895 34.35538099931878
1.905 31.555839483166714
1.915 28.696026350415796
1.9249999999999998 25.835736224060998
1.9349999999999998 23.029100573035297
1.9449999999999998 20.323109925012776
1.9549999999999998 17.75662451646868
1.9649999999999999 15.359876057142145
1.9749999999999999 13.154430979603697
1.9849999999999999 11.153559208465008
1.9949999999999999 9.362933584110994
2.005 7.781574211177585
2.015 6.402948955191839
2.025 5.216145183466302
2.035 4.207037248446939
2.045 3.359387475809703
2.0549999999999997 2.6558338109830104
2.065 2.078733176672598
2.0749999999999997 1.6108446334626427
2.085 1.2358495872792157
2.0949999999999998 0.938716894996375
2.105 0.7059284858077051
2.1149999999999998 0.5255860561758163
2.125 0.3874217672615055
2.135 0.2827360953971025
2.145 0.20428456278636087
2.155 0.14613252821496478
2.165 0.10349403078554564
2.175 0.072567265917435
2.185 0.0503759529632551
2.195 0.03462285238052354
2.205 0.02355914192954475
2.215 0.015871323659765357
2.225 0.0
2.235 0.0
2.245 0.0
2.255 0.0
2.265 0.0
2.275 0.0
2.285 0.0
2.295 0.0
2.305 0.0
2.315 0.0
2.3249999999999997 0.0
2.335 0.0
2.3449999999999998 0.0
2.355 0.0
2.3649999999999998 0.0
2.375 0.0
2.385 0.0
2.395 0.0
2.405 0.0
2.415 0.0
2.425 0.0
2.435 0.0
2.445 0.0
2.455 0.0
2.465 0.0
2.475 0.0
2.485 0.0
2.495 0.0
2.505 0.0
2.515 0.0
2.525 0.0
2.535 0.0
2.545 0.0
2.555 0.0
2.565 0.0
2.5749999999999997 0.0
2.585 0.0
2.5949999999999998 0.005828723428466103
2.605 0.008652064910465428
2.6149999999999998 0.012715198502458395
2.625 0.018500504656243172
2.635 0.02665023611514809
2.645 0.03800805117945785
2.655 0.05366698513160695
2.665 0.07502324586860702
2.675 0.10383447144310094
2.685 0.1422801512932075
2.695 0.19302081067587357
2.705 0.25925133859375926
2.715 0.3447425858016443
2.725 0.4538641891410477
2.735 0.591580642922974
2.745 0.7634121153434072
2.755 0.9753515893215644
2.765 1.233730777930409
2.775 1.5450290788673118
2.785 1.915622684592152
2.795 2.3514748603489184
2.805 2.857773232236446
2.815 3.4385254507302183
2.8249999999999997 4.096130433907676
2.835 4.830948047095016
2.8449999999999998 5.640894946875752
2.855 6.5210977703132995
2.8649999999999998 7.46363627247491
2.875 8.4574078964084
2.885 9.488141269691745
2.895 10.538579180800475
2.905 11.588841916614832
2.915 12.61696997788835
2.925 13.599631971353073
2.935 14.512969986533221
2.945 15.333542230338809
2.955 16.03931236402124
2.965 16.61062799977387
2.975 17.031128049574598
2.985 17.288520588266405
2.995 17.375179658343274
3.005 17.288520588266405
3.015 17.031128049574598
3.025 16.61062799977387
3.035 16.03931236402124
3.045 15.333542230338809
3.055 14.512969986533221
3.065 13.599631971353073
3.075 12.61696997788835
3.085 11.588841916614832
3.0949999999999998 10.538579180800475
3.105 9.488141269691745
3.1149999999999998 8.4574078964084
3.125 7.46363627247491
3.135 6.5210977703132995
3.145 5.640894946875752
3.155 4.830948047095016
3.165 4.096130433907676
3.175 3.4385254507302183
3.185 2.857773232236446
3.195 2.3514748603489184
3.205 1.915622684592152
3.215 1.5450290788673118
3.225 1.233730777930409
3.235 0.9753515893215644
3.245 0.7634121153434072
3.255 0.591580642922974
3.265 0.4538641891410477
3.275 0.3447425858016443
3.285 0.25925133859375926
3.295 0.19302081067587357
3.305 0.1422801512932075
3.315 0.10383447144310094
3.325 0.07502324586860702
3.335 0.05366698513160695
3.3449999999999998 0.03800805117945785
3.355 0.02665023611514809
3.3649999999999998 0.018500504656243172
3.375 0.012715198502458395
3.385 0.008652064910465428
3.395 0.005828723428466103
3.405 0.0
3.415 0.0
3.425 0.0
3.435 0.0
3.445 0.0
3.455 0.0
3.465 0.0
3.475 0.0
3.485 0.0
3.495 0.0
3.505 0.0
3.515 0.0
3.525 0.0
3.535 0.0
3.545 0.0
3.555 0.0
3.565 0.0
3.575 0.0
3.585 0.0
3.5949999999999998 0.0
3.605 0.0
3.6149999999999998 0.0
3.625 0.0
3.635 0.0
3.645 0.0
3.655 0.0
3.665 0.0
3.675 0.0
3.685 0.0
3.695 0.0
3.705 0.0
3.715 0.003087646783984286
3.725 0.004583254073294074
3.735 0.006735615824916436
3.745 0.009800263197419907
3.755 0.014117416419432602
3.765 0.02013398618583051
3.775 0.02842898553712057
3.785 0.042727247210942586
3.795 0.05943539698961301
3.805 0.08188216940882188
3.815 0.11172397761788738
3.825 0.15098218268722244
3.835 0.2020864008431787
3.8449999999999998 0.2679111630821743
3.855 0.3518013858640521
3.8649999999999998 0.45758145140579276
3.875 0.589542259881142
3.885 0.7524005125765788
3.895 0.9512248216966547
3.905 1.1913241113023005
3.915 1.478095238077831
3.925 1.8168288400517771
3.935 2.2124750794954835
3.945 2.669374080927135
3.955 3.190959305402274
3.965 3.7794456118970157
3.975 4.435517046462568
3.985 5.158032148381713
3.995 5.9437664435159885
4.005 6.787212510157883
4.015 7.680457316322821
4.025 8.613154298861346
4.035 9.572603864625489
4.045 10.543950760313422
4.055 11.510500339653166
4.065 12.45414854335593
4.075 13.355912892442516
4.085 14.196544539351429
4.095 14.95978266746102
4.1049999999999995 15.623947269998592
4.115 16.174933967898458
4.125 16.599368746807208
4.135 16.886900038641087
4.145 17.03318706348123
4.155 17.031325277554522
4.165 16.884065445494087
4.175 16.596512395463026
4.185 16.17768021519901
4.195 15.640210445518804
4.205 14.999958090548013
4.215 14.27546851851442
4.225 13.487372849297138
4.235 12.65773179845307
4.245 11.809358101428597
4.255 10.965145709660277
4.265 10.147430255387421
4.275 9.37740030291122
4.285 8.674573224565307
4.295 8.056343786741339
4.305 7.537608307477324
4.315 7.130463064664958
4.325 6.843972858013704
4.335 6.684004435189895
4.345 6.653119850682116
4.355 6.750526496942237
4.365 6.972083115338005
4.375 7.31036401544139
4.385 7.75478639980258
4.395 8.29180751723202
4.405 8.905198852454069
4.415 9.578658512772087
4.425 10.288326306118034
4.435 11.014044928277297
4.445 11.733448123264898
4.455 12.424144958591437
4.465 13.064443285897884
4.475 13.636288918394087
4.485 14.118253804413865
4.495 14.496677262968138
4.505 14.759891663726506
4.515 14.900164329154158
4.525 14.911965732057261
4.535 14.801066281113382
4.545 14.569832900236129
4.555 14.22789228417445
4.565 13.788676134059695
4.575 13.26889685748451
4.585 12.687892353870527
4.595 12.064881141886714
4.605 11.42678660444064
4.615 10.793199092129335
4.625 10.186049849714134
4.635 9.625847173215313
4.645 9.130969355849007
4.655 8.717053003324088
4.665 8.396494701580846
4.675 8.178078301776432
4.685 8.066734831104867
4.695 8.063437453244472
4.705 8.165230041677766
4.715 8.365384710160804
4.725 8.655671469674983
4.735 9.019750816567381
4.745 9.443137936069814
4.755 9.908025134742038
4.765 10.395262276689143
4.775 10.885057910979643
4.785 11.357705662181498
4.795 11.794310386663128
4.805 12.177486899655012
4.815 12.492003417639598
4.825 12.725342524340183
4.835 12.868154646484353
4.845 12.91458277540256
4.855 12.862442399388279
4.865 12.713247076702785
4.875 12.472077407234949
4.885 12.147298884956655
4.895 11.750141718593701
4.905 11.292436770670623
4.915 10.793475257099711
4.925 10.26701115778257
4.935 9.729646269137412
4.945 9.197533973678123
4.955 8.684019553403843
4.965 8.206362462807485
4.975 7.773190667600432
4.985 7.393013701606067
4.995 7.0714360978070445
5.005 6.811040478244816
5.015 6.611411395060866
5.025 6.4692952490072795
5.035 6.378885166511109
5.045 6.332213898649728
5.055 6.319632858444233
5.065 6.330351558751376
5.075 6.353009146804204
5.085 6.376248609669875
5.095 6.389264649114985
5.105 6.382298222290034
5.115 6.347054252617453
5.125 6.277023866464136
5.135 6.167698433283754
5.145 6.016669311996825
5.155 5.823614093731807
5.165 5.590176801587566
5.175 5.3197554867662165
5.185 5.017215521696769
5.195 4.688550300960069
5.205 4.340512811906493
5.215 3.9802415667914084
5.225 3.6133986547085284
5.235 3.250374466796239
5.245 2.8952904682681426
5.255 2.5537217788132525
5.265 2.2302998356840837
5.275 1.9286342288430225
5.285 1.6498275318208393
5.295 1.398878377061795
5.305 1.1742982748267583
5.315 0.9759643267286797
5.325 0.8030572730586655
5.335 0.6542084524219103
5.345 0.5276462273925479
5.355 0.4213340703401477
5.365 0.33309443396634403
5.375 0.26071452512856375
5.385 0.20203198678021286
5.395 0.1550001423432227
5.405 0.11773378721981402
5.415 0.0885374862043053
5.425 0.06591895515393247
5.435 0.0485904026594371
5.445 0.03546073525711077
5.455 0.025621351203522363
5.465 0.018327928339694547
5.475 0.012980211887070985
5.485 0.009101379862434398
5.495 0.006318147418870243
5.505 0.0043423949828103724
5.515 0.0029547854287049254
5.525 0.001990579963581917
5.535 0.0
5.545 0.0
5.555 0.0
5.565 0.0
5.575 0.0
5.585 0.0
5.595 0.0014547522246071577
5.605 0.0021594112039138944
5.615 0.003173501631152325
5.625 0.0046174176276034895
5.635 0.006651454774037948
5.645 0.00948617612156112
5.655 0.013394385059836348
5.665 0.01872455181036568
5.675 0.025915353537800466
5.685 0.035510754481913445
5.695 0.04817477740577909
5.705 0.06470481335754599
5.715 0.0860420038395518
5.725 0.1132769373818476
5.735 0.14764866902480683
5.745 0.19053494074947705
5.755 0.24343150121176216
5.765 0.309294269233378
5.775 0.3876554697887629
5.785 0.4811083917677959
5.795 0.5912552127174648
5.805 0.7195422548143439
5.815 0.8671688714255976
5.825 1.034991758231945
5.835 1.2234302486703938
5.845 1.4323791926143448
5.855 1.6611366581125127
5.865 1.9083537908301742
5.875 2.172013598821001
5.885 2.4494441385275074
5.895 2.737369569371715
5.905 3.0319999095540604
5.915 3.3291572411269965
5.925 3.624432832593062
5.935 3.9133664857588655
5.945 4.1916367132345105
5.955 4.455248448288022
5.965 4.700704164243287
5.975 4.92514473050009
5.985 5.12644812731512
5.995 5.303277208050604
6.005 5.455071813073501
6.015 5.5819853463926385
6.025 5.684770964417576
6.035 5.7658898941845855
6.045 5.824891655352717
6.055 5.864232576021912
6.065 5.885444201866816
6.075 5.889824555054551
6.085 5.878328294639651
6.095 5.851508910823158
6.105 5.809518902338922
6.115 5.752168187937643
6.125 5.679035234061331
6.135 5.589620125936696
6.1450000000000005 5.48352459368993
6.155 5.360641237122516
6.165 5.221333122028744
6.175 5.066585616119518
6.185 4.898114681874531
6.195 4.718419575682615
6.205 4.53077262499879
6.215 4.339144003714754
6.225 4.148064717889513
6.235 3.962435898771303
6.245 3.787296600290637
6.255 3.627565337945928
6.265 3.487772423795313
6.275 3.371800699912129
6.285 3.282651602105809
6.295 3.2222517281228855
6.305 3.191312426059924
6.315 3.189251577058712
6.325 3.214182951446812
6.335 3.262974497810831
6.345 3.331372899163113
6.355 3.4141879056991975
6.365 3.5055265219629757
6.375 3.5990642644658783
6.385 3.6883385718117534
6.3950000000000005 3.767048174905933
6.405 3.829500673947196
6.415 3.8711163976643235
6.425 3.8871058942433323
6.435 3.8744962785977837
6.445 3.8315492609457027
6.455 3.7578164870502477
6.465 3.6541303384967008
6.475 3.5225339791498644
6.485 3.366157973760014
6.495 3.1890536742397964
6.505 2.99709212826162
6.515 2.793893328220489
6.525 2.585824925338158
6.535 2.378620147175576
6.545 2.177919201279546
6.555 1.9891048343268745
6.565 1.8171679422715292
6.575 1.6656872297604872
6.585 1.5407384017592805
6.595 1.4443066332473917
6.605 1.3791032285099858
6.615 1.3471854078765693
6.625 1.349960938131002
6.635 1.3881969227334645
6.6450000000000005 1.4620289237416453
6.655 1.5709681805145352
6.665 1.7139064296389264
6.675 1.8891194942660756
6.685 2.094272200437902
6.695 2.3275247174797937
6.705 2.583695964458347
6.715 2.8595140226046425
6.725 3.1504945791718897
6.735 3.4517438586867817
6.745 3.758050082549362
6.755 4.063994106247488
6.765 4.364076920547961
6.775 4.652860273689079
6.785 4.925115495964352
6.795 5.177103804740801
6.805 5.402754457117151
6.815 5.5991757258691885
6.825 5.7635133397599425
6.835 5.8938089553288115
6.845 5.988237449052368
6.855 6.048810674790538
6.865 6.07538863893163
6.875 6.070102037257799
6.885 6.036035309319681
6.8950000000000005 5.977134537654289
6.905 5.898079226628386
6.915 5.804121148285653
6.925 5.700895070502046
6.935 5.594207820429079
6.945 5.489813669312596
6.955 5.393185313295685
6.965 5.309290619667108
6.975 5.24238567208226
6.985 5.19583437844233
6.995 5.171963951521224
