0.005 0.0
0.015 0.0
0.025 0.0
0.034999999999999996 0.0
0.045 0.0
0.055 0.0
0.065 0.0
0.07500000000000001 0.0
0.085 0.0
0.095 0.0
0.10500000000000001 0.0
0.115 0.0
0.125 0.0
0.135 0.0
0.14500000000000002 0.0
0.155 0.0
0.165 0.0
0.17500000000000002 0.0
0.185 0.0
0.195 0.0
0.20500000000000002 0.0
0.215 0.0
0.225 0.0
0.23500000000000001 0.0
0.245 0.0
0.255 0.0
0.265 0.0
0.275 0.0
0.28500000000000003 0.0
0.295 0.0
0.305 0.0
0.315 0.0
0.325 0.0
0.335 0.0
0.34500000000000003 0.0
0.35500000000000004 0.0
0.365 0.0
0.375 0.0
0.385 0.0
0.395 0.0
0.405 0.0
0.41500000000000004 0.0
0.425 0.0
0.435 0.0
0.445 0.0
0.455 0.0
0.465 0.0
0.47500000000000003 0.0
0.485 0.0
0.495 0.0
0.505 0.0
0.515 0.0
0.525 0.0
0.535 0.0
0.545 0.0
0.555 0.0
0.5650000000000001 0.0
0.5750000000000001 0.0
0.585 0.0
0.595 0.0
0.605 0.0
0.615 0.0
0.625 0.0
0.635 0.0
0.645 0.0
0.655 0.0
0.665 0.0
0.675 0.0
0.685 0.0
0.6950000000000001 0.0
0.7050000000000001 0.0
0.715 0.0
0.725 0.0
0.735 0.0
0.745 0.0
0.755 0.0
0.765 0.0
0.775 0.0
0.785 0.0
0.795 0.0
0.805 0.0
0.8150000000000001 0.0
0.8250000000000001 0.0
0.8350000000000001 0.0
0.845 0.0
0.855 0.0
0.865 0.0
0.875 0.0
0.885 0.0
0.895 0.0
0.905 0.0
0.915 0.0
0.925 0.0
0.935 0.0
0.9450000000000001 0.0
0.9550000000000001 0.0
0.965 0.0
0.975 0.0
0.985 0.0
0.995 0.0
1.005 0.0
1.015 0.0
1.025 0.0
1.035 0.0
1.045 0.0
1.055 0.0
1.065 0.0
1.075 0.0
1.085 0.0
1.095 0.0
1.105 0.0
1.115 0.0
1.125 0.0
1.135 0.0
1.145 0.0
1.155 0.0
1.1649999999999998 0.0
1.1749999999999998 0.0
1.1849999999999998 0.0
1.1949999999999998 0.0
1.2049999999999998 0.0
1.2149999999999999 0.0
1.2249999999999999 0.0
1.2349999999999999 0.0
1.2449999999999999 0.0
1.255 0.0
1.265 0.0
1.275 0.0
1.285 0.0
1.295 0.0
1.305 0.0
1.315 0.0
1.325 0.0
1.335 0.0
1.345 0.0
1.355 0.0
1.365 0.0
1.375 0.0
1.385 0.0
1.395 0.0
1.405 0.0
1.4149999999999998 0.0
1.4249999999999998 0.0
1.4349999999999998 0.0
1.4449999999999998 0.0
1.4549999999999998 0.0
1.4649999999999999 0.0
1.4749999999999999 0.0
1.4849999999999999 0.0
1.4949999999999999 0.0
1.505 0.0
1.515 0.0
1.525 0.0
1.535 0.0
1.545 0.0
1.555 0.0
1.565 0.013540710682455789
1.575 0.020099616870871303
1.585 0.02953868480891253
1.595 0.042978532796080805
1.605 0.061911178542454905
1.615 0.08829652512101592
1.625 0.12467380341255667
1.635 0.17428654476969957
1.645 0.24121791914336052
1.655 0.33053109967586186
1.665 0.44840675409141645
1.6749999999999998 0.6022669308331369
1.6849999999999998 0.8008716954151676
1.6949999999999998 1.0543721536473067
1.7049999999999998 1.3743013250620495
1.7149999999999999 1.7734831155073327
1.7249999999999999 2.265839826981172
1.7349999999999999 2.8660806656927025
1.7449999999999999 3.5892579240852722
1.755 4.450184138456834
1.765 5.4627125736573285
1.775 6.638894606801344
1.785 7.988040412967682
1.795 9.515722920094369
1.805 11.222778131523562
1.815 13.104366230989987
1.825 15.149165906308438
1.835 17.338777632010828
1.845 19.64740905178276
1.855 22.041906332305537
1.865 24.482179235758373
1.875 26.922045189386097
1.885 29.31049006811017
1.895 31.593312699077355
1.905 33.71508875701212
1.915 35.62136059917243
1.9249999999999998 37.26093559458902
1.9349999999999998 38.58815927006981
1.9449999999999998 39.56502317280747
1.9549999999999998 40.162971924540535
1.9649999999999999 40.36428965908783
1.9749999999999999 40.162971924540535
1.9849999999999999 39.56502317280747
1.9949999999999999 38.58815927006981
2.005 37.26093559458902
2.015 35.62136059917243
2.025 33.71508875701212
2.035 31.593312699077355
2.045 29.31049006811017
2.0549999999999997 26.922045189386097
2.065 24.482179235758373
2.0749999999999997 22.041906332305537
2.085 19.64740905178276
2.0949999999999998 17.338777632010828
2.105 15.149165906308438
2.1149999999999998 13.104366230989987
2.125 11.222778131523562
2.135 9.515722920094369
2.145 7.988040412967682
2.155 6.638894606801344
2.165 5.4627125736573285
2.175 4.450184138456834
2.185 3.5892579240852722
2.195 2.8660806656927025
2.205 2.265839826981172
2.215 1.7734831155073327
2.225 1.3743013250620495
2.235 1.0543721536473067
2.245 0.8008716954151676
2.255 0.6022669308331369
2.265 0.44840675409141645
2.275 0.33053109967586186
2.285 0.24121791914336052
2.295 0.17428654476969957
2.305 0.12467380341255667
2.315 0.08829652512101592
2.3249999999999997 0.061911178542454905
2.335 0.042978532796080805
2.3449999999999998 0.02953868480891253
2.355 0.020099616870871303
2.3649999999999998 0.013540710682455789
2.375 0.0
2.385 0.0
2.395 0.0
2.405 0.0
2.415 0.0
2.425 0.0
2.435 0.0
2.445 0.0
2.455 0.0
2.465 0.0
2.475 0.0
2.485 0.0
2.495 0.0
2.505 0.0
2.515 0.0
2.525 0.0
2.535 0.0
2.545 0.0
2.555 0.0
2.565 0.0
2.5749999999999997 0.0
2.585 0.0
2.5949999999999998 0.0
2.605 0.0
2.6149999999999998 0.0
2.625 0.0
2.635 0.0
2.645 0.0
2.655 0.0
2.665 0.0
2.675 0.0
2.685 0.0
2.695 0.0
2.705 0.0
2.715 0.0
2.725 0.0
2.735 0.0
2.745 0.0
2.755 0.0
2.765 0.0
2.775 0.0
2.785 0.0
2.795 0.0
2.805 0.0
2.815 0.0
2.8249999999999997 0.0
2.835 0.0
2.8449999999999998 0.0
2.855 0.0
2.8649999999999998 0.0
2.875 0.0
2.885 0.0
2.895 0.0
2.905 0.0
2.915 0.0
2.925 0.0
2.935 0.0
2.945 0.0
2.955 0.0
2.965 0.0
2.975 0.0
2.985 0.0
2.995 0.0
3.005 0.0
3.015 0.0
3.025 0.0
3.035 0.0
3.045 0.0
3.055 0.0
3.065 0.0
3.075 0.0
3.085 0.0
3.0949999999999998 0.0
3.105 0.0
3.1149999999999998 0.0
3.125 0.004207740727698868
3.135 0.006245903815690259
3.145 0.0091790696978823
3.155 0.013355467604600832
3.165 0.019238738169810556
3.175 0.027437916190570517
3.185 0.03874206107777162
3.195 0.054159091787372396
3.205 0.07495784279220784
3.215 0.10271168201527364
3.225 0.1393412359227449
3.235 0.18715288681976175
3.245 0.24886880234623504
3.255 0.32764341230638555
3.265 0.4270605726098665
3.275 0.5511052787410329
3.285 0.7041038499392636
3.295 0.8906271338867625
3.305 1.1153525914232458
3.315 1.382883179788038
3.325 1.6975237651057975
3.335 2.063019281560489
3.3449999999999998 2.48226284191257
3.355 2.9569862190657887
3.3649999999999998 3.4874491988906042
3.375 4.072147821034305
3.385 4.707564017096359
3.395 5.387980182255422
3.405 6.10538140867745
3.415 6.8494652286407725
3.425 7.6077737047137735
3.435 8.365955722184017
3.445 9.108158773984869
3.455 9.817539986219085
3.465 10.47687639354636
3.475 11.069245424716646
3.485 11.57873910242071
3.495 11.991170417515749
3.505 12.294728341864124
3.515 12.480539365727427
3.525 12.543098329634711
3.535 12.480539365727427
3.545 12.294728341864124
3.555 11.991170417515749
3.565 11.57873910242071
3.575 11.069245424716646
3.585 10.47687639354636
3.5949999999999998 9.817539986219085
3.605 9.111418358448168
3.6149999999999998 8.370794197830309
3.625 7.614884397817508
3.635 6.8598112260586905
3.645 6.120284962886236
3.655 5.40923534294803
3.665 4.737576089735237
3.675 4.1141029094204224
3.685 3.5455163269718226
3.695 3.0365532419796106
3.705 2.5902054546122297
3.715 2.2079998499028664
3.725 1.8903134197029612
3.735 1.6366966738623376
3.745 1.4461809616702272
3.755 1.3175484487864186
3.765 1.2495476209165193
3.775 1.2410418875008986
3.785 1.2910838604922255
3.795 1.3989129650430607
3.805 1.5638790296623966
3.815 1.7852992634234512
3.825 2.0651893892130575
3.835 2.397729598654577
3.8449999999999998 2.7829479775417125
3.855 3.2180012343628444
3.8649999999999998 3.698913416168897
3.875 4.220410409505905
3.885 4.7758246921244165
3.895 5.357087857230859
3.905 5.954823378744964
3.915 6.558545531274416
3.925 7.156962649435748
3.935 7.735568035778582
3.945 8.289291872255482
3.955 8.803012879184715
3.965 9.266902405700328
3.975 9.672744201624356
3.985 10.014400195061087
3.995 10.288178116921351
4.005 10.493069249436381
4.015 10.63083224119064
4.025 10.705909083367013
4.035 10.725171232069561
4.045 10.697506538748218
4.055 10.633270047899293
4.065 10.543632756219274
4.075 10.439871107438357
4.085 10.332645515605746
4.095 10.231318025621913
4.1049999999999995 10.143357111452595
4.115 10.073871699956268
4.125 10.025307244453078
4.135 9.997324802051837
4.145 9.986870562459352
4.155 9.988429241855378
4.165 9.994441341361291
4.175 9.995852561920957
4.185 9.982754595763488
4.195 9.94507077212798
4.205 9.873238019921445
4.215 9.758838394967643
4.225 9.597582990237832
4.235 9.381133642332326
4.245 9.109003605538925
4.255 8.781603785692873
4.265 8.401839391758813
4.275 7.9749342931193175
4.285 7.508135239805133
4.295 7.010324811148283
4.305 6.493937885821983
4.315 5.966188752893156
4.325 5.439850724698204
4.335 4.92600594098398
4.345 4.4352667542213595
4.355 3.9774963154881804
4.365 3.561609997116205
4.375 3.197749321086164
4.385 2.889172338601495
4.395 2.643177179634063
4.405 2.464525902409386
4.415 2.3548847253573006
4.425 2.3223489891426135
4.435 2.366021255290284
4.445 2.487536221160619
4.455 2.6878315618471325
4.465 2.969348968230933
4.475 3.3282231539025844
4.485 3.766911034666361
4.495 4.280009094959477
4.505 4.866062182544139
4.515 5.521147202763686
4.525 6.240282969314725
4.535 7.0174142098250325
4.545 7.845440673850701
4.555 8.71629727496029
4.565 9.621086893433123
4.575 10.550262916506771
4.585 11.49385418920994
4.595 12.441721160348504
4.605 13.383828953743679
4.615 14.310521116973273
4.625 15.212777048913846
4.635 16.080483084128623
4.645 16.91108736701382
4.655 17.695788796439892
4.665 18.429893746093548
4.675 19.1098735394405
4.685 19.733279198752562
4.695 20.298590822535115
4.705 20.805012505296567
4.715 21.252227788777482
4.725 21.64013391397798
4.735 21.968575376730588
4.745 22.237098257921545
4.755 22.444746334516083
4.765 22.589917981642962
4.775 22.67029934501329
4.785 22.682884307801867
4.795 22.624085637935814
4.805 22.489934755461007
4.815 22.278282768021676
4.825 21.98238238774287
4.835 21.60041770043024
4.845 21.130340577438606
4.855 20.571537548469106
4.865 19.92516816569141
4.875 19.194429375245996
4.885 18.384722837932674
4.895 17.5055736552962
4.905 16.564006706428266
4.915 15.573233699052745
4.925 14.54696468515337
4.935 13.500268745239481
4.945 12.449122251024573
4.955 11.409916011352092
4.965 10.39895023801764
4.975 9.43194517387196
4.985 8.523591872037054
4.995 7.687162486544245
5.005 6.934193179454267
5.015 6.274246096024517
5.025 5.714750526782375
5.035 5.259287737805018
5.045 4.91464546713717
5.055 4.679227111973437
5.065 4.551726377038802
5.075 4.528792785223297
5.085 4.605160850695203
5.095 4.773792896198632
5.105 5.0260328968538275
5.115 5.350196375127444
5.125 5.738585696502038
5.135 6.178161817845091
5.145 6.653074191562176
5.155 7.150671518560827
5.165 7.65684563543197
5.175 8.157479314260874
5.185 8.637248331602047
5.195 9.08660490038108
5.205 9.491223367863896
5.215 9.840411295994294
5.225 10.125141389653667
5.235 10.338337201666754
5.245 10.475104992164628
5.255 10.532898562637147
5.265 10.511606190137716
5.275 10.412078525241096
5.285 10.244051821206355
5.295 10.00831605852958
5.305 9.71826605737231
5.315 9.382264069173178
5.325 9.012037876460372
5.335 8.620057098191998
5.345 8.219070364259963
5.355 7.821633155804669
5.365 7.439647794648916
5.375 7.083936711681894
5.385 6.763868684374776
5.395 6.487055232400282
5.405 6.259130877288017
5.415 6.083626646109716
5.425 5.961941229992516
5.435 5.893408853688232
5.445 5.875457480869163
5.455 5.903845816135418
5.465 5.972963029517336
5.475 6.076171572006489
5.485 6.206171178198504
5.495 6.355361395443362
5.505 6.516180861767981
5.515 6.681404069006026
5.525 6.844380338686913
5.535 6.99920490636385
5.545 7.140817927015075
5.555 7.265033357806438
5.565 7.368505477750194
5.575 7.4486457133916115
5.585 7.503505978170491
5.595 7.531646556013148
5.605 7.532006499657201
5.615 7.503792605678097
5.625 7.44511726768935
5.635 7.358522001431914
5.645 7.241835498352005
5.655 7.094977259508429
5.665 6.918109417929137
5.675 6.711729037116658
5.685 6.476764829380188
5.695 6.214664083831654
5.705 5.926212861920307
5.715 5.616964034727941
5.725 5.288358982224466
5.735 4.944236255208136
5.745 4.588876864017868
5.755 4.226877985035141
5.765 3.8629997704406778
5.775 3.501996961967188
5.785 3.1484479516320008
5.795 2.8065936103027993
5.805 2.4801967525006043
5.815 2.1724307674165777
5.825 1.8858030369674605
5.835 1.6221156242929713
5.845 1.3824626781257359
5.855 1.1672613379077799
5.865 0.9763108450716563
5.875 0.8088731845770397
5.885 0.6637679275738555
5.895 0.5394739737228025
5.905 0.4342314930628918
5.915 0.346138396563645
5.925 0.2732369592817772
5.935 0.2135876214749732
5.945 0.1641900979408554
5.955 0.12596762006734274
5.965 0.09568149263214769
5.975 0.07195384633393004
5.985 0.053571911435279035
5.995 0.039489108129782326
6.005 0.02881871176792289
6.015 0.020822307549050963
6.025 0.016161536178653766
6.035 0.012428976490211917
6.045 0.010159569109828086
6.055 0.009154766210950937
6.065 0.009319972525002294
6.075 0.010660256053232663
6.085 0.013279244629373403
6.095 0.017541493285807633
6.105 0.024402341784991954
6.115 0.03362032299702267
6.125 0.04587612424001972
6.135 0.06200054137586276
6.1450000000000005 0.08299234925115871
6.155 0.11003346171321463
6.165 0.1444995168033758
6.175 0.1879637500179535
6.185 0.2421918372058422
6.195 0.3091253435063668
6.205 0.3908515497122976
6.215 0.48955778062248495
6.225 0.6074689575813808
6.235 0.7467679479951298
6.245 0.9094993736278869
6.255 1.0974588255387878
6.265 1.3120708469253444
6.275 1.5542604894062375
6.285 1.824324605047924
6.295 2.1229766241845427
6.305 2.4471392105438605
6.315 2.7954129980474884
6.325 3.1646547279321933
6.335 3.5507497065363975
6.345 3.9486521078996253
6.355 4.352474650288126
6.365 4.755628439064377
6.375 5.151010656852732
6.385 5.5312345019152485
6.3950000000000005 5.888892560890994
6.405 6.216841900716338
6.415 6.508496818776402
6.425 6.758113615578461
6.435 6.961051120040478
6.445 7.115106999380752
6.455 7.216760686582008
6.465 7.266584181058218
6.475 7.266042715563418
6.485 7.218191904178235
6.495 7.128653214666635
6.505 7.00155140841559
6.515 6.844490551500368
6.525 6.665069547095395
6.535 6.471284213326892
6.545 6.271184847728154
6.555 6.072542753702992
6.565 5.882545065288817
6.575 5.707535183688932
6.585 5.552812825540643
6.595 5.422503296298636
6.605 5.319500458141206
6.615 5.2454823544166915
6.625 5.200993025412304
6.635 5.185579160460232
6.6450000000000005 5.197966309695392
6.655 5.236256787540581
6.665 5.298130395044089
6.675 5.381029787938185
6.685 5.482314683441627
6.695 5.5993729319328915
6.705 5.730781193561686
6.715 5.87244793108002
6.725 6.022809824034931
6.735 6.179578270633951
6.745 6.340379754764857
6.755 6.5037723360026245
6.765 6.665234559833991
6.775 6.8224165363425655
6.785 6.971897472222577
6.795 7.109970070741689
6.805 7.232737577620574
6.815 7.33626581465033
6.825 7.4167821220032515
6.835 7.470062819896054
6.845 7.4953466260126795
6.855 7.489553372329761
6.865 7.451955125156733
6.875 7.383078950407813
6.885 7.284809354262887
6.8950000000000005 7.160410590802522
6.905 7.014801086839176
6.915 6.853885829214301
6.925 6.683976654346486
6.935 6.512473918553132
6.945 6.347051801162802
6.955 6.195272661965691
6.965 6.064193275710874
6.975 5.95998803394035
6.985 5.887613321036381
6.995 5.850534724235632
