0.005 0.0
0.015 0.0
0.025 0.0
0.034999999999999996 0.0
0.045 0.0
0.055 0.0
0.065 0.0
0.07500000000000001 0.0
0.085 0.0
0.095 0.0
0.10500000000000001 0.0
0.115 0.0
0.125 0.0
0.135 0.0
0.14500000000000002 0.0
0.155 0.0
0.165 0.0
0.17500000000000002 0.0
0.185 0.0
0.195 0.0
0.20500000000000002 0.0
0.215 0.0
0.225 0.0
0.23500000000000001 0.0
0.245 0.0
0.255 0.0
0.265 0.0
0.275 0.0
0.28500000000000003 0.0
0.295 0.0
0.305 0.0
0.315 0.0
0.325 0.0
0.335 0.0
0.34500000000000003 0.0
0.35500000000000004 0.0
0.365 0.0
0.375 0.0
0.385 0.0
0.395 0.0
0.405 0.0
0.41500000000000004 0.0
0.425 0.0
0.435 0.0
0.445 0.0
0.455 0.0
0.465 0.0
0.47500000000000003 0.0
0.485 0.0
0.495 0.0
0.505 0.0
0.515 0.0
0.525 0.0
0.535 0.0
0.545 0.0
0.555 0.0
0.5650000000000001 0.0
0.5750000000000001 0.0
0.585 0.0
0.595 0.0
0.605 0.0
0.615 0.0
0.625 0.0
0.635 0.0
0.645 0.0
0.655 0.0
0.665 0.0
0.675 0.0
0.685 0.0
0.6950000000000001 0.0
0.7050000000000001 0.0
0.715 0.0
0.725 0.0
0.735 0.0
0.745 0.0
0.755 0.0
0.765 0.0
0.775 0.0
0.785 0.0
0.795 0.0
0.805 0.0
0.8150000000000001 0.0
0.8250000000000001 0.0
0.8350000000000001 0.0
0.845 0.0
0.855 0.0
0.865 0.0
0.875 0.0
0.885 0.0
0.895 0.0
0.905 0.0
0.915 0.0
0.925 0.0
0.935 0.0
0.9450000000000001 0.0
0.9550000000000001 0.0
0.965 0.0
0.975 0.0
0.985 0.0
0.995 0.0
1.005 0.0
1.015 0.0
1.025 0.0
1.035 0.0
1.045 0.0
1.055 0.0
1.065 0.0
1.075 0.0
1.085 0.0
1.095 0.0
1.105 0.0
1.115 0.0
1.125 0.0
1.135 0.0
1.145 0.0
1.155 0.0
1.1649999999999998 0.0
1.1749999999999998 0.0
1.1849999999999998 0.0
1.1949999999999998 0.0
1.2049999999999998 0.0
1.2149999999999999 0.0
1.2249999999999999 0.0
1.2349999999999999 0.0
1.2449999999999999 0.0
1.255 0.0
1.265 0.0
1.275 0.0
1.285 0.0
1.295 0.0
1.305 0.0
1.315 0.0
1.325 0.0
1.335 0.0
1.345 0.0
1.355 0.0
1.365 0.0
1.375 0.0
1.385 0.0
1.395 0.0
1.405 0.0
1.4149999999999998 0.0
1.4249999999999998 0.0
1.4349999999999998 0.0
1.4449999999999998 0.0
1.4549999999999998 0.0
1.4649999999999999 0.0
1.4749999999999999 0.0
1.4849999999999999 0.0
1.4949999999999999 0.0
1.505 0.014407099258054348
1.515 0.02138567037568429
1.525 0.03142868745772528
1.535 0.04572847042370901
1.545 0.06587250221658995
1.555 0.09394608831041457
1.565 0.132650929686513
1.575 0.1854380917460824
1.585 0.2566520019087683
1.595 0.3516797952912428
1.605 0.47709760334421036
1.615 0.6408023667176589
1.625 0.8521146547915145
1.635 1.121835081537263
1.645 1.4622345949905207
1.655 1.886957625547881
1.665 2.4108172795144585
1.6749999999999998 3.0494639166706135
1.6849999999999998 3.818912935054024
1.6949999999999998 4.734924636004312
1.7049999999999998 5.812238671406945
1.7149999999999999 7.063677513461336
1.7249999999999999 8.499147039312026
1.7349999999999999 10.124576755012574
1.7449999999999999 11.940856154727134
1.755 13.942835751478269
1.765 16.118469850456545
1.775 18.44818165130515
1.785 20.90452850007224
1.795 23.452235249196594
1.805 26.048646527840738
1.815 28.64462481838988
1.825 31.185891908953582
1.835 33.614778619862335
1.845 35.87231435686291
1.855 37.90055706043249
1.865 39.64503859127241
1.875 41.057183321243365
1.885 42.09655086541421
1.895 42.732758758742115
1.905 42.94695760340006
1.915 42.732758758742115
1.9249999999999998 42.09655086541421
1.9349999999999998 41.057183321243365
1.9449999999999998 39.64503859127241
1.9549999999999998 37.90055706043249
1.9649999999999999 35.87231435686291
1.9749999999999999 33.614778619862335
1.9849999999999999 31.185891908953582
1.9949999999999999 28.64462481838988
2.005 26.048646527840738
2.015 23.452235249196594
2.025 20.90452850007224
2.035 18.44818165130515
2.045 16.118469850456545
2.0549999999999997 13.942835751478269
2.065 11.940856154727134
2.0749999999999997 10.124576755012574
2.085 8.499147039312026
2.0949999999999998 7.063677513461336
2.105 5.812238671406945
2.1149999999999998 4.734924636004312
2.125 3.818912935054024
2.135 3.0494639166706135
2.145 2.4108172795144585
2.155 1.886957625547881
2.165 1.4622345949905207
2.175 1.121835081537263
2.185 0.8521146547915145
2.195 0.6408023667176589
2.205 0.47709760334421036
2.215 0.3516797952912428
2.225 0.2566520019087683
2.235 0.1854380917460824
2.245 0.132650929686513
2.255 0.09394608831041457
2.265 0.06587250221658995
2.275 0.04572847042370901
2.285 0.03142868745772528
2.295 0.02138567037568429
2.305 0.014407099258054348
2.315 0.0
2.3249999999999997 0.0
2.335 0.0
2.3449999999999998 0.0
2.355 0.0
2.3649999999999998 0.0
2.375 0.0
2.385 0.0
2.395 0.0
2.405 0.0
2.415 0.0
2.425 0.0
2.435 0.0
2.445 0.0
2.455 0.006414382239158484
2.465 0.009521407590330743
2.475 0.013992796955028485
2.485 0.020359399436062155
2.495 0.029328000085152784
2.505 0.048022504123429406
2.515 0.06825580883793882
2.525 0.09607669885188425
2.535 0.1339321490217903
2.545 0.18490330415728612
2.555 0.25281475680872795
2.565 0.3423442233589615
2.5749999999999997 0.4591255022723867
2.585 0.6098355149905423
2.5949999999999998 0.8022542056233648
2.605 1.045284328704473
2.6149999999999998 1.3489169479230585
2.625 1.7241280944291983
2.635 2.1826927859058283
2.645 2.736904751967438
2.655 3.3991939428287274
2.665 4.181639299967551
2.675 5.095381271277442
2.685 6.149946907168075
2.695 7.352509626130296
2.705 8.707115239662208
2.715 10.213914760165846
2.725 11.868451951331235
2.735 13.661058555402384
2.745 15.576411748907137
2.755 17.593305917880834
2.765 19.684683870050613
2.775 21.817961056549546
2.785 23.955660640108405
2.795 26.056358159467962
2.805 28.07591336765381
2.815 29.96894517498091
2.8249999999999997 31.69048532724863
2.835 33.19772935725343
2.8449999999999998 34.451791175569056
2.855 35.41936178807023
2.8649999999999998 36.07417391341971
2.875 36.39818297257286
2.885 36.38239060569204
2.895 36.02725845027726
2.905 35.342685727470595
2.915 34.34755215486112
2.925 33.06885554369961
2.935 31.54049887015294
2.945 29.801802597635145
2.955 27.895832971244346
2.965 25.867644891426075
2.975 23.762538453289572
2.985 21.62442163467841
2.995 19.49435886330096
3.005 17.409367708300998
3.015 15.401505458073167
3.025 13.497265724011449
3.035 11.717284247871746
3.045 10.076334360029724
3.055 8.583577254693576
3.065 7.243021202232507
3.075 6.054137338136958
3.085 5.012577651191674
3.0949999999999998 4.110942772765217
3.105 3.339552405305048
3.1149999999999998 2.68717881805236
3.125 2.141712823420212
3.135 1.6907411122172509
3.145 1.3220229727896324
3.155 1.0238626219693332
3.165 0.7853802047595944
3.175 0.5966897431322569
3.185 0.44899587975962973
3.195 0.334623264618599
3.205 0.2469930729103864
3.215 0.18056068863617952
3.225 0.13072733296639877
3.235 0.09373664789564672
3.245 0.06656522132057636
3.255 0.0468139721623444
3.265 0.028327119570654598
3.275 0.01966459153496848
3.285 0.013515262933787547
3.295 0.009196469261768012
3.305 0.006195477773218882
3.315 0.0
3.325 0.0
3.335 0.0
3.3449999999999998 0.0
3.355 0.0
3.3649999999999998 0.0
3.375 0.0
3.385 0.0
3.395 0.0
3.405 0.0
3.415 0.0
3.425 0.0
3.435 0.0
3.445 0.0
3.455 0.0
3.465 0.0
3.475 0.0
3.485 0.0
3.495 0.0
3.505 0.0
3.515 0.0
3.525 0.0
3.535 0.0
3.545 0.0
3.555 0.0
3.565 0.0
3.575 0.0
3.585 0.0
3.5949999999999998 0.0
3.605 0.0
3.6149999999999998 0.0
3.625 0.0
3.635 0.0
3.645 0.0
3.655 0.0
3.665 0.0
3.675 0.0
3.685 0.0
3.695 0.0
3.705 0.0
3.715 0.0
3.725 0.0
3.735 0.0
3.745 0.0
3.755 0.0
3.765 0.0
3.775 0.0
3.785 0.0
3.795 0.0
3.805 0.0
3.815 0.0
3.825 0.0
3.835 0.0
3.8449999999999998 0.0
3.855 0.0
3.8649999999999998 0.0
3.875 0.0
3.885 0.0
3.895 0.0
3.905 0.0
3.915 0.0
3.925 0.0027950854436429168
3.935 0.004148980644816713
3.945 0.006097401375004759
3.955 0.00887166665211314
3.965 0.012779760087999236
3.975 0.018226246603863107
3.985 0.025735276478031602
3.995 0.03597638231350619
4.005 0.04979241565341246
4.015 0.06822852116412938
4.025 0.09256051772939719
4.035 0.12432047113600181
4.045 0.16531664183482692
4.055 0.21764443004165357
4.065 0.28368449182191946
4.075 0.36608394913301623
4.085 0.46771665583455513
4.095 0.5916188992475528
4.1049999999999995 0.7408977868561363
4.115 0.918610935469406
4.125 1.127617948237968
4.135 1.3704064810566112
4.145 1.6488983484778197
4.155 1.9642439192025682
4.165 2.316615761778202
4.175 2.7050148370619316
4.185 3.127104189805698
4.195 3.579085773731736
4.205 4.055635507897602
4.215 4.549909748783897
4.225 5.053633034135135
4.235 5.557272316544497
4.245 6.05029721531254
4.255 6.521519476526807
4.265 6.959498362072859
4.275 7.352992677297554
4.285 7.691435194158027
4.295 7.96540187602511
4.305 8.167046984542196
4.315 8.290476093339196
4.325 8.332032277691424
4.335 8.290476093339196
4.345 8.167046984542196
4.355 7.96540187602511
4.365 7.691435194158027
4.375 7.352992677297554
4.385 6.959498362072859
4.395 6.521519476526807
4.405 6.05029721531254
4.415 5.557272316544497
4.425 5.053633034135135
4.435 4.549909748783897
4.445 4.055635507897602
4.455 3.579085773731736
4.465 3.127104189805698
4.475 2.7050148370619316
4.485 2.316615761778202
4.495 1.9642439192025682
4.505 1.6488983484778197
4.515 1.3704064810566112
4.525 1.1297734822834251
4.535 0.9218105761294741
4.545 0.7456000245936378
4.555 0.5984606147851114
4.565 0.47757224290618033
4.575 0.3801397967511547
4.585 0.3035312069711157
4.595 0.24538895466272154
4.605 0.2037159141685525
4.615 0.1769374315852627
4.625 0.16394200185705413
4.635 0.1641028740181315
4.645 0.17728248954938414
4.655 0.2038209753386927
4.665 0.2445091181439737
4.675 0.3005454929246837
4.685 0.37549886633473584
4.695 0.4681220284279797
4.705 0.5818792527235931
4.715 0.7209862620970071
4.725 0.8846110657441639
4.735 1.0743845193294168
4.745 1.2965695415002032
4.755 1.5499627450975004
4.765 1.8355961954679791
4.775 2.153830270576181
4.785 2.5042643813002408
4.795 2.885680453824341
4.805 3.296027991891288
4.815 3.7324572772080247
4.825 4.191403956924957
4.835 4.668724079142175
4.845 5.159873876747886
4.855 5.660123692994165
4.865 6.16479090338813
4.875 6.66947307022687
4.885 7.1702603964505816
4.895 7.663906259061177
4.905 8.147936473849494
4.915 8.620682032613475
4.925 9.08122617282221
4.935 9.529264344494091
4.945 9.964884257759582
4.955 10.388281883764293
4.965 10.799437111403838
4.975 11.197778819904293
4.985 11.581872626064301
4.995 11.949164947420838
5.005 12.29581404071002
5.015 12.616632438175323
5.025 12.905156185879992
5.035 13.153845287992187
5.045 13.354407826565998
5.055 13.49822854156892
5.065 13.576872410217785
5.075 13.582626018537471
5.085 13.509035081814087
5.095 13.35139581199452
5.105 13.107161021836994
5.115 12.77794757172249
5.125 12.363640958540989
5.135 11.870573000134968
5.145 11.306399596070754
5.155 10.680963683045835
5.165 10.005897558901822
5.175 9.295823872894033
5.185 8.561912214872141
5.195 7.819344722261769
5.205 7.08193801008761
5.215 6.362811917349125
5.225 5.674015831288253
5.235 5.026250077500279
5.245 4.428688984858662
5.255 3.888903568541795
5.265 3.412874064545212
5.275 3.0050763702497125
5.285 2.6686221827425434
5.295 2.405430462655507
5.305 2.21640777690815
5.315 2.1016169127450945
5.325 2.0604166007758953
5.335 2.090122147659243
5.345 2.1922943585512344
5.355 2.3624887460038715
5.365 2.5977946606563824
5.375 2.8946028503263683
5.385 3.2485041185573174
5.395 3.654180023691479
5.405 4.1053036080752054
5.415 4.59446817202141
5.425 5.113160634584181
5.435 5.651793142573825
5.445 6.19980248728433
5.455 6.74582184313643
5.465 7.277923710453004
5.475 7.783927140834114
5.485 8.25175679392786
5.495 8.66848792175732
5.505 9.026606248579814
5.515 9.31478981252475
5.525 9.524055467632294
5.535 9.651834442788207
5.545 9.692705625762681
5.555 9.645572244525093
5.565 9.513181404490652
5.575 9.296900999963505
5.585 9.003554227383333
5.595 8.642376829462176
5.605 8.22056291750457
5.615 7.749813090028724
5.625 7.243161768015998
5.635 6.7104729771247165
5.645 6.164898664815819
5.655 5.618354606638709
5.665 5.082178568691896
5.675 4.568309215132742
5.685 4.084138951908464
5.695 3.6391620066006873
5.705 3.240853273830215
5.715 2.8956514983981716
5.725 2.6090429043176986
5.735 2.3856738021048023
5.745 2.229474333209371
5.755 2.143775442583763
5.765 2.131402481589845
5.775 2.194731422787857
5.785 2.33569733110347
5.795 2.5557492359866725
5.805 2.855750590522014
5.815 3.2358297537914478
5.825 3.695190038045867
5.835 4.23189346287708
5.845 4.842636108517852
5.855 5.522535548451339
5.865 6.264952014659462
5.875 7.061364535682208
5.885 7.901321219674706
5.895 8.772479182321154
5.905 9.660744520303803
5.915 10.550516506965604
5.925 11.423886715088205
5.935 12.26605178784838
5.945 13.057650632283487
5.955 13.7813772714875
5.965 14.420854845335692
5.975 14.961222102527907
5.985 15.388560503087202
5.995 15.695245297252447
6.005 15.872334328382536
6.015 15.915761193139959
6.025 15.824801564383307
6.035 15.602083979430308
6.045 15.25346367860337
6.055 14.78776794223527
6.065 14.21642831268128
6.075 13.553020840729424
6.085 12.812739713112258
6.095 12.011832083110521
6.105 11.167022565996966
6.115 10.294954741107848
6.125 9.411674312474087
6.135 8.53217460959731
6.1450000000000005 7.670020217591888
6.155 6.837059105765594
6.165 6.043228072762922
6.175 5.296451014390708
6.185 4.60262476482826
6.195 3.9656833103482425
6.205 3.3877281928373484
6.215 2.869210989282404
6.225 2.409152872365286
6.235 2.0053863534370073
6.245 1.6548052509359488
6.255 1.3536105415543487
6.265 1.09754184126896
6.275 0.8820866259920491
6.285 0.7026617444705133
6.295 0.554764129834391
6.305 0.4340897442632163
6.315 0.33662159514898593
6.325 0.2586890820765446
6.335 0.1970019506966518
6.345 0.14866275363949516
6.355 0.11116198743234651
6.365 0.08236004348722128
6.375 0.059479776032822534
6.385 0.0433264424789511
6.3950000000000005 0.03126360527899797
6.405 0.021376619107780194
6.415 0.015181894239881425
6.425 0.010678280686501779
6.435 0.006477425929395019
6.445 0.0044966073864962045
6.455 0.003090470047671135
6.465 0.0021029123101090445
6.475 0.0014166900476111888
6.485 0.0
6.495 0.0
6.505 0.0
6.515 0.0
6.525 0.0
6.535 0.0
6.545 0.0
6.555 0.0
6.565 0.0
6.575 0.0
6.585 0.0
6.595 0.0
6.605 0.0
6.615 0.0
6.625 0.0
6.635 0.0
6.6450000000000005 0.0
6.655 0.0
6.665 0.0
6.675 0.0
6.685 0.0
6.695 0.0
6.705 0.0
6.715 0.0
6.725 0.0
6.735 0.0
6.745 0.0
6.755 0.0
6.765 0.0
6.775 0.0
6.785 0.0
6.795 0.0
6.805 0.0
6.815 0.0
6.825 0.0
6.835 0.0
6.845 0.0
6.855 0.0
6.865 0.0
6.875 0.0
6.885 0.0
6.8950000000000005 0.0
6.905 0.0
6.915 0.0
6.925 0.0
6.935 0.0
6.945 0.0
6.955 0.0
6.965 0.0
6.975 0.0
6.985 0.0
6.995 0.0
