0.005 0.0
0.015 0.0
0.025 0.0
0.034999999999999996 0.0
0.045 0.0
0.055 0.0
0.065 0.0
0.07500000000000001 0.0
0.085 0.0
0.095 0.0
0.10500000000000001 0.0
0.115 0.0
0.125 0.0
0.135 0.0
0.14500000000000002 0.0
0.155 0.0
0.165 0.0
0.17500000000000002 0.0
0.185 0.0
0.195 0.0
0.20500000000000002 0.0
0.215 0.0
0.225 0.0
0.23500000000000001 0.0
0.245 0.0
0.255 0.0
0.265 0.0
0.275 0.0
0.28500000000000003 0.0
0.295 0.0
0.305 0.0
0.315 0.0
0.325 0.0
0.335 0.0
0.34500000000000003 0.0
0.35500000000000004 0.0
0.365 0.0
0.375 0.0
0.385 0.0
0.395 0.0
0.405 0.0
0.41500000000000004 0.0
0.425 0.0
0.435 0.0
0.445 0.0
0.455 0.0
0.465 0.0
0.47500000000000003 0.0
0.485 0.0
0.495 0.0
0.505 0.0
0.515 0.0
0.525 0.0
0.535 0.0
0.545 0.0
0.555 0.0
0.5650000000000001 0.0
0.5750000000000001 0.0
0.585 0.0
0.595 0.0
0.605 0.0
0.615 0.0
0.625 0.0
0.635 0.0
0.645 0.0
0.655 0.0
0.665 0.0
0.675 0.0
0.685 0.0
0.6950000000000001 0.0
0.7050000000000001 0.0
0.715 0.0
0.725 0.0
0.735 0.0
0.745 0.0
0.755 0.0
0.765 0.0
0.775 0.0
0.785 0.0
0.795 0.0
0.805 0.0
0.8150000000000001 0.0
0.8250000000000001 0.0
0.8350000000000001 0.0
0.845 0.0
0.855 0.0
0.865 0.0
0.875 0.0
0.885 0.0
0.895 0.0
0.905 0.0
0.915 0.0
0.925 0.0
0.935 0.0
0.9450000000000001 0.0
0.9550000000000001 0.0
0.965 0.0
0.975 0.0
0.985 0.0
0.995 0.0
1.005 0.0
1.015 0.0
1.025 0.0
1.035 0.0
1.045 0.0
1.055 0.0
1.065 0.0
1.075 0.0
1.085 0.0
1.095 0.0
1.105 0.0
1.115 0.0
1.125 0.0
1.135 0.0
1.145 0.0
1.155 0.0
1.1649999999999998 0.0
1.1749999999999998 0.0
1.1849999999999998 0.0
1.1949999999999998 0.0
1.2049999999999998 0.0
1.2149999999999999 0.0
1.2249999999999999 0.0
1.2349999999999999 0.0
1.2449999999999999 0.0
1.255 0.0
1.265 0.0
1.275 0.0
1.285 0.0
1.295 0.0
1.305 0.0
1.315 0.0
1.325 0.0
1.335 0.0
1.345 0.0
1.355 0.0
1.365 0.0
1.375 0.0
1.385 0.0
1.395 0.0
1.405 0.0
1.4149999999999998 0.0
1.4249999999999998 0.0
1.4349999999999998 0.0
1.4449999999999998 0.0
1.4549999999999998 0.0
1.4649999999999999 0.0
1.4749999999999999 0.0
1.4849999999999999 0.0
1.4949999999999999 0.0
1.505 0.0
1.515 0.0
1.525 0.0
1.535 0.0
1.545 0.0
1.555 0.0
1.565 0.0
1.575 0.0
1.585 0.0
1.595 0.0
1.605 0.0
1.615 0.0
1.625 0.0
1.635 0.0
1.645 0.0
1.655 0.0
1.665 0.0
1.6749999999999998 0.0
1.6849999999999998 0.0
1.6949999999999998 0.0
1.7049999999999998 0.0
1.7149999999999999 0.0
1.7249999999999999 0.0
1.7349999999999999 0.0
1.7449999999999999 0.0
1.755 0.0
1.765 0.0
1.775 0.0
1.785 0.0
1.795 0.0
1.805 0.0
1.815 0.0
1.825 0.0
1.835 0.0
1.845 0.0
1.855 0.0
1.865 0.0
1.875 0.01010192184739779
1.885 0.014995133088195866
1.895 0.022037062338328636
1.905 0.03206373650567426
1.915 0.04618826159002917
1.9249999999999998 0.065872805134592
1.9349999999999998 0.09301173683027589
1.9449999999999998 0.1300248632147266
1.9549999999999998 0.17995839542863692
1.9649999999999999 0.2465896669209709
1.9749999999999999 0.3345297076279658
1.9849999999999999 0.44931566807873446
1.9949999999999999 0.597482914051133
2.005 0.7866045840576111
2.015 1.02528478054995
2.025 1.3230906597647938
2.035 1.6904088262178159
2.045 2.13821294702639
2.0549999999999997 2.6777326456167
2.065 3.320018677562272
2.0749999999999997 4.075406142853592
2.085 4.952885859817708
2.0949999999999998 5.959403598380381
2.105 7.099116989836701
2.1149999999999998 8.372649726740528
2.125 9.776391108973227
2.135 11.301894976389518
2.145 12.935434533353133
2.155 14.65776763121631
2.165 16.444160159563324
2.175 18.264703167615554
2.185 20.084942574518223
2.195 21.866819764535265
2.205 23.569898454443372
2.215 25.152829839478283
2.225 26.5749862994305
2.235 27.798176045896756
2.245 28.788338981812263
2.255 29.517119252834952
2.265 29.963213383372928
2.275 30.11340461547177
2.285 29.963213383372928
2.295 29.517119252834952
2.305 28.788338981812263
2.315 27.798176045896756
2.3249999999999997 26.5749862994305
2.335 25.152829839478283
2.3449999999999998 23.569898454443372
2.355 21.866819764535265
2.3649999999999998 20.084942574518223
2.375 18.264703167615554
2.385 16.444160159563324
2.395 14.65776763121631
2.405 12.935434533353133
2.415 11.301894976389518
2.425 9.776391108973227
2.435 8.372649726740528
2.445 7.099116989836701
2.455 5.959403598380381
2.465 4.952885859817708
2.475 4.075406142853592
2.485 3.320018677562272
2.495 2.6777326456167
2.505 2.13821294702639
2.515 1.6904088262178159
2.525 1.3230906597647938
2.535 1.02528478054995
2.545 0.7866045840576111
2.555 0.597482914051133
2.565 0.44931566807873446
2.5749999999999997 0.3345297076279658
2.585 0.2465896669209709
2.5949999999999998 0.17995839542863692
2.605 0.1300248632147266
2.6149999999999998 0.09301173683027589
2.625 0.065872805134592
2.635 0.04618826159002917
2.645 0.03206373650567426
2.655 0.022037062338328636
2.665 0.014995133088195866
2.675 0.01010192184739779
2.685 0.0
2.695 0.0
2.705 0.0
2.715 0.0
2.725 0.0
2.735 0.0
2.745 0.0
2.755 0.0
2.765 0.0
2.775 0.0
2.785 0.0
2.795 0.0
2.805 0.0
2.815 0.0
2.8249999999999997 0.0
2.835 0.0
2.8449999999999998 0.0
2.855 0.0
2.8649999999999998 0.0
2.875 0.0
2.885 0.0
2.895 0.0
2.905 0.0
2.915 0.0
2.925 0.0
2.935 0.0
2.945 0.0
2.955 0.0
2.965 0.0
2.975 0.0
2.985 0.0
2.995 0.0
3.005 0.0
3.015 0.0
3.025 0.0
3.035 0.0
3.045 0.0
3.055 0.0
3.065 0.0
3.075 0.0
3.085 0.0
3.0949999999999998 0.0
3.105 0.0
3.1149999999999998 0.0
3.125 0.0
3.135 0.004183968244627464
3.145 0.006210616317640132
3.155 0.009127210685380006
3.165 0.013280013186639418
3.175 0.01913004502376039
3.185 0.027282900128420783
3.195 0.038523179960629615
3.205 0.05385310903415698
3.215 0.07453435328461615
3.225 0.10213139157440353
3.235 0.13855399940165497
3.245 0.1860955286977654
3.255 0.24746276766547848
3.265 0.32579232451924184
3.275 0.4246478074492184
3.285 0.5479916979010372
3.295 0.7001258726976987
3.305 0.8855953555920874
3.315 1.1090511811619828
3.325 1.3750703013079473
3.335 1.6879332609419744
3.3449999999999998 2.051363836484219
3.355 2.4682387954689067
3.3649999999999998 2.940280126798179
3.375 3.467746148629628
3.385 4.049141397539021
3.395 4.680967681165467
3.405 5.357539697453552
3.415 6.070887820413606
3.425 6.810767788201023
3.435 7.564792047023736
3.445 8.318690561697169
3.455 9.056700387102596
3.465 9.762073806568596
3.475 10.417685159384225
3.485 11.006707481791585
3.495 11.513322671819713
3.505 11.923423872706033
3.515 12.225266785107436
3.525 12.41002803197517
3.535 12.472233556351195
3.545 12.41002803197517
3.555 12.225266785107436
3.565 11.923423872706033
3.575 11.513322671819713
3.585 11.006707481791585
3.5949999999999998 10.417685159384225
3.605 9.762073806568596
3.6149999999999998 9.056700387102596
3.625 8.318690561697169
3.635 7.564792047023736
3.645 6.810767788201023
3.655 6.070887820413606
3.665 5.357539697453552
3.675 4.680967681165467
3.685 4.049141397539021
3.695 3.467746148629628
3.705 2.940280126798179
3.715 2.4682387954689067
3.725 2.051363836484219
3.735 1.6879332609419744
3.745 1.3750703013079473
3.755 1.1090511811619828
3.765 0.8855953555920874
3.775 0.7001258726976987
3.785 0.5479916979010372
3.795 0.4246478074492184
3.805 0.32579232451924184
3.815 0.24746276766547848
3.825 0.1860955286977654
3.835 0.13855399940165497
3.8449999999999998 0.10213139157440353
3.855 0.07453435328461615
3.8649999999999998 0.05385310903415698
3.875 0.038523179960629615
3.885 0.027282900128420783
3.895 0.01913004502376039
3.905 0.013280013186639418
3.915 0.009127210685380006
3.925 0.006210616317640132
3.935 0.004183968244627464
3.945 0.0
3.955 0.0
3.965 0.0
3.975 0.0
3.985 0.0
3.995 0.0
4.005 0.0
4.015 0.0
4.025 0.0
4.035 0.0
4.045 0.0
4.055 0.0
4.065 0.0
4.075 0.0
4.085 0.0
4.095 0.0
4.1049999999999995 0.0
4.115 0.0
4.125 0.0
4.135 0.0
4.145 0.0025310431851680525
4.155 0.0037570404906015708
4.165 0.005521400511222335
4.175 0.008033590340497044
4.185 0.011572499421218223
4.195 0.016504474796225063
4.205 0.025769669407528457
4.215 0.03623759028273561
4.225 0.05046715248368483
4.235 0.06960881362818006
4.245 0.09508953962300686
4.255 0.1286535299232459
4.265 0.17480307611785798
4.275 0.23238494877563465
4.285 0.30604817316375665
4.295 0.39931054767577284
4.305 0.516164556189
4.315 0.661058820420506
4.325 0.838852509780224
4.335 1.0547382241277083
4.345 1.3141298522656808
4.355 1.6225133994574794
4.365 1.9852607557435187
4.375 2.4074087780631444
4.385 2.8934087643673863
4.395 3.446854237231751
4.405 4.070197716060581
4.415 4.764469602139321
4.425 5.529014184760467
4.435 6.361258872754572
4.445 7.256532880554754
4.455 8.207950634144298
4.465 9.206373076500265
4.475 10.24045690477023
4.485 11.296797716593026
4.495 12.360168318739317
4.505 13.413848360144618
4.515 14.440036333936899
4.525 15.420330197149934
4.535 16.33625870701811
4.545 17.169842342904822
4.555 17.904160575341052
4.565 18.52390137689817
4.575 19.015869275448992
4.585 19.36942987917369
4.595 19.576871535435664
4.605 19.633668449859414
4.615 19.53863397850796
4.625 19.29395768495968
4.635 18.905124887013425
4.645 18.380722567216953
4.655 17.732140456822272
4.665 16.973180604704662
4.675 16.119592607151496
4.685 15.188554717979407
4.695 14.200137217077934
4.705 13.169662352009357
4.715 12.116745731166223
4.725 11.058968099502565
4.735 10.014760671546323
4.745 8.996067087953831
4.755 8.017499068868965
4.765 7.0904175447052795
4.775 6.224171625667646
4.785 5.426107981603139
4.795 4.701665105188224
4.805 4.054540179022714
4.815 3.4869128300491528
4.825 2.999707593743591
4.835 2.592875524696001
4.845 2.265675112682308
4.855 2.0169334682701288
4.865 1.8452705552055342
4.875 1.749271957765794
4.885 1.727599143800727
4.895 1.779030264072507
4.905 1.9024290465757638
4.915 2.0966441158188625
4.925 2.3603458872782372
4.935 2.6918128289378247
4.945 3.088683093138955
4.955 3.546002883710083
4.965 4.0632958744731145
4.975 4.632300370954473
4.985 5.245702499300696
4.995 5.896309296114909
5.005 6.57073214632108
5.015 7.256394277118476
5.025 7.943688687564838
5.035 8.61578264673562
5.045 9.257725456525366
5.055 9.854504429232284
5.065 10.39162327564254
5.075 10.854104314605877
5.085 11.234038574256523
5.095 11.519711971982233
5.105 11.70453058670671
5.115 11.784983889716173
5.125 11.76087214523115
5.135 11.635378533059702
5.145 11.414978526500391
5.155 11.110883466960379
5.165 10.732685517095856
5.175 10.295897265135164
5.185 9.816433746287325
5.195 9.31106692027388
5.205 8.79672518095522
5.215 8.289805213373207
5.225 7.805531406229678
5.235 7.357393950168358
5.245 6.9566910369668395
5.255 6.612193705157895
5.265 6.329944355207726
5.275 6.113192260436019
5.285 5.962461954662822
5.295 5.875743543801018
5.305 5.848788057142716
5.315 5.87548615326322
5.325 5.948305000848507
5.335 6.058756097084383
5.345 6.197866253652927
5.355 6.356625012851146
5.365 6.526384333049544
5.375 6.699190405186871
5.385 6.868032738052669
5.395 7.027001884051824
5.405 7.171353971629708
5.415 7.29748708356245
5.425 7.4028409383923215
5.435 7.485736757674259
5.445 7.545178148683474
5.455 7.580635925056816
5.465 7.59183981173358
5.475 7.578597917583856
5.485 7.540660902173191
5.495 7.477642304456651
5.505 7.387656743626692
5.515 7.273190751324214
5.525 7.13161746507915
5.535 6.962415047512666
5.545 6.763987894543396
5.555 6.539565351864873
5.565 6.28791514994154
5.575 6.010430674047878
5.585 5.709217786953353
5.595 5.387110283397581
5.605 5.047629024753221
5.615 4.694887960500788
5.625 4.3334549838970915
5.635 3.9681792778577205
5.645 3.603999178997137
5.655 3.2457454862881074
5.665 2.897954598200644
5.675 2.564704060382375
5.685 2.249480341176877
5.695 1.9550852898644386
5.705 1.683584158525484
5.715 1.436294644657145
5.725 1.213813439070904
5.735 1.0160744576604668
5.745 0.8424314150982181
5.755 0.6917566868859913
5.765 0.5625484438649402
5.775 0.4530387073051008
5.785 0.3626628468629173
5.795 0.2873472603942151
5.805 0.22489560123100563
5.815 0.17630296854743188
5.825 0.1381815545420276
5.835 0.10912454231490713
5.845 0.08794511730913424
5.855 0.07370047172868727
5.865 0.0657066070403746
5.875 0.06354586708875751
5.885 0.06706872393630477
5.895 0.07639078070525668
5.905 0.09188532152123452
5.915 0.11417109979677813
5.925 0.14409448231285318
5.935 0.18270462356854347
5.945 0.23122009189720205
5.955 0.2909853554972468
5.965 0.3622857166590144
5.975 0.4491842559005546
5.985 0.5513849329047651
5.995 0.670104166744064
6.005 0.8062816902328617
6.015 0.9604800130137138
6.025 1.132783518008201
6.035 1.3227036930109468
6.045 1.5290978088603002
6.055 1.7501086891116089
6.065 1.983132953765631
6.075 2.2248241840032397
6.085 2.471135827348373
6.095 2.7174063947630063
6.105 2.9584867191338513
6.115 3.1889059451570505
6.125 3.40306975728675
6.135 3.595481413147328
6.1450000000000005 3.7609737279360687
6.155 3.8949385169281854
6.165 3.993539354919462
6.175 4.053893973235777
6.185 4.074214201338421
6.195 4.053893973235777
6.205 3.993539354919462
6.215 3.8949385169281854
6.225 3.7609737279360687
6.235 3.595481413147328
6.245 3.40306975728675
6.255 3.1889059451570505
6.265 2.9584867191338513
6.275 2.7174063947630063
6.285 2.471135827348373
6.295 2.2248241840032397
6.305 1.983132953765631
6.315 1.7501086891116089
6.325 1.5290978088603002
6.335 1.3227036930109468
6.345 1.132783518008201
6.355 0.9604800130137138
6.365 0.8074241260872428
6.375 0.6717999804654486
6.385 0.5538771250362083
6.3950000000000005 0.45281037405538355
6.405 0.36750919065624965
6.415 0.29674063814008644
6.425 0.23922383283192597
6.435 0.19371311315298723
6.445 0.1590682879992612
6.455 0.13431127662356454
6.465 0.11866914962926117
6.475 0.11160401050704573
6.485 0.11283033683945104
6.495 0.12232037509490429
6.505 0.14029801865686223
6.515 0.16722137370345524
6.525 0.20375401414140287
6.535 0.2507248230454328
6.545 0.30907637968044016
6.555 0.3798021243241901
6.565 0.4638730381834066
6.575 0.5632299825176278
6.585 0.6769165487414318
6.595 0.8051902091475813
6.605 0.9502819000899888
6.615 1.1105349538003093
6.625 1.2862244164416268
6.635 1.4743706403854462
6.6450000000000005 1.6738376511622626
6.655 1.8822412516980949
6.665 2.096719273522916
6.675 2.3140213612764136
6.685 2.5306340227239503
6.695 2.7429369646903914
6.705 2.947383737387028
6.715 3.140696907682347
6.725 3.32006565786077
6.735 3.483332127108463
6.745 3.6291522004817183
6.755 3.757116954845253
6.765 3.8678226506925104
6.775 3.962879964940657
6.785 4.0448569374206444
6.795 4.117154599363894
6.805 4.183819133644524
6.815 4.24929930126765
6.825 4.3181623570774335
6.835 4.395927824983655
6.845 4.484737436512983
6.855 4.588494679019747
6.865 4.709302121980192
6.875 4.8480237885291
6.885 5.0041575955746485
6.8950000000000005 5.175791088024642
6.905 5.35964631681024
6.915 5.551213749928056
6.925 5.744969005931861
6.935 5.934660399947033
6.945 6.113650217064123
6.955 6.275288653331641
6.965 6.413296791628979
6.975 6.522134011329715
6.985 6.597325955410231
6.995 6.635731562834666
