0.005 0.0
0.015 0.0
0.025 0.0
0.034999999999999996 0.0
0.045 0.0
0.055 0.0
0.065 0.0
0.07500000000000001 0.0
0.085 0.0
0.095 0.0
0.10500000000000001 0.0
0.115 0.0
0.125 0.0
0.135 0.0
0.14500000000000002 0.0
0.155 0.0
0.165 0.0
0.17500000000000002 0.0
0.185 0.0
0.195 0.0
0.20500000000000002 0.0
0.215 0.0
0.225 0.0
0.23500000000000001 0.0
0.245 0.0
0.255 0.0
0.265 0.0
0.275 0.0
0.28500000000000003 0.0
0.295 0.0
0.305 0.0
0.315 0.0
0.325 0.0
0.335 0.0
0.34500000000000003 0.0
0.35500000000000004 0.0
0.365 0.0
0.375 0.0
0.385 0.0
0.395 0.0
0.405 0.0
0.41500000000000004 0.0
0.425 0.0
0.435 0.0
0.445 0.0
0.455 0.0
0.465 0.0
0.47500000000000003 0.0
0.485 0.0
0.495 0.0
0.505 0.0
0.515 0.0
0.525 0.0
0.535 0.0
0.545 0.0
0.555 0.0
0.5650000000000001 0.0
0.5750000000000001 0.0
0.585 0.0
0.595 0.0
0.605 0.0
0.615 0.0
0.625 0.0
0.635 0.0
0.645 0.0
0.655 0.0
0.665 0.0
0.675 0.0
0.685 0.0
0.6950000000000001 0.0
0.7050000000000001 0.0
0.715 0.0
0.725 0.0
0.735 0.0
0.745 0.0
0.755 0.0
0.765 0.0
0.775 0.0
0.785 0.0
0.795 0.0
0.805 0.0
0.8150000000000001 0.0
0.8250000000000001 0.0
0.8350000000000001 0.0
0.845 0.0
0.855 0.0
0.865 0.0
0.875 0.0
0.885 0.0
0.895 0.0
0.905 0.0
0.915 0.0
0.925 0.0
0.935 0.0
0.9450000000000001 0.0
0.9550000000000001 0.0
0.965 0.0
0.975 0.0
0.985 0.0
0.995 0.0
1.005 0.0
1.015 0.0
1.025 0.0
1.035 0.0
1.045 0.0
1.055 0.0
1.065 0.0
1.075 0.0
1.085 0.0
1.095 0.0
1.105 0.0
1.115 0.0
1.125 0.0
1.135 0.0
1.145 0.0
1.155 0.0
1.1649999999999998 0.0
1.1749999999999998 0.0
1.1849999999999998 0.0
1.1949999999999998 0.0
1.2049999999999998 0.0
1.2149999999999999 0.0
1.2249999999999999 0.0
1.2349999999999999 0.0
1.2449999999999999 0.0
1.255 0.0
1.265 0.0
1.275 0.0
1.285 0.01841477515436817
1.295 0.02733460111850733
1.305 0.04017132127463952
1.315 0.05844892756846999
1.325 0.08419649892367993
1.335 0.12007941792318384
1.345 0.16955092766709556
1.355 0.23702208913776618
1.365 0.32804583514104985
1.375 0.4495078600226877
1.385 0.6098136019545999
1.395 0.8190567226706442
1.405 1.0891505286850434
1.4149999999999998 1.4339000805621471
1.4249999999999998 1.8689897811758012
1.4349999999999998 2.411859582410992
1.4449999999999998 3.081443206945721
1.4549999999999998 3.8977445328180456
1.4649999999999999 4.881234020360685
1.4749999999999999 6.052056072019673
1.4849999999999999 7.429050522966745
1.4949999999999999 9.028606719748764
1.505 10.863386093862536
1.515 12.940967583913048
1.525 15.262488117934224
1.535 17.82136575717827
1.545 20.602204011517607
1.555 23.579980329892113
1.565 26.71961823416344
1.575 29.97602995897078
1.585 33.294694531769345
1.595 36.612805670578794
1.605 39.86098639327105
1.615 42.96552547193481
1.625 45.85104824478413
1.635 48.44349469605997
1.645 50.67324508341889
1.655 52.47821131722222
1.665 53.80670356162413
1.6749999999999998 54.6198877493098
1.6849999999999998 54.89367107599136
1.6949999999999998 54.6198877493098
1.7049999999999998 53.80670356162413
1.7149999999999999 52.47821131722222
1.7249999999999999 50.67324508341889
1.7349999999999999 48.44349469605997
1.7449999999999999 45.85104824478413
1.755 42.96552547193481
1.765 39.86098639327105
1.775 36.612805670578794
1.785 33.294694531769345
1.795 29.97602995897078
1.805 26.71961823416344
1.815 23.579980329892113
1.825 20.602204011517607
1.835 17.82136575717827
1.845 15.262488117934224
1.855 12.940967583913048
1.865 10.863386093862536
1.875 9.028606719748764
1.885 7.429050522966745
1.895 6.052056072019673
1.905 4.881234020360685
1.915 3.8977445328180456
1.9249999999999998 3.081443206945721
1.9349999999999998 2.411859582410992
1.9449999999999998 1.8689897811758012
1.9549999999999998 1.4339000805621471
1.9649999999999999 1.0891505286850434
1.9749999999999999 0.8190567226706442
1.9849999999999999 0.6098136019545999
1.9949999999999999 0.4495078600226877
2.005 0.32804583514104985
2.015 0.23702208913776618
2.025 0.16955092766709556
2.035 0.12007941792318384
2.045 0.08419649892367993
2.0549999999999997 0.05844892756846999
2.065 0.04017132127463952
2.0749999999999997 0.02733460111850733
2.085 0.01841477515436817
2.0949999999999998 0.0
2.105 0.0
2.1149999999999998 0.0
2.125 0.0
2.135 0.0
2.145 0.0
2.155 0.0
2.165 0.0
2.175 0.0
2.185 0.0
2.195 0.0
2.205 0.0
2.215 0.0
2.225 0.0
2.235 0.0
2.245 0.0
2.255 0.0
2.265 0.0
2.275 0.0
2.285 0.0
2.295 0.0
2.305 0.0
2.315 0.0
2.3249999999999997 0.0
2.335 0.0
2.3449999999999998 0.0
2.355 0.0
2.3649999999999998 0.0
2.375 0.0
2.385 0.0
2.395 0.0
2.405 0.0
2.415 0.0
2.425 0.0
2.435 0.0
2.445 0.0
2.455 0.0
2.465 0.0
2.475 0.0
2.485 0.0
2.495 0.0
2.505 0.0
2.515 0.0
2.525 0.0
2.535 0.0
2.545 0.0
2.555 0.0
2.565 0.0
2.5749999999999997 0.0
2.585 0.0
2.5949999999999998 0.0
2.605 0.0
2.6149999999999998 0.0
2.625 0.0
2.635 0.0
2.645 0.0
2.655 0.0
2.665 0.0
2.675 0.0
2.685 0.0
2.695 0.0
2.705 0.0
2.715 0.0
2.725 0.0
2.735 0.0
2.745 0.0
2.755 0.0
2.765 0.0
2.775 0.0
2.785 0.0
2.795 0.0
2.805 0.0
2.815 0.0
2.8249999999999997 0.0
2.835 0.0
2.8449999999999998 0.0
2.855 0.0
2.8649999999999998 0.0
2.875 0.0
2.885 0.0
2.895 0.0
2.905 0.0
2.915 0.0
2.925 0.0
2.935 0.004700840368761885
2.945 0.006977853127432978
2.955 0.01025475288898839
2.965 0.014920577412509302
2.975 0.021493300772394437
2.985 0.030653329758242153
2.995 0.04781834499483208
3.005 0.06723931789703538
3.015 0.09363754509434612
3.025 0.12914618375525863
3.035 0.17641076356122867
3.045 0.23866451834615693
3.055 0.3197992680462742
3.065 0.4244256924021823
3.075 0.5579155009611666
3.085 0.7264168539717262
3.0949999999999998 0.9368335965870463
3.105 1.196758622223237
3.1149999999999998 1.514352168441806
3.125 1.898157238191633
3.135 2.3568467529543016
3.145 2.8989005328560866
3.155 3.532214716629236
3.165 4.263651620989422
3.175 5.098544009631454
3.185 6.040173890348534
3.195 7.089251775246437
3.205 8.243427244915924
3.215 9.496865053419455
3.225 10.83992233703879
3.235 12.258961290925399
3.245 13.736327668416884
3.255 15.250518576312372
3.265 16.776553485863417
3.275 18.2865506283214
3.285 19.750497729252043
3.295 21.137192304270712
3.305 22.415313576537294
3.315 23.554576613199632
3.325 24.526910579381262
3.335 25.30759796568973
3.3449999999999998 25.87631087784569
3.355 26.217984256912743
3.3649999999999998 26.32347410809977
3.375 26.1899609443522
3.385 25.821073830911175
3.395 25.226727500123147
3.405 24.42268266665662
3.415 23.42985653351518
3.425 22.27342523672743
3.435 20.98177152644793
3.445 19.585338516156405
3.455 18.11545340566893
3.465 16.60318364724883
3.475 15.07828240915931
3.485 13.568271063289156
3.495 12.097694703221787
3.505 10.687573460950283
3.515 9.355058754599542
3.525 8.113290626320667
3.535 6.971440928163155
3.545 5.934917973851462
3.555 5.005701825709062
3.565 4.182775787504408
3.575 3.4626188310079073
3.585 2.8397252878501615
3.5949999999999998 2.307121721936163
3.605 1.8568558998454874
3.6149999999999998 1.4804386056223093
3.625 1.1692251376150393
3.635 0.9147291872143628
3.645 0.7088670456520375
3.655 0.5441344490856236
3.665 0.41372170947602915
3.675 0.31157505597226065
3.685 0.2324133873291337
3.695 0.1717100367228636
3.705 0.12564884470641532
3.715 0.09106301042717123
3.725 0.06536402959892325
3.735 0.046466696115320595
3.745 0.029579429119712963
3.755 0.02074031016401304
3.765 0.014397853854028364
3.775 0.009895490591472976
3.785 0.006733392868524293
3.795 0.007507157282198112
3.805 0.0044101127199273945
3.815 0.0064811648123750615
3.825 0.009430039158731298
3.835 0.016499250605806398
3.8449999999999998 0.02370058389520231
3.855 0.033714337761917665
3.8649999999999998 0.04749343964558869
3.875 0.06625500210855602
3.885 0.0915318928498674
3.895 0.12522689424930505
3.905 0.16966679063338413
3.915 0.22765270814595434
3.925 0.3025019674773951
3.935 0.3980756815693425
3.945 0.5187854541877017
3.955 0.6695719497295369
3.965 0.8558479631550173
3.975 1.0833990758153955
3.985 1.3582361753169305
3.995 1.6863961439258204
4.005 2.0736899174382457
4.015 2.5254008391159157
4.025 3.0459406359283907
4.035 3.6384751738258596
4.045 4.304537047341027
4.055 5.043646581192351
4.065 5.852966466711587
4.075 6.729628358509316
4.085 7.661358890200389
4.095 8.638825943828667
4.1049999999999995 9.648151354768247
4.115 10.675441670530406
4.125 11.698157513642387
4.135 12.697864735743304
4.145 13.653509759040158
4.155 14.543947460234545
4.165 15.348839309285822
4.175 16.04958628272759
4.185 16.630244357275025
4.195 17.078367781445902
4.205 17.38572657275001
4.215 17.54884987033249
4.225 17.569355612587955
4.235 17.45403890279212
4.245 17.214705499850247
4.255 16.86775207008458
4.265 16.433510027155467
4.275 15.935383871855652
4.285 15.39882695712934
4.295 14.852578694251537
4.305 14.319138717584979
4.315 13.824876814897227
4.325 13.392067266477522
4.335 13.039495197920358
4.345 12.7839758676106
4.355 12.631599377497222
4.365 12.5884308810725
4.375 12.653702939516826
4.385 12.821537892395956
4.395 13.081371248636199
4.405 13.41860259780736
4.415 13.815440162819968
4.425 14.251894957478104
4.435 14.70687223319917
4.445 15.159301988692594
4.455 15.589247231392742
4.465 15.978928798912936
4.475 16.31360911909506
4.485 16.582284366448725
4.495 16.77814488403614
4.505 16.898777043525712
4.515 16.94609520845927
4.525 16.926009208148997
4.535 16.847849608209543
4.545 16.723588874829012
4.555 16.56691008248066
4.565 16.392185039246325
4.575 16.213429754581128
4.585 16.04330651424899
4.595 15.892238285495019
4.605 15.76571137985795
4.615 15.672374236477804
4.625 15.609652940571376
4.635 15.574207215211525
4.645 15.557275895900155
4.655 15.553602762313844
4.665 15.550288999225005
4.675 15.530703187401267
4.685 15.482171900659356
4.695 15.39101433997547
4.705 15.244794500642836
4.715 15.03311794785794
4.725 14.748286054073528
4.735 14.385773026173847
4.745 13.94647981138754
4.755 13.429864063012749
4.765 12.845176643295229
4.775 12.198561734841137
4.785 11.503262422324992
4.795 10.77340713762647
4.805 10.024707424456148
4.815 9.273820233022342
4.825 8.53771935423037
4.835 7.833107984365573
4.845 7.175897163938744
4.855 6.580766586594208
4.865 6.060815855699145
4.875 5.627306443185866
4.885 5.2877466378575715
4.895 5.0533479503614425
4.905 4.9265674228857845
4.915 4.9102965904512335
4.925 5.003577570422638
4.935 5.209079868181615
4.945 5.5209636358198795
4.955 5.933967474089904
4.965 6.440915024288347
4.975 7.032790412675051
4.985 7.698824460208591
4.995 8.426600417124824
5.005 9.202188890359695
5.015 10.010321326183746
5.025 10.834609920191681
5.035 11.65781926543496
5.045 12.46219160113832
5.055 13.22982343072132
5.065 13.943086825438748
5.075 14.585084238538023
5.085 15.140121464039252
5.095 15.59417982800488
5.105 15.933784125651423
5.115 16.15327285974257
5.125 16.243855777582958
5.135 16.202208789344606
5.145 16.028250714175456
5.155 15.723623291810025
5.165 15.298315569266236
5.175 14.759398608075099
5.185 14.11885772057164
5.195 13.390835241056283
5.205 12.591113697823074
5.215 11.736543697564056
5.225 10.84444607971992
5.235 9.932018931115106
5.245 9.015778962324935
5.255 8.111063646568152
5.265 7.231615701139601
5.275 6.389265391615414
5.285 5.593719302039462
5.295 4.85245722359174
5.305 4.170732234078482
5.315 3.551663360186149
5.325 2.9964058042917925
5.335 2.504380802232529
5.345 2.0735458275482417
5.355 1.700685995301097
5.365 1.3817089467672083
5.375 1.1119279296546343
5.385 0.886320893390067
5.395 0.6997568527218394
5.405 0.5471842179963757
5.415 0.423778981215517
5.425 0.32505338584055404
5.435 0.24692787253810172
5.445 0.18577063230943525
5.455 0.13841002529861576
5.465 0.10212549953827557
5.475 0.0747780384218466
5.485 0.05534785609616837
5.495 0.04141000170381477
5.505 0.03188387760573735
5.515 0.02597501261486964
5.525 0.023147310269887242
5.535 0.023099671407626914
5.545 0.02574781228390132
5.555 0.02989403136790696
5.565 0.03893608892808836
5.575 0.05016286646310851
5.585 0.06737506817386088
5.595 0.08959280729969582
5.605 0.1179516790575533
5.615 0.1537418721286837
5.625 0.19839798550321375
5.635 0.2549130267075811
5.645 0.3227567867234488
5.655 0.4046586783513251
5.665 0.5038159359620394
5.675 0.6197822456136973
5.685 0.7551487738162362
5.695 0.9113438717719384
5.705 1.0894914609903328
5.715 1.2903236763732988
5.725 1.5141024118440876
5.735 1.7605568846930757
5.745 2.0288442216620886
5.755 2.317539241997536
5.765 2.6246580187296282
5.775 2.947717467896099
5.785 3.283830267393775
5.795 3.6298310584129414
5.805 3.9824264335621233
5.815 4.3383580291689325
5.825 4.694565503909049
5.835 5.048334673487077
5.845 5.397415887180975
5.855 5.7400990693803955
5.865 6.07523474904941
5.875 6.402194728207724
5.885 6.7207714833397425
5.895 7.031021476061882
5.905 7.333063675710103
5.915 7.6268501103051
5.925 7.911929519346764
5.935 8.187227627452657
5.945 8.452166485182563
5.955 8.701981447464242
5.965 8.93386418780764
5.975 9.143261981499366
5.985 9.324896509201935
5.995 9.473005424593428
6.005 9.581659139674406
6.015 9.646402217546116
6.025 9.660185047969977
6.035 9.619806400352136
6.045 9.523863102246175
6.055 9.369479832519898
6.065 9.158522406685387
6.075 8.8940804368217
6.085 8.581321347866478
6.095 8.227391937336808
6.105 7.841213532803211
6.115 7.4331843731974825
6.125 7.014808392684784
6.135 6.5982732180414825
6.1450000000000005 6.196001749462994
6.155 5.820201252555667
6.165 5.48243171506914
6.175 5.193211732946285
6.185 4.961675889663875
6.195 4.795293003133077
6.205 4.699650215375744
6.215 4.678304078366043
6.225 4.732696804640174
6.235 4.862133822152613
6.245 5.063817681173891
6.255 5.33293307209024
6.265 5.6627780076033165
6.275 6.044936835702146
6.285 6.468481080742184
6.295 6.9246000356509185
6.305 7.39967503616555
6.315 7.8809158533089345
6.325 8.35517961012833
6.335 8.809321544933521
6.345 9.230555462884443
6.355 9.606814674509803
6.365 9.92710250393283
6.375 10.181820096064861
6.385 10.363058492388543
6.3950000000000005 10.464841969479739
6.405 10.483310569771223
6.415 10.416831646040999
6.425 10.266033044413057
6.435 10.03375412716029
6.445 9.723957496489643
6.455 9.345676143708717
6.465 8.905910676122609
6.475 8.413401405303956
6.485 7.880940065196709
6.495 7.31822181775964
6.505 6.736455595868572
6.515 6.146571505008077
6.525 5.5588824819603415
6.535 4.982793621557445
6.545 4.426570369537953
6.555 3.8971726469710024
6.565 3.4001576294508067
6.575 2.9396496965814647
6.585 2.518372305216511
6.595 2.1377334735185096
6.605 1.7979543617011806
6.615 1.4982291789438027
6.625 1.23690432507879
6.635 1.0116652021424473
6.6450000000000005 0.8197203552731449
6.655 0.657974335664852
6.665 0.5231827147751179
6.675 0.41208481835582556
6.685 0.3215118138610545
6.695 0.248469634040081
6.705 0.19019775461238214
6.715 0.1442060107457729
6.725 0.10829242251335365
6.735 0.08054542463926935
6.745 0.05933400695300617
6.755 0.042422937561187105
6.765 0.030707481480436373
6.775 0.022010084808011334
6.785 0.01562184125440616
6.795 0.010979299462658746
6.805 0.007640958770436951
6.815 0.005265635553613614
6.825 0.0027458149857922123
6.835 0.0018683915539824004
6.845 0.001258698095419117
6.855 0.0
6.865 0.0
6.875 0.0
6.885 0.0
6.8950000000000005 0.0
6.905 0.0
6.915 0.0
6.925 0.0
6.935 0.0
6.945 0.0
6.955 0.0
6.965 0.0
6.975 0.0
6.985 0.0
6.995 0.0
