0.005 0.0
0.015 0.0
0.025 0.0
0.034999999999999996 0.0
0.045 0.0
0.055 0.0
0.065 0.0
0.07500000000000001 0.0
0.085 0.0
0.095 0.0
0.10500000000000001 0.0
0.115 0.0
0.125 0.0
0.135 0.0
0.14500000000000002 0.0
0.155 0.0
0.165 0.0
0.17500000000000002 0.0
0.185 0.0
0.195 0.0
0.20500000000000002 0.0
0.215 0.0
0.225 0.0
0.23500000000000001 0.0
0.245 0.0
0.255 0.0
0.265 0.0
0.275 0.0
0.28500000000000003 0.0
0.295 0.0
0.305 0.0
0.315 0.0
0.325 0.0
0.335 0.0
0.34500000000000003 0.0
0.35500000000000004 0.0
0.365 0.0
0.375 0.0
0.385 0.0
0.395 0.0
0.405 0.0
0.41500000000000004 0.0
0.425 0.0
0.435 0.0
0.445 0.0
0.455 0.0
0.465 0.0
0.47500000000000003 0.0
0.485 0.0
0.495 0.0
0.505 0.0
0.515 0.0
0.525 0.0
0.535 0.0
0.545 0.0
0.555 0.0
0.5650000000000001 0.0
0.5750000000000001 0.0
0.585 0.0
0.595 0.0
0.605 0.0
0.615 0.0
0.625 0.0
0.635 0.0
0.645 0.0
0.655 0.0
0.665 0.0
0.675 0.0
0.685 0.0
0.6950000000000001 0.0
0.7050000000000001 0.0
0.715 0.0
0.725 0.0
0.735 0.0
0.745 0.0
0.755 0.0
0.765 0.0
0.775 0.0
0.785 0.0
0.795 0.0
0.805 0.0
0.8150000000000001 0.0
0.8250000000000001 0.0
0.8350000000000001 0.0
0.845 0.0
0.855 0.0
0.865 0.0
0.875 0.0
0.885 0.0
0.895 0.0
0.905 0.0
0.915 0.0
0.925 0.0
0.935 0.0
0.9450000000000001 0.0
0.9550000000000001 0.0
0.965 0.0
0.975 0.0
0.985 0.0
0.995 0.0
1.005 0.0
1.015 0.0
1.025 0.0
1.035 0.0
1.045 0.0
1.055 0.0
1.065 0.0
1.075 0.0
1.085 0.0
1.095 0.0
1.105 0.0
1.115 0.0
1.125 0.0
1.135 0.0
1.145 0.0
1.155 0.0
1.1649999999999998 0.0
1.1749999999999998 0.0
1.1849999999999998 0.0
1.1949999999999998 0.0
1.2049999999999998 0.0
1.2149999999999999 0.0
1.2249999999999999 0.0
1.2349999999999999 0.0
1.2449999999999999 0.0
1.255 0.0
1.265 0.0
1.275 0.0
1.285 0.0
1.295 0.0
1.305 0.0
1.315 0.0
1.325 0.0
1.335 0.0
1.345 0.0
1.355 0.0
1.365 0.0
1.375 0.0
1.385 0.0
1.395 0.0
1.405 0.0
1.4149999999999998 0.0
1.4249999999999998 0.0
1.4349999999999998 0.0
1.4449999999999998 0.0
1.4549999999999998 0.0
1.4649999999999999 0.0
1.4749999999999999 0.0
1.4849999999999999 0.014714441338157925
1.4949999999999999 0.021841884100594792
1.505 0.032099145681491754
1.515 0.046703981383149414
1.525 0.06727773941876693
1.535 0.095950210422836
1.545 0.13548072990703514
1.555 0.1893939837564617
1.565 0.26212707768332366
1.575 0.3591820688495224
1.585 0.48727537523276493
1.595 0.6544724004138727
1.605 0.8702925465238808
1.615 1.1457668336073457
1.625 1.4934279819433145
1.635 1.9272114942354988
1.645 2.4622464800887096
1.655 3.1145171634459063
1.665 3.9003805937527583
1.6749999999999998 4.835933281859909
1.6849999999999998 5.936229315972678
1.6949999999999998 7.214364706024015
1.7049999999999998 8.680456648094514
1.7149999999999999 10.34056114051018
1.7249999999999999 12.19558665273212
1.7349999999999999 14.240273845410062
1.7449999999999999 16.462320056746798
1.755 18.841730860711127
1.765 21.350478177916298
1.775 23.963586534097814
1.785 26.620739735826955
1.795 29.279801555725896
1.805 31.886250552093177
1.815 34.38240512030456
1.825 36.70963637546238
1.835 38.81083876723286
1.845 40.633029637049844
1.855 42.14021177736055
1.865 43.279631338130635
1.875 44.032791009804484
1.885 44.387348226502404
1.895 44.345061131819634
1.905 43.92222839877709
1.915 43.14944312603866
1.9249999999999998 42.07066595538162
1.9349999999999998 40.741664108065365
1.9449999999999998 39.227900030085564
1.9549999999999998 37.601982965661655
1.9649999999999999 35.94081711500436
1.9749999999999999 34.32259017921383
1.9849999999999999 32.823746209660094
1.9949999999999999 31.51607786262117
2.005 30.464057235266853
2.015 29.722503676408557
2.025 29.33466368147648
2.035 29.330754360032195
2.045 29.726999740589363
2.0549999999999997 30.52516951119417
2.065 31.71261322651094
2.0749999999999997 33.26276952146404
2.085 35.136119007034196
2.0949999999999998 37.281540588205104
2.105 39.63802318999272
2.1149999999999998 42.13667768537706
2.125 44.70298682891767
2.135 47.259224181571454
2.145 49.726966668006135
2.155 52.02962011473395
2.165 54.094873624645345
2.175 55.85699774311656
2.185 57.258903765532395
2.195 58.253887722057854
2.205 58.80699275544738
2.215 58.89593764197423
2.225 58.51157660447996
2.235 57.65787552038795
2.245 56.35141106809395
2.255 54.6204210399972
2.265 52.5034546608145
2.275 50.0476899935961
2.285 47.30700022768454
2.295 44.33004668361252
2.305 41.200714289945786
2.315 37.966016343254175
2.3249999999999997 34.68587730888176
2.335 31.41666671335507
2.3449999999999998 28.209710744142587
2.355 25.11011648794544
2.3649999999999998 22.15593828866048
2.375 19.377695364950796
2.385 16.798230412317093
2.395 14.43288166431754
2.405 12.289926807296267
2.415 10.37124693189507
2.425 8.673152714674794
2.435 7.18731325235638
2.445 5.901730091101989
2.455 4.8017044061020675
2.465 3.870753203752401
2.475 3.091439949825848
2.485 2.446095271049064
2.495 1.9174135028397041
2.505 1.4889201645422716
2.515 1.1453134126157445
2.525 0.8726888231442551
2.535 0.6586613496648612
2.545 0.49240102172632505
2.555 0.36460005992157307
2.565 0.26738884454191075
2.5749999999999997 0.19421689961752805
2.585 0.13234151520794432
2.5949999999999998 0.09466892623384911
2.605 0.06704646039975372
2.6149999999999998 0.04701119749344248
2.625 0.03263501585371102
2.635 0.022429696509428998
2.645 0.01526230125971677
2.655 0.01028190771167404
2.665 0.0
2.675 0.0
2.685 0.0
2.695 0.0
2.705 0.0
2.715 0.0
2.725 0.0
2.735 0.0
2.745 0.0
2.755 0.0
2.765 0.0
2.775 0.0
2.785 0.0
2.795 0.0
2.805 0.0
2.815 0.0
2.8249999999999997 0.0
2.835 0.0
2.8449999999999998 0.0
2.855 0.0
2.8649999999999998 0.0
2.875 0.0
2.885 0.0
2.895 0.0
2.905 0.0
2.915 0.0
2.925 0.0
2.935 0.0
2.945 0.0
2.955 0.0
2.965 0.0
2.975 0.0
2.985 0.0
2.995 0.0
3.005 0.0
3.015 0.0
3.025 0.0
3.035 0.0
3.045 0.0
3.055 0.0
3.065 0.0
3.075 0.0
3.085 0.0
3.0949999999999998 0.0
3.105 0.0
3.1149999999999998 0.0
3.125 0.0
3.135 0.0
3.145 0.0
3.155 0.0
3.165 0.0
3.175 0.0
3.185 0.0
3.195 0.0
3.205 0.0
3.215 0.0
3.225 0.0
3.235 0.0
3.245 0.0
3.255 0.0
3.265 0.0
3.275 0.0
3.285 0.0
3.295 0.0
3.305 0.0
3.315 0.0
3.325 0.0
3.335 0.0
3.3449999999999998 0.0
3.355 0.0
3.3649999999999998 0.0
3.375 0.0
3.385 0.0
3.395 0.0
3.405 0.0
3.415 0.0
3.425 0.0
3.435 0.0
3.445 0.0
3.455 0.0
3.465 0.0
3.475 0.0034819605862415875
3.485 0.005168567247626728
3.495 0.007595800448443882
3.505 0.01105182443963893
3.515 0.015920307920905742
3.525 0.02270523516699999
3.535 0.03205956317948762
3.545 0.044817358101196934
3.555 0.06202859708395027
3.565 0.0883209460184597
3.575 0.1202432902578482
3.585 0.16212635203289205
3.5949999999999998 0.21649799160447383
3.605 0.2863349898588539
3.6149999999999998 0.37508439898575363
3.625 0.4866675059657193
3.635 0.6254610282642769
3.645 0.7962502543339549
3.655 1.0041493913314377
3.665 1.2544854573735278
3.675 1.5526436871502822
3.685 1.9038745897036733
3.695 2.3130654288918593
3.705 2.78448185128663
3.715 3.3214884646632528
3.725 3.926260126658175
3.735 4.599498262708254
3.745 5.340168417168675
3.755 6.145276200439666
3.765 7.012712592687482
3.775 7.930560377788037
3.785 8.891425582978279
3.795 9.883808229722828
3.805 10.897264938444028
3.815 11.912309524839714
3.825 12.914876510800545
3.835 13.888249469232239
3.8449999999999998 14.815588364787384
3.855 15.680531598999629
3.8649999999999998 16.47069431063099
3.875 17.16818220099333
3.885 17.763856749473725
3.895 18.24955284283034
3.905 18.620446973221043
3.915 18.875398140636285
3.925 19.017157730880776
3.935 19.052431908090433
3.945 18.99178523526446
3.955 18.852136859098756
3.965 18.646645484434025
3.975 18.397251831216877
3.985 18.1259957069572
3.995 17.85603757086055
4.005 17.610758253957144
4.015 17.412811770397596
4.025 17.283172320348967
4.035 17.240219628845576
4.045 17.298907588207168
4.055 17.47005944209275
4.065 17.75982829523707
4.075 18.16935458684397
4.085 18.694642589629012
4.095 19.326666484882967
4.1049999999999995 20.0517038198235
4.115 20.851881040712883
4.125 21.705903268724718
4.135 22.589929507364342
4.145 23.478545919171616
4.155 24.345784394235068
4.165 25.166131818811465
4.175 25.915477408387794
4.185 26.571951045254906
4.195 27.11661429289917
4.205 27.53397691134772
4.215 27.81232432545711
4.225 27.943854540554298
4.235 27.924635378845686
4.245 27.754403634486955
4.255 27.436236005231454
4.265 26.976126900550994
4.275 26.38251020056613
4.285 25.663438430016082
4.295 24.836174291656206
4.305 23.910182339655268
4.315 22.8989865859856
4.325 21.81636717513921
4.335 20.67610355352538
4.345 19.49177764841751
4.355 18.276627400086696
4.365 17.043437873790698
4.375 15.802238017993908
4.385 14.569852579875981
4.395 13.354013224512142
4.405 12.164981509725482
4.415 11.012143533787118
4.425 9.903921385779046
4.435 8.847681052580462
4.445 7.849644510315148
4.455 6.914814889807477
4.465 6.04692348921897
4.475 5.248406123975055
4.485 4.520414096656402
4.495 3.8628622678296134
4.505 3.274513681227624
4.515 2.75309730119658
4.525 2.2954529626260722
4.535 1.8976958370099555
4.545 1.5553917076384551
4.555 1.2637341465347638
4.565 1.0177152301025854
4.575 0.8102723436172966
4.585 0.6411496890105313
4.595 0.5026798909961786
4.605 0.3904790344966135
4.615 0.2985322251593874
4.625 0.22779807411631464
4.635 0.17216991149485247
4.645 0.12888373936312325
4.655 0.0955562169639663
4.665 0.07016603773104609
4.675 0.049108775336628906
4.685 0.03548243348457754
4.695 0.02538193606798969
4.705 0.017976003733768765
4.715 0.012604296433136793
4.725 0.008749860370556821
4.735 0.006013685223601707
4.745 0.004092015936333906
4.755 0.0027567094565964195
4.765 0.0
4.775 0.0
4.785 0.0
4.795 0.0
4.805 0.0
4.815 0.0
4.825 0.0
4.835 0.0
4.845 0.0
4.855 0.0
4.865 0.0
4.875 0.0
4.885 0.0
4.895 0.0
4.905 0.0
4.915 0.0018508057485024786
4.925 0.0027473067935426267
4.935 0.004037481409182796
4.945 0.005874500787041565
4.955 0.00846230067461697
4.965 0.012068769512851846
4.975 0.01704098089493917
4.985 0.023822275396839957
4.995 0.03297075920621977
5.005 0.04517848979164379
5.015 0.06129026884940539
5.025 0.0823205756226048
5.035 0.10946677559604212
5.045 0.14411636795103983
5.055 0.18784573810405827
5.065 0.24240771566782743
5.075 0.30970526402252646
5.085 0.39174890418482905
5.095 0.49059605175393156
5.105 0.6082713513716898
5.115 0.7466683301077734
5.125 0.907434224843918
5.135 1.0918415925351834
5.145 1.300652166247549
5.155 1.535674549629583
5.165 1.7936792538528172
5.175 2.0743528481096365
5.185 2.375320623602023
5.195 2.6932438587010594
5.205 3.023836177718233
5.215 3.363593914628423
5.225 3.7040971123117776
5.235 4.040091637363903
5.245 4.364939818276526
5.255 4.6720221133847675
5.265 4.955063745727605
5.275 5.208474589369761
5.285 5.427681813333263
5.295 5.609433426554276
5.305 5.752051074398381
5.315 5.855612295580778
5.325 5.922045893272486
5.335 5.955128897806764
5.345 5.9603794677082895
5.355 5.94484656422939
5.365 5.916803863046189
5.375 5.8853616483963
5.385 5.860015918651472
5.395 5.850158239847326
5.405 5.864572736508771
5.415 5.91094784327675
5.425 5.995430009736032
5.435 6.122244517363049
5.445 6.293405088598725
5.455 6.508529274902343
5.465 6.764770987856981
5.475 7.0568753035628085
5.485 7.377354161702305
5.495 7.71677513682103
5.505 8.06414941344621
5.515 8.407399764274292
5.525 8.733884999406666
5.535 9.030954271819065
5.545 9.286502982829855
5.555 9.489501954622064
5.565 9.63047306410947
5.575 9.701887607269672
5.585 9.698468127714634
5.595 9.617380040582958
5.605 9.458305767732604
5.615 9.223400860700483
5.625 8.917138274575754
5.635 8.546053117437728
5.645 8.11840542086761
5.655 7.643782413830746
5.665 7.13266419385309
5.675 6.595977457985462
5.685 6.044661095801599
5.695 5.489265099957018
5.705 4.939600670615487
5.715 4.404454916993301
5.725 3.8901441370542607
5.735 3.4057349789972413
5.745 2.954181842890759
5.755 2.53884771315682
5.765 2.161726383180537
5.775 1.823563249513235
5.785 1.524011378204872
5.795 1.2618100199149105
5.805 1.0349733125338074
5.815 0.8409781972348913
5.825 0.6769423825177697
5.835 0.5397853055829245
5.845 0.4263672553705098
5.855 0.3336039571552054
5.865 0.2585558329128109
5.875 0.19849274674245942
5.885 0.1509362668350009
5.895 0.11368231185793455
5.905 0.08480752089301695
5.915 0.0626628378036777
5.925 0.04716460626946235
5.935 0.03517783779146782
5.945 0.02671074691461737
5.955 0.021111188739945615
5.965 0.01678908919519367
5.975 0.016104341247597534
5.985 0.018579177568508944
5.995 0.022342902711374686
6.005 0.028540931667522435
6.015 0.03890134097382995
6.025 0.05102861017463705
6.035 0.06926342312264827
6.045 0.09313859953835103
6.055 0.1240810899757839
6.065 0.16377464794869934
6.075 0.21417479482765522
6.085 0.27751498921936757
6.095 0.3563009946160354
6.105 0.4545259515907261
6.115 0.573288201863594
6.125 0.7166134350609037
6.135 0.8878035880591959
6.1450000000000005 1.0901644642312796
6.155 1.326888043938729
6.165 1.600915591781433
6.175 1.9159945942746623
6.185 2.2722641305336113
6.195 2.671844918825925
6.205 3.115183241193702
6.215 3.601717350119643
6.225 4.129762188931895
6.235 4.696428592666054
6.245 5.297585540694906
6.255 5.927872347593235
6.265 6.580765292507664
6.275 7.249873658119108
6.285 7.924990994330837
6.295 8.599071936193432
6.305 9.261005609484018
6.315 9.902249476342742
6.325 10.51377241735758
6.335 11.087151169501464
6.345 11.614871118704663
6.355 12.090593163447316
6.365 12.509372022864971
6.375 12.867814077155534
6.385 13.16416641142667
6.3950000000000005 13.398332909546156
6.405 13.5718176754729
6.415 13.687600382343255
6.425 13.749952010851631
6.435 13.764202532630783
6.445 13.736474197107917
6.455 13.673395073358332
6.465 13.581807381769972
6.475 13.46848403990606
6.485 13.339864957801874
6.495 13.201822233823641
6.505 13.05946083624401
6.515 12.916958906896308
6.525 12.777449735587515
6.535 12.642945883541447
6.545 12.514304930299149
6.555 12.391235821272009
6.565 12.272344648424202
6.575 12.155218686624245
6.585 12.036547393088597
6.595 11.912278640674161
6.605 11.77780754766097
6.615 11.628193836467007
6.625 11.458401767097758
6.635 11.263554527885127
6.6450000000000005 11.039192798751515
6.655 10.78152535804886
6.665 10.487658415842528
6.675 10.155790110399202
6.685 9.785357492083197
6.695 9.37712540128871
6.705 8.93320983831657
6.715 8.457032493065368
6.725 7.953207700977459
6.735 7.426496110259271
6.745 6.885361524185554
6.755 6.335492436936857
6.765 5.784116287075798
6.775 5.238407587109941
6.785 4.70521561822104
6.795 4.189964992623132
6.805 3.7001646401048274
6.815 3.239156076495574
6.825 2.809681008299025
6.835 2.4162377783360185
6.845 2.05905334736355
6.855 1.73861416471273
6.865 1.4544969774703542
6.875 1.20549738034195
6.885 0.9897752642320005
6.8950000000000005 0.8050071096174005
6.905 0.6497025193560618
6.915 0.5184196520992551
6.925 0.4121916627194777
6.935 0.32526057270795544
6.945 0.2558795771885025
6.955 0.2017611300126415
6.965 0.1609212230618155
6.975 0.13172461727713075
6.985 0.11210960785238805
6.995 0.10310879674852201
