0.005 0.0
0.015 0.0
0.025 0.0
0.034999999999999996 0.0
0.045 0.0
0.055 0.0
0.065 0.0
0.07500000000000001 0.0
0.085 0.0
0.095 0.0
0.10500000000000001 0.0
0.115 0.0
0.125 0.0
0.135 0.0
0.14500000000000002 0.0
0.155 0.0
0.165 0.0
0.17500000000000002 0.0
0.185 0.0
0.195 0.0
0.20500000000000002 0.0
0.215 0.0
0.225 0.0
0.23500000000000001 0.0
0.245 0.0
0.255 0.0
0.265 0.0
0.275 0.0
0.28500000000000003 0.0
0.295 0.0
0.305 0.0
0.315 0.0
0.325 0.0
0.335 0.0
0.34500000000000003 0.0
0.35500000000000004 0.0
0.365 0.0
0.375 0.0
0.385 0.0
0.395 0.0
0.405 0.0
0.41500000000000004 0.0
0.425 0.0
0.435 0.0
0.445 0.0
0.455 0.0
0.465 0.0
0.47500000000000003 0.0
0.485 0.0
0.495 0.0
0.505 0.0
0.515 0.0
0.525 0.0
0.535 0.0
0.545 0.0
0.555 0.0
0.5650000000000001 0.0
0.5750000000000001 0.0
0.585 0.0
0.595 0.0
0.605 0.0
0.615 0.0
0.625 0.0
0.635 0.0
0.645 0.0
0.655 0.0
0.665 0.0
0.675 0.0
0.685 0.0
0.6950000000000001 0.0
0.7050000000000001 0.0
0.715 0.0
0.725 0.0
0.735 0.0
0.745 0.0
0.755 0.0
0.765 0.0
0.775 0.0
0.785 0.0
0.795 0.0
0.805 0.0
0.8150000000000001 0.0
0.8250000000000001 0.0
0.8350000000000001 0.0
0.845 0.0
0.855 0.0
0.865 0.0
0.875 0.0
0.885 0.0
0.895 0.0
0.905 0.0
0.915 0.0
0.925 0.0
0.935 0.0
0.9450000000000001 0.0
0.9550000000000001 0.0
0.965 0.0
0.975 0.0
0.985 0.0
0.995 0.0
1.005 0.0
1.015 0.0
1.025 0.0
1.035 0.0
1.045 0.0
1.055 0.0
1.065 0.0
1.075 0.0
1.085 0.0
1.095 0.0
1.105 0.0
1.115 0.0
1.125 0.0
1.135 0.0
1.145 0.0
1.155 0.0
1.1649999999999998 0.0
1.1749999999999998 0.0
1.1849999999999998 0.0
1.1949999999999998 0.0
1.2049999999999998 0.0
1.2149999999999999 0.0
1.2249999999999999 0.0
1.2349999999999999 0.0
1.2449999999999999 0.0
1.255 0.0
1.265 0.0
1.275 0.0
1.285 0.0
1.295 0.0
1.305 0.0
1.315 0.0
1.325 0.0
1.335 0.0
1.345 0.0
1.355 0.0
1.365 0.0
1.375 0.0
1.385 0.0
1.395 0.0
1.405 0.0
1.4149999999999998 0.0
1.4249999999999998 0.0
1.4349999999999998 0.0
1.4449999999999998 0.0
1.4549999999999998 0.0
1.4649999999999999 0.0
1.4749999999999999 0.0
1.4849999999999999 0.0
1.4949999999999999 0.0
1.505 0.0
1.515 0.0
1.525 0.0
1.535 0.0
1.545 0.0
1.555 0.0
1.565 0.0
1.575 0.0
1.585 0.0
1.595 0.0
1.605 0.0
1.615 0.0
1.625 0.0
1.635 0.0
1.645 0.0
1.655 0.0
1.665 0.0
1.6749999999999998 0.012143124924119545
1.6849999999999998 0.018025062665740766
1.6949999999999998 0.026489890238446737
1.7049999999999998 0.0385425628711185
1.7149999999999999 0.05552110172581807
1.7249999999999999 0.07918312118575586
1.7349999999999999 0.1118057689221099
1.7449999999999999 0.15629779967706844
1.755 0.21632094465242316
1.765 0.2964157885649961
1.775 0.40212507005307996
1.785 0.5401047810768572
1.795 0.7182108290828664
1.805 0.9455465875097
1.815 1.232454711201675
1.825 1.5904355042697431
1.835 2.0319742975327855
1.845 2.570262106789078
1.855 3.218797622899122
1.865 3.990864526677555
1.875 4.898886237369108
1.885 5.953670265838016
1.895 7.1635658502962585
1.905 8.533570716618907
1.915 10.064434581217371
1.9249999999999998 11.751817162780188
1.9349999999999998 13.585565662728772
1.9449999999999998 15.549179637213221
1.9549999999999998 17.61952885236636
1.9649999999999999 19.766881402002195
1.9749999999999999 21.9552849068467
1.9849999999999999 24.143323464630445
1.9949999999999999 26.28524830276308
2.005 28.332452547615485
2.015 30.235232419124777
2.025 31.944751044958522
2.035 33.41509957087471
2.045 34.60533568709969
2.0549999999999997 35.48137393080693
2.065 36.0176062276777
2.0749999999999997 36.19814523019963
2.085 36.0176062276777
2.0949999999999998 35.48137393080693
2.105 34.60533568709969
2.1149999999999998 33.41509957087471
2.125 31.944751044958522
2.135 30.235232419124777
2.145 28.332452547615485
2.155 26.28524830276308
2.165 24.143323464630445
2.175 21.9552849068467
2.185 19.766881402002195
2.195 17.61952885236636
2.205 15.549179637213221
2.215 13.585565662728772
2.225 11.751817162780188
2.235 10.064434581217371
2.245 8.533570716618907
2.255 7.1635658502962585
2.265 5.953670265838016
2.275 4.898886237369108
2.285 3.990864526677555
2.295 3.218797622899122
2.305 2.570262106789078
2.315 2.0319742975327855
2.3249999999999997 1.5904355042697431
2.335 1.232454711201675
2.3449999999999998 0.9455465875097
2.355 0.7182108290828664
2.3649999999999998 0.5401047810768572
2.375 0.40212507005307996
2.385 0.2964157885649961
2.395 0.21632094465242316
2.405 0.15629779967706844
2.415 0.1118057689221099
2.425 0.07918312118575586
2.435 0.05552110172581807
2.445 0.0385425628711185
2.455 0.026489890238446737
2.465 0.018025062665740766
2.475 0.012143124924119545
2.485 0.0
2.495 0.0
2.505 0.0
2.515 0.0
2.525 0.0
2.535 0.0
2.545 0.0
2.555 0.0
2.565 0.0
2.5749999999999997 0.0
2.585 0.0
2.5949999999999998 0.0
2.605 0.0
2.6149999999999998 0.0
2.625 0.0
2.635 0.0
2.645 0.0
2.655 0.0
2.665 0.0
2.675 0.0
2.685 0.0
2.695 0.0
2.705 0.0
2.715 0.0
2.725 0.0
2.735 0.0
2.745 0.0
2.755 0.0
2.765 0.0
2.775 0.0
2.785 0.0
2.795 0.0
2.805 0.0
2.815 0.0
2.8249999999999997 0.0
2.835 0.0
2.8449999999999998 0.0
2.855 0.0
2.8649999999999998 0.0
2.875 0.0
2.885 0.0
2.895 0.0
2.905 0.0
2.915 0.0
2.925 0.0
2.935 0.0
2.945 0.0
2.955 0.0
2.965 0.0
2.975 0.0
2.985 0.0
2.995 0.0
3.005 0.0
3.015 0.0
3.025 0.0
3.035 0.0
3.045 0.0
3.055 0.0
3.065 0.0
3.075 0.0
3.085 0.0
3.0949999999999998 0.0
3.105 0.0
3.1149999999999998 0.0
3.125 0.0
3.135 0.0
3.145 0.0
3.155 0.0
3.165 0.0
3.175 0.0
3.185 0.0
3.195 0.0
3.205 0.0
3.215 0.0
3.225 0.0
3.235 0.0
3.245 0.0
3.255 0.0
3.265 0.0
3.275 0.0
3.285 0.0
3.295 0.0
3.305 0.0
3.315 0.0
3.325 0.0
3.335 0.0
3.3449999999999998 0.0
3.355 0.0
3.3649999999999998 0.0
3.375 0.0
3.385 0.0
3.395 0.0
3.405 0.0
3.415 0.0
3.425 0.0
3.435 0.0
3.445 0.0
3.455 0.0
3.465 0.0
3.475 0.0
3.485 0.0
3.495 0.0
3.505 0.0
3.515 0.0
3.525 0.0
3.535 0.0
3.545 0.0
3.555 0.0
3.565 0.0
3.575 0.0
3.585 0.0
3.5949999999999998 0.0
3.605 0.0
3.6149999999999998 0.0
3.625 0.0
3.635 0.0
3.645 0.0
3.655 0.0
3.665 0.0031640707553223226
3.675 0.004696696608155649
3.685 0.006902332598809593
3.695 0.010042834672107294
3.705 0.017569552472516597
3.715 0.025237944445394258
3.725 0.03590111874979663
3.735 0.05057377209414748
3.745 0.07055190252408958
3.755 0.09746771727043821
3.765 0.13334729633280618
3.775 0.18066817721511244
3.785 0.24241294731232743
3.795 0.32211379693705156
3.805 0.42388189138020077
3.815 0.5524144876280423
3.825 0.7129720981843732
3.835 0.9113178541551484
3.8449999999999998 1.1565131354094738
3.855 1.4505602103828792
3.8649999999999998 1.8019994983807592
3.875 2.220118482601772
3.885 2.7065255037108757
3.895 3.2684204972372832
3.905 3.909953993769649
3.915 4.633766748524864
3.925 5.440635629246916
3.935 6.329159569504294
3.945 7.295512851181302
3.955 8.333292432813408
3.965 9.43348302721766
3.975 10.584558015041711
3.985 11.772726180583975
3.995 12.982324081386427
4.005 14.196342311223283
4.015 15.397061937381729
4.025 16.566766117312767
4.035 17.688482530255293
4.045 18.746705943966223
4.055 19.728047927950854
4.065 20.62176304843613
4.075 21.420108029011452
4.085 22.1185020279942
4.095 22.71547155343464
4.1049999999999995 23.212381334203116
4.115 23.612971066001997
4.125 23.9227355397627
4.135 24.14820042575844
4.145 24.296156327522382
4.155 24.37291843269667
4.165 24.38367752306725
4.175 24.33200025887902
4.185 24.219523184614268
4.195 24.045867084228725
4.205 23.808777889856824
4.215 23.504479353616013
4.225 23.12820322497788
4.235 22.6748466642139
4.245 22.139695611623182
4.255 21.519147820588444
4.265 20.811370600292648
4.275 20.016835681418932
4.285 19.138686081411187
4.295 18.18290598172928
4.305 17.1582827020121
4.315 16.076168020617136
4.325 14.950062600508272
4.335 13.795060666896585
4.345 12.627201300265625
4.355 11.462777207270172
4.365 10.317651582247182
4.375 9.206629119171899
4.385 8.142919206887294
4.395 7.137718925760402
4.405 6.1999318634956655
4.415 5.336027160106461
4.425 4.5500326120588666
4.435 3.843646916009243
4.445 3.2164497320560326
4.455 2.666184416629666
4.465 2.1890869619580466
4.475 1.7781252390811675
4.485 1.4325046921996563
4.495 1.1429478615884747
4.505 0.9031192764374925
4.515 0.7046464207756142
4.525 0.5463037594115814
4.535 0.41940962519737934
4.545 0.318847423572601
4.555 0.24003069100320734
4.565 0.17893240233220437
4.575 0.1320834961342457
4.585 0.09654825731874633
4.595 0.06988365360955676
4.605 0.05008884189041554
4.615 0.03554999432273356
4.625 0.02498447103115682
4.635 0.017387284926265838
4.645 0.011981833302187645
4.655 0.00624086467082791
4.665 0.004246600335731583
4.675 0.0028608498808499086
4.685 0.0
4.695 0.0
4.705 0.0
4.715 0.0
4.725 0.001990579963581917
4.735 0.004937619954749147
4.745 0.007285683206482577
4.755 0.010643645944507984
4.765 0.015394943081180997
4.775 0.02399847834980511
4.785 0.034155597605371776
4.795 0.048136854098958654
4.805 0.06910890051317764
4.815 0.09570417037409104
4.825 0.13126082570086678
4.835 0.17830084644608263
4.845 0.241779708387742
4.855 0.32435334542379823
4.865 0.42881024413755797
4.875 0.5616140761791825
4.885 0.7287075480725915
4.895 0.9386248939105905
4.905 1.1958814225009826
4.915 1.5097479851808937
4.925 1.8887086001284064
4.935 2.341504646828601
4.945 2.876879392177022
4.955 3.503269013718182
4.965 4.228446412546516
4.975 5.0591282597105005
4.985 6.000559790114923
4.995 7.057891808807401
5.005 8.22946303644729
5.015 9.514986788252171
5.025 10.910059796828989
5.035 12.407154206437385
5.045 13.995515786060702
5.055 15.661180532321461
5.065 17.387117905748624
5.075 19.153502267598576
5.085 20.938107046637178
5.095 22.71680930145437
5.105 24.46418617499536
5.115 26.154179715169242
5.125 27.760802993540757
5.135 29.25885858125442
5.145 30.62464026791112
5.155 31.836590318219447
5.165 32.87588731760762
5.175 33.72694345015723
5.185 34.377794540477225
5.195 34.82037105271806
5.205 35.050643204103096
5.215 35.06863821786466
5.225 34.87833238516078
5.235 34.48742495958675
5.245 33.90700493528205
5.255 33.151125425004686
5.265 32.23630359520517
5.275 31.180966823518567
5.285 30.004867765581025
5.295 28.728492165831987
5.305 27.372483331716207
5.315 25.95710606007987
5.325 24.50177038418299
5.335 23.02463183751468
5.345 21.54228017640315
5.355 20.069522969071087
5.365 18.619264556265666
5.375 17.20247509872093
5.385 15.828239244069486
5.395 14.503869818131676
5.405 13.23506921696191
5.415 12.02612004343211
5.425 10.880087020710551
5.435 9.799014177417057
5.445 8.784104437690871
5.455 7.835872656976976
5.465 6.954267359032875
5.475 6.138760492881374
5.485 5.38840803936734
5.495 4.701886955592052
5.505 4.077515579086434
5.515 3.5132651845239797
5.525 3.006769981251397
5.535 2.5540139761503147
5.545 2.153793542756834
5.555 1.8040250498151118
5.565 1.4993661936191907
5.575 1.236264184268101
5.585 1.0097437141804806
5.595 0.8191327102115382
5.605 0.658851457176244
5.615 0.5240635737170232
5.625 0.4143748732028356
5.635 0.3247096988203801
5.645 0.2521429630508153
5.655 0.19273574535366703
5.665 0.14579294852575198
5.675 0.11031242003141561
5.685 0.08266538867872143
5.695 0.06135086889417345
5.705 0.04384856174510306
5.715 0.03200019251427597
5.725 0.02312101441337666
5.735 0.01653934220499482
5.745 0.011713498782546336
5.755 0.00821319427337743
5.765 0.005701571957588811
5.775 0.003918629278706046
5.785 0.0026664337857454515
5.795 0.0017963232174355033
5.805 0.0
5.815 0.0
5.825 0.0
5.835 0.0
5.845 0.0
5.855 0.0
5.865 0.0
5.875 0.0
5.885 0.0
5.895 0.0
5.905 0.0
5.915 0.0
5.925 0.0
5.935 0.0
5.945 0.0
5.955 0.0
5.965 0.0
5.975 0.0
5.985 0.0
5.995 0.0
6.005 0.0
6.015 0.0
6.025 0.0
6.035 0.0
6.045 0.0
6.055 0.0
6.065 0.0
6.075 0.0
6.085 0.0
6.095 0.0
6.105 0.0
6.115 0.0
6.125 0.0
6.135 0.0
6.1450000000000005 0.0
6.155 0.0
6.165 0.0
6.175 0.0
6.185 0.0
6.195 0.0
6.205 0.0
6.215 0.0
6.225 0.0
6.235 0.0
6.245 0.0
6.255 0.0
6.265 0.0
6.275 0.0
6.285 0.0
6.295 0.0
6.305 0.0
6.315 0.0
6.325 0.0
6.335 0.0
6.345 0.0
6.355 0.0
6.365 0.0
6.375 0.0
6.385 0.0
6.3950000000000005 0.0
6.405 0.0
6.415 0.0
6.425 0.0
6.435 0.0
6.445 0.0
6.455 0.0
6.465 0.0
6.475 0.0
6.485 0.0
6.495 0.0
6.505 0.0
6.515 0.0
6.525 0.0
6.535 0.0
6.545 0.0010839841459440072
6.555 0.001609048929448192
6.565 0.0034424491139069275
6.575 0.005040412492767279
6.585 0.008378944809330881
6.595 0.012079997742681703
6.605 0.01724607354355799
6.615 0.025453116524421907
6.625 0.035724045186755794
6.635 0.0507356972538852
6.6450000000000005 0.06996401316305148
6.655 0.09664986928409391
6.665 0.130911026586792
6.675 0.1756607677472866
6.685 0.23351114144133722
6.695 0.3075287899643482
6.705 0.40125524059356366
6.715 0.5187094950047473
6.725 0.6643674376175998
6.735 0.8431126056002644
6.745 1.0601533235111882
6.755 1.3209021824686449
6.765 1.6308153855324572
6.775 1.9951915931345798
6.785 2.41893253686526
6.795 2.906270718080579
6.805 3.46047279873101
6.815 4.083530597304646
6.825 4.775854649660661
6.835 5.535987784207178
6.845 6.360357794962113
6.855 7.243088805969954
6.865 8.175890098394795
6.875 9.148038898593922
6.885 10.146469894760656
6.8950000000000005 11.155979180219205
6.905 12.159544160194248
6.915 13.138754070664092
6.925 14.07433860225568
6.935 14.94677521907276
6.945 15.736949649873042
6.955 16.426839216236026
6.965 17.00018558281814
6.975 17.443122484651646
6.985 17.74472517199813
6.995 17.89745171108604
