0.005 0.0
0.015 0.0
0.025 0.0
0.034999999999999996 0.0
0.045 0.0
0.055 0.0
0.065 0.0
0.07500000000000001 0.0
0.085 0.0
0.095 0.0
0.10500000000000001 0.0
0.115 0.0
0.125 0.0
0.135 0.0
0.14500000000000002 0.0
0.155 0.0
0.165 0.0
0.17500000000000002 0.0
0.185 0.0
0.195 0.0
0.20500000000000002 0.0
0.215 0.0
0.225 0.0
0.23500000000000001 0.0
0.245 0.0
0.255 0.0
0.265 0.0
0.275 0.0
0.28500000000000003 0.0
0.295 0.0
0.305 0.0
0.315 0.0
0.325 0.0
0.335 0.0
0.34500000000000003 0.0
0.35500000000000004 0.0
0.365 0.0
0.375 0.0
0.385 0.0
0.395 0.0
0.405 0.0
0.41500000000000004 0.0
0.425 0.0
0.435 0.0
0.445 0.0
0.455 0.0
0.465 0.0
0.47500000000000003 0.0
0.485 0.0
0.495 0.0
0.505 0.0
0.515 0.0
0.525 0.0
0.535 0.0
0.545 0.0
0.555 0.0
0.5650000000000001 0.0
0.5750000000000001 0.0
0.585 0.0
0.595 0.0
0.605 0.0
0.615 0.0
0.625 0.0
0.635 0.0
0.645 0.0
0.655 0.0
0.665 0.0
0.675 0.0
0.685 0.0
0.6950000000000001 0.0
0.7050000000000001 0.0
0.715 0.0
0.725 0.0
0.735 0.0
0.745 0.0
0.755 0.0
0.765 0.0
0.775 0.0
0.785 0.0
0.795 0.0
0.805 0.0
0.8150000000000001 0.0
0.8250000000000001 0.0
0.8350000000000001 0.0
0.845 0.0
0.855 0.0
0.865 0.0
0.875 0.0
0.885 0.0
0.895 0.0
0.905 0.0
0.915 0.0
0.925 0.0
0.935 0.0
0.9450000000000001 0.0
0.9550000000000001 0.0
0.965 0.0
0.975 0.0
0.985 0.0
0.995 0.0
1.005 0.0
1.015 0.0
1.025 0.0
1.035 0.0
1.045 0.0
1.055 0.0
1.065 0.0
1.075 0.0
1.085 0.0
1.095 0.0
1.105 0.0
1.115 0.0
1.125 0.0
1.135 0.0
1.145 0.0
1.155 0.0
1.1649999999999998 0.0
1.1749999999999998 0.0
1.1849999999999998 0.0
1.1949999999999998 0.0
1.2049999999999998 0.0
1.2149999999999999 0.0
1.2249999999999999 0.0
1.2349999999999999 0.0
1.2449999999999999 0.0
1.255 0.0
1.265 0.0
1.275 0.0
1.285 0.0
1.295 0.0
1.305 0.0
1.315 0.0
1.325 0.0
1.335 0.017368701244904916
1.345 0.025781825544765245
1.355 0.03788934005348416
1.365 0.055128664483368985
1.375 0.0794136134388512
1.385 0.1132581591730774
1.395 0.15991937907250045
1.405 0.223557758385149
1.4149999999999998 0.3094107887518066
1.4249999999999998 0.42397301419771155
1.4349999999999998 0.575172391660528
1.4449999999999998 0.7725292000278821
1.4549999999999998 1.0272799958121364
1.4649999999999999 1.3524456261645592
1.4749999999999999 1.7628195221988585
1.4849999999999999 2.2748509379231123
1.4949999999999999 2.9063980426546947
1.505 3.6763283695820363
1.515 4.603949529408184
1.525 5.708261597068038
1.535 7.007034187767757
1.545 8.515725631103301
1.555 10.246278110411547
1.565 12.205840033385778
1.575 14.3954837434672
1.585 16.809001197018883
1.595 19.43187052043637
1.605 22.240490599391347
1.615 25.201777518147598
1.625 28.273204777207436
1.635 31.403348534803914
1.645 34.53297029690845
1.655 37.5966341260331
1.665 40.52481605105935
1.6749999999999998 43.24642316039737
1.6849999999999998 45.69160250840277
1.6949999999999998 47.794689187664304
1.7049999999999998 49.49712209869742
1.7149999999999999 50.75014771023831
1.7249999999999999 51.51713797184042
1.7349999999999999 51.77536870054091
1.7449999999999999 51.51713797184042
1.755 50.76140599365089
1.765 49.513833716611956
1.775 47.81924882068596
1.785 45.72733656359545
1.795 43.297898567470405
1.805 40.59822928079817
1.815 37.70029286639457
1.825 34.67787903634104
1.835 31.603906671049053
1.845 28.548021430785518
1.855 25.574600661634125
1.865 22.741239190536376
1.875 20.097746982576357
1.885 17.685647985098505
1.895 15.538132321866794
1.905 13.68038416995542
1.915 12.130187126554219
1.9249999999999998 10.898698665117124
1.9349999999999998 9.991285450335914
1.9449999999999998 9.408321028499158
1.9549999999999998 9.14586522334329
1.9649999999999999 9.196168412131497
1.9749999999999999 9.547971368405449
1.9849999999999999 10.186600034577255
1.9949999999999999 11.093881963763817
2.005 12.247934971626908
2.015 13.622896816600239
2.025 15.188675973014023
2.035 16.910806806654094
2.045 18.750487350265
2.0549999999999997 20.66486471265769
2.065 22.60761291591963
2.0749999999999997 24.529822250998606
2.085 26.38119022342009
2.0949999999999998 28.111474367710947
2.105 29.672139364422808
2.1149999999999998 31.018107659404706
2.125 32.10950649998003
2.135 32.91329673268609
2.145 33.3930863173744
2.155 33.56046985910002
2.165 33.3930863173744
2.175 32.89592803144119
2.185 32.08372467443527
2.195 30.98021831935122
2.205 29.61701069993944
2.215 28.032060754272095
2.225 26.267932064247013
2.235 24.369902871926104
2.245 22.384055157534483
2.255 20.355453923905884
2.265 18.32651433606729
2.275 16.335634414993567
2.285 14.41614677298614
2.295 12.595616820788102
2.305 10.895489345462348
2.315 9.331062441564958
2.3249999999999997 7.911749096654143
2.335 6.6415733257507545
2.3449999999999998 5.519840042549461
2.355 4.541915693935104
2.3649999999999998 3.7000594314311197
2.375 2.9842512625681574
2.385 2.3829730340138218
2.395 1.8839090161426728
2.405 1.4745441365696428
2.415 1.1426485783995934
2.425 0.8766467880796212
2.435 0.6658764621399869
2.445 0.5007485911450308
2.455 0.37282314348652734
2.465 0.27481665357808316
2.475 0.20055813624513857
2.485 0.1449087394325861
2.495 0.1036587403614679
2.505 0.07341322973882572
2.515 0.051475407073034364
2.525 0.0357340551926811
2.535 0.024559633021654592
2.545 0.016711617914536056
2.555 0.011258283412576734
2.565 0.0
2.5749999999999997 0.0
2.585 0.0
2.5949999999999998 0.0
2.605 0.0
2.6149999999999998 0.0
2.625 0.0
2.635 0.0
2.645 0.0
2.655 0.0
2.665 0.0
2.675 0.0
2.685 0.0
2.695 0.0
2.705 0.0
2.715 0.0
2.725 0.0
2.735 0.0
2.745 0.0
2.755 0.0
2.765 0.0
2.775 0.0
2.785 0.0
2.795 0.0
2.805 0.0
2.815 0.0
2.8249999999999997 0.0
2.835 0.0
2.8449999999999998 0.0
2.855 0.0
2.8649999999999998 0.0
2.875 0.0
2.885 0.0
2.895 0.0
2.905 0.0
2.915 0.0
2.925 0.0
2.935 0.0
2.945 0.0
2.955 0.0
2.965 0.0
2.975 0.0
2.985 0.0
2.995 0.0
3.005 0.0
3.015 0.0
3.025 0.0
3.035 0.0
3.045 0.0
3.055 0.0
3.065 0.0
3.075 0.0
3.085 0.0
3.0949999999999998 0.0
3.105 0.0
3.1149999999999998 0.0
3.125 0.0
3.135 0.0
3.145 0.0
3.155 0.0
3.165 0.0
3.175 0.0
3.185 0.0
3.195 0.0
3.205 0.0
3.215 0.0
3.225 0.0
3.235 0.0
3.245 0.0
3.255 0.0
3.265 0.0
3.275 0.0
3.285 0.0038502794790173313
3.295 0.005715293989280537
3.305 0.01220810112826744
3.315 0.017874634219606864
3.325 0.02591318708354859
3.335 0.03719627017182192
3.3449999999999998 0.05286559462718926
3.355 0.07439474828622232
3.3649999999999998 0.10365902614878397
3.375 0.1430104959873713
3.385 0.19535516263367747
3.395 0.2678579873599744
3.405 0.3592462660912644
3.415 0.47713820000708773
3.425 0.6275777171578187
3.435 0.8174666617618105
3.445 1.054533360956155
3.455 1.3472483258447798
3.465 1.704677413210856
3.475 2.136264761248718
3.485 2.6515409886124264
3.495 3.259756513850585
3.505 3.9694452870117343
3.515 4.787930457494911
3.525 5.720790116346766
3.535 6.771307701754123
3.545 7.939937305441145
3.555 9.223818291004713
3.565 10.616375694766056
3.575 12.107042303380991
3.585 13.681134762766412
3.5949999999999998 15.319909502896706
3.605 17.00081489836678
3.6149999999999998 18.697944472960337
3.625 20.382682928645167
3.635 22.024523382206397
3.645 23.592021588451047
3.655 25.05384227280785
3.665 26.37984500646087
3.675 27.542153095269818
3.685 28.516149131076965
3.695 29.28134517955411
3.705 29.82518636378468
3.715 30.132641617341186
3.725 30.20124783739493
3.735 30.032193236802094
3.745 29.632233446834245
3.755 29.013340461706235
3.765 28.192182946537564
3.775 27.189473558327148
3.785 26.029222352449306
3.795 24.73793573403953
3.805 23.34379813864521
3.815 21.87586925797542
3.825 20.363323837877253
3.835 18.834754557943945
3.8449999999999998 17.317551890670018
3.855 15.837368659947149
3.8649999999999998 14.417671665198815
3.875 13.079378458839479
3.885 11.840574282409074
3.895 10.716302295224974
3.905 9.718419500874173
3.915 8.85551106216559
3.925 8.132856818248804
3.935 7.552445563444259
3.945 7.113034765672227
3.955 6.810255611766772
3.965 6.6367652635281225
3.975 6.582449682680396
3.985 6.634681046221031
3.995 6.778633391781468
4.005 6.997658563036666
4.015 7.2737217510004175
4.025 7.58789208057031
4.035 7.920879061343847
4.045 8.253600737626003
4.055 8.567764569892121
4.065 8.84643804285191
4.075 9.074583287166934
4.085 9.239529092001538
4.095 9.328786834370733
4.1049999999999995 9.341468840208979
4.115 9.267585057370775
4.125 9.11262699653352
4.135 8.875487781296775
4.145 8.56161585841869
4.155 8.178850855095709
4.165 7.736973227302032
4.175 7.247187760118938
4.185 6.721572822645651
4.195 6.17252786232809
4.205 5.609828469732529
4.215 5.05066613880278
4.225 4.501992800305439
4.235 3.972994701727699
4.245 3.471268687951747
4.255 3.0027248004555345
4.265 2.5715790929165747
4.275 2.1804257224480765
4.285 1.830373680974809
4.295 1.521231407308348
4.305 1.2517219248566402
4.315 1.019711906977792
4.325 0.822439910019837
4.335 0.6567316071058424
4.345 0.5191928646077109
4.355 0.4063746113512511
4.365 0.3149063906886068
4.375 0.24159805662172054
4.385 0.18351114883518643
4.395 0.13800299975058594
4.405 0.10501213544364364
4.415 0.07909910385484459
4.425 0.060212533521127896
4.435 0.04712360255469595
4.445 0.03892166363780032
4.455 0.03499887561861047
4.465 0.03503667806130949
4.475 0.04119565720740398
4.485 0.0503752702895226
4.495 0.06468268696700089
4.505 0.08507685026591591
4.515 0.11294598116575019
4.525 0.15149578260533952
4.535 0.20131007776218757
4.545 0.2650237418002024
4.555 0.34568331793865886
4.565 0.4467530527724482
4.575 0.57210295358034
4.585 0.7259746676543636
4.595 0.9129213407267565
4.605 1.1377183358093643
4.615 1.405242807870178
4.625 1.720321625607804
4.635 2.087548965263778
4.645 2.511076991573238
4.655 2.994385270891195
4.665 3.5400367854547814
4.675 4.149430470867963
4.685 4.822561910511749
4.695 5.557805028748531
4.705 6.35172819102608
4.715 7.19895794126115
4.725 8.092102629384524
4.735 9.021746400627626
4.745 9.976521481716123
4.755 10.94326350564625
4.765 11.907250906742682
4.775 12.852525365417183
4.785 13.76228608548626
4.795 14.619346558460695
4.805 15.406638627109608
4.815 16.10774532121304
4.825 16.70744130894779
4.835 17.192218077816328
4.845 17.552670829927166
4.855 17.777241427324398
4.865 17.861605497925172
4.875 17.803420938267738
4.885 17.603731787090897
4.895 17.266982645327218
4.905 16.80090859237326
4.915 16.216304231565978
4.925 15.526681766014006
4.935 14.74783380258323
4.945 13.89732147078
4.955 12.993912038410823
4.965 12.056992214256855
4.975 11.105983586316409
4.985 10.159785143338853
4.995 9.236264720533972
5.005 8.351816802261203
5.015 7.520998832557025
5.025 6.756252533901027
5.035 6.067711243889276
5.045 5.463089440735763
5.055 4.947646842815061
5.065 4.52421700011352
5.075 4.193289247961329
5.085 3.9531331954141895
5.095 3.7999563430769885
5.105 3.7280876129125806
5.115 3.7301820925976434
5.125 3.7974446956716865
5.135 3.919872301434812
5.145 4.086514943692058
5.155 4.285756578289077
5.165 4.5056148483077205
5.175 4.734057217798408
5.185 4.959328139994437
5.195 5.17027895235191
5.205 5.356689394034334
5.215 5.508057067977725
5.225 5.6204158029469085
5.235 5.685779797979468
5.245 5.700262047346175
5.255 5.6618920692735415
5.265 5.570617578278156
5.275 5.42822461861182
5.285 5.236712994423123
5.295 5.004438522180458
5.305 4.735370682026511
5.315 4.43651561528114
5.325 4.113940535658739
5.335 3.778704919299664
5.345 3.436251980953077
5.355 3.0937419242376882
5.365 2.757656809250649
5.375 2.433623592555016
5.385 2.1262956558747157
5.395 1.8392931440761542
5.405 1.5751985644283732
5.415 1.3356009454671405
5.425 1.1211795906183823
5.435 0.9318171607305102
5.445 0.7667314548204194
5.455 0.6246157220776742
5.465 0.5037784640419285
5.475 0.4022752741991675
5.485 0.3180271053082684
5.495 0.2489212586087062
5.505 0.1928931899891232
5.515 0.14798880306947845
5.525 0.11389749852215972
5.535 0.08674328232331824
5.545 0.06618608067308968
5.555 0.05111961032154905
5.565 0.04066623829767067
5.575 0.03417403068714778
5.585 0.031211621754232866
5.595 0.03156266164246853
5.605 0.035221000887323065
5.615 0.04238713328600721
5.625 0.05346577761469121
5.635 0.06906386198225775
5.645 0.08998761026015241
5.655 0.11596933366064079
5.665 0.15115802173365628
5.675 0.1950636257343536
5.685 0.24921744566923135
5.695 0.3166447402604292
5.705 0.3982708073629093
5.715 0.49602201516337724
5.725 0.6104410745508881
5.735 0.7441430266521788
5.745 0.8986258851234691
5.755 1.0751236454486415
5.765 1.2745308294149158
5.775 1.4973377384889495
5.785 1.7435833532122216
5.795 2.012832508219163
5.805 2.3041829023860965
5.815 2.6163056235369404
5.825 2.947520216838215
5.835 3.2959020463873223
5.845 3.6594160358152568
5.855 4.036067165714682
5.865 4.424054763101271
5.875 4.821915082405043
5.885 5.228635372617676
5.895 5.6437229021415565
5.905 6.067214494454042
5.915 6.499616061471794
5.925 6.9417672479422405
5.935 7.394633242767494
5.945 7.859033494582702
5.955 8.335324754709621
5.965 8.823062737726461
5.975 9.320671914065622
5.985 9.825155801672185
5.995 10.331880066666354
6.005 10.834457508638783
6.015 11.324757651859473
6.025 11.793054590025307
6.035 12.228315662038607
6.045 12.618621452900907
6.055 12.951695664013208
6.065 13.215512770251747
6.075 13.398943176910013
6.085 13.49239069204835
6.095 13.488376102834494
6.105 13.382023662557613
6.115 13.171414118757994
6.125 12.857777912940612
6.135 12.44551440873551
6.1450000000000005 11.94203629413657
6.155 11.357451406301013
6.165 10.70410594850593
6.175 9.996022391610822
6.185 9.248271540780284
6.195 8.476320911688132
6.205 7.695400675698185
6.215 6.919924323528779
6.225 6.162994471872142
6.235 5.436015708045096
6.245 4.74842694315159
6.255 4.107556328465212
6.265 3.518593189054264
6.275 2.9846642798363496
6.285 2.506996394871377
6.295 2.0851441537057314
6.305 1.7172606239095525
6.315 1.4003891074245436
6.325 1.1307565755195466
6.335 0.9030591112010514
6.345 0.7150243933792293
6.355 0.560545288002207
6.365 0.4350965662569254
6.375 0.33552318083555077
6.385 0.2561338542201417
6.3950000000000005 0.19418408875985327
6.405 0.14661509599348377
6.415 0.11082520909321791
6.425 0.08466340439957395
6.435 0.06752946832562284
6.445 0.05641288601544106
6.455 0.05118927789468661
6.465 0.051355606440138556
6.475 0.0567534167975831
6.485 0.06754872767867333
6.495 0.08531465520451437
6.505 0.10821118693703927
6.515 0.1393426427416053
6.525 0.17999763300176233
6.535 0.23269570140105555
6.545 0.2980486149275556
6.555 0.3782528592855561
6.565 0.4756569251568646
6.575 0.5927110191442264
6.585 0.732971663014286
6.595 0.897250584046384
6.605 1.088615600452646
6.615 1.3102529007779204
6.625 1.5622980240609077
6.635 1.846815868466574
6.6450000000000005 2.164585880119229
6.655 2.515713386005486
6.665 2.8995429546131435
6.675 3.314595410641435
6.685 3.7585346721145423
6.695 4.228169295901773
6.705 4.720591578805626
6.715 5.229389204844669
6.725 5.749994609127404
6.735 6.27665494156407
6.745 6.803345885257174
6.755 7.323970205069008
6.765 7.833683094538967
6.775 8.325159840857555
6.785 8.794108785715729
6.795 9.236196631624097
6.805 9.647923732556297
6.815 10.026709632935447
6.825 10.372069685633607
6.835 10.681598613202645
6.845 10.956332410635468
6.855 11.19735492463578
6.865 11.406427655516602
6.875 11.58583645689171
6.885 11.738226237613171
6.8950000000000005 11.866435331395403
6.905 11.973340486757891
6.915 12.06172177920154
6.925 12.134154319270774
6.935 12.192930666272044
6.945 12.240014659315312
6.955 12.277024275793647
6.965 12.305238447400784
6.975 12.325620788105642
6.985 12.338852124554643
6.995 12.345363673469429
