0.005 0.0
0.015 0.0
0.025 0.0
0.034999999999999996 0.0
0.045 0.0
0.055 0.0
0.065 0.0
0.07500000000000001 0.0
0.085 0.0
0.095 0.0
0.10500000000000001 0.0
0.115 0.0
0.125 0.0
0.135 0.0
0.14500000000000002 0.0
0.155 0.0
0.165 0.0
0.17500000000000002 0.0
0.185 0.0
0.195 0.0
0.20500000000000002 0.0
0.215 0.0
0.225 0.0
0.23500000000000001 0.0
0.245 0.0
0.255 0.0
0.265 0.0
0.275 0.0
0.28500000000000003 0.0
0.295 0.0
0.305 0.0
0.315 0.0
0.325 0.0
0.335 0.0
0.34500000000000003 0.0
0.35500000000000004 0.0
0.365 0.0
0.375 0.0
0.385 0.0
0.395 0.0
0.405 0.0
0.41500000000000004 0.0
0.425 0.0
0.435 0.0
0.445 0.0
0.455 0.0
0.465 0.0
0.47500000000000003 0.0
0.485 0.0
0.495 0.0
0.505 0.0
0.515 0.0
0.525 0.0
0.535 0.0
0.545 0.0
0.555 0.0
0.5650000000000001 0.0
0.5750000000000001 0.0
0.585 0.0
0.595 0.0
0.605 0.0
0.615 0.0
0.625 0.0
0.635 0.0
0.645 0.0
0.655 0.0
0.665 0.0
0.675 0.0
0.685 0.0
0.6950000000000001 0.0
0.7050000000000001 0.0
0.715 0.0
0.725 0.0
0.735 0.0
0.745 0.0
0.755 0.0
0.765 0.0
0.775 0.0
0.785 0.0
0.795 0.0
0.805 0.0
0.8150000000000001 0.0
0.8250000000000001 0.0
0.8350000000000001 0.0
0.845 0.0
0.855 0.0
0.865 0.0
0.875 0.0
0.885 0.0
0.895 0.0
0.905 0.0
0.915 0.0
0.925 0.0
0.935 0.0
0.9450000000000001 0.0
0.9550000000000001 0.0
0.965 0.0
0.975 0.0
0.985 0.0
0.995 0.0
1.005 0.0
1.015 0.0
1.025 0.0
1.035 0.0
1.045 0.0
1.055 0.0
1.065 0.0
1.075 0.0
1.085 0.0
1.095 0.0
1.105 0.0
1.115 0.0
1.125 0.0
1.135 0.0
1.145 0.0
1.155 0.0
1.1649999999999998 0.0
1.1749999999999998 0.0
1.1849999999999998 0.0
1.1949999999999998 0.0
1.2049999999999998 0.0
1.2149999999999999 0.0
1.2249999999999999 0.0
1.2349999999999999 0.0
1.2449999999999999 0.0
1.255 0.0
1.265 0.0
1.275 0.0
1.285 0.0
1.295 0.0
1.305 0.0
1.315 0.0
1.325 0.0
1.335 0.0
1.345 0.0
1.355 0.0
1.365 0.0
1.375 0.0
1.385 0.0
1.395 0.0
1.405 0.0
1.4149999999999998 0.0
1.4249999999999998 0.0
1.4349999999999998 0.0
1.4449999999999998 0.0
1.4549999999999998 0.0
1.4649999999999999 0.0
1.4749999999999999 0.0
1.4849999999999999 0.0
1.4949999999999999 0.0
1.505 0.0
1.515 0.0
1.525 0.0
1.535 0.0
1.545 0.0
1.555 0.0
1.565 0.0
1.575 0.0
1.585 0.0
1.595 0.0
1.605 0.0
1.615 0.0
1.625 0.0
1.635 0.0
1.645 0.0
1.655 0.0
1.665 0.0
1.6749999999999998 0.0
1.6849999999999998 0.0
1.6949999999999998 0.0
1.7049999999999998 0.0
1.7149999999999999 0.0
1.7249999999999999 0.0
1.7349999999999999 0.0
1.7449999999999999 0.0
1.755 0.0
1.765 0.0
1.775 0.0
1.785 0.0
1.795 0.0
1.805 0.0
1.815 0.0
1.825 0.0
1.835 0.0
1.845 0.0
1.855 0.0
1.865 0.0
1.875 0.0
1.885 0.0
1.895 0.0
1.905 0.0
1.915 0.0
1.9249999999999998 0.0
1.9349999999999998 0.0
1.9449999999999998 0.0
1.9549999999999998 0.0
1.9649999999999999 0.0
1.9749999999999999 0.0
1.9849999999999999 0.0
1.9949999999999999 0.0
2.005 0.0
2.015 0.0
2.025 0.0
2.035 0.0
2.045 0.0
2.0549999999999997 0.0
2.065 0.0
2.0749999999999997 0.0
2.085 0.0
2.0949999999999998 0.0
2.105 0.0
2.1149999999999998 0.0
2.125 0.0
2.135 0.0
2.145 0.0
2.155 0.0
2.165 0.0
2.175 0.0
2.185 0.0
2.195 0.0
2.205 0.0
2.215 0.0
2.225 0.0
2.235 0.0
2.245 0.0
2.255 0.0
2.265 0.0
2.275 0.0
2.285 0.0
2.295 0.0
2.305 0.0
2.315 0.0
2.3249999999999997 0.0
2.335 0.0
2.3449999999999998 0.0
2.355 0.0
2.3649999999999998 0.0
2.375 0.0
2.385 0.0
2.395 0.0
2.405 0.0
2.415 0.0
2.425 0.0
2.435 0.0
2.445 0.0
2.455 0.0
2.465 0.0
2.475 0.0
2.485 0.0
2.495 0.006238352881401466
2.505 0.009260112394538262
2.515 0.01360879379316809
2.525 0.01980067813236903
2.535 0.028523154220531453
2.545 0.04067917074840913
2.555 0.057438579037193176
2.565 0.08029570930588494
2.5749999999999997 0.11113172242010659
2.585 0.15227927738883953
2.5949999999999998 0.20658587514541998
2.605 0.27747093424008573
2.6149999999999998 0.36897031225985655
2.625 0.48576073420558596
2.635 0.6331555877804038
2.645 0.8170629860718273
2.655 1.043897085236194
2.665 1.3204345767699686
2.675 1.653610215734222
2.685 2.050248298922691
2.695 2.5167311763257207
2.705 3.058611048629872
2.715 3.680177214889769
2.725 4.383997183700443
2.735 5.17045611090642
2.745 6.037324240444524
2.755 6.979385720492197
2.765 7.988163689279622
2.775 9.051775327351796
2.785 10.154946302625016
2.795 11.279206605918045
2.805 12.403279422994613
2.815 13.503661990843304
2.8249999999999997 14.555383238833207
2.835 15.532908576691275
2.8449999999999998 16.411148775315656
2.855 17.166518832086997
2.8649999999999998 17.777985233989185
2.875 18.228037072869135
2.885 18.503518574969128
2.895 18.596267847798476
2.905 18.503518574969128
2.915 18.228037072869135
2.925 17.777985233989185
2.935 17.166518832086997
2.945 16.411148775315656
2.955 15.532908576691275
2.965 14.555383238833207
2.975 13.503661990843304
2.985 12.403279422994613
2.995 11.279206605918045
3.005 10.154946302625016
3.015 9.051775327351796
3.025 7.988163689279622
3.035 6.979385720492197
3.045 6.037324240444524
3.055 5.17045611090642
3.065 4.383997183700443
3.075 3.680177214889769
3.085 3.058611048629872
3.0949999999999998 2.5167311763257207
3.105 2.050248298922691
3.1149999999999998 1.653610215734222
3.125 1.3204345767699686
3.135 1.043897085236194
3.145 0.8170629860718273
3.155 0.6331555877804038
3.165 0.48576073420558596
3.175 0.36897031225985655
3.185 0.27747093424008573
3.195 0.20658587514541998
3.205 0.15227927738883953
3.215 0.11113172242010659
3.225 0.08029570930588494
3.235 0.057438579037193176
3.245 0.04067917074840913
3.255 0.028523154220531453
3.265 0.01980067813236903
3.275 0.01360879379316809
3.285 0.009260112394538262
3.295 0.006238352881401466
3.305 0.0
3.315 0.0
3.325 0.0
3.335 0.0
3.3449999999999998 0.0
3.355 0.0
3.3649999999999998 0.0
3.375 0.0
3.385 0.0
3.395 0.0
3.405 0.0
3.415 0.0
3.425 0.0
3.435 0.0
3.445 0.0
3.455 0.0
3.465 0.0
3.475 0.0
3.485 0.0
3.495 0.0
3.505 0.0
3.515 0.0
3.525 0.0
3.535 0.0
3.545 0.0
3.555 0.0
3.565 0.0
3.575 0.0
3.585 0.0
3.5949999999999998 0.0
3.605 0.0
3.6149999999999998 0.0
3.625 0.0
3.635 0.0
3.645 0.0
3.655 0.0
3.665 0.0
3.675 0.0
3.685 0.0
3.695 0.0
3.705 0.0
3.715 0.0
3.725 0.0
3.735 0.0
3.745 0.0
3.755 0.0
3.765 0.0
3.775 0.0
3.785 0.0
3.795 0.0
3.805 0.0
3.815 0.0
3.825 0.0
3.835 0.0
3.8449999999999998 0.0
3.855 0.0
3.8649999999999998 0.0
3.875 0.0
3.885 0.0
3.895 0.0
3.905 0.0
3.915 0.0
3.925 0.0
3.935 0.0
3.945 0.0
3.955 0.0
3.965 0.0
3.975 0.0
3.985 0.0
3.995 0.0
4.005 0.0
4.015 0.0
4.025 0.0
4.035 0.0
4.045 0.0
4.055 0.0
4.065 0.0
4.075 0.0
4.085 0.0
4.095 0.0
4.1049999999999995 0.0
4.115 0.0
4.125 0.0
4.135 0.0
4.145 0.0
4.155 0.0
4.165 0.0
4.175 0.0
4.185 0.0
4.195 0.0024762603439474366
4.205 0.003675721707159958
4.215 0.00540189326247437
4.225 0.007859708319584114
4.235 0.011322019934327852
4.245 0.016147245797727666
4.255 0.022799748296787423
4.265 0.03667769607257438
4.275 0.051245254889936906
4.285 0.0709279349485352
4.295 0.09725368569043051
4.305 0.13210926775934817
4.315 0.177792164046884
4.325 0.23705982238510007
4.335 0.315504327590733
4.345 0.41338538639625144
4.355 0.5367441788273375
4.365 0.690656897199309
4.375 0.8807669503753058
4.385 1.113229285265343
4.395 1.3946168136613197
4.405 1.7317846028898771
4.415 2.131689104914062
4.425 2.60116187173588
4.435 3.146639883171537
4.445 3.773857690384914
4.455 4.487509895143808
4.465 5.290895832140842
4.475 6.185561453713513
4.485 7.170956065217181
4.495 8.244123456485454
4.505 9.399447873909876
4.515 10.628474978729296
4.525 11.919826309139975
4.535 13.25922276353947
4.545 14.629628306862925
4.555 16.01151963456296
4.565 17.383281174534773
4.575 18.721717921007183
4.585 20.002671599302776
4.595 21.201719019456625
4.605 22.294925659033055
4.615 23.259622959698845
4.625 24.07517490026973
4.635 24.723698394083293
4.645 25.19070309881138
4.655 25.465619328836432
4.665 25.542187783685964
4.675 25.418691469877523
4.685 25.09801809492712
4.695 24.587549855150925
4.705 23.89888637116531
4.715 23.047414980655386
4.725 22.05175014038495
4.735 20.933069851921054
4.745 19.71438144592035
4.755 18.419751505490748
4.765 17.073535091183075
4.775 15.699637805268672
4.785 14.320840793530959
4.795 12.958213836636087
4.805 11.6306356248659
4.815 10.35443358709346
4.825 9.143148721586932
4.835 8.00742419827944
4.845 6.955010465352684
4.855 5.9908745179204566
4.865 5.117397101043326
4.875 4.334639049332986
4.885 3.64065673518183
4.895 3.0318466372749278
4.905 2.5033002010812604
4.915 2.049152234010054
4.925 1.6629088126563625
4.935 1.337743816092121
4.945 1.0667564823675495
4.955 0.8431855854734209
4.965 0.6605787565839184
4.975 0.5129179844333003
4.985 0.39470433521848863
4.995 0.3010063933409367
5.005 0.22582623875778138
5.015 0.16925944707965632
5.025 0.1256925429719201
5.035 0.09247623139811482
5.045 0.06740636171958171
5.055 0.04867524992752289
5.065 0.03482079718823439
5.075 0.021471437802313448
5.085 0.015206509269816317
5.095 0.010662400463900176
5.105 0.007401802692359314
5.115 0.00508717963418471
5.125 0.003461574618568005
5.135 0.0023319937248997787
5.145 0.0
5.155 0.0
5.165 0.0
5.175 0.0
5.185 0.0
5.195 0.0
5.205 0.0
5.215 0.003316636418625113
5.225 0.004923162666839674
5.235 0.007235150361971966
5.245 0.01052708166014098
5.255 0.015164408596363789
5.265 0.02162718617375382
5.275 0.030537368868116158
5.285 0.04268942119917487
5.295 0.05908346719883839
5.305 0.08095967105283064
5.315 0.10983191398542924
5.325 0.15070854804419898
5.335 0.20089981249569866
5.345 0.26521573821743194
5.355 0.3467452372077728
5.365 0.4489809164294641
5.375 0.5757946632706451
5.385 0.7313876069237601
5.395 0.9202108560089065
5.405 1.1468546260890538
5.415 1.4159050750908535
5.425 1.7317703096270802
5.435 2.098479500671439
5.445 2.519461683208074
5.455 2.9973133902253175
5.465 3.5335665311553113
5.475 4.128469603498718
5.485 4.78079618020615
5.495 5.4907035079163045
5.505 6.249056943190949
5.515 7.051718482140131
5.525 7.8908893304359236
5.535 8.757245241948779
5.545 9.641618769724387
5.555 10.531544001338009
5.565 11.41344280203504
5.575 12.275739412524587
5.585 13.105993999865836
5.595 13.892311680604646
5.605 14.623761219439116
5.615 15.290769270440245
5.625 15.885474269220769
5.635 16.40202621867175
5.645 16.836820959110998
5.655 17.188659807388845
5.665 17.45882751695764
5.675 17.65108331025624
5.685 17.7715613616315
5.695 17.828578775883518
5.705 17.832351096738563
5.715 17.794617977313912
5.725 17.72818506690655
5.735 17.646392492195396
5.745 17.562525423932193
5.755 17.489187799866855
5.765 17.437665802626654
5.775 17.417312503789457
5.785 17.43498845429516
5.795 17.49459423473904
5.805 17.59672952726937
5.815 17.73850882146127
5.825 17.913556414491527
5.835 18.11219324597085
5.845 18.32181598419699
5.855 18.527455593338694
5.865 18.712489484392556
5.875 18.8594694773736
5.885 18.95101830565912
5.895 18.970741214891383
5.905 18.904096993789864
5.915 18.739174801429414
5.925 18.46732930523648
5.935 18.08363640992122
5.945 17.587144401093585
5.955 16.98090956580308
5.965 16.271820071427992
5.975 15.470225860829544
5.985 14.589404441903083
5.995 13.644901812331085
6.005 12.653793752253861
6.015 11.633915055864842
6.025 10.600890891855851
6.035 9.57703618886947
6.045 8.574973490195813
6.055 7.608810243550973
6.065 6.6904693918269045
6.075 5.829472781720732
6.085 5.032857637804678
6.095 4.305214973846493
6.105 3.6488325893789044
6.115 3.0639211139593474
6.125 2.548899458615921
6.135 2.0985879473649214
6.1450000000000005 1.7137771842413303
6.155 1.3863841023073233
6.165 1.1109845101795672
6.175 0.8819029764815066
6.185 0.6934499374214234
6.195 0.5401122794145409
6.205 0.4166973862645531
6.215 0.3184333053713504
6.225 0.2410296279929856
6.235 0.18070490488768745
6.245 0.1341869963943877
6.255 0.09869278871143461
6.265 0.07189331963596379
6.275 0.05186967590825117
6.285 0.03706417147914953
6.295 0.026230396018028256
6.305 0.016377850645253166
6.315 0.011436524242608092
6.325 0.007906763861178816
6.335 0.005412164999558846
6.345 0.0036678436507414335
6.355 0.0014743611273687716
6.365 0.0
6.375 0.0
6.385 0.0
6.3950000000000005 0.0
6.405 0.0
6.415 0.0
6.425 0.0
6.435 0.0
6.445 0.0
6.455 0.0
6.465 0.0
6.475 0.0
6.485 0.0
6.495 0.0
6.505 0.0
6.515 0.0
6.525 0.0
6.535 0.0
6.545 0.0
6.555 0.0
6.565 0.0
6.575 0.0
6.585 0.0
6.595 0.0
6.605 0.0
6.615 0.0
6.625 0.0
6.635 0.0
6.6450000000000005 0.0
6.655 0.0
6.665 0.0
6.675 0.0
6.685 0.0
6.695 0.0
6.705 0.0
6.715 0.0
6.725 0.0
6.735 0.0
6.745 0.0
6.755 0.0
6.765 0.0
6.775 0.0
6.785 0.0
6.795 0.0
6.805 0.0
6.815 0.0
6.825 0.0
6.835 0.0
6.845 0.0
6.855 0.0
6.865 0.0
6.875 0.0
6.885 0.0
6.8950000000000005 0.0
6.905 0.0
6.915 0.0
6.925 0.0
6.935 0.0
6.945 0.0
6.955 0.0
6.965 0.0
6.975 0.0
6.985 0.0
6.995 0.0
