0.005 0.0
0.015 0.0
0.025 0.0
0.034999999999999996 0.0
0.045 0.0
0.055 0.0
0.065 0.0
0.07500000000000001 0.0
0.085 0.0
0.095 0.0
0.10500000000000001 0.0
0.115 0.0
0.125 0.0
0.135 0.0
0.14500000000000002 0.0
0.155 0.0
0.165 0.0
0.17500000000000002 0.0
0.185 0.0
0.195 0.0
0.20500000000000002 0.0
0.215 0.0
0.225 0.0
0.23500000000000001 0.0
0.245 0.0
0.255 0.0
0.265 0.0
0.275 0.0
0.28500000000000003 0.0
0.295 0.0
0.305 0.0
0.315 0.0
0.325 0.0
0.335 0.0
0.34500000000000003 0.0
0.35500000000000004 0.0
0.365 0.0
0.375 0.0
0.385 0.0
0.395 0.0
0.405 0.0
0.41500000000000004 0.0
0.425 0.0
0.435 0.0
0.445 0.0
0.455 0.0
0.465 0.0
0.47500000000000003 0.0
0.485 0.0
0.495 0.0
0.505 0.0
0.515 0.0
0.525 0.0
0.535 0.0
0.545 0.0
0.555 0.0
0.5650000000000001 0.0
0.5750000000000001 0.0
0.585 0.0
0.595 0.0
0.605 0.0
0.615 0.0
0.625 0.0
0.635 0.0
0.645 0.0
0.655 0.0
0.665 0.0
0.675 0.0
0.685 0.0
0.6950000000000001 0.0
0.7050000000000001 0.0
0.715 0.0
0.725 0.0
0.735 0.0
0.745 0.0
0.755 0.0
0.765 0.0
0.775 0.0
0.785 0.0
0.795 0.0
0.805 0.0
0.8150000000000001 0.0
0.8250000000000001 0.0
0.8350000000000001 0.0
0.845 0.0
0.855 0.0
0.865 0.0
0.875 0.0
0.885 0.0
0.895 0.0
0.905 0.0
0.915 0.0
0.925 0.0
0.935 0.0
0.9450000000000001 0.0
0.9550000000000001 0.0
0.965 0.0
0.975 0.0
0.985 0.0
0.995 0.0
1.005 0.0
1.015 0.0
1.025 0.0
1.035 0.0
1.045 0.0
1.055 0.0
1.065 0.0
1.075 0.0
1.085 0.0
1.095 0.0
1.105 0.0
1.115 0.0
1.125 0.0
1.135 0.0
1.145 0.0
1.155 0.0
1.1649999999999998 0.0
1.1749999999999998 0.0
1.1849999999999998 0.0
1.1949999999999998 0.0
1.2049999999999998 0.0
1.2149999999999999 0.0
1.2249999999999999 0.019799736216357538
1.2349999999999999 0.02939041542396539
1.2449999999999999 0.04319257542016427
1.255 0.06284482641158814
1.265 0.09052885278559857
1.275 0.12911049849711684
1.285 0.18230272240119536
1.295 0.2548483379806315
1.305 0.3527179098424543
1.315 0.4833150001029138
1.325 0.6556772134675684
1.335 0.8806573481982596
1.345 1.1710647014201967
1.355 1.5417426016743814
1.365 2.00955506369952
1.375 2.593253684735006
1.385 3.3131961781645494
1.395 4.1908908982926425
1.405 5.248347873013605
1.4149999999999998 6.507226549772443
1.4249999999999998 7.987783693239534
1.4349999999999998 9.707641280097523
1.4449999999999998 11.680412998358165
1.4549999999999998 13.914247792763971
1.4649999999999999 16.410368098830986
1.4749999999999999 19.161696955265576
1.4849999999999999 22.151679913771275
1.4949999999999999 25.35341249648738
1.505 28.72918015035982
1.515 32.23050409390766
1.525 35.79876287421624
1.535 39.36642659719146
1.545 42.85890049129212
1.555 46.19692956390532
1.565 49.299470282962474
1.575 52.08689263593743
1.585 54.48434083326474
1.595 56.42505718788506
1.605 57.85346431119415
1.615 58.727807455572425
1.625 59.02218181547036
1.635 58.727807455572425
1.645 57.85346431119415
1.655 56.42505718788506
1.665 54.48434083326474
1.6749999999999998 52.08689263593743
1.6849999999999998 49.299470282962474
1.6949999999999998 46.19692956390532
1.7049999999999998 42.85890049129212
1.7149999999999999 39.36642659719146
1.7249999999999999 35.79876287421624
1.7349999999999999 32.23050409390766
1.7449999999999999 28.72918015035982
1.755 25.364670779899956
1.765 22.16839153168581
1.775 19.18625658828723
1.785 16.446102154023666
1.795 13.965723199837006
1.805 11.75382622809699
1.815 9.81130002045899
1.825 8.132692432672119
1.835 6.707784686017582
1.845 5.523164526591689
1.855 4.5637140417791695
1.865 3.8139447693095803
1.875 3.259130146874993
1.885 2.8862018517791412
1.895 2.684391180073975
1.905 2.6456088379898395
1.915 2.7645663643409324
1.9249999999999998 3.03865024748139
1.9349999999999998 3.4675662626710713
1.9449999999999998 4.052777341273574
1.9549999999999998 4.796764031915736
1.9649999999999999 5.702142764950657
1.9749999999999999 6.770683824247872
1.9849999999999999 8.002277949439742
1.9949999999999999 9.393907267976546
2.005 10.938681920882512
2.015 12.625007236212067
2.025 14.435946509202498
2.035 16.335634414993567
2.045 18.32651433606729
2.0549999999999997 20.355453923905884
2.065 22.384055157534483
2.0749999999999997 24.369902871926104
2.085 26.267932064247013
2.0949999999999998 28.032060754272095
2.105 29.61701069993944
2.1149999999999998 30.98021831935122
2.125 32.08372467443527
2.135 32.89592803144119
2.145 33.3930863173744
2.155 33.56046985910002
2.165 33.3930863173744
2.175 32.89592803144119
2.185 32.08372467443527
2.195 30.98021831935122
2.205 29.61701069993944
2.215 28.032060754272095
2.225 26.267932064247013
2.235 24.369902871926104
2.245 22.384055157534483
2.255 20.355453923905884
2.265 18.32651433606729
2.275 16.335634414993567
2.285 14.41614677298614
2.295 12.595616820788102
2.305 10.895489345462348
2.315 9.331062441564958
2.3249999999999997 7.911749096654143
2.335 6.6415733257507545
2.3449999999999998 5.519840042549461
2.355 4.541915693935104
2.3649999999999998 3.7000594314311197
2.375 2.9842512625681574
2.385 2.3829730340138218
2.395 1.8839090161426728
2.405 1.4745441365696428
2.415 1.1426485783995934
2.425 0.8766467880796212
2.435 0.6658764621399869
2.445 0.5007485911450308
2.455 0.37282314348652734
2.465 0.27481665357808316
2.475 0.20055813624513857
2.485 0.1449087394325861
2.495 0.1036587403614679
2.505 0.07341322973882572
2.515 0.051475407073034364
2.525 0.0357340551926811
2.535 0.024559633021654592
2.545 0.016711617914536056
2.555 0.011258283412576734
2.565 0.0
2.5749999999999997 0.0
2.585 0.0
2.5949999999999998 0.0
2.605 0.0
2.6149999999999998 0.0
2.625 0.0
2.635 0.0
2.645 0.0
2.655 0.0
2.665 0.0
2.675 0.0
2.685 0.0
2.695 0.0
2.705 0.0
2.715 0.0
2.725 0.0
2.735 0.0
2.745 0.0
2.755 0.0
2.765 0.0
2.775 0.0
2.785 0.0
2.795 0.0
2.805 0.0
2.815 0.0
2.8249999999999997 0.0
2.835 0.0
2.8449999999999998 0.0
2.855 0.0
2.8649999999999998 0.0
2.875 0.0
2.885 0.0
2.895 0.0
2.905 0.0
2.915 0.0
2.925 0.0
2.935 0.0
2.945 0.0
2.955 0.0
2.965 0.0
2.975 0.0
2.985 0.0
2.995 0.0
3.005 0.0
3.015 0.0
3.025 0.00445703500897533
3.035 0.00661595230570403
3.045 0.009722898258434209
3.055 0.014146733491228034
3.065 0.02037856776366765
3.075 0.02906351910650702
3.085 0.04103739600845631
3.0949999999999998 0.05736783318458834
3.105 0.07939883922098182
3.1149999999999998 0.10879699872172795
3.125 0.14759672871793228
3.135 0.19824105679692258
3.145 0.26361342974322005
3.155 0.34705516656400986
3.165 0.45236245440345174
3.175 0.583756386131517
3.185 0.7458196006410877
3.195 0.9433937527437752
3.205 1.1814334268745208
3.215 1.4648142897837582
3.225 1.798096256225799
3.235 2.1852461349572674
3.245 2.6293284457983583
3.255 3.132177563288546
3.265 3.694068664724723
3.275 4.313408685234801
3.285 4.986471122869192
3.295 5.707199624229394
3.305 6.467104425539111
3.315 7.255272673016256
3.325 8.062276371881568
3.335 8.867203262551111
3.3449999999999998 9.656005963595472
3.355 10.4111555576752
3.3649999999999998 11.114823867829234
3.375 11.749631109023326
3.385 12.29943341348271
3.395 12.750105831871654
3.405 13.090273814541918
3.415 13.311947077972263
3.425 13.41101422228703
3.435 13.387564199289887
3.445 13.246011124987804
3.455 12.99501111349377
3.465 12.647172743640168
3.475 12.218575371196545
3.485 11.728120757218548
3.495 11.196752567705616
3.505 10.64658464593805
3.515 10.099982308617385
3.525 9.578641321208641
3.535 9.102706987289144
3.545 8.689971459396913
3.555 8.355181568344836
3.565 8.109482806230954
3.575 7.960018139936482
3.585 7.909693491673358
3.5949999999999998 7.957115246755903
3.605 8.09669911796323
3.6149999999999998 8.322187433077577
3.625 8.615674031984259
3.635 8.963605176365165
3.645 9.348086551670011
3.655 9.749832823828516
3.665 10.149014606027396
3.675 10.526131361487442
3.685 10.862872751271501
3.695 11.142929696040344
3.705 11.352717091456878
3.715 11.4819729576936
3.725 11.524203885987781
3.735 11.476953817802212
3.745 11.341882076021196
3.755 11.124646586527396
3.765 10.834598668492083
3.775 10.484305861295626
3.785 10.08892825472278
3.795 9.66548107069787
3.805 9.232021362643485
3.815 8.806799423697688
3.825 8.407415823135993
3.835 8.047050378455264
3.8449999999999998 7.746644536883315
3.855 7.513097595175005
3.8649999999999998 7.354476148577721
3.875 7.27524578769298
3.885 7.276119443503971
3.895 7.354069577940417
3.905 7.502501745131816
3.915 7.711580606887217
3.925 7.968693380693939
3.935 8.259030015995487
3.945 8.569023684660863
3.955 8.877346381621889
3.965 9.168849092356172
3.975 9.427310319524462
3.985 9.638006537418919
3.995 9.788360319217185
4.005 9.868482648479604
4.015 9.871584133672236
4.025 9.794236863021615
4.035 9.636476909086477
4.045 9.401746437353221
4.055 9.096683308384765
4.065 8.73077427861411
4.075 8.315894746075456
4.085 7.865762933626536
4.095 7.395339130285105
4.1049999999999995 6.920201033274529
4.115 6.455924503676162
4.125 6.0174955387805555
4.135 5.6162613186470836
4.145 5.270368771731241
4.155 4.986455915152082
4.165 4.7726048812514215
4.175 4.636860616506899
4.185 4.578319921282231
4.195 4.5989715117530245
4.205 4.696506380625016
4.215 4.8661017422844
4.225 5.100613935033534
4.235 5.390843972202437
4.245 5.725872526004645
4.255 6.093459357144208
4.265 6.480499413880861
4.275 6.873524144889541
4.285 7.259232325525961
4.295 7.625030371725765
4.305 7.959558293891636
4.315 8.253174731850157
4.325 8.498373458887372
4.335 8.69010475878133
4.345 8.82597837654944
4.355 8.906330295626116
4.365 8.934143127605294
4.375 8.914818912609677
4.385 8.855812932541632
4.395 8.76614693320992
4.405 8.655829095153345
4.415 8.535215394030706
4.425 8.412188730155176
4.435 8.30091193145702
4.445 8.20583282181244
4.455 8.134845089806209
4.465 8.090125266404865
4.475 8.07074452758413
4.485 8.076756460191213
4.495 8.10445250935849
4.505 8.148161398494068
4.515 8.200709767545948
4.525 8.253986844934495
4.535 8.299575776882637
4.545 8.329410071969976
4.555 8.336412335476474
4.565 8.315074070948324
4.575 8.261939601127384
4.585 8.175963701562084
4.595 8.058720794755914
4.605 7.914452875464814
4.615 7.7499530535829955
4.625 7.574291066179264
4.635 7.398395765732876
4.645 7.234517002666437
4.655 7.095595196846935
4.665 6.994571089853794
4.675 6.943670669000691
4.685 6.953701130367991
4.695 7.0333931295924295
4.705 7.188822597474994
4.715 7.42294219680492
4.725 7.735248158163271
4.735 8.121602816331285
4.745 8.574226725880301
4.755 9.080019705292436
4.765 9.628919290025308
4.775 10.201237007132448
4.785 10.778054060675515
4.795 11.339225661795249
4.805 11.864233423532792
4.815 12.333074549533105
4.825 12.727141887786996
4.835 13.030047587377076
4.845 13.228344867788305
4.855 13.312107400842724
4.865 13.275333832718546
4.875 13.116155551059354
4.885 12.836838168489102
4.895 12.445445193677966
4.905 11.948894877585552
4.915 11.361290834049727
4.925 10.697868206823573
4.935 9.975506527706946
4.945 9.211970701428093
4.955 8.425169626859955
4.965 7.632473889139117
4.975 6.850126818462379
4.985 6.091107906608205
4.995 5.372025628609995
5.005 4.701038011176877
5.015 4.086573319629209
5.025 3.534885825456698
5.035 3.05020362594487
5.045 2.63494543635003
5.055 2.2899793211712245
5.065 2.014896726830869
5.075 1.8082776115575587
5.085 1.6679265431570673
5.095 1.5910648789040893
5.105 1.574470051281808
5.115 1.6145590651278168
5.125 1.7074191111051784
5.135 1.8487933218235129
5.145 2.034033817207276
5.155 2.258037061794605
5.165 2.5151780306451683
5.175 2.799259683544697
5.185 3.103492802565684
5.195 3.4205184732834337
5.205 3.742481595626128
5.215 4.061159093818754
5.225 4.3681413268089635
5.235 4.6550600028991385
5.245 4.913851118005417
5.255 5.137037493026642
5.265 5.316533305368054
5.275 5.448857034646541
5.285 5.531205963092969
5.295 5.558931248360616
5.305 5.531205963092969
5.315 5.448857034646541
5.325 5.31432427511608
5.335 5.1315403038011524
5.345 4.905739608358962
5.355 4.643209679038899
5.365 4.3510007158663875
5.375 4.0381802748220705
5.385 3.710005307382408
5.395 3.375082135070639
5.405 3.040566115978173
5.415 2.7129902109223902
5.425 2.3981025205205753
5.435 2.1007629432009254
5.445 1.8248991035744337
5.455 1.573517703444179
5.465 1.348764101613444
5.475 1.1520204115570685
5.485 0.9840308015446364
5.495 0.845041986619155
5.505 0.7349470420823285
5.515 0.6534215212244298
5.525 0.6000422779165244
5.535 0.5743812250003056
5.545 0.5760683616705651
5.555 0.6048206580938025
5.565 0.6604356979034618
5.575 0.7442157807600328
5.585 0.8537482308608221
5.595 0.9897795805860804
5.605 1.151869819959195
5.615 1.3392549519591268
5.625 1.550735417012637
5.635 1.7845778059544357
5.645 2.038440355279464
5.655 2.3093318284297624
5.665 2.593611688464295
5.675 2.8870369710271655
5.685 3.1848580593827793
5.695 3.4819618177696685
5.705 3.77181272300857
5.715 4.052067622833568
5.725 4.3159437466529
5.735 4.5590199485393885
5.745 4.7776013816859
5.755 4.968915538705674
5.765 5.1312584289533705
5.775 5.2640772761721175
5.785 5.367980330732525
5.795 5.444669719690924
5.805 5.496799276235931
5.815 5.527765472552702
5.825 5.542794593776641
5.835 5.54390298028117
5.845 5.53601021687364
5.855 5.522743308202239
5.865 5.5070819988164175
5.875 5.49116082908761
5.885 5.4761441570262015
5.895 5.463503974713816
5.905 5.4504267893391125
5.915 5.436222036891353
5.925 5.418711015837037
5.935 5.395372119684531
5.945 5.3636421472120155
5.955 5.321229508572126
5.965 5.266414215394336
5.975 5.198310651527403
5.985 5.117072110675592
5.995 5.024020649719644
6.005 4.921691512370243
6.015 4.813787723295374
6.025 4.705046911824298
6.035 4.601028497920704
6.045 4.507834632482204
6.055 4.4317824016679115
6.065 4.379047572456306
6.075 4.3553014882376795
6.085 4.365362646750725
6.095 4.4128831304941425
6.105 4.501323189487493
6.115 4.629413360959353
6.125 4.796918711251866
6.135 5.0010356720186655
6.1450000000000005 5.237276077179676
6.155 5.499611395714323
6.165 5.780694681775442
6.175 6.072149900384266
6.185 6.3638694199923815
6.195 6.648932338652733
6.205 6.916549345488281
6.215 7.157979506280128
6.225 7.3653475880786115
6.235 7.531990175158735
6.245 7.652745856675333
6.255 7.724174915106882
6.265 7.744697195416702
6.275 7.714640766537816
6.285 7.636198427959799
6.295 7.513293850409408
6.305 7.351363922802037
6.315 7.157068439298564
6.325 6.9379423275278125
6.335 6.7020089323016006
6.345 6.4573752006096985
6.355 6.211830784702633
6.365 5.9724729767048235
6.375 5.7453779733548345
6.385 5.534359498107077
6.3950000000000005 5.3450213238985835
6.405 5.177693760566925
6.415 5.0325793620625845
6.425 4.908374169555648
6.435 4.802435137305508
6.445 4.711017167713118
6.455 4.63067610862619
6.465 4.554681496860299
6.475 4.478649461400268
6.485 4.397656693161596
6.495 4.3072898374463335
6.505 4.203908380105999
6.515 4.084849599846961
6.525 3.9485665794587517
6.535 3.794695194068145
6.545 3.6240509097629663
6.555 3.438560731868257
6.565 3.241139392447208
6.575 3.0355216005877037
6.585 2.8260637452060533
6.595 2.61752880745104
6.605 2.414867495900705
6.615 2.2230069538797856
6.625 2.0466560734364765
6.635 1.8892338871873484
6.6450000000000005 1.7566298772808313
6.655 1.6506706188511469
6.665 1.573777898237216
6.675 1.527558822994393
6.685 1.5127675686769655
6.695 1.5292873519409436
6.705 1.5752510154088815
6.715 1.6508784421700764
6.725 1.752238668293991
6.735 1.8759482407600796
6.745 2.019043918350981
6.755 2.1751716598920554
6.765 2.3400048061203704
6.775 2.508173223057892
6.785 2.6741756443907807
6.795 2.8325665367960986
6.805 2.9781535011544173
6.815 3.106197227039115
6.825 3.212604558486318
6.835 3.29410441183666
6.845 3.348396253650171
6.855 3.3742616573178985
6.865 3.371631079239939
6.875 3.341600310750492
6.885 3.2863938798852685
6.8950000000000005 3.209275758775952
6.905 3.114410819516473
6.915 3.005859218828246
6.925 2.890936947031305
6.935 2.7741003198952123
6.945 2.661041847698428
6.955 2.557205474449152
6.965 2.4675480223761124
6.975 2.3963222190803872
6.985 2.3468909564878784
6.995 2.321580785403966
