0.005 0.0
0.015 0.0
0.025 0.0
0.034999999999999996 0.0
0.045 0.0
0.055 0.0
0.065 0.0
0.07500000000000001 0.0
0.085 0.0
0.095 0.0
0.10500000000000001 0.0
0.115 0.0
0.125 0.0
0.135 0.0
0.14500000000000002 0.0
0.155 0.0
0.165 0.0
0.17500000000000002 0.0
0.185 0.0
0.195 0.0
0.20500000000000002 0.0
0.215 0.0
0.225 0.0
0.23500000000000001 0.0
0.245 0.0
0.255 0.0
0.265 0.0
0.275 0.0
0.28500000000000003 0.0
0.295 0.0
0.305 0.0
0.315 0.0
0.325 0.0
0.335 0.0
0.34500000000000003 0.0
0.35500000000000004 0.0
0.365 0.0
0.375 0.0
0.385 0.0
0.395 0.0
0.405 0.0
0.41500000000000004 0.0
0.425 0.0
0.435 0.0
0.445 0.0
0.455 0.0
0.465 0.0
0.47500000000000003 0.0
0.485 0.0
0.495 0.0
0.505 0.0
0.515 0.0
0.525 0.0
0.535 0.0
0.545 0.0
0.555 0.0
0.5650000000000001 0.0
0.5750000000000001 0.0
0.585 0.0
0.595 0.0
0.605 0.0
0.615 0.0
0.625 0.0
0.635 0.0
0.645 0.0
0.655 0.0
0.665 0.0
0.675 0.0
0.685 0.0
0.6950000000000001 0.0
0.7050000000000001 0.0
0.715 0.0
0.725 0.0
0.735 0.0
0.745 0.0
0.755 0.0
0.765 0.0
0.775 0.0
0.785 0.0
0.795 0.0
0.805 0.0
0.8150000000000001 0.0
0.8250000000000001 0.0
0.8350000000000001 0.0
0.845 0.0
0.855 0.0
0.865 0.0
0.875 0.0
0.885 0.0
0.895 0.0
0.905 0.0
0.915 0.0
0.925 0.0
0.935 0.0
0.9450000000000001 0.0
0.9550000000000001 0.0
0.965 0.0
0.975 0.0
0.985 0.0
0.995 0.0
1.005 0.0
1.015 0.0
1.025 0.0
1.035 0.0
1.045 0.0
1.055 0.0
1.065 0.0
1.075 0.0
1.085 0.0
1.095 0.0
1.105 0.0
1.115 0.0
1.125 0.0
1.135 0.0
1.145 0.0
1.155 0.0
1.1649999999999998 0.0
1.1749999999999998 0.0
1.1849999999999998 0.0
1.1949999999999998 0.0
1.2049999999999998 0.0
1.2149999999999999 0.0
1.2249999999999999 0.0
1.2349999999999999 0.0
1.2449999999999999 0.0
1.255 0.0
1.265 0.0
1.275 0.0
1.285 0.0
1.295 0.0
1.305 0.0
1.315 0.0
1.325 0.0
1.335 0.0
1.345 0.0
1.355 0.0
1.365 0.0
1.375 0.0
1.385 0.0
1.395 0.0
1.405 0.0
1.4149999999999998 0.0
1.4249999999999998 0.0
1.4349999999999998 0.0
1.4449999999999998 0.0
1.4549999999999998 0.0
1.4649999999999999 0.0
1.4749999999999999 0.0
1.4849999999999999 0.0
1.4949999999999999 0.0
1.505 0.0
1.515 0.0
1.525 0.0
1.535 0.0
1.545 0.0
1.555 0.0
1.565 0.0
1.575 0.0
1.585 0.0
1.595 0.0
1.605 0.0
1.615 0.0
1.625 0.0
1.635 0.0
1.645 0.0
1.655 0.0
1.665 0.0
1.6749999999999998 0.0
1.6849999999999998 0.0
1.6949999999999998 0.0
1.7049999999999998 0.0
1.7149999999999999 0.0
1.7249999999999999 0.0
1.7349999999999999 0.0
1.7449999999999999 0.0
1.755 0.0
1.765 0.0
1.775 0.0
1.785 0.0
1.795 0.0
1.805 0.0
1.815 0.0
1.825 0.0
1.835 0.0
1.845 0.0
1.855 0.0
1.865 0.0
1.875 0.0
1.885 0.0
1.895 0.0
1.905 0.0
1.915 0.0
1.9249999999999998 0.0
1.9349999999999998 0.0
1.9449999999999998 0.0
1.9549999999999998 0.0
1.9649999999999999 0.0
1.9749999999999999 0.0
1.9849999999999999 0.0
1.9949999999999999 0.0
2.005 0.0
2.015 0.0
2.025 0.0
2.035 0.0
2.045 0.0
2.0549999999999997 0.0
2.065 0.008604647085769121
2.0749999999999997 0.01277260210256939
2.085 0.01877079897200526
2.0949999999999998 0.02731135134979181
2.105 0.03934238420086011
2.1149999999999998 0.05610934724057606
2.125 0.07922583270282575
2.135 0.11075299108815895
2.145 0.1532855338000451
2.155 0.2100409299245253
2.165 0.2849467771902891
2.175 0.38271952726698283
2.185 0.5089258947802348
2.195 0.6777806717958083
2.205 0.8848452648943326
2.215 1.143923578363998
2.225 1.4645052995168337
2.235 1.856793122749648
2.245 2.3314760429395216
2.255 2.8994228796202117
2.265 3.5712967084101797
2.275 4.357097009540763
2.285 5.265643250316101
2.295 6.304020769666776
2.305 7.477016553343929
2.315 8.786578009447776
2.3249999999999997 10.231331392400747
2.335 11.806197376882366
2.3449999999999998 13.502138935108299
2.355 15.306070888991803
2.3649999999999998 17.200951422183053
2.375 19.166063975515247
2.385 21.177484233660063
2.395 23.20871258661826
2.405 25.23143896788983
2.415 27.216395823584545
2.425 29.134247496921006
2.435 30.95646152690609
2.445 32.656109767307456
2.455 34.208554738788195
2.465 35.59198850907356
2.475 36.787806357393706
2.485 37.780813796671126
2.495 38.55928126203874
2.505 39.11487402935043
2.515 39.44249410397478
2.525 39.540074845125105
2.535 39.40836757273968
2.545 39.05075269426503
2.555 38.473097038009264
2.565 37.68366569097288
2.5749999999999997 36.69308264138605
2.585 35.51432190208665
2.5949999999999998 34.16270129800195
2.605 32.655846030289446
2.6149999999999998 31.013589135452737
2.625 29.257780983279993
2.635 27.41198926450978
2.645 25.501083213157305
2.655 23.550709437190186
2.665 21.58667992419715
2.675 19.63430390017621
2.685 17.71770294025437
2.695 15.859152238602414
2.705 14.078489981860509
2.715 12.392631631977865
2.725 10.815217380861222
2.735 9.356410199348435
2.745 8.022850046720736
2.755 6.817758213449517
2.765 5.741175564766632
2.775 4.790310492578547
2.785 3.959967188519305
2.795 3.2430225887771993
2.805 2.6309208547372633
2.815 2.1141571252055478
2.8249999999999997 1.6827269138875869
2.835 1.3265232552509476
2.8449999999999998 1.0356698522932977
2.855 0.8007844552822438
2.8649999999999998 0.6131720294967158
2.875 0.45921253029044423
2.885 0.3453343685404853
2.895 0.2571123456159849
2.905 0.1895235197982013
2.915 0.13831215616103856
2.925 0.0999343161675642
2.935 0.07148682248825707
2.945 0.05062842269092331
2.955 0.03549930546241369
2.965 0.02464349896050194
2.975 0.016937212627449454
2.985 0.01152493710788035
2.995 0.007764120083177568
3.005 0.0
3.015 0.0
3.025 0.0
3.035 0.0
3.045 0.0
3.055 0.0
3.065 0.0
3.075 0.0
3.085 0.0
3.0949999999999998 0.0
3.105 0.0
3.1149999999999998 0.0
3.125 0.0
3.135 0.0
3.145 0.0
3.155 0.0
3.165 0.0
3.175 0.0
3.185 0.0
3.195 0.0
3.205 0.0
3.215 0.0
3.225 0.0
3.235 0.0
3.245 0.0
3.255 0.0
3.265 0.0
3.275 0.0
3.285 0.0
3.295 0.0
3.305 0.0
3.315 0.0
3.325 0.0
3.335 0.0
3.3449999999999998 0.0
3.355 0.0
3.3649999999999998 0.0
3.375 0.0
3.385 0.0
3.395 0.0
3.405 0.0
3.415 0.0
3.425 0.0
3.435 0.0
3.445 0.0
3.455 0.0
3.465 0.0
3.475 0.0
3.485 0.0
3.495 0.0
3.505 0.0
3.515 0.0
3.525 0.0
3.535 0.0
3.545 0.0
3.555 0.0
3.565 0.0
3.575 0.0
3.585 0.0
3.5949999999999998 0.0
3.605 0.0
3.6149999999999998 0.0
3.625 0.0032272715744109475
3.635 0.0047905109048640565
3.645 0.007040203432808197
3.655 0.010243435551901514
3.665 0.01475581240408783
3.675 0.021044454188916772
3.685 0.029714557179658315
3.695 0.04153917951044656
3.705 0.05749149745135376
3.715 0.07877825968357798
3.725 0.10687255678005902
3.735 0.14354334803149305
3.745 0.19087849360170475
3.755 0.25129739199916734
3.765 0.327548804864034
3.775 0.4226891616398192
3.785 0.5400366817717384
3.795 0.6860681391207386
3.805 0.8598681712572819
3.815 1.0671310160454035
3.825 1.3114043166967395
3.835 1.5958877471245194
3.8449999999999998 1.9232303075089572
3.855 2.29531738037793
3.8649999999999998 2.7130598896619973
3.875 3.1762002208557987
3.885 3.6831509951845325
3.895 4.230883016298726
3.905 4.814877467022768
3.915 5.429154585430243
3.925 6.066386609924889
3.935 6.718096950960077
3.945 7.3749407113968
3.955 8.027054400316233
3.965 8.667199752381448
3.975 9.28154109371463
3.985 9.863125890232121
3.995 10.404339609187643
4.005 10.899069967009304
4.015 11.342951075535984
4.025 11.733497922696976
4.035 12.070120164634426
4.045 12.35401445028138
4.055 12.587945188087271
4.065 12.77593367413554
4.075 12.922883725848308
4.085 13.036776671183917
4.095 13.119135129650502
4.1049999999999995 13.177035687986898
4.115 13.215308879396732
4.125 13.238088321590123
4.135 13.251271162173355
4.145 13.253600596956343
4.155 13.248875348923566
4.165 13.238781688813972
4.175 13.22482168356915
4.185 13.208556364650898
4.195 13.1918277656128
4.205 13.176931872647437
4.215 13.166721236762635
4.225 13.164624802209524
4.235 13.174582274045182
4.245 13.203323099644273
4.255 13.251639386599948
4.265 13.325668664272985
4.275 13.429622142429054
4.285 13.567150452515328
4.295 13.741121598641302
4.305 13.953443443099115
4.315 14.204940383247095
4.325 14.495287082761257
4.335 14.82299591866683
4.345 15.185449999635193
4.355 15.578970737539922
4.365 15.998908217877522
4.375 16.439743874903762
4.385 16.8951977885552
4.395 17.35833661701519
4.405 17.821681992593327
4.415 18.277322396528497
4.425 18.71703349369725
4.435 19.130259778591054
4.445 19.513607854283606
4.455 19.85567043931828
4.465 20.148571079651145
4.475 20.384944565851832
4.485 20.55814426703875
4.495 20.66243744476573
4.505 20.6931758967134
4.515 20.646930029984382
4.525 20.52157690115411
4.535 20.31633656785675
4.545 20.03175574195176
4.555 19.669642556588467
4.565 19.23296057609864
4.575 18.725693390817753
4.585 18.152692826481687
4.595 17.519523773689176
4.605 16.830335387377875
4.615 16.096329618753494
4.625 15.321522376009513
4.635 14.513109038973688
4.645 13.678429963039807
4.655 12.824917166387506
4.665 11.960043851756684
4.675 11.091269200695566
4.685 10.225972013532122
4.695 9.371369016745861
4.705 8.534416632333715
4.715 7.721698230894179
4.725 6.939301892957604
4.735 6.192696063557971
4.745 5.486611900018409
4.755 4.824941427228405
4.765 4.210659830175229
4.775 3.6439482287432607
4.785 3.1301242287209248
4.795 2.66661637822412
4.805 2.2526788802769198
4.815 1.8867437351619225
4.825 1.5665398872437908
4.835 1.2892281060959827
4.845 1.0515437802592658
4.855 0.8499398850549915
4.865 0.6807231018632385
4.875 0.5401772660492273
4.885 0.4246698265225449
4.895 0.329005013181949
4.905 0.2540131580536753
4.915 0.19423555392219272
4.925 0.14709712193471464
4.935 0.1103235282895292
4.945 0.08024659023466382
4.955 0.05915163737719767
4.965 0.04316820685267653
4.975 0.03119021025873793
4.985 0.022311545319419576
4.995 0.015801490512532174
5.005 0.011079585510499769
5.015 0.007691411154505125
5.025 0.005286224425264667
5.035 0.003597014773291571
5.045 0.0024232370536498233
5.055 0.0
5.065 0.0
5.075 0.0
5.085 0.0
5.095 0.0
5.105 0.0
5.115 0.0
5.125 0.0
5.135 0.0
5.145 0.0
5.155 0.0
5.165 0.0
5.175 0.0016822000659828485
5.185 0.0024970311839110576
5.195 0.0036696727889608287
5.205 0.007003583170457835
5.215 0.010161770210953592
5.225 0.014599817433119775
5.235 0.020770911760345307
5.245 0.029261384703683654
5.255 0.04081938453939038
5.265 0.05638601118786664
5.275 0.07875119492645191
5.285 0.10687833734264952
5.295 0.14527245940093625
5.305 0.19364540301621108
5.315 0.2556951391434045
5.325 0.3344598770649821
5.335 0.4333989241319166
5.345 0.556379336794222
5.355 0.7076390896143656
5.365 0.8917227159101953
5.375 1.1133862326119643
5.385 1.3774694754552725
5.395 1.688735724991583
5.405 2.0532321780415117
5.415 2.4726179843741027
5.425 2.951312190160044
5.435 3.491763893057421
5.445 4.09525122983106
5.455 4.7616618228157535
5.465 5.48930345904607
5.475 6.274758775004694
5.485 7.112796543974838
5.495 7.9963499662028035
5.505 8.91656923413513
5.515 9.862951767338007
5.525 10.823549144324991
5.535 11.785245217059297
5.545 12.734095519771373
5.555 13.655714210964135
5.565 14.535691710524475
5.575 15.360024140495966
5.585 16.115534790556982
5.595 16.790268155646817
5.605 17.373838589006073
5.615 17.857718152781278
5.625 18.235451639123273
5.635 18.50279074172425
5.645 18.657743721232777
5.655 18.700541362168693
5.665 18.63352430641476
5.675 18.460960730736563
5.685 18.18880660171476
5.695 17.82442321329038
5.705 17.376268252797047
5.715 16.85357716256174
5.725 16.266051035258943
5.735 15.623565737785032
5.745 14.935914508138904
5.755 14.212593092907841
5.765 13.462632835216352
5.775 12.694483279660538
5.785 11.915942152050118
5.795 11.134127311929088
5.805 10.355482739335992
5.815 9.585809007166532
5.825 8.830308113708512
5.835 8.093633003521434
5.845 7.379933476225887
5.855 6.6928922639830155
5.865 6.035747572903119
5.875 5.411301021506386
5.885 4.821912366445797
5.895 4.270803818423037
5.905 3.7574014396359456
5.915 3.283595194881312
5.925 2.849912617187025
5.935 2.456403162758545
5.945 2.102657727161345
5.955 1.7878451082650386
5.965 1.510765410232564
5.975 1.2699186575166563
5.985 1.0624633945743338
5.995 0.8891738933152673
6.005 0.7465309304525154
6.015 0.6316185380931975
6.025 0.5453419283767524
6.035 0.4845816169317554
6.045 0.4480993393680054
6.055 0.4349058047416815
6.065 0.44426765448302136
6.075 0.47693568639715245
6.085 0.5296337424468706
6.095 0.6056255392442811
6.105 0.7022278841414675
6.115 0.8219248643308041
6.125 0.9642055282539097
6.135 1.126815779436414
6.1450000000000005 1.30989698715182
6.155 1.5123558252354732
6.165 1.7326294176360484
6.175 1.9686605877761119
6.185 2.217908110275158
6.195 2.4773955941526635
6.205 2.743799830016904
6.215 3.0125413601672517
6.225 3.282431972323388
6.235 3.548474934141828
6.245 3.807513064110747
6.255 4.056865073753342
6.265 4.294492555703008
6.275 4.519130851793371
6.285 4.730370071531128
6.295 4.928675427923784
6.305 5.115340211756281
6.315 5.2923698526459555
6.325 5.462301208574711
6.335 5.627966989910755
6.345 5.792220522307717
6.355 5.957640360601663
6.365 6.126237125696122
6.375 6.299186009151515
6.385 6.476607494149036
6.3950000000000005 6.657415976901407
6.405 6.840380371931727
6.415 7.020178297665333
6.425 7.1928872011161715
6.435 7.35292796121651
6.445 7.494106996778939
6.455 7.609964526795851
6.465 7.694159051376774
6.475 7.740862201594528
6.485 7.7451372666572755
6.495 7.704375697703114
6.505 7.615799983608756
6.515 7.478033843015013
6.525 7.293241325296465
6.535 7.064697551135728
6.545 6.797436734257344
6.555 6.498081918222751
6.565 6.174600603351225
6.575 5.836002823145041
6.585 5.49200050158931
6.595 5.1526476399576895
6.605 4.827980139543934
6.615 4.527672083412477
6.625 4.260722384608636
6.635 4.035182220273354
6.6450000000000005 3.8579299810845766
6.655 3.734496916305862
6.665 3.6689435312577134
6.675 3.663784301891129
6.685 3.719956526640339
6.695 3.837924745441129
6.705 4.014086772900981
6.715 4.2460154996831
6.725 4.52834453610209
6.735 4.85508654132862
6.745 5.21919951226613
6.755 5.612758640282072
6.765 6.027147555448117
6.775 6.453268734864183
6.785 6.881772385452864
6.795 7.304431128661422
6.805 7.710429843807091
6.815 8.092006806133465
6.825 8.441459525114364
6.835 8.7521639256891
6.845 9.01882120688349
6.855 9.237672284612415
6.865 9.406665928794085
6.875 9.52556698140829
6.885 9.595160756349559
6.8950000000000005 9.620817311071963
6.905 9.606428814996566
6.915 9.55857820303234
6.925 9.484993639879818
6.935 9.393359425158945
6.945 9.29444594707667
6.955 9.195812803123982
6.965 9.105666167675933
6.975 9.031190727209387
6.985 8.978157067357644
6.995 8.950601843943923
