0.005 0.0
0.015 0.0
0.025 0.0
0.034999999999999996 0.0
0.045 0.0
0.055 0.0
0.065 0.0
0.07500000000000001 0.0
0.085 0.0
0.095 0.0
0.10500000000000001 0.0
0.115 0.0
0.125 0.0
0.135 0.0
0.14500000000000002 0.0
0.155 0.0
0.165 0.0
0.17500000000000002 0.0
0.185 0.0
0.195 0.0
0.20500000000000002 0.0
0.215 0.0
0.225 0.0
0.23500000000000001 0.0
0.245 0.0
0.255 0.0
0.265 0.0
0.275 0.0
0.28500000000000003 0.0
0.295 0.0
0.305 0.0
0.315 0.0
0.325 0.0
0.335 0.0
0.34500000000000003 0.0
0.35500000000000004 0.0
0.365 0.0
0.375 0.0
0.385 0.0
0.395 0.0
0.405 0.0
0.41500000000000004 0.0
0.425 0.0
0.435 0.0
0.445 0.0
0.455 0.0
0.465 0.0
0.47500000000000003 0.0
0.485 0.0
0.495 0.0
0.505 0.0
0.515 0.0
0.525 0.0
0.535 0.0
0.545 0.0
0.555 0.0
0.5650000000000001 0.0
0.5750000000000001 0.0
0.585 0.0
0.595 0.0
0.605 0.0
0.615 0.0
0.625 0.0
0.635 0.0
0.645 0.0
0.655 0.0
0.665 0.0
0.675 0.0
0.685 0.0
0.6950000000000001 0.0
0.7050000000000001 0.0
0.715 0.0
0.725 0.0
0.735 0.0
0.745 0.0
0.755 0.0
0.765 0.0
0.775 0.0
0.785 0.0
0.795 0.0
0.805 0.0
0.8150000000000001 0.0
0.8250000000000001 0.0
0.8350000000000001 0.0
0.845 0.0
0.855 0.0
0.865 0.0
0.875 0.0
0.885 0.0
0.895 0.0
0.905 0.0
0.915 0.0
0.925 0.0
0.935 0.0
0.9450000000000001 0.0
0.9550000000000001 0.0
0.965 0.0
0.975 0.0
0.985 0.0
0.995 0.0
1.005 0.0
1.015 0.0
1.025 0.0
1.035 0.0
1.045 0.0
1.055 0.0
1.065 0.0
1.075 0.0
1.085 0.0
1.095 0.0
1.105 0.0
1.115 0.0
1.125 0.0
1.135 0.0
1.145 0.0
1.155 0.0
1.1649999999999998 0.0
1.1749999999999998 0.0
1.1849999999999998 0.0
1.1949999999999998 0.0
1.2049999999999998 0.0
1.2149999999999999 0.0
1.2249999999999999 0.0
1.2349999999999999 0.0
1.2449999999999999 0.0
1.255 0.0
1.265 0.0
1.275 0.0
1.285 0.0
1.295 0.0
1.305 0.0
1.315 0.0
1.325 0.0
1.335 0.0
1.345 0.0
1.355 0.0
1.365 0.0
1.375 0.0
1.385 0.0
1.395 0.0
1.405 0.0
1.4149999999999998 0.0
1.4249999999999998 0.0
1.4349999999999998 0.0
1.4449999999999998 0.0
1.4549999999999998 0.0
1.4649999999999999 0.0
1.4749999999999999 0.0
1.4849999999999999 0.0
1.4949999999999999 0.0
1.505 0.0
1.515 0.0
1.525 0.0
1.535 0.0
1.545 0.0
1.555 0.0
1.565 0.0
1.575 0.0
1.585 0.0
1.595 0.0
1.605 0.0
1.615 0.0
1.625 0.0
1.635 0.0
1.645 0.0
1.655 0.0
1.665 0.0
1.6749999999999998 0.0
1.6849999999999998 0.0
1.6949999999999998 0.0
1.7049999999999998 0.0
1.7149999999999999 0.0
1.7249999999999999 0.0
1.7349999999999999 0.0
1.7449999999999999 0.0
1.755 0.0
1.765 0.0
1.775 0.011052186834205393
1.785 0.01640569141179874
1.795 0.02411003905192343
1.805 0.03507989982665815
1.815 0.05053308710477232
1.825 0.07206931122994725
1.835 0.10176114097407671
1.845 0.14225600861397855
1.855 0.19688667549664812
1.865 0.269785800302651
1.875 0.3659981621466203
1.885 0.4915817788098596
1.895 0.6536867831777607
1.905 0.860598701809062
1.915 1.121731005652583
1.9249999999999998 1.447550811737809
1.9349999999999998 1.8494217690232595
1.9449999999999998 2.3393498127230177
1.9549999999999998 2.9296209115922185
1.9649999999999999 3.632325340838171
1.9749999999999999 4.458770399979773
1.9849999999999999 5.4187926533306285
1.9949999999999999 6.519991243715895
2.005 7.766914901422262
2.015 9.160245988354376
2.025 10.696034153983272
2.035 12.365038726942904
2.045 14.152241662914703
2.0549999999999997 16.036590747759686
2.065 17.991025189123498
2.0749999999999997 19.98282256873623
2.085 21.97428778812453
2.0949999999999998 23.923782143473385
2.105 25.78706560166672
2.1149999999999998 27.51889976920583
2.125 29.074835277350044
2.135 30.413087722364935
2.145 31.496393050732973
2.155 32.29372803689706
2.165 32.78178523540114
2.175 32.94610461770199
2.185 32.78178523540114
2.195 32.29372803689706
2.205 31.496393050732973
2.215 30.413087722364935
2.225 29.074835277350044
2.235 27.51889976920583
2.245 25.78706560166672
2.255 23.923782143473385
2.265 21.97428778812453
2.275 19.98282256873623
2.285 17.991025189123498
2.295 16.036590747759686
2.305 14.152241662914703
2.315 12.365038726942904
2.3249999999999997 10.696034153983272
2.335 9.160245988354376
2.3449999999999998 7.766914901422262
2.355 6.519991243715895
2.3649999999999998 5.4187926533306285
2.375 4.458770399979773
2.385 3.632325340838171
2.395 2.9296209115922185
2.405 2.3393498127230177
2.415 1.8494217690232595
2.425 1.447550811737809
2.435 1.121731005652583
2.445 0.860598701809062
2.455 0.6536867831777607
2.465 0.4915817788098596
2.475 0.3659981621466203
2.485 0.269785800302651
2.495 0.19688667549664812
2.505 0.14225600861397855
2.515 0.10176114097407671
2.525 0.07206931122994725
2.535 0.05053308710477232
2.545 0.03507989982665815
2.555 0.02411003905192343
2.565 0.01640569141179874
2.5749999999999997 0.011052186834205393
2.585 0.0
2.5949999999999998 0.0
2.605 0.0
2.6149999999999998 0.0
2.625 0.0
2.635 0.0
2.645 0.0
2.655 0.0
2.665 0.0
2.675 0.0
2.685 0.0
2.695 0.0
2.705 0.0
2.715 0.0
2.725 0.0
2.735 0.0
2.745 0.0
2.755 0.0
2.765 0.0
2.775 0.0
2.785 0.0
2.795 0.0
2.805 0.0
2.815 0.0
2.8249999999999997 0.0
2.835 0.0
2.8449999999999998 0.0
2.855 0.0
2.8649999999999998 0.0
2.875 0.0
2.885 0.0
2.895 0.0
2.905 0.0
2.915 0.0
2.925 0.0
2.935 0.0
2.945 0.0
2.955 0.0
2.965 0.0
2.975 0.0
2.985 0.0
2.995 0.0
3.005 0.0
3.015 0.0
3.025 0.0
3.035 0.0
3.045 0.0
3.055 0.0
3.065 0.0
3.075 0.0
3.085 0.0
3.0949999999999998 0.0
3.105 0.0
3.1149999999999998 0.0
3.125 0.0
3.135 0.0
3.145 0.0
3.155 0.0
3.165 0.0
3.175 0.0
3.185 0.0
3.195 0.0
3.205 0.0
3.215 0.0
3.225 0.0
3.235 0.0
3.245 0.0
3.255 0.0
3.265 0.0
3.275 0.0
3.285 0.0
3.295 0.0
3.305 0.0
3.315 0.0
3.325 0.0
3.335 0.0
3.3449999999999998 0.0
3.355 0.0
3.3649999999999998 0.0
3.375 0.0
3.385 0.0
3.395 0.0
3.405 0.0
3.415 0.0
3.425 0.0
3.435 0.0
3.445 0.0
3.455 0.0
3.465 0.0
3.475 0.0
3.485 0.0
3.495 0.0
3.505 0.0
3.515 0.0
3.525 0.0
3.535 0.003376585867610851
3.545 0.0050121506811685234
3.555 0.01070845060783813
3.565 0.015678949705154904
3.575 0.022730130422088754
3.585 0.03262734937756395
3.5949999999999998 0.04637210743234854
3.605 0.06525703109917833
3.6149999999999998 0.09092713074914968
3.625 0.12544565217774134
3.635 0.17136177040595835
3.645 0.2317761315833222
3.655 0.31039889048548486
3.665 0.4115935139486466
3.675 0.5403983596847693
3.685 0.7025170659623465
3.695 0.9042682983102093
3.705 1.152485604079151
3.715 1.4574468701760834
3.725 1.8217971107121018
3.735 2.2549553016254085
3.745 2.763838643684552
3.755 3.3545286695590457
3.765 4.031836866255519
3.775 4.798848932365837
3.785 5.656473273623382
3.795 6.603024185564265
3.805 7.6338732936439655
3.815 8.741203569153052
3.825 9.913898097577487
3.835 11.137590449406769
3.8449999999999998 12.394894992364073
3.855 13.665824135043945
3.8649999999999998 14.928386011316235
3.875 16.159341539075925
3.885 17.335085406618088
3.895 18.432602781408132
3.905 19.43044381086733
3.915 20.30965252387207
3.925 21.054586434191467
3.935 21.65356840672566
3.945 22.099323025722885
3.955 22.38916506689093
3.965 22.524926449330465
3.975 22.512628532566296
3.985 22.36192688400353
3.995 22.085373691802047
4.005 21.697557044343128
4.015 21.214184943037687
4.025 20.65118432340733
4.035 20.023881352514742
4.045 19.346319350393376
4.055 18.63075596802196
4.065 17.88736334577493
4.075 17.124135766908502
4.085 16.346990773693342
4.095 15.560033639870237
4.1049999999999995 14.765942953359886
4.115 13.966427822390598
4.125 13.162705263841252
4.135 12.355949466461814
4.145 11.547672121359591
4.155 10.740003750160023
4.165 9.93585856268082
4.175 9.138978392893254
4.185 8.353863341328385
4.195 7.585606777018542
4.205 6.83965954163782
4.215 6.121552158026914
4.225 5.436604565948141
4.235 4.789650721576935
4.245 4.184800897122288
4.255 3.6252584581668033
4.265 3.113201090808276
4.275 2.6497296704384663
4.285 2.2348818627478937
4.295 1.867702608001456
4.305 1.546360148556032
4.315 1.2682943093689636
4.325 1.030383253293063
4.335 0.8291156964436422
4.345 0.6585051829614047
4.355 0.5200150380429956
4.365 0.40440192294644917
4.375 0.3133777218983893
4.385 0.24042525283032326
4.395 0.18262031976922852
4.405 0.13733308359482357
4.415 0.10224881874044243
4.425 0.07536999429751286
4.435 0.05500418329204711
4.445 0.03974202699324627
4.455 0.02842898553712057
4.465 0.02013398618583051
4.475 0.014117416419432602
4.485 0.009800263197419907
4.495 0.006735615824916436
4.505 0.004583254073294074
4.515 0.003087646783984286
4.525 0.0
4.535 0.0
4.545 0.0
4.555 0.0
4.565 0.0
4.575 0.0
4.585 0.0
4.595 0.0
4.605 0.0
4.615 0.0
4.625 0.0
4.635 0.002062378692060559
4.645 0.0030613623261868447
4.655 0.004499021917684566
4.665 0.006546038264410158
4.675 0.011459656237088858
4.685 0.016461693001022352
4.695 0.02341738387636572
4.705 0.03499495793701309
4.715 0.04899936105729315
4.725 0.06795674782174854
4.735 0.09335520112704998
4.745 0.12900762643676622
4.755 0.1741572424645692
4.765 0.23292396434509238
4.775 0.30863499970947206
4.785 0.4051788522722607
4.795 0.5270253619208876
4.805 0.6792228372648139
4.815 0.8673656741332123
4.825 1.0975259955391716
4.835 1.3761435353864004
4.845 1.7098693049282088
4.855 2.1053605740725745
4.865 2.5690273621169992
4.875 3.1067338923782297
4.885 3.723462178363706
4.895 4.42481367273005
4.905 5.21007840592159
4.915 6.0807425944776
4.925 7.034760379537458
4.935 8.06752019053674
4.945 9.171644067815533
4.955 10.336885855516663
4.965 11.550147202540835
4.975 12.795625347278788
4.985 14.05510008893567
4.995 15.308359486304164
5.005 16.53375513996594
5.015 17.708868989063305
5.025 18.811265047714585
5.035 19.821062081550558
5.045 20.715525064208848
5.055 21.47827186391789
5.065 22.094866024273642
5.075 22.554598541527326
5.085 22.850938524220027
5.095 22.98180519554852
5.105 22.94964320354022
5.115 22.76129477241731
5.125 22.427674509383827
5.135 21.96326477166227
5.145 21.385460482684238
5.155 20.713801312796868
5.165 19.969135499220837
5.175 19.172762771613566
5.185 18.34560363235886
5.195 17.5074386616105
5.205 16.676254913223122
5.215 15.867727439859689
5.225 15.09485334494906
5.235 14.36774445087666
5.245 13.693573683612142
5.255 13.076660533829523
5.265 12.518673242489957
5.275 12.018920224460452
5.285 11.574700953873466
5.295 11.181687052350451
5.305 10.834307318511673
5.315 10.526115344625442
5.325 10.250124447650169
5.335 9.999101089124073
5.345 9.765813991818781
5.355 9.543241123562819
5.365 9.324740149728228
5.375 9.104189637719186
5.385 8.876108265852032
5.395 8.63575781311436
5.405 8.379233231633982
5.415 8.10354018027108
5.425 7.806657594727971
5.435 7.487580693042675
5.445 7.14496308130143
5.455 6.783072781792373
5.465 6.401935440038172
5.475 6.004504451379311
5.485 5.593125558604948
5.495 5.175259045549609
5.505 4.753645239500831
5.515 4.331911341201495
5.525 3.9181490623828075
5.535 3.515179521099386
5.545 3.1274346024192736
5.555 2.7574868138950706
5.565 2.4116527464131123
5.575 2.090524887048807
5.585 1.7958863781411696
5.595 1.528744320861869
5.605 1.289372157485486
5.615 1.0773803692434467
5.625 0.8918084819770263
5.635 0.7312307327145066
5.645 0.5938678077485985
5.655 0.47769771021498164
5.665 0.38055990431998277
5.675 0.3002482471682672
5.685 0.23458969276223232
5.695 0.18150719053648345
5.705 0.13782270038833636
5.715 0.10468628116256733
5.725 0.0787255756659373
5.735 0.05861367782472786
5.745 0.04320551198366714
5.755 0.03153090195277867
5.765 0.022781939145888812
5.775 0.016296788752020577
5.785 0.011541717490346085
5.795 0.008092745793246562
5.805 0.005617957026078619
5.815 0.00386116163273225
5.825 0.002627329889481402
5.835 0.0017699797030655549
5.845 0.0
5.855 0.0
5.865 0.0
5.875 0.0
5.885 0.0
5.895 0.0
5.905 0.0
5.915 0.0
5.925 0.0
5.935 0.0
5.945 0.0
5.955 0.0
5.965 0.0
5.975 0.0
5.985 0.0
5.995 0.0
6.005 0.0
6.015 0.0
6.025 0.0
6.035 0.0
6.045 0.0
6.055 0.0
6.065 0.0
6.075 0.0
6.085 0.0
6.095 0.0
6.105 0.0
6.115 0.0
6.125 0.0
6.135 0.0
6.1450000000000005 0.0
6.155 0.0
6.165 0.0
6.175 0.0
6.185 0.0
6.195 0.0
6.205 0.0
6.215 0.0
6.225 0.0
6.235 0.0
6.245 0.0
6.255 0.0
6.265 0.0
6.275 0.0
6.285 0.0
6.295 0.0
6.305 0.0
6.315 0.0
6.325 0.0
6.335 0.0
6.345 0.0
6.355 0.0
6.365 0.0
6.375 0.0
6.385 0.0
6.3950000000000005 0.0
6.405 0.0
6.415 0.0
6.425 0.0
6.435 0.0
6.445 0.0
6.455 0.0
6.465 0.0
6.475 0.0
6.485 0.0
6.495 0.0
6.505 0.0
6.515 0.0
6.525 0.0
6.535 0.0
6.545 0.0
6.555 0.0
6.565 0.001077767763290321
6.575 0.002674501034938246
6.585 0.003946357901162074
6.595 0.005765243873309268
6.605 0.008338855156423948
6.615 0.011941605807687121
6.625 0.01800583531941594
6.635 0.02644020772652715
6.6450000000000005 0.03697637778255386
6.655 0.05121531309591264
6.665 0.07025841971365135
6.675 0.09546129845939794
6.685 0.12846779365004435
6.695 0.17124067202365584
6.705 0.2260857930576044
6.715 0.29566605177355915
6.725 0.3830009175086493
6.735 0.49144713954176344
6.745 0.6246562298908485
6.755 0.7865047478928591
6.765 0.9809942684795461
6.775 1.2121192580401634
6.785 1.4837029119248166
6.795 1.7992032812410867
6.805 2.1614946338428607
6.815 2.572631798658225
6.825 3.0336080247483883
6.835 3.544119396953808
6.845 4.102350816755232
6.855 4.704799710717959
6.865 5.346153731630092
6.875 6.019237592627183
6.885 6.7150417348549265
6.8950000000000005 7.422841798259769
6.905 8.13041299015883
6.915 8.82433769852325
6.925 9.490398458430558
6.935 10.114042117128303
6.945 10.680895267714897
6.955 11.177306244918432
6.965 11.590885659074328
6.975 11.911015946801648
6.985 12.129300959017446
6.995 12.239929239514659
