0.005 0.0
0.015 0.0
0.025 0.0
0.034999999999999996 0.0
0.045 0.0
0.055 0.0
0.065 0.0
0.07500000000000001 0.0
0.085 0.0
0.095 0.0
0.10500000000000001 0.0
0.115 0.0
0.125 0.0
0.135 0.0
0.14500000000000002 0.0
0.155 0.0
0.165 0.0
0.17500000000000002 0.0
0.185 0.0
0.195 0.0
0.20500000000000002 0.0
0.215 0.0
0.225 0.0
0.23500000000000001 0.0
0.245 0.0
0.255 0.0
0.265 0.0
0.275 0.0
0.28500000000000003 0.0
0.295 0.0
0.305 0.0
0.315 0.0
0.325 0.0
0.335 0.0
0.34500000000000003 0.0
0.35500000000000004 0.0
0.365 0.0
0.375 0.0
0.385 0.0
0.395 0.0
0.405 0.0
0.41500000000000004 0.0
0.425 0.0
0.435 0.0
0.445 0.0
0.455 0.0
0.465 0.0
0.47500000000000003 0.0
0.485 0.0
0.495 0.0
0.505 0.0
0.515 0.0
0.525 0.0
0.535 0.0
0.545 0.0
0.555 0.0
0.5650000000000001 0.0
0.5750000000000001 0.0
0.585 0.0
0.595 0.0
0.605 0.0
0.615 0.0
0.625 0.0
0.635 0.0
0.645 0.0
0.655 0.0
0.665 0.0
0.675 0.0
0.685 0.0
0.6950000000000001 0.0
0.7050000000000001 0.0
0.715 0.0
0.725 0.0
0.735 0.0
0.745 0.0
0.755 0.0
0.765 0.0
0.775 0.0
0.785 0.0
0.795 0.0
0.805 0.0
0.8150000000000001 0.0
0.8250000000000001 0.0
0.8350000000000001 0.0
0.845 0.0
0.855 0.0
0.865 0.0
0.875 0.0
0.885 0.0
0.895 0.0
0.905 0.0
0.915 0.0
0.925 0.0
0.935 0.0
0.9450000000000001 0.0
0.9550000000000001 0.0
0.965 0.0
0.975 0.0
0.985 0.0
0.995 0.0
1.005 0.0
1.015 0.0
1.025 0.0
1.035 0.0
1.045 0.0
1.055 0.0
1.065 0.0
1.075 0.0
1.085 0.0
1.095 0.0
1.105 0.0
1.115 0.0
1.125 0.0
1.135 0.0
1.145 0.0
1.155 0.0
1.1649999999999998 0.0
1.1749999999999998 0.0
1.1849999999999998 0.0
1.1949999999999998 0.0
1.2049999999999998 0.0
1.2149999999999999 0.0
1.2249999999999999 0.0
1.2349999999999999 0.0
1.2449999999999999 0.0
1.255 0.0
1.265 0.0
1.275 0.0
1.285 0.0
1.295 0.0
1.305 0.0
1.315 0.0
1.325 0.0
1.335 0.0
1.345 0.0
1.355 0.0
1.365 0.0
1.375 0.0
1.385 0.0
1.395 0.0
1.405 0.0
1.4149999999999998 0.0
1.4249999999999998 0.0
1.4349999999999998 0.0
1.4449999999999998 0.0
1.4549999999999998 0.0
1.4649999999999999 0.0
1.4749999999999999 0.0
1.4849999999999999 0.0
1.4949999999999999 0.0
1.505 0.0
1.515 0.0
1.525 0.0
1.535 0.0
1.545 0.013820613998675083
1.555 0.02051510092845356
1.565 0.03014928613026589
1.575 0.04386695247640448
1.585 0.0631909595370766
1.595 0.09012172401726248
1.605 0.12725096585544535
1.615 0.17788926422789225
1.625 0.24620419328237036
1.635 0.3373635882418242
1.645 0.45767587891275513
1.655 0.61471653670263
1.665 0.8174267085654978
1.6749999999999998 1.0761673362825535
1.6849999999999998 1.4027098412315766
1.6949999999999998 1.8101432153300545
1.7049999999999998 2.3126775518589002
1.7149999999999999 2.9253261145980396
1.7249999999999999 3.6634523455804104
1.7349999999999999 4.5421749746360955
1.7449999999999999 5.575633630814294
1.755 6.776128808170238
1.765 8.153163134670933
1.775 9.712424737600102
1.785 11.454766901527847
1.795 13.375249765172477
1.805 15.462317990757446
1.815 17.697191711759004
1.825 20.05354541180678
1.835 22.49753992664864
1.845 24.98825630342976
1.855 27.478557318227192
1.865 29.916374320604127
1.875 32.24638573211117
1.885 34.412021537796115
1.895 36.35769838776945
1.905 38.03116543576509
1.915 39.385824473897344
1.9249999999999998 40.38288136740805
1.9349999999999998 40.9931904628826
1.9449999999999998 41.1986696851712
1.9549999999999998 40.9931904628826
1.9649999999999999 40.38288136740805
1.9749999999999999 39.385824473897344
1.9849999999999999 38.03116543576509
1.9949999999999999 36.35769838776945
2.005 34.412021537796115
2.015 32.24638573211117
2.025 29.916374320604127
2.035 27.478557318227192
2.045 24.98825630342976
2.0549999999999997 22.49753992664864
2.065 20.05354541180678
2.0749999999999997 17.697191711759004
2.085 15.462317990757446
2.0949999999999998 13.375249765172477
2.105 11.454766901527847
2.1149999999999998 9.712424737600102
2.125 8.153163134670933
2.135 6.776128808170238
2.145 5.575633630814294
2.155 4.5421749746360955
2.165 3.6634523455804104
2.175 2.9253261145980396
2.185 2.3126775518589002
2.195 1.8101432153300545
2.205 1.4027098412315766
2.215 1.0761673362825535
2.225 0.8174267085654978
2.235 0.61471653670263
2.245 0.45767587891275513
2.255 0.3373635882418242
2.265 0.24620419328237036
2.275 0.17788926422789225
2.285 0.12725096585544535
2.295 0.09012172401726248
2.305 0.0631909595370766
2.315 0.04386695247640448
2.3249999999999997 0.03014928613026589
2.335 0.02051510092845356
2.3449999999999998 0.013820613998675083
2.355 0.0
2.3649999999999998 0.00683875052134305
2.375 0.010151333159533777
2.385 0.014918544592971228
2.395 0.021706354301371925
2.405 0.03126830743697625
2.415 0.051192223851080215
2.425 0.07276055917832921
2.435 0.10241689295420495
2.445 0.14276947713201812
2.455 0.19710248675612888
2.465 0.26949247475136096
2.475 0.364925243199826
2.485 0.48940554494100585
2.495 0.6500498090834155
2.505 0.855149926935457
2.515 1.114194273809056
2.525 1.4378308575295857
2.535 1.8377570869960969
2.545 2.3265214580080142
2.555 2.917224740997085
2.565 3.6231122342138233
2.5749999999999997 4.457054404971239
2.585 5.430920707576425
2.5949999999999998 6.55486027093063
2.605 7.83651300932388
2.6149999999999998 9.280184834988301
2.625 10.886030169603952
2.635 12.649292872802166
2.645 14.559662002313654
2.655 16.600800537416074
2.665 18.750102567816306
2.675 20.97872701079582
2.685 23.251943608948068
2.695 25.52981018558419
2.705 27.76817978995252
2.715 29.92001380040017
2.725 31.936953986974817
2.735 33.771084906558684
2.745 35.376799797253724
2.755 36.71267017837748
2.765 37.74321311094542
2.775 38.44045145742615
2.785 38.785171762760655
2.795 38.767801103073346
2.805 38.388847252023
2.815 37.658874027077175
2.8249999999999997 36.59801348577908
2.835 35.235046304902475
2.8449999999999998 33.60610876817642
2.855 31.75310714170817
2.8649999999999998 29.72193612743382
2.875 27.56060647416184
2.885 25.31738732265209
2.895 23.039061812395822
2.905 20.769380878757346
2.915 18.54778153093716
2.925 16.40841407133571
2.935 14.379499677388981
2.945 12.48301743402071
2.955 10.734699952389317
2.965 9.1443004351678
2.975 7.716082286964102
2.985 6.449475471363437
2.995 5.339841674506747
3.005 4.379292450453994
3.015 3.5575101076060847
3.025 2.862529185720868
3.035 2.2814459485730936
3.045 1.8010334020433252
3.055 1.4082490922877369
3.065 1.0906316767376014
3.075 0.8365895345142413
3.085 0.6355902457386358
3.0949999999999998 0.47826356560644157
3.105 0.35643265005335845
3.1149999999999998 0.2630889704148471
3.125 0.19232586923329492
3.135 0.1392443710172263
3.145 0.09984297676301512
3.155 0.07090101395263075
3.165 0.049862910925686225
3.175 0.03016739869187121
3.185 0.02094210713759773
3.195 0.014393285710962815
3.205 0.009793920419099041
3.215 0.006597968692338932
3.225 0.0
3.235 0.0
3.245 0.0
3.255 0.0
3.265 0.0
3.275 0.0
3.285 0.0
3.295 0.0
3.305 0.0
3.315 0.0
3.325 0.0
3.335 0.0
3.3449999999999998 0.0
3.355 0.0
3.3649999999999998 0.0
3.375 0.0
3.385 0.0
3.395 0.0
3.405 0.0
3.415 0.0
3.425 0.0
3.435 0.0
3.445 0.0
3.455 0.0
3.465 0.0
3.475 0.0
3.485 0.0
3.495 0.0
3.505 0.0
3.515 0.0
3.525 0.0
3.535 0.003376585867610851
3.545 0.0050121506811685234
3.555 0.007365928422266253
3.565 0.01071736261508959
3.575 0.015438510977451272
3.585 0.02201810568695328
3.5949999999999998 0.03436526647856885
3.605 0.04832377712776997
3.6149999999999998 0.06729775866127914
3.625 0.09282090446111681
3.635 0.12679542566840418
3.645 0.17154628709211162
3.655 0.22987226640733002
3.665 0.30508941112986687
3.675 0.4010615053074354
3.685 0.5222113290298451
3.695 0.6735059215114917
3.705 0.8604088777008986
3.715 1.088793054764994
3.725 1.3648080593006386
3.735 1.6946986170485867
3.745 2.084572431086716
3.755 2.5401193798485515
3.765 3.0662877781706483
3.775 3.6669277187325893
3.785 4.344415936170935
3.795 5.09928082586582
3.805 5.929849787882504
3.815 6.831943522579429
3.825 7.798642874579682
3.835 8.820152977806979
3.8449999999999998 9.883786589109672
3.855 10.974083565521704
3.8649999999999998 12.073076582262992
3.875 13.160704744583654
3.885 14.215367242495912
3.895 15.2145993131452
3.905 16.13584329190166
3.915 16.95727926345071
3.925 17.658673536028438
3.935 18.2221994990553
3.945 18.63318483530167
3.955 18.880741742540668
3.965 18.958242695336878
3.975 18.863612980902772
3.985 18.5994221525896
3.995 18.17276883573728
4.005 17.594966040020637
4.015 16.881046287361272
4.025 16.04911651588081
4.035 15.119601070123359
4.045 14.114416550556605
4.055 13.056124547742568
4.065 11.967107288503922
4.075 10.868807208694992
4.085 9.781064916763178
4.095 8.721581585329206
4.1049999999999995 7.705522277980542
4.115 6.745266892684538
4.125 5.850306046739675
4.135 5.027270997845349
4.145 4.2800800907650105
4.155 3.6101795511163233
4.165 3.0168538338059916
4.175 2.497580107119433
4.185 2.0484025934067147
4.195 1.664305058046354
4.205 1.3395633357038481
4.215 1.06806398026418
4.225 0.8435795148660908
4.235 0.6599949863401674
4.245 0.5114843144112368
4.255 0.3926380774137584
4.265 0.29854678802911394
4.275 0.22484536004246075
4.285 0.17010742721709035
4.295 0.12745804346720124
4.305 0.09587956032015651
4.315 0.07563657356334921
4.325 0.06155974393902384
4.335 0.05420234300159957
4.345 0.05075861711155957
4.355 0.05639119312061012
4.365 0.0681678685209921
4.375 0.08694620363326044
4.385 0.11401586720770165
4.395 0.15112059327553748
4.405 0.19829490051984422
4.415 0.26336306712060126
4.425 0.3463671178585614
4.435 0.451084482565425
4.445 0.5817274200627567
4.455 0.7428866364262516
4.465 0.9394373999581578
4.475 1.176403576900533
4.485 1.4587769552883845
4.495 1.7912919302454062
4.505 2.1803321801720337
4.515 2.6259905229212324
4.525 3.1320899161830438
4.535 3.699575842597408
4.545 4.3276640842670275
4.555 5.013577606276753
4.565 5.752346023605487
4.575 6.536691239696525
4.585 7.357020303257636
4.595 8.20154177679908
4.605 9.056515040839052
4.615 9.906633300694082
4.625 10.735531179614716
4.635 11.526397435801265
4.645 12.262663437712487
4.655 12.928729538379166
4.665 13.510685332215093
4.675 13.996976739892139
4.685 14.378973488838165
4.695 14.651395059174785
4.705 14.812561400397405
4.715 14.864446170087385
4.725 14.812524037767218
4.735 14.665418601849238
4.745 14.43634752542619
4.755 14.135505795697117
4.765 13.778696486116711
4.775 13.380809674382254
4.785 12.95634986030879
4.795 12.518714778647674
4.805 12.079591393622248
4.815 11.648507458765788
4.825 11.232564016047593
4.835 10.83635939364171
4.845 10.462099952008813
4.855 10.109878345396854
4.865 9.778087620315631
4.875 9.463930053056872
4.885 9.163973920764994
4.895 8.874709738356277
4.905 8.593059844747904
4.915 8.31680121118578
4.925 8.04487030641353
4.935 7.777529908301126
4.945 7.51638989570545
4.955 7.264286254586629
4.965 7.025033815247921
4.975 6.8030777652961065
4.985 6.6030761109969776
4.995 6.429449572319129
5.005 6.285936720338883
5.015 6.1751905609281685
5.025 6.0984485076914385
5.035 6.0553012161306885
5.045 6.043577645986403
5.055 6.059354637336907
5.065 6.098840519947612
5.075 6.152467061478575
5.085 6.213563294188453
5.095 6.272121099034802
5.105 6.323322797360562
5.115 6.356691462457292
5.125 6.363364220770858
5.135 6.340936285204798
5.145 6.28262231366687
5.155 6.185785305267102
5.165 6.049739490564505
5.175 5.8757941827046585
5.185 5.667189081105669
5.195 5.428929784665362
5.205 5.167537632407706
5.215 4.890731933546451
5.225 4.607064996306577
5.235 4.325531098835648
5.245 4.055169804793197
5.255 3.8046820787569944
5.265 3.582074859228544
5.275 3.394346495441627
5.285 3.2472221306098836
5.295 3.1449450398173466
5.305 3.090127328978925
5.315 3.0822119381579904
5.325 3.1237348241543117
5.335 3.2100221253650987
5.345 3.336926393834232
5.355 3.498803319987523
5.365 3.6887119772848482
5.375 3.898660961474146
5.385 4.119894299287896
5.395 4.343209010046572
5.405 4.559294023477944
5.415 4.759078028982826
5.425 4.93407204958425
5.435 5.076691401725421
5.445 5.180541486525603
5.455 5.240652744667298
5.465 5.2536521666168925
5.475 5.21786191984537
5.485 5.133319738718524
5.495 5.001720408417681
5.505 4.82628256725328
5.515 4.6115497208591885
5.525 4.363138389257662
5.535 4.08744933773617
5.545 3.791359620834758
5.555 3.4805962012874607
5.565 3.165159981263758
5.575 2.8496711490404456
5.585 2.540100383522732
5.595 2.2416307207127537
5.605 1.9585484288154493
5.615 1.6941880530623794
5.625 1.4509283621540354
5.635 1.2302330233529977
5.645 1.0327277486358022
5.655 0.8583044559441765
5.665 0.7062426535147834
5.675 0.5753386824210946
5.685 0.46403448950963555
5.695 0.37053906593717195
5.705 0.2929373841785881
5.715 0.22928342001728252
5.725 0.17767550488033218
5.735 0.13631370450915503
5.745 0.10354008995867985
5.755 0.07786362354243842
5.765 0.057971927241899625
5.775 0.042732462628535
5.785 0.0325524223990418
5.795 0.02456128085465128
5.805 0.019099877959983382
5.815 0.015753435030556217
5.825 0.014253213031599906
5.835 0.015813668352739865
5.845 0.01839934364964879
5.855 0.02312426127834196
5.865 0.03036698621855132
5.875 0.03951177139013813
5.885 0.054030372029666665
5.895 0.07317354617998109
5.905 0.09814766038357836
5.915 0.13038288341381854
5.925 0.17154620660969774
5.935 0.22354591208215227
5.945 0.288524448340125
5.955 0.36883658779066775
5.965 0.4670098959454374
5.975 0.5856849950954458
5.985 0.727533898056552
5.995 0.8951558389209718
6.005 1.0909515237874325
6.015 1.31697851218866
6.025 1.5747924234608037
6.035 1.865280703390956
6.045 2.1884976105918783
6.055 2.5435106899715896
6.065 2.928270085542758
6.075 3.339512413459804
6.085 3.773953631107868
6.095 4.223923532860296
6.105 4.683350902535705
6.115 5.144305979452874
6.125 5.59926649542439
6.135 6.037072530703299
6.1450000000000005 6.4490974034021535
6.155 6.826065445168825
6.165 7.159266970389686
6.175 7.440957372389478
6.185 7.664737298015158
6.195 7.825891641010255
6.205 7.921666493281542
6.215 7.951466076316483
6.225 7.916955849449648
6.235 7.822063152252609
6.245 7.672872498994423
6.255 7.477418576579536
6.265 7.24538567814006
6.275 6.987727349939233
6.285 6.71622413351551
6.295 6.443000241350058
6.305 6.1800217142069584
6.315 5.938599076376514
6.325 5.7289168224938525
6.335 5.559610388818381
6.345 5.4374087677118474
6.355 5.366857806456259
6.365 5.350135663938097
6.375 5.388107091405989
6.385 5.476337422845964
6.3950000000000005 5.610635186557598
6.405 5.783979788560412
6.415 5.9875960011765645
6.425 6.21134601496305
6.435 6.445301454248509
6.445 6.676302850406943
6.455 6.8937992796346705
6.465 7.0871227505442445
6.475 7.246720580681045
6.485 7.364590177248598
6.495 7.434641394966098
6.505 7.452968533316554
6.515 7.418018509408771
6.525 7.330647101491288
6.535 7.194061063829291
6.545 7.013649969386739
6.555 6.796717425627959
6.565 6.552126435749422
6.575 6.289877809193119
6.585 6.020643420858811
6.595 5.754366061838173
6.605 5.5037285301578525
6.615 5.277191146086901
6.625 5.083382389757334
6.635 4.929378192407009
6.6450000000000005 4.819524963556074
6.655 4.759136157210999
6.665 4.747989635185087
6.675 4.785044422649775
6.685 4.867172557501453
6.695 4.989318876096629
6.705 5.1447355994356805
6.715 5.325280844958055
6.725 5.521767943253822
6.735 5.724350632898879
6.745 5.922927889602928
6.755 6.107551383990156
6.765 6.26993758639594
6.775 6.399895120858252
6.785 6.490966996970442
6.795 6.537452888022424
6.805 6.5353485442814465
6.815 6.482463223812015
6.825 6.37959757595055
6.835 6.226500235148759
6.845 6.027177500062555
6.855 5.786425785990456
6.865 5.5103689308505714
6.875 5.206197573823604
6.885 4.8818851320187795
6.8950000000000005 4.545066056228879
6.905 4.20634712609418
6.915 3.873125582659222
6.925 3.55372099563078
6.935 3.2551066457196756
6.945 2.9862934863053026
6.955 2.7523558708686706
6.965 2.55865214205106
6.975 2.4095285263902024
6.985 2.3082742680359836
6.995 2.2570942987269333
