0.005 0.0
0.015 0.0
0.025 0.0
0.034999999999999996 0.0
0.045 0.0
0.055 0.0
0.065 0.0
0.07500000000000001 0.0
0.085 0.0
0.095 0.0
0.10500000000000001 0.0
0.115 0.0
0.125 0.0
0.135 0.0
0.14500000000000002 0.0
0.155 0.0
0.165 0.0
0.17500000000000002 0.0
0.185 0.0
0.195 0.0
0.20500000000000002 0.0
0.215 0.0
0.225 0.0
0.23500000000000001 0.0
0.245 0.0
0.255 0.0
0.265 0.0
0.275 0.0
0.28500000000000003 0.0
0.295 0.0
0.305 0.0
0.315 0.0
0.325 0.0
0.335 0.0
0.34500000000000003 0.0
0.35500000000000004 0.0
0.365 0.0
0.375 0.0
0.385 0.0
0.395 0.0
0.405 0.0
0.41500000000000004 0.0
0.425 0.0
0.435 0.0
0.445 0.0
0.455 0.0
0.465 0.0
0.47500000000000003 0.0
0.485 0.0
0.495 0.0
0.505 0.0
0.515 0.0
0.525 0.0
0.535 0.0
0.545 0.0
0.555 0.0
0.5650000000000001 0.0
0.5750000000000001 0.0
0.585 0.0
0.595 0.0
0.605 0.0
0.615 0.0
0.625 0.0
0.635 0.0
0.645 0.0
0.655 0.0
0.665 0.0
0.675 0.0
0.685 0.0
0.6950000000000001 0.0
0.7050000000000001 0.0
0.715 0.0
0.725 0.0
0.735 0.0
0.745 0.0
0.755 0.0
0.765 0.0
0.775 0.0
0.785 0.0
0.795 0.0
0.805 0.0
0.8150000000000001 0.0
0.8250000000000001 0.0
0.8350000000000001 0.0
0.845 0.0
0.855 0.0
0.865 0.0
0.875 0.0
0.885 0.0
0.895 0.0
0.905 0.0
0.915 0.0
0.925 0.0
0.935 0.0
0.9450000000000001 0.0
0.9550000000000001 0.0
0.965 0.0
0.975 0.0
0.985 0.0
0.995 0.0
1.005 0.0
1.015 0.0
1.025 0.0
1.035 0.0
1.045 0.0
1.055 0.0
1.065 0.0
1.075 0.0
1.085 0.0
1.095 0.0
1.105 0.0
1.115 0.0
1.125 0.0
1.135 0.0
1.145 0.0
1.155 0.0
1.1649999999999998 0.0
1.1749999999999998 0.0
1.1849999999999998 0.0
1.1949999999999998 0.0
1.2049999999999998 0.0
1.2149999999999999 0.0
1.2249999999999999 0.0
1.2349999999999999 0.0
1.2449999999999999 0.0
1.255 0.0
1.265 0.0
1.275 0.0
1.285 0.0
1.295 0.0
1.305 0.0
1.315 0.0
1.325 0.0
1.335 0.0
1.345 0.0
1.355 0.0
1.365 0.0
1.375 0.0
1.385 0.0
1.395 0.0
1.405 0.0
1.4149999999999998 0.0
1.4249999999999998 0.0
1.4349999999999998 0.0
1.4449999999999998 0.0
1.4549999999999998 0.0
1.4649999999999999 0.0
1.4749999999999999 0.0
1.4849999999999999 0.0
1.4949999999999999 0.0
1.505 0.0
1.515 0.0
1.525 0.0
1.535 0.0
1.545 0.0
1.555 0.0
1.565 0.0
1.575 0.0
1.585 0.0
1.595 0.0
1.605 0.0
1.615 0.0
1.625 0.0
1.635 0.0
1.645 0.0
1.655 0.0
1.665 0.0
1.6749999999999998 0.0
1.6849999999999998 0.0
1.6949999999999998 0.0
1.7049999999999998 0.0
1.7149999999999999 0.0
1.7249999999999999 0.0
1.7349999999999999 0.0
1.7449999999999999 0.0
1.755 0.0
1.765 0.0
1.775 0.0
1.785 0.0
1.795 0.0
1.805 0.0
1.815 0.0
1.825 0.0
1.835 0.0
1.845 0.0
1.855 0.0
1.865 0.0
1.875 0.0
1.885 0.0
1.895 0.0
1.905 0.0
1.915 0.0
1.9249999999999998 0.0
1.9349999999999998 0.0
1.9449999999999998 0.0
1.9549999999999998 0.0
1.9649999999999999 0.0
1.9749999999999999 0.0
1.9849999999999999 0.0
1.9949999999999999 0.0
2.005 0.0
2.015 0.0
2.025 0.0
2.035 0.0
2.045 0.0
2.0549999999999997 0.0
2.065 0.0
2.0749999999999997 0.0
2.085 0.0
2.0949999999999998 0.0
2.105 0.0
2.1149999999999998 0.0
2.125 0.0
2.135 0.0
2.145 0.0
2.155 0.0
2.165 0.0
2.175 0.0
2.185 0.0
2.195 0.0
2.205 0.0
2.215 0.0
2.225 0.0
2.235 0.0
2.245 0.0
2.255 0.0
2.265 0.0
2.275 0.0
2.285 0.0
2.295 0.0
2.305 0.0
2.315 0.0
2.3249999999999997 0.0
2.335 0.0
2.3449999999999998 0.0
2.355 0.006888486670342178
2.3649999999999998 0.010225160712825369
2.375 0.015027042622605513
2.385 0.021864218002992798
2.395 0.03149571231053941
2.405 0.04491857559010638
2.415 0.06342457593905997
2.425 0.08866377612082109
2.435 0.12271338333959277
2.445 0.16814915610011227
2.455 0.22811534939980874
2.465 0.30638773859981283
2.475 0.40742278067203913
2.485 0.5363845883946027
2.495 0.6991402874436556
2.505 0.902213708552078
2.515 1.1526874631117567
2.525 1.4580444796985328
2.535 1.8259422231446205
2.545 2.263916188538517
2.555 2.779013866406933
2.565 3.3773660834516503
2.5749999999999997 4.063709150670878
2.585 4.8408781511497025
2.5949999999999998 5.709298379986279
2.605 6.666507705715572
2.6149999999999998 7.706746703303885
2.625 8.820655089609522
2.635 9.99511166982706
2.645 11.213250287944279
2.655 12.454676071393878
2.665 13.69589482963546
2.675 14.910954444730484
2.685 16.07228147053774
2.695 17.151680213727193
2.705 18.12144675572884
2.715 18.9555381683448
2.725 19.630728918041388
2.735 20.127683186583994
2.745 20.431874163147558
2.755 20.534289358586992
2.765 20.431874163147558
2.775 20.127683186583994
2.785 19.630728918041388
2.795 18.9555381683448
2.805 18.12144675572884
2.815 17.151680213727193
2.8249999999999997 16.07228147053774
2.835 14.910954444730484
2.8449999999999998 13.69589482963546
2.855 12.454676071393878
2.8649999999999998 11.213250287944279
2.875 9.99511166982706
2.885 8.820655089609522
2.895 7.706746703303885
2.905 6.666507705715572
2.915 5.709298379986279
2.925 4.8408781511497025
2.935 4.063709150670878
2.945 3.3773660834516503
2.955 2.779013866406933
2.965 2.263916188538517
2.975 1.8259422231446205
2.985 1.4580444796985328
2.995 1.1526874631117567
3.005 0.902213708552078
3.015 0.6991402874436556
3.025 0.5363845883946027
3.035 0.40742278067203913
3.045 0.30638773859981283
3.055 0.22811534939980874
3.065 0.16814915610011227
3.075 0.12271338333959277
3.085 0.08866377612082109
3.0949999999999998 0.06342457593905997
3.105 0.04491857559010638
3.1149999999999998 0.03149571231053941
3.125 0.021864218002992798
3.135 0.015027042622605513
3.145 0.010225160712825369
3.155 0.006888486670342178
3.165 0.0
3.175 0.0
3.185 0.0
3.195 0.0
3.205 0.0
3.215 0.0
3.225 0.0
3.235 0.0
3.245 0.0
3.255 0.0
3.265 0.0
3.275 0.0
3.285 0.0
3.295 0.0
3.305 0.0
3.315 0.0
3.325 0.0
3.335 0.0
3.3449999999999998 0.0
3.355 0.0
3.3649999999999998 0.0
3.375 0.0
3.385 0.0
3.395 0.0
3.405 0.0
3.415 0.0
3.425 0.0
3.435 0.0
3.445 0.0
3.455 0.0
3.465 0.0
3.475 0.0
3.485 0.0
3.495 0.0
3.505 0.0
3.515 0.0
3.525 0.0
3.535 0.0
3.545 0.0
3.555 0.0
3.565 0.0
3.575 0.0
3.585 0.0
3.5949999999999998 0.0
3.605 0.0
3.6149999999999998 0.0
3.625 0.0
3.635 0.0
3.645 0.0
3.655 0.0
3.665 0.0
3.675 0.0
3.685 0.0
3.695 0.0
3.705 0.0
3.715 0.0
3.725 0.0
3.735 0.0
3.745 0.0
3.755 0.0
3.765 0.0
3.775 0.0
3.785 0.0
3.795 0.0
3.805 0.0
3.815 0.0
3.825 0.0
3.835 0.0
3.8449999999999998 0.0
3.855 0.0
3.8649999999999998 0.0
3.875 0.0
3.885 0.0
3.895 0.0
3.905 0.0
3.915 0.0
3.925 0.0027950854436429168
3.935 0.004148980644816713
3.945 0.006097401375004759
3.955 0.00887166665211314
3.965 0.012779760087999236
3.975 0.018226246603863107
3.985 0.025735276478031602
3.995 0.03597638231350619
4.005 0.04979241565341246
4.015 0.06822852116412938
4.025 0.09256051772939719
4.035 0.12697862473853763
4.045 0.16926236301947056
4.055 0.2234431184030196
4.065 0.29212153360375354
4.075 0.37823762600708843
4.085 0.4850499946707451
4.095 0.6160933989584371
4.1049999999999995 0.7751116784100969
4.115 0.9659640098983495
4.125 1.1925039393766677
4.135 1.4584324389802115
4.145 1.7671283328136163
4.155 2.121461662957707
4.165 2.5235977440653197
4.175 2.9748015642029704
4.185 3.475253607002115
4.195 4.023888889321738
4.205 4.618270869167105
4.215 5.2545107926345125
4.225 5.927241020968027
4.235 6.629648017333894
4.245 7.353567186126518
4.255 8.089637937874869
4.265 8.82751354635373
4.275 9.556116931286804
4.285 10.263930768632363
4.295 10.93930855445681
4.305 11.570792571235312
4.315 12.1497769588258
4.325 12.662531966062616
4.335 13.101660979422693
4.345 13.459532056484134
4.355 13.730046768104273
4.365 13.908799807626323
4.375 13.993197686025015
4.385 13.982537306808812
4.395 13.878045546429291
4.405 13.682880646090695
4.415 13.404350606216425
4.425 13.045909186843001
4.435 12.61777295770816
4.445 12.130245972241038
4.455 11.595034018694331
4.465 11.025012246113553
4.475 10.433951386464946
4.485 9.836205825537014
4.495 9.246369262304412
4.505 8.67890623906599
4.515 8.147770142008728
4.525 7.666020110516511
4.535 7.245450458235962
4.545 6.8962465812932585
4.555 6.626680873483274
4.565 6.442860925537437
4.575 6.348540357915464
4.585 6.345000167865913
4.595 6.431005627376189
4.605 6.6028407194738
4.615 6.854419009374334
4.625 7.177466863569823
4.635 7.561772187008538
4.645 7.995489461858449
4.655 8.465489939012237
4.665 8.957744433328969
4.675 9.457725358679712
4.685 9.950814431415003
4.695 10.422702856611282
4.705 10.859771736422216
4.715 11.249441811956828
4.725 11.580483346490226
4.735 11.841414580908545
4.745 12.028802129136945
4.755 12.134122858498895
4.765 12.153695269770155
4.775 12.085929010280413
4.785 11.931310361539996
4.795 11.692330928343047
4.805 11.373362842315906
4.815 10.980484792257208
4.825 10.52126425928216
4.835 10.004502495533824
4.845 9.438177091730102
4.855 8.836830887563167
4.865 8.208615619340637
4.875 7.5643305640999134
4.885 6.914467975020103
4.895 6.270802953413385
4.905 5.639594637451405
4.915 5.030260243132569
4.925 4.449833243408406
4.935 3.9041174800837126
4.945 3.397653618773877
4.955 2.9337402704016404
4.965 2.514505377400266
4.975 2.141020861524228
4.985 1.8134514374712871
4.995 1.5312270302485729
5.005 1.2932274512099373
5.015 1.0979678857082935
5.025 0.9437742724895681
5.035 0.8289387244320391
5.045 0.7518466467631906
5.055 0.7110690444080876
5.065 0.7054155755640739
5.075 0.7339461201465436
5.085 0.7959409210393104
5.095 0.8908316648805087
5.105 1.018098140267673
5.115 1.1771372783431544
5.125 1.3672575351274303
5.135 1.588306464923999
5.145 1.837483805193981
5.155 2.1125288948918097
5.165 2.410416462373589
5.175 2.727302124108372
5.185 3.0585182592449294
5.195 3.3986275445152283
5.205 3.741537757553962
5.215 4.080677096282825
5.225 4.407720361512495
5.235 4.719391330161531
5.245 5.0086838142544945
5.255 5.26734491247142
5.265 5.491740946092121
5.275 5.680018766688283
5.285 5.827727088876531
5.295 5.9357065550077195
5.305 6.005476259955346
5.315 6.040308695082488
5.325 6.045125732724566
5.335 6.026302334125905
5.345 5.991388438616893
5.355 5.950343960968398
5.365 5.909600775687216
5.375 5.879167316427916
5.385 5.867662481163533
5.395 5.883001518264021
5.405 5.932080045814287
5.415 6.02052569237
5.425 6.1540690134383595
5.435 6.33303886512744
5.445 6.559689186920689
5.455 6.833810981949803
5.465 7.153891819772925
5.475 7.517290300767655
5.485 7.921944083855317
5.495 8.361266170164726
5.505 8.831522176689532
5.515 9.327635351097594
5.525 9.844335921219425
5.535 10.377752059788882
5.545 10.92026376167345
5.555 11.467610793816956
5.565 12.014626952718952
5.575 12.556252528957822
5.585 13.087559283240495
5.595 13.603786894745802
5.605 14.100396848060257
5.615 14.57314580093123
5.625 15.018176160281854
5.635 15.432117476760585
5.645 15.812188907021069
5.655 16.1562908454258
5.665 16.4630731925852
5.675 16.73196871392213
5.685 16.963182452422597
5.695 17.1576319168155
5.705 17.31559355922777
5.715 17.44194492667581
5.725 17.537104122489055
5.735 17.603375326998034
5.745 17.64286386827075
5.755 17.657263818266376
5.765 17.647670631308916
5.775 17.614434633554396
5.785 17.557068346805316
5.795 17.474216774260494
5.805 17.36369523082037
5.815 17.222594439501375
5.825 17.047447809934344
5.835 16.83445140747695
5.845 16.579723405688256
5.855 16.279587022103797
5.865 15.93085922930181
5.875 15.531126999712917
5.885 15.078993500565865
5.895 14.574278451041138
5.905 14.018159665820567
5.915 13.413246454159829
5.925 12.763579783566435
5.935 12.073416284205253
5.945 11.352042471273645
5.955 10.605424700286001
5.965 9.841981764423267
5.975 9.070587247536771
5.985 8.300265424577322
5.995 7.539885241996702
6.005 6.797869106378993
6.015 6.081931523138371
6.025 5.398860010624416
6.035 4.754347405829595
6.045 4.152880960683298
6.055 3.5965954719298523
6.065 3.090026102907477
6.075 2.6323606302882547
6.085 2.2222282373392024
6.095 1.860893770884197
6.105 1.5446958598949454
6.115 1.27092997483589
6.125 1.0364018302531584
6.135 0.8375969923081666
6.1450000000000005 0.6708364165192
6.155 0.5324128681953322
6.165 0.4176521272814251
6.175 0.3255725763279942
6.185 0.25144474017816487
6.195 0.1923906031298364
6.205 0.14583350965487152
6.215 0.10950885390262646
6.225 0.08146038834688245
6.235 0.058997862162755516
6.245 0.04313480802997377
6.255 0.031233630124928656
6.265 0.022398303789793038
6.275 0.015907466817638972
6.285 0.01118859068334994
6.295 0.0067866205640832455
6.305 0.004711249266366211
6.315 0.003237991110485331
6.325 0.002203293111154541
6.335 0.0014843145895993516
6.345 0.0
6.355 0.0
6.365 0.0
6.375 0.0
6.385 0.0
6.3950000000000005 0.0
6.405 0.0
6.415 0.0
6.425 0.0
6.435 0.0
6.445 0.0
6.455 0.0
6.465 0.0
6.475 0.0
6.485 0.0
6.495 0.0
6.505 0.0
6.515 0.0
6.525 0.0
6.535 0.0
6.545 0.0
6.555 0.0
6.565 0.0
6.575 0.0
6.585 0.0
6.595 0.0
6.605 0.0
6.615 0.0
6.625 0.0
6.635 0.0
6.6450000000000005 0.0
6.655 0.0
6.665 0.0
6.675 0.0
6.685 0.0
6.695 0.0
6.705 0.0
6.715 0.0
6.725 0.0
6.735 0.0
6.745 0.0
6.755 0.0
6.765 0.0
6.775 0.0
6.785 0.0
6.795 0.0
6.805 0.0
6.815 0.0
6.825 0.0
6.835 0.0
6.845 0.0
6.855 0.0
6.865 0.0
6.875 0.0
6.885 0.0
6.8950000000000005 0.0
6.905 0.0
6.915 0.0
6.925 0.0
6.935 0.0
6.945 0.0
6.955 0.0
6.965 0.0
6.975 0.0
6.985 0.0
6.995 0.0
