0.005 0.0
0.015 0.0
0.025 0.0
0.034999999999999996 0.0
0.045 0.0
0.055 0.0
0.065 0.0
0.07500000000000001 0.0
0.085 0.0
0.095 0.0
0.10500000000000001 0.0
0.115 0.0
0.125 0.0
0.135 0.0
0.14500000000000002 0.0
0.155 0.0
0.165 0.0
0.17500000000000002 0.0
0.185 0.0
0.195 0.0
0.20500000000000002 0.0
0.215 0.0
0.225 0.0
0.23500000000000001 0.0
0.245 0.0
0.255 0.0
0.265 0.0
0.275 0.0
0.28500000000000003 0.0
0.295 0.0
0.305 0.0
0.315 0.0
0.325 0.0
0.335 0.0
0.34500000000000003 0.0
0.35500000000000004 0.0
0.365 0.0
0.375 0.0
0.385 0.0
0.395 0.0
0.405 0.0
0.41500000000000004 0.0
0.425 0.0
0.435 0.0
0.445 0.0
0.455 0.0
0.465 0.0
0.47500000000000003 0.0
0.485 0.0
0.495 0.0
0.505 0.0
0.515 0.0
0.525 0.0
0.535 0.0
0.545 0.0
0.555 0.0
0.5650000000000001 0.0
0.5750000000000001 0.0
0.585 0.0
0.595 0.0
0.605 0.0
0.615 0.0
0.625 0.0
0.635 0.0
0.645 0.0
0.655 0.0
0.665 0.0
0.675 0.0
0.685 0.0
0.6950000000000001 0.0
0.7050000000000001 0.0
0.715 0.0
0.725 0.0
0.735 0.0
0.745 0.0
0.755 0.0
0.765 0.0
0.775 0.0
0.785 0.0
0.795 0.0
0.805 0.0
0.8150000000000001 0.0
0.8250000000000001 0.0
0.8350000000000001 0.0
0.845 0.0
0.855 0.0
0.865 0.0
0.875 0.0
0.885 0.0
0.895 0.0
0.905 0.0
0.915 0.0
0.925 0.0
0.935 0.0
0.9450000000000001 0.0
0.9550000000000001 0.0
0.965 0.0
0.975 0.0
0.985 0.0
0.995 0.0
1.005 0.0
1.015 0.0
1.025 0.0
1.035 0.0
1.045 0.0
1.055 0.0
1.065 0.0
1.075 0.0
1.085 0.0
1.095 0.0
1.105 0.0
1.115 0.0
1.125 0.0
1.135 0.0
1.145 0.0
1.155 0.0
1.1649999999999998 0.0
1.1749999999999998 0.0
1.1849999999999998 0.0
1.1949999999999998 0.0
1.2049999999999998 0.0
1.2149999999999999 0.0
1.2249999999999999 0.0
1.2349999999999999 0.0
1.2449999999999999 0.0
1.255 0.0
1.265 0.0
1.275 0.0
1.285 0.0
1.295 0.0
1.305 0.0
1.315 0.0
1.325 0.0
1.335 0.0
1.345 0.0
1.355 0.0
1.365 0.0
1.375 0.0
1.385 0.0
1.395 0.016226971615477072
1.405 0.02408706013253656
1.4149999999999998 0.035398688532189776
1.4249999999999998 0.0515047879030799
1.4349999999999998 0.07419336846114089
1.4449999999999998 0.1058131467752569
1.4549999999999998 0.14940709661497717
1.4649999999999999 0.2088622141969115
1.4749999999999999 0.28907170523592157
1.4849999999999999 0.39610319563373814
1.4949999999999999 0.5373634989673947
1.505 0.7217470796589937
1.515 0.9597518604380945
1.525 1.2635427645280197
1.535 1.6609046100280267
1.545 2.1460415572684033
1.555 2.745808004291419
1.565 3.4789868645453024
1.575 4.365155205465683
1.585 5.424085280418608
1.595 6.674997197847323
1.605 8.135678021175378
1.615 9.821495676716792
1.625 11.744350059829205
1.635 13.911616825132045
1.645 16.325149987043947
1.655 18.98041606619582
1.665 21.865833672961887
1.6749999999999998 24.962387063031425
1.6849999999999998 28.243569839516216
1.6949999999999998 31.67569584794625
1.7049999999999998 35.218589470315585
1.7149999999999999 38.826638840420934
1.7249999999999999 42.45016553680286
1.7349999999999999 46.03703608484401
1.7449999999999999 49.53441727363201
1.755 52.890561771002766
1.765 56.05650505586517
1.775 58.9875605316867
1.785 61.64451683771284
1.795 63.99446848145716
1.805 66.01124534875693
1.815 67.67544476174768
1.825 68.97410730572761
1.835 69.90011031067351
1.845 70.45137681172044
1.855 70.6300101839023
1.865 70.4414640053508
1.875 69.8938432186535
1.885 68.99740811280111
1.895 67.76432020747131
1.905 66.2086329295661
1.915 64.34649459441093
1.9249999999999998 62.196501025076124
1.9349999999999998 59.78011379388308
1.9449999999999998 57.12204996973787
1.9549999999999998 54.25055132970164
1.9649999999999999 51.19745460614399
1.9749999999999999 47.99800743587157
1.9849999999999999 44.69040410875743
1.9949999999999999 41.31504720345678
2.005 37.91357185570827
2.015 34.527695225503955
2.025 31.197972008806275
2.035 27.96254595242783
2.045 24.855986846431232
2.0549999999999997 21.90829310102329
2.065 19.14412343132432
2.0749999999999997 16.582299699239467
2.085 14.235599235411213
2.0949999999999998 12.110831591423246
2.105 10.209173925689434
2.1149999999999998 8.526722824885987
2.125 7.05520934861734
2.135 5.782818799898613
2.145 4.6950568730959255
2.155 3.775608612812576
2.165 3.0071448928809033
2.175 2.3720415975212727
2.185 1.8529880692489722
2.195 1.4334725367174723
2.205 1.0873192301231447
2.215 0.8258973762479752
2.225 0.6210865995434556
2.235 0.46241859191189255
2.245 0.3408595528515194
2.255 0.2487555093593643
2.265 0.17973265988130716
2.275 0.1285696169745498
2.285 0.09105561957893533
2.295 0.06384578230365195
2.305 0.04432152824787974
2.315 0.030461711184398974
2.3249999999999997 0.020727690755304673
2.335 0.013963831521572049
2.3449999999999998 0.0
2.355 0.0
2.3649999999999998 0.0
2.375 0.0
2.385 0.0
2.395 0.0
2.405 0.0
2.415 0.0
2.425 0.0
2.435 0.0
2.445 0.0
2.455 0.0
2.465 0.0
2.475 0.0
2.485 0.0
2.495 0.0
2.505 0.0
2.515 0.0
2.525 0.0
2.535 0.0
2.545 0.0
2.555 0.0
2.565 0.0
2.5749999999999997 0.0
2.585 0.0
2.5949999999999998 0.0
2.605 0.0
2.6149999999999998 0.0
2.625 0.0
2.635 0.0
2.645 0.0
2.655 0.0
2.665 0.0
2.675 0.0
2.685 0.0
2.695 0.0
2.705 0.0
2.715 0.005388290856050075
2.725 0.007998293762804446
2.735 0.0117544070609108
2.745 0.017102561357552778
2.755 0.024636479210786252
2.765 0.03513607004003124
2.775 0.04961177671326094
2.785 0.06935430625010701
2.795 0.0959884852808825
2.805 0.13152911570078793
2.815 0.17843568698298734
2.8249999999999997 0.23966167451714404
2.835 0.318692994368906
2.8449999999999998 0.41956910295207894
2.855 0.5468793652672832
2.8649999999999998 0.7057268321247555
2.875 0.9016516420231546
2.885 1.1405070683374985
2.895 1.4282829096564367
2.905 1.7708735577708354
2.915 2.1737916790442187
2.925 2.6418329098823974
2.935 3.1787020729067086
2.945 3.7866168180879765
2.955 4.465909818449782
2.965 5.2146551530904315
2.975 6.028347702274587
2.985 6.899665694112991
2.995 7.818345507962387
3.005 8.771194151142884
3.015 9.742258409164306
3.025 10.713160728564267
3.035 11.66360092347097
3.045 12.57201057765271
3.055 13.416334542595617
3.065 14.17490234432604
3.075 14.827342763650421
3.085 15.355488395163853
3.0949999999999998 15.744214434598891
3.105 15.98215776467272
3.1149999999999998 16.062268663846382
3.125 15.98215776467272
3.135 15.744214434598891
3.145 15.355488395163853
3.155 14.827342763650421
3.165 14.17490234432604
3.175 13.416334542595617
3.185 12.57201057765271
3.195 11.66360092347097
3.205 10.713160728564267
3.215 9.742258409164306
3.225 8.771194151142884
3.235 7.818345507962387
3.245 6.899665694112991
3.255 6.028347702274587
3.265 5.2146551530904315
3.275 4.465909818449782
3.285 3.7904670975669936
3.295 3.184417366895989
3.305 2.6502321877802903
3.315 2.1860125562746457
3.325 1.7884779026131372
3.335 1.4533898857018275
3.3449999999999998 1.1759578654269278
3.355 0.9512097429627949
3.3649999999999998 0.7743167625818251
3.375 0.6408653561139759
3.385 0.5470728480670162
3.395 0.4899466352639949
3.405 0.467388263356984
3.415 0.47824472667360324
3.425 0.5223095048519031
3.435 0.6002755796701693
3.445 0.7136422460160241
3.455 0.8645772413120187
3.465 1.0557358342689123
3.475 1.290039238930722
3.485 1.5704161661873515
3.495 1.899513496474533
3.505 2.2793848406639414
3.515 2.7111689213162378
3.525 3.1911790563073144
3.535 3.7262056304091757
3.545 4.307641155708506
3.555 4.930253756493993
3.565 5.586709417398079
3.575 6.267580898811903
3.585 6.9614686055731285
3.5949999999999998 7.655240596800854
3.605 8.334391087419526
3.6149999999999998 8.983508060403635
3.625 9.586831697287876
3.635 10.128877054243043
3.645 10.59508758832836
3.655 10.972481522931119
3.665 11.250251215136188
3.675 11.420276988693612
3.685 11.477521365319577
3.695 11.420276988693612
3.705 11.250251215136188
3.715 10.972481522931119
3.725 10.59508758832836
3.735 10.128877054243043
3.745 9.586831697287876
3.755 8.983508060403635
3.765 8.334391087419526
3.775 7.655240596800854
3.785 6.9614686055731285
3.795 6.267580898811903
3.805 5.586709417398079
3.815 4.930253756493993
3.825 4.307641155708506
3.835 3.7262056304091757
3.8449999999999998 3.1911790563073144
3.855 2.705780630460188
3.8649999999999998 2.271386546901137
3.875 1.8877590894136222
3.885 1.5533136048297986
3.895 1.2654027597199358
3.905 1.020599764228881
3.915 0.8149654645987578
3.925 0.6470830252095601
3.935 0.5084360750341035
3.945 0.39687779052611993
3.955 0.30868070634272904
3.965 0.2405063489278392
3.975 0.18947988749895198
3.985 0.15323902159296887
3.995 0.12996237316019882
4.005 0.11838234611048214
4.015 0.11778662210376967
4.025 0.1280113148188265
4.035 0.1494274471813927
4.045 0.1855671935420557
4.055 0.2337932949082845
4.065 0.2978563966044217
4.075 0.3801983656791972
4.085 0.48366598901294955
4.095 0.6088743355687172
4.1049999999999995 0.7652622890010876
4.115 0.9552358470250321
4.125 1.1785653340099667
4.135 1.4405958685972726
4.145 1.7446693884383853
4.155 2.093669331366074
4.165 2.489851442065617
4.175 2.934681435330627
4.185 3.42869057555698
4.195 3.9713603475313186
4.205 4.561046482127901
4.215 5.1949505974654215
4.225 5.869144674853977
4.235 6.578649694033256
4.245 7.317565316338361
4.255 8.07924294695876
4.265 8.856490315719872
4.275 9.641792391451988
4.285 10.427531441476347
4.295 11.206188706910066
4.305 11.970511661359202
4.315 12.713634124814865
4.325 13.42914136617061
4.335 14.111078290821762
4.345 14.75390525479446
4.355 15.352412257669368
4.365 15.901607514301748
4.375 16.39660003833091
4.385 16.83249739849445
4.395 17.204338969709887
4.405 17.507081800383972
4.415 17.735650935449407
4.425 17.885059197811586
4.435 17.95059375362998
4.445 17.92805908912803
4.455 17.814059138893043
4.465 17.606295973241778
4.475 17.30385925120384
4.485 16.907479920056467
4.495 16.419723470134905
4.505 15.845102244403199
4.515 15.190092425362627
4.525 14.46304876059676
4.535 13.674018112256142
4.545 12.834460762429153
4.555 11.956895361194768
4.565 11.054488871639613
4.575 10.140616423139821
4.585 9.228417411952883
4.595 8.332469022350407
4.605 7.461041943006947
4.615 6.625760641485778
4.625 5.835311720167859
4.635 5.096702035734671
4.645 4.415207361660801
4.655 3.794405172134899
4.665 3.236282548715378
4.675 2.743436367999692
4.685 2.312153624433709
4.695 1.9423202819665468
4.705 1.631815491320912
4.715 1.3781342789457083
4.725 1.180631106828421
4.735 1.031882273296478
4.745 0.9354369247764034
4.755 0.886913816728851
4.765 0.8852661590762474
4.775 0.9300441554570948
4.785 1.0213996133526475
4.795 1.160039583576041
4.805 1.3471328322112575
4.815 1.5841745331619674
4.825 1.8728159929041748
4.835 2.214667474099428
4.845 2.611083241379929
4.855 3.0611738010544727
4.865 3.5692449951592162
4.875 4.132006717429025
4.885 4.74770055665933
4.895 5.4133090903628664
4.905 6.124450833681762
4.915 6.875321529080804
4.925 7.656976041436233
4.935 8.464798582457991
4.945 9.28640681226818
4.955 10.110830749640288
4.965 10.926157511821422
4.975 11.71978322632797
4.985 12.478700789329004
4.995 13.189815721200851
5.005 13.84028139077944
5.015 14.417844086960862
5.025 14.911187763980243
5.035 15.310267752138884
5.045 15.60662232407505
5.055 15.793650797848642
5.065 15.866846943414954
5.075 15.823976966770887
5.085 15.665192408087266
5.095 15.393070013354546
5.105 15.012573076228122
5.115 14.530931872596618
5.125 13.95744450771125
5.135 13.303203554928567
5.145 12.58075799855687
5.155 11.80372386298822
5.165 10.98636016576565
5.175 10.143129152956087
5.185 9.288260911532692
5.195 8.43534225997355
5.205 7.596948274473847
5.215 6.784332023698119
5.225 6.007184288581794
5.235 5.2734705575130185
5.245 4.590988529611763
5.255 3.9615942214289532
5.265 3.389076534251703
5.275 2.874542820032295
5.285 2.4176981303789624
5.295 2.0170665712178897
5.305 1.6702347605741574
5.315 1.3757043213412936
5.325 1.1275114475713284
5.335 0.9230781303371135
5.345 0.7587950193632164
5.355 0.631276811077105
5.365 0.5375171482847304
5.375 0.47500829971162156
5.385 0.44182463197851596
5.395 0.43666994270274917
5.405 0.4574917578613285
5.415 0.5075246273411275
5.425 0.5852699224849678
5.435 0.6917840561904938
5.445 0.8284739406555606
5.455 0.9969608660449836
5.465 1.1989210023202896
5.475 1.4359072741342498
5.485 1.7078046047582063
5.495 2.018509451816779
5.505 2.3660830348235975
5.515 2.749714273538026
5.525 3.1675378702892623
5.535 3.6151874246412308
5.545 4.091480959486184
5.555 4.588930747617615
5.565 5.1007831993699355
5.575 5.619132301012204
5.585 6.135087037220346
5.595 6.638999540867141
5.605 7.120747290129387
5.615 7.570058799811054
5.625 7.976868819261554
5.635 8.331686345189247
5.645 8.625957031883946
5.655 8.852401013370125
5.665 9.005307834244093
5.675 9.080772112676259
5.685 9.076856624183772
5.695 8.993673498818513
5.705 8.833378890114073
5.715 8.600081469242001
5.725 8.299670062923663
5.735 7.939570332413135
5.745 7.528444259986358
5.755 7.075849105261128
5.765 6.5918742336421445
5.775 6.086774715082125
5.785 5.570619854523105
5.795 5.052972952638879
5.805 4.542615796610396
5.815 4.0473278988078185
5.825 3.5737266284704834
5.835 3.1271704217129335
5.845 2.711723497619515
5.855 2.3315135306266916
5.865 1.9861040769828004
5.875 1.6769650030937036
5.885 1.4037504684379252
5.895 1.165355987420968
5.905 0.960093822626491
5.915 0.7858687576225856
5.925 0.6403463567475092
5.935 0.5211073988974213
5.945 0.4257838062941086
5.955 0.35217293400121424
5.965 0.2983284329192366
5.975 0.26262698130580675
5.985 0.24381097469581545
5.995 0.2410077900493948
6.005 0.2537265505211452
6.015 0.2818334909762407
6.025 0.326773699432807
6.035 0.3870548537857614
6.045 0.46419477889576954
6.055 0.5578719117938169
6.065 0.6714191703670294
6.075 0.8039145023248074
6.085 0.9558452179988942
6.095 1.1273655087099443
6.105 1.3182032718189873
6.115 1.5275823214004585
6.125 1.7530990436520546
6.135 1.9953284175510881
6.1450000000000005 2.2514376251812904
6.155 2.5165698202638054
6.165 2.7881349539170737
6.175 3.062398972614914
6.185 3.3354495113050846
6.195 3.6033692706832543
6.205 3.8624206632232903
6.215 4.109229382233286
6.225 4.340953636042854
6.235 4.555426009117199
6.245 4.751256332762077
6.255 4.927886512617775
6.265 5.085591780883067
6.275 5.225427014162729
6.285 5.349121191802918
6.295 5.45892732854921
6.305 5.55743886884282
6.315 5.647386204933904
6.325 5.731428407709007
6.335 5.811955305814099
6.345 5.890913737818394
6.355 5.969669307479321
6.365 6.048911595353276
6.375 6.12860691089667
6.385 6.207998734656581
6.3950000000000005 6.285652408947131
6.405 6.3595377272251525
6.415 6.427141078007356
6.425 6.48559781752188
6.435 6.531835540074798
6.445 6.562719731025826
6.455 6.575194682430697
6.465 6.566414240476443
6.475 6.53385865459177
6.485 6.476538233539085
6.495 6.39119914656699
6.505 6.277638568876437
6.515 6.135565124489483
6.525 5.965370135009007
6.535 5.769232520903091
6.545 5.547296155499367
6.555 5.302823858427679
6.565 5.039015976979616
6.575 4.759681626587717
6.585 4.469166575532614
6.595 4.172264514737711
6.605 3.8741143246142205
6.615 3.580086769061097
6.625 3.295664589156261
6.635 3.0263201332976735
6.6450000000000005 2.777394405359712
6.655 2.553980767162102
6.665 2.3610114066671164
6.675 2.2032022283351766
6.685 2.0837792214923603
6.695 2.005954374399105
6.705 1.9722457513830973
6.715 1.9855177976075389
6.725 2.0450467835428077
6.735 2.1517196620393815
6.745 2.3048043316727194
6.755 2.5026602366926625
6.765 2.7427298637480746
6.775 3.0215518679292495
6.785 3.33480107856552
6.795 3.6773600468471335
6.805 4.043425382958448
6.815 4.426649922411695
6.825 4.820318901880134
6.835 5.216710301570699
6.845 5.610986395059069
6.855 5.99540522278284
6.865 6.364007047662148
6.875 6.711560633991006
6.885 7.033740038115528
6.8950000000000005 7.327251638448995
6.905 7.5899004799915355
6.915 7.820589085331132
6.925 8.019246929047128
6.935 8.186694350762968
6.945 8.324450272949889
6.955 8.43368407472161
6.965 8.518490911596347
6.975 8.579827473372742
6.985 8.61956582837384
6.995 8.639074247734328
