0.005 0.0
0.015 0.0
0.025 0.0
0.034999999999999996 0.0
0.045 0.0
0.055 0.0
0.065 0.0
0.07500000000000001 0.0
0.085 0.0
0.095 0.0
0.10500000000000001 0.0
0.115 0.0
0.125 0.0
0.135 0.0
0.14500000000000002 0.0
0.155 0.0
0.165 0.0
0.17500000000000002 0.0
0.185 0.0
0.195 0.0
0.20500000000000002 0.0
0.215 0.0
0.225 0.0
0.23500000000000001 0.0
0.245 0.0
0.255 0.0
0.265 0.0
0.275 0.0
0.28500000000000003 0.0
0.295 0.0
0.305 0.0
0.315 0.0
0.325 0.0
0.335 0.0
0.34500000000000003 0.0
0.35500000000000004 0.0
0.365 0.0
0.375 0.0
0.385 0.0
0.395 0.0
0.405 0.0
0.41500000000000004 0.0
0.425 0.0
0.435 0.0
0.445 0.0
0.455 0.0
0.465 0.0
0.47500000000000003 0.0
0.485 0.0
0.495 0.0
0.505 0.0
0.515 0.0
0.525 0.0
0.535 0.0
0.545 0.0
0.555 0.0
0.5650000000000001 0.0
0.5750000000000001 0.0
0.585 0.0
0.595 0.0
0.605 0.0
0.615 0.0
0.625 0.0
0.635 0.0
0.645 0.0
0.655 0.0
0.665 0.0
0.675 0.0
0.685 0.0
0.6950000000000001 0.0
0.7050000000000001 0.0
0.715 0.0
0.725 0.0
0.735 0.0
0.745 0.0
0.755 0.0
0.765 0.0
0.775 0.0
0.785 0.0
0.795 0.0
0.805 0.0
0.8150000000000001 0.0
0.8250000000000001 0.0
0.8350000000000001 0.0
0.845 0.0
0.855 0.0
0.865 0.0
0.875 0.0
0.885 0.0
0.895 0.0
0.905 0.0
0.915 0.0
0.925 0.0
0.935 0.0
0.9450000000000001 0.0
0.9550000000000001 0.0
0.965 0.0
0.975 0.0
0.985 0.0
0.995 0.0
1.005 0.0
1.015 0.0
1.025 0.0
1.035 0.0
1.045 0.0
1.055 0.0
1.065 0.0
1.075 0.0
1.085 0.0
1.095 0.0
1.105 0.0
1.115 0.0
1.125 0.0
1.135 0.0
1.145 0.0
1.155 0.0
1.1649999999999998 0.0
1.1749999999999998 0.0
1.1849999999999998 0.0
1.1949999999999998 0.0
1.2049999999999998 0.0
1.2149999999999999 0.0
1.2249999999999999 0.019799736216357538
1.2349999999999999 0.02939041542396539
1.2449999999999999 0.04319257542016427
1.255 0.06284482641158814
1.265 0.09052885278559857
1.275 0.12911049849711684
1.285 0.18230272240119536
1.295 0.2548483379806315
1.305 0.3527179098424543
1.315 0.4833150001029138
1.325 0.6556772134675684
1.335 0.8806573481982596
1.345 1.1710647014201967
1.355 1.5417426016743814
1.365 2.00955506369952
1.375 2.593253684735006
1.385 3.3131961781645494
1.395 4.1908908982926425
1.405 5.248347873013605
1.4149999999999998 6.507226549772443
1.4249999999999998 7.987783693239534
1.4349999999999998 9.707641280097523
1.4449999999999998 11.680412998358165
1.4549999999999998 13.914247792763971
1.4649999999999999 16.410368098830986
1.4749999999999999 19.161696955265576
1.4849999999999999 22.151679913771275
1.4949999999999999 25.35341249648738
1.505 28.72918015035982
1.515 32.23050409390766
1.525 35.79876287421624
1.535 39.36642659719146
1.545 42.87272110529079
1.555 46.21744466483378
1.565 49.32961956909274
1.575 52.13075958841384
1.585 54.54753179280181
1.595 56.515178911902325
1.605 57.9807152770496
1.615 58.90569671980032
1.625 59.268386008752735
1.635 59.065171043814246
1.645 58.311140190106904
1.655 57.03977372458769
1.665 55.30176754183024
1.6749999999999998 53.16305997221998
1.6849999999999998 50.70218012419405
1.6949999999999998 48.00707277923538
1.7049999999999998 45.171578043151015
1.7149999999999999 42.2917527117895
1.7249999999999999 39.46221521979665
1.7349999999999999 36.77267906854376
1.7449999999999999 34.30481378117411
1.755 32.12954130465762
1.765 30.30484304844221
1.775 28.87412169286568
1.785 27.865135000358833
1.795 27.28949755793645
1.805 27.142730989115613
1.815 27.404832991856527
1.825 28.041329105046316
1.835 29.004766476421082
1.845 30.236604176443365
1.855 31.669448216519836
1.865 33.22957049876868
1.875 34.839639416846175
1.885 36.42157660149564
1.895 37.89944098944383
1.905 39.20223013718529
1.915 40.266481822095606
1.9249999999999998 41.038558580875616
1.9349999999999998 41.476505462985514
1.9449999999999998 41.55138759501365
1.9549999999999998 41.248038800863235
1.9649999999999999 40.56518408980924
1.9749999999999999 39.514934972394464
1.9849999999999999 38.121694288550685
1.9949999999999999 36.42054321418104
2.005 34.45521411321628
2.015 32.27577614753514
2.025 29.936174056820484
2.035 27.478557318227192
2.045 24.98825630342976
2.0549999999999997 22.49753992664864
2.065 20.05354541180678
2.0749999999999997 17.697191711759004
2.085 15.462317990757446
2.0949999999999998 13.375249765172477
2.105 11.454766901527847
2.1149999999999998 9.712424737600102
2.125 8.153163134670933
2.135 6.776128808170238
2.145 5.575633630814294
2.155 4.5421749746360955
2.165 3.6634523455804104
2.175 2.9253261145980396
2.185 2.3126775518589002
2.195 1.8101432153300545
2.205 1.4027098412315766
2.215 1.0761673362825535
2.225 0.8174267085654978
2.235 0.61471653670263
2.245 0.45767587891275513
2.255 0.3373635882418242
2.265 0.24620419328237036
2.275 0.17788926422789225
2.285 0.12725096585544535
2.295 0.09012172401726248
2.305 0.0631909595370766
2.315 0.04386695247640448
2.3249999999999997 0.03014928613026589
2.335 0.02750470153504598
2.3449999999999998 0.0241958666399521
2.355 0.015247619870190774
2.3649999999999998 0.02218515600448947
2.375 0.031958027997442774
2.385 0.04557792127893882
2.395 0.06435556540526768
2.405 0.08996524389384958
2.415 0.12451465462222051
2.425 0.17061736484669238
2.435 0.23146378309805798
2.445 0.3108851081602448
2.455 0.4134032119399309
2.465 0.5442580096077195
2.475 0.7094027485381829
2.485 0.9154570207302665
2.495 1.1696074010080362
2.505 1.4794466575099525
2.515 1.8527446565938388
2.525 2.2971475045181715
2.535 2.825875611182687
2.545 3.435950808861074
2.555 4.136599446971203
2.565 4.931200528459489
2.5749999999999997 5.8208543713771395
2.585 6.803941207941322
2.5949999999999998 7.875755254044602
2.605 9.028252706379792
2.6149999999999998 10.249950003303281
2.625 11.52600292627596
2.635 12.83848764767381
2.645 14.166891962946432
2.655 15.488809412122553
2.665 16.78081192624768
2.675 18.019459482711106
2.685 19.182389677560863
2.695 20.249417822110715
2.705 21.20357069896544
2.715 22.03197568649115
2.725 22.731886153376518
2.735 23.292252492966337
2.745 23.71927647467141
2.755 24.020673808529136
2.765 24.208677206354917
2.775 24.29917636857315
2.785 24.3106255309402
2.795 24.26279895601199
2.805 24.17548891173113
2.815 24.067246767600174
2.8249999999999997 23.954265033242468
2.835 23.849486501383105
2.8449999999999998 23.762007055383968
2.855 23.696812886365176
2.8649999999999998 23.654863209995906
2.875 23.633498867615216
2.885 23.627128367636764
2.895 23.62811874044189
2.905 23.632587940453647
2.915 23.624599507663625
2.925 23.604615028860344
2.935 23.55981040608983
2.945 23.490341286665817
2.955 23.395965955771068
2.965 23.27922365912711
2.975 23.145185379738106
2.985 23.00097199735511
2.995 22.855102484445347
3.005 22.716749648883937
3.015 22.594987224388042
3.025 22.49810928140932
3.035 22.433091393676207
3.045 22.40524408052076
3.055 22.418084867546362
3.065 22.473428544876825
3.075 22.571668809740697
3.085 22.71220138151815
3.0949999999999998 22.893921450113666
3.105 23.11571891670136
3.1149999999999998 23.376894425984794
3.125 23.67742782265019
3.135 24.018047552267333
3.145 24.395411015920224
3.155 24.821950066976125
3.165 25.292045999663664
3.175 25.80589295929057
3.185 26.36172376327079
3.195 26.955040402963984
3.205 27.577954580132158
3.215 28.218727917923438
3.225 28.86158654215285
3.235 29.486861497674006
3.245 30.071477179505735
3.255 30.589777510980447
3.265 31.01464723787406
3.275 31.318856683717257
3.285 31.476535544472107
3.295 31.464667059417753
3.305 31.264489562788654
3.315 30.862698357615354
3.325 30.2523563735109
3.335 29.433445535453878
3.3449999999999998 28.40897159031575
3.355 27.20227921799063
3.3649999999999998 25.82755393258045
3.375 24.310215163307454
3.385 22.679642565830587
3.395 20.96780287523817
3.405 19.20780506477335
3.415 17.432479525517607
3.425 15.67306792379668
3.435 13.958095229950906
3.445 12.312476028292389
3.455 10.756885712810824
3.465 9.307405625052485
3.475 7.975431448391875
3.485 6.767817695168132
3.495 5.687218879280934
3.505 4.732580403994676
3.515 3.899729265643391
3.525 3.18201591424047
3.535 2.567392349418494
3.545 2.054527814250755
3.555 1.6279092239421935
3.565 1.277163603644122
3.575 0.9921124089080289
3.585 0.76308519692076
3.5949999999999998 0.5811426763109262
3.605 0.438217674910096
3.6149999999999998 0.327185594066939
3.625 0.24187745698506868
3.635 0.17704893579377656
3.645 0.12831803984992693
3.655 0.09208276256076758
3.665 0.06542819542614961
3.675 0.04603066720909995
3.685 0.03206454376153385
3.695 0.02211556622715339
3.705 0.01510309647157445
3.715 0.010107535044482502
3.725 0.00931241267214918
3.735 0.006735615824916436
3.745 0.009800263197419907
3.755 0.014117416419432602
3.765 0.02013398618583051
3.775 0.02842898553712057
3.785 0.03974202699324627
3.795 0.05500418329204711
3.805 0.07536999429751286
3.815 0.10519169596507204
3.825 0.14170144402288495
3.835 0.18904012481552432
3.8449999999999998 0.2526674428425452
3.855 0.3311400543125752
3.8649999999999998 0.42992127944931446
3.875 0.5529777630743864
3.885 0.704688236283654
3.895 0.88979240225124
3.905 1.11331241794921
3.915 1.3804454854909851
3.925 1.6964276372836928
3.935 2.0663706261264876
3.945 2.495075784822067
3.955 2.989587344354672
3.965 3.549287732406336
3.975 4.178804084139225
3.985 4.879837019762672
3.995 5.652828175734026
4.005 6.496819079466957
4.015 7.409347644521266
4.025 8.386387854675352
4.035 9.422335774774762
4.045 10.510042468702848
4.055 11.640891995273549
4.065 12.804920644856834
4.075 13.990972165117464
4.085 15.186883001121776
4.095 16.379691527931314
4.1049999999999995 17.555865754080777
4.115 18.701544800276118
4.125 19.80279033271712
4.135 20.84584477441857
4.145 21.817393302008043
4.155 22.707346173647746
4.165 23.500237972428412
4.175 24.18746999519812
4.185 24.760260306785913
4.195 25.211545112495173
4.205 25.536166697022388
4.215 25.73101919692707
4.225 25.79514370986911
4.235 25.72976629852414
4.245 25.53827542657416
4.255 25.226138945639587
4.265 24.80076448635876
4.275 24.27131049020506
4.285 23.650839713092378
4.295 22.947687983981652
4.305 22.176527505852853
4.315 21.351202564967956
4.325 20.486051479349253
4.335 19.595647352708013
4.345 18.69454805405224
4.355 17.79705444039586
4.365 16.91697417100054
4.375 16.06738809318786
4.385 15.260417216705406
4.395 14.506990592689373
4.405 13.818882143454402
4.415 13.200533123937179
4.425 12.65963574970528
4.435 12.200429483877123
4.445 11.825112404568237
4.455 11.533804916089611
4.465 11.32458602238267
4.475 11.193607466065156
4.485 11.135285301087745
4.495 11.14256215383564
4.505 11.207227279241376
4.515 11.320276278135424
4.525 11.472384796452662
4.535 11.65563942047427
4.545 11.861594935815273
4.555 12.078688044376756
4.565 12.301013924243207
4.575 12.524436239924604
4.585 12.74069781250229
4.595 12.947513615176224
4.605 13.142441703053336
4.615 13.32422770099729
4.625 13.49074228242382
4.635 13.647379023616331
4.645 13.792932139591752
4.655 13.927892861589523
4.665 14.059798372535187
4.675 14.189338896175897
4.685 14.32048222322037
4.695 14.457499720331004
4.705 14.606896088035104
4.715 14.770267330874182
4.725 14.953739053416447
4.735 15.162030069325427
4.745 15.399628618696017
4.755 15.670596318812333
4.765 15.978461451272597
4.775 16.32705505903866
4.785 16.716462924870317
4.795 17.148735923935178
4.805 17.619405643931326
4.815 18.12652467493379
4.825 18.66495462055822
4.835 19.22764288923987
4.845 19.805713958000034
4.855 20.38867855294999
4.865 20.964763974961745
4.875 21.52135917443357
4.885 22.04555774254518
4.895 22.52477166807359
4.905 22.947379559234243
4.915 23.303366109999807
4.925 23.5849058448281
4.935 23.786844307413414
4.945 23.90703422065103
4.955 23.946492666565938
4.965 23.90767675645666
4.975 23.801526215881175
4.985 23.635030122065295
4.995 23.419471872267227
5.005 23.167161055255004
5.015 22.890603680510445
5.025 22.60165081418262
5.035 22.31068828362419
5.045 22.02592760062896
5.055 21.75285076845632
5.065 21.49384985299287
5.075 21.248087175044166
5.085 21.01158505263408
5.095 20.775947896348875
5.105 20.535764095627886
5.115 20.277942900947593
5.125 19.990869265414577
5.135 19.66285302904656
5.145 19.282953308891596
5.155 18.84174093943521
5.165 18.33195026273249
5.175 17.7489812987956
5.185 17.09122544031731
5.195 16.360201247916798
5.205 15.560500569471387
5.215 14.69804762162633
5.225 13.786270537155673
5.235 12.834829297358377
5.245 11.85699973454729
5.255 10.86678946535627
5.265 9.878316650393206
5.275 8.905224186996898
5.285 7.960160786277699
5.295 7.054353027879557
5.305 6.197284185304039
5.315 5.396487094352642
5.325 4.657450264852228
5.335 3.9821916799593793
5.345 3.3756012493940677
5.355 2.8339417293696414
5.365 2.358854756206824
5.375 1.9453095274628844
5.385 1.5880036060858345
5.395 1.2856274337453755
5.405 1.0310886101741772
5.415 0.8191863662951471
5.425 0.6447100333590274
5.435 0.5026095177554644
5.445 0.3881249734285102
5.455 0.2968776802606284
5.465 0.22492592064520123
5.475 0.1687908143919045
5.485 0.1254576680699689
5.495 0.09235850000353196
5.505 0.0673411194142012
5.515 0.04729148456713421
5.525 0.033896489464251556
5.535 0.024058002440550345
5.545 0.016908161779297038
5.555 0.011766955793176798
5.565 0.008108894450365686
5.575 0.004226160276233693
5.585 0.0028756934486657702
5.595 0.0019372972753648686
5.605 0.0
5.615 0.0014450941474705283
5.625 0.0021450749068975873
5.635 0.0031524328037407256
5.645 0.00458676266460354
5.655 0.006607295870417224
5.665 0.009423197547502964
5.675 0.013305459948111189
5.685 0.01860023980542466
5.695 0.025743301913298784
5.705 0.03667780015792421
5.715 0.049937241468173084
5.725 0.06733541063083737
5.735 0.08992329560580159
5.745 0.11893881572754136
5.755 0.15581584352367436
5.765 0.20218603537230845
5.775 0.2598712355468729
5.785 0.33086425398157604
5.795 0.4172960426495512
5.805 0.5213877372935624
5.815 0.6453867036370033
5.825 0.7914866229453003
5.835 0.9617327394981536
5.845 1.1579146149839192
5.855 1.3814500104157044
5.865 1.6332647434649996
5.875 1.9136744347473722
5.885 2.2222748458473416
5.895 2.557847920890942
5.905 2.9182905917933257
5.915 3.3005728489086392
5.925 3.703344334222778
5.935 4.1177765045869315
5.945 4.540075201192921
5.955 4.965334940325703
5.965 5.384896901100658
5.975 5.792712739204699
5.985 6.183117817921511
5.995 6.5474461336711824
6.005 6.880406514790102
6.015 7.176650101473957
6.025 7.4318955864265455
6.035 7.643177324327805
6.045 7.809059669311951
6.055 7.929806004874752
6.065 8.007491785227558
6.075 8.046052139655846
6.085 8.051256223080898
6.095 8.030602561781098
6.105 7.994367766929479
6.115 7.950993424188277
6.125 7.912618618040728
6.135 7.892313946931451
6.1450000000000005 7.900128848136889
6.155 7.948403086235633
6.165 8.047691265578262
6.175 8.2070501868357
6.185 8.433539101833816
6.195 8.731777606560636
6.205 9.103589143582695
6.215 9.547755972747563
6.225 10.059907320570664
6.235 10.632556264362977
6.245 11.255292966683193
6.255 11.915132565520405
6.265 12.597005945118031
6.275 13.284371507775159
6.285 13.959916774063561
6.295 14.606311008343805
6.305 15.206964878599624
6.315 15.746751037439607
6.325 16.212640841615425
6.335 16.594217301398263
6.345 16.884032530700328
6.355 17.077788888470582
6.365 17.17433580637462
6.375 17.17548791440719
6.385 17.086819026211494
6.3950000000000005 16.913198366020353
6.405 16.663635240770184
6.415 16.347392030506334
6.425 15.973181542567367
6.435 15.552801436737532
6.445 15.093799924092082
6.455 14.604213834679255
6.465 14.092022143507561
6.475 13.561171541241457
6.485 13.016911579686157
6.495 12.462754645680814
6.505 11.901471509648033
6.515 11.335556273892118
6.525 10.767766020142261
6.535 10.199958822751173
6.545 9.635126599467263
6.555 9.07907654503791
6.565 8.53293607760183
6.575 8.003451262356883
6.585 7.496656599563516
6.595 7.020230802701631
6.605 6.5805888172204705
6.615 6.183946030245176
6.625 5.8380287913868045
6.635 5.549417772177857
6.6450000000000005 5.326167975304592
6.655 5.169993322576413
6.665 5.086390912941311
6.675 5.078287722091135
6.685 5.148540906017071
6.695 5.296116593180846
6.705 5.5213665177774764
6.715 5.822979231938524
6.725 6.198850750073143
6.735 6.645602241265326
6.745 7.162392338443986
6.755 7.743895531620659
6.765 8.385528666664754
6.775 9.08539650456305
6.785 9.838163250265795
6.795 10.638735745153005
6.805 11.484625509496311
6.815 12.370894675653371
6.825 13.290559736546612
6.835 14.238588875801074
6.845 15.208495547777167
6.855 16.192993735326787
6.865 17.183926892529943
6.875 18.172240532561016
6.885 19.14800816759772
6.8950000000000005 20.100516761736536
6.905 21.018413775774867
6.915 21.889089447362316
6.925 22.70251234694768
6.935 23.445655103842576
6.945 24.106355931478024
6.955 24.675972598473482
6.965 25.143900727624686
6.975 25.502198839712925
6.985 25.744644141534142
6.995 25.866956858157096
