0.005 0.0
0.015 0.0
0.025 0.0
0.034999999999999996 0.0
0.045 0.0
0.055 0.0
0.065 0.0
0.07500000000000001 0.0
0.085 0.0
0.095 0.0
0.10500000000000001 0.0
0.115 0.0
0.125 0.0
0.135 0.0
0.14500000000000002 0.0
0.155 0.0
0.165 0.0
0.17500000000000002 0.0
0.185 0.0
0.195 0.0
0.20500000000000002 0.0
0.215 0.0
0.225 0.0
0.23500000000000001 0.0
0.245 0.0
0.255 0.0
0.265 0.0
0.275 0.0
0.28500000000000003 0.0
0.295 0.0
0.305 0.0
0.315 0.0
0.325 0.0
0.335 0.0
0.34500000000000003 0.0
0.35500000000000004 0.0
0.365 0.0
0.375 0.0
0.385 0.0
0.395 0.0
0.405 0.0
0.41500000000000004 0.0
0.425 0.0
0.435 0.0
0.445 0.0
0.455 0.0
0.465 0.0
0.47500000000000003 0.0
0.485 0.0
0.495 0.0
0.505 0.0
0.515 0.0
0.525 0.0
0.535 0.0
0.545 0.0
0.555 0.0
0.5650000000000001 0.0
0.5750000000000001 0.0
0.585 0.0
0.595 0.0
0.605 0.0
0.615 0.0
0.625 0.0
0.635 0.0
0.645 0.0
0.655 0.0
0.665 0.0
0.675 0.0
0.685 0.0
0.6950000000000001 0.0
0.7050000000000001 0.0
0.715 0.0
0.725 0.0
0.735 0.0
0.745 0.0
0.755 0.0
0.765 0.0
0.775 0.0
0.785 0.0
0.795 0.0
0.805 0.0
0.8150000000000001 0.0
0.8250000000000001 0.0
0.8350000000000001 0.0
0.845 0.0
0.855 0.0
0.865 0.0
0.875 0.0
0.885 0.0
0.895 0.0
0.905 0.0
0.915 0.0
0.925 0.0
0.935 0.0
0.9450000000000001 0.0
0.9550000000000001 0.0
0.965 0.0
0.975 0.0
0.985 0.0
0.995 0.0
1.005 0.0
1.015 0.0
1.025 0.0
1.035 0.0
1.045 0.0
1.055 0.0
1.065 0.0
1.075 0.0
1.085 0.0
1.095 0.0
1.105 0.0
1.115 0.0
1.125 0.0
1.135 0.0
1.145 0.0
1.155 0.0
1.1649999999999998 0.0
1.1749999999999998 0.0
1.1849999999999998 0.0
1.1949999999999998 0.0
1.2049999999999998 0.0
1.2149999999999999 0.0
1.2249999999999999 0.0
1.2349999999999999 0.0
1.2449999999999999 0.0
1.255 0.0
1.265 0.0
1.275 0.0
1.285 0.0
1.295 0.0
1.305 0.0
1.315 0.0
1.325 0.0
1.335 0.0
1.345 0.0
1.355 0.0
1.365 0.0
1.375 0.0
1.385 0.0
1.395 0.0
1.405 0.0
1.4149999999999998 0.0
1.4249999999999998 0.0
1.4349999999999998 0.0
1.4449999999999998 0.0
1.4549999999999998 0.0
1.4649999999999999 0.0
1.4749999999999999 0.0
1.4849999999999999 0.0
1.4949999999999999 0.0
1.505 0.0
1.515 0.0
1.525 0.0
1.535 0.0
1.545 0.0
1.555 0.0
1.565 0.0
1.575 0.0
1.585 0.0
1.595 0.0
1.605 0.0
1.615 0.0
1.625 0.0
1.635 0.0
1.645 0.0
1.655 0.0
1.665 0.0
1.6749999999999998 0.0
1.6849999999999998 0.0
1.6949999999999998 0.0
1.7049999999999998 0.0
1.7149999999999999 0.0
1.7249999999999999 0.0
1.7349999999999999 0.0
1.7449999999999999 0.0
1.755 0.0
1.765 0.0
1.775 0.0
1.785 0.0
1.795 0.0
1.805 0.0
1.815 0.0
1.825 0.0
1.835 0.0
1.845 0.0
1.855 0.01028190771167404
1.865 0.01526230125971677
1.875 0.022429696509428998
1.885 0.03263501585371102
1.895 0.04701119749344248
1.905 0.06704646039975372
1.915 0.09466892623384911
1.9249999999999998 0.13234151520794432
1.9349999999999998 0.18316471278332266
1.9449999999999998 0.250983153130112
1.9549999999999998 0.34049002086964963
1.9649999999999999 0.4573211218996669
1.9749999999999999 0.6081282625600889
1.9849999999999999 0.8006195119143079
1.9949999999999999 1.0435522716416679
2.005 1.346664155928293
2.015 1.720526827343056
2.025 2.1763094707464132
2.035 2.7254417876792276
2.045 3.379171424942541
2.0549999999999997 4.148017622924307
2.065 5.041131389292927
2.0749999999999997 6.065582246703797
2.085 7.225601902936985
2.0949999999999998 8.521825162871812
2.105 9.950576994573249
2.1149999999999998 11.503260752725321
2.125 13.165905071478921
2.135 14.918924964971023
2.145 16.73714563532985
2.155 18.590125244229547
2.165 20.442795842720326
2.175 22.256420725000694
2.185 23.99766746165882
2.195 25.612591893571228
2.205 27.065541135225498
2.215 28.31829046873605
2.225 29.337035089727
2.235 30.094046429885385
2.245 30.569108708147017
2.255 30.750643912065286
2.265 30.636452065078128
2.275 30.234018227800803
2.285 29.56036605185476
2.295 28.641467301648298
2.305 27.511244926620584
2.315 26.21023154419988
2.3249999999999997 24.78396359662314
2.335 23.281202677396983
2.3449999999999998 21.75207910648954
2.355 20.246249125326447
2.3649999999999998 18.81114719245533
2.375 17.490400469899186
2.385 16.322455707717083
2.395 15.339451420356712
2.405 14.566352345713112
2.415 14.020350086649753
2.425 13.710524361103761
2.435 13.637753582131651
2.445 13.794861085896775
2.455 14.166983260955883
2.465 14.732146839007711
2.475 15.462043342126218
2.485 16.322987957143656
2.495 17.277047095531717
2.505 18.28331327034484
2.515 19.299297921165493
2.525 20.282403228666126
2.535 21.19142400563209
2.545 21.988021917893473
2.555 22.638108109468572
2.565 23.113068131049598
2.5749999999999997 23.390765858224167
2.585 23.45627124548697
2.5949999999999998 23.30227007167469
2.605 22.929131438319242
2.6149999999999998 22.344629286092367
2.625 21.563335811847516
2.635 20.60572543958143
2.645 19.497046018011535
2.655 18.2660275572355
2.665 16.936649114416547
2.675 15.556520268188661
2.685 14.146678486397242
2.695 12.73660155444699
2.705 11.35297541406517
2.715 10.018965638031576
2.725 8.753729696603848
2.735 7.572171335427854
2.745 6.4849224581667775
2.755 5.49852492377794
2.765 4.615775351139863
2.775 3.83619066763139
2.785 3.1565506362381637
2.795 2.571475504928163
2.805 2.0740015571254795
2.815 1.6561238810968981
2.8249999999999997 1.3092832637692138
2.835 1.0247819523962884
2.8449999999999998 0.794120441724651
2.855 0.609253927888607
2.8649999999999998 0.4627722995895011
2.875 0.3480113657954646
2.885 0.2591054546318765
2.895 0.19099268704152572
2.905 0.13938433806965725
2.915 0.10070899692462136
2.925 0.0720409811385445
2.935 0.05102088912610711
2.945 0.03577449250411531
2.955 0.024834532883216222
2.965 0.017068508194416365
2.975 0.011614277259953823
2.985 0.007824306760332926
2.995 0.0
3.005 0.0
3.015 0.0
3.025 0.0
3.035 0.0
3.045 0.0
3.055 0.0
3.065 0.0
3.075 0.0
3.085 0.0
3.0949999999999998 0.0
3.105 0.0
3.1149999999999998 0.0
3.125 0.0
3.135 0.0
3.145 0.0
3.155 0.0
3.165 0.0
3.175 0.0
3.185 0.0
3.195 0.0
3.205 0.0
3.215 0.0
3.225 0.0
3.235 0.0
3.245 0.0
3.255 0.0
3.265 0.0
3.275 0.0
3.285 0.0
3.295 0.0
3.305 0.0
3.315 0.0
3.325 0.0
3.335 0.0
3.3449999999999998 0.0
3.355 0.0
3.3649999999999998 0.0
3.375 0.0
3.385 0.0
3.395 0.0
3.405 0.0
3.415 0.0
3.425 0.0
3.435 0.0
3.445 0.0
3.455 0.0
3.465 0.0
3.475 0.0
3.485 0.0
3.495 0.0
3.505 0.0
3.515 0.0
3.525 0.0
3.535 0.0
3.545 0.0
3.555 0.0
3.565 0.0
3.575 0.0
3.585 0.0
3.5949999999999998 0.0
3.605 0.0
3.6149999999999998 0.0
3.625 0.0032272715744109475
3.635 0.0047905109048640565
3.645 0.007040203432808197
3.655 0.010243435551901514
3.665 0.01475581240408783
3.675 0.021044454188916772
3.685 0.029714557179658315
3.695 0.04153917951044656
3.705 0.05749149745135376
3.715 0.07877825968357798
3.725 0.10687255678005902
3.735 0.14354334803149305
3.745 0.19087849360170475
3.755 0.25129739199916734
3.765 0.327548804864034
3.775 0.4226891616398192
3.785 0.5400366817717384
3.795 0.683097134210486
3.805 0.8554580585373545
3.815 1.0606498512330285
3.825 1.3019742775380083
3.835 1.5823036436189712
3.8449999999999998 1.9038569218835872
3.855 2.267962355165073
3.8649999999999998 2.6748191951781664
3.875 3.1232739277665895
3.885 3.6106282492846042
3.895 4.132496845924217
3.905 4.682732408262566
3.915 5.253433104087045
3.925 5.83504388950339
3.935 6.41655768314186
3.945 6.985815859091279
3.955 7.529900195512996
3.965 8.03560094635399
3.975 8.489938763147828
3.985 8.880712475171581
3.995 9.197040867470376
4.005 9.429865065498484
4.015 9.572379225550876
4.025 9.620360976093046
4.035 9.572379225550876
4.045 9.429865065498484
4.055 9.197040867470376
4.065 8.880712475171581
4.075 8.489938763147828
4.085 8.03560094635399
4.095 7.529900195512996
4.1049999999999995 6.985815859091279
4.115 6.41655768314186
4.125 5.83504388950339
4.135 5.253433104087045
4.145 4.682732408262566
4.155 4.132496845924217
4.165 3.6106282492846042
4.175 3.1232739277665895
4.185 2.6748191951781664
4.195 2.2704386155090206
4.205 1.909998160956597
4.215 1.591365311881754
4.225 1.3152124436112977
4.235 1.0797974810228843
4.245 0.8828782049542808
4.255 0.7219740752880123
4.265 0.5946102048316816
4.275 0.4985363526974158
4.285 0.4319161498514583
4.295 0.3934835795981354
4.305 0.38266490846355306
4.315 0.399664793805096
4.325 0.4455152714969542
4.335 0.5220859166848362
4.345 0.6320528978749049
4.355 0.7788241686617097
4.365 0.9664179277862734
4.375 1.1992919693266852
4.385 1.4821228298099272
4.395 1.8195358254164629
4.405 2.2157901618982283
4.415 2.674427171145517
4.425 3.19789413085164
4.435 3.785008168775385
4.445 4.4399277273244895
4.455 5.1586920445974895
4.465 5.932513050727006
4.475 6.754939258604505
4.485 7.615394905954238
4.495 8.500756182776524
4.505 9.395598794347093
4.515 10.282600472517409
4.525 11.14309175253993
4.535 11.957736725340531
4.545 12.707314087204395
4.555 13.373558699206322
4.565 13.94001606737663
4.575 14.3928575473619
4.585 14.721603299192143
4.595 14.919703369018125
4.605 14.984934672051562
4.615 14.919582621251461
4.625 14.730389864982104
4.635 14.42826996727688
4.645 14.02779962828147
4.655 13.546517908052744
4.665 13.004073687806443
4.675 12.421272292819049
4.685 11.821100141633199
4.695 11.220633390178394
4.705 10.639750159994932
4.715 10.094497610729855
4.725 9.597824986937244
4.735 9.1591625628828
4.745 8.784211995327412
4.755 8.474951485995092
4.765 8.229846087530385
4.775 8.04619390757085
4.785 7.913808481998883
4.795 7.824969459595029
4.805 7.769508362804569
4.815 7.736871052557357
4.825 7.716855785834646
4.835 7.700286110669987
4.845 7.679581165314165
4.855 7.649193390619296
4.865 7.605892609862993
4.875 7.548885324921623
4.885 7.4797683198734495
4.895 7.402325634046742
4.905 7.322187067559551
4.915 7.24637407391325
4.925 7.182764733367547
4.935 7.139513174008224
4.945 7.124460153452921
4.955 7.144570535428564
4.965 7.205430255289391
4.975 7.310830374636062
4.985 7.462459401028786
4.995 7.659717695809096
5.005 7.898008439392385
5.015 8.17432981233876
5.025 8.482822644569177
5.035 8.812049832098104
5.045 9.151577040818324
5.055 9.489955076922767
5.065 9.81520293220821
5.075 10.115302081326856
5.085 10.378679086600517
5.095 10.594655609170182
5.105 10.753847803266146
5.115 10.848500523911431
5.125 10.872745560222079
5.135 10.822776999722329
5.145 10.6969406575077
5.155 10.495738134547565
5.165 10.221749407420354
5.175 9.879480832009468
5.185 9.475148018417327
5.195 9.01640516249218
5.205 8.512034058812315
5.215 7.973265443154084
5.225 7.407600872017896
5.235 6.826361084326672
5.245 6.239567448115986
5.255 5.656761423764944
5.265 5.0852813312112275
5.275 4.5364898840847525
5.285 4.015089195200942
5.295 3.5268476541005556
5.305 3.0763659363783438
5.315 2.6671124109361273
5.325 2.301502852223283
5.335 1.9810151990617446
5.345 1.7063284451669123
5.355 1.47747383103981
5.365 1.29398637314699
5.375 1.1550454041220455
5.385 1.0595941512208111
5.395 1.006430355052595
5.405 0.9942624019080266
5.415 1.0217282632538582
5.425 1.0873775412759685
5.435 1.1896199347384495
5.445 1.326646283474867
5.455 1.4963308398497919
5.465 1.6961253743701499
5.475 1.9229569880131285
5.485 2.174651584258661
5.495 2.4432195689916236
5.505 2.727873602881168
5.515 3.0210767801578724
5.525 3.316750796456346
5.535 3.608398855037766
5.545 3.8892999793040444
5.555 4.152745443772898
5.565 4.392305982090914
5.575 4.6021149990653525
5.585 4.7758484130832635
5.595 4.912637780495757
5.605 5.008010303438197
5.615 5.060928075510793
5.625 5.07194154482716
5.635 5.043215798703807
5.645 4.978472669808101
5.655 4.882849227106178
5.665 4.76267849921609
5.675 4.625203185508107
5.685 4.478237289912898
5.695 4.329793788189378
5.705 4.1876984302359395
5.715 4.059210504720355
5.725 3.950670869354199
5.735 3.8671958732503975
5.745 3.8124331258019444
5.755 3.7883915966957273
5.765 3.795354481202292
5.775 3.831878855916495
5.785 3.894881600693072
5.795 3.9798065827516584
5.805 4.080863890815639
5.815 4.191328165293244
5.825 4.303879981070129
5.835 4.410971975289159
5.845 4.505200123308145
5.855 4.5796603644820495
5.865 4.628271724559842
5.875 4.646049162966772
5.885 4.62931249966395
5.895 4.575821771000199
5.905 4.484833970690446
5.915 4.35708103097004
5.925 4.1946737325930545
5.935 4.000940638241558
5.945 3.7802147904421064
5.955 3.537583535317305
5.965 3.2786182527921377
5.975 3.009100927261787
5.985 2.734763429792823
5.995 2.461053259610641
6.005 2.1929365512625267
6.015 1.934745694360834
6.025 1.688969199226857
6.035 1.4609960097086283
6.045 1.2512191569574662
6.055 1.060900845618425
6.065 0.8905806631943759
6.075 0.740165404296713
6.085 0.6090337473493804
6.095 0.49614770788216017
6.105 0.40016368685595727
6.115 0.3195371941130304
6.125 0.2526167910379206
6.135 0.19772430878147818
6.1450000000000005 0.15321982892271846
6.155 0.1175511644037923
6.165 0.08928858753375586
6.175 0.06714629057342833
6.185 0.05119828040651309
6.195 0.03864045602660215
6.205 0.029523507417036375
6.215 0.023258143121243063
6.225 0.01941273195055361
6.235 0.017706565859602036
6.245 0.018004134306312487
6.255 0.020311163820762368
6.265 0.024772736214662586
6.275 0.031673362851605054
6.285 0.042608413283756114
6.295 0.055366104274614365
6.305 0.07386661682343529
6.315 0.09876055844916014
6.325 0.12944643620441645
6.335 0.1680800025746332
6.345 0.21621633743946492
6.355 0.2755732477436016
6.365 0.3480117029934751
6.375 0.4355056062314466
6.385 0.540100305197088
6.3950000000000005 0.6638598539299826
6.405 0.80880373979335
6.415 0.9768345445539285
6.425 1.1696587471175977
6.435 1.3887035288710858
6.445 1.63503294038281
6.455 1.9092670711010327
6.465 2.2115078923955553
6.475 2.5412752075842446
6.485 2.8974556619250453
6.495 3.278267095177419
6.505 3.6812397410247604
6.515 4.1032149902343535
6.525 4.540361739117067
6.535 4.988209828318097
6.545 5.4416997949860075
6.555 5.895248125875659
6.565 6.342827371472762
6.575 6.778060774633621
6.585 7.194331356510209
6.595 7.584905543942454
6.605 7.943071278565892
6.615 8.262290014454564
6.625 8.536361041958056
6.635 8.759595199624101
6.6450000000000005 8.926993364716889
6.655 9.034423332006119
6.665 9.078787041500599
6.675 9.058168863839642
6.685 8.971955048122966
6.695 8.82091467846462
6.705 8.607233681991707
6.715 8.334495580375622
6.725 8.007605657193274
6.735 7.632658790624591
6.745 7.216755054161139
6.755 6.76777094641174
6.765 6.294097399499811
6.775 5.8043582004760275
6.785 5.307123890730879
6.795 4.810636445967214
6.805 4.322559072209209
6.815 3.8497633949896453
6.825 3.398163390316463
6.835 2.972601906056937
6.845 2.576791889887499
6.855 2.2133108140476003
6.865 1.8836435703184016
6.875 1.5882665375628346
6.885 1.3279232632178908
6.8950000000000005 1.0996863477619208
6.905 0.9026265333857331
6.915 0.7357851928131117
6.925 0.594988975082344
6.935 0.47856168754372697
6.945 0.38407158875474845
6.955 0.3092278984439145
6.965 0.2519781216935605
6.975 0.21058631513425474
6.985 0.18369293650374852
6.995 0.1695531550968154
