0.005 0.0
0.015 0.0
0.025 0.0
0.034999999999999996 0.0
0.045 0.0
0.055 0.0
0.065 0.0
0.07500000000000001 0.0
0.085 0.0
0.095 0.0
0.10500000000000001 0.0
0.115 0.0
0.125 0.0
0.135 0.0
0.14500000000000002 0.0
0.155 0.0
0.165 0.0
0.17500000000000002 0.0
0.185 0.0
0.195 0.0
0.20500000000000002 0.0
0.215 0.0
0.225 0.0
0.23500000000000001 0.0
0.245 0.0
0.255 0.0
0.265 0.0
0.275 0.0
0.28500000000000003 0.0
0.295 0.0
0.305 0.0
0.315 0.0
0.325 0.0
0.335 0.0
0.34500000000000003 0.0
0.35500000000000004 0.0
0.365 0.0
0.375 0.0
0.385 0.0
0.395 0.0
0.405 0.0
0.41500000000000004 0.0
0.425 0.0
0.435 0.0
0.445 0.0
0.455 0.0
0.465 0.0
0.47500000000000003 0.0
0.485 0.0
0.495 0.0
0.505 0.0
0.515 0.0
0.525 0.0
0.535 0.0
0.545 0.0
0.555 0.0
0.5650000000000001 0.0
0.5750000000000001 0.0
0.585 0.0
0.595 0.0
0.605 0.0
0.615 0.0
0.625 0.0
0.635 0.0
0.645 0.0
0.655 0.0
0.665 0.0
0.675 0.0
0.685 0.0
0.6950000000000001 0.0
0.7050000000000001 0.0
0.715 0.0
0.725 0.0
0.735 0.0
0.745 0.0
0.755 0.0
0.765 0.0
0.775 0.0
0.785 0.0
0.795 0.0
0.805 0.0
0.8150000000000001 0.0
0.8250000000000001 0.0
0.8350000000000001 0.0
0.845 0.0
0.855 0.0
0.865 0.0
0.875 0.0
0.885 0.0
0.895 0.0
0.905 0.0
0.915 0.0
0.925 0.0
0.935 0.0
0.9450000000000001 0.0
0.9550000000000001 0.0
0.965 0.0
0.975 0.0
0.985 0.0
0.995 0.0
1.005 0.0
1.015 0.0
1.025 0.0
1.035 0.0
1.045 0.0
1.055 0.0
1.065 0.0
1.075 0.0
1.085 0.0
1.095 0.0
1.105 0.0
1.115 0.0
1.125 0.0
1.135 0.0
1.145 0.0
1.155 0.0
1.1649999999999998 0.0
1.1749999999999998 0.0
1.1849999999999998 0.0
1.1949999999999998 0.0
1.2049999999999998 0.0
1.2149999999999999 0.0
1.2249999999999999 0.0
1.2349999999999999 0.0
1.2449999999999999 0.0
1.255 0.0
1.265 0.0
1.275 0.0
1.285 0.0
1.295 0.0
1.305 0.0
1.315 0.0
1.325 0.0
1.335 0.0
1.345 0.0
1.355 0.0
1.365 0.0
1.375 0.0
1.385 0.0
1.395 0.0
1.405 0.0
1.4149999999999998 0.0
1.4249999999999998 0.0
1.4349999999999998 0.0
1.4449999999999998 0.0
1.4549999999999998 0.0
1.4649999999999999 0.0
1.4749999999999999 0.0
1.4849999999999999 0.0
1.4949999999999999 0.0
1.505 0.0
1.515 0.0
1.525 0.0
1.535 0.0
1.545 0.0
1.555 0.0
1.565 0.0
1.575 0.0
1.585 0.0
1.595 0.0
1.605 0.0
1.615 0.0
1.625 0.0
1.635 0.0
1.645 0.0
1.655 0.0
1.665 0.0
1.6749999999999998 0.0
1.6849999999999998 0.0
1.6949999999999998 0.0
1.7049999999999998 0.0
1.7149999999999999 0.0
1.7249999999999999 0.0
1.7349999999999999 0.0
1.7449999999999999 0.0
1.755 0.0
1.765 0.0
1.775 0.0
1.785 0.0
1.795 0.0
1.805 0.0
1.815 0.0
1.825 0.0
1.835 0.0
1.845 0.0
1.855 0.0
1.865 0.0
1.875 0.0
1.885 0.0
1.895 0.0
1.905 0.0
1.915 0.0
1.9249999999999998 0.0
1.9349999999999998 0.0
1.9449999999999998 0.0
1.9549999999999998 0.0
1.9649999999999999 0.0
1.9749999999999999 0.0
1.9849999999999999 0.0
1.9949999999999999 0.0
2.005 0.0
2.015 0.0
2.025 0.0
2.035 0.0
2.045 0.0
2.0549999999999997 0.0
2.065 0.008604647085769121
2.0749999999999997 0.01277260210256939
2.085 0.01877079897200526
2.0949999999999998 0.02731135134979181
2.105 0.03934238420086011
2.1149999999999998 0.05610934724057606
2.125 0.07922583270282575
2.135 0.11075299108815895
2.145 0.1532855338000451
2.155 0.2100409299245253
2.165 0.2849467771902891
2.175 0.38271952726698283
2.185 0.5089258947802348
2.195 0.6700165517126306
2.205 0.8733203277864522
2.215 1.1269863657365486
2.225 1.4398618005563317
2.235 1.8212938172872342
2.245 2.2808476202485983
2.255 2.8279360571319545
2.265 3.4713623922426153
2.275 4.2187848533797245
2.285 5.0761197305179
2.295 6.046908424050791
2.305 7.131682184803443
2.315 8.327365479157333
2.3249999999999997 9.6267640099898
2.335 11.01818552370269
2.3449999999999998 12.485239881787006
2.355 14.006858985090647
2.3649999999999998 15.557566892496327
2.375 17.108016197550274
2.385 18.625789211625627
2.395 20.07644298892922
2.405 21.42475731317057
2.415 22.636126260930524
2.425 23.678018709344663
2.435 24.521422840723556
2.445 25.14218561536695
2.455 25.52216109115239
2.465 25.650091455998787
2.475 25.52216109115239
2.485 25.14218561536695
2.495 24.521422840723556
2.505 23.678018709344663
2.515 22.636126260930524
2.525 21.42475731317057
2.535 20.07644298892922
2.545 18.625789211625627
2.555 17.108016197550274
2.565 15.557566892496327
2.5749999999999997 14.006858985090647
2.585 12.485239881787006
2.5949999999999998 11.01818552370269
2.605 9.6267640099898
2.6149999999999998 8.327365479157333
2.625 7.131682184803443
2.635 6.046908424050791
2.645 5.0761197305179
2.655 4.2187848533797245
2.665 3.4713623922426153
2.675 2.8279360571319545
2.685 2.2808476202485983
2.695 1.8212938172872342
2.705 1.4398618005563317
2.715 1.1269863657365486
2.725 0.8733203277864522
2.735 0.6700165517126306
2.745 0.5089258947802348
2.755 0.38271952726698283
2.765 0.2849467771902891
2.775 0.2100409299245253
2.785 0.1532855338000451
2.795 0.11075299108815895
2.805 0.07922583270282575
2.815 0.05610934724057606
2.8249999999999997 0.03934238420086011
2.835 0.02731135134979181
2.8449999999999998 0.01877079897200526
2.855 0.01277260210256939
2.8649999999999998 0.008604647085769121
2.875 0.0
2.885 0.0
2.895 0.0
2.905 0.0
2.915 0.0
2.925 0.0
2.935 0.0
2.945 0.0
2.955 0.0
2.965 0.0
2.975 0.0
2.985 0.0
2.995 0.0
3.005 0.0
3.015 0.0
3.025 0.0
3.035 0.0
3.045 0.0
3.055 0.0
3.065 0.0
3.075 0.0
3.085 0.0
3.0949999999999998 0.0
3.105 0.0
3.1149999999999998 0.0
3.125 0.0
3.135 0.0
3.145 0.0
3.155 0.0
3.165 0.0
3.175 0.0
3.185 0.0
3.195 0.0
3.205 0.0
3.215 0.0
3.225 0.0
3.235 0.0
3.245 0.0
3.255 0.0
3.265 0.0
3.275 0.0
3.285 0.0
3.295 0.0
3.305 0.0
3.315 0.003788345735583057
3.325 0.005623360519642148
3.335 0.008264171154292822
3.3449999999999998 0.012024298078431445
3.355 0.017321169820142198
3.3649999999999998 0.02470311730701104
3.375 0.03488055262186727
3.385 0.04876093316898565
3.395 0.06748662583249548
3.405 0.09247417741204796
3.415 0.1254527812096176
3.425 0.16849893721313985
3.435 0.22406348848485774
3.445 0.2949864557081633
3.455 0.3844944838050939
3.465 0.49617537478780654
3.475 0.6339242339163242
3.485 0.8018563221930393
3.495 1.0041828874044059
3.505 1.2450480996780835
3.515 1.5283277494396208
3.525 1.8573935048510954
3.535 2.234850115610248
3.545 2.662256744916399
3.555 3.139847285197387
3.565 3.6662676792150433
3.575 4.238350512367296
3.585 4.850948066378611
3.5949999999999998 5.496844297324436
3.605 6.166763607637069
3.6149999999999998 6.849489770557921
3.625 7.532102079289675
3.635 8.200328081837165
3.645 8.839003671466452
3.655 9.432622534570436
3.665 9.965948810676968
3.675 10.42466010639225
3.685 10.795983463716993
3.695 11.069285086280729
3.705 11.236575907039505
3.715 11.292899478161782
3.725 11.236575907039505
3.735 11.069285086280729
3.745 10.795983463716993
3.755 10.427688590086335
3.765 9.970444243994928
3.775 9.439229087755594
3.785 8.848616149631075
3.795 8.214174991286333
3.805 7.551850273667666
3.815 6.877374021951281
3.825 6.205744128771544
3.835 5.550794533170849
3.8449999999999998 4.924873879375484
3.855 4.338640118646417
3.8649999999999998 3.8009692929107994
3.875 3.3189683762166915
3.885 2.8980751557590683
3.895 2.5422231369614128
3.905 2.254046592196517
3.915 2.035100187780651
3.925 1.886069000687801
3.935 1.8069479232926515
3.945 1.7971741024074679
3.955 1.855701756733047
3.965 1.9810150213131774
3.975 2.171080927137109
3.985 2.423250796978355
3.995 2.734123807377753
4.005 3.0993908514224984
4.015 3.5136798102142235
4.025 3.9704246458411876
4.035 4.4617802002027505
4.045 4.9786021711480215
4.055 5.510507523014289
4.065 6.046024802666352
4.075 6.5728368527520225
4.085 7.078110753586347
4.095 7.548902099228479
4.1049999999999995 7.972613592092488
4.115 8.337482087581378
4.125 8.630537486155587
4.135 8.849020582808215
4.145 8.982756402662025
4.155 9.027782656505286
4.165 8.982756402662025
4.175 8.849020582808215
4.185 8.630537486155587
4.195 8.333693741845796
4.205 7.966990231572845
4.215 7.540637928074186
4.225 7.068530695593254
4.235 6.559143874273373
4.245 6.026653727315727
4.255 5.483385045661348
4.265 4.9410168540802
4.275 4.41023202185341
4.285 3.9004553956105084
4.295 3.419687575577932
4.305 2.9744342748061463
4.315 2.5697246439216914
4.325 2.2115483314312354
4.335 1.898778173965324
4.345 1.6345141102465721
4.355 1.4195359048393523
4.365 1.254101142027578
4.375 1.138168254844388
4.385 1.07159113746777
4.395 1.0542729893587615
4.405 1.0862705333992757
4.415 1.1678434400536464
4.425 1.2994474898410344
4.435 1.4816735660208562
4.445 1.7151378637470411
4.455 2.000331622874875
4.465 2.337441138492106
4.475 2.726150678234743
4.485 3.165442144510649
4.495 3.6534057799417394
4.505 4.187075865977705
4.515 4.762304185993701
4.525 5.373682045263109
4.535 6.014518952205456
4.545 6.676882822853345
4.555 7.3517029846510304
4.565 8.026913649474583
4.575 8.696437610772094
4.585 9.34604755026347
4.595 9.964320147082422
4.605 10.539933672038304
4.615 11.061999602484942
4.625 11.520386405391069
4.635 11.906022907217771
4.645 12.211170047099323
4.655 12.429651595034887
4.665 12.557036421436692
4.675 12.590766964066997
4.685 12.530230533428469
4.695 12.376771963622252
4.705 12.133647841947061
4.715 11.80592416763708
4.725 11.400320849025153
4.735 10.925007995936292
4.745 10.389360520411698
4.755 9.80367910122635
4.765 9.178887024420591
4.775 8.526213667955728
4.785 7.856876310782023
4.795 7.181772368345003
4.805 6.511193964185037
4.815 5.854575865358219
4.825 5.220286229387034
4.835 4.615467399485341
4.845 4.045931282960906
4.855 3.51611085408135
4.865 3.029066272737775
4.875 2.5865412479163403
4.885 2.189062824183587
4.895 1.8360759087988738
4.905 1.5261027019416404
4.915 1.256916785463444
4.925 1.025721936813364
4.935 0.8293266713696832
4.945 0.664306937864828
4.955 0.5271511295531645
4.965 0.4143834525207027
4.975 0.32266354770578376
4.985 0.24886195660244373
4.995 0.1901124499294951
5.005 0.14384334149667613
5.015 0.10779066298009231
5.025 0.08354951242096974
5.035 0.062439626125063194
5.045 0.04946962059696978
5.055 0.04142035033639619
5.065 0.037807634915181285
5.075 0.038439557146010744
5.085 0.04342142893095581
5.095 0.05316517670983713
5.105 0.06840323947332975
5.115 0.09020612575896937
5.125 0.12000180346710207
5.135 0.15803215123226783
5.145 0.21014515393101996
5.155 0.2766625413249659
5.165 0.36061052620052364
5.175 0.46535404414455345
5.185 0.5945462449851692
5.195 0.7520467586989545
5.205 0.9418052395571624
5.215 1.1677084308899195
5.225 1.4333913674861989
5.235 1.7420162768455163
5.245 2.0960261073031177
5.255 2.4968831702455674
5.265 2.9448068292139045
5.275 3.4385271380483555
5.285 3.9750734350243513
5.295 4.549617766883105
5.305 5.15539233458894
5.315 5.7836977204373134
5.325 6.42401442517983
5.335 7.064224348106821
5.345 7.690941610770267
5.355 8.289944067628388
5.365 8.846688623409838
5.375 9.346885836020132
5.385 9.777102987863236
5.395 10.125360549194852
5.405 10.381685271851016
5.415 10.540130560342783
5.425 10.593704393024383
5.435 10.541957362398414
5.445 10.386592972753594
5.455 10.132430161092822
5.465 9.787185531585399
5.475 9.361122286120436
5.485 8.866590331947256
5.495 8.317488642151552
5.505 7.728684820476982
5.515 7.1154277300886575
5.525 6.492787037173516
5.535 5.875148928441249
5.545 5.27579065517982
5.555 4.706548667372953
5.565 4.177586739235523
5.575 3.6972624517160932
5.585 3.2720833962530813
5.595 2.906739049626018
5.605 2.6041907953944565
5.615 2.36580116860683
5.625 2.191483999650031
5.635 2.0798594652343843
5.645 2.028401708199055
5.655 2.0335711566313
5.665 2.090928410581325
5.675 2.195231039817065
5.685 2.3405183801508525
5.695 2.520192063243641
5.705 2.7271013309800507
5.715 2.95364208288096
5.725 3.1918771452435766
5.735 3.4336826341588305
5.745 3.670921827749142
5.755 3.897024167970688
5.765 4.102350900152468
5.775 4.280990109086873
5.785 4.426991657368799
5.795 4.535501162734489
5.805 4.602943386645244
5.815 4.627162667503682
5.825 4.607509902841657
5.835 4.54249916933866
5.845 4.440054501695365
5.855 4.300513553556085
5.865 4.128972967772977
5.875 3.93153885707922
5.885 3.715091512385476
5.895 3.487024902974214
5.905 3.254974953497494
5.915 3.0265498685596928
5.925 2.8090741282983767
5.935 2.6093554680756585
5.945 2.4334815055119305
5.955 2.2866500217712518
5.965 2.173034541195088
5.975 2.095685013809193
5.985 2.056462222019974
5.995 2.056004029952413
6.005 2.093721688819399
6.015 2.167824932454898
6.025 2.2753753111764468
6.035 2.412367863172603
6.045 2.5738415700750803
6.055 2.754018899393513
6.065 2.9464739953053343
6.075 3.144327735233596
6.085 3.340466021164081
6.095 3.527775513798683
6.105 3.69938880626241
6.115 3.8489290698226797
6.125 3.970742780649298
6.135 4.060108503626686
6.1450000000000005 4.113410036868499
6.155 4.128263574315275
6.165 4.103590872053244
6.175 4.039633541001492
6.185 3.937907271845162
6.195 3.801098698054698
6.205 3.6329113612146657
6.215 3.4378705139529724
6.225 3.2200677005732006
6.235 2.987396834743748
6.245 2.7439606910941627
6.255 2.495283585725775
6.265 2.2465650030359035
6.275 2.0025119837921523
6.285 1.767210623085108
6.295 1.5440400406935846
6.305 1.3356290566555666
6.315 1.1438529956079486
6.325 0.9698657533780818
6.335 0.8141606158768474
6.345 0.6778015965053349
6.355 0.5584789114440794
6.365 0.45608064509584795
6.375 0.3706126660653742
6.385 0.2990632593570401
6.3950000000000005 0.24091863910852404
6.405 0.19495441545362885
6.415 0.16007218447816937
6.425 0.13536436613803304
6.435 0.1201672399513907
6.445 0.11521863385359199
6.455 0.11876606845965794
6.465 0.13189882179923199
6.475 0.15533423792377432
6.485 0.1901685044436443
6.495 0.23787238070762073
6.505 0.30027449175903365
6.515 0.3795301164694499
6.525 0.47807322185745127
6.535 0.5985496336899898
6.545 0.7437297390797636
6.555 0.9164000130345207
6.565 1.1183134380822133
6.575 1.3540366114941569
6.585 1.624224598849417
6.595 1.930306640067122
6.605 2.2729380161090376
6.615 2.6518396402234115
6.625 3.0656557995790714
6.635 3.511841009611391
6.6450000000000005 3.9865865986367996
6.655 4.48479643933727
6.665 5.000119182110694
6.675 5.525041500546621
6.685 6.0510433914394195
6.695 6.568812714269261
6.705 7.068512196582816
6.715 7.540088389963295
6.725 7.973608852337956
6.735 8.359611438368058
6.745 8.689448219297974
6.755 8.956722246765906
6.765 9.153645681587108
6.775 9.276577823182848
6.785 9.322961946692992
6.795 9.292164103167293
6.805 9.185492083150425
6.815 9.006139686914523
6.825 8.760200243199955
6.835 8.452475088613161
6.845 8.091657662087083
6.855 7.687916684137594
6.865 7.24932433110233
6.875 6.78702635837253
6.885 6.31162647876944
6.8950000000000005 5.833680865227652
6.905 5.363452583904456
6.915 4.910698986078575
6.925 4.484495767720064
6.935 4.09309863888252
6.945 3.743841021555619
6.955 3.4430640806898545
6.965 3.196073818268036
6.975 3.00711901034993
6.985 2.8793834796812847
6.995 2.8149865597487578
