0.005 0.0
0.015 0.0
0.025 0.0
0.034999999999999996 0.0
0.045 0.0
0.055 0.0
0.065 0.0
0.07500000000000001 0.0
0.085 0.0
0.095 0.0
0.10500000000000001 0.0
0.115 0.0
0.125 0.0
0.135 0.0
0.14500000000000002 0.0
0.155 0.0
0.165 0.0
0.17500000000000002 0.0
0.185 0.0
0.195 0.0
0.20500000000000002 0.0
0.215 0.0
0.225 0.0
0.23500000000000001 0.0
0.245 0.0
0.255 0.0
0.265 0.0
0.275 0.0
0.28500000000000003 0.0
0.295 0.0
0.305 0.0
0.315 0.0
0.325 0.0
0.335 0.0
0.34500000000000003 0.0
0.35500000000000004 0.0
0.365 0.0
0.375 0.0
0.385 0.0
0.395 0.0
0.405 0.0
0.41500000000000004 0.0
0.425 0.0
0.435 0.0
0.445 0.0
0.455 0.0
0.465 0.0
0.47500000000000003 0.0
0.485 0.0
0.495 0.0
0.505 0.0
0.515 0.0
0.525 0.0
0.535 0.0
0.545 0.0
0.555 0.0
0.5650000000000001 0.0
0.5750000000000001 0.0
0.585 0.0
0.595 0.0
0.605 0.0
0.615 0.0
0.625 0.0
0.635 0.0
0.645 0.0
0.655 0.0
0.665 0.0
0.675 0.0
0.685 0.0
0.6950000000000001 0.0
0.7050000000000001 0.0
0.715 0.0
0.725 0.0
0.735 0.0
0.745 0.0
0.755 0.0
0.765 0.0
0.775 0.0
0.785 0.0
0.795 0.0
0.805 0.0
0.8150000000000001 0.0
0.8250000000000001 0.0
0.8350000000000001 0.0
0.845 0.0
0.855 0.0
0.865 0.0
0.875 0.0
0.885 0.0
0.895 0.0
0.905 0.0
0.915 0.0
0.925 0.0
0.935 0.0
0.9450000000000001 0.0
0.9550000000000001 0.0
0.965 0.0
0.975 0.0
0.985 0.0
0.995 0.0
1.005 0.0
1.015 0.0
1.025 0.0
1.035 0.0
1.045 0.0
1.055 0.0
1.065 0.0
1.075 0.0
1.085 0.0
1.095 0.0
1.105 0.0
1.115 0.0
1.125 0.0
1.135 0.0
1.145 0.0
1.155 0.0
1.1649999999999998 0.0
1.1749999999999998 0.0
1.1849999999999998 0.0
1.1949999999999998 0.0
1.2049999999999998 0.0
1.2149999999999999 0.0
1.2249999999999999 0.0
1.2349999999999999 0.0
1.2449999999999999 0.0
1.255 0.0
1.265 0.0
1.275 0.0
1.285 0.0
1.295 0.0
1.305 0.0
1.315 0.0
1.325 0.0
1.335 0.0
1.345 0.0
1.355 0.0
1.365 0.0
1.375 0.0
1.385 0.0
1.395 0.0
1.405 0.0
1.4149999999999998 0.0
1.4249999999999998 0.0
1.4349999999999998 0.0
1.4449999999999998 0.0
1.4549999999999998 0.0
1.4649999999999999 0.0
1.4749999999999999 0.0
1.4849999999999999 0.0
1.4949999999999999 0.0
1.505 0.0
1.515 0.0
1.525 0.0
1.535 0.0
1.545 0.0
1.555 0.0
1.565 0.0
1.575 0.0
1.585 0.0
1.595 0.0
1.605 0.0
1.615 0.0
1.625 0.0
1.635 0.0
1.645 0.0
1.655 0.0
1.665 0.0
1.6749999999999998 0.0
1.6849999999999998 0.0
1.6949999999999998 0.0
1.7049999999999998 0.0
1.7149999999999999 0.0
1.7249999999999999 0.0
1.7349999999999999 0.0
1.7449999999999999 0.0
1.755 0.0
1.765 0.0
1.775 0.0
1.785 0.0
1.795 0.0
1.805 0.0
1.815 0.0
1.825 0.0
1.835 0.0
1.845 0.0
1.855 0.0
1.865 0.0
1.875 0.0
1.885 0.0
1.895 0.0
1.905 0.0
1.915 0.0
1.9249999999999998 0.0
1.9349999999999998 0.0
1.9449999999999998 0.0
1.9549999999999998 0.0
1.9649999999999999 0.0
1.9749999999999999 0.0
1.9849999999999999 0.0
1.9949999999999999 0.0
2.005 0.0
2.015 0.0
2.025 0.0
2.035 0.0
2.045 0.0
2.0549999999999997 0.0
2.065 0.0
2.0749999999999997 0.0
2.085 0.0
2.0949999999999998 0.0
2.105 0.0
2.1149999999999998 0.0
2.125 0.0
2.135 0.0
2.145 0.0
2.155 0.0
2.165 0.0
2.175 0.0
2.185 0.0
2.195 0.0
2.205 0.0
2.215 0.0
2.225 0.0
2.235 0.0
2.245 0.0
2.255 0.0
2.265 0.0
2.275 0.0
2.285 0.0
2.295 0.0
2.305 0.0
2.315 0.0
2.3249999999999997 0.0
2.335 0.0
2.3449999999999998 0.0
2.355 0.0
2.3649999999999998 0.0
2.375 0.0
2.385 0.0
2.395 0.0
2.405 0.0
2.415 0.0
2.425 0.0
2.435 0.0
2.445 0.0
2.455 0.006414382239158484
2.465 0.009521407590330743
2.475 0.013992796955028485
2.485 0.020359399436062155
2.495 0.029328000085152784
2.505 0.041827026350210524
2.515 0.0590593395761708
2.525 0.0825614359180967
2.535 0.11426755748682181
2.545 0.15657618458663153
2.555 0.21241516688554202
2.565 0.28530040962871583
2.5749999999999997 0.37938165133176843
2.585 0.49946758146020576
2.5949999999999998 0.651021517072338
2.605 0.8401182821442971
2.6149999999999998 1.0733530228806303
2.625 1.3576936505876653
2.635 1.7002706002603931
2.645 2.108100731794475
2.655 2.587746487744936
2.665 3.144916736806634
2.675 3.78402181039196
2.685 4.507701665208068
2.695 5.316352325150273
2.705 6.207681116501458
2.715 7.176325010281259
2.725 8.213567950727226
2.735 9.307191817525819
2.745 10.441491278469107
2.755 11.597475150932194
2.765 12.753266246827524
2.775 13.88469861906976
2.785 14.966096581305022
2.795 15.97120502654507
2.805 16.87422677585427
2.815 17.65091132196121
2.8249999999999997 18.279631643297446
2.835 18.74238272148968
2.8449999999999998 19.02563756261209
2.855 19.121003967758085
2.8649999999999998 19.02563756261209
2.875 18.74238272148968
2.885 18.279631643297446
2.895 17.65091132196121
2.905 16.87422677585427
2.915 15.97120502654507
2.925 14.966096581305022
2.935 13.88469861906976
2.945 12.753266246827524
2.955 11.597475150932194
2.965 10.441491278469107
2.975 9.307191817525819
2.985 8.213567950727226
2.995 7.176325010281259
3.005 6.207681116501458
3.015 5.316352325150273
3.025 4.507701665208068
3.035 3.78402181039196
3.045 3.1493221713024466
3.055 2.594285845064658
3.065 2.117711064964559
3.075 1.714253552514486
3.085 1.3778362891849676
3.0949999999999998 1.1020800643742863
3.105 0.8806805751552139
3.1149999999999998 0.7077251845895257
3.125 0.5779471950434968
3.135 0.48691907256458017
3.145 0.4311883640319606
3.155 0.40836112385936174
3.165 0.4171376777343411
3.175 0.457304755905091
3.185 0.5296867461806992
3.195 0.6360573921909427
3.205 0.7790120360485576
3.215 0.9617997830310339
3.225 1.1881149954271186
3.235 1.4618484653932335
3.245 1.7868005310472437
3.255 2.1663612270351833
3.265 2.5988878733542102
3.275 3.09591534653294
3.285 3.6513012558139404
3.295 4.263470979744288
3.305 4.928741159273768
3.315 5.641125557335168
3.325 6.392232698850085
3.335 7.171276071618693
3.3449999999999998 7.9652124225368635
3.355 8.7590163734031
3.3649999999999998 9.536090613214668
3.375 10.278800933383797
3.385 10.969115175909183
3.395 11.58931569040138
3.405 12.12274708943707
3.415 12.5545558106143
3.425 12.872375904090669
3.435 13.066916952887015
3.445 13.13241514668142
3.455 13.066916952887015
3.465 12.872375904090669
3.475 12.5545558106143
3.485 12.12274708943707
3.495 11.58931569040138
3.505 10.969115175909183
3.515 10.278800933383797
3.525 9.536090613214668
3.535 8.7590163734031
3.545 7.9652124225368635
3.555 7.171276071618693
3.565 6.392232698850085
3.575 5.641125557335168
3.585 4.928741159273768
3.5949999999999998 4.263470979744288
3.605 3.6513012558139404
3.6149999999999998 3.09591534653294
3.625 2.5988878733542102
3.635 2.159946844796025
3.645 1.777279123456913
3.655 1.4478556684382051
3.665 1.1677555959910564
3.675 0.9324717829458811
3.685 0.7371850096983471
3.695 0.5769980526147719
3.705 0.44712531026260255
3.715 0.3430371984182692
3.725 0.26056149314770954
3.735 0.1959459569738197
3.745 0.14588795440324476
3.755 0.10753742123281174
3.765 0.078479613583291
3.775 0.05670366751718766
3.785 0.040562293010916836
3.795 0.028727041493656003
3.805 0.0201426385973023
3.815 0.013982952254092774
3.825 0.009610333170084024
3.835 0.0065393573197217204
3.8449999999999998 0.004405434495812501
3.855 0.0
3.8649999999999998 0.0
3.875 0.0
3.885 0.0
3.895 0.0
3.905 0.0
3.915 0.0
3.925 0.0
3.935 0.0
3.945 0.0
3.955 0.0
3.965 0.0
3.975 0.0
3.985 0.0
3.995 0.0
4.005 0.0
4.015 0.0
4.025 0.0
4.035 0.0
4.045 0.0
4.055 0.0
4.065 0.0
4.075 0.0
4.085 0.0
4.095 0.0
4.1049999999999995 0.0
4.115 0.0
4.125 0.0
4.135 0.0
4.145 0.0
4.155 0.0
4.165 0.002508913960884113
4.175 0.0037241922199171477
4.185 0.005473126222189931
4.195 0.0079633516644081
4.205 0.011471319624398244
4.215 0.01636017412739628
4.225 0.023100400951891177
4.235 0.032292983405480195
4.245 0.04469447868333245
4.255 0.06124302556420533
4.265 0.08308381974015028
4.275 0.11159206827333504
4.285 0.14839089502942
4.295 0.19773306393793466
4.305 0.26052243019786187
4.315 0.33728297155699655
4.325 0.43251076733992594
4.335 0.5493880548277726
4.345 0.6913073801831257
4.355 0.8617999561204878
4.365 1.0644436747327302
4.375 1.30275248703304
4.385 1.580050554101505
4.395 1.8993362602107502
4.405 2.2631426685647775
4.415 2.6756572393775224
4.425 3.134670463623998
4.435 3.6422064347231613
4.445 4.197930780207775
4.455 4.800624564165515
4.465 5.4481909785036216
4.475 6.137698223680383
4.485 6.865454420752297
4.495 7.627107158393793
4.505 8.417757653521395
4.515 9.23207788682844
4.525 10.064418771085696
4.535 10.908898583495496
4.545 11.759463523216848
4.555 12.609916119874352
4.565 13.45391190663439
4.575 14.284929720866904
4.585 15.096225562666508
4.595 15.880783485985983
4.605 16.63127897372908
4.615 17.34007029197805
4.625 17.99923130822116
4.635 18.600635346546248
4.645 19.13609425659773
4.655 19.59755062550973
4.665 19.97731472816946
4.675 20.268332183164677
4.685 20.46446406739202
4.695 20.56075896492479
4.705 20.55369635150146
4.715 20.4413828196534
4.725 20.223686624097155
4.735 19.902301335362257
4.745 19.48073534843867
4.755 18.964229875943175
4.765 18.359613196498028
4.775 17.675102813925484
4.785 16.92006950854486
4.795 16.104777961931447
4.805 15.240117867881938
4.815 14.337337538891767
4.825 13.407789420590808
4.835 12.462694106023257
4.845 11.512926820171021
4.855 10.568828239203707
4.865 9.640040093552773
4.875 8.735365304594852
4.885 7.862652315396188
4.895 7.030568410113556
4.905 6.241976891752936
4.915 5.502771418851978
4.925 4.81647281996296
4.935 4.185496569515036
4.945 3.613036038734563
4.955 3.0967103285257798
4.965 2.6373826109914864
4.975 2.2323290192874814
4.985 1.883879552159403
4.995 1.587657645608591
5.005 1.341584331855385
5.015 1.1435481974707926
5.025 0.9915712930529128
5.035 0.8839541776179798
5.045 0.819392710866505
5.055 0.7970600522726612
5.065 0.816648465818431
5.075 0.8783669365550962
5.085 0.9828922651704701
5.095 1.131273212394947
5.105 1.3232074062762873
5.115 1.5621491501241254
5.125 1.8506490999992145
5.135 2.1872264334336644
5.145 2.57205758326237
5.155 3.004368937556867
5.165 3.4822048091369275
5.175 4.003908309719125
5.185 4.5620540479111815
5.195 5.151365477781061
5.205 5.763842981913075
5.215 6.389972888721651
5.225 7.017405728299325
5.235 7.6377610175085415
5.245 8.23626833247014
5.255 8.800142954296854
5.265 9.316831616369043
5.275 9.77454214027312
5.285 10.162773121574366
5.295 10.472812840108544
5.305 10.698176554270196
5.315 10.834953563073064
5.325 10.88203981469859
5.335 10.84123814687148
5.345 10.717216033772242
5.355 10.51731942503511
5.365 10.251250251855456
5.375 9.930623777070107
5.385 9.568429549397313
5.395 9.178425744577392
5.405 8.774500726644863
5.415 8.370037488524396
5.425 7.977316150821162
5.435 7.606986996432996
5.445 7.267641832076947
5.455 6.9655051551664835
5.465 6.704259115629997
5.475 6.485008102750424
5.485 6.306380483440946
5.495 6.164757086027649
5.505 6.054608938620726
5.515 5.968920945639134
5.525 5.899673947583782
5.535 5.83835518394078
5.545 5.7764666792582995
5.555 5.706002488165108
5.565 5.619868932885171
5.575 5.512226695143091
5.585 5.378739527934587
5.595 5.216720995414403
5.605 5.025177545616081
5.615 4.804752873310827
5.625 4.557584469895639
5.635 4.287088082471545
5.645 3.997689215803221
5.655 3.6945226357027448
5.665 3.383121036245732
5.675 3.0691127185446176
5.685 2.757945519063718
5.695 2.4546506377228243
5.705 2.1624120376451637
5.715 1.8878316641808208
5.725 1.6333777247599783
5.735 1.3990221453035918
5.745 1.187034973494997
5.755 0.9967999218017488
5.765 0.8325160335999073
5.775 0.6897776756602086
5.785 0.5686914626733877
5.795 0.4682078995412407
5.805 0.38717778727247015
5.815 0.32448115253882853
5.825 0.2791421077957371
5.835 0.25042670641150794
5.845 0.237921774819756
5.855 0.2415933272823718
5.865 0.26182350817414934
5.875 0.29942511757625867
5.885 0.35563275085648133
5.895 0.43206953840292817
5.905 0.5306885338171562
5.915 0.6536880874636342
5.925 0.8034011551593996
5.935 0.9821594903204355
5.945 1.192135064804424
5.955 1.4364574168820443
5.965 1.7144724956710724
5.975 2.0277101622111435
5.985 2.3748329902319996
5.995 2.7572056228890354
6.005 3.1707635392961997
6.015 3.6118455212342866
6.025 4.075485301038585
6.035 4.555450753713117
6.045 5.046872514395756
6.055 5.537579368968087
6.065 6.0203370895307895
6.075 6.485894803242162
6.085 6.92629209700269
6.095 7.330906432665136
6.105 7.692798789248342
6.115 8.00553467639458
6.125 8.264392375286779
6.135 8.466676133026212
6.1450000000000005 8.611940992251157
6.155 8.702111469600423
6.165 8.741482498550699
6.175 8.73659824998909
6.185 8.696012063571498
6.195 8.629938150855155
6.205 8.549812377288973
6.215 8.467784788081534
6.225 8.396170240190035
6.235 8.346885333988908
6.245 8.330899778964778
6.255 8.357728525587556
6.265 8.434987741621796
6.275 8.568033396529145
6.285 8.75969627950521
6.295 9.010122143441095
6.305 9.316720708870395
6.315 9.674222753946886
6.325 10.074840619266284
6.335 10.508524215406963
6.345 10.96330198472025
6.355 11.425694120691547
6.365 11.881183547992121
6.375 12.314728592821982
6.385 12.711299860156956
6.3950000000000005 13.056422594904415
6.405 13.33670483645835
6.415 13.540331153658382
6.425 13.657501888240006
6.435 13.68079886259956
6.445 13.605460602963433
6.455 13.429553386004862
6.465 13.154028808582188
6.475 12.782663940384266
6.485 12.321886144767412
6.495 11.780490927223825
6.505 11.169267204931945
6.515 10.500549678112307
6.525 9.787722059414865
6.535 9.043767878355936
6.545 8.284788743466436
6.555 7.522890970996343
6.565 6.770656474691256
6.575 6.038473144700903
6.585 5.338241547689017
6.595 4.676648773665775
6.605 4.0599165931160925
6.615 3.4924242875310343
6.625 2.9767845227379186
6.635 2.5139838885403845
6.6450000000000005 2.1035729765719005
6.655 1.743889822545669
6.665 1.432300743354372
6.675 1.1654438703695351
6.685 0.9394627667985045
6.695 0.7502201342902308
6.705 0.5934844759759994
6.715 0.4650854296966246
6.725 0.3610361024781489
6.735 0.2776229697172475
6.745 0.21146565630085917
6.755 0.15955015694497948
6.765 0.11837632482850516
6.775 0.08769832638012129
6.785 0.06434824164257863
6.795 0.046762664355391295
6.805 0.033657135992258114
6.815 0.02399211211289798
6.825 0.016938353895678028
6.835 0.011843585971534698
6.845 0.00820167106810065
6.855 0.003946004582465406
6.865 0.0027120466435885207
6.875 0.0018454138640463242
6.885 0.001243218484361133
6.8950000000000005 0.0
6.905 0.0
6.915 0.0
6.925 0.0
6.935 0.0
6.945 0.0
6.955 0.0
6.965 0.0
6.975 0.0
6.985 0.0
6.995 0.0
