0.005 0.0
0.015 0.0
0.025 0.0
0.034999999999999996 0.0
0.045 0.0
0.055 0.0
0.065 0.0
0.07500000000000001 0.0
0.085 0.0
0.095 0.0
0.10500000000000001 0.0
0.115 0.0
0.125 0.0
0.135 0.0
0.14500000000000002 0.0
0.155 0.0
0.165 0.0
0.17500000000000002 0.0
0.185 0.0
0.195 0.0
0.20500000000000002 0.0
0.215 0.0
0.225 0.0
0.23500000000000001 0.0
0.245 0.0
0.255 0.0
0.265 0.0
0.275 0.0
0.28500000000000003 0.0
0.295 0.0
0.305 0.0
0.315 0.0
0.325 0.0
0.335 0.0
0.34500000000000003 0.0
0.35500000000000004 0.0
0.365 0.0
0.375 0.0
0.385 0.0
0.395 0.0
0.405 0.0
0.41500000000000004 0.0
0.425 0.0
0.435 0.0
0.445 0.0
0.455 0.0
0.465 0.0
0.47500000000000003 0.0
0.485 0.0
0.495 0.0
0.505 0.0
0.515 0.0
0.525 0.0
0.535 0.0
0.545 0.0
0.555 0.0
0.5650000000000001 0.0
0.5750000000000001 0.0
0.585 0.0
0.595 0.0
0.605 0.0
0.615 0.0
0.625 0.0
0.635 0.0
0.645 0.0
0.655 0.0
0.665 0.0
0.675 0.0
0.685 0.0
0.6950000000000001 0.0
0.7050000000000001 0.0
0.715 0.0
0.725 0.0
0.735 0.0
0.745 0.0
0.755 0.0
0.765 0.0
0.775 0.0
0.785 0.0
0.795 0.0
0.805 0.0
0.8150000000000001 0.0
0.8250000000000001 0.0
0.8350000000000001 0.0
0.845 0.0
0.855 0.0
0.865 0.0
0.875 0.0
0.885 0.0
0.895 0.0
0.905 0.0
0.915 0.0
0.925 0.0
0.935 0.0
0.9450000000000001 0.0
0.9550000000000001 0.0
0.965 0.0
0.975 0.0
0.985 0.0
0.995 0.0
1.005 0.0
1.015 0.0
1.025 0.0
1.035 0.0
1.045 0.0
1.055 0.0
1.065 0.0
1.075 0.0
1.085 0.0
1.095 0.0
1.105 0.0
1.115 0.0
1.125 0.0
1.135 0.0
1.145 0.0
1.155 0.0
1.1649999999999998 0.0
1.1749999999999998 0.0
1.1849999999999998 0.0
1.1949999999999998 0.0
1.2049999999999998 0.0
1.2149999999999999 0.0
1.2249999999999999 0.0
1.2349999999999999 0.0
1.2449999999999999 0.0
1.255 0.0
1.265 0.0
1.275 0.0
1.285 0.0
1.295 0.0
1.305 0.0
1.315 0.0
1.325 0.0
1.335 0.0
1.345 0.0
1.355 0.0
1.365 0.0
1.375 0.0
1.385 0.0
1.395 0.0
1.405 0.0
1.4149999999999998 0.0
1.4249999999999998 0.0
1.4349999999999998 0.0
1.4449999999999998 0.0
1.4549999999999998 0.0
1.4649999999999999 0.0
1.4749999999999999 0.0
1.4849999999999999 0.0
1.4949999999999999 0.0
1.505 0.0
1.515 0.0
1.525 0.0
1.535 0.0
1.545 0.0
1.555 0.0
1.565 0.0
1.575 0.0
1.585 0.0
1.595 0.0
1.605 0.0
1.615 0.0
1.625 0.0
1.635 0.0
1.645 0.0
1.655 0.0
1.665 0.0
1.6749999999999998 0.0
1.6849999999999998 0.0
1.6949999999999998 0.0
1.7049999999999998 0.0
1.7149999999999999 0.0
1.7249999999999999 0.0
1.7349999999999999 0.0
1.7449999999999999 0.0
1.755 0.0
1.765 0.0
1.775 0.0
1.785 0.0
1.795 0.0
1.805 0.0
1.815 0.0
1.825 0.0
1.835 0.0
1.845 0.0
1.855 0.0
1.865 0.0
1.875 0.0
1.885 0.0
1.895 0.0
1.905 0.0
1.915 0.0
1.9249999999999998 0.0
1.9349999999999998 0.0
1.9449999999999998 0.0
1.9549999999999998 0.0
1.9649999999999999 0.0
1.9749999999999999 0.0
1.9849999999999999 0.0
1.9949999999999999 0.0
2.005 0.0
2.015 0.0
2.025 0.0
2.035 0.0
2.045 0.0
2.0549999999999997 0.0
2.065 0.0
2.0749999999999997 0.0
2.085 0.0
2.0949999999999998 0.0
2.105 0.0
2.1149999999999998 0.0
2.125 0.0
2.135 0.0
2.145 0.0
2.155 0.0
2.165 0.0
2.175 0.0
2.185 0.0
2.195 0.0
2.205 0.0
2.215 0.0
2.225 0.0
2.235 0.0
2.245 0.0
2.255 0.0
2.265 0.0
2.275 0.0
2.285 0.0
2.295 0.0
2.305 0.0
2.315 0.0
2.3249999999999997 0.0
2.335 0.0
2.3449999999999998 0.0
2.355 0.0
2.3649999999999998 0.0
2.375 0.0
2.385 0.0
2.395 0.0
2.405 0.0
2.415 0.0
2.425 0.0
2.435 0.0
2.445 0.0
2.455 0.0
2.465 0.0
2.475 0.0
2.485 0.0
2.495 0.0
2.505 0.0
2.515 0.0
2.525 0.0
2.535 0.0
2.545 0.0
2.555 0.0
2.565 0.0
2.5749999999999997 0.0
2.585 0.0
2.5949999999999998 0.0
2.605 0.005789994512104417
2.6149999999999998 0.008594576319286642
2.625 0.012630712445542574
2.635 0.01837757816877571
2.645 0.02647315878797863
2.655 0.0377555069211369
2.665 0.05331039518458782
2.675 0.07452475438070463
2.685 0.1031445439470835
2.695 0.14133477171790437
2.705 0.19173828510668592
2.715 0.2575287446960942
2.725 0.3424519458466555
2.735 0.4508484913752276
2.745 0.5876498890414185
2.755 0.7583396283181627
2.765 0.9688708717871567
2.775 1.2255332614934558
2.785 1.534763142816959
2.795 1.902894341646629
2.805 2.335850500347842
2.815 2.838784775870267
2.8249999999999997 3.4156781898808717
2.835 4.0689137208609365
2.8449999999999998 4.798848843013749
2.855 5.603414055685122
2.8649999999999998 6.477768376968021
2.875 7.414044187947613
2.885 8.401212702541931
2.895 9.42509737437375
2.905 10.468555657352624
2.915 11.511839928988273
2.925 12.533136599789616
2.935 13.509269301785327
2.945 14.416538648236555
2.955 15.231658604900868
2.965 15.932739253344648
2.975 16.500258785929113
2.985 16.917964825779173
2.995 17.173647121357636
3.005 17.25973038578543
3.015 17.173647121357636
3.025 16.917964825779173
3.035 16.500258785929113
3.045 15.932739253344648
3.055 15.231658604900868
3.065 14.416538648236555
3.075 13.509269301785327
3.085 12.533136599789616
3.0949999999999998 11.511839928988273
3.105 10.468555657352624
3.1149999999999998 9.42509737437375
3.125 8.401212702541931
3.135 7.414044187947613
3.145 6.477768376968021
3.155 5.603414055685122
3.165 4.798848843013749
3.175 4.0689137208609365
3.185 3.4156781898808717
3.195 2.838784775870267
3.205 2.335850500347842
3.215 1.902894341646629
3.225 1.534763142816959
3.235 1.2255332614934558
3.245 0.9688708717871567
3.255 0.7583396283181627
3.265 0.5876498890414185
3.275 0.4508484913752276
3.285 0.3424519458466555
3.295 0.2575287446960942
3.305 0.19173828510668592
3.315 0.14133477171790437
3.325 0.1031445439470835
3.335 0.07452475438070463
3.3449999999999998 0.05331039518458782
3.355 0.0377555069211369
3.3649999999999998 0.02647315878797863
3.375 0.01837757816877571
3.385 0.012630712445542574
3.395 0.008594576319286642
3.405 0.005789994512104417
3.415 0.0
3.425 0.0
3.435 0.0
3.445 0.0
3.455 0.0
3.465 0.0
3.475 0.0
3.485 0.0
3.495 0.0
3.505 0.0
3.515 0.0
3.525 0.0
3.535 0.0
3.545 0.0
3.555 0.0
3.565 0.0
3.575 0.0
3.585 0.0
3.5949999999999998 0.0
3.605 0.0
3.6149999999999998 0.0
3.625 0.0
3.635 0.0
3.645 0.0
3.655 0.0
3.665 0.0
3.675 0.0
3.685 0.0
3.695 0.0
3.705 0.0
3.715 0.0
3.725 0.0
3.735 0.0
3.745 0.0
3.755 0.0
3.765 0.0
3.775 0.0
3.785 0.0
3.795 0.0
3.805 0.0
3.815 0.0
3.825 0.0
3.835 0.0
3.8449999999999998 0.0
3.855 0.0
3.8649999999999998 0.0
3.875 0.0
3.885 0.0
3.895 0.0
3.905 0.0
3.915 0.0
3.925 0.0
3.935 0.0
3.945 0.0
3.955 0.0
3.965 0.0
3.975 0.0
3.985 0.0
3.995 0.0
4.005 0.0
4.015 0.0
4.025 0.0
4.035 0.002658153602535829
4.045 0.003945721184643657
4.055 0.00579868836136604
4.065 0.008437041781834074
4.075 0.012153676874072206
4.085 0.017333338836190003
4.095 0.02447449971088423
4.1049999999999995 0.03421389155396065
4.115 0.04735307442894355
4.125 0.0648859911386996
4.135 0.08802595792360013
4.145 0.11822998433579646
4.155 0.15721774375513878
4.165 0.20698198228711764
4.175 0.27228468516321
4.185 0.351857346594112
4.195 0.4502523417357474
4.205 0.570563938527876
4.215 0.7160222704559944
4.225 0.8898967192656476
4.235 1.0953752267886114
4.245 1.3354219370492544
4.255 1.6126177679462224
4.265 1.9289907734781306
4.275 2.2858452628672885
4.285 2.683600341915552
4.295 3.1216495793182952
4.305 3.5982536477042455
4.315 4.110476877954837
4.325 4.6541766217038925
4.335 5.224051186461974
4.345 5.8137480701698605
4.355 6.416029588780154
4.365 7.022988184741535
4.375 7.626299221446843
4.385 8.217495422119587
4.395 8.788244768407548
4.405 9.330612989735338
4.415 9.837292936070597
4.425 10.30178611250218
4.435 10.718526219160488
4.445 11.082940231839338
4.455 11.391448761758463
4.465 11.641413439985062
4.475 11.831044172177261
4.485 11.959282681359959
4.495 12.027862390658681
4.505 12.033526805543596
4.515 11.97833108470158
4.525 11.863289849478825
4.535 11.689839777526064
4.545 11.459888966798214
4.555 11.17590091771025
4.565 10.841000531006587
4.575 10.45908598585476
4.585 10.034928760275257
4.595 9.57424451252211
4.605 9.083719926753274
4.615 8.57098457974781
4.625 8.046592474974112
4.635 7.516592106021857
4.645 6.992174284072888
4.655 6.483434329232681
4.665 6.000475767189114
4.675 5.553115000856133
4.685 5.150583380889215
4.695 4.80124141127534
4.705 4.512318199162357
4.715 4.289686988316049
4.725 4.137685045801303
4.735 4.05898359715865
4.745 4.054511135682436
4.755 4.1234313708283015
4.765 4.2631753325089905
4.775 4.469525637283714
4.785 4.736749533447766
4.795 5.05777596102035
4.805 5.424410417950675
4.815 5.827579915225065
4.825 6.257598814568706
4.835 6.704445033654878
4.845 7.15626226031315
4.855 7.607316195888775
4.865 8.045591889139018
4.875 8.462351677621513
4.885 8.849646716904887
4.895 9.200439370525295
4.905 9.508677776455576
4.915 9.769325726757208
4.925 9.978354364651446
4.935 10.13270485852053
4.945 10.23023280989656
4.955 10.269645470144923
4.965 10.252258287777604
4.975 10.175559654997201
4.985 10.040156470542792
4.995 9.851738017393075
5.005 9.610415118551986
5.015 9.319526263332714
5.025 8.98316343755765
5.035 8.606186197793427
5.045 8.194216818897159
5.055 7.753608580187071
5.065 7.29138158115522
5.075 6.8151235105703645
5.085 6.332856113895214
5.095 5.85287127925432
5.105 5.383543306432117
5.115 4.933125752713499
5.125 4.509542116208587
5.135 4.120179522558717
5.145 3.7716936630595246
5.155 3.469831735834531
5.165 3.2192783714524253
5.175 3.0235277923272603
5.185 2.884784029502497
5.195 2.8038900833830858
5.205 2.7802865368276697
5.215 2.812000260141521
5.225 2.897316757607494
5.235 3.0290237225805696
5.245 3.2023637993329146
5.255 3.410385124538426
5.265 3.645217455804522
5.275 3.8982870638002103
5.285 4.160570631926302
5.295 4.422883434019174
5.305 4.6747384503298965
5.315 4.910991680206727
5.325 5.121795644655694
5.335 5.300592041000268
5.345 5.442216158461123
5.355 5.543130985486254
5.365 5.60159314058232
5.375 5.61773770374655
5.385 5.5935731699221956
5.395 5.532882833147612
5.405 5.441034550766739
5.415 5.324706586678062
5.425 5.191542637756681
5.435 5.0514440049747575
5.445 4.911335654853039
5.455 4.779499034439844
5.465 4.663561355920367
5.475 4.570113889574026
5.485 4.5044149203011274
5.495 4.470173072422885
5.505 4.469424030637882
5.515 4.502508040223335
5.525 4.568149411233803
5.535 4.663632914516681
5.545 4.785065788319445
5.555 4.929182784027374
5.565 5.088540518974584
5.575 5.258934043594987
5.585 5.435530126830644
5.595 5.614219233746024
5.605 5.791925646626888
5.615 5.966835978198828
5.625 6.1385279610391725
5.635 6.307987925220685
5.645 6.477513052704004
5.655 6.650502814585343
5.665 6.832573716098468
5.675 7.027594822112784
5.685 7.239037463281894
5.695 7.472157086034281
5.705 7.730417018658978
5.715 8.016060778000755
5.725 8.329820993480793
5.735 8.67073445647353
5.745 9.036079938268392
5.755 9.421445898190374
5.765 9.820924906274293
5.775 10.226209863542994
5.785 10.633616944190152
5.795 11.031101583890255
5.805 11.411640352166254
5.815 11.767943457352485
5.825 12.093804296165468
5.835 12.384458560746735
5.845 12.636839036964968
5.855 12.849708990772402
5.865 13.023666579439078
5.875 13.161022613484644
5.885 13.265563396136727
5.895 13.342218525540131
5.905 13.396659854345465
5.915 13.434861849464788
5.925 13.462655186024902
5.935 13.485304563819664
5.945 13.507138665977322
5.955 13.531255259650043
5.965 13.559318150406312
5.975 13.591455591581884
5.985 13.626262379306015
5.995 13.660900770890148
6.005 13.691289028428649
6.015 13.712361206875041
6.025 13.718378070312086
6.035 13.702164780041088
6.045 13.660239836013314
6.055 13.585287736737929
6.065 13.47227033422864
6.075 13.317026209787855
6.085 13.116461948164204
6.095 12.868677524742946
6.105 12.573025297669133
6.115 12.230106478866567
6.125 11.841712537147146
6.135 11.410721526813257
6.1450000000000005 10.940960721311711
6.155 10.437047177562762
6.165 9.90421709710905
6.175 9.348153316626552
6.185 8.774818245288703
6.195 8.190297381735801
6.205 7.60065647747316
6.215 7.011813695442267
6.225 6.429426886938236
6.235 5.858795426739569
6.245 5.302727409702539
6.255 4.770358180543133
6.265 4.262486945209286
6.275 3.78233952807353
6.285 3.33247470823827
6.295 2.914775312765819
6.305 2.5304539807812794
6.315 2.180074307263011
6.325 1.8635873696175538
6.335 1.5803827821167522
6.345 1.3293525283869347
6.355 1.1089650072842674
6.365 0.9163627289318697
6.375 0.7517142788415184
6.385 0.6112871779093628
6.3950000000000005 0.4927163818266822
6.405 0.3936073420345337
6.415 0.3116034224836158
6.425 0.24444183103099074
6.435 0.18999735252259772
6.445 0.1463139005951709
6.455 0.11162454164195992
6.465 0.0843611478758095
6.475 0.06220716854533987
6.485 0.045260431458726165
6.495 0.03336252196327723
6.505 0.024347597346356758
6.515 0.01759180507820588
6.525 0.012584088180131044
6.535 0.008912307379002374
6.545 0.006249073251868258
6.555 0.004338085722538108
6.565 0.0029815198075766303
6.575 0.0020287770499220962
6.585 0.0013667466026187204
6.595 0.0
6.605 0.0
6.615 0.0
6.625 0.0
6.635 0.0
6.6450000000000005 0.0
6.655 0.0
6.665 0.0
6.675 0.0
6.685 0.0
6.695 0.0
6.705 0.0
6.715 0.0
6.725 0.0
6.735 0.0
6.745 0.0
6.755 0.0
6.765 0.0
6.775 0.0
6.785 0.0
6.795 0.0
6.805 0.0
6.815 0.0
6.825 0.0
6.835 0.0
6.845 0.0
6.855 0.0
6.865 0.0
6.875 0.0
6.885 0.0
6.8950000000000005 0.0
6.905 0.0
6.915 0.0
6.925 0.0
6.935 0.0
6.945 0.0
6.955 0.0
6.965 0.0
6.975 0.0
6.985 0.0
6.995 0.0
