0.005 0.0
0.015 0.0
0.025 0.0
0.034999999999999996 0.0
0.045 0.0
0.055 0.0
0.065 0.0
0.07500000000000001 0.0
0.085 0.0
0.095 0.0
0.10500000000000001 0.0
0.115 0.0
0.125 0.0
0.135 0.0
0.14500000000000002 0.0
0.155 0.0
0.165 0.0
0.17500000000000002 0.0
0.185 0.0
0.195 0.0
0.20500000000000002 0.0
0.215 0.0
0.225 0.0
0.23500000000000001 0.0
0.245 0.0
0.255 0.0
0.265 0.0
0.275 0.0
0.28500000000000003 0.0
0.295 0.0
0.305 0.0
0.315 0.0
0.325 0.0
0.335 0.0
0.34500000000000003 0.0
0.35500000000000004 0.0
0.365 0.0
0.375 0.0
0.385 0.0
0.395 0.0
0.405 0.0
0.41500000000000004 0.0
0.425 0.0
0.435 0.0
0.445 0.0
0.455 0.0
0.465 0.0
0.47500000000000003 0.0
0.485 0.0
0.495 0.0
0.505 0.0
0.515 0.0
0.525 0.0
0.535 0.0
0.545 0.0
0.555 0.0
0.5650000000000001 0.0
0.5750000000000001 0.0
0.585 0.0
0.595 0.0
0.605 0.0
0.615 0.0
0.625 0.0
0.635 0.0
0.645 0.0
0.655 0.0
0.665 0.0
0.675 0.0
0.685 0.0
0.6950000000000001 0.0
0.7050000000000001 0.0
0.715 0.0
0.725 0.0
0.735 0.0
0.745 0.0
0.755 0.0
0.765 0.0
0.775 0.0
0.785 0.0
0.795 0.0
0.805 0.0
0.8150000000000001 0.0
0.8250000000000001 0.0
0.8350000000000001 0.0
0.845 0.0
0.855 0.0
0.865 0.0
0.875 0.0
0.885 0.0
0.895 0.0
0.905 0.0
0.915 0.0
0.925 0.0
0.935 0.0
0.9450000000000001 0.0
0.9550000000000001 0.0
0.965 0.0
0.975 0.0
0.985 0.0
0.995 0.0
1.005 0.0
1.015 0.0
1.025 0.0
1.035 0.0
1.045 0.0
1.055 0.0
1.065 0.0
1.075 0.0
1.085 0.0
1.095 0.0
1.105 0.0
1.115 0.0
1.125 0.0
1.135 0.0
1.145 0.0
1.155 0.0
1.1649999999999998 0.0
1.1749999999999998 0.0
1.1849999999999998 0.0
1.1949999999999998 0.0
1.2049999999999998 0.0
1.2149999999999999 0.0
1.2249999999999999 0.0
1.2349999999999999 0.0
1.2449999999999999 0.0
1.255 0.0
1.265 0.0
1.275 0.0
1.285 0.0
1.295 0.0
1.305 0.0
1.315 0.0
1.325 0.0
1.335 0.0
1.345 0.0
1.355 0.0
1.365 0.0
1.375 0.0
1.385 0.0
1.395 0.0
1.405 0.0
1.4149999999999998 0.0
1.4249999999999998 0.0
1.4349999999999998 0.0
1.4449999999999998 0.0
1.4549999999999998 0.0
1.4649999999999999 0.0
1.4749999999999999 0.0
1.4849999999999999 0.0
1.4949999999999999 0.0
1.505 0.0
1.515 0.0
1.525 0.0
1.535 0.0
1.545 0.0
1.555 0.0
1.565 0.0
1.575 0.0
1.585 0.0
1.595 0.0
1.605 0.0
1.615 0.0
1.625 0.0
1.635 0.0
1.645 0.0
1.655 0.0
1.665 0.0
1.6749999999999998 0.0
1.6849999999999998 0.0
1.6949999999999998 0.0
1.7049999999999998 0.0
1.7149999999999999 0.0
1.7249999999999999 0.0
1.7349999999999999 0.011470199004904046
1.7449999999999999 0.017026182069596357
1.755 0.025021921008943245
1.765 0.03640668024526722
1.775 0.05244433288351677
1.785 0.07479509298516973
1.795 0.10560991733566487
1.805 0.14763636852353224
1.815 0.20433325849787665
1.825 0.27998954999489845
1.835 0.3798408241035403
1.845 0.5101742229585826
1.855 0.6784103094167018
1.865 0.8931479824935223
1.875 1.1641567463360134
1.885 1.5022996018268815
1.895 1.9193699901132388
1.905 2.4278279309369992
1.915 3.0404240689174973
1.9249999999999998 3.7697059536693196
1.9349999999999998 4.6274085456700105
1.9449999999999998 5.62374044452923
1.9549999999999998 6.766588205349492
1.9649999999999999 8.060672598996389
1.9749999999999999 9.506701795441803
1.9849999999999999 11.100576035300007
1.9949999999999999 12.83270514957572
2.005 14.687503086423947
2.015 16.643121401795536
2.025 18.67147581895945
2.035 20.738606303118246
2.045 22.80539206419799
2.0549999999999997 24.828619553040575
2.065 26.7623755045667
2.0749999999999997 28.559710533656816
2.085 30.17449412218396
2.0949999999999998 31.563361510456247
2.105 32.687639256195936
2.1149999999999998 33.51513078362559
2.125 34.02164712076279
2.135 34.192181336626795
2.145 34.02164712076279
2.155 33.51513078362559
2.165 32.687639256195936
2.175 31.563361510456247
2.185 30.17449412218396
2.195 28.559710533656816
2.205 26.7623755045667
2.215 24.828619553040575
2.225 22.80539206419799
2.235 20.738606303118246
2.245 18.67147581895945
2.255 16.643121401795536
2.265 14.687503086423947
2.275 12.83270514957572
2.285 11.100576035300007
2.295 9.506701795441803
2.305 8.060672598996389
2.315 6.766588205349492
2.3249999999999997 5.62374044452923
2.335 4.6274085456700105
2.3449999999999998 3.7697059536693196
2.355 3.0404240689174973
2.3649999999999998 2.4278279309369992
2.375 1.9193699901132388
2.385 1.5022996018268815
2.395 1.1641567463360134
2.405 0.8931479824935223
2.415 0.6784103094167018
2.425 0.5101742229585826
2.435 0.3798408241035403
2.445 0.27998954999489845
2.455 0.20433325849787665
2.465 0.14763636852353224
2.475 0.10560991733566487
2.485 0.07479509298516973
2.495 0.05244433288351677
2.505 0.03640668024526722
2.515 0.025021921008943245
2.525 0.017026182069596357
2.535 0.011470199004904046
2.545 0.0
2.555 0.0
2.565 0.0
2.5749999999999997 0.0
2.585 0.0
2.5949999999999998 0.0
2.605 0.0
2.6149999999999998 0.0
2.625 0.0
2.635 0.0
2.645 0.0
2.655 0.0
2.665 0.0
2.675 0.0
2.685 0.0
2.695 0.0
2.705 0.0
2.715 0.0
2.725 0.0
2.735 0.0
2.745 0.0
2.755 0.0
2.765 0.0
2.775 0.0
2.785 0.0
2.795 0.0
2.805 0.0
2.815 0.0
2.8249999999999997 0.0
2.835 0.0
2.8449999999999998 0.0
2.855 0.0
2.8649999999999998 0.0
2.875 0.0
2.885 0.0
2.895 0.0
2.905 0.0
2.915 0.0
2.925 0.0
2.935 0.0
2.945 0.0
2.955 0.0
2.965 0.0
2.975 0.0
2.985 0.0
2.995 0.0
3.005 0.0
3.015 0.0
3.025 0.0
3.035 0.0
3.045 0.004405434495812501
3.055 0.0065393573197217204
3.065 0.009610333170084024
3.075 0.013982952254092774
3.085 0.0201426385973023
3.0949999999999998 0.028727041493656003
3.105 0.040562293010916836
3.1149999999999998 0.05670366751718766
3.125 0.078479613583291
3.135 0.10753742123281174
3.145 0.14588795440324476
3.155 0.1959459569738197
3.165 0.26056149314770954
3.175 0.3430371984182692
3.185 0.44712531026260255
3.195 0.5769980526147719
3.205 0.7371850096983471
3.215 0.9324717829458811
3.225 1.1677555959910564
3.235 1.4478556684382051
3.245 1.777279123456913
3.255 2.159946844796025
3.265 2.5988878733542102
3.275 3.09591534653294
3.285 3.6513012558139404
3.295 4.263470979744288
3.305 4.928741159273768
3.315 5.641125557335168
3.325 6.392232698850085
3.335 7.171276071618693
3.3449999999999998 7.9652124225368635
3.355 8.7590163734031
3.3649999999999998 9.536090613214668
3.375 10.278800933383797
3.385 10.969115175909183
3.395 11.58931569040138
3.405 12.12274708943707
3.415 12.5545558106143
3.425 12.872375904090669
3.435 13.066916952887015
3.445 13.13241514668142
3.455 13.066916952887015
3.465 12.872375904090669
3.475 12.5545558106143
3.485 12.12274708943707
3.495 11.58931569040138
3.505 10.969115175909183
3.515 10.278800933383797
3.525 9.536090613214668
3.535 8.7590163734031
3.545 7.9652124225368635
3.555 7.171276071618693
3.565 6.392232698850085
3.575 5.641125557335168
3.585 4.928741159273768
3.5949999999999998 4.263470979744288
3.605 3.6513012558139404
3.6149999999999998 3.09591534653294
3.625 2.5988878733542102
3.635 2.159946844796025
3.645 1.777279123456913
3.655 1.4478556684382051
3.665 1.1677555959910564
3.675 0.9324717829458811
3.685 0.7371850096983471
3.695 0.5769980526147719
3.705 0.44712531026260255
3.715 0.3430371984182692
3.725 0.26056149314770954
3.735 0.1959459569738197
3.745 0.14588795440324476
3.755 0.10753742123281174
3.765 0.078479613583291
3.775 0.05670366751718766
3.785 0.040562293010916836
3.795 0.028727041493656003
3.805 0.0201426385973023
3.815 0.013982952254092774
3.825 0.009610333170084024
3.835 0.0065393573197217204
3.8449999999999998 0.004405434495812501
3.855 0.0
3.8649999999999998 0.0
3.875 0.0
3.885 0.0
3.895 0.0
3.905 0.0
3.915 0.0
3.925 0.0
3.935 0.0
3.945 0.0
3.955 0.0
3.965 0.0
3.975 0.0
3.985 0.0
3.995 0.0
4.005 0.0
4.015 0.0
4.025 0.0
4.035 0.0
4.045 0.002646206864926939
4.055 0.003927987636203941
4.065 0.0057726268846090625
4.075 0.0083991225569004
4.085 0.012099053699377088
4.095 0.017255436321164386
4.1049999999999995 0.0243645021449513
4.115 0.03406012151426684
4.125 0.047140251981573636
4.135 0.06713658694926576
4.145 0.09140396414720128
4.155 0.12324439203206548
4.165 0.16458020701912243
4.175 0.22017327782963686
4.185 0.2888594760845304
4.195 0.3754409694636095
4.205 0.4834542275581825
4.215 0.6168156553803752
4.225 0.7797790122186115
4.235 0.9768678812158504
4.245 1.212781371192928
4.255 1.4922725574900904
4.265 1.8200007645721825
4.275 2.200360563526428
4.285 2.6372921732647505
4.295 3.1340796639672037
4.305 3.693144807138914
4.315 4.315845452712925
4.325 5.002287825605288
4.335 5.751162056639013
4.345 6.559609591416532
4.355 7.423129916228792
4.365 8.33553242263909
4.375 9.288937366253485
4.385 10.273827945057075
4.395 11.279153704915455
4.405 12.292483913376635
4.415 13.30020830510847
4.425 14.287781694500435
4.435 15.240008297548126
4.445 16.14136106769443
4.455 16.976330755501756
4.465 17.729798579498624
4.475 18.387425219352775
4.485 18.9360472687756
4.495 19.36625241472444
4.505 19.66508523982233
4.515 19.826778842775596
4.525 19.84674886470712
4.535 19.723297110710142
4.545 19.457782188460488
4.555 19.054698376573626
4.565 18.521651893050638
4.575 17.86922838514553
4.585 17.110751143452646
4.595 16.26193580043381
4.605 15.340453543385348
4.615 14.365420550393189
4.625 13.358906474843385
4.635 12.338066512769277
4.645 11.324407755852555
4.655 10.337242464242781
4.665 9.394565313932807
4.675 8.512617751379768
4.685 7.705533680565669
4.695 6.985073977231019
4.705 6.360451784383482
4.715 5.83824566233012
4.725 5.422393824280057
4.735 5.11426009369394
4.745 4.9127608967625775
4.755 4.814542407022454
4.765 4.814197610795243
4.775 4.904514206050355
4.785 5.076745513926134
4.795 5.320897650532766
4.805 5.626026855426688
4.815 5.980541012743825
4.825 6.372499082376654
4.835 6.7899015574789106
4.845 7.220964444035212
4.855 7.65260395738101
4.865 8.078313535602376
4.875 8.485758717584917
4.885 8.866224059021405
4.895 9.21206296257638
4.905 9.516746835128611
4.915 9.77487150427312
4.925 9.982127992490398
4.935 10.135247076271186
4.945 10.23023280989656
4.955 10.269645470144923
4.965 10.250441819042535
4.975 10.172863317523566
4.985 10.036193894376101
4.995 9.845972503090767
5.005 9.602109814435327
5.015 9.30768139927361
5.025 8.968215119892449
5.035 8.58544290920861
5.045 8.165733158073959
5.055 7.716663975058335
5.065 7.241959106046259
5.075 6.749747392271635
5.085 6.247353979164555
5.095 5.742328143514724
5.105 5.2422870627368905
5.115 4.754757748065184
5.125 4.287027805034328
5.135 3.8460147213051568
5.145 3.4381612343899812
5.155 3.0693612576034806
5.165 2.7449172056379543
5.175 2.4695257866560065
5.185 2.2472858528108626
5.195 2.08171912783598
5.205 1.9757928860452612
5.215 1.9319331639837616
5.225 1.9520179425966373
5.235 2.0373419117945684
5.245 2.188547760950479
5.255 2.4055231538728465
5.265 2.6872672770964208
5.275 3.031735661497165
5.285 3.4356764014169556
5.295 3.8944744684941885
5.305 4.4005677508826455
5.315 4.949681043227524
5.325 5.530432792026639
5.335 6.132077608068647
5.345 6.7424856023573305
5.355 7.348398521007149
5.365 7.935777985068084
5.375 8.490235364790603
5.385 8.997525239990406
5.395 9.44407776878641
5.405 9.817540274198993
5.415 10.107295512418034
5.425 10.304923776457567
5.435 10.40319731366613
5.445 10.402336813574482
5.455 10.300297175520512
5.465 10.100045671580592
5.475 9.807348055583915
5.485 9.430492879793876
5.495 8.97990181116721
5.505 8.467651497374487
5.515 7.906937550178689
5.525 7.311513730514724
5.535 6.695139329384846
5.545 6.071065184370596
5.555 5.451584117680472
5.565 4.847665363642203
5.575 4.268685411402567
5.585 3.7222602938873925
5.595 3.21417733957089
5.605 2.7484183036140326
5.615 2.3272610023634384
5.625 1.9514433186383982
5.635 1.6203717864359923
5.645 1.332356813317228
5.655 1.0848577461207731
5.665 0.8747231371630049
5.675 0.6984143885349762
5.685 0.5522041039030069
5.695 0.432343653211851
5.705 0.33519740308620455
5.715 0.25734359996748524
5.725 0.19564390194062753
5.735 0.14728499490254987
5.745 0.10979661330311846
5.755 0.08105067326778177
5.765 0.05924620326525651
5.775 0.04288442532072987
5.785 0.030737800089488263
5.795 0.02181619549565317
5.805 0.016690600085770543
5.815 0.012686257352284873
5.825 0.010315679298148136
5.835 0.00814306641717133
5.845 0.008816953799731507
5.855 0.010611972286796478
5.865 0.012503096690045646
5.875 0.017478583803356162
5.885 0.024190895632187733
5.895 0.033147799980394195
5.905 0.044969134248051976
5.915 0.06039922953586038
5.925 0.08031660196458014
5.935 0.10573927018750283
5.945 0.1378238401185894
5.955 0.1778563761143609
5.965 0.227233096813092
5.975 0.2874291367052102
5.985 0.35995403719135155
5.995 0.4462932953726614
6.005 0.5478362063949569
6.015 0.6657913604286468
6.025 0.8010924421454526
6.035 0.9542983408625247
6.045 1.125492896410959
6.055 1.314190740661522
6.065 1.519256499084559
6.075 1.738844948067077
6.085 1.9703694630252744
6.095 2.2105051627709384
6.105 2.4552315385357466
6.115 2.699917102735719
6.125 2.9394458284192715
6.135 3.1683820708370787
6.1450000000000005 3.381167519590865
6.155 3.572340809469349
6.165 3.7367680117937963
6.175 3.869870600225639
6.185 3.9678368408842943
6.195 4.027803015445209
6.205 4.047992462077686
6.215 4.027803015445209
6.225 3.9678368408842943
6.235 3.869870600225639
6.245 3.7367680117937963
6.255 3.572340809469349
6.265 3.381167519590865
6.275 3.1683820708370787
6.285 2.940615771144718
6.295 2.701653747221655
6.305 2.4577837361435297
6.315 2.214218588378672
6.325 1.9757187046314342
6.335 1.7464739329608596
6.345 1.530028548851877
6.355 1.3292494240628825
6.365 1.1463345757265633
6.375 0.9828568460007114
6.385 0.8409713349787298
6.3950000000000005 0.7195141805817987
6.405 0.6195105400138862
6.415 0.5409977936319228
6.425 0.4838889669000075
6.435 0.44806715861690105
6.445 0.4334627595259835
6.455 0.4401091784159309
6.465 0.46817429794872434
6.475 0.5179663978403267
6.485 0.5899147577464836
6.495 0.6845265486002752
6.505 0.8023229081750913
6.515 0.9437582434554862
6.525 1.109127773642835
6.535 1.298469081737496
6.545 1.5114639336147475
6.555 1.7473468059921022
6.565 2.0048264015172617
6.575 2.2820259000156815
6.585 2.576446804006455
6.595 2.8849600183001987
6.605 3.2038263238883693
6.615 3.5278410387938752
6.625 3.85434364720651
6.635 4.176865023033535
6.6450000000000005 4.490032465871401
6.655 4.788358105936125
6.665 5.066394639167288
6.675 5.318894089852456
6.685 5.540963253864418
6.695 5.728209827954164
6.705 5.876873860018965
6.715 5.983939976277297
6.725 6.047226766633831
6.735 6.0654506636393
6.745 6.038262579213894
6.755 5.9662564387449954
6.765 5.850949571445554
6.775 5.694735694889607
6.785 5.500811994946489
6.795 5.273082571290424
6.805 5.0160413007075615
6.815 4.7357736622594935
6.825 4.4358179558115545
6.835 4.1224177626232885
6.845 3.8010860402708873
6.855 3.4772198324201766
6.865 3.1559692615961716
6.875 2.842123718641031
6.885 2.540019797174154
6.8950000000000005 2.2534742995703603
6.905 1.9857441392020037
6.915 1.7406832269854675
6.925 1.5186418013495715
6.935 1.3220694509514108
6.945 1.1521867460148711
6.955 1.0098365661339725
6.965 0.895561764458415
6.975 0.8096828582851795
6.985 0.7523693145417243
6.995 0.7236986538469153
