0.005 0.0
0.015 0.0
0.025 0.0
0.034999999999999996 0.0
0.045 0.0
0.055 0.0
0.065 0.0
0.07500000000000001 0.0
0.085 0.0
0.095 0.0
0.10500000000000001 0.0
0.115 0.0
0.125 0.0
0.135 0.0
0.14500000000000002 0.0
0.155 0.0
0.165 0.0
0.17500000000000002 0.0
0.185 0.0
0.195 0.0
0.20500000000000002 0.0
0.215 0.0
0.225 0.0
0.23500000000000001 0.0
0.245 0.0
0.255 0.0
0.265 0.0
0.275 0.0
0.28500000000000003 0.0
0.295 0.0
0.305 0.0
0.315 0.0
0.325 0.0
0.335 0.0
0.34500000000000003 0.0
0.35500000000000004 0.0
0.365 0.0
0.375 0.0
0.385 0.0
0.395 0.0
0.405 0.0
0.41500000000000004 0.0
0.425 0.0
0.435 0.0
0.445 0.0
0.455 0.0
0.465 0.0
0.47500000000000003 0.0
0.485 0.0
0.495 0.0
0.505 0.0
0.515 0.0
0.525 0.0
0.535 0.0
0.545 0.0
0.555 0.0
0.5650000000000001 0.0
0.5750000000000001 0.0
0.585 0.0
0.595 0.0
0.605 0.0
0.615 0.0
0.625 0.0
0.635 0.0
0.645 0.0
0.655 0.0
0.665 0.0
0.675 0.0
0.685 0.0
0.6950000000000001 0.0
0.7050000000000001 0.0
0.715 0.0
0.725 0.0
0.735 0.0
0.745 0.0
0.755 0.0
0.765 0.0
0.775 0.0
0.785 0.0
0.795 0.0
0.805 0.0
0.8150000000000001 0.0
0.8250000000000001 0.0
0.8350000000000001 0.0
0.845 0.0
0.855 0.0
0.865 0.0
0.875 0.0
0.885 0.0
0.895 0.0
0.905 0.0
0.915 0.0
0.925 0.0
0.935 0.0
0.9450000000000001 0.0
0.9550000000000001 0.0
0.965 0.0
0.975 0.0
0.985 0.0
0.995 0.0
1.005 0.0
1.015 0.0
1.025 0.0
1.035 0.0
1.045 0.0
1.055 0.0
1.065 0.0
1.075 0.0
1.085 0.0
1.095 0.0
1.105 0.0
1.115 0.0
1.125 0.0
1.135 0.0
1.145 0.0
1.155 0.0
1.1649999999999998 0.0
1.1749999999999998 0.0
1.1849999999999998 0.0
1.1949999999999998 0.0
1.2049999999999998 0.0
1.2149999999999999 0.0
1.2249999999999999 0.0
1.2349999999999999 0.0
1.2449999999999999 0.0
1.255 0.0
1.265 0.0
1.275 0.0
1.285 0.0
1.295 0.0
1.305 0.0
1.315 0.0
1.325 0.0
1.335 0.0
1.345 0.0
1.355 0.0
1.365 0.0
1.375 0.0
1.385 0.0
1.395 0.0
1.405 0.0
1.4149999999999998 0.0
1.4249999999999998 0.0
1.4349999999999998 0.0
1.4449999999999998 0.0
1.4549999999999998 0.0
1.4649999999999999 0.0
1.4749999999999999 0.0
1.4849999999999999 0.0
1.4949999999999999 0.0
1.505 0.0
1.515 0.0
1.525 0.0
1.535 0.0
1.545 0.0
1.555 0.0
1.565 0.0
1.575 0.0
1.585 0.0
1.595 0.0
1.605 0.0
1.615 0.0
1.625 0.0
1.635 0.0
1.645 0.0
1.655 0.0
1.665 0.0
1.6749999999999998 0.0
1.6849999999999998 0.0
1.6949999999999998 0.0
1.7049999999999998 0.0
1.7149999999999999 0.0
1.7249999999999999 0.0
1.7349999999999999 0.0
1.7449999999999999 0.0
1.755 0.0
1.765 0.0
1.775 0.0
1.785 0.0
1.795 0.0
1.805 0.0
1.815 0.0
1.825 0.0
1.835 0.0
1.845 0.0
1.855 0.0
1.865 0.0
1.875 0.0
1.885 0.0
1.895 0.0
1.905 0.0
1.915 0.0
1.9249999999999998 0.0
1.9349999999999998 0.0
1.9449999999999998 0.0
1.9549999999999998 0.0
1.9649999999999999 0.0
1.9749999999999999 0.0
1.9849999999999999 0.0
1.9949999999999999 0.0
2.005 0.0
2.015 0.0
2.025 0.008890852478041517
2.035 0.013197440862214855
2.045 0.019395148097483526
2.0549999999999997 0.02821977396708707
2.065 0.0406509797063935
2.0749999999999997 0.057975640834847485
2.085 0.08186102044507733
2.0949999999999998 0.11443682645569564
2.105 0.15838407484346362
2.1149999999999998 0.21702725326156597
2.125 0.2944245981084043
2.135 0.39544943836501156
2.145 0.5258536471797556
2.155 0.6923024570031637
2.165 0.902368467065396
2.175 1.1644718746337959
2.185 1.4877540856597864
2.195 1.8818731886692495
2.205 2.3567125431629194
2.215 2.921998084369689
2.225 3.5868258883381836
2.235 4.359108908723182
2.245 5.244960221500648
2.255 6.248039020144962
2.265 7.368894225799229
2.275 8.604348007296057
2.285 9.946966772791042
2.295 11.384669364179631
2.305 12.90052047869744
2.315 14.47275125590348
2.3249999999999997 16.075038380970856
2.335 17.677058302126575
2.3449999999999998 19.24531506254782
2.355 20.744220084701567
2.3649999999999998 22.137381667201097
2.375 23.389042833970667
2.385 24.465590420931647
2.395 25.337047627336087
2.405 25.978458041755292
2.415 26.371072156757084
2.425 26.503257706027597
2.435 26.371072156757084
2.445 25.978458041755292
2.455 25.337047627336087
2.465 24.465590420931647
2.475 23.389042833970667
2.485 22.137381667201097
2.495 20.744220084701567
2.505 19.24531506254782
2.515 17.677058302126575
2.525 16.075038380970856
2.535 14.47275125590348
2.545 12.90052047869744
2.555 11.384669364179631
2.565 9.946966772791042
2.5749999999999997 8.604348007296057
2.585 7.368894225799229
2.5949999999999998 6.248039020144962
2.605 5.244960221500648
2.6149999999999998 4.364860559041376
2.625 3.595363547142216
2.635 2.9345451500196726
2.645 2.3749684159622966
2.655 1.9081710291677425
2.665 1.525259557028117
2.675 1.2174292221382628
2.685 0.9763996818361506
2.695 0.794763927005071
2.705 0.6716754843668818
2.715 0.5939678336399927
2.725 0.5620781023659418
2.735 0.5744242138249561
2.745 0.6310422492571796
2.755 0.7335577622274887
2.765 0.8851104020206552
2.775 1.0902319246013268
2.785 1.3546759203366332
2.795 1.6851966474384705
2.805 2.0892744676556787
2.815 2.5747866628461953
2.8249999999999997 3.1496248692033353
2.835 3.8153338784967015
2.8449999999999998 4.592374978227613
2.855 5.477348396356029
2.8649999999999998 6.473774218683954
2.875 7.582734558968108
2.885 8.802442343856022
2.895 10.12787424530985
2.905 11.550495832851183
2.915 13.058104662657142
2.925 14.6348126153349
2.935 16.261182519061723
2.945 17.914526310477804
2.955 19.569363205694934
2.965 21.198027197129043
2.975 22.771404323198233
2.985 24.25977222196225
2.995 25.633708039318854
3.005 26.865026247928512
3.015 27.927705610277474
3.025 28.798764477534426
3.035 29.459045777347526
3.045 29.893877190014386
3.055 30.093577821775988
3.065 30.053789772307404
3.075 29.775620952160395
3.085 29.26559393064049
3.0949999999999998 28.535404102944867
3.105 27.601498703350703
3.1149999999999998 26.484495831843837
3.125 25.208469400255225
3.135 23.800131456053983
3.145 22.287947446414965
3.155 20.701222416959027
3.165 19.069196729784323
3.175 17.420188546519995
3.185 15.780817072707574
3.195 14.175335543051808
3.205 12.625096417542613
3.215 11.148163653315377
3.225 9.759078710901859
3.235 8.468778698193239
3.245 7.284657310567341
3.255 6.210752505169895
3.265 5.2480395702324705
3.275 4.394804701739313
3.285 3.6470725080367874
3.295 2.999060994724887
3.305 2.443639355575506
3.315 1.9727670087602716
3.325 1.5778963895309304
3.335 1.2503266230174992
3.3449999999999998 0.9814999440495096
3.355 0.7632372402235298
3.3649999999999998 0.5879130784063591
3.375 0.448573831530041
3.385 0.3390049438941378
3.395 0.25375493917294467
3.405 0.18812453978735857
3.415 0.13812933802509111
3.425 0.09660776368995731
3.435 0.06980175184018352
3.445 0.049931851585413155
3.455 0.035362753579123045
3.465 0.024795423688409958
3.475 0.017212900081594706
3.485 0.011830241682980292
3.495 0.008049895479637966
3.505 0.00542305390267179
3.515 0.0
3.525 0.0
3.535 0.0
3.545 0.0
3.555 0.0
3.565 0.0
3.575 0.0
3.585 0.0
3.5949999999999998 0.0
3.605 0.0
3.6149999999999998 0.0
3.625 0.0
3.635 0.0
3.645 0.0
3.655 0.0
3.665 0.0
3.675 0.0
3.685 0.0
3.695 0.0
3.705 0.0
3.715 0.0
3.725 0.0
3.735 0.0030578506226251133
3.745 0.004539025122422389
3.755 0.006670616325293092
3.765 0.009705689483513462
3.775 0.013981181659747672
3.785 0.019939690807127177
3.795 0.028154642420953453
3.805 0.039358511671748475
3.815 0.054473386333891004
3.825 0.0746426648233718
3.835 0.1012621053903993
3.8449999999999998 0.13600780288591302
3.855 0.18085801180591735
3.8649999999999998 0.2381051203380606
3.875 0.3103535893400643
3.885 0.4004993959434986
3.895 0.5116865641830965
3.905 0.6472368218780045
3.915 0.8105493747936524
3.925 1.004969285416313
3.935 1.2336249873666583
3.945 1.499238000354955
3.955 1.803910808167254
3.965 2.1489019253353825
3.975 2.5344001435262093
3.985 2.9593125042143495
3.995 3.4210823556607397
4.005 3.915554598348963
4.015 4.436904636017826
4.025 4.9776454561881875
4.035 5.528723622777085
4.045 6.079709889331689
4.055 6.619083917090443
4.065 7.134605647607153
4.075 7.613758802266401
4.085 8.044245404937499
4.095 8.4145048055073
4.1049999999999995 8.714227016372503
4.115 8.934828723569206
4.125 9.06986136739889
4.135 9.115324236694851
4.145 9.06986136739889
4.155 8.934828723569206
4.165 8.714227016372503
4.175 8.4145048055073
4.185 8.044245404937499
4.195 7.613758802266401
4.205 7.134605647607153
4.215 6.619083917090443
4.225 6.079709889331689
4.235 5.528723622777085
4.245 4.9776454561881875
4.255 4.436904636017826
4.265 3.915554598348963
4.275 3.4210823556607397
4.285 2.9593125042143495
4.295 2.5344001435262093
4.305 2.1489019253353825
4.315 1.803910808167254
4.325 1.499238000354955
4.335 1.2336249873666583
4.345 1.004969285416313
4.355 0.8105493747936524
4.365 0.6472368218780045
4.375 0.5116865641830965
4.385 0.4004993959434986
4.395 0.3103535893400643
4.405 0.2381051203380606
4.415 0.18085801180591735
4.425 0.13600780288591302
4.435 0.1012621053903993
4.445 0.07686997031883917
4.455 0.05777956339971404
4.465 0.044217316836902276
4.475 0.0352241622215548
4.485 0.030123433110781674
4.495 0.028505037921407635
4.505 0.030213228119679334
4.515 0.03533893278629943
4.525 0.044216853673129615
4.535 0.05742676463278708
4.545 0.07375822813248108
4.555 0.099066620374731
4.565 0.13173503002864242
4.575 0.173433207987315
4.585 0.22605821551927882
4.595 0.2917194512106416
4.605 0.3727069883431488
4.615 0.47144033772327654
4.625 0.5903954442600235
4.635 0.7320088154803535
4.645 0.8985591687761398
4.655 1.092028829824723
4.665 1.3139492251961755
4.675 1.5652370433356833
4.685 1.846029798062268
4.695 2.1555313901446933
4.705 2.491879581962103
4.715 2.854046214602881
4.725 3.2347599523266686
4.735 3.630022788653488
4.745 4.033405681704773
4.755 4.437532276154688
4.765 4.8343005284332
4.775 5.215169657495938
4.785 5.571501628868191
4.795 5.894941333154147
4.805 6.177815352540818
4.815 6.413526160888623
4.825 6.596917128533097
4.835 6.724584025649344
4.845 6.7951109020431675
4.855 6.809212159034241
4.865 6.769768049334304
4.875 6.681747334959018
4.885 6.552017897688388
4.895 6.389053184839726
4.905 6.20254895044024
4.915 6.002970346030667
4.925 5.801053656534853
4.935 5.607289622823249
4.945 5.431416237983457
4.955 5.281948172224942
4.965 5.1657677046555905
4.975 5.087798434047885
4.985 5.050778373216541
4.995 5.055143597009232
5.005 5.099027712202943
5.015 5.178376342036708
5.025 5.287169849816875
5.035 5.417741933607351
5.045 5.561176764617402
5.055 5.707763260134884
5.065 5.847482103689645
5.075 5.970499445441108
5.085 6.067640980149807
5.095 6.130821383398551
5.105 6.153406872506114
5.115 6.130492823758239
5.125 6.059083687015478
5.135 5.93816855256264
5.145 5.768692219939139
5.155 5.553428021727994
5.165 5.296764487980329
5.175 5.004422761115538
5.185 4.683125134477428
5.195 4.3402369600442885
5.205 3.9834043669243546
5.215 3.620208818501627
5.225 3.2578567193058285
5.235 2.9029183839303627
5.245 2.5611260967499065
5.255 2.2390204729879133
5.265 1.9388278646017811
5.275 1.6634179325629246
5.285 1.414732116393354
5.295 1.1938449882518523
5.305 1.0011064565350085
5.315 0.8363072419896588
5.325 0.7004517962673501
5.335 0.5903298560758828
5.345 0.50628142393635
5.355 0.4477449881637534
5.365 0.41446718232296775
5.375 0.4066235055992239
5.385 0.42490975567628414
5.395 0.4706005183232521
5.405 0.5455715376982626
5.415 0.6522832029255969
5.425 0.7937228718831773
5.435 0.9733044651702618
5.445 1.194724840949745
5.455 1.4617780057211613
5.465 1.7781302683721643
5.475 2.147061970469186
5.485 2.5711843055811703
5.495 3.0521427718377097
5.505 3.5903217103046696
5.515 4.184566842840293
5.525 4.8306115276053
5.535 5.526675801211816
5.545 6.263851942723237
5.555 7.034589645651623
5.565 7.825600420146991
5.575 8.62506874152197
5.585 9.418694098203197
5.595 10.192541926324683
5.605 10.928431514030128
5.615 11.611430810059243
5.625 12.226265538805091
5.635 12.758921424480691
5.645 13.197254747894364
5.655 13.53154783003471
5.665 13.7549778619736
5.675 13.863971786622162
5.685 13.858426074545234
5.695 13.741777744997478
5.705 13.520921283177643
5.715 13.205974571870847
5.725 12.809904987312503
5.735 12.348033879912643
5.745 11.837443366639624
5.755 11.296313447720744
5.765 10.743219825320889
5.775 10.196423488671188
5.785 9.6731822971829
5.795 9.1891126769638
5.805 8.757626420057052
5.815 8.389463710699635
5.825 8.09233913739183
5.835 7.870712771221046
5.845 7.727034142528452
5.855 7.657067094651145
5.865 7.657772317556923
5.875 7.719044563607809
5.885 7.831360457688806
5.895 7.982439102518802
5.905 8.158722747235323
5.915 8.346020018297299
5.925 8.530172253150434
5.935 8.697713185684961
5.945 8.836491722648478
5.955 8.936228540310381
5.965 8.98897980090924
5.975 8.989485400776891
5.985 8.93538465052994
5.995 8.827288864306304
6.005 8.668707611291998
6.015 8.465832904668186
6.025 8.227192893868152
6.035 7.963193231428965
6.045 7.685569815102376
6.055 7.406780763655794
6.065 7.137187152563593
6.075 6.893880346778914
6.085 6.684526710953445
6.095 6.51832920365036
6.105 6.402307386744304
6.115 6.340952762479336
6.125 6.336005803369896
6.135 6.385301089248969
6.1450000000000005 6.487429836113231
6.155 6.634332951666526
6.165 6.817218452959831
6.175 7.025384674087636
6.185 7.246727566730718
6.195 7.468311902199428
6.205 7.6769777615652215
6.215 7.859951487582681
6.225 8.005429713307947
6.235 8.103106334584176
6.245 8.1446153965328
6.255 8.123867714899555
6.265 8.037265395285015
6.275 7.883785845032165
6.285 7.664934873390562
6.295 7.384576450955111
6.305 7.048654037415254
6.315 6.664824520253586
6.325 6.242030273046494
6.335 5.7900373295452745
6.345 5.31896805114471
6.355 4.838855006142409
6.365 4.358255960826247
6.375 3.888182590860883
6.385 3.4348258653330097
6.3950000000000005 3.0045628541227956
6.405 2.601417195366067
6.415 2.2312519287671324
6.425 1.894901521852153
6.435 1.5933969370310095
6.445 1.326662537460034
6.455 1.0936943192418622
6.465 0.8927508893623122
6.475 0.7215448064029164
6.485 0.5774239902481392
6.495 0.4575353631882198
6.505 0.35896544695009014
6.515 0.2788550854592973
6.525 0.2144876213740218
6.535 0.16335161424563607
6.545 0.12318049572199205
6.555 0.0919724093109407
6.565 0.06799391557012369
6.575 0.0497713223627918
6.585 0.03607320325111109
6.595 0.02588727845701009
6.605 0.018394330667243802
6.615 0.012941280074394584
6.625 0.009015003009097754
6.635 0.006217984621348662
6.6450000000000005 0.004246472042950773
6.655 0.0019772955230592834
6.665 0.0013320645255811888
6.675 0.0
6.685 0.0
6.695 0.0
6.705 0.0
6.715 0.0
6.725 0.0
6.735 0.0
6.745 0.0
6.755 0.0
6.765 0.0
6.775 0.0
6.785 0.0
6.795 0.0
6.805 0.0
6.815 0.0
6.825 0.0
6.835 0.0
6.845 0.0
6.855 0.0
6.865 0.0
6.875 0.0
6.885 0.0
6.8950000000000005 0.0
6.905 0.0
6.915 0.0
6.925 0.0
6.935 0.0
6.945 0.0
6.955 0.0
6.965 0.0
6.975 0.0
6.985 0.0
6.995 0.0
