0.005 0.0
0.015 0.0
0.025 0.0
0.034999999999999996 0.0
0.045 0.0
0.055 0.0
0.065 0.0
0.07500000000000001 0.0
0.085 0.0
0.095 0.0
0.10500000000000001 0.0
0.115 0.0
0.125 0.0
0.135 0.0
0.14500000000000002 0.0
0.155 0.0
0.165 0.0
0.17500000000000002 0.0
0.185 0.0
0.195 0.0
0.20500000000000002 0.0
0.215 0.0
0.225 0.0
0.23500000000000001 0.0
0.245 0.0
0.255 0.0
0.265 0.0
0.275 0.0
0.28500000000000003 0.0
0.295 0.0
0.305 0.0
0.315 0.0
0.325 0.0
0.335 0.0
0.34500000000000003 0.0
0.35500000000000004 0.0
0.365 0.0
0.375 0.0
0.385 0.0
0.395 0.0
0.405 0.0
0.41500000000000004 0.0
0.425 0.0
0.435 0.0
0.445 0.0
0.455 0.0
0.465 0.0
0.47500000000000003 0.0
0.485 0.0
0.495 0.0
0.505 0.0
0.515 0.0
0.525 0.0
0.535 0.0
0.545 0.0
0.555 0.0
0.5650000000000001 0.0
0.5750000000000001 0.0
0.585 0.0
0.595 0.0
0.605 0.0
0.615 0.0
0.625 0.0
0.635 0.0
0.645 0.0
0.655 0.0
0.665 0.0
0.675 0.0
0.685 0.0
0.6950000000000001 0.0
0.7050000000000001 0.0
0.715 0.0
0.725 0.0
0.735 0.0
0.745 0.0
0.755 0.0
0.765 0.0
0.775 0.0
0.785 0.0
0.795 0.0
0.805 0.0
0.8150000000000001 0.0
0.8250000000000001 0.0
0.8350000000000001 0.0
0.845 0.0
0.855 0.0
0.865 0.0
0.875 0.0
0.885 0.0
0.895 0.0
0.905 0.0
0.915 0.0
0.925 0.0
0.935 0.0
0.9450000000000001 0.0
0.9550000000000001 0.0
0.965 0.0
0.975 0.0
0.985 0.0
0.995 0.0
1.005 0.0
1.015 0.0
1.025 0.0
1.035 0.0
1.045 0.0
1.055 0.0
1.065 0.0
1.075 0.0
1.085 0.0
1.095 0.0
1.105 0.0
1.115 0.0
1.125 0.0
1.135 0.0
1.145 0.0
1.155 0.0
1.1649999999999998 0.0
1.1749999999999998 0.0
1.1849999999999998 0.0
1.1949999999999998 0.0
1.2049999999999998 0.0
1.2149999999999999 0.0
1.2249999999999999 0.0
1.2349999999999999 0.0
1.2449999999999999 0.0
1.255 0.0
1.265 0.0
1.275 0.0
1.285 0.0
1.295 0.0
1.305 0.0
1.315 0.0
1.325 0.0
1.335 0.0
1.345 0.0
1.355 0.0
1.365 0.0
1.375 0.0
1.385 0.0
1.395 0.0
1.405 0.0
1.4149999999999998 0.0
1.4249999999999998 0.0
1.4349999999999998 0.0
1.4449999999999998 0.0
1.4549999999999998 0.0
1.4649999999999999 0.0
1.4749999999999999 0.0
1.4849999999999999 0.0
1.4949999999999999 0.0
1.505 0.0
1.515 0.0
1.525 0.0
1.535 0.0
1.545 0.0
1.555 0.0
1.565 0.0
1.575 0.0
1.585 0.0
1.595 0.0
1.605 0.0
1.615 0.0
1.625 0.0
1.635 0.0
1.645 0.0
1.655 0.0
1.665 0.0
1.6749999999999998 0.0
1.6849999999999998 0.0
1.6949999999999998 0.0
1.7049999999999998 0.0
1.7149999999999999 0.0
1.7249999999999999 0.0
1.7349999999999999 0.0
1.7449999999999999 0.0
1.755 0.0
1.765 0.0
1.775 0.0
1.785 0.0
1.795 0.0
1.805 0.0
1.815 0.0
1.825 0.0
1.835 0.0
1.845 0.0
1.855 0.0
1.865 0.0
1.875 0.0
1.885 0.0
1.895 0.0
1.905 0.0
1.915 0.0
1.9249999999999998 0.0
1.9349999999999998 0.0
1.9449999999999998 0.0
1.9549999999999998 0.0
1.9649999999999999 0.0
1.9749999999999999 0.009269144146482744
1.9849999999999999 0.013758971034406108
1.9949999999999999 0.020220380880457106
2.005 0.029420480581375114
2.015 0.04238061440395285
2.025 0.06044241237948062
2.035 0.08534407700022234
2.045 0.11930593187814668
2.0549999999999997 0.16512306596664691
2.065 0.22626141859456445
2.0749999999999997 0.30695189768104336
2.085 0.4122751846241824
2.0949999999999998 0.5482278856500078
2.105 0.7217588282760541
2.1149999999999998 0.9407628138165094
2.125 1.2140183055745934
2.135 1.5510556618229834
2.145 1.9619439074326903
2.155 2.456986923172187
2.165 3.0463244673850745
2.175 3.7394396397257816
2.185 4.544582077473943
2.195 5.4681249582904785
2.205 6.5138831685271406
2.215 7.68242898505086
2.225 8.970449365019403
2.235 10.370194429048079
2.245 11.869068984920602
2.255 13.449417159606229
2.265 15.088543862186452
2.275 16.759005762547947
2.285 18.429189089895235
2.295 20.06417268758087
2.305 21.626853740555724
2.315 23.079292138271075
2.3249999999999997 24.38420950204422
2.335 25.506562480989118
2.3449999999999998 26.41509880904135
2.355 27.083800219056926
2.3649999999999998 27.49311944180676
2.375 27.630929276498815
2.385 27.49311944180676
2.395 27.083800219056926
2.405 26.41509880904135
2.415 25.513160449681457
2.425 24.39400342246332
2.435 23.093685423982038
2.445 21.64779584769332
2.455 20.094340086272744
2.465 18.47221325029958
2.475 16.819755443341045
2.485 15.173468294356496
2.495 13.566955176322084
2.505 12.030126546716922
2.515 10.588689144304185
2.525 9.263915376313532
2.535 8.07266894341406
2.545 7.027646044271356
2.555 6.137779404740462
2.565 5.408745439864527
2.5749999999999997 4.84351316960679
2.585 4.442876756657437
2.5949999999999998 4.205921079377719
2.605 4.13038072801442
2.6149999999999998 4.212866210876118
2.625 4.44894590979313
2.635 4.833087359690359
2.645 5.3584757173756925
2.655 6.016739878067009
2.665 6.797626747968743
2.675 7.688670974980129
2.685 8.674910434311212
2.695 9.738696628630532
2.705 10.859643814471706
2.715 12.014751322002217
2.725 13.178720725751411
2.735 14.32447409987146
2.745 15.423862690019446
2.755 16.448538310043222
2.765 17.370944093996478
2.775 18.16536835235792
2.785 18.802814174945002
2.795 19.27880968198217
2.805 19.570171578420116
2.815 19.668267471679002
2.8249999999999997 19.570171578420116
2.835 19.27880968198217
2.8449999999999998 18.802814174945002
2.855 18.156099208211437
2.8649999999999998 17.357185122962072
2.875 16.428317929162766
2.885 15.39444220943807
2.895 14.282093485467508
2.905 13.118278313371931
2.915 11.929407245001995
2.925 10.74033788259356
2.935 9.573573562663885
2.945 8.448649015716647
2.955 7.381719077299086
2.965 6.38535156334456
2.975 5.4685119924170005
2.985 4.636716889099638
2.995 3.89232454587385
3.005 3.2349276042185364
3.015 2.6618105490531345
3.025 2.1684368205817295
3.035 1.7489341562055323
3.045 1.3965522892723632
3.055 1.1040735298810078
3.065 0.8641633623905837
3.075 0.6696544464499836
3.085 0.5137628757442154
3.0949999999999998 0.3902399583631994
3.105 0.2934660112941283
3.1149999999999998 0.2184947152561058
3.125 0.16105756179631867
3.135 0.11753801671585438
3.145 0.08492443217004389
3.155 0.06074968079309698
3.165 0.043024160404343176
3.175 0.03016739869187121
3.185 0.02094210713759773
3.195 0.014393285710962815
3.205 0.009793920419099041
3.215 0.006597968692338932
3.225 0.0
3.235 0.0
3.245 0.0
3.255 0.0
3.265 0.0
3.275 0.0
3.285 0.0
3.295 0.0
3.305 0.0
3.315 0.0
3.325 0.0
3.335 0.0
3.3449999999999998 0.0
3.355 0.0
3.3649999999999998 0.0
3.375 0.0
3.385 0.0
3.395 0.0
3.405 0.0
3.415 0.0
3.425 0.0
3.435 0.0
3.445 0.0
3.455 0.0
3.465 0.0
3.475 0.0
3.485 0.0
3.495 0.0
3.505 0.0
3.515 0.0
3.525 0.0
3.535 0.0
3.545 0.0
3.555 0.0
3.565 0.0
3.575 0.0
3.585 0.0
3.5949999999999998 0.0
3.605 0.0
3.6149999999999998 0.0
3.625 0.0
3.635 0.0
3.645 0.0
3.655 0.0
3.665 0.0
3.675 0.0
3.685 0.0
3.695 0.0
3.705 0.0
3.715 0.0
3.725 0.0
3.735 0.0
3.745 0.0
3.755 0.0
3.765 0.0
3.775 0.0
3.785 0.0
3.795 0.0029710049102526187
3.805 0.0044101127199273945
3.815 0.0064811648123750615
3.825 0.009430039158731298
3.835 0.013584103505548086
3.8449999999999998 0.019373385625369926
3.855 0.027355025212856654
3.8649999999999998 0.03824069448383113
3.875 0.05292629308920936
3.885 0.07252274589992812
3.895 0.09838617037450956
3.905 0.13214505876020266
3.915 0.17572148134319843
3.925 0.2313427204214992
3.935 0.3015392678182171
3.945 0.38912485230552085
3.955 0.49715420480323713
3.965 0.6288547130680425
3.975 0.7875290423594266
3.985 0.9764272523756246
3.995 1.1985889264042058
4.005 1.4566582905439625
4.015 1.7526781161473817
4.025 2.0878711747998437
4.035 2.462420896314803
4.045 2.875265363173597
4.055 3.3239205348497327
4.065 3.804349320396214
4.075 4.310892547332803
4.085 4.8362758410795
4.095 5.371702891293964
4.1049999999999995 5.907040651517897
4.115 6.431095970988763
4.125 6.931976419946798
4.135 7.397521193364653
4.145 7.818312631897655
4.155 8.179282329245476
4.165 8.472256519335502
4.175 8.691603087168398
4.185 8.827549562724293
4.195 8.878394517699705
4.205 8.84350186320543
4.215 8.725070580693536
4.225 8.528112545987016
4.235 8.260308018526741
4.245 7.931750193951571
4.255 7.557009674015942
4.265 7.14623332450656
4.275 6.716164814287939
4.285 6.282689598172809
4.295 5.8619790638124645
4.305 5.470050622068712
4.315 5.122366831748354
4.325 4.833481285414354
4.335 4.616733070209496
4.345 4.483986557458726
4.355 4.445409645844524
4.365 4.50928176901095
4.375 4.681823126519173
4.385 4.967038603247267
4.395 5.366573367017155
4.405 5.8795816444585505
4.415 6.502615008836154
4.425 7.229540958709171
4.435 8.051505945651144
4.445 8.956958761635889
4.455 9.931749945160572
4.465 10.959320464512459
4.475 12.020988494235395
4.485 13.096336968578942
4.495 14.163697332554271
4.505 15.20071722177185
4.515 16.184992457411905
4.525 17.09473749244703
4.535 17.90946393399631
4.545 18.610634461785697
4.555 19.182259604885136
4.565 19.611407420739127
4.575 19.88860089471416
4.585 20.008084394222305
4.595 19.967948173418108
4.605 19.7681264730267
4.615 19.41883691921263
4.625 18.92616426270253
4.635 18.302117926362293
4.645 17.56118482201791
4.655 16.71978996373057
4.665 15.795720450452865
4.675 14.80753883380088
4.685 13.77401003894374
4.695 12.71356316995842
4.705 11.643806011854277
4.715 10.5811061259217
4.725 9.540248369587387
4.735 8.536157489827044
4.745 7.576751235564464
4.755 6.6722844924964075
4.765 5.829604752575758
4.775 5.053542285815172
4.785 4.347041529505085
4.795 3.7113452419809425
4.805 3.1462192867195666
4.815 2.65020526634511
4.825 2.220888097890627
4.835 1.855165978028071
4.845 1.549510978269824
4.855 1.300209668082878
4.865 1.1035746121500494
4.875 0.9561192496527005
4.885 0.8546904690376231
4.895 0.7965550859815277
4.905 0.7794383770930864
4.915 0.8015147950964485
4.925 0.8613529806887305
4.935 0.9578191803834997
4.945 1.0899451559282647
4.955 1.2550804375588762
4.965 1.4560409748942833
4.975 1.6888888714413193
4.985 1.949994755237686
4.995 2.240584520705465
5.005 2.5547382891702046
5.015 2.8881011867881723
5.025 3.2353658617479213
5.035 3.5920824404405916
5.045 3.9485397021212267
5.055 4.298356817920499
5.065 4.63198600231693
5.075 4.945163155448036
5.085 5.2277571228032125
5.095 5.4726034259943175
5.105 5.673440629928209
5.115 5.825236698534663
5.125 5.92447195863376
5.135 5.96936009521835
5.145 5.9599920223160305
5.155 5.898392077744452
5.165 5.788481391170657
5.175 5.6359490140938755
5.185 5.44971317958974
5.195 5.235738714760628
5.205 5.004665530688975
5.215 4.7665744207077205
5.225 4.53170236942003
5.235 4.3100397762127995
5.245 4.110946524486896
5.255 3.942803855854076
5.265 3.8127163022035306
5.275 3.7262747865736268
5.285 3.687388669410043
5.295 3.6981911785994033
5.305 3.7590194427926757
5.315 3.8684673100238784
5.325 4.023506295621837
5.335 4.219667364743695
5.345 4.451273825064364
5.355 4.711713427357215
5.365 4.993735936657452
5.375 5.289761083157898
5.385 5.592181102089583
5.395 5.893642203312408
5.405 6.187290420942468
5.415 6.466969458112254
5.425 6.7273613357559245
5.435 6.964064726766821
5.445 7.1736105302142
5.455 7.353419126732401
5.465 7.501708395130105
5.475 7.617365481294893
5.485 7.699798054868886
5.495 7.748782031038942
5.505 7.7643222922713395
5.515 7.7465408231083455
5.525 7.695603071268344
5.535 7.611688649454498
5.545 7.493684704666546
5.555 7.3449817373935335
5.565 7.164132323930822
5.575 6.951935360028157
5.585 6.709569287568753
5.595 6.440150679647625
5.605 6.143697841743004
5.615 5.824095954012402
5.625 5.484890953591838
5.635 5.130219669947986
5.645 4.764727171998077
5.655 4.393448010718731
5.665 4.021661039639196
5.675 3.654729591641432
5.685 3.2979395349059475
5.695 2.9563471235930554
5.705 2.6346467510468683
5.715 2.3370659786366477
5.725 2.0672919078320704
5.735 1.8284294793720912
5.745 1.622989005440534
5.755 1.4528975044183856
5.765 1.3195264703724856
5.775 1.2237277307426162
5.785 1.1658690803795384
5.795 1.1458623806503259
5.805 1.1631786405293962
5.815 1.2168470412121624
5.825 1.305437664355946
5.835 1.4270305466611661
5.845 1.577995781724485
5.855 1.7580762505922012
5.865 1.9619377630067343
5.875 2.185381652984851
5.885 2.423589435755848
5.895 2.6711696053762033
5.905 2.9222417540613947
5.915 3.170560062472688
5.925 3.4096746421351924
5.935 3.6331255075766724
5.945 3.835959152730392
5.955 4.010393038600359
5.965 4.152225502262675
5.975 4.257295872706706
5.985 4.322540669874473
5.995 4.345023759687374
6.005 4.326884035305387
6.015 4.267401492441967
6.025 4.168871058753882
6.035 4.034846201508455
6.045 3.8700031618187305
6.055 3.679958694869577
6.065 3.4710528791359088
6.075 3.2501099853826605
6.085 3.0241906793220132
6.095 2.8003480253142756
6.105 2.585398032723179
6.115 2.3857131027341314
6.125 2.2070440091524905
6.135 2.0543733151574197
6.1450000000000005 1.931800696926065
6.155 1.842458760012482
6.165 1.7884567510360108
6.175 1.770849135849447
6.185 1.7896262789263813
6.195 1.843725264786452
6.205 1.9310600265797362
6.215 2.048571125626077
6.225 2.1922964921732246
6.235 2.3574649593880874
6.245 2.5386143333928857
6.255 2.7297349656842527
6.265 2.924438356243051
6.275 3.1161483428083954
6.285 3.2983101378318955
6.295 3.4646101345438596
6.305 3.6091973196255323
6.315 3.7268955934729613
6.325 3.8133955525780143
6.335 3.8654144938574815
6.345 3.8808146160653867
6.355 3.8586715635716833
6.365 3.7992884183952524
6.375 3.7041537415663135
6.385 3.5758459763475328
6.3950000000000005 3.4178901093626877
6.405 3.234734369257309
6.415 3.0317822751955106
6.425 2.813624398741735
6.435 2.585669911239997
6.445 2.3532416396465003
6.455 2.121395754984757
6.465 1.894773340583762
6.475 1.6785960615336204
6.485 1.4747076248257533
6.495 1.2868095892391076
6.505 1.1172735475593836
6.515 0.9679260716126952
6.525 0.8401218831047581
6.535 0.7348346509588177
6.545 0.652756488793963
6.555 0.5943972997945379
6.565 0.5601757237078214
6.575 0.5504944855403653
6.585 0.5657943249865447
6.595 0.6065823011158058
6.605 0.6734320299500958
6.615 0.7669552467489983
6.625 0.8877459234548475
6.635 1.036299953693872
6.6450000000000005 1.2129150821239105
6.655 1.4175772368214765
6.665 1.6498406516645197
6.675 1.9087100639913777
6.685 2.1925337642551104
6.695 2.4989162889437284
6.705 2.8246590323212755
6.715 3.1657359801256435
6.725 3.5184163194024975
6.735 3.8754361838161095
6.745 4.231369279766326
6.755 4.578713500224588
6.765 4.912582112611433
6.775 5.2247547416670015
6.785 5.5084968651476505
6.795 5.75865405287562
6.805 5.9679436815485705
6.815 6.132573283443693
6.825 6.249193105555161
6.835 6.3158290151138115
6.845 6.332011436939382
6.855 6.298845569942721
6.865 6.219018009296599
6.875 6.096738099280162
6.885 5.937615601423016
6.8950000000000005 5.74847937671546
6.905 5.537144564656089
6.915 5.312138047116205
6.925 5.082393708328264
6.935 4.8569300905569595
6.945 4.644523493739704
6.955 4.453389414786882
6.965 4.290884539180119
6.975 4.16324037522938
6.985 4.075338158601488
6.995 4.030532946217107
