0.005 0.0
0.015 0.0
0.025 0.0
0.034999999999999996 0.0
0.045 0.0
0.055 0.0
0.065 0.0
0.07500000000000001 0.0
0.085 0.0
0.095 0.0
0.10500000000000001 0.0
0.115 0.0
0.125 0.0
0.135 0.0
0.14500000000000002 0.0
0.155 0.0
0.165 0.0
0.17500000000000002 0.0
0.185 0.0
0.195 0.0
0.20500000000000002 0.0
0.215 0.0
0.225 0.0
0.23500000000000001 0.0
0.245 0.0
0.255 0.0
0.265 0.0
0.275 0.0
0.28500000000000003 0.0
0.295 0.0
0.305 0.0
0.315 0.0
0.325 0.0
0.335 0.0
0.34500000000000003 0.0
0.35500000000000004 0.0
0.365 0.0
0.375 0.0
0.385 0.0
0.395 0.0
0.405 0.0
0.41500000000000004 0.0
0.425 0.0
0.435 0.0
0.445 0.0
0.455 0.0
0.465 0.0
0.47500000000000003 0.0
0.485 0.0
0.495 0.0
0.505 0.0
0.515 0.0
0.525 0.0
0.535 0.0
0.545 0.0
0.555 0.0
0.5650000000000001 0.0
0.5750000000000001 0.0
0.585 0.0
0.595 0.0
0.605 0.0
0.615 0.0
0.625 0.0
0.635 0.0
0.645 0.0
0.655 0.0
0.665 0.0
0.675 0.0
0.685 0.0
0.6950000000000001 0.0
0.7050000000000001 0.0
0.715 0.0
0.725 0.0
0.735 0.0
0.745 0.0
0.755 0.0
0.765 0.0
0.775 0.0
0.785 0.0
0.795 0.0
0.805 0.0
0.8150000000000001 0.0
0.8250000000000001 0.0
0.8350000000000001 0.0
0.845 0.0
0.855 0.0
0.865 0.0
0.875 0.0
0.885 0.0
0.895 0.0
0.905 0.0
0.915 0.0
0.925 0.0
0.935 0.0
0.9450000000000001 0.0
0.9550000000000001 0.0
0.965 0.0
0.975 0.0
0.985 0.0
0.995 0.0
1.005 0.0
1.015 0.0
1.025 0.0
1.035 0.0
1.045 0.0
1.055 0.0
1.065 0.0
1.075 0.0
1.085 0.0
1.095 0.0
1.105 0.0
1.115 0.0
1.125 0.0
1.135 0.0
1.145 0.0
1.155 0.0
1.1649999999999998 0.0
1.1749999999999998 0.0
1.1849999999999998 0.0
1.1949999999999998 0.0
1.2049999999999998 0.0
1.2149999999999999 0.0
1.2249999999999999 0.0
1.2349999999999999 0.0
1.2449999999999999 0.0
1.255 0.0
1.265 0.0
1.275 0.0
1.285 0.0
1.295 0.0
1.305 0.0
1.315 0.0
1.325 0.0
1.335 0.0
1.345 0.0
1.355 0.0
1.365 0.0
1.375 0.0
1.385 0.0
1.395 0.0
1.405 0.0
1.4149999999999998 0.0
1.4249999999999998 0.0
1.4349999999999998 0.0
1.4449999999999998 0.0
1.4549999999999998 0.0
1.4649999999999999 0.0
1.4749999999999999 0.0
1.4849999999999999 0.0
1.4949999999999999 0.0
1.505 0.0
1.515 0.0
1.525 0.0
1.535 0.0
1.545 0.0
1.555 0.0
1.565 0.0
1.575 0.013403936995903394
1.585 0.019896592172818958
1.595 0.029240316805048534
1.605 0.042544409912061924
1.615 0.061285818446767566
1.625 0.08740464865058702
1.635 0.1234144828267223
1.645 0.1725260896648197
1.655 0.2387813953273335
1.665 0.32719243023058237
1.6749999999999998 0.4438774316451774
1.6849999999999998 0.5961834784686038
1.6949999999999998 0.7927821514609257
1.7049999999999998 1.0437220208858573
1.7149999999999999 1.3604196121246241
1.7249999999999999 1.7555692977296107
1.7349999999999999 2.242952751587486
1.7449999999999999 2.837130603336578
1.755 3.553003103361527
1.765 4.405233167660127
1.775 5.4075341303099425
1.785 6.571835638383864
1.795 7.90735382559183
1.805 9.419605328151523
1.815 11.109417704999059
1.825 12.972000026484379
1.835 14.996145336133766
1.845 17.174013670535448
1.855 19.464350641349903
1.865 21.841892676773746
1.875 24.267813007286826
1.885 26.697538600435045
1.895 29.082072127481695
1.905 31.369705234408727
1.915 33.50805834325168
1.9249999999999998 35.44635205195129
1.9349999999999998 37.1377897834358
1.9449999999999998 38.541913304645426
1.9549999999999998 39.62678420851818
1.9649999999999999 40.37084674956711
1.9749999999999999 40.764340898878515
1.9849999999999999 40.81015844730328
1.9949999999999999 40.52406775283408
2.005 39.93427178682699
2.015 39.08030640090988
2.025 38.01132787917772
2.035 36.783877614023346
2.045 35.45924430510837
2.0549999999999997 34.100568235229794
2.065 32.76984653575382
2.0749999999999997 31.52500238825319
2.085 30.417175100759778
2.0949999999999998 29.48837291487817
2.105 28.76960771942245
2.1149999999999998 28.27960235400587
2.125 28.02412879766583
2.135 27.99600115229987
2.145 28.175712735725558
2.155 28.53267342402691
2.165 29.0269730913091
2.175 29.611570896753946
2.185 30.234789429497646
2.195 30.842978353038596
2.205 31.383205010718136
2.215 31.805830016732354
2.225 32.066834363890514
2.235 32.12978078581461
2.245 31.967315259289407
2.255 31.56214332515091
2.265 30.90744854462951
2.275 30.006754696790047
2.285 28.87326683761214
2.295 27.528756645004403
2.305 26.002082351502338
2.315 24.327451249270727
2.3249999999999997 22.542542101575822
2.335 20.686605416881847
2.3449999999999998 18.798651817486096
2.355 16.91582376410586
2.3649999999999998 15.072025363354273
2.375 13.296860954868007
2.385 11.605967758738945
2.395 10.039420844433693
2.405 8.59791238431837
2.415 7.290115778963066
2.425 6.119738872870925
2.435 5.086141193299405
2.445 4.185053249613146
2.455 3.4093423988362184
2.465 2.7497759284149867
2.475 2.1957406767934904
2.485 1.7358885724170046
2.495 1.3586878635129873
2.505 1.0528696410157072
2.515 0.8077678531361937
2.525 0.6135579432795333
2.535 0.4614043191970922
2.545 0.34353009023543823
2.555 0.25322405931940667
2.565 0.1848001011885506
2.5749999999999997 0.13352312806455058
2.585 0.0955141789135034
2.5949999999999998 0.06764508555130809
2.605 0.04743093755214912
2.6149999999999998 0.0329263979967045
2.625 0.02262996033233955
2.635 0.015398570905425017
2.645 0.010373709851943202
2.655 0.0
2.665 0.0
2.675 0.0
2.685 0.0
2.695 0.0
2.705 0.0
2.715 0.0
2.725 0.0
2.735 0.0
2.745 0.0
2.755 0.0
2.765 0.0
2.775 0.005186563355224346
2.785 0.007698852649704749
2.795 0.01131434411267121
2.805 0.016462273545972596
2.815 0.023714135648957798
2.8249999999999997 0.03382064149555042
2.835 0.04775440486841092
2.8449999999999998 0.06675781113781601
2.855 0.09732960672840049
2.8649999999999998 0.13392997763188513
2.875 0.1825204104392368
2.885 0.2463522039151568
2.895 0.32932451599888174
2.905 0.4360398366969482
2.915 0.5718411061559714
2.925 0.7475515513916396
2.935 0.9628243734871798
2.945 1.2285832625498445
2.955 1.5532376222191344
2.965 1.9456871405999034
2.975 2.4151151070140995
2.985 2.9707239061358486
2.995 3.621415549165878
3.005 4.375424247540902
3.015 5.239912373954126
3.025 6.220545332911897
3.035 7.321064482343294
3.045 8.54287991085657
3.055 9.884706228125234
3.065 11.342264305560557
3.075 12.908069980233165
3.085 14.571327138027875
3.0949999999999998 16.31793752668335
3.105 18.130633483613593
3.1149999999999998 19.989232996540203
3.125 21.87100972576922
3.135 23.75116439784231
3.145 25.603378866030496
3.155 27.400430534090763
3.165 29.114842989780087
3.175 30.71954862221839
3.185 32.18854052446183
3.195 33.497493754130474
3.205 34.62433956204808
3.215 35.549779972480586
3.225 36.25773360884908
3.235 36.735706509827956
3.245 36.97508363833899
3.255 36.971337809288045
3.265 36.724153003768194
3.275 36.23745881301879
3.285 35.51937248424487
3.295 34.58204517103409
3.305 33.441409920344306
3.315 32.11683092757898
3.325 30.630656753685034
3.335 29.007684410684668
3.3449999999999998 27.27454617217386
3.355 25.459036177984906
3.3649999999999998 23.5893988019961
3.375 21.693604741548462
3.385 19.79864332914162
3.395 17.929860260101186
3.405 16.110368562824753
3.415 14.360557221020251
3.425 12.69771662128202
3.435 11.135793368581373
3.445 9.685279551947081
3.455 8.353233891372236
3.465 7.143424993379319
3.475 6.056580755800422
3.485 5.090723234967547
3.495 4.241565299116297
3.505 3.5029442384781424
3.515 2.8672681088650336
3.525 2.3259527254597048
3.535 1.8698305599875347
3.545 1.4895169258093945
3.555 1.175723342949672
3.565 0.9195124656402534
3.575 0.7124930953568749
3.585 0.5434980240459307
3.5949999999999998 0.41368044494611667
3.605 0.3118869211411972
3.6149999999999998 0.23290742360707237
3.625 0.17227123725465893
3.635 0.12620460363505515
3.645 0.09157158845448274
3.655 0.06580516770887956
3.665 0.04354292793689106
3.675 0.03083798781448794
3.685 0.021622778097508493
3.695 0.015010460137968121
3.705 0.010316528322544748
3.715 0.010107535044482502
3.725 0.00931241267214918
3.735 0.006735615824916436
3.745 0.009800263197419907
3.755 0.014117416419432602
3.765 0.02013398618583051
3.775 0.02842898553712057
3.785 0.03974202699324627
3.795 0.05500418329204711
3.805 0.07536999429751286
3.815 0.10224881874044243
3.825 0.13733308359482357
3.835 0.18262031976922852
3.8449999999999998 0.24042525283032326
3.855 0.3133777218983893
3.8649999999999998 0.40440192294644917
3.875 0.5166725158574238
3.885 0.6535435958713394
3.895 0.8184474911313939
3.905 1.014761858921284
3.915 1.245645616794504
3.925 1.5138468033631378
3.935 1.8214883893348925
3.945 2.169841152398529
3.955 2.559095723835619
3.965 2.988148495166743
3.975 3.454417902249597
3.985 3.953708357646367
3.995 4.480138509344364
4.005 5.02614839027658
4.015 5.582596346302446
4.025 6.138951506806113
4.035 6.6835812770936665
4.045 7.204126329728528
4.055 7.687948425573571
4.065 8.122629755149
4.075 8.496497019609372
4.085 8.799139769264725
4.095 9.021891053034956
4.1049999999999995 9.158239475475451
4.115 9.204145341881661
4.125 9.158239475475451
4.135 9.021891053034956
4.145 8.799139769264725
4.155 8.496497019609372
4.165 8.122629755149
4.175 7.687948425573571
4.185 7.204126329728528
4.195 6.6835812770936665
4.205 6.138951506806113
4.215 5.582596346302446
4.225 5.02614839027658
4.235 4.4825722139284405
4.245 3.957320910256342
4.255 3.4597269613021764
4.265 2.9958731305079467
4.275 2.5702231692524675
4.285 2.185710899783611
4.295 1.8438963126703007
4.305 1.545171744342674
4.315 1.2890002950937203
4.325 1.0741690105343302
4.335 0.8990407183670341
4.345 0.7664348333400999
4.355 0.6675091161366923
4.365 0.6040382926405323
4.375 0.5751254876554478
4.385 0.5804126623202992
4.395 0.6224241380533757
4.405 0.6985982239380135
4.415 0.812094280845611
4.425 0.9651657578763566
4.435 1.1605973007587835
4.445 1.401594632735473
4.455 1.691648687271083
4.465 2.0343793678215616
4.475 2.4333647814033625
4.485 2.8919620701850173
4.495 3.413125976585972
4.505 3.9992309646174653
4.515 4.6519020613074025
4.525 5.3697992189160555
4.535 6.157414014554939
4.545 7.010263468913183
4.555 7.925650292928296
4.565 8.899496323586462
4.575 9.92627933064409
4.585 10.998985838690231
4.595 12.109081344453067
4.605 13.246501027435443
4.615 14.399666185666094
4.625 15.55553383702592
4.635 16.69968877740053
4.645 17.816488410011644
4.655 18.889270419106136
4.665 19.900631527802975
4.675 20.832782004002667
4.685 21.667975337676864
4.695 22.389005935374108
4.705 22.97976032780175
4.715 23.42580001489212
4.725 23.714947535261846
4.735 23.837842498662972
4.745 23.788431902964085
4.755 23.56435959502503
4.765 23.167223450925277
4.775 22.602675622875935
4.785 21.88035055765549
4.795 21.013616660299583
4.805 20.01915946213341
4.815 18.916415850877453
4.825 17.726889247110066
4.835 16.473383621168615
4.845 15.179199237276054
4.855 13.867334602731587
4.865 12.559737251957888
4.875 11.276641006828495
4.885 10.036019811600891
4.895 8.853178936057443
4.905 7.742351967368104
4.915 6.710057256265194
4.925 5.765811556942078
4.935 4.9122675485819025
4.945 4.150864405145546
4.955 3.4791504857900817
4.965 2.895819148413543
4.975 2.397087375064051
4.985 1.97837383610243
4.995 1.634742560634583
5.005 1.3613157146236428
5.015 1.153642000486819
5.025 1.0080105274538838
5.035 0.9217027674085845
5.045 0.8915540504785622
5.055 0.9211113412340608
5.065 1.0090988457369479
5.075 1.1579439437465489
5.085 1.3712326325260231
5.095 1.6535168565735479
5.105 2.010040469868352
5.115 2.446386628977364
5.125 2.9680527944178814
5.135 3.5799639191048818
5.145 4.285939643982339
5.155 5.085039367847866
5.165 5.984450604210352
5.175 6.976883014683786
5.185 8.056462083738843
5.195 9.213755415934688
5.205 10.434067996106656
5.215 11.704009643753412
5.225 13.000864395853075
5.235 14.300987479592887
5.245 15.578144402376982
5.255 16.804320452428534
5.265 17.95232612815745
5.275 18.991168344315394
5.285 19.894969243531822
5.295 20.63942393115966
5.305 21.203993150515117
5.315 21.57287376857208
5.325 21.735771828549183
5.335 21.688427816801415
5.345 21.43285949759295
5.355 20.977306271409276
5.365 20.335878909826615
5.375 19.527937977435705
5.385 18.577241585002472
5.395 17.510916875200664
5.405 16.358318752824317
5.415 15.149843252470806
5.425 13.915761537728411
5.435 12.685134310685143
5.445 11.484856280363731
5.455 10.33886750860898
5.465 9.267554298214993
5.475 8.287348186573652
5.485 7.4105187849074055
5.495 6.645145614426269
5.505 5.995246344992611
5.515 5.461034170301427
5.525 5.039275328523213
5.535 4.723718571979277
5.545 4.505571067479611
5.555 4.375473391572166
5.565 4.318824142108183
5.575 4.323298924206434
5.585 4.375075480354497
5.595 4.4602869406844
5.605 4.565462506427728
5.615 4.679377857524626
5.625 4.788338225394896
5.635 4.883370975410951
5.645 4.956308231135428
5.655 5.000953813305035
5.665 5.013217433830834
5.675 4.99117485743382
5.685 4.935051149290402
5.695 4.847126988075287
5.705 4.731571243408648
5.715 4.592967185796327
5.725 4.441397301568372
5.735 4.2820403748077585
5.745 4.125450000069531
5.755 3.9806412425070334
5.765 3.8577529587682617
5.775 3.7635924584790645
5.785 3.7058928777813014
5.795 3.691175184432029
5.805 3.7244821896294122
5.815 3.809162891502802
5.825 3.946713804148194
5.835 4.13668230903501
5.845 4.376635563916951
5.855 4.662197034852342
5.865 4.988483229929029
5.875 5.345592245105163
5.885 5.725179011155939
5.895 6.116899573096863
5.905 6.5096507188492705
5.915 6.891961655762256
5.925 7.252412688672841
5.935 7.580064977908831
5.945 7.864883594491616
5.955 8.098135039745614
5.965 8.272740362901207
5.975 8.383566120879163
5.985 8.427637708655075
5.995 8.40426296828911
6.005 8.31505827799127
6.015 8.163874259900414
6.025 7.956623495356668
6.035 7.701017838949793
6.045 7.406227722654765
6.055 7.083734723261172
6.065 6.742475972793031
6.075 6.393265228521816
6.085 6.04941998362543
6.095 5.719419309346483
6.105 5.41225043815705
6.115 5.13546043516952
6.125 4.89614120914552
6.135 4.696455563834018
6.1450000000000005 4.539417263377127
6.155 4.425370640580244
6.165 4.352933823085143
6.175 4.319204580941256
6.185 4.320035228848565
6.195 4.351562414488382
6.205 4.406342387054092
6.215 4.479446396762961
6.225 4.565351967475451
6.235 4.6590858354479865
6.245 4.756515832975529
6.255 4.854576519757291
6.265 4.951415538035151
6.275 5.046452528939976
6.285 5.140347942656531
6.295 5.234884844384281
6.305 5.332772455071087
6.315 5.437385251471139
6.325 5.5524555919368455
6.335 5.6817407063654946
6.345 5.828686265411262
6.355 5.996108525635309
6.365 6.1849319069136275
6.375 6.39823326047984
6.385 6.635211644852577
6.3950000000000005 6.892305523007804
6.405 7.167128538200307
6.415 7.455268206963794
6.425 7.750235398013387
6.435 8.04786210426547
6.445 8.339689939984877
6.455 8.618346373428077
6.465 8.876409279389483
6.475 9.106715291283052
6.485 9.302652972401896
6.495 9.458428703985911
6.505 9.569295300944685
6.515 9.631735595036709
6.525 9.643595403740186
6.535 9.604162327168504
6.545 9.514188647579
6.555 9.375858267376772
6.565 9.19269917478664
6.575 8.969444452572366
6.585 8.711846417725766
6.595 8.42645014067397
6.605 8.120334333100141
6.615 7.8008293465058145
6.625 7.475223663725076
6.635 7.150471621389199
6.6450000000000005 6.832915977068316
6.655 6.528039138295206
6.665 6.240256243912775
6.675 5.971873280058221
6.685 5.726851892474269
6.695 5.504452364478466
6.705 5.303968837186808
6.715 5.123516262024182
6.725 4.960209470173296
6.735 4.810391436555657
6.745 4.669896483418675
6.755 4.534331777128256
6.765 4.399359316724784
6.775 4.260960812755677
6.785 4.115669401370433
6.795 3.9607548955435536
6.805 3.7943529925807877
6.815 3.6166689080583225
6.825 3.425990626019349
6.835 3.224042137497935
6.845 3.0125989843054937
6.855 2.7941098224689673
6.865 2.570697555363036
6.875 2.347616838084107
6.885 2.127112957638322
6.8950000000000005 1.9126756709484405
6.905 1.7076477220427198
6.915 1.5151158133214695
6.925 1.3378328716169416
6.935 1.1773530572964441
6.945 1.0375697424268417
6.955 0.9188838354646384
6.965 0.8225514365449611
6.975 0.7494961504515867
6.985 0.7003518158575366
6.995 0.675500561713315
