0.005 0.0
0.015 0.0
0.025 0.0
0.034999999999999996 0.0
0.045 0.0
0.055 0.0
0.065 0.0
0.07500000000000001 0.0
0.085 0.0
0.095 0.0
0.10500000000000001 0.0
0.115 0.0
0.125 0.0
0.135 0.0
0.14500000000000002 0.0
0.155 0.0
0.165 0.0
0.17500000000000002 0.0
0.185 0.0
0.195 0.0
0.20500000000000002 0.0
0.215 0.0
0.225 0.0
0.23500000000000001 0.0
0.245 0.0
0.255 0.0
0.265 0.0
0.275 0.0
0.28500000000000003 0.0
0.295 0.0
0.305 0.0
0.315 0.0
0.325 0.0
0.335 0.0
0.34500000000000003 0.0
0.35500000000000004 0.0
0.365 0.0
0.375 0.0
0.385 0.0
0.395 0.0
0.405 0.0
0.41500000000000004 0.0
0.425 0.0
0.435 0.0
0.445 0.0
0.455 0.0
0.465 0.0
0.47500000000000003 0.0
0.485 0.0
0.495 0.0
0.505 0.0
0.515 0.0
0.525 0.0
0.535 0.0
0.545 0.0
0.555 0.0
0.5650000000000001 0.0
0.5750000000000001 0.0
0.585 0.0
0.595 0.0
0.605 0.0
0.615 0.0
0.625 0.0
0.635 0.0
0.645 0.0
0.655 0.0
0.665 0.0
0.675 0.0
0.685 0.0
0.6950000000000001 0.0
0.7050000000000001 0.0
0.715 0.0
0.725 0.0
0.735 0.0
0.745 0.0
0.755 0.0
0.765 0.0
0.775 0.0
0.785 0.0
0.795 0.0
0.805 0.0
0.8150000000000001 0.0
0.8250000000000001 0.0
0.8350000000000001 0.0
0.845 0.0
0.855 0.0
0.865 0.0
0.875 0.0
0.885 0.0
0.895 0.0
0.905 0.0
0.915 0.0
0.925 0.0
0.935 0.0
0.9450000000000001 0.0
0.9550000000000001 0.0
0.965 0.0
0.975 0.0
0.985 0.0
0.995 0.0
1.005 0.0
1.015 0.0
1.025 0.0
1.035 0.0
1.045 0.0
1.055 0.0
1.065 0.0
1.075 0.0
1.085 0.0
1.095 0.0
1.105 0.0
1.115 0.0
1.125 0.0
1.135 0.0
1.145 0.0
1.155 0.0
1.1649999999999998 0.0
1.1749999999999998 0.0
1.1849999999999998 0.0
1.1949999999999998 0.0
1.2049999999999998 0.0
1.2149999999999999 0.0
1.2249999999999999 0.019799736216357538
1.2349999999999999 0.02939041542396539
1.2449999999999999 0.04319257542016427
1.255 0.06284482641158814
1.265 0.09052885278559857
1.275 0.12911049849711684
1.285 0.18230272240119536
1.295 0.2548483379806315
1.305 0.3527179098424543
1.315 0.4833150001029138
1.325 0.6556772134675684
1.335 0.8806573481982596
1.345 1.1710647014201967
1.355 1.5417426016743814
1.365 2.00955506369952
1.375 2.593253684735006
1.385 3.3131961781645494
1.395 4.1908908982926425
1.405 5.248347873013605
1.4149999999999998 6.507226549772443
1.4249999999999998 7.987783693239534
1.4349999999999998 9.707641280097523
1.4449999999999998 11.680412998358165
1.4549999999999998 13.914247792763971
1.4649999999999999 16.410368098830986
1.4749999999999999 19.161696955265576
1.4849999999999999 22.151679913771275
1.4949999999999999 25.35341249648738
1.505 28.72918015035982
1.515 32.23050409390766
1.525 35.79876287421624
1.535 39.36642659719146
1.545 42.85890049129212
1.555 46.19692956390532
1.565 49.299470282962474
1.575 52.08689263593743
1.585 54.48434083326474
1.595 56.42505718788506
1.605 57.85346431119415
1.615 58.727807455572425
1.625 59.02218181547036
1.635 58.727807455572425
1.645 57.85346431119415
1.655 56.42505718788506
1.665 54.48434083326474
1.6749999999999998 52.08689263593743
1.6849999999999998 49.299470282962474
1.6949999999999998 46.19692956390532
1.7049999999999998 42.85890049129212
1.7149999999999999 39.36642659719146
1.7249999999999999 35.79876287421624
1.7349999999999999 32.23050409390766
1.7449999999999999 28.72918015035982
1.755 25.35341249648738
1.765 22.151679913771275
1.775 19.161696955265576
1.785 16.410368098830986
1.795 13.914247792763971
1.805 11.680412998358165
1.815 9.707641280097523
1.825 7.987783693239534
1.835 6.507226549772443
1.845 5.248347873013605
1.855 4.1908908982926425
1.865 3.3131961781645494
1.875 2.593253684735006
1.885 2.00955506369952
1.895 1.5417426016743814
1.905 1.1710647014201967
1.915 0.8806573481982596
1.9249999999999998 0.6556772134675684
1.9349999999999998 0.4833150001029138
1.9449999999999998 0.3527179098424543
1.9549999999999998 0.2548483379806315
1.9649999999999999 0.18230272240119536
1.9749999999999999 0.12911049849711684
1.9849999999999999 0.09052885278559857
1.9949999999999999 0.06284482641158814
2.005 0.04319257542016427
2.015 0.02939041542396539
2.025 0.019799736216357538
2.035 0.0
2.045 0.0
2.0549999999999997 0.0
2.065 0.0
2.0749999999999997 0.0
2.085 0.0
2.0949999999999998 0.0
2.105 0.0
2.1149999999999998 0.0
2.125 0.0
2.135 0.0
2.145 0.0
2.155 0.0
2.165 0.0
2.175 0.0
2.185 0.0
2.195 0.0
2.205 0.0
2.215 0.0
2.225 0.0
2.235 0.0
2.245 0.0
2.255 0.0
2.265 0.0
2.275 0.0
2.285 0.0
2.295 0.0
2.305 0.0
2.315 0.0
2.3249999999999997 0.0
2.335 0.0
2.3449999999999998 0.0
2.355 0.0
2.3649999999999998 0.0
2.375 0.0
2.385 0.0
2.395 0.0
2.405 0.0
2.415 0.0
2.425 0.0
2.435 0.0
2.445 0.0
2.455 0.0
2.465 0.0
2.475 0.0
2.485 0.0
2.495 0.0
2.505 0.0
2.515 0.0
2.525 0.0
2.535 0.0
2.545 0.0
2.555 0.0
2.565 0.0
2.5749999999999997 0.0
2.585 0.0
2.5949999999999998 0.0
2.605 0.0
2.6149999999999998 0.0
2.625 0.0
2.635 0.0
2.645 0.0
2.655 0.0
2.665 0.0
2.675 0.0
2.685 0.0
2.695 0.0
2.705 0.0
2.715 0.0
2.725 0.0
2.735 0.0
2.745 0.0
2.755 0.0
2.765 0.0
2.775 0.0
2.785 0.0
2.795 0.0
2.805 0.0
2.815 0.0
2.8249999999999997 0.0
2.835 0.0
2.8449999999999998 0.0
2.855 0.0
2.8649999999999998 0.0
2.875 0.0
2.885 0.0
2.895 0.0
2.905 0.0
2.915 0.0
2.925 0.0
2.935 0.0
2.945 0.0
2.955 0.0
2.965 0.0
2.975 0.0
2.985 0.0
2.995 0.0
3.005 0.0
3.015 0.0
3.025 0.0
3.035 0.0
3.045 0.0
3.055 0.0
3.065 0.0
3.075 0.0
3.085 0.0
3.0949999999999998 0.0
3.105 0.0
3.1149999999999998 0.0
3.125 0.0
3.135 0.0
3.145 0.0
3.155 0.0
3.165 0.0
3.175 0.0
3.185 0.0
3.195 0.0
3.205 0.0
3.215 0.0
3.225 0.0
3.235 0.0
3.245 0.0
3.255 0.0
3.265 0.0
3.275 0.0
3.285 0.0
3.295 0.0
3.305 0.0
3.315 0.0
3.325 0.0
3.335 0.0
3.3449999999999998 0.0
3.355 0.0
3.3649999999999998 0.0
3.375 0.0
3.385 0.0
3.395 0.0
3.405 0.0
3.415 0.0
3.425 0.0
3.435 0.0
3.445 0.0
3.455 0.0
3.465 0.0
3.475 0.0
3.485 0.0
3.495 0.0
3.505 0.0
3.515 0.0
3.525 0.0
3.535 0.0
3.545 0.0
3.555 0.013370088742287508
3.565 0.01984634836026125
3.575 0.02916647777854993
3.585 0.04243697476244269
3.5949999999999998 0.06113105660877345
3.605 0.08718393031121877
3.6149999999999998 0.12310283075644853
3.625 0.1720904186496458
3.635 0.23817841329076728
3.645 0.3263661884806377
3.655 0.4427565314286748
3.665 0.594677967842362
3.675 0.790780180597216
3.685 1.0410863648335924
3.695 1.3569842163846044
3.705 1.751136051374605
3.715 2.237288741557643
3.725 2.8299661473836384
3.735 3.544030892422504
3.745 4.394108865185291
3.755 5.393878770191849
3.765 6.5552401292078715
3.775 7.887385802927967
3.785 9.395818496699967
3.795 11.081363679669145
3.805 12.93924252046686
3.815 14.958276362954223
3.825 17.1202975278939
3.835 19.399838659776787
3.8449999999999998 21.764163685584766
3.855 24.173687531097332
3.8649999999999998 26.58280955462264
3.875 28.94115844291093
3.885 31.19521599385463
3.895 33.29025626545607
3.905 35.17250781740968
3.915 36.79142307986766
3.925 38.1019228562963
3.935 39.06647762561592
3.945 39.65689182628039
3.955 39.85567282377863
3.965 39.65689182628039
3.975 39.06647762561592
3.985 38.1019228562963
3.995 36.79142307986766
4.005 35.17250781740968
4.015 33.29025626545607
4.025 31.19521599385463
4.035 28.94115844291093
4.045 26.58280955462264
4.055 24.173687531097332
4.065 21.764163685584766
4.075 19.399838659776787
4.085 17.1202975278939
4.095 14.958276362954223
4.1049999999999995 12.93924252046686
4.115 11.081363679669145
4.125 9.395818496699967
4.135 7.887385802927967
4.145 6.5552401292078715
4.155 5.393878770191849
4.165 4.394108865185291
4.175 3.544030892422504
4.185 2.8299661473836384
4.195 2.237288741557643
4.205 1.751136051374605
4.215 1.3569842163846044
4.225 1.0410863648335924
4.235 0.790780180597216
4.245 0.594677967842362
4.255 0.4427565314286748
4.265 0.3263661884806377
4.275 0.23817841329076728
4.285 0.1720904186496458
4.295 0.12310283075644853
4.305 0.08718393031121877
4.315 0.06113105660877345
4.325 0.04243697476244269
4.335 0.02916647777854993
4.345 0.01984634836026125
4.355 0.013370088742287508
4.365 0.0
4.375 0.0
4.385 0.0
4.395 0.009095992979154727
4.405 0.013501948178984898
4.415 0.019842656411192396
4.425 0.028870894721503747
4.435 0.041588928274127406
4.445 0.059313324936860604
4.455 0.08374981691281955
4.465 0.11707725131741802
4.475 0.1620385037704969
4.485 0.22203476852506387
4.495 0.3012179185178009
4.505 0.4045737260698736
4.515 0.5379867785033366
4.525 0.7082760965728554
4.535 0.9231890036764512
4.545 1.1913399780563416
4.555 1.5220813472378238
4.565 1.925294042845897
4.575 2.4110894652047894
4.585 2.9894179580836973
4.595 3.6695854731987807
4.605 4.459687541441595
4.615 5.3659782870702735
4.625 6.392201332896525
4.635 7.5389182654359415
4.645 8.802877930757118
4.655 10.176475220194309
4.665 11.64735022455203
4.675 13.198176889278686
4.685 14.814772156534854
4.695 16.457946926107905
4.705 18.102568692561245
4.715 19.715038002832248
4.725 21.25983634239846
4.735 22.700903017546416
4.745 24.003172746661352
4.755 25.134194214530027
4.765 26.065737901221436
4.775 26.775295883982423
4.785 27.24737785439284
4.795 27.474516459030152
4.805 27.457910723509393
4.815 27.2076575631458
4.825 26.74254649245463
4.835 26.08941955142245
4.845 25.282124986574264
4.855 24.36011730054612
4.865 23.366776192696783
4.875 22.347531428877843
4.885 21.347889157434743
4.895 20.411457576247674
4.905 19.578066615795972
4.915 18.8820682872758
4.925 18.35089262685269
4.935 18.003919873846453
4.945 17.851713684461863
4.955 17.895643641104375
4.965 18.12790867117316
4.975 18.5319566210009
4.985 19.083279372651674
4.995 19.750547724138684
5.005 20.497036009614668
5.015 21.282273482691696
5.025 22.0638483679218
5.035 22.79928191252935
5.045 23.447884550216777
5.055 23.97250521238308
5.065 24.34108852310856
5.075 24.527963426292445
5.085 24.514800632222567
5.095 24.291194566306906
5.105 23.854847195060767
5.115 23.211354712477124
5.125 22.373621823477855
5.135 21.360950382204347
5.145 20.19786765001276
5.155 18.912772945761034
5.165 17.536488946252476
5.175 16.100804907351097
5.185 14.637093779389064
5.195 13.175074326909781
5.205 11.735707338276633
5.215 10.356725375668434
5.225 9.048835753704747
5.235 7.827444653652143
5.245 6.703542402300663
5.255 5.683891397997113
5.265 4.771382539338382
5.275 3.9655164683413626
5.285 3.262964387243175
5.295 2.658165181613668
5.305 2.143920373807914
5.315 1.7119551902142853
5.325 1.3534218692540312
5.335 1.0593294392209225
5.345 0.8208918592281531
5.355 0.6297931186865815
5.365 0.47837329635324133
5.375 0.3597435377433878
5.385 0.2678404272366868
5.395 0.19743143952320188
5.405 0.1440832679949568
5.415 0.10410410232849758
5.425 0.07446962934111855
5.435 0.05274090721458304
5.445 0.03698052350959301
5.455 0.025671755568073842
5.465 0.0176439223696796
5.475 0.01200581820159283
5.485 0.008088080077263832
5.495 0.0
5.505 0.0
5.515 0.0
5.525 0.0
5.535 0.0
5.545 0.0
5.555 0.0
5.565 0.0
5.575 0.0
5.585 0.0
5.595 0.0
5.605 0.0
5.615 0.0
5.625 0.0
5.635 0.0
5.645 0.0
5.655 0.0
5.665 0.0
5.675 0.0
5.685 0.0
5.695 0.0
5.705 0.0
5.715 0.0
5.725 0.0
5.735 0.0
5.745 0.0
5.755 0.0
5.765 0.0
5.775 0.0
5.785 0.0
5.795 0.0
5.805 0.0
5.815 0.0
5.825 0.0
5.835 0.0
5.845 0.0
5.855 0.0
5.865 0.0
5.875 0.0
5.885 0.0
5.895 0.0
5.905 0.0
5.915 0.0
5.925 0.0
5.935 0.0
5.945 0.0
5.955 0.0
5.965 0.0
5.975 0.0
5.985 0.0
5.995 0.0
6.005 0.0
6.015 0.0
6.025 0.0
6.035 0.0
6.045 0.0
6.055 0.0
6.065 0.0
6.075 0.0
6.085 0.0
6.095 0.0
6.105 0.0
6.115 0.0
6.125 0.0
6.135 0.0
6.1450000000000005 0.0
6.155 0.0
6.165 0.0
6.175 0.0012094165505507257
6.185 0.0017952388078756006
6.195 0.0026383086624609114
6.205 0.003838716452993456
6.215 0.0055297248238499455
6.225 0.007886386567274861
6.235 0.011135498335594534
6.245 0.015566762832905161
6.255 0.021544876819454887
6.265 0.029522068065279638
6.275 0.040050375677809925
6.285 0.053792715248154266
6.295 0.07153151012654654
6.305 0.09417342730120243
6.315 0.12274856223959957
6.325 0.15840230858753046
6.335 0.20237816551228638
6.345 0.2559899161565675
6.355 0.3205819871189203
6.365 0.397477390682414
6.375 0.4970259865352962
6.385 0.6064930787713082
6.3950000000000005 0.733347057571196
6.405 0.8788398258722561
6.415 1.0440501400164126
6.425 1.2298646828006734
6.435 1.4369811005400144
6.445 1.6659388091967424
6.455 1.9171819725080745
6.465 2.191156763938711
6.475 2.4884418608424697
6.485 2.8099072062502564
6.495 3.1568916518869887
6.505 3.531385523668165
6.515 3.936199889137635
6.525 4.375100888153828
6.535 4.85288547231511
6.545 5.375374810164414
6.555 5.949303877973428
6.565 6.582090623590878
6.575 7.281475584921057
6.585 8.055032708030495
6.595 8.90956378529302
6.605 9.850401573473363
6.615 10.88065916248649
6.625 12.000474292286357
6.635 13.206305754040393
6.6450000000000005 14.49034354761508
6.655 15.840094121857401
6.665 17.23819619484562
6.675 18.662511226385387
6.685 20.086516044295617
6.695 21.480004434186952
6.705 22.81008123649215
6.715 24.042408604329342
6.725 25.14264173610691
6.735 26.07797278759951
6.745 26.818688737548953
6.755 27.33964321840109
6.765 27.621544574812933
6.775 27.6519727574157
6.785 27.426055377321315
6.795 26.94675687224941
6.805 26.22476220102419
6.815 25.27796533733984
6.825 24.139713027057525
6.835 22.825604605128948
6.845 21.375484640902084
6.855 19.825610385280086
6.865 18.213254879774265
6.875 16.575306320369624
6.885 14.947022222710306
6.8950000000000005 13.361002082960061
6.905 11.846421353272225
6.915 10.428546802506006
6.925 9.128530701702234
6.935 7.9634605588250915
6.945 6.946623793357595
6.955 6.087933831695716
6.965 5.3944562095526365
6.975 4.870970545747784
6.985 4.519699833245187
6.995 4.344265728935338
