0.005 0.0
0.015 0.0
0.025 0.0
0.034999999999999996 0.0
0.045 0.0
0.055 0.0
0.065 0.0
0.07500000000000001 0.0
0.085 0.0
0.095 0.0
0.10500000000000001 0.0
0.115 0.0
0.125 0.0
0.135 0.0
0.14500000000000002 0.0
0.155 0.0
0.165 0.0
0.17500000000000002 0.0
0.185 0.0
0.195 0.0
0.20500000000000002 0.0
0.215 0.0
0.225 0.0
0.23500000000000001 0.0
0.245 0.0
0.255 0.0
0.265 0.0
0.275 0.0
0.28500000000000003 0.0
0.295 0.0
0.305 0.0
0.315 0.0
0.325 0.0
0.335 0.0
0.34500000000000003 0.0
0.35500000000000004 0.0
0.365 0.0
0.375 0.0
0.385 0.0
0.395 0.0
0.405 0.0
0.41500000000000004 0.0
0.425 0.0
0.435 0.0
0.445 0.0
0.455 0.0
0.465 0.0
0.47500000000000003 0.0
0.485 0.0
0.495 0.0
0.505 0.0
0.515 0.0
0.525 0.0
0.535 0.0
0.545 0.0
0.555 0.0
0.5650000000000001 0.0
0.5750000000000001 0.0
0.585 0.0
0.595 0.0
0.605 0.0
0.615 0.0
0.625 0.0
0.635 0.0
0.645 0.0
0.655 0.0
0.665 0.0
0.675 0.0
0.685 0.0
0.6950000000000001 0.0
0.7050000000000001 0.0
0.715 0.0
0.725 0.0
0.735 0.0
0.745 0.0
0.755 0.0
0.765 0.0
0.775 0.0
0.785 0.0
0.795 0.0
0.805 0.0
0.8150000000000001 0.0
0.8250000000000001 0.0
0.8350000000000001 0.0
0.845 0.0
0.855 0.0
0.865 0.0
0.875 0.0
0.885 0.0
0.895 0.0
0.905 0.0
0.915 0.0
0.925 0.0
0.935 0.0
0.9450000000000001 0.0
0.9550000000000001 0.0
0.965 0.0
0.975 0.0
0.985 0.0
0.995 0.0
1.005 0.0
1.015 0.0
1.025 0.0
1.035 0.0
1.045 0.0
1.055 0.0
1.065 0.0
1.075 0.0
1.085 0.0
1.095 0.0
1.105 0.0
1.115 0.0
1.125 0.0
1.135 0.0
1.145 0.0
1.155 0.0
1.1649999999999998 0.0
1.1749999999999998 0.0
1.1849999999999998 0.0
1.1949999999999998 0.0
1.2049999999999998 0.0
1.2149999999999999 0.0
1.2249999999999999 0.0
1.2349999999999999 0.0
1.2449999999999999 0.0
1.255 0.0
1.265 0.0
1.275 0.0
1.285 0.0
1.295 0.0
1.305 0.0
1.315 0.0
1.325 0.0
1.335 0.0
1.345 0.0
1.355 0.0
1.365 0.0
1.375 0.01659470903547044
1.385 0.02463292374518476
1.395 0.036200897514891174
1.405 0.052671995085640036
1.4149999999999998 0.07587474675803114
1.4249999999999998 0.10821109597481052
1.4349999999999998 0.15279297671262201
1.4449999999999998 0.21359547272493024
1.4549999999999998 0.29562268009404924
1.4649999999999999 0.40507972992893276
1.4749999999999999 0.5495412898325985
1.4849999999999999 0.738103391560618
1.4949999999999999 0.9815018629249858
1.505 1.2921773099804592
1.515 1.6842639320264978
1.525 2.173477963700661
1.535 2.776881770205122
1.545 3.5125021008669735
1.555 4.398786171587358
1.565 5.453887367052381
1.575 6.694783444542829
1.585 8.136243872322463
1.595 9.789678660554355
1.605 11.66191766623611
1.615 13.753985446537673
1.625 16.05995060357374
1.635 18.56593839428104
1.645 21.249399428255032
1.655 24.078724090726293
1.665 27.013280968009347
1.6749999999999998 30.00393779168782
1.6849999999999998 32.99409588128224
1.6949999999999998 35.92123528623532
1.7049999999999998 38.71893019523082
1.7149999999999999 41.31925577234218
1.7249999999999999 43.655471891644375
1.7349999999999999 45.66483983612191
1.7449999999999999 47.291408133466014
1.755 48.488595830134656
1.765 49.221407112040964
1.775 49.468130441919136
1.785 49.221407112040964
1.795 48.488595830134656
1.805 47.291408133466014
1.815 45.66483983612191
1.825 43.655471891644375
1.835 41.31925577234218
1.845 38.71893019523082
1.855 35.92123528623532
1.865 32.99409588128224
1.875 30.00393779168782
1.885 27.013280968009347
1.895 24.078724090726293
1.905 21.249399428255032
1.915 18.56593839428104
1.9249999999999998 16.05995060357374
1.9349999999999998 13.753985446537673
1.9449999999999998 11.66191766623611
1.9549999999999998 9.789678660554355
1.9649999999999999 8.136243872322463
1.9749999999999999 6.694783444542829
1.9849999999999999 5.453887367052381
1.9949999999999999 4.398786171587358
2.005 3.5125021008669735
2.015 2.776881770205122
2.025 2.173477963700661
2.035 1.6842639320264978
2.045 1.2921773099804592
2.0549999999999997 0.9815018629249858
2.065 0.738103391560618
2.0749999999999997 0.5495412898325985
2.085 0.40507972992893276
2.0949999999999998 0.29562268009404924
2.105 0.21359547272493024
2.1149999999999998 0.15279297671262201
2.125 0.10821109597481052
2.135 0.07587474675803114
2.145 0.052671995085640036
2.155 0.036200897514891174
2.165 0.02463292374518476
2.175 0.01659470903547044
2.185 0.0
2.195 0.0
2.205 0.0
2.215 0.0
2.225 0.0
2.235 0.0
2.245 0.0
2.255 0.0
2.265 0.0
2.275 0.0
2.285 0.0
2.295 0.0
2.305 0.0
2.315 0.0
2.3249999999999997 0.0
2.335 0.0
2.3449999999999998 0.0
2.355 0.0
2.3649999999999998 0.0
2.375 0.0
2.385 0.0
2.395 0.0
2.405 0.0
2.415 0.0
2.425 0.0
2.435 0.0
2.445 0.0
2.455 0.0
2.465 0.0
2.475 0.0
2.485 0.0
2.495 0.0
2.505 0.0
2.515 0.0
2.525 0.0
2.535 0.0
2.545 0.0
2.555 0.0
2.565 0.0
2.5749999999999997 0.0
2.585 0.0
2.5949999999999998 0.0
2.605 0.0
2.6149999999999998 0.0
2.625 0.0
2.635 0.0
2.645 0.0
2.655 0.0
2.665 0.0
2.675 0.0
2.685 0.0
2.695 0.0
2.705 0.0
2.715 0.0
2.725 0.0
2.735 0.0
2.745 0.0
2.755 0.0
2.765 0.0
2.775 0.0
2.785 0.0
2.795 0.0
2.805 0.0
2.815 0.0
2.8249999999999997 0.0
2.835 0.0
2.8449999999999998 0.0
2.855 0.0
2.8649999999999998 0.0
2.875 0.00487466257881777
2.885 0.007235872068070868
2.895 0.010633941219352905
2.905 0.015472293177713084
2.915 0.022288055060687244
2.925 0.03178679294911261
2.935 0.04488263122271001
2.945 0.06274324278127315
2.955 0.08683857083749262
2.965 0.11899136024027303
2.975 0.16142665444367502
2.985 0.2168163945778411
2.995 0.28831420858381573
3.005 0.3795744996007751
3.015 0.49474916039522443
3.025 0.6384548034491226
3.035 0.8157034644046359
3.045 1.0317904648112222
3.055 1.292134637433256
3.065 1.602068502703551
3.075 1.9665792428566375
3.085 2.3900053596463278
3.0949999999999998 2.879978807326303
3.105 3.4320185726933876
3.1149999999999998 4.049543034384746
3.125 4.731164089206162
3.135 5.473277693426724
3.145 6.2698795439251604
3.155 7.112487043226629
3.165 7.990190091387656
3.175 8.889846893369214
3.185 9.796432194453075
3.195 10.693534624327171
3.205 11.56398788057044
3.215 12.39060827919208
3.225 13.156999857211913
3.235 13.848378887373869
3.245 14.452363437617652
3.255 14.95967135555843
3.265 15.364672344718342
3.275 15.665746789638684
3.285 15.869265681180648
3.295 15.975934167105953
3.305 15.998743703197496
3.315 15.951235878916288
3.325 15.849279639515029
3.335 15.710132178208122
3.3449999999999998 15.551415003641528
3.355 15.39007646365313
3.3649999999999998 15.24141420343124
3.375 15.118227284099127
3.385 15.030158185975925
3.395 14.983270380497803
3.405 14.979888740869637
3.415 15.01870929338035
3.425 15.095163432104478
3.435 15.20200154518141
3.445 15.330043760841676
3.455 15.469032707124288
3.465 15.608515909675187
3.475 15.738684370065307
3.485 15.851099076031506
3.495 15.939248241474683
3.505 15.998893980210516
3.515 16.028186462353556
3.525 16.027544645556414
3.535 15.999323512599446
3.545 15.947306493447092
3.555 15.876076707982346
3.565 15.790330495611972
3.575 15.694200547734411
3.585 15.590653548592533
3.5949999999999998 15.481018878902919
3.605 15.364691531068965
3.6149999999999998 15.23903528621448
3.625 15.099493108014777
3.635 14.939892472823258
3.645 14.752915806579889
3.655 14.530691948922863
3.665 14.265454853413107
3.675 13.953359871499613
3.685 13.580782939020034
3.695 13.153936343550127
3.705 12.66697035810926
3.715 12.121459892376505
3.725 11.521601263523701
3.735 10.874110233362448
3.745 10.187964677106512
3.755 9.47402092496998
3.765 8.744540328165606
3.775 8.01266616707299
3.785 7.29189062895688
3.795 6.5955476220941485
3.805 5.936360377736864
3.815 5.326064065519982
3.825 4.77511407019644
3.835 4.292481203046183
3.8449999999999998 3.88552689492126
3.855 3.5599450882950516
3.8649999999999998 3.3197536061108304
3.875 3.16731643440803
3.885 3.1033795383241367
3.895 3.1271062045551368
3.905 3.2332480741297243
3.915 3.4245476554242016
3.925 3.6913873600414
3.935 4.026854598768494
3.945 4.422488473273727
3.955 4.868332818431172
3.965 5.353032065124649
3.975 5.863984814718828
3.985 6.387565990262626
3.995 6.909422595733276
4.005 7.414841028223281
4.015 7.889176255313134
4.025 8.318325780732366
4.035 8.689224969076859
4.045 8.99033569779113
4.055 9.212098005812473
4.065 9.347314743980876
4.075 9.391442268650188
4.085 9.342765745562
4.095 9.199877128582047
4.1049999999999995 8.972731352948827
4.115 8.664117993031468
4.125 8.282874983642936
4.135 7.839618154373494
4.145 7.346251097766211
4.155 6.8154366048865835
4.165 6.260062245147688
4.175 5.692731173823739
4.185 5.125305476284809
4.195 4.568523778740556
4.205 4.031708084122612
4.215 3.522567504379207
4.225 3.0470994202754826
4.235 2.6095821908254435
4.245 2.2126483099008434
4.255 1.8574231582393839
4.265 1.5437123437388967
4.275 1.2702200184972499
4.285 1.0347813293208417
4.295 0.8345940236190407
4.305 0.6664368639394505
4.315 0.5268655577485214
4.325 0.41238006309310077
4.335 0.3195601143210753
4.345 0.24516842108209358
4.355 0.18622309814903895
4.365 0.14004242429159472
4.375 0.10426600847039545
4.385 0.07685691199804397
4.395 0.05836331753163712
4.405 0.043901554476658056
4.415 0.03395050362693672
4.425 0.027748918075136193
4.435 0.024793160335490436
4.445 0.02482193642341743
4.455 0.02780595193121344
4.465 0.03394298646113642
4.475 0.04365818657831946
4.485 0.05550869213126597
4.495 0.07530447962945022
4.505 0.1011434315174684
4.515 0.13449669462583416
4.525 0.17706902414321385
4.535 0.2307972509191128
4.545 0.2978349945140854
4.555 0.38264984855841316
4.565 0.48448452428600663
4.575 0.6074178371206
4.585 0.7541136096800146
4.595 0.9271329755716285
4.605 1.1288080462899666
4.615 1.361101691023001
4.625 1.6254599170691735
4.635 1.922665270394103
4.645 2.2527012343611084
4.655 2.6146385490666404
4.665 3.0065544831364774
4.675 3.4254951952625903
4.685 3.8674893385231717
4.695 4.327618010845486
4.705 4.800142190620051
4.715 5.278684197440283
4.725 5.756454879196706
4.735 6.226513626419683
4.745 6.682044466440071
4.755 7.116628883660794
4.765 7.5244950508431065
4.775 7.9007240956089095
4.785 8.243341705085056
4.795 8.546556655261366
4.805 8.810015845630113
4.815 9.033108126488008
4.825 9.216129308374652
4.835 9.36010011533721
4.845 9.46655428634628
4.855 9.537319901609768
4.865 9.574317575047933
4.875 9.579397146706677
4.885 9.554230080223672
4.895 9.500268356294118
4.905 9.418772929142765
4.915 9.310906619507694
4.925 9.177878562341334
4.935 9.02112087977132
4.945 8.842473839658357
4.955 8.644353893602224
4.965 8.42987989178502
4.975 8.20293636939529
4.985 7.968158724813579
4.995 7.73083275359471
5.005 7.4967095823132714
5.015 7.27174569520492
5.025 7.061785604513691
5.035 6.87221101774269
5.045 6.70758450454857
5.055 6.571317285299065
5.065 6.465389721520492
5.075 6.390149503491965
5.085 6.344206747495708
5.095 6.324437767209588
5.105 6.32610083559057
5.115 6.343058540398889
5.125 6.368093097763538
5.135 6.393293905018049
5.145 6.410491253552303
5.155 6.411706893168809
5.165 6.389591260929617
5.175 6.337818676058041
5.185 6.251415474339815
5.195 6.127001546987546
5.205 5.961415848211388
5.215 5.758336039358773
5.225 5.517399849190376
5.235 5.2420494392386585
5.245 4.937028140814985
5.255 4.60809203003306
5.265 4.261684883767203
5.275 3.9062231823765092
5.285 3.546059014416608
5.295 3.188905365641738
5.305 2.840887387916673
5.315 2.509032592870858
5.325 2.195512136676682
5.335 1.9051925283176019
5.345 1.6410031012161574
5.355 1.405059567249417
5.365 1.1973448176663946
5.375 1.022007512662238
5.385 0.8773910366725384
5.395 0.7636912074702414
5.405 0.6809927719681615
5.415 0.6294194748355223
5.425 0.6092588111475907
5.435 0.6210537125504284
5.445 0.6656551803859818
5.455 0.7442317391423112
5.465 0.8582335342091355
5.475 1.0093109569310768
5.485 1.1991898696975285
5.495 1.429507830970347
5.505 1.701618156888642
5.515 2.0163711259018204
5.525 2.3738840039803852
5.535 2.773313656077702
5.545 3.2126470909120908
5.555 3.6885261200740254
5.565 4.196122171194791
5.575 4.729075997743257
5.585 5.279514475069194
5.595 5.8368557518768736
5.605 6.39362954753112
5.615 6.936506595159418
5.625 7.4534980636358
5.635 7.932435384810251
5.645 8.361437202490086
5.655 8.729394263681078
5.665 9.026444955704726
5.675 9.244413240551086
5.685 9.377181922813282
5.695 9.42097750959086
5.705 9.374548174723227
5.715 9.239223129322973
5.725 9.018849474350159
5.735 8.719610716698003
5.745 8.349738881585507
5.755 7.920519003505219
5.765 7.440997757163466
5.775 6.924075948143645
5.785 6.382036062216832
5.795 5.827005161211076
5.805 5.270541847901561
5.815 4.72328754259149
5.825 4.194696084318954
5.835 3.692849351288359
5.845 3.224360237066983
5.855 2.7943584198590314
5.865 2.4065493319555067
5.875 2.0633328695118105
5.885 1.7659658455405918
5.895 1.51475102298265
5.905 1.3092357018821383
5.915 1.1484041210100806
5.925 1.0308501573189868
5.935 0.9549197228442108
5.945 0.9188156170765508
5.955 0.9206611526116737
5.965 0.9585224134715593
5.975 1.0303923354765858
5.985 1.1341427495701226
5.995 1.267452959918327
6.005 1.4277252197210044
6.015 1.6132690212633454
6.025 1.8187582877127302
6.035 2.0412232112980813
6.045 2.276354698622769
6.055 2.5193730970388977
6.065 2.765093661862938
6.075 3.0080373528506077
6.085 3.241501616734103
6.095 3.4624493935097505
6.105 3.6640054694601933
6.115 3.841399606098823
6.125 3.9895090957127417
6.135 4.107708149370068
6.1450000000000005 4.1924379993509975
6.155 4.2429751218458955
6.165 4.259910770362196
6.175 4.246372652162366
6.185 4.203713536779331
6.195 4.13713702717096
6.205 4.052006959372326
6.215 3.9544096362639443
6.225 3.8508685458681633
6.235 3.748034496442659
6.245 3.652369070376396
6.255 3.5698397210847226
6.265 3.505644050268149
6.275 3.463978881286188
6.285 3.4478668334366356
6.295 3.459049403647409
6.305 3.4979513197958427
6.315 3.563716413608807
6.325 3.654310754345201
6.335 3.766684571791566
6.345 3.8981300727587715
6.355 4.042481544300417
6.365 4.195840429302821
6.375 4.353507559353719
6.385 4.510990329629276
6.3950000000000005 4.6642106491343425
6.405 4.810797367057173
6.415 4.946227794881079
6.425 5.069256123854162
6.435 5.178650667799159
6.445 5.273903775936449
6.455 5.35514976058011
6.465 5.4230560349733015
6.475 5.478701043483727
6.485 5.523452535503598
6.495 5.558858241419166
6.505 5.586558221051657
6.515 5.6082243918199675
6.525 5.625528446103461
6.535 5.6401350475391805
6.545 5.653713379151932
6.555 5.667957275841989
6.565 5.683682176777828
6.575 5.704823307738598
6.585 5.731852558488186
6.595 5.766584668395566
6.605 5.8107177749674275
6.615 5.865722729850061
6.625 5.932708040559164
6.635 6.012271535975084
6.6450000000000005 6.104352954206475
6.655 6.2081033238966565
6.665 6.321787020964312
6.675 6.442730682363899
6.685 6.567329884814212
6.695 6.691119958140039
6.705 6.808911942757835
6.715 6.9149890459607
6.725 7.003353555500735
6.735 7.068009552809815
6.745 7.10326336814278
6.755 7.104021845031932
6.765 7.0660682869205065
6.775 6.986297436307637
6.785 6.86289382156531
6.795 6.6965710454140694
6.805 6.486638173387889
6.815 6.236333490315536
6.825 5.948603243454981
6.835 5.63036476678591
6.845 5.286248609544732
6.855 4.9239691728489
6.865 4.5487513587376025
6.875 4.1685369997360056
6.885 3.7904155328050866
6.8950000000000005 3.4211764258632966
6.905 3.067133812459568
6.915 2.733995892135699
6.925 2.426781200937628
6.935 2.1497800528680493
6.945 1.9065560805123365
6.955 1.699980092810557
6.965 1.5322865846334746
6.975 1.4051422687384556
6.985 1.3189093231294928
6.995 1.276207471359844
