0.005 0.0
0.015 0.0
0.025 0.0
0.034999999999999996 0.0
0.045 0.0
0.055 0.0
0.065 0.0
0.07500000000000001 0.0
0.085 0.0
0.095 0.0
0.10500000000000001 0.0
0.115 0.0
0.125 0.0
0.135 0.0
0.14500000000000002 0.0
0.155 0.0
0.165 0.0
0.17500000000000002 0.0
0.185 0.0
0.195 0.0
0.20500000000000002 0.0
0.215 0.0
0.225 0.0
0.23500000000000001 0.0
0.245 0.0
0.255 0.0
0.265 0.0
0.275 0.0
0.28500000000000003 0.0
0.295 0.0
0.305 0.0
0.315 0.0
0.325 0.0
0.335 0.0
0.34500000000000003 0.0
0.35500000000000004 0.0
0.365 0.0
0.375 0.0
0.385 0.0
0.395 0.0
0.405 0.0
0.41500000000000004 0.0
0.425 0.0
0.435 0.0
0.445 0.0
0.455 0.0
0.465 0.0
0.47500000000000003 0.0
0.485 0.0
0.495 0.0
0.505 0.0
0.515 0.0
0.525 0.0
0.535 0.0
0.545 0.0
0.555 0.0
0.5650000000000001 0.0
0.5750000000000001 0.0
0.585 0.0
0.595 0.0
0.605 0.0
0.615 0.0
0.625 0.0
0.635 0.0
0.645 0.0
0.655 0.0
0.665 0.0
0.675 0.0
0.685 0.0
0.6950000000000001 0.0
0.7050000000000001 0.0
0.715 0.0
0.725 0.0
0.735 0.0
0.745 0.0
0.755 0.0
0.765 0.0
0.775 0.0
0.785 0.0
0.795 0.0
0.805 0.0
0.8150000000000001 0.0
0.8250000000000001 0.0
0.8350000000000001 0.0
0.845 0.0
0.855 0.0
0.865 0.0
0.875 0.0
0.885 0.0
0.895 0.0
0.905 0.0
0.915 0.0
0.925 0.0
0.935 0.0
0.9450000000000001 0.0
0.9550000000000001 0.0
0.965 0.0
0.975 0.0
0.985 0.0
0.995 0.0
1.005 0.0
1.015 0.0
1.025 0.0
1.035 0.0
1.045 0.0
1.055 0.0
1.065 0.0
1.075 0.0
1.085 0.0
1.095 0.0
1.105 0.0
1.115 0.0
1.125 0.0
1.135 0.0
1.145 0.0
1.155 0.0
1.1649999999999998 0.0
1.1749999999999998 0.0
1.1849999999999998 0.0
1.1949999999999998 0.0
1.2049999999999998 0.0
1.2149999999999999 0.0
1.2249999999999999 0.0
1.2349999999999999 0.0
1.2449999999999999 0.0
1.255 0.0
1.265 0.0
1.275 0.0
1.285 0.0
1.295 0.0
1.305 0.0
1.315 0.0
1.325 0.0
1.335 0.0
1.345 0.0
1.355 0.0
1.365 0.0
1.375 0.0
1.385 0.0
1.395 0.0
1.405 0.0
1.4149999999999998 0.0
1.4249999999999998 0.0
1.4349999999999998 0.0
1.4449999999999998 0.0
1.4549999999999998 0.0
1.4649999999999999 0.0
1.4749999999999999 0.0
1.4849999999999999 0.0
1.4949999999999999 0.0
1.505 0.0
1.515 0.0
1.525 0.0
1.535 0.0
1.545 0.0
1.555 0.0
1.565 0.0
1.575 0.0
1.585 0.0
1.595 0.0
1.605 0.0
1.615 0.0
1.625 0.0
1.635 0.0
1.645 0.0
1.655 0.0
1.665 0.0
1.6749999999999998 0.0
1.6849999999999998 0.0
1.6949999999999998 0.0
1.7049999999999998 0.0
1.7149999999999999 0.0
1.7249999999999999 0.0
1.7349999999999999 0.0
1.7449999999999999 0.0
1.755 0.0
1.765 0.0
1.775 0.0
1.785 0.0
1.795 0.0
1.805 0.0
1.815 0.0
1.825 0.0
1.835 0.0
1.845 0.0
1.855 0.0
1.865 0.0
1.875 0.0
1.885 0.0
1.895 0.0
1.905 0.0
1.915 0.0
1.9249999999999998 0.0
1.9349999999999998 0.0
1.9449999999999998 0.0
1.9549999999999998 0.0
1.9649999999999999 0.0
1.9749999999999999 0.0
1.9849999999999999 0.0
1.9949999999999999 0.0
2.005 0.0
2.015 0.0
2.025 0.0
2.035 0.0
2.045 0.0
2.0549999999999997 0.0
2.065 0.0
2.0749999999999997 0.0
2.085 0.0
2.0949999999999998 0.0
2.105 0.0
2.1149999999999998 0.0
2.125 0.0
2.135 0.0
2.145 0.008072189960031137
2.155 0.011982231162780738
2.165 0.01760925851964096
2.175 0.02562131996387001
2.185 0.03690787031522792
2.195 0.0526372906343078
2.205 0.07432332377425947
2.215 0.10389957586800241
2.225 0.1438001971057175
2.235 0.19704355900156087
2.245 0.2673142188228495
2.255 0.3590367733526004
2.265 0.4774334679035439
2.275 0.6285558057034416
2.285 0.8192791071591957
2.295 1.0572482445719498
2.305 1.3507628906135756
2.315 1.7085918248160996
2.3249999999999997 2.139708354916912
2.335 2.6529428598814135
2.3449999999999998 3.256553856419531
2.355 3.957725679802157
2.3649999999999998 4.7620085189048735
2.375 5.67272463162125
2.385 6.690372394878712
2.395 7.812066589638088
2.405 9.031058103190386
2.415 10.336378200715405
2.425 11.712650968454328
2.435 13.140112005060148
2.445 14.594861825282688
2.455 16.049369045514023
2.465 17.47322198959211
2.475 18.83410904747016
2.485 20.098989436243755
2.495 21.23539865332524
2.505 22.212818607646252
2.515 23.004032738069466
2.525 23.586382599381597
2.535 23.942845123657122
2.545 24.062859134272863
2.555 23.942845123657122
2.565 23.586382599381597
2.5749999999999997 23.004032738069466
2.585 22.212818607646252
2.5949999999999998 21.23539865332524
2.605 20.098989436243755
2.6149999999999998 18.83410904747016
2.625 17.47322198959211
2.635 16.049369045514023
2.645 14.594861825282688
2.655 13.140112005060148
2.665 11.712650968454328
2.675 10.336378200715405
2.685 9.031058103190386
2.695 7.812066589638088
2.705 6.690372394878712
2.715 5.67272463162125
2.725 4.7620085189048735
2.735 3.957725679802157
2.745 3.256553856419531
2.755 2.6529428598814135
2.765 2.139708354916912
2.775 1.7085918248160996
2.785 1.3507628906135756
2.795 1.0572482445719498
2.805 0.8192791071591957
2.815 0.6285558057034416
2.8249999999999997 0.4774334679035439
2.835 0.3590367733526004
2.8449999999999998 0.2673142188228495
2.855 0.19704355900156087
2.8649999999999998 0.1438001971057175
2.875 0.10389957586800241
2.885 0.07432332377425947
2.895 0.0526372906343078
2.905 0.03690787031522792
2.915 0.02562131996387001
2.925 0.01760925851964096
2.935 0.011982231162780738
2.945 0.008072189960031137
2.955 0.0
2.965 0.0
2.975 0.0
2.985 0.0
2.995 0.0
3.005 0.0
3.015 0.0
3.025 0.0
3.035 0.0
3.045 0.0
3.055 0.004379969627639723
3.065 0.006501557671982165
3.075 0.009554782266420541
3.085 0.013902126166188127
3.0949999999999998 0.020026207485451752
3.105 0.028560989694378272
3.1149999999999998 0.040327829544194005
3.125 0.056375901568196544
3.135 0.07802597546517834
3.145 0.10691581937766285
3.155 0.1450446737846347
3.165 0.19481332454719527
3.175 0.25905536155496534
3.185 0.3410543299760342
3.195 0.44454077811410003
3.205 0.5736628130692173
3.215 0.7329238365703028
3.225 0.9270817876911288
3.235 1.1610055824933638
3.245 1.4394865838984092
3.255 1.7670058624135179
3.265 2.14746163778291
3.275 2.5838654420472187
3.285 3.0780199320741675
3.295 3.6301955271447754
3.305 4.238826707638813
3.315 4.900251405539387
3.325 5.612286019147672
3.335 6.360876688595214
3.3449999999999998 7.138043583881649
3.355 7.931130685587124
3.3649999999999998 8.72561465747552
3.375 9.50553951731253
3.385 10.254079590979199
3.395 10.954209544002953
3.405 11.589450381479702
3.415 12.144651941025732
3.425 12.606766440251835
3.435 12.965564774561356
3.445 13.214247930501575
3.455 13.349910207207241
3.465 13.373818708074268
3.475 13.291484238139253
3.485 13.11251151102178
3.495 12.850230437331481
3.505 12.521124155055114
3.515 12.144082317521868
3.525 11.739519047265528
3.535 11.328403170353274
3.545 10.931253396195268
3.555 10.567152804917392
3.565 10.252835407892343
3.575 10.001892934771947
3.585 9.824142813157692
3.5949999999999998 9.725189089006744
3.605 9.706197379803685
3.6149999999999998 9.763893457606379
3.625 9.890783304154702
3.635 10.075581012034347
3.645 10.303820237678018
3.655 10.558615526172018
3.665 10.821532175441572
3.675 11.073517798695887
3.685 11.295845727524467
3.695 11.47102012855254
3.705 11.583595306885906
3.715 11.620867093124543
3.725 11.57340221377194
3.735 11.43538167656541
3.745 11.204745818363884
3.755 10.883140965766874
3.765 10.475679759211001
3.775 9.990538191667703
3.785 9.43842149311136
3.795 8.831937493302695
3.805 8.184919589589487
3.815 7.511741777472579
3.825 6.826665498246722
3.835 6.143252712728024
3.8449999999999998 5.4738722298368545
3.855 4.829317653094996
3.8649999999999998 4.215624826948635
3.875 3.6466094547016796
3.885 3.1230116833617623
3.895 2.6479819441154415
3.905 2.2228670338578023
3.915 1.8474343142728877
3.925 1.5201329822656864
3.935 1.2383722545912217
3.945 0.9987985416936475
3.955 0.7975568348155913
3.965 0.6305251845273672
3.975 0.49351492340536157
3.985 0.3824328561368139
3.995 0.29340476269442406
4.005 0.2228620785641217
4.015 0.16759545982746563
4.025 0.12478011375742203
4.035 0.09197833850984213
4.045 0.0671247681182359
4.055 0.048499481072306706
4.065 0.034693525979356085
4.075 0.024570661232143874
4.085 0.017228295138053695
4.095 0.011959824785174248
4.1049999999999995 0.010796048440556484
4.115 0.009417262882205448
4.125 0.009387917988009834
4.135 0.008176884498013006
4.145 0.011778916662405907
4.155 0.016798863072317094
4.165 0.02371982531998901
4.175 0.03315890174523506
4.185 0.04589293620246996
4.195 0.06288522313858992
4.205 0.08531166602943659
4.215 0.1145843473475769
4.225 0.1523699141198893
4.235 0.20059966586577938
4.245 0.26146781822024756
4.255 0.3374141845065988
4.265 0.4310875535032767
4.275 0.5452864265179043
4.285 0.6828745787594575
4.295 0.846670170610601
4.305 1.039308856181163
4.315 1.2630834712730428
4.325 1.5197653240562252
4.335 1.8104146924206326
4.345 2.1351906302548933
4.355 2.4931723378941957
4.365 2.8822058781033246
4.375 3.2987906475628357
4.385 3.738019519277142
4.395 4.193584807802451
4.405 4.657859141452674
4.415 5.122056050828499
4.425 5.5764698391227885
4.435 6.010788457476624
4.445 6.414467146060521
4.455 6.777145061314546
4.465 7.089082544777785
4.475 7.341593600679262
4.485 7.527446927521833
4.495 7.641209719328866
4.505 7.679511442438059
4.515 7.641209719328866
4.525 7.527446927521833
4.535 7.341593600679262
4.545 7.089082544777785
4.555 6.777145061314546
4.565 6.414467146060521
4.575 6.010788457476624
4.585 5.5764698391227885
4.595 5.122056050828499
4.605 4.657859141452674
4.615 4.195663668970504
4.625 3.741105347930118
4.635 3.3033256255447627
4.645 2.888804232132511
4.655 2.5026773593039664
4.665 2.1487465079080397
4.675 1.8295554550191233
4.685 1.5465229690966111
4.695 1.3001168720232117
4.705 1.0900542183754838
4.715 0.9155125977500235
4.725 0.7753386572463552
4.735 0.6682416470550245
4.745 0.592961872975509
4.755 0.5484061866897499
4.765 0.533744899348733
4.775 0.5484666678127484
4.785 0.5923899352354324
4.795 0.6656314153697954
4.805 0.7685339291050508
4.815 0.9015576760047725
4.825 1.0651407822370327
4.835 1.259536705154455
4.845 1.4846377437685965
4.855 1.7397954030927734
4.865 2.0236495435738773
4.875 2.333978939467605
4.885 2.6694577674466475
4.895 3.0230053002438684
4.905 3.390681659727066
4.915 3.764610548194205
4.925 4.141812476294847
4.935 4.512150161002145
4.945 4.867653298007191
4.955 5.200261159389581
4.965 5.502177501077012
4.975 5.7662428219408275
4.985 5.986302359398043
4.995 6.157546828792496
5.005 6.27680321360641
5.015 6.342754950663104
5.025 6.356074528764241
5.035 6.319456577597129
5.045 6.237545585158852
5.055 6.1167589765905195
5.065 5.965012905233249
5.075 5.7913642489535295
5.085 5.605587530567464
5.095 5.417709445277239
5.105 5.237526154206353
5.115 5.0741293922021615
5.125 4.93546676127054
5.135 4.8279594616471595
5.145 4.756197350693512
5.155 4.7227268650200855
5.165 4.727942267537684
5.175 4.770085168181439
5.185 4.845351588441222
5.195 4.948100258203533
5.205 5.071150600083791
5.215 5.206154212381635
5.225 5.344019836575882
5.235 5.475369001206244
5.245 5.590997954385584
5.255 5.682321269233375
5.265 5.743402875475271
5.275 5.765567798663723
5.285 5.745416099127238
5.295 5.680283733909763
5.305 5.569409650501071
5.315 5.413920245690511
5.325 5.216723642761164
5.335 4.982324925212757
5.345 4.716577775503875
5.355 4.426390951020578
5.365 4.119409476687392
5.375 3.803690278176857
5.385 3.487390306536481
5.395 3.178482240851047
5.405 2.884508943302727
5.415 2.6123834024006816
5.425 2.3668498380251624
5.435 2.1563943224382673
5.445 1.9832926007710026
5.455 1.8508919354606999
5.465 1.761528165965307
5.475 1.7165357051669663
5.485 1.7162643176311914
5.495 1.7616020011029798
5.505 1.8487030661068107
5.515 1.9761658927178731
5.525 2.140705155357855
5.535 2.338192023426561
5.545 2.5637076007602935
5.555 2.8116204342511275
5.565 3.0756946039332993
5.575 3.3492329262677267
5.585 3.6252568272014734
5.595 3.896720742130806
5.605 4.156754840599476
5.615 4.398925878447518
5.625 4.617502490698248
5.635 4.80770866813409
5.645 4.965947850206949
5.655 5.089980246853666
5.665 5.179037763568599
5.675 5.2338641867598135
5.685 5.256672878050911
5.695 5.249771282405442
5.705 5.2207711816332365
5.715 5.173408217906344
5.725 5.113794604633915
5.735 5.048182562425469
5.745 4.982586499674898
5.755 4.922416965285477
5.765 4.873526501545259
5.775 4.837102214806597
5.785 4.816018773495171
5.795 4.810759071393308
5.805 4.820332240442128
5.815 4.842372396830679
5.825 4.873328913349771
5.835 4.908735180400247
5.845 4.943537465830614
5.855 4.9724614816297885
5.865 4.9903918890240755
5.875 4.992739369677537
5.885 4.975771068273013
5.895 4.9368830434088204
5.905 4.8747975994748405
5.915 4.789673663192987
5.925 4.68312429938944
5.935 4.558141586416234
5.945 4.418934956554776
5.955 4.271988961562689
5.965 4.121215596745806
5.975 3.973778948754057
5.985 3.8359972711320838
5.995 3.7138581043865138
6.005 3.612692824939399
6.015 3.5368926500532303
6.025 3.489681760475988
6.035 3.4729595489862115
6.045 3.4872198110680537
6.055 3.531550183348193
6.065 3.6037105208093445
6.075 3.699197772659865
6.085 3.816176149831376
6.095 3.9479935039632448
6.105 4.089210767220353
6.115 4.234287516062011
6.125 4.377890050548695
6.135 4.5163977868060625
6.1450000000000005 4.643837567617585
6.155 4.757890176523188
6.165 4.8564624257396085
6.175 4.938544456920319
6.185 5.004174845217731
6.195 5.054334989520612
6.205 5.0907830814289285
6.215 5.115842569946596
6.225 5.132163481587554
6.235 5.142476864229342
6.245 5.149362775365361
6.255 5.155050571644921
6.265 5.161266895367941
6.275 5.169141988327775
6.285 5.179179238558264
6.295 5.191286734745116
6.305 5.203860188891847
6.315 5.2182666867376994
6.325 5.2318452666036155
6.335 5.2445173292839
6.345 5.253387092655588
6.355 5.25835710048572
6.365 5.25888637395794
6.375 5.254805740003497
6.385 5.2463139033297885
6.3950000000000005 5.2339261544905025
6.405 5.218384104958439
6.415 5.200539089808972
6.425 5.181224634249519
6.435 5.1611343469624416
6.445 5.1407206874417835
6.455 5.120127373640791
6.465 5.099164064722225
6.475 5.0773268466087895
6.485 5.05386254690041
6.495 5.027869632691635
6.505 4.998423992765259
6.515 4.964714772316054
6.525 4.9272642164102525
6.535 4.884202161159611
6.545 4.836526594115342
6.555 4.784978751884328
6.565 4.7307509400605365
6.575 4.674499820855551
6.585 4.620214790618994
6.595 4.568529262670021
6.605 4.521395163322687
6.615 4.4805420240771685
6.625 4.44732535284332
6.635 4.422604582459278
6.6450000000000005 4.406663542271142
6.655 4.399182066977263
6.665 4.399262128599435
6.675 4.406596550861496
6.685 4.417759329986482
6.695 4.4315506395131505
6.705 4.4460196087772905
6.715 4.459371084093324
6.725 4.470129192509036
6.735 4.477269429480427
6.745 4.480307040134918
6.755 4.479333872733427
6.765 4.474137540341558
6.775 4.46787960653263
6.785 4.460826000081591
6.795 4.454756947417089
6.805 4.4515120058871105
6.815 4.4528265178798865
6.825 4.460180268417678
6.835 4.474671771397538
6.845 4.496928354446396
6.855 4.527058053909358
6.865 4.5657973891050965
6.875 4.610494470573984
6.885 4.660663625280223
6.8950000000000005 4.714746895130448
6.905 4.770993813196729
6.915 4.827574119905202
6.925 4.882681790375446
6.935 4.934622203462615
6.945 4.981060747460823
6.955 5.022607786030621
6.965 5.057015678830363
6.975 5.083487701158992
6.985 5.101445714162666
6.995 5.110516087945427
