0.005 0.0
0.015 0.0
0.025 0.0
0.034999999999999996 0.0
0.045 0.0
0.055 0.0
0.065 0.0
0.07500000000000001 0.0
0.085 0.0
0.095 0.0
0.10500000000000001 0.0
0.115 0.0
0.125 0.0
0.135 0.0
0.14500000000000002 0.0
0.155 0.0
0.165 0.0
0.17500000000000002 0.0
0.185 0.0
0.195 0.0
0.20500000000000002 0.0
0.215 0.0
0.225 0.0
0.23500000000000001 0.0
0.245 0.0
0.255 0.0
0.265 0.0
0.275 0.0
0.28500000000000003 0.0
0.295 0.0
0.305 0.0
0.315 0.0
0.325 0.0
0.335 0.0
0.34500000000000003 0.0
0.35500000000000004 0.0
0.365 0.0
0.375 0.0
0.385 0.0
0.395 0.0
0.405 0.0
0.41500000000000004 0.0
0.425 0.0
0.435 0.0
0.445 0.0
0.455 0.0
0.465 0.0
0.47500000000000003 0.0
0.485 0.0
0.495 0.0
0.505 0.0
0.515 0.0
0.525 0.0
0.535 0.0
0.545 0.0
0.555 0.0
0.5650000000000001 0.0
0.5750000000000001 0.0
0.585 0.0
0.595 0.0
0.605 0.0
0.615 0.0
0.625 0.0
0.635 0.0
0.645 0.0
0.655 0.0
0.665 0.0
0.675 0.0
0.685 0.0
0.6950000000000001 0.0
0.7050000000000001 0.0
0.715 0.0
0.725 0.0
0.735 0.0
0.745 0.0
0.755 0.0
0.765 0.0
0.775 0.0
0.785 0.0
0.795 0.0
0.805 0.0
0.8150000000000001 0.0
0.8250000000000001 0.0
0.8350000000000001 0.0
0.845 0.0
0.855 0.0
0.865 0.0
0.875 0.0
0.885 0.0
0.895 0.0
0.905 0.0
0.915 0.0
0.925 0.0
0.935 0.0
0.9450000000000001 0.0
0.9550000000000001 0.0
0.965 0.0
0.975 0.0
0.985 0.0
0.995 0.0
1.005 0.0
1.015 0.0
1.025 0.0
1.035 0.0
1.045 0.0
1.055 0.0
1.065 0.0
1.075 0.0
1.085 0.0
1.095 0.0
1.105 0.0
1.115 0.0
1.125 0.0
1.135 0.0
1.145 0.0
1.155 0.0
1.1649999999999998 0.0
1.1749999999999998 0.0
1.1849999999999998 0.0
1.1949999999999998 0.0
1.2049999999999998 0.0
1.2149999999999999 0.0
1.2249999999999999 0.0
1.2349999999999999 0.0
1.2449999999999999 0.0
1.255 0.0
1.265 0.0
1.275 0.0
1.285 0.01841477515436817
1.295 0.02733460111850733
1.305 0.04017132127463952
1.315 0.05844892756846999
1.325 0.08419649892367993
1.335 0.12007941792318384
1.345 0.16955092766709556
1.355 0.23702208913776618
1.365 0.32804583514104985
1.375 0.4495078600226877
1.385 0.6098136019545999
1.395 0.8190567226706442
1.405 1.0891505286850434
1.4149999999999998 1.4339000805621471
1.4249999999999998 1.8689897811758012
1.4349999999999998 2.411859582410992
1.4449999999999998 3.081443206945721
1.4549999999999998 3.8977445328180456
1.4649999999999999 4.881234020360685
1.4749999999999999 6.052056072019673
1.4849999999999999 7.429050522966745
1.4949999999999999 9.028606719748764
1.505 10.863386093862536
1.515 12.940967583913048
1.525 15.262488117934224
1.535 17.82136575717827
1.545 20.602204011517607
1.555 23.579980329892113
1.565 26.71961823416344
1.575 29.97602995897078
1.585 33.294694531769345
1.595 36.612805670578794
1.605 39.86098639327105
1.615 42.96552547193481
1.625 45.85104824478413
1.635 48.44349469605997
1.645 50.67324508341889
1.655 52.47821131722222
1.665 53.80670356162413
1.6749999999999998 54.6198877493098
1.6849999999999998 54.89367107599136
1.6949999999999998 54.6198877493098
1.7049999999999998 53.80670356162413
1.7149999999999999 52.47821131722222
1.7249999999999999 50.67324508341889
1.7349999999999999 48.44349469605997
1.7449999999999999 45.85104824478413
1.755 42.96552547193481
1.765 39.86098639327105
1.775 36.612805670578794
1.785 33.294694531769345
1.795 29.986881657127867
1.805 26.735726323352466
1.815 23.603653008455357
1.825 20.647208596958766
1.835 17.8866588077524
1.845 15.356288697609806
1.855 13.074403751925875
1.865 11.051349012077093
1.875 9.290788475681975
1.885 7.791181362025212
1.895 6.54734928918772
1.905 5.55203569243054
1.915 4.797370173216526
1.9249999999999998 4.276164150094283
1.9349999999999998 3.982978678597731
1.9449999999999998 3.9149195121693197
1.9549999999999998 4.072127766476408
1.9649999999999999 4.457946782987096
1.9749999999999999 5.078757229219125
1.9849999999999999 5.943483662531407
1.9949999999999999 7.06278736581746
2.005 8.447972800147797
2.015 10.109648818729232
2.025 12.056200759873196
2.035 14.292145114115417
2.045 16.816453576371863
2.0549999999999997 19.62094644999298
2.065 22.68886477671831
2.0749999999999997 25.993734352619292
2.085 29.498631253684344
2.0949999999999998 33.14366414780243
2.105 36.899614776904244
2.1149999999999998 40.68132675133917
2.125 44.41409428560824
2.135 48.01747964380071
2.145 51.408051445295804
2.155 54.5025092020736
2.165 57.221036781870424
2.175 59.49069963210715
2.185 61.2486855519224
2.195 62.44518873508185
2.205 63.04575254535821
2.215 63.03291733554355
2.225 62.40706338381193
2.235 61.18639217798906
2.245 59.40604733301949
2.255 57.11643436854416
2.265 54.3808514031345
2.275 51.272586077829885
2.285 47.871664238688055
2.295 44.26145095328726
2.305 40.52530368576032
2.315 36.74346179409295
2.3249999999999997 32.99032816690323
2.335 29.332261040360393
2.3449999999999998 25.825950712703168
2.355 22.517411072818813
2.3649999999999998 19.44157340894926
2.375 16.622433091422426
2.385 14.073670797573877
2.395 11.79965033931192
2.405 9.796685225497967
2.415 8.054465290293523
2.425 6.5575417602880615
2.435 5.286782233712084
2.445 4.220724171909913
2.455 3.3367746123491835
2.465 2.6122230463429856
2.475 2.025052236711893
2.485 1.5545470682239122
2.495 1.1817136527726253
2.505 0.889529590840443
2.515 0.6630516102042172
2.525 0.48940911691550226
2.535 0.3577120296174262
2.545 0.2588992368682623
2.555 0.18555073590069804
2.565 0.13168254625813897
2.5749999999999997 0.09844667523499133
2.585 0.07316433474197338
2.5949999999999998 0.05725942443166178
2.605 0.04178870566908851
2.6149999999999998 0.04268640557462498
2.625 0.04908184244490961
2.635 0.054390982814414957
2.645 0.07603535146821182
2.655 0.10523525660992271
2.665 0.1441995902106955
2.675 0.19562476950308097
2.685 0.26274878433151533
2.695 0.34939335633912755
2.705 0.459987071215415
2.715 0.5995613970797424
2.725 0.7737109722883387
2.735 0.988509628456057
2.745 1.2503744970109594
2.755 1.5658723863538009
2.765 1.9414655073513973
2.775 2.383197573035293
2.785 2.896326193485454
2.795 3.4849130846265535
2.805 4.151389527284284
2.815 4.896120241569618
2.8249999999999997 5.716993778596713
2.835 6.609071031033897
2.8449999999999998 7.564324905408963
2.855 8.571503065059035
2.8649999999999998 9.616141608756184
2.875 10.680750515528475
2.885 11.745181883793576
2.895 12.787179968362915
2.905 13.78309862240783
2.915 14.70875807887985
2.925 15.54040030177286
2.935 16.260392510157004
2.945 16.841692526529997
2.955 17.271142257243106
2.965 17.536672989944588
2.975 17.63107386276555
2.985 17.55240574229032
2.995 17.304169696977002
3.005 16.895220598431074
3.015 16.343916900193168
3.025 15.661803387108215
3.035 14.874208456168745
3.045 14.006413416932286
3.055 13.085711470476253
3.065 12.14045537886618
3.075 11.199135842811613
3.085 10.289534495886715
3.0949999999999998 9.437984445927045
3.105 8.668758572523542
3.1149999999999998 8.003592732333143
3.125 7.461338989959923
3.135 7.057734145087782
3.145 6.805262019309024
3.155 6.713084666484045
3.165 6.787017933552859
3.175 7.029530285990668
3.185 7.43974985190321
3.195 8.013472318466443
3.205 8.743170592139613
3.215 9.618014956685247
3.225 10.623918877673066
3.235 11.743629850316498
3.245 12.956886273199649
3.255 14.2406600575334
3.265 15.569500658569584
3.275 16.915989830257793
3.285 18.251308271247677
3.295 19.545906222328746
3.305 20.7702608414441
3.315 21.89569466596767
3.325 22.89522243493895
3.335 23.744388604048048
3.3449999999999998 24.42205547160037
3.355 24.911102158161434
3.3649999999999998 25.19899774000659
3.375 25.278217413714195
3.385 25.14253820370678
3.395 24.80417879048497
3.405 24.265549668039462
3.415 23.53969101905954
3.425 22.64385613970097
3.435 21.59884970425979
3.445 20.428247476990922
3.455 19.157536723232944
3.465 17.813219477957055
3.475 16.421921220470377
3.485 15.013009473848594
3.495 13.605652008259364
3.505 12.224652478165563
3.515 10.889923168037411
3.525 9.618445743018086
3.535 8.424077405729804
3.545 7.317509026763004
3.555 6.30636344448831
3.565 5.395415446935104
3.575 4.5869098253365
3.585 3.8809505036813086
3.5949999999999998 3.2759321398946044
3.605 2.768985675573724
3.6149999999999998 2.3564108968088684
3.625 2.0340719068107354
3.635 1.7977352194245886
3.645 1.6433346799816433
3.655 1.5671523507099803
3.665 1.5659096455492292
3.675 1.6367681879969116
3.685 1.7772449518896507
3.695 1.9850511006954923
3.705 2.2578684338593686
3.715 2.593081325304885
3.725 2.987485313448183
3.735 3.4369958561625538
3.745 3.9332466098960315
3.755 4.476978816327881
3.765 5.055541402405105
3.775 5.659378877043251
3.785 6.277394426204894
3.795 6.897124470350338
3.805 7.505024307395809
3.815 8.086856873437448
3.825 8.625178029770332
3.835 9.112850897259115
3.8449999999999998 9.532295921727183
3.855 9.871833526650942
3.8649999999999998 10.124614463251543
3.875 10.278977232961916
3.885 10.332483061709077
3.895 10.283833731016784
3.905 10.134882042530347
3.915 9.89057619365071
3.925 9.558760378598544
3.935 9.149846630292567
3.945 8.676381258059154
3.955 8.155292107305804
3.965 7.600388777756583
3.975 7.0280060359752
3.985 6.451956137453046
3.995 5.889964870172083
4.005 5.357222458410848
4.015 4.867922253041888
4.025 4.435071428468257
4.035 4.070391478624651
4.045 3.784297200823112
4.055 3.5859372019532016
4.065 3.483275223356534
4.075 3.483189907646483
4.085 3.591570974271073
4.095 3.813391914162942
4.1049999999999995 4.152742917149052
4.115 4.612812396893938
4.125 5.195810745357972
4.135 5.902835426336621
4.145 6.733681859544527
4.155 7.686609485049162
4.165 8.758076745303743
4.175 9.942462359382203
4.185 11.231793116866132
4.195 12.617976689117521
4.205 14.083904691750202
4.215 15.615122724716334
4.225 17.192657239049407
4.235 18.79478186989873
4.245 20.397268856521627
4.255 21.973787807504117
4.265 23.49645519196453
4.275 24.938921377843013
4.285 26.268785158265185
4.295 27.457597874287874
4.305 28.484973577744967
4.315 29.324742855740407
4.325 29.958144594720967
4.335 30.371285944869705
4.345 30.555918854793383
4.355 30.510014601936255
4.365 30.238089803943268
4.375 29.75124961654231
4.385 29.06692956611587
4.395 28.208335632089003
4.405 27.205865925424753
4.415 26.088061056563152
4.425 24.89110242754056
4.435 23.650864316658765
4.445 22.40298403147374
4.455 21.1814531678073
4.465 20.01731620535312
4.475 18.9375444094479
4.485 17.96414064224617
4.495 17.113514921078487
4.505 16.396152731137736
4.515 15.81657962813547
4.525 15.373607932264871
4.535 15.060835531424605
4.545 14.869492073409287
4.555 14.781787267816249
4.565 14.782052134320104
4.575 14.851566066298748
4.585 14.970984628728383
4.595 15.121275927979454
4.605 15.284548295894531
4.615 15.444735737233428
4.625 15.588118507943726
4.635 15.705729882191445
4.645 15.786273514728212
4.655 15.825940632731538
4.665 15.82230375058612
4.675 15.773517503859795
4.685 15.686289664319588
4.695 15.561805284564716
4.705 15.40540699728314
4.715 15.223297114241339
4.725 15.02214053480536
4.735 14.808713883302527
4.745 14.589613757294911
4.755 14.371029852062428
4.765 14.156743307378845
4.775 13.95416973760678
4.785 13.767310443432983
4.795 13.601281935681257
4.805 13.456222667130836
4.815 13.334169090217218
4.825 13.236332074142066
4.835 13.163091069086384
4.845 13.113974236841376
4.855 13.087628808535383
4.865 13.081789751296963
4.875 13.093257502433891
4.885 13.117896728488246
4.895 13.150667643160167
4.905 13.185699427630112
4.915 13.21641197758008
4.925 13.23568793680748
4.935 13.23609224324444
4.945 13.210131716554955
4.955 13.15054303728941
4.965 13.050594208968858
4.975 12.90438254708716
4.985 12.70711156194962
4.995 12.455329820379777
5.005 12.14546527829853
5.015 11.782897009668202
5.025 11.363959279493457
5.035 10.893114321785124
5.045 10.375227904824374
5.055 9.816602779066956
5.065 9.224764184044803
5.075 8.608199819516068
5.085 7.974473997906989
5.095 7.336847663577267
5.105 6.702600129142506
5.115 6.081162349141349
5.125 5.481476296390281
5.135 4.911785212829171
5.145 4.3794690085446994
5.155 3.8909274454424736
5.165 3.4515099264044737
5.175 3.0654872754973317
5.185 2.737734310897664
5.195 2.4678687929522427
5.205 2.2582763617198345
5.215 2.107809423750257
5.225 2.02117195850587
5.235 1.9923936606117412
5.245 2.020705282226697
5.255 2.1035363863492362
5.265 2.237655222772771
5.275 2.4192048636278143
5.285 2.6437452724528416
5.295 2.906309523020492
5.305 3.201481839950595
5.315 3.523503339086546
5.325 3.8664084101757528
5.335 4.224190857551815
5.345 4.590994572504697
5.355 4.9598930402913615
5.365 5.329285059297518
5.375 5.692918710018616
5.385 6.047574045122615
5.395 6.391038827923812
5.405 6.722155440024705
5.415 7.040789991432836
5.425 7.349259511471871
5.435 7.646720149326841
5.445 7.934859691262144
5.455 8.219094127590214
5.465 8.499445156003436
5.475 8.777453038795407
5.485 9.053803635951919
5.495 9.32807495869606
5.505 9.59856759636818
5.515 9.862239722697788
5.525 10.114759111376305
5.535 10.350674762221113
5.545 10.563700239431231
5.555 10.74709063043317
5.565 10.894086123303964
5.575 10.998388445775628
5.585 11.0546324890513
5.595 11.058814770498653
5.605 11.01009298958692
5.615 10.905929703856138
5.625 10.74910427756384
5.635 10.543493420341612
5.645 10.294876372479465
5.655 10.010645614145274
5.665 9.699411994452541
5.675 9.370534320556246
5.685 9.033609010331755
5.695 8.699365305026149
5.705 8.374240659349303
5.715 8.06667164740069
5.725 7.7827154646370875
5.735 7.526799565364712
5.745 7.301656896430929
5.755 7.10838364845049
5.765 6.946607877155346
5.775 6.814748791312564
5.785 6.7103399401893125
5.795 6.630385459523657
5.805 6.571717217654513
5.815 6.531322163584013
5.825 6.506773161589172
5.835 6.49684046522065
5.845 6.499537882696366
5.855 6.514507948716932
5.865 6.54207038839402
5.875 6.584403388192526
5.885 6.640669074565713
5.895 6.713089796926459
5.905 6.80285558097367
5.915 6.910774457435135
5.925 7.037073672002615
5.935 7.181255749441241
5.945 7.342022092539214
5.955 7.51727025819047
5.965 7.704164248681053
5.975 7.899270680520979
5.985 8.098748075929702
5.995 8.297454213833744
6.005 8.494039268483435
6.015 8.683211456987085
6.025 8.861847080746486
6.035 9.026385474029315
6.045 9.17772713980522
6.055 9.313423488325254
6.065 9.433468031834218
6.075 9.538555109091785
6.085 9.629927722944771
6.095 9.709174481147658
6.105 9.777992162009316
6.115 9.837933344630805
6.125 9.890160042836314
6.135 9.935224217027883
6.1450000000000005 9.972894367410317
6.155 10.002044209370052
6.165 10.020614892295626
6.175 10.025656658619004
6.185 10.014655409309539
6.195 9.981487161091408
6.205 9.922410341368213
6.215 9.832877866012632
6.225 9.708666110526895
6.235 9.545171595325101
6.245 9.342171939598412
6.255 9.096753821388653
6.265 8.808927688803024
6.275 8.480206707577814
6.285 8.113641538780628
6.295 7.713768707927396
6.305 7.286477186972915
6.315 6.838803108316667
6.325 6.378666747807763
6.335 5.914568761140126
6.345 5.456413220823839
6.355 5.011136981270761
6.365 4.587861551195456
6.375 4.194281315031383
6.385 3.8371837945535967
6.3950000000000005 3.5222504213554116
6.405 3.2539087945986975
6.415 3.0342708179670312
6.425 2.867286508019391
6.435 2.7529741910636636
6.445 2.688639050274751
6.455 2.6728447930141
6.465 2.702308941862371
6.475 2.772814080466687
6.485 2.879397427504089
6.495 3.017659113778132
6.505 3.179178078544761
6.515 3.3610461390006874
6.525 3.5562200387006406
6.535 3.7605115503871107
6.545 3.967558102625705
6.555 4.174165802629269
6.565 4.377297268700637
6.575 4.57488508382253
6.585 4.765868939908655
6.595 4.950179111197487
6.605 5.12866698668435
6.615 5.302986714841387
6.625 5.475435168401393
6.635 5.647860190351096
6.6450000000000005 5.825354016923249
6.655 6.009617682993873
6.665 6.204581833955599
6.675 6.411041666706717
6.685 6.630776923950682
6.695 6.867117919331768
6.705 7.120362938533043
6.715 7.388530488673905
6.725 7.671253435827773
6.735 7.966622969532398
6.745 8.271980331410427
6.755 8.584001292243151
6.765 8.899921268956707
6.775 9.213723900875504
6.785 9.521604242802104
6.795 9.818881775409775
6.805 10.100907870192392
6.815 10.363232620317383
6.825 10.601773989670201
6.835 10.81298467069882
6.845 10.99401062808316
6.855 11.143983053213857
6.865 11.26009633769026
6.875 11.34316208168814
6.885 11.39432940769455
6.8950000000000005 11.415847957527564
6.905 11.411008343894405
6.915 11.384023879652531
6.925 11.339854871526287
6.935 11.283981194575215
6.945 11.222133335093758
6.955 11.159996137729799
6.965 11.102902661903036
6.975 11.055537452632137
6.985 11.021668886002942
6.995 11.003124731711567
