0.005 0.0
0.015 0.0
0.025 0.0
0.034999999999999996 0.0
0.045 0.0
0.055 0.0
0.065 0.0
0.07500000000000001 0.0
0.085 0.0
0.095 0.0
0.10500000000000001 0.0
0.115 0.0
0.125 0.0
0.135 0.0
0.14500000000000002 0.0
0.155 0.0
0.165 0.0
0.17500000000000002 0.0
0.185 0.0
0.195 0.0
0.20500000000000002 0.0
0.215 0.0
0.225 0.0
0.23500000000000001 0.0
0.245 0.0
0.255 0.0
0.265 0.0
0.275 0.0
0.28500000000000003 0.0
0.295 0.0
0.305 0.0
0.315 0.0
0.325 0.0
0.335 0.0
0.34500000000000003 0.0
0.35500000000000004 0.0
0.365 0.0
0.375 0.0
0.385 0.0
0.395 0.0
0.405 0.0
0.41500000000000004 0.0
0.425 0.0
0.435 0.0
0.445 0.0
0.455 0.0
0.465 0.0
0.47500000000000003 0.0
0.485 0.0
0.495 0.0
0.505 0.0
0.515 0.0
0.525 0.0
0.535 0.0
0.545 0.0
0.555 0.0
0.5650000000000001 0.0
0.5750000000000001 0.0
0.585 0.0
0.595 0.0
0.605 0.0
0.615 0.0
0.625 0.0
0.635 0.0
0.645 0.0
0.655 0.0
0.665 0.0
0.675 0.0
0.685 0.0
0.6950000000000001 0.0
0.7050000000000001 0.0
0.715 0.0
0.725 0.0
0.735 0.0
0.745 0.0
0.755 0.0
0.765 0.0
0.775 0.0
0.785 0.0
0.795 0.0
0.805 0.0
0.8150000000000001 0.0
0.8250000000000001 0.0
0.8350000000000001 0.0
0.845 0.0
0.855 0.0
0.865 0.0
0.875 0.0
0.885 0.0
0.895 0.0
0.905 0.0
0.915 0.0
0.925 0.0
0.935 0.0
0.9450000000000001 0.0
0.9550000000000001 0.0
0.965 0.0
0.975 0.0
0.985 0.0
0.995 0.0
1.005 0.0
1.015 0.0
1.025 0.0
1.035 0.0
1.045 0.0
1.055 0.0
1.065 0.0
1.075 0.0
1.085 0.0
1.095 0.0
1.105 0.0
1.115 0.0
1.125 0.0
1.135 0.0
1.145 0.0
1.155 0.0
1.1649999999999998 0.0
1.1749999999999998 0.0
1.1849999999999998 0.0
1.1949999999999998 0.0
1.2049999999999998 0.0
1.2149999999999999 0.0
1.2249999999999999 0.0
1.2349999999999999 0.0
1.2449999999999999 0.0
1.255 0.0
1.265 0.0
1.275 0.0
1.285 0.0
1.295 0.0
1.305 0.0
1.315 0.0
1.325 0.0
1.335 0.0
1.345 0.0
1.355 0.0
1.365 0.0
1.375 0.0
1.385 0.0
1.395 0.0
1.405 0.0
1.4149999999999998 0.0
1.4249999999999998 0.01569786830656465
1.4349999999999998 0.02330166754542301
1.4449999999999998 0.034244464338213994
1.4549999999999998 0.049825401610300524
1.4649999999999999 0.07177418898129842
1.4749999999999999 0.10236295980187084
1.4849999999999999 0.14453546738758738
1.4949999999999999 0.2020519669581132
1.505 0.2796461143507189
1.515 0.3831876919620178
1.525 0.5198420037599202
1.535 0.6982134976022394
1.545 0.9284577966333417
1.555 1.2223431695877982
1.565 1.5932399502718482
1.575 2.0560150086672517
1.585 2.6268085953424105
1.595 3.335809760091759
1.605 4.180558822924286
1.615 5.187795687530657
1.625 6.3746677380574885
1.635 7.756593727421122
1.645 9.346268427690921
1.655 11.152616021994293
1.665 13.179752411761008
1.6749999999999998 15.426028045667644
1.6849999999999998 17.883230066655816
1.6949999999999998 20.53602391950927
1.7049999999999998 23.361708800128554
1.7149999999999999 26.330347756177503
1.7249999999999999 29.405311918012444
1.7349999999999999 32.5442501820088
1.7449999999999999 35.70046253690936
1.755 38.82461980828732
1.765 41.86673822596527
1.775 44.778287549020526
1.785 47.514290094530224
1.795 50.03525797779111
1.805 52.30881931145943
1.815 54.31090186306467
1.825 56.02637405041885
1.835 57.44908590762341
1.845 58.58130309745067
1.855 59.43258040134123
1.865 60.018172009361884
1.875 60.35711898409306
1.885 60.47018474436489
1.895 60.37782378559511
1.905 60.09836527601454
1.915 59.646571732317994
1.9249999999999998 59.03269574194176
1.9349999999999998 58.271697912628255
1.9449999999999998 57.34975208067486
1.9549999999999998 56.27065481408879
1.9649999999999999 55.0293435325693
1.9749999999999999 53.61990224577824
1.9849999999999999 52.037346650629146
1.9949999999999999 50.27941284679488
2.005 48.348183498090215
2.015 46.251406315595695
2.025 44.003393322569835
2.035 41.625431283210126
2.045 39.14567910827369
2.0549999999999997 36.598572132414816
2.065 34.023791572514924
2.0749999999999997 31.46488691002481
2.085 28.96765739401583
2.0949999999999998 26.578405772609866
2.105 24.342173536950472
2.1149999999999998 22.301054350280637
2.125 20.492663662445807
2.135 18.948820859792857
2.145 17.694478675418164
2.155 16.746915524022775
2.165 16.11519171399468
2.175 15.799860993796631
2.185 15.792924534858173
2.195 16.078014328497098
2.205 16.630795551023464
2.215 17.4195808717166
2.225 18.406152077070278
2.235 19.536314078798174
2.245 20.78654964415563
2.255 22.09076290876799
2.265 23.397062247639056
2.275 24.653755417949913
2.285 25.81108712931356
2.295 26.822955014722123
2.305 27.64852831072749
2.315 28.253689190393292
2.3249999999999997 28.612218754499395
2.335 28.70665870860105
2.3449999999999998 28.528795450623843
2.355 28.07973457601831
2.3649999999999998 27.36955889933518
2.375 26.416589736864506
2.385 25.24629692531655
2.395 23.88992547281978
2.405 22.374162044441068
2.415 20.75748309878974
2.425 19.066003219494004
2.435 17.338107296292012
2.445 15.609923174083553
2.455 13.914157026364744
2.465 12.27920047784257
2.475 10.72853284029837
2.485 9.28042007922879
2.495 7.947892609275216
2.505 6.738968104171332
2.515 5.65707408778638
2.525 4.701618508428116
2.535 3.8686546576922964
2.545 3.1515891350115486
2.555 2.541887239799431
2.565 2.029738187237351
2.5749999999999997 1.6046518432081223
2.585 1.2559682799771759
2.5949999999999998 0.9732705410701157
2.605 0.7466989500452131
2.6149999999999998 0.5671717068956972
2.625 0.4265212082322191
2.635 0.3175585122530118
2.645 0.23407980211872523
2.655 0.17082883527734796
2.665 0.12342850627869967
2.675 0.08829311148275995
2.685 0.06253097862309213
2.695 0.043845061588355126
2.705 0.030437094912174865
2.715 0.020919089010681034
2.725 0.014234407426138298
2.735 0.009589436153525227
2.745 0.0
2.755 0.0
2.765 0.0
2.775 0.0
2.785 0.0
2.795 0.0
2.805 0.0
2.815 0.0
2.8249999999999997 0.0
2.835 0.0
2.8449999999999998 0.0
2.855 0.0
2.8649999999999998 0.0
2.875 0.0
2.885 0.0
2.895 0.0
2.905 0.0
2.915 0.0
2.925 0.0
2.935 0.0
2.945 0.0
2.955 0.0
2.965 0.0
2.975 0.0
2.985 0.0
2.995 0.0
3.005 0.0045095474491867495
3.015 0.006693900941780541
3.025 0.009837452690349054
3.035 0.014313409206170597
3.045 0.020618666465860698
3.055 0.02940594323069284
3.065 0.04152089542005771
3.075 0.05804373653829724
3.085 0.08033431017623609
3.0949999999999998 0.11007883650829497
3.105 0.14933570190898723
3.1149999999999998 0.2005767175268773
3.125 0.26671930269248834
3.135 0.3511441435739631
3.145 0.4576921536974704
3.155 0.5906341585212415
3.165 0.7546067892335717
3.175 0.9545087446469179
3.185 1.1953529837251151
3.195 1.4820726179454629
3.205 1.8192812866236514
3.215 2.2109925351488964
3.225 2.6603069892758335
3.235 3.1690806360022497
3.245 3.7375918947425713
3.255 4.364228931258152
3.265 5.045221338242941
3.275 5.774441406813211
3.285 6.543299347455419
3.295 7.340753731992031
3.305 8.15345305813179
3.315 8.966016855229627
3.325 9.761455570594002
3.335 10.52171824910777
3.3449999999999998 11.228346581563205
3.355 11.863204199074273
3.3649999999999998 12.409242100017766
3.375 12.851255690044425
3.385 13.17658677672815
3.395 13.375725384099471
3.405 13.44277148659689
3.415 13.375725384099471
3.425 13.17658677672815
3.435 12.851255690044425
3.445 12.409242100017766
3.455 11.863204199074273
3.465 11.228346581563205
3.475 10.52171824910777
3.485 9.761455570594002
3.495 8.966016855229627
3.505 8.15345305813179
3.515 7.340753731992031
3.525 6.543299347455419
3.535 5.774441406813211
3.545 5.045221338242941
3.555 4.364228931258152
3.565 3.7375918947425713
3.575 3.1690806360022497
3.585 2.6603069892758335
3.5949999999999998 2.2109925351488964
3.605 1.8192812866236514
3.6149999999999998 1.4820726179454629
3.625 1.1953529837251151
3.635 0.9545087446469179
3.645 0.7546067892335717
3.655 0.5906341585212415
3.665 0.4576921536974704
3.675 0.3511441435739631
3.685 0.26671930269248834
3.695 0.2005767175268773
3.705 0.14933570190898723
3.715 0.11007883650829497
3.725 0.08033431017623609
3.735 0.05804373653829724
3.745 0.04152089542005771
3.755 0.03243442692477682
3.765 0.02511409978382073
3.775 0.020919962391328345
3.785 0.01944993085497211
3.795 0.02054081039094852
3.805 0.024257741827177555
3.815 0.027884251393360548
3.825 0.038980521134474554
3.835 0.05395023584641316
3.8449999999999998 0.07392581299687359
3.855 0.10028960627912116
3.8649999999999998 0.13470161369575634
3.875 0.17912109101930426
3.885 0.23581841084266933
3.895 0.30737302135116473
3.905 0.3966530873454215
3.915 0.50677243834103
3.925 0.6410209010097175
3.935 0.8027650358882457
3.945 0.9953177802144287
3.955 1.2217775228167227
3.965 1.4848396465253708
3.975 1.786586443332015
3.985 2.128264341270192
3.995 2.5100603188928954
4.005 2.9308919142093584
4.015 3.388227029004606
4.025 3.8779504684291397
4.035 4.394293574370255
4.045 4.929841237979036
4.055 5.475626970392422
4.065 6.021321685359341
4.075 6.555515682931881
4.085 7.066086455507915
4.095 7.540637928074186
4.1049999999999995 7.966990231572845
4.115 8.333693741845796
4.125 8.630537486155587
4.135 8.849020582808215
4.145 8.982756402662025
4.155 9.027782656505286
4.165 8.982756402662025
4.175 8.849020582808215
4.185 8.630537486155587
4.195 8.333693741845796
4.205 7.966990231572845
4.215 7.540637928074186
4.225 7.066086455507915
4.235 6.555515682931881
4.245 6.021321685359341
4.255 5.478039807303042
4.265 4.933422814944431
4.275 4.3995571111719425
4.285 3.8856088692861226
4.295 3.399259062719112
4.305 2.94898741428923
4.315 2.5357819653428764
4.325 2.1644729483090646
4.335 1.83706587346167
4.345 1.554536219606996
4.355 1.3170807543980292
4.365 1.1243826335436173
4.375 0.9758731919370143
4.385 0.8709750830122209
4.395 0.8093135930324368
4.405 0.7908853277275628
4.415 0.8184310246530893
4.425 0.88956793823351
4.435 1.007523156989647
4.445 1.1745549692088673
4.455 1.3933468216525142
4.465 1.666841708269526
4.475 1.998027162041513
4.485 2.389679556023447
4.495 2.8440791396167313
4.505 3.362709860903119
4.515 3.945960334474055
4.525 4.594999569816149
4.535 5.303957288574631
4.545 6.069998424362745
4.555 6.886983594199291
4.565 7.744876329354425
4.575 8.638597746564091
4.585 9.55381634680073
4.595 10.477896396704057
4.605 11.397258271841567
4.615 12.297837737487512
4.625 13.16559246747206
4.635 13.989090149590517
4.645 14.752772003068927
4.655 15.447239735781613
4.665 16.06369473705732
4.675 16.59562686470776
4.685 17.041035789849076
4.695 17.39539716928151
4.705 17.661234935972256
4.715 17.842107384843363
4.725 17.943691672237463
4.735 17.97343806359678
4.745 17.94016817744447
4.755 17.853644846987123
4.765 17.724140832689585
4.775 17.562031009004258
4.785 17.377428207081596
4.795 17.17987717092167
4.805 16.978114713786574
4.815 16.779897796983697
4.825 16.591895493825298
4.835 16.41963613879699
4.845 16.26749774044753
4.855 16.138728135901147
4.865 16.037367525152668
4.875 15.961658286672943
4.885 15.913057915449883
4.895 15.890814485151509
4.905 15.89324958656483
4.915 15.917776291041077
4.925 15.960916614739448
4.935 16.018327721341734
4.945 16.084847674656007
4.955 16.15457170031297
4.965 16.220968526213547
4.975 16.277043477581884
4.985 16.31555079275101
4.995 16.329252441645046
5.005 16.311215046895242
5.015 16.25513090394333
5.025 16.155644195818056
5.035 16.008659909253115
5.045 15.811611204666491
5.055 15.563661443700404
5.065 15.264210590342188
5.075 14.919892566228143
5.085 14.53300338387051
5.095 14.109782503989669
5.105 13.657694346742344
5.115 13.183460796635499
5.125 12.699444191512
5.135 12.211932706253062
5.145 11.728973304987115
5.155 11.259272273755805
5.165 10.80587756061202
5.175 10.373980017585556
5.185 9.965871738731865
5.195 9.582067191993087
5.205 9.221422222170144
5.215 8.881370211597416
5.225 8.556751329145559
5.235 8.246743314904927
5.245 7.944578306240754
5.255 7.645923285844246
5.265 7.347046010252992
5.275 7.045175313803655
5.285 6.738776630259546
5.295 6.427725921455188
5.305 6.113373279056629
5.315 5.798495687044667
5.325 5.4871461206963605
5.335 5.182975060098966
5.345 4.895157758764867
5.355 4.627782894393251
5.365 4.387051930282985
5.375 4.178742364398037
5.385 4.007846679166861
5.395 3.878251618752839
5.405 3.7924746019759974
5.415 3.751470234147984
5.425 3.754515799557592
5.435 3.7991804905466866
5.445 3.8800035309435246
5.455 3.9945986150600783
5.465 4.1340556474528025
5.475 4.290471640910504
5.485 4.455218446815918
5.495 4.6179585382450545
5.505 4.772879010993016
5.515 4.909455486482366
5.525 5.019926379523604
5.535 5.097596453651676
5.545 5.137106324551061
5.555 5.134632756054533
5.565 5.088010439826527
5.575 4.9967704911851705
5.585 4.862095838785742
5.595 4.686698663650766
5.605 4.474629659229389
5.615 4.231032765023602
5.625 3.9618618601522546
5.635 3.67357747532848
5.645 3.3728417975212888
5.655 3.0662291350572883
5.665 2.7599667376420145
5.675 2.4584596796849
5.685 2.1695830524510407
5.695 1.8955992346551696
5.705 1.639735596780381
5.715 1.404294452142869
5.725 1.1906924246575274
5.735 0.9995351154554719
5.745 0.8307179163156717
5.755 0.6835434926126139
5.765 0.5568468719073514
5.775 0.44912007802639475
5.785 0.3586296664745531
5.795 0.2835221601268575
5.805 0.221914081423429
5.815 0.17196488282489378
5.825 0.13193248129015933
5.835 0.10021223493590475
5.845 0.0753610291290032
5.855 0.056108666650481386
5.865 0.041359009694017845
5.875 0.030183345125480276
5.885 0.021808292477578598
5.895 0.015600302207528003
5.905 0.011048451543619985
5.915 0.007746880810963088
5.925 0.00537785871372146
5.935 0.0036961446367933678
5.945 0.00251504396961022
5.955 0.0016943349201596417
5.965 0.0
5.975 0.0
5.985 0.0
5.995 0.0
6.005 0.0
6.015 0.0
6.025 0.0
6.035 0.0
6.045 0.0
6.055 0.001254801200408369
6.065 0.0018626070646347674
6.075 0.0027373140174047073
6.085 0.003982768394437906
6.095 0.005737233663401767
6.105 0.008182331659836069
6.115 0.011553369823066071
6.125 0.016150922261074608
6.135 0.022353371370179995
6.1450000000000005 0.03062991525126871
6.155 0.041553308869832786
6.165 0.05581134443370467
6.175 0.07542522311689998
6.185 0.09950262471251625
6.195 0.1299931420129003
6.205 0.16818524112439828
6.215 0.21550234749518946
6.225 0.2746738282760306
6.235 0.3455159105954508
6.245 0.43055855323076303
6.255 0.5315488033999501
6.265 0.6501869340657389
6.275 0.7880601674011448
6.285 0.9465712416810454
6.295 1.1268653980045604
6.305 1.3297600161469036
6.315 1.555681486786808
6.325 1.8046138797965472
6.335 2.0760634951134365
6.345 2.3690424481998757
6.355 2.6820730851395576
6.365 3.0132133408661614
6.375 3.3601013013170857
6.385 3.720015403532151
6.3950000000000005 4.089945127468381
6.405 4.4666659170870755
6.415 4.8468116005145445
6.425 5.2269378817527326
6.435 5.603571584799183
6.445 5.973242178905904
6.455 6.332494531298963
6.465 6.677884560131892
6.475 7.007068340762901
6.485 7.31489017896758
6.495 7.5986268012979234
6.505 7.854781804885459
6.515 8.0798408079551
6.525 8.270316983858269
6.535 8.422829051550314
6.545 8.534212448290276
6.555 8.601660398066192
6.565 8.62288755894157
6.575 8.596305341802408
6.585 8.52119526459263
6.595 8.397865176424464
6.605 8.227773064361902
6.615 8.013604500314353
6.625 7.759292497918674
6.635 7.4699723885906195
6.6450000000000005 7.151868939342287
6.655 6.812117900508252
6.665 6.458529046243703
6.675 6.099302137979462
6.685 5.742710751259977
6.695 5.396771305956772
6.705 5.068915786680136
6.715 4.76568650525972
6.725 4.493576084092567
6.735 4.254926062083845
6.745 4.053044287114469
6.755 3.888933755750849
6.765 3.7620381651832338
6.775 3.670326070914394
6.785 3.6104465193952473
6.795 3.577947415020272
6.805 3.5675445706161004
6.815 3.573426740198697
6.825 3.589580065070269
6.835 3.610114372212589
6.845 3.62957370633678
6.855 3.6432143729098376
6.865 3.646398668542933
6.875 3.638397877858207
6.885 3.6165275755678987
6.8950000000000005 3.580592190076759
6.905 3.5315884151505674
6.915 3.4715922376170405
6.925 3.403582625171016
6.935 3.3312133349268316
6.945 3.2585472301802216
6.955 3.1897695493354417
6.965 3.128897632031685
6.975 3.080695842916665
6.985 3.0454351396054213
6.995 3.0278624011707245
