0.005 0.0
0.015 0.0
0.025 0.0
0.034999999999999996 0.0
0.045 0.0
0.055 0.0
0.065 0.0
0.07500000000000001 0.0
0.085 0.0
0.095 0.0
0.10500000000000001 0.0
0.115 0.0
0.125 0.0
0.135 0.0
0.14500000000000002 0.0
0.155 0.0
0.165 0.0
0.17500000000000002 0.0
0.185 0.0
0.195 0.0
0.20500000000000002 0.0
0.215 0.0
0.225 0.0
0.23500000000000001 0.0
0.245 0.0
0.255 0.0
0.265 0.0
0.275 0.0
0.28500000000000003 0.0
0.295 0.0
0.305 0.0
0.315 0.0
0.325 0.0
0.335 0.0
0.34500000000000003 0.0
0.35500000000000004 0.0
0.365 0.0
0.375 0.0
0.385 0.0
0.395 0.0
0.405 0.0
0.41500000000000004 0.0
0.425 0.0
0.435 0.0
0.445 0.0
0.455 0.0
0.465 0.0
0.47500000000000003 0.0
0.485 0.0
0.495 0.0
0.505 0.0
0.515 0.0
0.525 0.0
0.535 0.0
0.545 0.0
0.555 0.0
0.5650000000000001 0.0
0.5750000000000001 0.0
0.585 0.0
0.595 0.0
0.605 0.0
0.615 0.0
0.625 0.0
0.635 0.0
0.645 0.0
0.655 0.0
0.665 0.0
0.675 0.0
0.685 0.0
0.6950000000000001 0.0
0.7050000000000001 0.0
0.715 0.0
0.725 0.0
0.735 0.0
0.745 0.0
0.755 0.0
0.765 0.0
0.775 0.0
0.785 0.0
0.795 0.0
0.805 0.0
0.8150000000000001 0.0
0.8250000000000001 0.0
0.8350000000000001 0.0
0.845 0.0
0.855 0.0
0.865 0.0
0.875 0.0
0.885 0.0
0.895 0.0
0.905 0.0
0.915 0.0
0.925 0.0
0.935 0.0
0.9450000000000001 0.0
0.9550000000000001 0.0
0.965 0.0
0.975 0.0
0.985 0.0
0.995 0.0
1.005 0.0
1.015 0.0
1.025 0.0
1.035 0.0
1.045 0.0
1.055 0.0
1.065 0.0
1.075 0.0
1.085 0.0
1.095 0.0
1.105 0.0
1.115 0.0
1.125 0.0
1.135 0.0
1.145 0.0
1.155 0.0
1.1649999999999998 0.0
1.1749999999999998 0.0
1.1849999999999998 0.0
1.1949999999999998 0.0
1.2049999999999998 0.0
1.2149999999999999 0.0
1.2249999999999999 0.0
1.2349999999999999 0.0
1.2449999999999999 0.0
1.255 0.0
1.265 0.0
1.275 0.0
1.285 0.0
1.295 0.0
1.305 0.0
1.315 0.0
1.325 0.0
1.335 0.0
1.345 0.0
1.355 0.0
1.365 0.0
1.375 0.0
1.385 0.0
1.395 0.0
1.405 0.0
1.4149999999999998 0.0
1.4249999999999998 0.0
1.4349999999999998 0.0
1.4449999999999998 0.0
1.4549999999999998 0.0
1.4649999999999999 0.0
1.4749999999999999 0.0
1.4849999999999999 0.0
1.4949999999999999 0.0
1.505 0.0
1.515 0.0
1.525 0.0
1.535 0.0
1.545 0.0
1.555 0.0
1.565 0.0
1.575 0.0
1.585 0.0
1.595 0.013136534060214176
1.605 0.01949966348247604
1.615 0.028656984717129703
1.625 0.04169566673226872
1.635 0.06006319200695434
1.645 0.08566096247471236
1.655 0.12095241552332342
1.665 0.16908426635026264
1.6749999999999998 0.23401780638193548
1.6849999999999998 0.3206650781245789
1.6949999999999998 0.43502226257474774
1.7049999999999998 0.5842898674794863
1.7149999999999999 0.7769664791903489
1.7249999999999999 1.02290020319799
1.7349999999999999 1.3332798099782477
1.7449999999999999 1.7205464246616282
1.755 2.198206782506162
1.765 2.780531034680161
1.775 3.4821221778064344
1.785 4.31735060884268
1.795 5.299656086588425
1.805 6.440730266648085
1.815 7.749605424719544
1.825 9.231688142435763
1.835 10.88778946927828
1.845 12.713214052639328
1.855 14.696978510138543
1.865 16.82123252367434
1.875 19.06095361287897
1.885 21.38397755307978
1.895 23.751410759813947
1.905 26.118449163766805
1.915 28.435601360287443
1.9249999999999998 30.650284027127302
1.9349999999999998 32.708727199487576
1.9449999999999998 34.55809874059966
1.9549999999999998 36.14873406814359
1.9649999999999999 37.43634144912589
1.9749999999999999 38.38404694490418
1.9849999999999999 38.964147526595305
1.9949999999999999 39.15945612884114
2.005 38.964147526595305
2.015 38.38404694490418
2.025 37.43634144912589
2.035 36.14873406814359
2.045 34.55809874059966
2.0549999999999997 32.708727199487576
2.065 30.650284027127302
2.0749999999999997 28.435601360287443
2.085 26.118449163766805
2.0949999999999998 23.751410759813947
2.105 21.38397755307978
2.1149999999999998 19.06095361287897
2.125 16.82123252367434
2.135 14.696978510138543
2.145 12.713214052639328
2.155 10.88778946927828
2.165 9.231688142435763
2.175 7.749605424719544
2.185 6.440730266648085
2.195 5.299656086588425
2.205 4.31735060884268
2.215 3.4821221778064344
2.225 2.780531034680161
2.235 2.198206782506162
2.245 1.7205464246616282
2.255 1.3332798099782477
2.265 1.02290020319799
2.275 0.7769664791903489
2.285 0.5842898674794863
2.295 0.43502226257474774
2.305 0.3206650781245789
2.315 0.23401780638193548
2.3249999999999997 0.16908426635026264
2.335 0.12095241552332342
2.3449999999999998 0.08566096247471236
2.355 0.06006319200695434
2.3649999999999998 0.04169566673226872
2.375 0.028656984717129703
2.385 0.01949966348247604
2.395 0.013136534060214176
2.405 0.0
2.415 0.0
2.425 0.0
2.435 0.0
2.445 0.0
2.455 0.0
2.465 0.0
2.475 0.0
2.485 0.0
2.495 0.006238352881401466
2.505 0.009260112394538262
2.515 0.01360879379316809
2.525 0.01980067813236903
2.535 0.028523154220531453
2.545 0.04067917074840913
2.555 0.057438579037193176
2.565 0.08029570930588494
2.5749999999999997 0.11113172242010659
2.585 0.15227927738883953
2.5949999999999998 0.20658587514541998
2.605 0.27747093424008573
2.6149999999999998 0.36897031225985655
2.625 0.48576073420558596
2.635 0.6331555877804038
2.645 0.8170629860718273
2.655 1.043897085236194
2.665 1.3204345767699686
2.675 1.653610215734222
2.685 2.050248298922691
2.695 2.5167311763257207
2.705 3.058611048629872
2.715 3.680177214889769
2.725 4.383997183700443
2.735 5.17045611090642
2.745 6.037324240444524
2.755 6.979385720492197
2.765 7.988163689279622
2.775 9.051775327351796
2.785 10.154946302625016
2.795 11.284328439060321
2.805 12.410882191139542
2.815 13.514835127791686
2.8249999999999997 14.571640057167459
2.835 15.556326751229701
2.8449999999999998 16.444547322800947
2.855 17.213677244467767
2.8649999999999998 17.84390988315924
2.875 18.319278807646022
2.885 18.628543411595025
2.895 18.76587966716194
2.905 18.73132868030093
2.915 18.53097030056172
2.925 18.17680612068313
2.935 17.68635432959128
2.945 17.0819765340123
2.955 16.389972418691567
2.965 15.639490807943279
2.975 14.86131452643539
2.985 14.0865810711946
2.995 13.345501570977358
3.005 12.666137274990014
3.015 12.073286611983558
3.025 11.587527575548755
3.035 11.224450719696302
3.045 10.994108182173917
3.055 10.9006944888147
3.065 10.942465790318078
3.075 11.111895770965885
3.085 11.396058692202146
3.0949999999999998 11.777222737326618
3.105 12.233629846797875
3.1149999999999998 12.740431503607493
3.125 13.270743526658904
3.135 13.796777125289358
3.145 14.290998702472438
3.155 14.72726772975456
3.165 15.081901046466097
3.175 15.334613675716714
3.185 15.469291032864673
3.195 15.47455528890663
3.205 15.344099376013427
3.215 15.076775085876964
3.225 14.676436021566396
3.235 14.151550721011349
3.245 13.51461488714902
3.255 12.781403194273695
3.265 11.970109628021305
3.275 11.100430081666438
3.285 10.192641660269722
3.295 9.2667299138823
3.305 8.337447643572274
3.315 7.431718556076117
3.325 6.558468606617634
3.335 5.73023837790828
3.3449999999999998 4.956783941729395
3.355 4.2450649992041045
3.3649999999999998 3.599363886269133
3.375 3.021511284631763
3.385 2.5111909723649974
3.395 2.0662949650593134
3.405 1.6833016481999867
3.415 1.3576525355920857
3.425 1.0841075691100728
3.435 0.8570638420002934
3.445 0.6708277586966411
3.455 0.5198354975042822
3.465 0.39882088669394433
3.475 0.3029332276925839
3.485 0.2278101053318022
3.495 0.16961181936346273
3.505 0.12502483662589892
3.515 0.09124173477688746
3.525 0.06592464917005632
3.535 0.047158412380771966
3.545 0.03339854748529061
3.555 0.023418174538426206
3.565 0.016256818334251442
3.575 0.011173136948383528
3.585 0.007602768144928552
3.5949999999999998 0.00512183314227551
3.605 0.0
3.6149999999999998 0.0
3.625 0.0
3.635 0.0
3.645 0.0
3.655 0.0
3.665 0.0
3.675 0.0
3.685 0.0
3.695 0.0
3.705 0.0
3.715 0.0
3.725 0.0
3.735 0.0
3.745 0.0
3.755 0.0
3.765 0.0
3.775 0.0
3.785 0.0
3.795 0.0
3.805 0.0
3.815 0.0
3.825 0.0
3.835 0.0
3.8449999999999998 0.0
3.855 0.0
3.8649999999999998 0.0
3.875 0.0
3.885 0.0
3.895 0.0
3.905 0.0
3.915 0.0
3.925 0.0
3.935 0.0
3.945 0.0
3.955 0.0
3.965 0.0
3.975 0.0
3.985 0.0
3.995 0.0
4.005 0.0
4.015 0.0
4.025 0.0
4.035 0.0
4.045 0.0
4.055 0.0
4.065 0.0
4.075 0.0
4.085 0.0
4.095 0.0
4.1049999999999995 0.002576189089487681
4.115 0.003824054357258456
4.125 0.005619885049396441
4.135 0.008176884498013006
4.145 0.011778916662405907
4.155 0.016798863072317094
4.165 0.02371982531998901
4.175 0.03315890174523506
4.185 0.04589293620246996
4.195 0.06288522313858992
4.205 0.08531166602943659
4.215 0.1145843473475769
4.225 0.1523699141198893
4.235 0.20059966586577938
4.245 0.26146781822024756
4.255 0.3374141845065988
4.265 0.4310875535032767
4.275 0.5452864265179043
4.285 0.6828745787594575
4.295 0.846670170610601
4.305 1.039308856181163
4.315 1.2630834712730428
4.325 1.5197653240562252
4.335 1.8104146924206326
4.345 2.1351906302548933
4.355 2.4931723378941957
4.365 2.8822058781033246
4.375 3.2987906475628357
4.385 3.738019519277142
4.395 4.193584807802451
4.405 4.657859141452674
4.415 5.122056050828499
4.425 5.5764698391227885
4.435 6.010788457476624
4.445 6.414467146060521
4.455 6.777145061314546
4.465 7.089082544777785
4.475 7.341593600679262
4.485 7.527446927521833
4.495 7.641209719328866
4.505 7.679511442438059
4.515 7.641209719328866
4.525 7.527446927521833
4.535 7.341593600679262
4.545 7.089082544777785
4.555 6.777145061314546
4.565 6.414467146060521
4.575 6.010788457476624
4.585 5.5764698391227885
4.595 5.122056050828499
4.605 4.657859141452674
4.615 4.193584807802451
4.625 3.738019519277142
4.635 3.2987906475628357
4.645 2.8822058781033246
4.655 2.4931723378941957
4.665 2.1351906302548933
4.675 1.8104146924206326
4.685 1.5197653240562252
4.695 1.2671116523514947
4.705 1.0452882244921837
4.715 0.8554575359136483
4.725 0.6956601198325051
4.735 0.5637041775353966
4.745 0.45735459369979736
4.755 0.37450298048359115
4.765 0.3133157439557617
4.775 0.2723587840142651
4.785 0.25069851390891507
4.795 0.24797938433196176
4.805 0.26447805632109467
4.815 0.3011338856640287
4.825 0.3595546086633941
4.835 0.44199524154525255
4.845 0.5513074310500592
4.855 0.6908560327357913
4.865 0.8662858668589184
4.875 1.0787330464755627
4.885 1.3336049247780615
4.895 1.634894893826644
4.905 1.9861827020298939
4.915 2.3886347139238286
4.925 2.8481670112387545
4.935 3.3629039058253647
4.945 3.931974373632325
4.955 4.55271573944422
4.965 5.220515312996453
4.975 5.928734050907182
4.985 6.668729344791164
4.995 7.429988860429479
5.005 8.200380365956342
5.015 8.966514118416503
5.025 9.71420526944046
5.035 10.429014709320564
5.045 11.096838693024434
5.055 11.704511376692194
5.065 12.240380824880832
5.075 12.694818701099022
5.085 13.060627002483127
5.095 13.333311764427416
5.105 13.512928444636637
5.115 13.597974314840044
5.125 13.593399165775562
5.135 13.5052776983234
5.145 13.34151432869387
5.155 13.111322274747186
5.165 12.824669903684962
5.175 12.491737997389833
5.185 12.122428891968294
5.195 11.725961983095601
5.205 11.310580568192348
5.215 10.883383441430787
5.225 10.450282281439431
5.235 10.016073940892577
5.245 9.584606440685418
5.255 9.15900975449602
5.265 8.74195799869662
5.275 8.335928709760383
5.285 7.9434274125731825
5.295 7.567151229719867
5.305 7.210073147292057
5.315 6.875437844392738
5.325 6.566669736533336
5.335 6.287203123960076
5.345 6.040252233457511
5.355 5.828544838360102
5.365 5.6540466068434
5.375 5.517704180713164
5.385 5.419233284620133
5.395 5.356974182224816
5.405 5.327830977739286
5.415 5.327304177443782
5.425 5.349618213474216
5.435 5.387937943428715
5.445 5.434661091418256
5.455 5.4832928820274445
5.465 5.523467541536104
5.475 5.548599042058068
5.485 5.5518483331450135
5.495 5.527482130669034
5.505 5.468466883203409
5.515 5.378332051883869
5.525 5.252130941793092
5.535 5.090641399707682
5.545 4.8962857405306695
5.555 4.672996396950862
5.565 4.426012311908371
5.575 4.161622526890243
5.585 3.886875141711935
5.595 3.6092699904211307
5.605 3.3364521201276314
5.615 3.0759207339711883
5.625 2.8347650244552365
5.635 2.6194346933168835
5.645 2.436980136997387
5.655 2.289871626457286
5.665 2.1826968658508856
5.675 2.1166916862402694
5.685 2.0961167413283603
5.695 2.120688053444571
5.705 2.1872856514687737
5.715 2.2948159047312675
5.725 2.440218821358603
5.735 2.619514293134889
5.745 2.8279375434465313
5.755 3.0601033539832376
5.765 3.310198598186786
5.775 3.572200466597151
5.785 3.840115007990209
5.795 4.108227529977507
5.805 4.371353385407993
5.815 4.625075137116248
5.825 4.8659504521119485
5.835 5.091674672403365
5.845 5.302523688316491
5.855 5.496670468125204
5.865 5.6765144541535655
5.875 5.844672761164664
5.885 6.004666749903844
5.895 6.160645179674445
5.905 6.3170540744413355
5.915 6.477123799144212
5.925 6.647493379420198
5.935 6.829656341793179
5.945 7.027026794261003
5.955 7.238419554387181
5.965 7.464090875907173
5.975 7.701946988464373
5.985 7.9484859623163455
5.995 8.198978450200903
6.005 8.447742026107274
6.015 8.688490037962811
6.025 8.914729740706186
6.035 9.120180333509714
6.045 9.299179765290429
6.055 9.447049960804604
6.065 9.560393392622991
6.075 9.637299396197601
6.085 9.677445813331644
6.095 9.682089819711312
6.105 9.6539504202003
6.115 9.596993335802996
6.125 9.516136163557771
6.135 9.416897186469328
6.1450000000000005 9.305014635737015
6.155 9.18606435691214
6.165 9.06510271681873
6.175 8.946358426741332
6.185 8.83299214114221
6.195 8.726936736423612
6.205 8.628824662238383
6.215 8.538002271499991
6.225 8.45262510053269
6.235 8.369823109443352
6.245 8.285921191151807
6.255 8.196697954238406
6.265 8.096647634749809
6.275 7.98367656772858
6.285 7.852118950028111
6.295 7.698345071406324
6.305 7.519443175823467
6.315 7.313379211641527
6.325 7.079104486661205
6.335 6.8166093543306445
6.345 6.526923784188524
6.355 6.212068092968811
6.365 5.874959188364046
6.375 5.519279376994975
6.385 5.149316089374816
6.3950000000000005 4.769781755560734
6.405 4.385623503755349
6.415 4.001832332995294
6.425 3.6232609252638386
6.435 3.2544583278169945
6.445 2.8995283968741647
6.455 2.561062922256416
6.465 2.2442027023286295
6.475 1.9497867296208677
6.485 1.6793731723065113
6.495 1.4338290268395935
6.505 1.2124376458124582
6.515 1.0170395529750191
6.525 0.8454218836063393
6.535 0.6963626198862665
6.545 0.5683222444078837
6.555 0.45954052256472216
6.565 0.36812678336368937
6.575 0.2921404412445386
6.585 0.22965954572882083
6.595 0.17883617748532082
6.605 0.13793845166726784
6.615 0.10537968510537386
6.625 0.07973589838718102
6.635 0.059753244078996154
6.6450000000000005 0.04434718446227634
6.655 0.03170115112314324
6.665 0.02313514739119194
6.675 0.016715776820677198
6.685 0.011957431802799708
6.695 0.008468496577945924
6.705 0.005937884904358353
6.715 0.0041220598139044785
6.725 0.002833047516631659
6.735 0.0019277489850898378
6.745 0.0012986860119372874
6.755 0.0
6.765 0.0
6.775 0.0
6.785 0.0
6.795 0.0
6.805 0.0
6.815 0.0
6.825 0.0
6.835 0.0
6.845 0.0
6.855 0.0
6.865 0.0
6.875 0.0
6.885 0.0
6.8950000000000005 0.0
6.905 0.0
6.915 0.0
6.925 0.0
6.935 0.0
6.945 0.0
6.955 0.0
6.965 0.0
6.975 0.0
6.985 0.0
6.995 0.0
