0.005 0.0
0.015 0.0
0.025 0.0
0.034999999999999996 0.0
0.045 0.0
0.055 0.0
0.065 0.0
0.07500000000000001 0.0
0.085 0.0
0.095 0.0
0.10500000000000001 0.0
0.115 0.0
0.125 0.0
0.135 0.0
0.14500000000000002 0.0
0.155 0.0
0.165 0.0
0.17500000000000002 0.0
0.185 0.0
0.195 0.0
0.20500000000000002 0.0
0.215 0.0
0.225 0.0
0.23500000000000001 0.0
0.245 0.0
0.255 0.0
0.265 0.0
0.275 0.0
0.28500000000000003 0.0
0.295 0.0
0.305 0.0
0.315 0.0
0.325 0.0
0.335 0.0
0.34500000000000003 0.0
0.35500000000000004 0.0
0.365 0.0
0.375 0.0
0.385 0.0
0.395 0.0
0.405 0.0
0.41500000000000004 0.0
0.425 0.0
0.435 0.0
0.445 0.0
0.455 0.0
0.465 0.0
0.47500000000000003 0.0
0.485 0.0
0.495 0.0
0.505 0.0
0.515 0.0
0.525 0.0
0.535 0.0
0.545 0.0
0.555 0.0
0.5650000000000001 0.0
0.5750000000000001 0.0
0.585 0.0
0.595 0.0
0.605 0.0
0.615 0.0
0.625 0.0
0.635 0.0
0.645 0.0
0.655 0.0
0.665 0.0
0.675 0.0
0.685 0.0
0.6950000000000001 0.0
0.7050000000000001 0.0
0.715 0.0
0.725 0.0
0.735 0.0
0.745 0.0
0.755 0.0
0.765 0.0
0.775 0.0
0.785 0.0
0.795 0.0
0.805 0.0
0.8150000000000001 0.0
0.8250000000000001 0.0
0.8350000000000001 0.0
0.845 0.0
0.855 0.0
0.865 0.0
0.875 0.0
0.885 0.0
0.895 0.0
0.905 0.0
0.915 0.0
0.925 0.0
0.935 0.0
0.9450000000000001 0.0
0.9550000000000001 0.0
0.965 0.0
0.975 0.0
0.985 0.0
0.995 0.0
1.005 0.0
1.015 0.0
1.025 0.0
1.035 0.0
1.045 0.0
1.055 0.0
1.065 0.0
1.075 0.0
1.085 0.0
1.095 0.0
1.105 0.0
1.115 0.0
1.125 0.0
1.135 0.0
1.145 0.0
1.155 0.0
1.1649999999999998 0.0
1.1749999999999998 0.0
1.1849999999999998 0.0
1.1949999999999998 0.0
1.2049999999999998 0.0
1.2149999999999999 0.0
1.2249999999999999 0.0
1.2349999999999999 0.0
1.2449999999999999 0.0
1.255 0.0
1.265 0.0
1.275 0.0
1.285 0.0
1.295 0.0
1.305 0.0
1.315 0.01777616309851451
1.325 0.026386655478666657
1.335 0.038778206786381976
1.345 0.056421957948475036
1.355 0.0812766207919843
1.365 0.1159151442189
1.375 0.16367101517390967
1.385 0.22880232200196748
1.395 0.31666942552227906
1.405 0.43391922881730627
1.4149999999999998 0.5886656750987362
1.4249999999999998 0.7906523846789645
1.4349999999999998 1.0513795185897796
1.4449999999999998 1.3841733871509976
1.4549999999999998 1.8041744686606749
1.4649999999999999 2.3282179091653394
1.4749999999999999 2.974580822534956
1.4849999999999999 3.7625733657291636
1.4949999999999999 4.711956097241112
1.505 5.842174825146165
1.515 7.171416031763789
1.525 8.715500692091119
1.535 10.486651147669726
1.545 12.492183504595204
1.555 14.73319526299953
1.565 17.203332741357716
1.575 19.88773338949696
1.585 22.76224242165112
1.595 25.79299978842606
1.605 28.936481337933817
1.615 32.14005684840295
1.625 35.34309811760264
1.635 38.478634110630054
1.645 41.47550985553689
1.655 44.26096463327172
1.665 46.76350677976721
1.6749999999999998 48.91593091866667
1.6849999999999998 50.65830213365207
1.6949999999999998 51.9407231577284
1.7049999999999998 52.72570666299832
1.7149999999999999 52.989995367473256
1.7249999999999999 52.72570666299832
1.7349999999999999 51.9407231577284
1.7449999999999999 50.65830213365207
1.755 48.91593091866667
1.765 46.76350677976721
1.775 44.26096463327172
1.785 41.47550985553689
1.795 38.478634110630054
1.805 35.34309811760264
1.815 32.14005684840295
1.825 28.936481337933817
1.835 25.79299978842606
1.845 22.76224242165112
1.855 19.88773338949696
1.865 17.203332741357716
1.875 14.73319526299953
1.885 12.492183504595204
1.895 10.486651147669726
1.905 8.715500692091119
1.915 7.171416031763789
1.9249999999999998 5.842174825146165
1.9349999999999998 4.711956097241112
1.9449999999999998 3.7625733657291636
1.9549999999999998 2.974580822534956
1.9649999999999999 2.3375656049127223
1.9749999999999999 1.8180500404496287
1.9849999999999999 1.4045651261702288
1.9949999999999999 1.0810493237918959
2.005 0.8333921546916714
2.015 0.6496203082592986
2.025 0.5199865563970604
2.035 0.43698641859418874
2.045 0.39532472764574433
2.0549999999999997 0.3918498919902529
2.065 0.4254683136658283
2.0749999999999997 0.4970456420910332
2.085 0.6092958149411786
2.0949999999999998 0.7666535988496509
2.105 0.9751219880007561
2.1149999999999998 1.2420826980843502
2.125 1.5642001229939277
2.135 1.978570451628087
2.145 2.4778087221598497
2.155 3.0721406225761645
2.165 3.771129617303824
2.175 4.583095255386151
2.185 5.514464724142366
2.195 6.569085239276904
2.205 7.747533927431751
2.215 9.04646966929774
2.225 10.45807690893765
2.235 11.969653715854234
2.245 13.563394591865816
2.255 15.216412115921138
2.265 16.901030388698718
2.275 18.585367727687903
2.285 20.23420703599946
2.295 21.810131069822113
2.305 23.274878194162735
2.315 24.590854113757956
2.3249999999999997 25.7227185019417
2.335 26.63895424451555
2.3449999999999998 27.313322581860202
2.355 27.726110590909833
2.3649999999999998 27.865088298596827
2.375 27.726110590909833
2.385 27.313322581860202
2.395 26.63895424451555
2.405 25.7227185019417
2.415 24.590854113757956
2.425 23.274878194162735
2.435 21.810131069822113
2.445 20.2406665897585
2.455 18.594956187168222
2.465 16.915121726071558
2.475 15.236914890819106
2.485 13.592929126312269
2.495 12.011775297514975
2.505 10.517552157643076
2.515 9.129612521384205
2.525 7.862606182713661
2.535 6.7267640685097625
2.545 5.72837576632441
2.555 4.870404814554906
2.565 4.153182959402754
2.5749999999999997 3.575125566885099
2.585 3.133414878922273
2.5949999999999998 2.82460503533797
2.605 2.6451119388500977
2.6149999999999998 2.5915613690892982
2.625 2.660979620092994
2.635 2.8508218425202334
2.645 3.158843836503237
2.655 3.5828329678606186
2.665 4.1202229110134025
2.675 4.7676247892165975
2.685 5.520313677491188
2.695 6.3717139937396725
2.705 7.312929629806514
2.715 8.332364373500916
2.725 9.415474921961259
2.735 10.54469240956998
2.745 11.6995389138207
2.755 12.856953182880394
2.765 13.991825479874736
2.775 15.071491193607335
2.785 16.083677838184954
2.795 16.993058869398556
2.805 17.775213002459815
2.815 18.40836091345871
2.8249999999999997 18.8743707886401
2.835 19.159620373949856
2.8449999999999998 19.255658370732487
2.855 19.159620373949856
2.8649999999999998 18.8743707886401
2.875 18.40836091345871
2.885 17.775213002459815
2.895 16.993058869398556
2.905 16.083677838184954
2.915 15.071491193607335
2.925 13.982477784127353
2.935 12.84307761109144
2.945 11.679147174801468
2.955 10.515022604367863
2.965 9.372735151948552
2.975 8.271409740340353
2.985 7.22686230222676
2.995 6.251397000667763
3.005 5.353791271847411
3.015 4.539445912400255
3.025 3.8106697415664743
3.035 3.1670639465615698
3.045 2.6059699795105336
3.055 2.1229464504569644
3.065 1.7122442875709047
3.075 1.3672548341034623
3.085 1.08091181585617
3.0949999999999998 0.8460345837098827
3.105 0.6556061567624233
3.1149999999999998 0.5029849443089347
3.125 0.3820533420989301
3.135 0.2873095591687549
3.145 0.21391104218204368
3.155 0.15767882923285792
3.165 0.11507225528191017
3.175 0.0831428520864635
3.185 0.05947524870542475
3.195 0.042121581660741245
3.205 0.029534534446452976
3.215 0.02050277489796797
3.225 0.014091337372838056
3.235 0.009588459480321132
3.245 0.00645955375903892
3.255 0.0
3.265 0.0
3.275 0.0
3.285 0.0
3.295 0.0
3.305 0.0
3.315 0.0
3.325 0.0
3.335 0.0
3.3449999999999998 0.0
3.355 0.0
3.3649999999999998 0.0
3.375 0.0
3.385 0.0
3.395 0.0
3.405 0.0
3.415 0.0
3.425 0.0
3.435 0.0
3.445 0.0
3.455 0.0
3.465 0.0
3.475 0.0
3.485 0.0
3.495 0.0
3.505 0.0
3.515 0.0
3.525 0.0
3.535 0.0
3.545 0.003359489266924387
3.555 0.004986772757391048
3.565 0.007328632662034434
3.575 0.010663097604150634
3.585 0.015360341469041335
3.5949999999999998 0.021906621846304333
3.605 0.030931929220953034
3.6149999999999998 0.043240993050813165
3.625 0.05984685954496614
3.635 0.0820057165230255
3.645 0.11125100542457698
3.655 0.1494241578160993
3.665 0.1986985711478794
3.675 0.26159276396854975
3.685 0.34096811159608736
3.695 0.4400062619562553
3.705 0.5652640866647437
3.715 0.715688468118096
3.725 0.8972736870277235
3.735 1.113951553903416
3.745 1.3695009834362544
3.755 1.667361047693998
3.765 2.0104234653809594
3.775 2.4008141163265115
3.785 2.839676029911494
3.795 3.326968605554548
3.805 3.861299226777321
3.815 4.43980360108835
3.825 5.058089845643018
3.835 5.710258415924461
3.8449999999999998 6.389005476197805
3.855 7.0858114576448035
3.8649999999999998 7.791209755101631
3.875 8.49512335833458
3.885 9.1872504040022
3.895 9.857473927933942
3.905 10.49626721801994
3.915 11.095064711799052
3.925 11.646569729449485
3.935 12.144974576083916
3.945 12.586075455535784
3.955 12.967273654091375
3.965 13.287464736426424
3.975 13.546828006218405
3.985 13.746538093468738
3.995 13.88842815975893
4.005 13.974638963714892
4.015 14.007289303708628
4.025 13.988200938592756
4.035 13.918705186163475
4.045 13.799549624340159
4.055 13.630912620244331
4.065 13.412521961355651
4.075 13.143862918716483
4.085 12.82445182492563
4.095 12.45414467948383
4.1049999999999995 12.033447057088146
4.115 11.56379195217873
4.125 11.047755992767602
4.135 10.489191164514406
4.145 9.893257966254918
4.155 9.266355745580215
4.165 8.615955753436202
4.175 7.950351196622007
4.185 7.278345426317761
4.195 6.608903814436145
4.205 5.950796581328616
4.215 5.31225890277133
4.225 4.700691371453319
4.235 4.1224188595437985
4.245 3.582519693376324
4.255 3.08473051697856
4.265 2.631425952461541
4.275 2.2236667154988896
4.285 1.8613056101957621
4.295 1.5455099279152942
4.305 1.2706030753484434
4.315 1.0355492359448526
4.325 0.8372970048921536
4.335 0.6725632351369671
4.345 0.5380190766645166
4.355 0.4282134680208577
4.365 0.3454358103941349
4.375 0.2838517090981801
4.385 0.2414096095629963
4.395 0.21654949920950672
4.405 0.20824546628517515
4.415 0.21602471871352502
4.425 0.23996472236206356
4.435 0.2806694591766913
4.445 0.3392250949178979
4.455 0.41713475637417063
4.465 0.5184408351651097
4.475 0.6418501320938151
4.485 0.7911171185198759
4.495 0.968509380408506
4.505 1.176124562964884
4.515 1.413653485367939
4.525 1.6871891099299252
4.535 1.9943043186069491
4.545 2.334817458580817
4.555 2.7075714041979366
4.565 3.110351461534388
4.575 3.5398504682495937
4.585 3.993794008868273
4.595 4.463626816598504
4.605 4.94467303370668
4.615 5.43234169342237
4.625 5.916490844621551
4.635 6.391630185018085
4.645 6.851242700592439
4.655 7.289510643068105
4.665 7.701632172651695
4.675 8.084092042968269
4.685 8.434865449499753
4.695 8.753538421795106
4.705 9.041334030610395
4.715 9.301040674667103
4.725 9.536846133802696
4.735 9.75408818363314
4.745 9.958938640758742
4.755 10.158042138981884
4.765 10.35813330993593
4.775 10.56565618761795
4.785 10.786407677936069
4.795 11.025223190303798
4.805 11.28571758308424
4.815 11.570089118047346
4.825 11.878988866677922
4.835 12.211453601525008
4.845 12.564897107945585
4.855 12.935153299297149
4.865 13.316564480325148
4.875 13.70210929387826
4.885 14.083566817769867
4.895 14.451715346151357
4.905 14.796565973201002
4.915 15.107631668414687
4.925 15.374231749369544
4.935 15.585829425359565
4.945 15.732396582802101
4.955 15.804795643589497
4.965 15.795163776575222
4.975 15.697280706650258
4.985 15.50689856212561
4.995 15.222011225443183
5.005 14.843041885538714
5.015 14.372931034844274
5.025 13.817112810627556
5.035 13.18337486849694
5.045 12.481605193755781
5.055 11.723437571639966
5.065 10.921814994622228
5.075 10.090496312580878
5.085 9.243535336167687
5.095 8.394763036127653
5.105 7.557445620625225
5.115 6.74637708594107
5.125 5.968420544343196
5.135 5.233797356659656
5.145 4.549761641500639
5.155 3.9217201387679275
5.165 3.353300965992868
5.175 2.8465055504506287
5.185 2.4019272759248684
5.195 2.0190177250152024
5.205 1.6963802643403976
5.215 1.432070949741392
5.225 1.223888070374782
5.235 1.069633811483961
5.245 0.9673342068723965
5.255 0.9154065262019072
5.265 0.9127663171928827
5.275 0.9573960192848991
5.285 1.0527141375355205
5.295 1.1969798859675485
5.305 1.3909149355789925
5.315 1.6352946412711762
5.325 1.9307035427217691
5.335 2.277259705539814
5.345 2.6743242553828237
5.355 3.121793409689578
5.365 3.6142862939911806
5.375 4.148441274011146
5.385 4.718202938709068
5.395 5.314413418977871
5.405 5.9309440445052
5.415 6.554841135615398
5.425 7.17260602439389
5.435 7.774483323227271
5.445 8.34504183781858
5.455 8.872552556826896
5.465 9.342133215714476
5.475 9.743600011082313
5.485 10.067624001793904
5.495 10.307254291778326
5.505 10.458324341292016
5.515 10.519729178296144
5.525 10.49355175240558
5.535 10.385026299685652
5.545 10.202337345519272
5.555 9.956263969937233
5.565 9.659689276727635
5.575 9.32700379568925
5.585 8.97343811172695
5.595 8.614363878767755
5.605 8.264603321478885
5.615 7.937785400696012
5.625 7.645782313675832
5.635 7.398253415645446
5.645 7.202315624875291
5.655 7.062350621907098
5.665 6.979950387819464
5.675 6.953994496446937
5.685 6.980845616472593
5.695 7.054644276620603
5.705 7.16768031895048
5.715 7.310816662416623
5.725 7.473940920079633
5.735 7.646421831972315
5.745 7.817550074663754
5.755 7.9769464199941025
5.765 8.114924059772505
5.775 8.222795835927776
5.785 8.293120817403096
5.795 8.319887923612463
5.805 8.298636975498964
5.815 8.226519614124008
5.825 8.102303997584706
5.835 7.9263281652470345
5.845 7.700407575905821
5.855 7.427702725660871
5.865 7.112553058710932
5.875 6.760283690582517
5.885 6.3769918103379215
5.895 5.969320005477677
5.905 5.544224103569451
5.915 5.107592655096325
5.925 4.66787443602576
5.935 4.232647599711996
5.945 3.806338381805278
5.955 3.394402005505641
5.965 3.0014990223579074
5.975 2.631426205943752
5.985 2.287084052124487
5.995 1.9704799422796282
6.005 1.6827641486633278
6.015 1.4242942523960271
6.025 1.1947223219518104
6.035 0.9930984388989119
6.045 0.8179838860798144
6.055 0.6675675120031026
6.065 0.5397793932004292
6.075 0.43239684184410987
6.085 0.3431389389586265
6.095 0.26974699921997797
6.105 0.21004958417313338
6.115 0.1620117863714604
6.125 0.12376944054721656
6.135 0.09364963871752251
6.1450000000000005 0.07017941895698532
6.155 0.05208476961768868
6.165 0.037229265738930935
6.175 0.027169503933477956
6.185 0.019630709776823695
6.195 0.01404259436549555
6.205 0.009945251145136199
6.215 0.0069733459890091425
6.225 0.004840873430983537
6.235 0.0033270804090990546
6.245 0.0034479841861463027
6.255 0.003282768752974773
6.265 0.0025830163127652257
6.275 0.0037582665588921653
6.285 0.005413835624442915
6.295 0.007721107633040386
6.305 0.01090212614652204
6.315 0.015240522425012951
6.325 0.021093350096974807
6.335 0.028903359369655414
6.345 0.03921101999174873
6.355 0.052665354501892275
6.365 0.07003238861417267
6.375 0.09219978784480827
6.385 0.12017605943711705
6.3950000000000005 0.15508259245133882
6.405 0.19813682542289773
6.415 0.25062500788632147
6.425 0.31386339062180557
6.435 0.39026641427355085
6.445 0.47934927080911616
6.455 0.5829808982652599
6.465 0.7020680471967821
6.475 0.8372213604112169
6.485 0.9886759306455318
6.495 1.1562184095473902
6.505 1.3391268842809465
6.515 1.5361298833080224
6.525 1.7453904658870212
6.535 1.9645203276383727
6.545 2.190627210428534
6.555 2.4203966993115498
6.565 2.6502068543522093
6.575 2.8762712603396303
6.585 3.0948032364961473
6.595 3.302191417506625
6.605 3.4951749862183683
6.615 3.6710057672879337
6.625 3.82758437706006
6.635 3.963558773015616
6.6450000000000005 4.078375847874258
6.655 4.1722800378466545
6.665 4.246257012389182
6.675 4.301925035672874
6.685 4.341381122160621
6.695 4.367013209215951
6.705 4.381292819503896
6.715 4.3865647350104435
6.725 4.3848508127582155
6.735 4.377684139671404
6.745 4.36598730533719
6.755 4.350004873916509
6.765 4.330414655699423
6.775 4.304445255555235
6.785 4.271309932986162
6.795 4.229125596123181
6.805 4.175851117229495
6.815 4.109497036453865
6.825 4.028336307864008
6.835 3.9310996717758075
6.845 3.817141006195478
6.855 3.686560932968989
6.865 3.5402806931168205
6.875 3.3800624609728445
6.885 3.2084764233787384
6.8950000000000005 3.028818725161953
6.905 2.8449874643036694
6.915 2.6613261000271176
6.925 2.4824448221708413
6.935 2.3130306459714127
6.945 2.1576563716839763
6.955 2.02178136006424
6.965 1.9074204858982877
6.975 1.8186319239783262
6.985 1.7579721815857496
6.995 1.7271960258674994
