0.005 0.0
0.015 0.0
0.025 0.0
0.034999999999999996 0.0
0.045 0.0
0.055 0.0
0.065 0.0
0.07500000000000001 0.0
0.085 0.0
0.095 0.0
0.10500000000000001 0.0
0.115 0.0
0.125 0.0
0.135 0.0
0.14500000000000002 0.0
0.155 0.0
0.165 0.0
0.17500000000000002 0.0
0.185 0.0
0.195 0.0
0.20500000000000002 0.0
0.215 0.0
0.225 0.0
0.23500000000000001 0.0
0.245 0.0
0.255 0.0
0.265 0.0
0.275 0.0
0.28500000000000003 0.0
0.295 0.0
0.305 0.0
0.315 0.0
0.325 0.0
0.335 0.0
0.34500000000000003 0.0
0.35500000000000004 0.0
0.365 0.0
0.375 0.0
0.385 0.0
0.395 0.0
0.405 0.0
0.41500000000000004 0.0
0.425 0.0
0.435 0.0
0.445 0.0
0.455 0.0
0.465 0.0
0.47500000000000003 0.0
0.485 0.0
0.495 0.0
0.505 0.0
0.515 0.0
0.525 0.0
0.535 0.0
0.545 0.0
0.555 0.0
0.5650000000000001 0.0
0.5750000000000001 0.0
0.585 0.0
0.595 0.0
0.605 0.0
0.615 0.0
0.625 0.0
0.635 0.0
0.645 0.0
0.655 0.0
0.665 0.0
0.675 0.0
0.685 0.0
0.6950000000000001 0.0
0.7050000000000001 0.0
0.715 0.0
0.725 0.0
0.735 0.0
0.745 0.0
0.755 0.0
0.765 0.0
0.775 0.0
0.785 0.0
0.795 0.0
0.805 0.0
0.8150000000000001 0.0
0.8250000000000001 0.0
0.8350000000000001 0.0
0.845 0.0
0.855 0.0
0.865 0.0
0.875 0.0
0.885 0.0
0.895 0.0
0.905 0.0
0.915 0.0
0.925 0.0
0.935 0.0
0.9450000000000001 0.0
0.9550000000000001 0.0
0.965 0.0
0.975 0.0
0.985 0.0
0.995 0.0
1.005 0.0
1.015 0.0
1.025 0.0
1.035 0.0
1.045 0.0
1.055 0.0
1.065 0.0
1.075 0.0
1.085 0.0
1.095 0.0
1.105 0.0
1.115 0.0
1.125 0.0
1.135 0.0
1.145 0.0
1.155 0.0
1.1649999999999998 0.0
1.1749999999999998 0.0
1.1849999999999998 0.0
1.1949999999999998 0.0
1.2049999999999998 0.0
1.2149999999999999 0.0
1.2249999999999999 0.0
1.2349999999999999 0.0
1.2449999999999999 0.0
1.255 0.0
1.265 0.0
1.275 0.0
1.285 0.0
1.295 0.0
1.305 0.0
1.315 0.0
1.325 0.0
1.335 0.0
1.345 0.0
1.355 0.01697509013239722
1.365 0.025197555431988025
1.375 0.03703068832815672
1.385 0.05387933359487047
1.395 0.07761393479315556
1.405 0.1106914923046628
1.4149999999999998 0.1562952713271541
1.4249999999999998 0.21849147180753176
1.4349999999999998 0.3023988928670634
1.4449999999999998 0.41436489857418113
1.4549999999999998 0.562137781773872
1.4649999999999999 0.7550220719139216
1.4749999999999999 1.0039996816247336
1.4849999999999999 1.3217963784162878
1.4949999999999999 1.722870343299456
1.505 2.223298055768048
1.515 2.8405329816562452
1.525 3.593015076371971
1.535 4.499614399760466
1.545 5.578900445302818
1.555 6.848240131543443
1.565 8.322741469984624
1.575 10.014076009100982
1.585 11.929230158710126
1.595 14.069251960707117
1.605 16.428074058713555
1.615 18.991503675166452
1.625 21.73647454637118
1.635 24.63065250734695
1.645 27.632474798057203
1.655 30.69168294858876
1.665 33.750380933138445
1.6749999999999998 36.74461572948006
1.6849999999999998 39.60643892515269
1.6949999999999998 42.266368722698054
1.7049999999999998 44.65613519038049
1.7149999999999999 46.71156152498804
1.7249999999999999 48.37541374408381
1.7349999999999999 49.60004317343439
1.7449999999999999 50.34965183085696
1.755 50.60203051092271
1.765 50.34965183085696
1.775 49.60004317343439
1.785 48.37541374408381
1.795 46.71156152498804
1.805 44.65613519038049
1.815 42.266368722698054
1.825 39.60643892515269
1.835 36.74461572948006
1.845 33.750380933138445
1.855 30.69168294858876
1.865 27.632474798057203
1.875 24.63065250734695
1.885 21.73647454637118
1.895 18.991503675166452
1.905 16.428074058713555
1.915 14.069251960707117
1.9249999999999998 11.929230158710126
1.9349999999999998 10.014076009100982
1.9449999999999998 8.322741469984624
1.9549999999999998 6.848240131543443
1.9649999999999999 5.578900445302818
1.9749999999999999 4.499614399760466
1.9849999999999999 3.593015076371971
1.9949999999999999 2.8405329816562452
2.005 2.223298055768048
2.015 1.722870343299456
2.025 1.3217963784162878
2.035 1.0039996816247336
2.045 0.7550220719139216
2.0549999999999997 0.562137781773872
2.065 0.41436489857418113
2.0749999999999997 0.3023988928670634
2.085 0.21849147180753176
2.0949999999999998 0.1562952713271541
2.105 0.1106914923046628
2.1149999999999998 0.07761393479315556
2.125 0.05387933359487047
2.135 0.03703068832815672
2.145 0.025197555431988025
2.155 0.01697509013239722
2.165 0.0
2.175 0.0
2.185 0.0
2.195 0.0
2.205 0.0
2.215 0.0
2.225 0.0
2.235 0.0
2.245 0.0
2.255 0.0
2.265 0.0
2.275 0.0
2.285 0.0
2.295 0.0
2.305 0.0
2.315 0.0
2.3249999999999997 0.0
2.335 0.0
2.3449999999999998 0.0
2.355 0.0
2.3649999999999998 0.0
2.375 0.0
2.385 0.0
2.395 0.0
2.405 0.0
2.415 0.0
2.425 0.0
2.435 0.0
2.445 0.0
2.455 0.0
2.465 0.0
2.475 0.0
2.485 0.0
2.495 0.0
2.505 0.0
2.515 0.0
2.525 0.0
2.535 0.0
2.545 0.0
2.555 0.0
2.565 0.0
2.5749999999999997 0.0
2.585 0.0
2.5949999999999998 0.0
2.605 0.0
2.6149999999999998 0.0
2.625 0.0
2.635 0.0
2.645 0.0
2.655 0.0
2.665 0.0
2.675 0.0
2.685 0.0
2.695 0.0
2.705 0.0
2.715 0.0
2.725 0.0
2.735 0.0
2.745 0.0
2.755 0.0
2.765 0.0
2.775 0.0
2.785 0.0
2.795 0.0
2.805 0.0
2.815 0.0
2.8249999999999997 0.0
2.835 0.0
2.8449999999999998 0.0
2.855 0.0
2.8649999999999998 0.0
2.875 0.0
2.885 0.0
2.895 0.0
2.905 0.0
2.915 0.0
2.925 0.0
2.935 0.0
2.945 0.0
2.955 0.0
2.965 0.0
2.975 0.0
2.985 0.0
2.995 0.0
3.005 0.0045095474491867495
3.015 0.006693900941780541
3.025 0.009837452690349054
3.035 0.014313409206170597
3.045 0.020618666465860698
3.055 0.02940594323069284
3.065 0.04152089542005771
3.075 0.05804373653829724
3.085 0.08033431017623609
3.0949999999999998 0.11007883650829497
3.105 0.14933570190898723
3.1149999999999998 0.2005767175268773
3.125 0.26671930269248834
3.135 0.3511441435739631
3.145 0.4576921536974704
3.155 0.5906341585212415
3.165 0.7546067892335717
3.175 0.9545087446469179
3.185 1.1953529837251151
3.195 1.4820726179454629
3.205 1.8192812866236514
3.215 2.2109925351488964
3.225 2.6603069892758335
3.235 3.1690806360022497
3.245 3.7375918947425713
3.255 4.364228931258152
3.265 5.045221338242941
3.275 5.774441406813211
3.285 6.543299347455419
3.295 7.340753731992031
3.305 8.15345305813179
3.315 8.966016855229627
3.325 9.761455570594002
3.335 10.52171824910777
3.3449999999999998 11.228346581563205
3.355 11.863204199074273
3.3649999999999998 12.409242100017766
3.375 12.851255690044425
3.385 13.17658677672815
3.395 13.379355693947673
3.405 13.448160261143704
3.415 13.383644804348487
3.425 13.188109465199222
3.435 12.867854284198543
3.445 12.432914693888637
3.455 11.89662966299233
3.465 11.275073387469055
3.475 10.58638958047026
3.485 9.850072064545438
3.495 9.086236206602896
3.505 8.314922837785394
3.515 7.555470113664536
3.525 6.825980050323857
3.535 6.1428961911867335
3.545 5.520698096503967
3.555 4.971708171546007
3.565 4.505997712605875
3.575 4.131372696966452
3.585 3.853416249418291
3.5949999999999998 3.6755640572134354
3.605 3.599191147888673
3.6149999999999998 3.6236929847846646
3.625 3.7465501431422847
3.635 3.963373118939575
3.645 4.267931229761983
3.655 4.652176234961844
3.665 5.1062764613743585
3.675 5.618680260768753
3.685 6.176228154024146
3.695 6.764330900691906
3.705 7.367226112297412
3.715 7.968319311856883
3.725 8.55060717239459
3.735 9.097171860451141
3.745 9.591726879589482
3.755 10.019187470538855
3.765 10.366233302748597
3.775 10.621828526905698
3.785 10.777664631775885
3.795 10.828495038372909
3.805 10.775293617434004
3.815 10.6119042798047
3.825 10.352065011771622
3.835 9.999166768265555
3.8449999999999998 9.563725555238404
3.855 9.058409474625607
3.8649999999999998 8.497497935062354
3.875 7.896299504167837
3.885 7.270565272630531
3.895 6.635932403605653
3.905 6.007427629853903
3.915 5.39905340963838
3.925 4.823471009209722
3.935 4.291785783634997
3.945 3.81343122046363
3.955 3.396140655962803
3.965 3.045989590977687
3.975 2.7674876522227696
3.985 2.5636976800722002
3.995 2.4363601739096996
4.005 2.386004188129167
4.015 2.4120303726743266
4.025 2.5127576878725173
4.035 2.685431805877023
4.045 2.926199715125571
4.055 3.2300609554194994
4.065 3.5908106711207477
4.075 4.000992817752221
4.085 4.451883066080711
4.095 4.933520053621563
4.1049999999999995 5.434800654771185
4.115 5.943650084942839
4.125 6.4523782426529595
4.135 6.942593809885301
4.145 7.400965495456888
4.155 7.817005951459274
4.165 8.179628556750211
4.175 8.479357573518936
4.185 8.708818709909389
4.195 8.863175915858966
4.205 8.938065488469391
4.215 8.940354583748734
4.225 8.871005741888807
4.235 8.737847236681526
4.245 8.55181207395232
4.255 8.326673375624603
4.265 8.078656285302902
4.275 7.825941628566457
4.285 7.588079836596955
4.295 7.3853354392862665
4.305 7.240344827877206
4.315 7.169080975383811
4.325 7.191354767761748
4.335 7.3232623141400195
4.345 7.5780776460543295
4.355 7.965624708537155
4.365 8.491725915545459
4.375 9.15775085769273
4.385 9.960290075863586
4.395 10.8909791630348
4.405 11.936497082289524
4.415 13.07875883251046
4.425 14.295316015251839
4.435 15.559969351714894
4.445 16.84358507342502
4.455 18.115093104380744
4.465 19.34483923244435
4.475 20.498056211650056
4.485 21.546646320434373
4.495 22.464027578711388
4.505 23.22773654088743
4.515 23.820376337899646
4.525 24.230321608211693
4.535 24.45213318883662
4.545 24.486654669160863
4.555 24.340785153168472
4.565 24.026945814952757
4.575 23.562279876909837
4.585 22.96974832946167
4.595 22.269588750486733
4.605 21.488127715592526
4.615 20.648550242949927
4.625 19.77979075832678
4.635 18.9015588134149
4.645 18.0340328950889
4.655 17.194425569283915
4.665 16.396732960917596
4.675 15.651696802304253
4.685 14.966948588100541
4.695 14.347294296645918
4.705 13.795092268845579
4.715 13.31067625196987
4.725 12.892779803676952
4.735 12.538926216741235
4.745 12.247733684704182
4.755 12.012227645898415
4.765 11.82942087676973
4.775 11.694715392730224
4.785 11.603283993072042
4.795 11.55009762353837
4.805 11.529934916395938
4.815 11.537391432648185
4.825 11.566902651822764
4.835 11.612790022842736
4.845 11.66933419922151
4.855 11.730874649875911
4.865 11.791930716947306
4.875 11.847336226230729
4.885 11.892378065528643
4.895 11.922928659235584
4.905 11.935562771870682
4.915 11.92765028576441
4.925 11.89741823204577
4.935 11.84057096921987
4.945 11.763364054848887
4.955 11.66562410814042
4.965 11.546537926395416
4.975 11.408375526726461
4.985 11.255606582279018
4.995 11.088388177528095
5.005 10.910953162860894
5.015 10.726199371065203
5.025 10.536707284879899
5.035 10.344576504038518
5.045 10.151297547372927
5.055 9.957671550891185
5.065 9.76378768084337
5.075 9.569064068009215
5.085 9.372353021047015
5.095 9.17210559670707
5.105 8.966584827755675
5.115 8.752536356564407
5.125 8.532283109027858
5.135 8.30274188201238
5.145 8.063949168508973
5.155 7.816865323545877
5.165 7.563466429972401
5.175 7.306749971921151
5.185 7.0506490826599215
5.195 6.7998576769901184
5.205 6.559576344169772
5.215 6.335195774662689
5.225 6.1319401002503895
5.235 5.954496346754146
5.245 5.8066579057972865
5.255 5.691009392978148
5.265 5.610306710670649
5.275 5.5601130224534945
5.285 5.542883498749342
5.295 5.552795636841626
5.305 5.584766844861447
5.315 5.632506869663882
5.325 5.688860497459753
5.335 5.746210333236723
5.345 5.796914259464915
5.355 5.833749793447129
5.365 5.850337171564136
5.375 5.841514569917033
5.385 5.803642258495244
5.395 5.733414091000843
5.405 5.634060413603114
5.415 5.505348343647739
5.425 5.350884656190893
5.435 5.17581781646615
5.445 4.986557242332983
5.455 4.790423839309116
5.465 4.595253017835506
5.475 4.408973184491532
5.485 4.239183070449615
5.495 4.092750334496762
5.505 3.9754518381113297
5.515 3.8916730610233987
5.525 3.844180544234387
5.535 3.833977239075378
5.545 3.8602464044961224
5.555 3.9190680287671027
5.565 4.009256570573237
5.575 4.123169041212907
5.585 4.2539255286233555
5.595 4.393765035762452
5.605 4.534414397600336
5.615 4.667476828492092
5.625 4.7848206474945885
5.635 4.8789485823188175
5.645 4.943328988361984
5.655 4.9726723637761525
5.665 4.963139637556876
5.675 4.912472704837016
5.685 4.820042340534558
5.695 4.686813621616762
5.705 4.515233962399738
5.715 4.309053435359683
5.725 4.073090856296822
5.735 3.8129618656084276
5.745 3.534786740621415
5.755 3.244895847254481
5.765 2.9495495255639073
5.775 2.6546869612129815
5.785 2.3657154765242177
5.795 2.086145437638938
5.805 1.8226984629605385
5.815 1.5766748040795486
5.825 1.3502882321697283
5.835 1.1449008907607143
5.845 0.961095090834001
5.855 0.8001065743098177
5.865 0.6592394660681596
5.875 0.538346869430832
5.885 0.4360893951817079
5.895 0.35094751007581826
5.905 0.2813324398543192
5.915 0.2256837371986601
5.925 0.18255174093405663
5.935 0.15066433123134285
5.945 0.12897825982942
5.955 0.11671587879544558
5.965 0.11338831891851653
5.975 0.12009261663795827
5.985 0.1349877562252434
5.995 0.15940526607140595
6.005 0.19410801660490806
6.015 0.2401204756721167
6.025 0.29869024636611263
6.035 0.37123857142590344
6.045 0.4592996500087642
6.055 0.5644490789945675
6.065 0.6882224225820416
6.075 0.8321862200211648
6.085 0.9981747602840964
6.095 1.1863819199549843
6.105 1.3973977136366789
6.115 1.6313379991218533
6.125 1.8877858252499213
6.135 2.1657523576337088
6.1450000000000005 2.4636618879948964
6.155 2.779364081872364
6.165 3.110174831306068
6.175 3.4529449829620065
6.185 3.8041539868866847
6.195 4.160023368979737
6.205 4.51664309475827
6.215 4.871297405870564
6.225 5.218390990133287
6.235 5.555249606907644
6.245 5.878760574078086
6.255 6.186242939296756
6.265 6.475491342338272
6.275 6.744789328366295
6.285 6.992893608181527
6.295 7.2189932305229725
6.305 7.422649650984923
6.315 7.6037250474512215
6.325 7.762306812568472
6.335 7.898635906965992
6.345 8.013045730618673
6.355 8.105916494518517
6.365 8.17764794672202
6.375 8.228650963797616
6.385 8.260491924484933
6.3950000000000005 8.271921902492943
6.405 8.264311949609347
6.415 8.238402910237301
6.425 8.195096392297343
6.435 8.136598002751837
6.445 8.062492879087072
6.455 7.975065454704371
6.465 7.8760408869753
6.475 7.767296848112559
6.485 7.650816789532641
6.495 7.528636093973239
6.505 7.4027871013424
6.515 7.275249276659144
6.525 7.147910254109439
6.535 7.022542155192774
6.545 6.900795554606039
6.555 6.784210962481842
6.565 6.674244991165187
6.575 6.5723058137678745
6.585 6.479790447208819
6.595 6.398115120282693
6.605 6.328729759352348
6.615 6.273108570986104
6.625 6.232710815521173
6.635 6.208908994410129
6.6450000000000005 6.2028855253318245
6.655 6.215503149479522
6.665 6.246267035252085
6.675 6.297041758713523
6.685 6.365555974215659
6.695 6.449990744923149
6.705 6.547574164863681
6.715 6.65456588715076
6.725 6.766304342726122
6.735 6.8773207737357165
6.745 6.981518530810332
6.755 7.072410268728379
6.765 7.1445194477161404
6.775 7.18975614541994
6.785 7.202203820326491
6.795 7.178913690240998
6.805 7.114809810218125
6.815 7.008576273409371
6.825 6.857538982018214
6.835 6.663154718739302
6.845 6.427731621266224
6.855 6.155115740629756
6.865 5.850548479044567
6.875 5.520463887052189
6.885 5.171408776212357
6.8950000000000005 4.813375243726791
6.905 4.4535810750554505
6.915 4.10057234897825
6.925 3.7627109078031844
6.935 3.4479353938452464
6.945 3.1635555394232497
6.955 2.9160827650166183
6.965 2.711096787224938
6.975 2.5531452566845685
6.985 2.4468665047603513
6.995 2.392739643484348
