0.005 0.0
0.015 0.0
0.025 0.0
0.034999999999999996 0.0
0.045 0.0
0.055 0.0
0.065 0.0
0.07500000000000001 0.0
0.085 0.0
0.095 0.0
0.10500000000000001 0.0
0.115 0.0
0.125 0.0
0.135 0.0
0.14500000000000002 0.0
0.155 0.0
0.165 0.0
0.17500000000000002 0.0
0.185 0.0
0.195 0.0
0.20500000000000002 0.0
0.215 0.0
0.225 0.0
0.23500000000000001 0.0
0.245 0.0
0.255 0.0
0.265 0.0
0.275 0.0
0.28500000000000003 0.0
0.295 0.0
0.305 0.0
0.315 0.0
0.325 0.0
0.335 0.0
0.34500000000000003 0.0
0.35500000000000004 0.0
0.365 0.0
0.375 0.0
0.385 0.0
0.395 0.0
0.405 0.0
0.41500000000000004 0.0
0.425 0.0
0.435 0.0
0.445 0.0
0.455 0.0
0.465 0.0
0.47500000000000003 0.0
0.485 0.0
0.495 0.0
0.505 0.0
0.515 0.0
0.525 0.0
0.535 0.0
0.545 0.0
0.555 0.0
0.5650000000000001 0.0
0.5750000000000001 0.0
0.585 0.0
0.595 0.0
0.605 0.0
0.615 0.0
0.625 0.0
0.635 0.0
0.645 0.0
0.655 0.0
0.665 0.0
0.675 0.0
0.685 0.0
0.6950000000000001 0.0
0.7050000000000001 0.0
0.715 0.0
0.725 0.0
0.735 0.0
0.745 0.0
0.755 0.0
0.765 0.0
0.775 0.0
0.785 0.0
0.795 0.0
0.805 0.0
0.8150000000000001 0.0
0.8250000000000001 0.0
0.8350000000000001 0.0
0.845 0.0
0.855 0.0
0.865 0.0
0.875 0.0
0.885 0.0
0.895 0.0
0.905 0.0
0.915 0.0
0.925 0.0
0.935 0.0
0.9450000000000001 0.0
0.9550000000000001 0.0
0.965 0.0
0.975 0.0
0.985 0.0
0.995 0.0
1.005 0.0
1.015 0.0
1.025 0.0
1.035 0.0
1.045 0.0
1.055 0.0
1.065 0.0
1.075 0.0
1.085 0.0
1.095 0.0
1.105 0.0
1.115 0.0
1.125 0.0
1.135 0.0
1.145 0.0
1.155 0.0
1.1649999999999998 0.0
1.1749999999999998 0.0
1.1849999999999998 0.0
1.1949999999999998 0.0
1.2049999999999998 0.0
1.2149999999999999 0.0
1.2249999999999999 0.0
1.2349999999999999 0.0
1.2449999999999999 0.0
1.255 0.0
1.265 0.0
1.275 0.0
1.285 0.0
1.295 0.0
1.305 0.0
1.315 0.0
1.325 0.0
1.335 0.0
1.345 0.0
1.355 0.0
1.365 0.0
1.375 0.0
1.385 0.0
1.395 0.0
1.405 0.0
1.4149999999999998 0.0
1.4249999999999998 0.0
1.4349999999999998 0.0
1.4449999999999998 0.0
1.4549999999999998 0.0
1.4649999999999999 0.0
1.4749999999999999 0.0
1.4849999999999999 0.0
1.4949999999999999 0.0
1.505 0.0
1.515 0.0
1.525 0.0
1.535 0.0
1.545 0.0
1.555 0.0
1.565 0.0
1.575 0.0
1.585 0.0
1.595 0.0
1.605 0.0
1.615 0.0
1.625 0.0
1.635 0.0
1.645 0.0
1.655 0.0
1.665 0.0
1.6749999999999998 0.0
1.6849999999999998 0.0
1.6949999999999998 0.0
1.7049999999999998 0.0
1.7149999999999999 0.0
1.7249999999999999 0.0
1.7349999999999999 0.0
1.7449999999999999 0.0
1.755 0.0
1.765 0.0
1.775 0.0
1.785 0.0
1.795 0.0
1.805 0.0
1.815 0.0
1.825 0.0
1.835 0.0
1.845 0.0
1.855 0.0
1.865 0.0
1.875 0.0
1.885 0.0
1.895 0.0
1.905 0.0
1.915 0.0
1.9249999999999998 0.0
1.9349999999999998 0.0
1.9449999999999998 0.0
1.9549999999999998 0.0
1.9649999999999999 0.0
1.9749999999999999 0.009269144146482744
1.9849999999999999 0.013758971034406108
1.9949999999999999 0.020220380880457106
2.005 0.029420480581375114
2.015 0.04238061440395285
2.025 0.06044241237948062
2.035 0.08534407700022234
2.045 0.11930593187814668
2.0549999999999997 0.16512306596664691
2.065 0.22626141859456445
2.0749999999999997 0.30695189768104336
2.085 0.4122751846241824
2.0949999999999998 0.5482278856500078
2.105 0.7217588282760541
2.1149999999999998 0.9407628138165094
2.125 1.2140183055745934
2.135 1.5510556618229834
2.145 1.9619439074326903
2.155 2.456986923172187
2.165 3.0463244673850745
2.175 3.7394396397257816
2.185 4.544582077473943
2.195 5.4681249582904785
2.205 6.5138831685271406
2.215 7.68242898505086
2.225 8.970449365019403
2.235 10.370194429048079
2.245 11.869068984920602
2.255 13.449417159606229
2.265 15.088543862186452
2.275 16.759005762547947
2.285 18.429189089895235
2.295 20.06417268758087
2.305 21.626853740555724
2.315 23.079292138271075
2.3249999999999997 24.38420950204422
2.335 25.506562480989118
2.3449999999999998 26.41509880904135
2.355 27.083800219056926
2.3649999999999998 27.49311944180676
2.375 27.630929276498815
2.385 27.49311944180676
2.395 27.083800219056926
2.405 26.41509880904135
2.415 25.506562480989118
2.425 24.38420950204422
2.435 23.079292138271075
2.445 21.626853740555724
2.455 20.06417268758087
2.465 18.429189089895235
2.475 16.759005762547947
2.485 15.088543862186452
2.495 13.449417159606229
2.505 11.869068984920602
2.515 10.370194429048079
2.525 8.970449365019403
2.535 7.68242898505086
2.545 6.5138831685271406
2.555 5.4681249582904785
2.565 4.544582077473943
2.5749999999999997 3.7394396397257816
2.585 3.0463244673850745
2.5949999999999998 2.456986923172187
2.605 1.9619439074326903
2.6149999999999998 1.5510556618229834
2.625 1.2140183055745934
2.635 0.9407628138165094
2.645 0.7217588282760541
2.655 0.5482278856500078
2.665 0.4122751846241824
2.675 0.30695189768104336
2.685 0.22626141859456445
2.695 0.16512306596664691
2.705 0.11930593187814668
2.715 0.08534407700022234
2.725 0.06044241237948062
2.735 0.04238061440395285
2.745 0.029420480581375114
2.755 0.020220380880457106
2.765 0.013758971034406108
2.775 0.009269144146482744
2.785 0.0
2.795 0.0
2.805 0.0
2.815 0.0
2.8249999999999997 0.0
2.835 0.0
2.8449999999999998 0.0
2.855 0.0
2.8649999999999998 0.0
2.875 0.0
2.885 0.0
2.895 0.0
2.905 0.0
2.915 0.0
2.925 0.0
2.935 0.0
2.945 0.0
2.955 0.0
2.965 0.0
2.975 0.0
2.985 0.0
2.995 0.0
3.005 0.0
3.015 0.0
3.025 0.0
3.035 0.0
3.045 0.0
3.055 0.0
3.065 0.0
3.075 0.0
3.085 0.0
3.0949999999999998 0.0
3.105 0.0
3.1149999999999998 0.0
3.125 0.0
3.135 0.0
3.145 0.0
3.155 0.0
3.165 0.0
3.175 0.0
3.185 0.0
3.195 0.0
3.205 0.0
3.215 0.0
3.225 0.0
3.235 0.0
3.245 0.0
3.255 0.0
3.265 0.0
3.275 0.0
3.285 0.0
3.295 0.0
3.305 0.0
3.315 0.0
3.325 0.0
3.335 0.0
3.3449999999999998 0.0
3.355 0.0
3.3649999999999998 0.0
3.375 0.0
3.385 0.0
3.395 0.0
3.405 0.0
3.415 0.0
3.425 0.0
3.435 0.0
3.445 0.0
3.455 0.0
3.465 0.0
3.475 0.0
3.485 0.0
3.495 0.0
3.505 0.0
3.515 0.0
3.525 0.0
3.535 0.0
3.545 0.0
3.555 0.0
3.565 0.0
3.575 0.0
3.585 0.0
3.5949999999999998 0.0
3.605 0.0
3.6149999999999998 0.0
3.625 0.0
3.635 0.0
3.645 0.0
3.655 0.0
3.665 0.0
3.675 0.0
3.685 0.0
3.695 0.0
3.705 0.0
3.715 0.0
3.725 0.0
3.735 0.0
3.745 0.0
3.755 0.0
3.765 0.0
3.775 0.0
3.785 0.0
3.795 0.0
3.805 0.002956890899281315
3.815 0.007332039329800706
3.825 0.010818735916947615
3.835 0.01580504600368893
3.8449999999999998 0.022860332294863554
3.855 0.032736848105425174
3.8649999999999998 0.04641504291914787
3.875 0.06515507312408392
3.885 0.09055351685561118
3.895 0.12460343925423427
3.905 0.16975492273055282
3.915 0.22897200179614202
3.925 0.3057806904423559
3.935 0.4043015633556297
3.945 0.5292592867731811
3.955 0.6859607572600107
3.965 0.8802332840597835
3.975 1.118314733516491
3.985 1.406688914090649
3.995 1.7518618434094428
4.005 2.160077955051971
4.015 2.636979719839692
4.025 3.1872193969246165
4.035 3.8140373806352237
4.045 4.518827424506324
4.055 5.3007143489589765
4.065 6.156174050189039
4.075 7.078728092666234
4.085 8.058745318088798
4.095 9.083380314567911
4.1049999999999995 10.136673054198607
4.115 11.199825596247408
4.125 12.251660851088804
4.135 13.269255704209288
4.145 14.228727282122534
4.155 15.106137971776668
4.165 15.878473236603858
4.175 16.524637512956055
4.185 17.02640854032216
4.195 17.369290081922568
4.205 17.543207418711177
4.215 17.542999069142255
4.225 17.36867124739743
4.235 17.025397555505116
4.245 16.523263930637192
4.255 15.8767763928346
4.265 15.104165115696938
4.275 14.226531394472545
4.285 13.266893144784737
4.295 12.249188980133216
4.305 11.197300508128345
4.315 10.134147544915354
4.325 9.080902179805964
4.335 8.056356048399334
4.345 7.076461999914002
4.355 6.154057827632496
4.365 5.298767038801273
4.375 4.517060743502167
4.385 3.8124563376509935
4.395 3.18582312675618
4.405 2.6357624549021117
4.415 2.1590300599747283
4.425 1.7509708458724402
4.435 1.4059404769478507
4.445 1.1176935268439878
4.455 0.8797237298030691
4.465 0.6855476324344846
4.475 0.5289281827842591
4.485 0.4040392083707966
4.495 0.30557514860482593
4.505 0.22881276743176648
4.515 0.16963292979317487
4.525 0.12451100645041446
4.535 0.09048424763286056
4.545 0.06510372745750384
4.555 0.046377395017597696
4.565 0.03270954114412929
4.575 0.022840738350054617
4.585 0.015791136714769206
4.595 0.010808967151466897
4.605 0.007325251327342706
4.615 0.0029428772246295996
4.625 0.0
4.635 0.0
4.645 0.0
4.655 0.0
4.665 0.0
4.675 0.0
4.685 0.0
4.695 0.0
4.705 0.0
4.715 0.0
4.725 0.0
4.735 0.0
4.745 0.0
4.755 0.0
4.765 0.0
4.775 0.0
4.785 0.0
4.795 0.0
4.805 0.0
4.815 0.0
4.825 0.0
4.835 0.0
4.845 0.0
4.855 0.003786621787706654
4.865 0.005620801518668444
4.875 0.008260410409813283
4.885 0.01389070359217613
4.895 0.020091872709692846
4.905 0.028775324310188484
4.915 0.04080606225359195
4.925 0.0572973885682578
4.935 0.07966208866456362
4.945 0.10966708978186682
4.955 0.1494891863794019
4.965 0.20176839378499514
4.975 0.26965437638010326
4.985 0.3568402823024397
4.995 0.4675773173321088
5.005 0.6066626484095766
5.015 0.7811759827552142
5.025 0.9941225794404919
5.035 1.2527832067916695
5.045 1.563372344019366
5.055 1.9319939018625398
5.065 2.364356939135298
5.075 2.86544708862681
5.085 3.4391650063267
5.095 4.087948152260203
5.105 4.812396863261084
5.115 5.610929459122713
5.125 6.479493489817376
5.135 7.411360685413966
5.145 8.397031329078008
5.155 9.424269434965087
5.165 10.478283310213932
5.175 11.542057116005783
5.185 12.596828492847575
5.195 13.62269599998589
5.205 14.599329037781306
5.215 15.506743158724392
5.225 16.326096278559454
5.235 17.0404571669557
5.245 17.635497345795144
5.255 18.10006140353389
5.265 18.42657857630549
5.275 18.611289654775916
5.285 18.65427687672165
5.295 18.559299204680848
5.305 18.33344986650814
5.315 17.98666586731046
5.325 17.53112914863617
5.335 16.980605270831894
5.345 16.349767436213412
5.355 15.653551326658036
5.365 14.906580028036899
5.375 14.12268907687151
5.385 13.314570495882146
5.395 12.493542831242443
5.405 11.66944290270433
5.415 10.850625314064521
5.425 10.04404856482226
5.435 9.255422332447392
5.445 8.489389268873989
5.455 7.749716238303319
5.465 7.0394737948747395
5.475 6.361188143223608
5.485 5.71695603938145
5.495 5.108519287977632
5.505 4.537300996258594
5.515 4.004410052230281
5.525 3.5106231097708536
5.535 3.0563546098414944
5.545 2.641625158997054
5.555 2.2660371892235025
5.565 1.9287645962924052
5.575 1.6285603931793557
5.585 1.3637836993885553
5.595 1.1324449356096307
5.605 0.932266138368068
5.615 0.7607519846924138
5.625 0.6152664593907788
5.635 0.49311006188208095
5.645 0.39159292905127147
5.655 0.30810010204445426
5.665 0.23762064348379078
5.675 0.1837504104049886
5.685 0.14071453846489282
5.695 0.10546101488609722
5.705 0.0793081864693337
5.715 0.05904744997105537
5.725 0.04352525557188518
5.735 0.03176424726607906
5.745 0.022950537517592524
5.755 0.016417393588597267
5.765 0.011627132290336354
5.775 0.008152636382656711
5.785 0.005659532872666253
5.795 0.0038897362663485886
5.805 0.0026467735171049524
5.815 0.0017830784868861289
5.825 0.0
5.835 0.0
5.845 0.0
5.855 0.0
5.865 0.0
5.875 0.0
5.885 0.0
5.895 0.0
5.905 0.0
5.915 0.0
5.925 0.0
5.935 0.0
5.945 0.0
5.955 0.0
5.965 0.0
5.975 0.0
5.985 0.0
5.995 0.0
6.005 0.0
6.015 0.0
6.025 0.0
6.035 0.0
6.045 0.0
6.055 0.0
6.065 0.0
6.075 0.0
6.085 0.0
6.095 0.0
6.105 0.0
6.115 0.0
6.125 0.0
6.135 0.0
6.1450000000000005 0.0
6.155 0.0
6.165 0.0
6.175 0.0
6.185 0.0
6.195 0.0
6.205 0.0
6.215 0.0
6.225 0.0
6.235 0.0
6.245 0.0
6.255 0.0
6.265 0.0
6.275 0.0
6.285 0.0
6.295 0.0
6.305 0.0
6.315 0.0
6.325 0.0
6.335 0.0
6.345 0.0
6.355 0.0
6.365 0.0
6.375 0.0
6.385 0.0
6.3950000000000005 0.0
6.405 0.0
6.415 0.0
6.425 0.0
6.435 0.0
6.445 0.0
6.455 0.0
6.465 0.0
6.475 0.0
6.485 0.0
6.495 0.0
6.505 0.0
6.515 0.0
6.525 0.0
6.535 0.0
6.545 0.0
6.555 0.0
6.565 0.0
6.575 0.0
6.585 0.0
6.595 0.0
6.605 0.0
6.615 0.0
6.625 0.0
6.635 0.0
6.6450000000000005 0.0
6.655 0.0
6.665 0.0
6.675 0.0
6.685 0.0
6.695 0.0
6.705 0.0
6.715 0.0
6.725 0.0
6.735 0.0
6.745 0.0
6.755 0.0
6.765 0.0
6.775 0.0
6.785 0.0
6.795 0.0
6.805 0.0
6.815 0.0
6.825 0.0
6.835 0.0
6.845 0.0
6.855 0.0
6.865 0.0
6.875 0.0
6.885 0.0
6.8950000000000005 0.0
6.905 0.0
6.915 0.0
6.925 0.0
6.935 0.0
6.945 0.0
6.955 0.0
6.965 0.0
6.975 0.0
6.985 0.0
6.995 0.0
