0.005 0.0
0.015 0.0
0.025 0.0
0.034999999999999996 0.0
0.045 0.0
0.055 0.0
0.065 0.0
0.07500000000000001 0.0
0.085 0.0
0.095 0.0
0.10500000000000001 0.0
0.115 0.0
0.125 0.0
0.135 0.0
0.14500000000000002 0.0
0.155 0.0
0.165 0.0
0.17500000000000002 0.0
0.185 0.0
0.195 0.0
0.20500000000000002 0.0
0.215 0.0
0.225 0.0
0.23500000000000001 0.0
0.245 0.0
0.255 0.0
0.265 0.0
0.275 0.0
0.28500000000000003 0.0
0.295 0.0
0.305 0.0
0.315 0.0
0.325 0.0
0.335 0.0
0.34500000000000003 0.0
0.35500000000000004 0.0
0.365 0.0
0.375 0.0
0.385 0.0
0.395 0.0
0.405 0.0
0.41500000000000004 0.0
0.425 0.0
0.435 0.0
0.445 0.0
0.455 0.0
0.465 0.0
0.47500000000000003 0.0
0.485 0.0
0.495 0.0
0.505 0.0
0.515 0.0
0.525 0.0
0.535 0.0
0.545 0.0
0.555 0.0
0.5650000000000001 0.0
0.5750000000000001 0.0
0.585 0.0
0.595 0.0
0.605 0.0
0.615 0.0
0.625 0.0
0.635 0.0
0.645 0.0
0.655 0.0
0.665 0.0
0.675 0.0
0.685 0.0
0.6950000000000001 0.0
0.7050000000000001 0.0
0.715 0.0
0.725 0.0
0.735 0.0
0.745 0.0
0.755 0.0
0.765 0.0
0.775 0.0
0.785 0.0
0.795 0.0
0.805 0.0
0.8150000000000001 0.0
0.8250000000000001 0.0
0.8350000000000001 0.0
0.845 0.0
0.855 0.0
0.865 0.0
0.875 0.0
0.885 0.0
0.895 0.0
0.905 0.0
0.915 0.0
0.925 0.0
0.935 0.0
0.9450000000000001 0.0
0.9550000000000001 0.0
0.965 0.0
0.975 0.0
0.985 0.0
0.995 0.0
1.005 0.0
1.015 0.0
1.025 0.0
1.035 0.0
1.045 0.0
1.055 0.0
1.065 0.0
1.075 0.0
1.085 0.0
1.095 0.0
1.105 0.0
1.115 0.0
1.125 0.0
1.135 0.0
1.145 0.0
1.155 0.0
1.1649999999999998 0.0
1.1749999999999998 0.0
1.1849999999999998 0.0
1.1949999999999998 0.0
1.2049999999999998 0.0
1.2149999999999999 0.0
1.2249999999999999 0.0
1.2349999999999999 0.0
1.2449999999999999 0.0
1.255 0.0
1.265 0.0
1.275 0.0
1.285 0.0
1.295 0.0
1.305 0.0
1.315 0.0
1.325 0.0
1.335 0.0
1.345 0.0
1.355 0.0
1.365 0.0
1.375 0.0
1.385 0.0
1.395 0.0
1.405 0.0
1.4149999999999998 0.0
1.4249999999999998 0.0
1.4349999999999998 0.0
1.4449999999999998 0.0
1.4549999999999998 0.0
1.4649999999999999 0.0
1.4749999999999999 0.0
1.4849999999999999 0.0
1.4949999999999999 0.0
1.505 0.0
1.515 0.0
1.525 0.0
1.535 0.0
1.545 0.0
1.555 0.0
1.565 0.0
1.575 0.0
1.585 0.0
1.595 0.0
1.605 0.0
1.615 0.0
1.625 0.0
1.635 0.0
1.645 0.0
1.655 0.0
1.665 0.0
1.6749999999999998 0.0
1.6849999999999998 0.0
1.6949999999999998 0.0
1.7049999999999998 0.0
1.7149999999999999 0.0
1.7249999999999999 0.0
1.7349999999999999 0.0
1.7449999999999999 0.0
1.755 0.0
1.765 0.0
1.775 0.0
1.785 0.0
1.795 0.0
1.805 0.0
1.815 0.0
1.825 0.0
1.835 0.0
1.845 0.0
1.855 0.0
1.865 0.0
1.875 0.0
1.885 0.0
1.895 0.0
1.905 0.0
1.915 0.0
1.9249999999999998 0.0
1.9349999999999998 0.0
1.9449999999999998 0.0
1.9549999999999998 0.0
1.9649999999999999 0.0
1.9749999999999999 0.009269144146482744
1.9849999999999999 0.013758971034406108
1.9949999999999999 0.020220380880457106
2.005 0.029420480581375114
2.015 0.04238061440395285
2.025 0.06044241237948062
2.035 0.08534407700022234
2.045 0.11930593187814668
2.0549999999999997 0.16512306596664691
2.065 0.22626141859456445
2.0749999999999997 0.30695189768104336
2.085 0.4122751846241824
2.0949999999999998 0.5482278856500078
2.105 0.7217588282760541
2.1149999999999998 0.9407628138165094
2.125 1.2140183055745934
2.135 1.5510556618229834
2.145 1.9619439074326903
2.155 2.456986923172187
2.165 3.0463244673850745
2.175 3.7394396397257816
2.185 4.544582077473943
2.195 5.4681249582904785
2.205 6.5138831685271406
2.215 7.68242898505086
2.225 8.970449365019403
2.235 10.370194429048079
2.245 11.869068984920602
2.255 13.449417159606229
2.265 15.088543862186452
2.275 16.759005762547947
2.285 18.429189089895235
2.295 20.06417268758087
2.305 21.626853740555724
2.315 23.079292138271075
2.3249999999999997 24.38420950204422
2.335 25.506562480989118
2.3449999999999998 26.41509880904135
2.355 27.083800219056926
2.3649999999999998 27.49311944180676
2.375 27.630929276498815
2.385 27.49311944180676
2.395 27.083800219056926
2.405 26.41509880904135
2.415 25.513160449681457
2.425 24.39400342246332
2.435 23.093685423982038
2.445 21.64779584769332
2.455 20.094340086272744
2.465 18.47221325029958
2.475 16.819755443341045
2.485 15.173468294356496
2.495 13.566955176322084
2.505 12.030126546716922
2.515 10.588689144304185
2.525 9.263915376313532
2.535 8.07266894341406
2.545 7.027646044271356
2.555 6.137779404740462
2.565 5.408745439864527
2.5749999999999997 4.84351316960679
2.585 4.442876756657437
2.5949999999999998 4.205921079377719
2.605 4.13038072801442
2.6149999999999998 4.212866210876118
2.625 4.44894590979313
2.635 4.833087359690359
2.645 5.3584757173756925
2.655 6.016739878067009
2.665 6.797626747968743
2.675 7.688670974980129
2.685 8.674910434311212
2.695 9.738696628630532
2.705 10.859643814471706
2.715 12.014751322002217
2.725 13.178720725751411
2.735 14.32447409987146
2.745 15.423862690019446
2.755 16.448538310043222
2.765 17.370944093996478
2.775 18.16536835235792
2.785 18.802814174945002
2.795 19.27880968198217
2.805 19.570171578420116
2.815 19.668267471679002
2.8249999999999997 19.570171578420116
2.835 19.27880968198217
2.8449999999999998 18.802814174945002
2.855 18.156099208211437
2.8649999999999998 17.357185122962072
2.875 16.428317929162766
2.885 15.39444220943807
2.895 14.282093485467508
2.905 13.118278313371931
2.915 11.929407245001995
2.925 10.74033788259356
2.935 9.573573562663885
2.945 8.448649015716647
2.955 7.381719077299086
2.965 6.38535156334456
2.975 5.4685119924170005
2.985 4.636716889099638
2.995 3.89232454587385
3.005 3.2349276042185364
3.015 2.6618105490531345
3.025 2.1684368205817295
3.035 1.7489341562055323
3.045 1.3965522892723632
3.055 1.1040735298810078
3.065 0.8641633623905837
3.075 0.6696544464499836
3.085 0.5137628757442154
3.0949999999999998 0.3902399583631994
3.105 0.2934660112941283
3.1149999999999998 0.2184947152561058
3.125 0.16105756179631867
3.135 0.11753801671585438
3.145 0.08492443217004389
3.155 0.06074968079309698
3.165 0.043024160404343176
3.175 0.03016739869187121
3.185 0.02094210713759773
3.195 0.014393285710962815
3.205 0.009793920419099041
3.215 0.006597968692338932
3.225 0.0
3.235 0.0
3.245 0.0
3.255 0.0
3.265 0.0
3.275 0.0
3.285 0.0
3.295 0.0
3.305 0.0
3.315 0.0
3.325 0.0
3.335 0.0
3.3449999999999998 0.0
3.355 0.0
3.3649999999999998 0.0
3.375 0.0
3.385 0.0
3.395 0.0
3.405 0.0
3.415 0.0
3.425 0.0
3.435 0.0
3.445 0.0
3.455 0.0
3.465 0.0
3.475 0.0
3.485 0.0
3.495 0.0
3.505 0.0
3.515 0.0
3.525 0.0
3.535 0.0
3.545 0.0
3.555 0.0
3.565 0.0
3.575 0.0
3.585 0.003292385089479377
3.5949999999999998 0.004887164377246924
3.605 0.007182246760039076
3.6149999999999998 0.010450107373526247
3.625 0.015053526058227972
3.635 0.02146904764296689
3.645 0.030314078856733956
3.655 0.042377275074646906
3.665 0.05865144739646757
3.675 0.08036769189611423
3.685 0.1090288202601692
3.695 0.1464394823479016
3.705 0.19472966304400444
3.715 0.2563675747040677
3.725 0.33415743805445686
3.735 0.4312173491384867
3.745 0.5509324758830434
3.755 0.696879319724184
3.765 0.8727178025349289
3.775 1.0820495501670095
3.785 1.328242944362136
3.795 1.614228243010772
3.805 1.9422691885654912
3.815 2.313720822521396
3.825 2.7287864167009936
3.835 3.1862891836164424
3.8449999999999998 3.6834763785775975
3.855 4.215874209571228
3.8649999999999998 4.777211338899967
3.875 5.359426506779347
3.885 5.952771886501435
3.895 6.546018317537019
3.905 7.1267618612228905
3.915 7.681823657341211
3.925 8.197727439659658
3.935 8.661231988040182
3.945 9.059889960622593
3.955 9.3826006027766
3.965 9.620122267868467
3.975 9.76551179731388
3.985 9.814461628900643
3.995 9.76551179731388
4.005 9.620122267868467
4.015 9.3826006027766
4.025 9.059889960622593
4.035 8.661231988040182
4.045 8.197727439659658
4.055 7.681823657341211
4.065 7.1267618612228905
4.075 6.546018317537019
4.085 5.952771886501435
4.095 5.359426506779347
4.1049999999999995 4.777211338899967
4.115 4.215874209571228
4.125 3.6834763785775975
4.135 3.1862891836164424
4.145 2.7287864167009936
4.155 2.313720822521396
4.165 1.9422691885654912
4.175 1.614228243010772
4.185 1.328242944362136
4.195 1.0820495501670095
4.205 0.8727178025349289
4.215 0.696879319724184
4.225 0.5509324758830434
4.235 0.4312173491384867
4.245 0.33415743805445686
4.255 0.2563675747040677
4.265 0.19472966304400444
4.275 0.1464394823479016
4.285 0.1090288202601692
4.295 0.08036769189611423
4.305 0.05865144739646757
4.315 0.042377275074646906
4.325 0.030314078856733956
4.335 0.02146904764296689
4.345 0.015053526058227972
4.355 0.010450107373526247
4.365 0.007182246760039076
4.375 0.004887164377246924
4.385 0.003292385089479377
4.395 0.0
4.405 0.0
4.415 0.0
4.425 0.0
4.435 0.0
4.445 0.0
4.455 0.002218139642193151
4.465 0.0032925714181264846
4.475 0.004838810110446463
4.485 0.007040427167667354
4.495 0.010141833958379134
4.505 0.014464087390375293
4.515 0.020423145592402006
4.525 0.028550340016896988
4.535 0.03951454553655604
4.545 0.05414517393970018
4.555 0.07558420850767547
4.565 0.10181995296047432
4.575 0.13583838214956637
4.585 0.1794786122504387
4.595 0.2348645433845039
4.605 0.30649229887082335
4.615 0.3938785081042104
4.625 0.5014629584873472
4.635 0.6325262882595255
4.645 0.7905212309003703
4.655 0.9789912447580598
4.665 1.201469142923742
4.675 1.4613576828064274
4.685 1.7617956013046536
4.695 2.1055140556028342
4.705 2.4946896976950597
4.715 2.930801517911613
4.725 3.4144990031648303
4.735 3.9454889735791814
4.745 4.522447649790186
4.755 5.142963097885801
4.765 5.803511312044057
4.775 6.499467009562044
4.785 7.227092742818079
4.795 7.976776464325608
4.805 8.742387951927387
4.815 9.51577929013991
4.825 10.288227422715519
4.835 11.05059029462808
4.845 11.795370253325972
4.855 12.51019968297388
4.865 13.187057532501157
4.875 13.816952914546718
4.885 14.39138529189099
4.895 14.902546673969805
4.905 15.343533932560723
4.915 15.708569497471155
4.925 15.993225576636663
4.935 16.194643396788855
4.945 16.311735266802923
4.955 16.345354089877173
4.965 16.29841286130477
4.975 16.175936179651746
4.985 15.98502721598047
4.995 15.734737067023563
5.005 15.435828862325195
5.015 15.10043605660498
5.025 14.741622454196623
5.035 14.372859957496903
5.045 14.007447995004725
5.055 13.657905257459753
5.065 13.335369033795024
5.075 13.049039542315985
5.085 12.805705876468597
5.095 12.609386473325872
5.105 12.461110582934104
5.115 12.35885853528249
5.125 12.297668341583076
5.135 12.269905141241807
5.145 12.265679093467249
5.155 12.273387375869381
5.165 12.280347763857385
5.175 12.273485440906697
5.185 12.24003164363221
5.195 12.168192657080318
5.205 12.047750484244446
5.215 11.87056193158461
5.225 11.630930395622233
5.235 11.325833671916858
5.245 10.955000912819099
5.255 10.52084168138883
5.265 10.02675971873895
5.275 9.483250470212603
5.285 8.896939660162824
5.295 8.277914946104314
5.305 7.6370103629385895
5.315 6.985308721896123
5.325 6.333671871611266
5.335 5.692322510356144
5.345 5.070495701421082
5.355 4.4761720457591885
5.365 3.9144777934263186
5.375 3.395323654604022
5.385 2.917754955987932
5.395 2.484966480755787
5.405 2.097766872391909
5.415 1.7544081012136599
5.425 1.456832297588024
5.435 1.2009670527880203
5.445 0.9842930901634668
5.455 0.8039768126884352
5.465 0.657071093977441
5.475 0.5406906825051692
5.485 0.45215788584905636
5.495 0.389116058954469
5.505 0.3496099337367883
5.515 0.3321329761738169
5.525 0.335642774514853
5.535 0.35954602363312094
5.545 0.40365507802188527
5.555 0.4681184110360913
5.565 0.5533277438756077
5.575 0.6598051728500887
5.585 0.7880743678044981
5.595 0.9372237099300739
5.605 1.1103906974253819
5.615 1.305370943468442
5.625 1.5213290224224871
5.635 1.756744772184289
5.645 2.0093306655852556
5.655 2.27471634454861
5.665 2.551943844959822
5.675 2.8344711056288094
5.685 3.1169512509037953
5.695 3.393478022925885
5.705 3.6577761772871256
5.715 3.903428856769471
5.725 4.124131123673279
5.735 4.313956053278892
5.745 4.469002509464836
5.755 4.582771472637976
5.765 4.652965319128131
5.775 4.677647548856436
5.785 4.656275550359985
5.795 4.589744909329744
5.805 4.4803663616745455
5.815 4.331777626387756
5.825 4.148796727015534
5.835 3.9372271294095675
5.845 3.703627759009102
5.855 3.4550624909241296
5.865 3.1988439379699227
5.875 2.9422853401987012
5.885 2.692472257928054
5.895 2.4560628681262893
5.905 2.239122311921157
5.915 2.0469931193980546
5.925 1.884200613659557
5.935 1.7543896825530367
5.945 1.660287630485902
5.955 1.6036871032621338
5.965 1.5854433177394696
5.975 1.6054809141594828
5.985 1.6628074742573382
5.995 1.755532834104018
6.005 1.8808954510347227
6.015 2.0352989421603978
6.025 2.2143632165845557
6.035 2.4129951611636105
6.045 2.625483489932494
6.055 2.845621117540717
6.065 3.066856365789648
6.075 3.282471660397014
6.085 3.485785404663643
6.095 3.6703697609562917
6.105 3.8302744768194983
6.115 3.9602449810939104
6.125 4.055922003899133
6.135 4.114010104966665
6.1450000000000005 4.13240377400384
6.155 4.110262117615488
6.165 4.048026376468798
6.175 3.9473783348207494
6.185 3.81009611890077
6.195 3.642442295211203
6.205 3.447517534695003
6.215 3.2305565111857657
6.225 2.997127760468889
6.235 2.752898665911303
6.245 2.503411538113441
6.255 2.2550633123302983
6.265 2.0107871553461156
6.275 1.7755422639109293
6.285 1.5528164631220873
6.295 1.3453772139335642
6.305 1.15527681898314
6.315 0.9838943094780348
6.325 0.8320073576374496
6.335 0.69988645980359
6.345 0.5874031799766758
6.355 0.49414435813141155
6.365 0.41952476096807795
6.375 0.3628915559796963
6.385 0.3236150954118726
6.3950000000000005 0.30116169421903033
6.405 0.2951452922792315
6.415 0.30535605495885243
6.425 0.3317650678675818
6.435 0.37562448201384857
6.445 0.4354914876656219
6.455 0.5124931958628474
6.465 0.6070139600529483
6.475 0.7193567818282396
6.485 0.8496517798860715
6.495 0.998863949738197
6.505 1.1648409423627828
6.515 1.3474745459978452
6.525 1.5454697258425019
6.535 1.7581444036128462
6.545 1.9816185307760852
6.555 2.213110534787396
6.565 2.451885022349014
6.575 2.6935144857910345
6.585 2.934902012252427
6.595 3.173072107903219
6.605 3.4053559635953565
6.615 3.6295738614172377
6.625 3.844200756516325
6.635 4.0485008744931426
6.6450000000000005 4.2426181648973955
6.655 4.427611663626131
6.665 4.606515253779255
6.675 4.780422327936923
6.685 4.9535017733671705
6.695 5.129640267639125
6.705 5.314010018600298
6.715 5.508914699319125
6.725 5.718723902414231
6.735 5.946403409316617
6.745 6.19399166741003
6.755 6.462391336474401
6.765 6.752344804470296
6.775 7.060432897743922
6.785 7.384418550628323
6.795 7.7201148794574275
6.805 8.062320262218618
6.815 8.405077691252876
6.825 8.741989245261856
6.835 9.066565963300404
6.845 9.372590584280115
6.855 9.654469294454728
6.865 9.907548909105849
6.875 10.128377806923993
6.885 10.314892336678747
6.8950000000000005 10.466515126733302
6.905 10.584157459465255
6.915 10.670124258958456
6.925 10.727926858551342
6.935 10.762015109701919
6.945 10.778626621608526
6.955 10.78126374715455
6.965 10.775923032093639
6.975 10.767304772197996
6.985 10.759263984165091
6.995 10.754534741239778
