0.005 0.0
0.015 0.0
0.025 0.0
0.034999999999999996 0.0
0.045 0.0
0.055 0.0
0.065 0.0
0.07500000000000001 0.0
0.085 0.0
0.095 0.0
0.10500000000000001 0.0
0.115 0.0
0.125 0.0
0.135 0.0
0.14500000000000002 0.0
0.155 0.0
0.165 0.0
0.17500000000000002 0.0
0.185 0.0
0.195 0.0
0.20500000000000002 0.0
0.215 0.0
0.225 0.0
0.23500000000000001 0.0
0.245 0.0
0.255 0.0
0.265 0.0
0.275 0.0
0.28500000000000003 0.0
0.295 0.0
0.305 0.0
0.315 0.0
0.325 0.0
0.335 0.0
0.34500000000000003 0.0
0.35500000000000004 0.0
0.365 0.0
0.375 0.0
0.385 0.0
0.395 0.0
0.405 0.0
0.41500000000000004 0.0
0.425 0.0
0.435 0.0
0.445 0.0
0.455 0.0
0.465 0.0
0.47500000000000003 0.0
0.485 0.0
0.495 0.0
0.505 0.0
0.515 0.0
0.525 0.0
0.535 0.0
0.545 0.0
0.555 0.0
0.5650000000000001 0.0
0.5750000000000001 0.0
0.585 0.0
0.595 0.0
0.605 0.0
0.615 0.0
0.625 0.0
0.635 0.0
0.645 0.0
0.655 0.0
0.665 0.0
0.675 0.0
0.685 0.0
0.6950000000000001 0.0
0.7050000000000001 0.0
0.715 0.0
0.725 0.0
0.735 0.0
0.745 0.0
0.755 0.0
0.765 0.0
0.775 0.0
0.785 0.0
0.795 0.0
0.805 0.0
0.8150000000000001 0.0
0.8250000000000001 0.0
0.8350000000000001 0.0
0.845 0.0
0.855 0.0
0.865 0.0
0.875 0.0
0.885 0.0
0.895 0.0
0.905 0.0
0.915 0.0
0.925 0.0
0.935 0.0
0.9450000000000001 0.0
0.9550000000000001 0.0
0.965 0.0
0.975 0.0
0.985 0.0
0.995 0.0
1.005 0.0
1.015 0.0
1.025 0.0
1.035 0.0
1.045 0.0
1.055 0.0
1.065 0.0
1.075 0.0
1.085 0.0
1.095 0.0
1.105 0.0
1.115 0.0
1.125 0.0
1.135 0.0
1.145 0.0
1.155 0.0
1.1649999999999998 0.0
1.1749999999999998 0.0
1.1849999999999998 0.0
1.1949999999999998 0.0
1.2049999999999998 0.0
1.2149999999999999 0.0
1.2249999999999999 0.0
1.2349999999999999 0.0
1.2449999999999999 0.0
1.255 0.0
1.265 0.0
1.275 0.0
1.285 0.0
1.295 0.0
1.305 0.0
1.315 0.0
1.325 0.0
1.335 0.0
1.345 0.0
1.355 0.0
1.365 0.0
1.375 0.0
1.385 0.0
1.395 0.0
1.405 0.0
1.4149999999999998 0.0
1.4249999999999998 0.0
1.4349999999999998 0.0
1.4449999999999998 0.0
1.4549999999999998 0.0
1.4649999999999999 0.0
1.4749999999999999 0.0
1.4849999999999999 0.0
1.4949999999999999 0.0
1.505 0.0
1.515 0.0
1.525 0.0
1.535 0.0
1.545 0.0
1.555 0.0
1.565 0.0
1.575 0.0
1.585 0.0
1.595 0.0
1.605 0.0
1.615 0.0
1.625 0.0
1.635 0.0
1.645 0.0
1.655 0.0
1.665 0.0
1.6749999999999998 0.0
1.6849999999999998 0.0
1.6949999999999998 0.0
1.7049999999999998 0.0
1.7149999999999999 0.0
1.7249999999999999 0.0
1.7349999999999999 0.0
1.7449999999999999 0.0
1.755 0.0
1.765 0.0
1.775 0.0
1.785 0.0
1.795 0.0
1.805 0.0
1.815 0.0
1.825 0.0
1.835 0.0
1.845 0.0
1.855 0.0
1.865 0.0
1.875 0.0
1.885 0.0
1.895 0.0
1.905 0.0
1.915 0.0
1.9249999999999998 0.0
1.9349999999999998 0.0
1.9449999999999998 0.0
1.9549999999999998 0.0
1.9649999999999999 0.0
1.9749999999999999 0.0
1.9849999999999999 0.0
1.9949999999999999 0.009114982498495825
2.005 0.01353013592128801
2.015 0.019884081520970143
2.025 0.028931167900579983
2.035 0.041675752632902414
2.045 0.059437152157665915
2.0549999999999997 0.0839246597003771
2.065 0.11732167111120961
2.0749999999999997 0.16237678825558874
2.085 0.2224983059905133
2.0949999999999998 0.3018467650332597
2.105 0.4054183464003543
2.1149999999999998 0.5391099225469893
2.125 0.709754750158619
2.135 0.9251163265625812
2.145 1.1938271142719223
2.155 1.5252589654756936
2.165 1.9293134400186638
2.175 2.4161230475896427
2.185 2.9956589050879163
2.195 3.677246392075567
2.205 4.46899794031916
2.215 5.377180730684703
2.225 6.405546201469027
2.235 7.55465711160046
2.245 8.821255519779726
2.255 10.197720440310569
2.265 11.671666160466728
2.275 13.225730454445298
2.285 14.837595689328419
2.295 16.48027496430515
2.305 18.122680299411176
2.315 19.730471336287795
2.3249999999999997 21.26716234286813
2.335 22.695444217235398
2.3449999999999998 23.978658583611278
2.355 25.08234492169669
2.3649999999999998 25.97577074381924
2.375 26.633350510913953
2.385 27.035862058118486
2.395 27.171379880636692
2.405 27.035862058118486
2.415 26.633350510913953
2.425 25.97577074381924
2.435 25.08234492169669
2.445 23.978658583611278
2.455 22.695444217235398
2.465 21.26716234286813
2.475 19.730471336287795
2.485 18.122680299411176
2.495 16.48027496430515
2.505 14.837595689328419
2.515 13.225730454445298
2.525 11.671666160466728
2.535 10.197720440310569
2.545 8.821255519779726
2.555 7.55465711160046
2.565 6.405546201469027
2.5749999999999997 5.377180730684703
2.585 4.46899794031916
2.5949999999999998 3.677246392075567
2.605 2.9956589050879163
2.6149999999999998 2.4161230475896427
2.625 1.9293134400186638
2.635 1.5252589654756936
2.645 1.1938271142719223
2.655 0.9251163265625812
2.665 0.709754750158619
2.675 0.5391099225469893
2.685 0.4054183464003543
2.695 0.3018467650332597
2.705 0.2224983059905133
2.715 0.16237678825558874
2.725 0.11732167111120961
2.735 0.0839246597003771
2.745 0.059437152157665915
2.755 0.041675752632902414
2.765 0.028931167900579983
2.775 0.019884081520970143
2.785 0.01353013592128801
2.795 0.009114982498495825
2.805 0.0
2.815 0.0
2.8249999999999997 0.0
2.835 0.0
2.8449999999999998 0.0
2.855 0.0
2.8649999999999998 0.0
2.875 0.0
2.885 0.0
2.895 0.0
2.905 0.0
2.915 0.0
2.925 0.0
2.935 0.0
2.945 0.0
2.955 0.0
2.965 0.0
2.975 0.0
2.985 0.0
2.995 0.0
3.005 0.0
3.015 0.0
3.025 0.0
3.035 0.0
3.045 0.0
3.055 0.0
3.065 0.0
3.075 0.0
3.085 0.0
3.0949999999999998 0.0
3.105 0.0
3.1149999999999998 0.0
3.125 0.0
3.135 0.0
3.145 0.0
3.155 0.0
3.165 0.0
3.175 0.0
3.185 0.0
3.195 0.0
3.205 0.0
3.215 0.0
3.225 0.0
3.235 0.0
3.245 0.0
3.255 0.0
3.265 0.0
3.275 0.0
3.285 0.0
3.295 0.0
3.305 0.0
3.315 0.0
3.325 0.0
3.335 0.0
3.3449999999999998 0.0
3.355 0.0
3.3649999999999998 0.0
3.375 0.0
3.385 0.0036495177921241594
3.395 0.0054172865151136985
3.405 0.007961321845961085
3.415 0.011583654934885708
3.425 0.01668641719926966
3.435 0.023797845398868155
3.445 0.03360231781301121
3.455 0.046974037107888646
3.465 0.06501350692275493
3.475 0.08908536319887214
3.485 0.12085543111748043
3.495 0.16232411512428163
3.505 0.21585244454068836
3.515 0.2875875374133477
3.525 0.3754677672215355
3.535 0.4854338815916972
3.545 0.6215205514461206
3.555 0.7880680984688563
3.565 0.9896271831708618
3.575 1.2308297906732464
3.585 1.5162267886773326
3.5949999999999998 1.8500949182910287
3.605 2.236218988891374
3.6149999999999998 2.6776580589774297
3.625 3.176507210592805
3.635 3.7336688411866388
3.645 4.348648873819007
3.655 5.019393629611458
3.665 5.74218209982511
3.675 6.511585904325907
3.685 7.320505386941871
3.695 8.160285304149847
3.705 9.020907804047136
3.715 9.891254396167534
3.725 10.759422992533384
3.735 11.61308148423147
3.745 12.439836267959992
3.755 13.227593070081863
3.765 13.964888535486446
3.775 14.641174302419465
3.785 15.247040352822964
3.795 15.77437075066371
3.805 16.216431720527712
3.815 16.567898551852416
3.825 16.82483324003367
3.835 16.984628427260567
3.8449999999999998 17.045934645114862
3.855 17.008586943575224
3.8649999999999998 16.87354389118618
3.875 16.642847119650913
3.885 16.319603765852065
3.895 15.907988171381287
3.905 15.413253885279119
3.915 14.841743126582365
3.925 14.200878938521026
3.935 13.499125565680991
3.945 12.745905059955232
3.955 11.951462427447588
3.965 11.126677185811669
3.975 10.28282527894823
3.985 9.431301117457346
3.995 8.583314363131144
4.005 7.749579390293614
4.015 6.940016788803925
4.025 6.163485723485974
4.035 5.4275635760119
4.045 4.738385417590756
4.055 4.100550989799355
4.065 3.517101574301506
4.075 2.9895639745060176
4.085 2.5180543078336584
4.095 2.101430790438325
4.1049999999999995 1.7374824120917005
4.115 1.4231394168019016
4.125 1.154691751319034
4.135 0.9280029316663996
4.145 0.7387088436686151
4.155 0.5823935380797574
4.165 0.4547368078567626
4.175 0.3516309815094639
4.185 0.26926672455491574
4.195 0.20175542570589908
4.205 0.15172295601711128
4.215 0.11296253329844021
4.225 0.08571156381011193
4.235 0.06439575778599155
4.245 0.04923827092679877
4.255 0.039165873079578105
4.265 0.03341925776826895
4.275 0.03153509830037803
4.285 0.03333206994359751
4.295 0.03890192571374528
4.305 0.048605851767125875
4.315 0.06307549795916545
4.325 0.0809421151215547
4.335 0.10871548834757919
4.345 0.14688790309178304
4.355 0.19377221539548883
4.365 0.2531415417158966
4.375 0.32750291267469783
4.385 0.4196253243355491
4.395 0.5325000575811533
4.405 0.6692796762301361
4.415 0.8331942501688367
4.425 1.0274446852222971
4.435 1.2550746940261592
4.445 1.518824819152375
4.455 1.8231920221291273
4.465 2.166467677125216
4.475 2.5511345332690656
4.485 2.9773104108427213
4.495 3.4441176599860923
4.505 3.949609163298841
4.515 4.4907388316641335
4.525 5.063382693476974
4.535 5.662413473125515
4.545 6.2818277751092415
4.555 6.914920952018475
4.565 7.554500813884499
4.575 8.193127929041028
4.585 8.823367742025523
4.595 9.438038388653021
4.605 10.03043810575901
4.615 10.596616417731875
4.625 11.128210943915374
4.635 11.62243190653772
4.645 12.076086390849344
4.655 12.486950584206449
4.665 12.853705389469132
4.675 13.175831421941039
4.685 13.45347563880706
4.695 13.687303413536746
4.705 13.878350109845973
4.715 14.02788517279647
4.725 14.13729960019186
4.735 14.208024639001312
4.745 14.241485979899219
4.755 14.239093931429924
4.765 14.202266368942468
4.775 14.132477966096594
4.785 14.031326575913528
4.795 13.900605827313152
4.805 13.74237217744133
4.815 13.558994885682392
4.825 13.35317866501072
4.835 13.127951065150086
4.845 12.886609820445134
4.855 12.63262924493307
4.865 12.369528990922754
4.875 12.100712749829256
4.885 11.829288362332589
4.895 11.557883903213956
4.905 11.28847622951356
4.915 11.022248924279998
4.925 10.761339216076589
4.935 10.502316683787917
4.945 10.24498663247688
4.955 9.987159049094213
4.965 9.727868911163606
4.975 9.461223053393788
4.985 9.185322543552722
4.995 8.897315328954218
5.005 8.594922323905037
5.015 8.276733182311338
5.025 7.942461371433607
5.035 7.591509293956647
5.045 7.230164142691145
5.055 6.8617689969321125
5.065 6.48909782045319
5.075 6.120147255510632
5.085 5.762855471187855
5.095 5.42774631925441
5.105 5.1215337112062675
5.115 4.855021913184623
5.125 4.6377444509083245
5.135 4.47876988894938
5.145 4.386366358500758
5.155 4.366142354712347
5.165 4.427492293185846
5.175 4.572319459447508
5.185 4.8030214668878095
5.195 5.120040923412927
5.205 5.5217936845726765
5.215 6.004655703757591
5.225 6.563010503355107
5.235 7.189357755382575
5.245 7.874481443859347
5.255 8.607673585979697
5.265 9.375527194232312
5.275 10.168667850141848
5.285 10.971542815078852
5.295 11.770575399699915
5.305 12.552297281280996
5.315 13.303677652253304
5.325 14.012416932782795
5.335 14.667193638675158
5.345 15.25785682766466
5.355 15.775561113732763
5.365 16.21284603819796
5.375 16.565233758036936
5.385 16.825708067548987
5.395 16.9921390184931
5.405 17.06270152711516
5.415 17.036876103203006
5.425 16.914025616943988
5.435 16.699389517933405
5.445 16.39418949250584
5.455 16.002947413687956
5.465 15.531417847845178
5.475 14.986590783992725
5.485 14.376673577098778
5.495 13.711040001804916
5.505 13.000136009887541
5.515 12.255334921902456
5.525 11.488738977746127
5.535 10.71292892783307
5.545 9.94066813062313
5.555 9.184571927411564
5.565 8.456756476202095
5.575 7.768483460909341
5.585 7.1298180209664626
5.595 6.549316889986258
5.605 6.033762236195013
5.615 5.587954294791112
5.625 5.214572848448675
5.635 4.914114221633567
5.645 4.684906947224768
5.655 4.523205824597239
5.665 4.42336084010128
5.675 4.37805443412104
5.685 4.37859790936813
5.695 4.4166828147809465
5.705 4.479810997326934
5.715 4.558389985880462
5.725 4.642065561040748
5.735 4.719824134720225
5.745 4.785694006706801
5.755 4.830296432710231
5.765 4.847595130205941
5.775 4.832037490951243
5.785 4.7839308711807105
5.795 4.700841313554541
5.805 4.583941313912904
5.815 4.436077456738113
5.825 4.261585490070301
5.835 4.066048103344578
5.845 3.8560093817364707
5.855 3.638661151888404
5.865 3.4203447476722766
5.875 3.211312282734746
5.885 3.0170617964871305
5.895 2.844236758383231
5.905 2.6974701872995626
5.915 2.584192568105259
5.925 2.5062377668511657
5.935 2.465822917124675
5.945 2.4637557198306346
5.955 2.4994197880955062
5.965 2.5708059037774182
5.975 2.6745880187965243
5.985 2.806242253590484
5.995 2.9602063977510333
6.005 3.1300763926787254
6.015 3.308834931576861
6.025 3.4891056908676235
6.035 3.6634249351996373
6.045 3.824520510575712
6.055 3.9655867939677556
6.065 4.080543247753637
6.075 4.164264047718458
6.085 4.21276696310137
6.095 4.223351322659697
6.105 4.194677451051459
6.115 4.12678324644653
6.125 4.021037341432541
6.135 3.88003222739482
6.1450000000000005 3.7074244805567447
6.155 3.5077324696302608
6.165 3.286104364224593
6.175 3.0480706954806926
6.185 2.798250424284466
6.195 2.544653199708539
6.205 2.292212132305071
6.215 2.0439109949097753
6.225 1.8047895851778004
6.235 1.5783930625330556
6.245 1.3675343135014413
6.255 1.1742992325591661
6.265 1.0000892866650954
6.275 0.845694598490387
6.285 0.712559608779283
6.295 0.5987800183416148
6.305 0.504787264985378
6.315 0.4300824714799621
6.325 0.3741299884041345
6.335 0.33645800436180306
6.345 0.31674215274727024
6.355 0.31486883305773317
6.365 0.3309759975237365
6.375 0.3654700856443922
6.385 0.41901862969386694
6.3950000000000005 0.4925188340617327
6.405 0.5870431908846326
6.415 0.7037639722678498
6.425 0.8438592610390852
6.435 1.008404051697099
6.445 1.198250849181473
6.455 1.4150177012034542
6.465 1.6570528808660527
6.475 1.9246143653148144
6.485 2.216553286174257
6.495 2.530982662919066
6.505 2.864294624860703
6.515 3.2152249142295335
6.525 3.5781897397308366
6.535 3.948309231511381
6.545 4.32011577457277
6.555 4.68770756581195
6.565 5.04493502963726
6.575 5.38561265815119
6.585 5.7037466568609005
6.595 5.994835604853743
6.605 6.253406575675059
6.615 6.4745477772314235
6.625 6.65607720539853
6.635 6.7963006183061205
6.6450000000000005 6.894811785986498
6.655 6.9525234703110605
6.665 6.971639029211383
6.675 6.955565346722983
6.685 6.90877134522005
6.695 6.836599683380557
6.705 6.745042120485074
6.715 6.640491193286039
6.725 6.529482109085743
6.735 6.418438978200555
6.745 6.314551281886773
6.755 6.221655086316361
6.765 6.145359090225419
6.775 6.089702932080263
6.785 6.057823699854628
6.795 6.051924082474946
6.805 6.073279202787452
6.815 6.122274666147835
6.825 6.19846696715307
6.835 6.300657145695263
6.845 6.426969459052991
6.855 6.5749286806462806
6.865 6.741532160289431
6.875 6.923315602357917
6.885 7.116414209652866
6.8950000000000005 7.316622988854153
6.905 7.519461279736728
6.915 7.721416685099533
6.925 7.91591970774856
6.935 8.099015842953099
6.945 8.26610423723798
6.955 8.412856225354474
6.965 8.535360351969056
6.975 8.630265400824694
6.985 8.694911194715296
6.995 8.728635172852334
