0.005 0.0
0.015 0.0
0.025 0.0
0.034999999999999996 0.0
0.045 0.0
0.055 0.0
0.065 0.0
0.07500000000000001 0.0
0.085 0.0
0.095 0.0
0.10500000000000001 0.0
0.115 0.0
0.125 0.0
0.135 0.0
0.14500000000000002 0.0
0.155 0.0
0.165 0.0
0.17500000000000002 0.0
0.185 0.0
0.195 0.0
0.20500000000000002 0.0
0.215 0.0
0.225 0.0
0.23500000000000001 0.0
0.245 0.0
0.255 0.0
0.265 0.0
0.275 0.0
0.28500000000000003 0.0
0.295 0.0
0.305 0.0
0.315 0.0
0.325 0.0
0.335 0.0
0.34500000000000003 0.0
0.35500000000000004 0.0
0.365 0.0
0.375 0.0
0.385 0.0
0.395 0.0
0.405 0.0
0.41500000000000004 0.0
0.425 0.0
0.435 0.0
0.445 0.0
0.455 0.0
0.465 0.0
0.47500000000000003 0.0
0.485 0.0
0.495 0.0
0.505 0.0
0.515 0.0
0.525 0.0
0.535 0.0
0.545 0.0
0.555 0.0
0.5650000000000001 0.0
0.5750000000000001 0.0
0.585 0.0
0.595 0.0
0.605 0.0
0.615 0.0
0.625 0.0
0.635 0.0
0.645 0.0
0.655 0.0
0.665 0.0
0.675 0.0
0.685 0.0
0.6950000000000001 0.0
0.7050000000000001 0.0
0.715 0.0
0.725 0.0
0.735 0.0
0.745 0.0
0.755 0.0
0.765 0.0
0.775 0.0
0.785 0.0
0.795 0.0
0.805 0.0
0.8150000000000001 0.0
0.8250000000000001 0.0
0.8350000000000001 0.0
0.845 0.0
0.855 0.0
0.865 0.0
0.875 0.0
0.885 0.0
0.895 0.0
0.905 0.0
0.915 0.0
0.925 0.0
0.935 0.0
0.9450000000000001 0.0
0.9550000000000001 0.0
0.965 0.0
0.975 0.0
0.985 0.0
0.995 0.0
1.005 0.0
1.015 0.0
1.025 0.0
1.035 0.0
1.045 0.0
1.055 0.0
1.065 0.0
1.075 0.0
1.085 0.0
1.095 0.0
1.105 0.0
1.115 0.0
1.125 0.0
1.135 0.0
1.145 0.0
1.155 0.0
1.1649999999999998 0.0
1.1749999999999998 0.0
1.1849999999999998 0.0
1.1949999999999998 0.0
1.2049999999999998 0.0
1.2149999999999999 0.0
1.2249999999999999 0.0
1.2349999999999999 0.0
1.2449999999999999 0.0
1.255 0.0
1.265 0.0
1.275 0.0
1.285 0.0
1.295 0.0
1.305 0.0
1.315 0.0
1.325 0.0
1.335 0.017368701244904916
1.345 0.025781825544765245
1.355 0.03788934005348416
1.365 0.055128664483368985
1.375 0.0794136134388512
1.385 0.1132581591730774
1.395 0.15991937907250045
1.405 0.223557758385149
1.4149999999999998 0.3094107887518066
1.4249999999999998 0.42397301419771155
1.4349999999999998 0.575172391660528
1.4449999999999998 0.7725292000278821
1.4549999999999998 1.0272799958121364
1.4649999999999999 1.3524456261645592
1.4749999999999999 1.7628195221988585
1.4849999999999999 2.2748509379231123
1.4949999999999999 2.9063980426546947
1.505 3.6763283695820363
1.515 4.603949529408184
1.525 5.708261597068038
1.535 7.007034187767757
1.545 8.515725631103301
1.555 10.246278110411547
1.565 12.205840033385778
1.575 14.3954837434672
1.585 16.809001197018883
1.595 19.43187052043637
1.605 22.240490599391347
1.615 25.201777518147598
1.625 28.273204777207436
1.635 31.403348534803914
1.645 34.53297029690845
1.655 37.5966341260331
1.665 40.52481605105935
1.6749999999999998 43.24642316039737
1.6849999999999998 45.69160250840277
1.6949999999999998 47.794689187664304
1.7049999999999998 49.49712209869742
1.7149999999999999 50.75014771023831
1.7249999999999999 51.51713797184042
1.7349999999999999 51.77536870054091
1.7449999999999999 51.51713797184042
1.755 50.75014771023831
1.765 49.49712209869742
1.775 47.794689187664304
1.785 45.69160250840277
1.795 43.24642316039737
1.805 40.52481605105935
1.815 37.5966341260331
1.825 34.53297029690845
1.835 31.403348534803914
1.845 28.273204777207436
1.855 25.201777518147598
1.865 22.240490599391347
1.875 19.43187052043637
1.885 16.809001197018883
1.895 14.3954837434672
1.905 12.205840033385778
1.915 10.246278110411547
1.9249999999999998 8.515725631103301
1.9349999999999998 7.007034187767757
1.9449999999999998 5.717769421493686
1.9549999999999998 4.6180627936756675
1.9649999999999999 3.697069424871814
1.9749999999999999 2.9365761000314428
1.9849999999999999 2.318322852313049
1.9949999999999999 1.8248183255063666
2.005 1.4399873114662185
2.015 1.149658053085762
2.025 0.9419041816901677
2.035 0.8072600373264456
2.045 0.7388289171969442
2.0549999999999997 0.7323020512580456
2.065 0.785902501290296
2.0749999999999997 0.9002634829576728
2.085 1.0782455969118896
2.0949999999999998 1.3246928664652557
2.105 1.6461239790417643
2.1149999999999998 2.050353264451344
2.125 2.5460361135848317
2.135 3.142135963651113
2.145 3.8357301367799916
2.155 4.661604976438482
2.165 5.608929068241811
2.175 6.689500727791139
2.185 7.891956040354639
2.195 9.218639595830766
2.205 10.662254528057314
2.215 12.21075016928046
2.225 13.847157323357106
2.235 15.549675177909874
2.245 17.292042551360428
2.255 19.04420938153296
2.265 20.773303742994674
2.275 22.444866627671885
2.285 24.02430306799514
2.295 25.478476038679158
2.305 26.777351142140027
2.315 27.895587419257822
2.3249999999999997 28.813964410266713
2.335 29.52053891316857
2.3449999999999998 30.01143710092059
2.355 30.291208291730907
2.3649999999999998 30.372694427989455
2.375 30.276402192122728
2.385 30.029400103807745
2.395 29.663798017651004
2.405 29.214898242050992
2.415 28.719133325410976
2.425 28.211923181590187
2.435 27.7255921101269
2.445 27.28748368102968
2.455 26.91839854252249
2.465 26.631457964496168
2.475 26.431466093569327
2.485 26.314808805423
2.495 26.269889428110965
2.505 26.278064374920064
2.515 26.31500769817882
2.525 26.352405295883145
2.535 26.359859021905493
2.545 26.306869672806783
2.555 26.164766404108775
2.565 25.908458425517296
2.5749999999999997 25.517901922978123
2.585 24.979199452035623
2.5949999999999998 24.28527839472897
2.605 23.436126973765607
2.6149999999999998 22.43859814935218
2.625 21.30582097054648
2.635 20.056283428894925
2.645 18.71266889785086
2.655 17.30053881433032
2.665 15.84695705578695
2.675 14.379146873386915
2.685 12.923260263291613
2.695 11.503323776443693
2.705 10.140405764646399
2.715 8.85202982160735
2.725 7.651839497867571
2.735 6.549501791362671
2.745 5.550822610318053
2.755 4.651695601309597
2.765 3.866044141424496
2.775 3.181115109138499
2.785 2.5914868868554817
2.795 2.090141565925078
2.805 1.6690119398942962
2.815 1.319472187362738
2.8249999999999997 1.0327568691327396
2.835 0.800300336273593
2.8449999999999998 0.6139951797567786
2.855 0.46637362233775254
2.8649999999999998 0.3507196118365543
2.875 0.2611218293560973
2.885 0.19247900398228132
2.895 0.14046903563665833
2.905 0.10149272058720864
2.915 0.0726016085235689
2.925 0.05141793685089282
2.935 0.03605289182442144
2.945 0.025027796758979443
2.955 0.017201336384206015
2.965 0.011704660286202095
2.975 0.007885196001003294
2.985 0.0
2.995 0.0
3.005 0.0
3.015 0.0
3.025 0.0
3.035 0.0
3.045 0.0
3.055 0.0
3.065 0.0
3.075 0.0
3.085 0.0
3.0949999999999998 0.0
3.105 0.0
3.1149999999999998 0.0
3.125 0.0
3.135 0.0
3.145 0.0
3.155 0.0
3.165 0.0
3.175 0.0
3.185 0.0
3.195 0.0
3.205 0.0
3.215 0.0
3.225 0.0
3.235 0.0
3.245 0.0
3.255 0.0
3.265 0.0
3.275 0.0
3.285 0.0
3.295 0.0
3.305 0.0
3.315 0.0
3.325 0.0
3.335 0.0
3.3449999999999998 0.0
3.355 0.0
3.3649999999999998 0.0
3.375 0.0
3.385 0.0
3.395 0.0
3.405 0.0
3.415 0.0
3.425 0.003573587161466379
3.435 0.005304576287358634
3.445 0.007795681281079349
3.455 0.011342649335070272
3.465 0.01633924525669312
3.475 0.023302715490656177
3.485 0.03290319937368992
3.495 0.045996711207507715
3.505 0.06366085792551698
3.515 0.08723188331595022
3.525 0.11834095396573949
3.535 0.16232344045107486
3.545 0.21637364239560458
3.555 0.28562981575009994
3.565 0.37341513279869
3.575 0.4834860633755631
3.585 0.620005634224162
3.5949999999999998 0.7874890117197808
3.605 0.9907175358283112
3.6149999999999998 1.2346186483258252
3.625 1.5241110045068391
3.635 1.863916380304982
3.645 2.2583426667447575
3.655 2.71104509716703
3.665 3.22477564021675
3.675 3.801132936172297
3.685 4.440326968353188
3.695 5.1409735804726315
3.705 5.89993376922598
3.715 6.712211286133496
3.725 7.57091947947976
3.735 8.467324634060146
3.745 9.390968590321242
3.755 10.329868520060469
3.765 11.270786847221125
3.775 12.199559891596616
3.785 13.101470302770856
3.795 13.961646067988186
3.805 14.765468006521102
3.815 15.498968222340723
3.825 16.14920382337217
3.835 16.704593027360012
3.8449999999999998 17.155204155428923
3.855 17.492991516004476
3.8649999999999998 17.71197538002984
3.875 17.808365807990658
3.885 17.780631811736495
3.895 17.62951818338154
3.905 17.35801242372406
3.915 16.971263808475932
3.925 16.476456076441117
3.935 15.882634859117596
3.945 15.200491094744736
3.955 14.442102473369225
3.965 13.620636491192865
3.975 12.750020845549551
3.985 11.844589430511785
3.995 10.918714752029482
4.005 9.98643978199572
4.015 9.061123743592937
4.025 8.155116775129068
4.035 7.279477689959132
4.045 6.443747119316127
4.055 5.65578532811368
4.065 4.921680197766946
4.075 4.245726634753043
4.085 3.6304743926387437
4.095 3.076837383424559
4.1049999999999995 2.584254339482156
4.115 2.150888415175115
4.125 1.773852118156549
4.135 1.449443846010816
4.145 1.1733831777184152
4.155 0.9410337492101961
4.165 0.7476047906091895
4.175 0.5883249597047143
4.185 0.45858472001064154
4.195 0.35404596387053566
4.205 0.27071970326913547
4.215 0.20501433391567478
4.225 0.15375817162462915
4.235 0.11181716708326653
4.245 0.0824230475153299
4.255 0.060151423060037554
4.265 0.04346104852137364
4.275 0.03108934328015518
4.285 0.02201810568695328
4.295 0.015438510977451272
4.305 0.01071736261508959
4.315 0.007365928422266253
4.325 0.0050121506811685234
4.335 0.003376585867610851
4.345 0.0
4.355 0.0
4.365 0.0
4.375 0.0022930873313806804
4.385 0.0034038225831025076
4.395 0.005002306415772238
4.405 0.007278312888238152
4.415 0.010484511671200038
4.425 0.014952807715053893
4.435 0.021113213764384894
4.445 0.029515014183068507
4.455 0.040849684145923354
4.465 0.05597466005060392
4.475 0.07593662335942288
4.485 0.10418345943786583
4.495 0.13887798223263048
4.505 0.185508138804539
4.515 0.24291468472308503
4.525 0.31509348330442977
4.535 0.40489921709171006
4.545 0.5154731740489028
4.555 0.6502037944891842
4.565 0.8126677521186618
4.575 1.0065508746246257
4.585 1.235549416052113
4.595 1.5032535588756064
4.605 1.813016438522572
4.615 2.1678133123600563
4.625 2.570096592467793
4.635 3.021653187102181
4.645 3.5234708370817516
4.655 4.075619825549069
4.665 4.679193602275706
4.675 5.329071573779283
4.685 6.023574454999572
4.695 6.758559047501288
4.705 7.528800834826354
4.715 8.3280446873604
4.725 9.1490799738477
4.735 9.983836812885247
4.745 10.823500592542423
4.755 11.65864282211486
4.765 12.479367636160557
4.775 13.275474536708996
4.785 14.03663887928712
4.795 14.752611840795616
4.805 15.413440889776759
4.815 16.00970998795789
4.825 16.53279594309665
4.835 16.97513376245262
4.845 17.33047996272244
4.855 17.594159151199904
4.865 17.763276439761462
4.875 17.836876989594945
4.885 17.817906556602534
4.895 17.706633375223156
4.905 17.509464127355045
4.915 17.233342701105208
4.925 16.88672335995028
4.935 16.4792168799505
4.945 16.02117955690887
4.955 15.523272678637094
4.965 14.996023826951847
4.975 14.449422146738453
4.985 13.892577259688986
4.995 13.33346595322599
5.005 12.778782658707794
5.015 12.235682959586086
5.025 11.705580979223823
5.035 11.19279316366368
5.045 10.699611350669795
5.055 10.22776711937842
5.065 9.778715934336129
5.075 9.353898750648307
5.085 8.954953012051845
5.095 8.583851291635822
5.105 8.242954178428931
5.115 7.934973460976234
5.125 7.662851176581629
5.135 7.431275291663409
5.145 7.240440038950555
5.155 7.093905083784994
5.165 6.993404302095584
5.175 6.939763738824062
5.185 6.931205495362608
5.195 6.971558686923813
5.205 7.053465891540941
5.215 7.174465640881631
5.225 7.330018259469302
5.235 7.51483584594881
5.245 7.723143566735205
5.255 7.94896548074095
5.265 8.186412958242911
5.275 8.429954648266037
5.285 8.674649650468359
5.295 8.914868303249674
5.305 9.150755622449427
5.315 9.376419847252228
5.325 9.59392580625073
5.335 9.800710079197147
5.345 9.997117151367542
5.355 10.184080326756309
5.365 10.362945593177422
5.375 10.535277186189816
5.385 10.702655993524594
5.395 10.86648079646233
5.405 11.027781103418889
5.415 11.187049220895204
5.425 11.344098350165448
5.435 11.497952896932839
5.445 11.646776726056984
5.455 11.787844592184594
5.465 11.917561200349471
5.475 12.030171772886014
5.485 12.123782987591792
5.495 12.190843879034691
5.505 12.225536386255808
5.515 12.221999997464575
5.525 12.174620217889009
5.535 12.078328461612308
5.545 11.928896598622533
5.555 11.723208143305158
5.565 11.459488230429747
5.575 11.137476203122883
5.585 10.758527780070338
5.595 10.325638154560899
5.605 9.843382639869212
5.615 9.3177771450558
5.625 8.756066325367971
5.635 8.16645219597152
5.645 7.557779888308882
5.655 6.939199740771184
5.665 6.319825870782115
5.675 5.708410753129428
5.685 5.113053260751769
5.695 4.539705870781554
5.705 3.9974062081102244
5.715 3.489252099578997
5.725 3.0189296080122467
5.735 2.588848393339205
5.745 2.200202550381785
5.755 1.8530759642099313
5.765 1.5465813981160808
5.775 1.2790218118541887
5.785 1.048062601053584
5.795 0.8509044080526129
5.805 0.6844476897912942
5.815 0.545442129486537
5.825 0.42942676599957613
5.835 0.3359975981303529
5.845 0.2604108308074553
5.855 0.1999167026194022
5.865 0.1520189710365714
5.875 0.1144977197842327
5.885 0.08541577306366624
5.895 0.06311223260466241
5.905 0.046186546071930665
5.915 0.03347621594018185
5.925 0.024030834135223424
5.935 0.01708464055726017
5.945 0.010891040217865959
5.955 0.007636508169684111
5.965 0.005301238395797037
5.975 0.0036434843137463564
5.985 0.002479211219290142
5.995 0.0016701951115176167
6.005 0.0
6.015 0.0
6.025 0.0
6.035 0.0
6.045 0.0
6.055 0.0
6.065 0.0
6.075 0.0
6.085 0.0
6.095 0.0
6.105 0.0
6.115 0.0
6.125 0.0
6.135 0.0
6.1450000000000005 0.0
6.155 0.0
6.165 0.0
6.175 0.0
6.185 0.0
6.195 0.0
6.205 0.0
6.215 0.0
6.225 0.0
6.235 0.0
6.245 0.0
6.255 0.0
6.265 0.0
6.275 0.0
6.285 0.0
6.295 0.0011664503616992184
6.305 0.0017314604764003011
6.315 0.0025445791131271907
6.325 0.003702340763416859
6.335 0.005333273732643848
6.345 0.007606211821484239
6.355 0.010739894418792726
6.365 0.015013732141055726
6.375 0.02077946539376733
6.385 0.028473255932518395
6.3950000000000005 0.03862753091504974
6.405 0.05188165494297234
6.415 0.07011598850283313
6.425 0.09249880803971418
6.435 0.12084350755863742
6.445 0.15634795384043465
6.455 0.20033551087930493
6.465 0.2542362282862346
6.475 0.3195578740418933
6.485 0.3978461159993078
6.495 0.4906337915937598
6.505 0.6004765703836646
6.515 0.7270283167181214
6.525 0.8721848116813993
6.535 1.0368371093283755
6.545 1.2215330504265793
6.555 1.4264149133642872
6.565 1.6511694678555913
6.575 1.894994990260035
6.585 2.1565890282344187
6.595 2.434159487742392
6.605 2.725460023375883
6.615 3.0278488616054258
6.625 3.338368238317896
6.635 3.6538397787997035
6.6450000000000005 3.970969591490994
6.655 4.286455773236115
6.665 4.597090581571193
6.675 4.899849807020855
6.685 5.191962888505483
6.695 5.472055568709749
6.705 5.736314189001293
6.715 5.983697642949834
6.725 6.21273729182575
6.735 6.422223995235537
6.745 6.611152253096858
6.755 6.7786608008545075
6.765 6.923977960101245
6.775 7.046379532663269
6.785 7.146291418048131
6.795 7.221332239921715
6.805 7.271696846027432
6.815 7.2969532869885665
6.825 7.296870698226213
6.835 7.271511781663662
6.845 7.2213323930275575
6.855 7.147278496178172
6.865 7.050870154685631
6.875 6.934262517974453
6.885 6.800274916815141
6.8950000000000005 6.652381133598271
6.905 6.4958229675230665
6.915 6.333412139159071
6.925 6.170942384213702
6.935 6.013642249666454
6.945 5.866754617650917
6.955 5.73532162969396
6.965 5.623965615357351
6.975 5.536679446750481
6.985 5.476639567942398
6.995 5.446053781082135
