0.005 0.0
0.015 0.0
0.025 0.0
0.034999999999999996 0.0
0.045 0.0
0.055 0.0
0.065 0.0
0.07500000000000001 0.0
0.085 0.0
0.095 0.0
0.10500000000000001 0.0
0.115 0.0
0.125 0.0
0.135 0.0
0.14500000000000002 0.0
0.155 0.0
0.165 0.0
0.17500000000000002 0.0
0.185 0.0
0.195 0.0
0.20500000000000002 0.0
0.215 0.0
0.225 0.0
0.23500000000000001 0.0
0.245 0.0
0.255 0.0
0.265 0.0
0.275 0.0
0.28500000000000003 0.0
0.295 0.0
0.305 0.0
0.315 0.0
0.325 0.0
0.335 0.0
0.34500000000000003 0.0
0.35500000000000004 0.0
0.365 0.0
0.375 0.0
0.385 0.0
0.395 0.0
0.405 0.0
0.41500000000000004 0.0
0.425 0.0
0.435 0.0
0.445 0.0
0.455 0.0
0.465 0.0
0.47500000000000003 0.0
0.485 0.0
0.495 0.0
0.505 0.0
0.515 0.0
0.525 0.0
0.535 0.0
0.545 0.0
0.555 0.0
0.5650000000000001 0.0
0.5750000000000001 0.0
0.585 0.0
0.595 0.0
0.605 0.0
0.615 0.0
0.625 0.0
0.635 0.0
0.645 0.0
0.655 0.0
0.665 0.0
0.675 0.0
0.685 0.0
0.6950000000000001 0.0
0.7050000000000001 0.0
0.715 0.0
0.725 0.0
0.735 0.0
0.745 0.0
0.755 0.0
0.765 0.0
0.775 0.0
0.785 0.0
0.795 0.0
0.805 0.0
0.8150000000000001 0.0
0.8250000000000001 0.0
0.8350000000000001 0.0
0.845 0.0
0.855 0.0
0.865 0.0
0.875 0.0
0.885 0.0
0.895 0.0
0.905 0.0
0.915 0.0
0.925 0.0
0.935 0.0
0.9450000000000001 0.0
0.9550000000000001 0.0
0.965 0.0
0.975 0.0
0.985 0.0
0.995 0.0
1.005 0.0
1.015 0.0
1.025 0.0
1.035 0.0
1.045 0.0
1.055 0.0
1.065 0.0
1.075 0.0
1.085 0.0
1.095 0.0
1.105 0.0
1.115 0.0
1.125 0.0
1.135 0.0
1.145 0.0
1.155 0.0
1.1649999999999998 0.0
1.1749999999999998 0.0
1.1849999999999998 0.0
1.1949999999999998 0.0
1.2049999999999998 0.0
1.2149999999999999 0.0
1.2249999999999999 0.0
1.2349999999999999 0.0
1.2449999999999999 0.0
1.255 0.0
1.265 0.0
1.275 0.0
1.285 0.0
1.295 0.0
1.305 0.017985292031092774
1.315 0.026697083160049997
1.325 0.039234415752714705
1.335 0.057085738077761
1.345 0.08223280536655184
1.355 0.11727883616107056
1.365 0.16559653444978653
1.375 0.2314940831602401
1.385 0.32039490545698895
1.395 0.439024102385626
1.405 0.5955910742187044
1.4149999999999998 0.7999540707814164
1.4249999999999998 1.0637485475663255
1.4349999999999998 1.4004575932169467
1.4449999999999998 1.825399807262991
1.4549999999999998 2.35560839402166
1.4649999999999999 3.0095754897664073
1.4749999999999999 3.8068384271691156
1.4849999999999999 4.767390239215992
1.4949999999999999 5.910905505571826
1.505 7.255784664718261
1.515 8.81803481863581
1.525 10.610022099470683
1.535 12.63914868416796
1.545 14.906524984477823
1.555 17.40572257053798
1.565 20.12170404064913
1.575 23.030030438353407
1.585 26.09644336530209
1.595 29.276906626632854
1.605 32.51817082859437
1.615 35.758894504167124
1.625 38.931318732954324
1.635 41.963451435289414
1.645 44.7816758934769
1.655 47.313659374692854
1.665 49.491405860159965
1.6749999999999998 51.254275324982835
1.6849999999999998 52.55178348222703
1.6949999999999998 53.346001981665204
1.7049999999999998 53.61339992936394
1.7149999999999999 53.346001981665204
1.7249999999999999 52.55178348222703
1.7349999999999999 51.254275324982835
1.7449999999999999 49.491405860159965
1.755 47.313659374692854
1.765 44.7816758934769
1.775 41.963451435289414
1.785 38.931318732954324
1.795 35.758894504167124
1.805 32.51817082859437
1.815 29.276906626632854
1.825 26.09644336530209
1.835 23.030030438353407
1.845 20.12170404064913
1.855 17.40572257053798
1.865 14.906524984477823
1.875 12.63914868416796
1.885 10.610022099470683
1.895 8.81803481863581
1.905 7.255784664718261
1.915 5.910905505571826
1.9249999999999998 4.767390239215992
1.9349999999999998 3.8068384271691156
1.9449999999999998 3.0095754897664073
1.9549999999999998 2.35560839402166
1.9649999999999999 1.825399807262991
1.9749999999999999 1.4004575932169467
1.9849999999999999 1.0637485475663255
1.9949999999999999 0.7999540707814164
2.005 0.5955910742187044
2.015 0.439024102385626
2.025 0.32039490545698895
2.035 0.2314940831602401
2.045 0.16559653444978653
2.0549999999999997 0.11727883616107056
2.065 0.08223280536655184
2.0749999999999997 0.057085738077761
2.085 0.039234415752714705
2.0949999999999998 0.026697083160049997
2.105 0.017985292031092774
2.1149999999999998 0.0
2.125 0.0
2.135 0.0
2.145 0.0
2.155 0.0
2.165 0.0
2.175 0.0
2.185 0.0
2.195 0.0
2.205 0.0
2.215 0.0
2.225 0.0
2.235 0.0
2.245 0.0
2.255 0.0
2.265 0.0
2.275 0.0
2.285 0.0
2.295 0.0
2.305 0.0
2.315 0.0
2.3249999999999997 0.0
2.335 0.0
2.3449999999999998 0.0
2.355 0.0
2.3649999999999998 0.0
2.375 0.0
2.385 0.0
2.395 0.0
2.405 0.0
2.415 0.0
2.425 0.0
2.435 0.0
2.445 0.0
2.455 0.0
2.465 0.0
2.475 0.0
2.485 0.0
2.495 0.0
2.505 0.0
2.515 0.0
2.525 0.0
2.535 0.0
2.545 0.0
2.555 0.0
2.565 0.0
2.5749999999999997 0.0
2.585 0.0
2.5949999999999998 0.0
2.605 0.0
2.6149999999999998 0.0
2.625 0.0
2.635 0.0
2.645 0.0
2.655 0.0
2.665 0.0
2.675 0.0
2.685 0.0
2.695 0.0
2.705 0.0
2.715 0.0
2.725 0.0
2.735 0.0
2.745 0.0
2.755 0.0
2.765 0.0
2.775 0.0
2.785 0.0
2.795 0.0
2.805 0.0
2.815 0.0
2.8249999999999997 0.0
2.835 0.0
2.8449999999999998 0.0
2.855 0.0
2.8649999999999998 0.0
2.875 0.0
2.885 0.0
2.895 0.0
2.905 0.0
2.915 0.0
2.925 0.0
2.935 0.0
2.945 0.0
2.955 0.0
2.965 0.0
2.975 0.0
2.985 0.0
2.995 0.0
3.005 0.0
3.015 0.004483175902053295
3.025 0.006654755434125516
3.035 0.009779923891679145
3.045 0.01422970529801258
3.055 0.02049808981362224
3.065 0.029233979141912322
3.075 0.04127808386015479
3.085 0.05770430045271008
3.0949999999999998 0.07986452023143172
3.105 0.1094351024622328
3.1149999999999998 0.14846239620681295
3.125 0.19940375761909598
3.135 0.2651595451466119
3.145 0.3490906749194605
3.155 0.45501559904540173
3.165 0.5871801674665781
3.175 0.7501938966465148
3.185 0.9489268381180732
3.195 1.188362635379383
3.205 1.4734055513850701
3.215 1.808642245181065
3.225 2.1980627911980015
3.235 2.6447496829279875
3.245 3.1505480536746986
3.255 3.7157346946735053
3.265 4.33870719759004
3.275 5.015717204220762
3.285 5.740672840134396
3.295 6.505034548361036
3.305 7.297825470294015
3.315 8.105772182379678
3.325 8.913584157988648
3.335 9.704371198254718
3.3449999999999998 10.46018790890006
3.355 11.162683923737118
3.3649999999999998 11.793828934213472
3.375 12.336673640184822
3.385 12.776102362804195
3.395 13.099530933951021
3.405 13.3011162445389
3.415 13.369519499620285
3.425 13.305382839976323
3.435 13.1109931360077
3.445 12.792613825431078
3.455 12.360221968757173
3.465 11.827078936782653
3.475 11.209165445137327
3.485 10.52451975898976
3.495 9.792522514831218
3.505 9.033172438104245
3.515 8.266394353592894
3.525 7.511414734447777
3.535 6.786231366441867
3.545 6.107193483111265
3.555 5.4886980272400665
3.565 4.942997577816692
3.575 4.480106895483131
3.585 4.107788724374163
3.5949999999999998 3.83159591675449
3.605 3.6549462914771818
3.6149999999999998 3.5792087691059677
3.625 3.603783842444307
3.635 3.7261677145568
3.645 3.9419966851307358
3.655 4.245075731654548
3.665 4.6274018621467805
3.675 5.079197945541099
3.685 5.588975747549987
3.695 6.1436474240605055
3.705 6.728702617576162
3.715 7.328463705323369
3.725 7.926425066614273
3.735 8.50567411021514
3.745 9.0493830421467
3.755 9.541351868574095
3.765 9.969589787761485
3.775 10.316279035280262
3.785 10.572637324281509
3.795 10.730649581168842
3.805 10.788386057043772
3.815 10.739829099043382
3.825 10.58603364156633
3.835 10.339485878453727
3.8449999999999998 10.004552903283066
3.855 9.592926388850696
3.8649999999999998 9.11871241643548
3.875 8.597924182835106
3.885 8.047926825102506
3.895 7.4868669190199455
3.905 6.933116451529642
3.915 6.404755849469508
3.925 5.919113653921364
3.935 5.49237251983522
3.945 5.139243325883289
3.955 4.872702199685516
3.965 4.7037799684156525
3.975 4.641390491693755
3.985 4.692183809743527
3.995 4.860412033818479
4.005 5.14780011168766
4.015 5.553419451197284
4.025 6.0735691115913895
4.035 6.701675987744864
4.045 7.428231203401064
4.055 8.24078395499335
4.065 9.1240156322269
4.075 10.059915754315131
4.085 11.028076971707986
4.095 12.006119291186259
4.1049999999999995 12.970244309352502
4.115 13.895909390829267
4.125 14.758600418361365
4.135 15.534671099589705
4.145 16.202207962326938
4.155 16.74187410445871
4.165 17.13768224658
4.175 17.37764909806449
4.185 17.454288538934534
4.195 17.364910289114043
4.205 17.111702860662557
4.215 16.699185022171875
4.225 16.144303240127044
4.235 15.458709592806748
4.245 14.660761183152042
4.255 13.77109455511513
4.265 12.811743662115724
4.275 11.80524243858449
4.285 10.773762370090072
4.295 9.738329974926419
4.305 8.718160731702458
4.315 7.7301356079089505
4.325 6.7907768448883665
4.335 5.907809536413861
4.345 5.091256403577329
4.355 4.346757464395009
4.365 3.6796509489043996
4.375 3.0871857164690937
4.385 2.569852464091307
4.395 2.125136647238917
4.405 1.749484173627258
4.415 1.4387205409827506
4.425 1.1884408068373198
4.435 0.9943561731505725
4.445 0.8525870510314506
4.455 0.7598960677154576
4.465 0.7138574066676839
4.475 0.7129610804692544
4.485 0.7566522918701453
4.495 0.8453071024966996
4.505 0.9801464246789697
4.515 1.1630911278794969
4.525 1.3965620415644964
4.535 1.6832300253311012
4.545 2.0257231684394146
4.555 2.4263005759761485
4.565 2.8865049859836946
4.575 3.4047991778997715
4.585 3.984948422322388
4.595 4.621378465289428
4.605 5.309525961526093
4.615 6.040680316162506
4.625 6.810464113085619
4.635 7.60480414611936
4.645 8.410491261013819
4.655 9.21251321472473
4.665 9.994466619919042
4.675 10.74110921660334
4.685 11.431835089866171
4.695 12.051009347223342
4.705 12.582800986772229
4.715 13.013233994923468
4.725 13.330832448672018
4.735 13.527174588241333
4.745 13.59732146513792
4.755 13.54009308690328
4.765 13.35817444065126
4.775 13.058044595168484
4.785 12.64973333327026
4.795 12.14642049224379
4.805 11.563902495880232
4.815 10.919957712217457
4.825 10.233646767314017
4.835 9.524585569097457
4.845 8.81222762159949
4.855 8.115188583462174
4.865 7.450640505432601
4.875 6.833796467052988
4.885 6.277499167541415
4.895 5.791920111324039
4.905 5.384369943826288
4.915 5.059215636597375
4.925 4.817896780553667
4.935 4.6590311990821585
4.945 4.578599233296963
4.955 4.570196042893247
4.965 4.6253417054223
4.975 4.733839387299351
4.985 4.8841720746296495
4.995 5.063928084867129
5.005 5.260244775040798
5.015 5.46025861652598
5.025 5.651548351694165
5.035 5.822556608629845
5.045 5.962974488320138
5.055 6.06407359262257
5.065 6.118970988086707
5.075 6.1228148307412065
5.085 6.0728817866996
5.095 5.968581790482494
5.105 5.8113707638953045
5.115 5.604577246466538
5.125 5.3531539858916695
5.135 5.0618079567787495
5.145 4.74142993989008
5.155 4.39758851038867
5.165 4.038402201478897
5.175 3.6703196273339733
5.185 3.30447876621846
5.195 2.9455004954661526
5.205 2.5993950638102703
5.215 2.271132828014367
5.225 1.9645805268480705
5.235 1.6824965805814414
5.245 1.4265782578244506
5.255 1.1991860755422552
5.265 0.9977167588422587
5.275 0.8225255854205722
5.285 0.6723520987697713
5.295 0.5455697305744571
5.305 0.440338270813203
5.315 0.35474364697326394
5.325 0.28692088188500153
5.335 0.23515781337690816
5.345 0.1979785785775529
5.355 0.17420691324294485
5.365 0.16300996784023536
5.375 0.16392362232516
5.385 0.1768602565445332
5.395 0.20209969913321724
5.405 0.24026374909370452
5.415 0.29227436125951645
5.425 0.3592954234961704
5.435 0.4426581257604037
5.445 0.5437702965420336
5.455 0.6640107910239818
5.465 0.804611044126327
5.475 0.9665271902233207
5.485 1.1489536330522458
5.495 1.355068008540271
5.505 1.582255948010915
5.515 1.8291504861925596
5.525 2.0935300155614756
5.535 2.372280298582455
5.545 2.6613982534548826
5.555 2.956043278494481
5.565 3.2506391673324524
5.575 3.539026339153113
5.585 3.814660400536399
5.595 4.070849271393437
5.605 4.301017591449311
5.615 4.498984226613466
5.625 4.659236734659537
5.635 4.777185874149288
5.645 4.849383792946607
5.655 4.873691430363992
5.665 4.849383792946607
5.675 4.777185874149288
5.685 4.659236734659537
5.695 4.498984226613466
5.705 4.301017591449311
5.715 4.070849271393437
5.725 3.814660400536399
5.735 3.539026339153113
5.745 3.2506391673324524
5.755 2.956043278494481
5.765 2.6613982534548826
5.775 2.37365147547813
5.785 2.0969321154709903
5.795 1.8341704476114886
5.805 1.589589615394937
5.815 1.3656754238122113
5.825 1.1641439028227865
5.835 0.9860343805371309
5.845 0.8318306664216896
5.855 0.701600735011496
5.865 0.5951453039022437
5.875 0.5121461895647881
5.885 0.45230614560919064
5.895 0.41547289280996247
5.905 0.4017411186959065
5.915 0.4115272792564673
5.925 0.44561304776647115
5.935 0.5051542450101225
5.945 0.5916531091484909
5.955 0.7068929033590089
5.965 0.8528352000077646
5.975 1.0314817881588847
5.985 1.244705054276043
5.995 1.494052855419831
6.005 1.7805362446420303
6.015 2.104410755451582
6.025 2.464964081584329
6.035 2.8603246336329295
6.045 3.288565033893846
6.055 3.7431732779384532
6.065 4.217914694210581
6.075 4.7079653063363
6.085 5.203105714161728
6.095 5.693690756448899
6.105 6.169318715274653
6.115 6.6192077934483535
6.125 7.032628672918674
6.135 7.399371332375117
6.1450000000000005 7.710219998619724
6.155 7.9574075542030265
6.165 8.135020268098337
6.175 8.239325516793059
6.185 8.268999169202448
6.195 8.225235256254965
6.205 8.112926435461974
6.215 7.936303408773162
6.225 7.704369373825601
6.235 7.427059983754612
6.245 7.11558716434934
6.255 6.781926381380604
6.265 6.4382770097755415
6.275 6.096527071407787
6.285 5.767752383036244
6.295 5.461776947278755
6.305 5.186816567848963
6.315 4.949221613865102
6.325 4.753328085790993
6.335 4.601419142781419
6.345 4.493792502670148
6.355 4.42892302900786
6.365 4.403704708023
6.375 4.413752344170645
6.385 4.453740834910108
6.3950000000000005 4.517758910664466
6.405 4.599654752068452
6.415 4.693352852757187
6.425 4.793124733540697
6.435 4.893800408067165
6.445 4.990912554613723
6.455 5.080770805787426
6.465 5.16046902666843
6.475 5.2289396645279504
6.485 5.282966095830334
6.495 5.322316949362001
6.505 5.34640433823748
6.515 5.3548847678581355
6.525 5.3475408755587335
6.535 5.324194349212831
6.545 5.284658523892762
6.555 5.228734382232372
6.565 5.156248673815357
6.575 5.067128120647482
6.585 4.960585111943046
6.595 4.838288228140793
6.605 4.701909390182387
6.615 4.551544960228255
6.625 4.389223883369857
6.635 4.217573778923104
6.6450000000000005 4.039805600506223
6.655 3.8596475959783136
6.665 3.6812303447712877
6.675 3.5089287327907472
6.685 3.3471702533825316
6.695 3.2002217368739183
6.705 3.071968343567217
6.715 2.9656993341271
6.725 2.885020943718416
6.735 2.829807998921245
6.745 2.80135380031419
6.755 2.7991113720436758
6.765 2.8214327596125495
6.775 2.8656305001804387
6.785 2.928096978398256
6.795 3.0044761595061042
6.805 3.089879040073532
6.815 3.179131448046964
6.825 3.267040707628538
6.835 3.3486662924663717
6.845 3.419579027276449
6.855 3.475254208098202
6.865 3.514907068009577
6.875 3.5356470450954944
6.885 3.536985953419103
6.8950000000000005 3.5195951778730654
6.905 3.48525317175373
6.915 3.4367274232545837
6.925 3.3775977226007816
6.935 3.312031151607509
6.945 3.2445221882514352
6.955 3.1796134702470926
6.965 3.1216139503147486
6.975 3.074331324915904
6.985 3.0408347208405546
6.995 3.024460196501912
