0.005 0.0
0.015 0.0
0.025 0.0
0.034999999999999996 0.0
0.045 0.0
0.055 0.0
0.065 0.0
0.07500000000000001 0.0
0.085 0.0
0.095 0.0
0.10500000000000001 0.0
0.115 0.0
0.125 0.0
0.135 0.0
0.14500000000000002 0.0
0.155 0.0
0.165 0.0
0.17500000000000002 0.0
0.185 0.0
0.195 0.0
0.20500000000000002 0.0
0.215 0.0
0.225 0.0
0.23500000000000001 0.0
0.245 0.0
0.255 0.0
0.265 0.0
0.275 0.0
0.28500000000000003 0.0
0.295 0.0
0.305 0.0
0.315 0.0
0.325 0.0
0.335 0.0
0.34500000000000003 0.0
0.35500000000000004 0.0
0.365 0.0
0.375 0.0
0.385 0.0
0.395 0.0
0.405 0.0
0.41500000000000004 0.0
0.425 0.0
0.435 0.0
0.445 0.0
0.455 0.0
0.465 0.0
0.47500000000000003 0.0
0.485 0.0
0.495 0.0
0.505 0.0
0.515 0.0
0.525 0.0
0.535 0.0
0.545 0.0
0.555 0.0
0.5650000000000001 0.0
0.5750000000000001 0.0
0.585 0.0
0.595 0.0
0.605 0.0
0.615 0.0
0.625 0.0
0.635 0.0
0.645 0.0
0.655 0.0
0.665 0.0
0.675 0.0
0.685 0.0
0.6950000000000001 0.0
0.7050000000000001 0.0
0.715 0.0
0.725 0.0
0.735 0.0
0.745 0.0
0.755 0.0
0.765 0.0
0.775 0.0
0.785 0.0
0.795 0.0
0.805 0.0
0.8150000000000001 0.0
0.8250000000000001 0.0
0.8350000000000001 0.0
0.845 0.0
0.855 0.0
0.865 0.0
0.875 0.0
0.885 0.0
0.895 0.0
0.905 0.0
0.915 0.0
0.925 0.0
0.935 0.0
0.9450000000000001 0.0
0.9550000000000001 0.0
0.965 0.0
0.975 0.0
0.985 0.0
0.995 0.0
1.005 0.0
1.015 0.0
1.025 0.0
1.035 0.0
1.045 0.0
1.055 0.0
1.065 0.0
1.075 0.0
1.085 0.0
1.095 0.0
1.105 0.0
1.115 0.0
1.125 0.0
1.135 0.0
1.145 0.0
1.155 0.0
1.1649999999999998 0.0
1.1749999999999998 0.0
1.1849999999999998 0.0
1.1949999999999998 0.0
1.2049999999999998 0.0
1.2149999999999999 0.0
1.2249999999999999 0.0
1.2349999999999999 0.0
1.2449999999999999 0.0
1.255 0.0
1.265 0.0
1.275 0.0
1.285 0.0
1.295 0.0
1.305 0.0
1.315 0.0
1.325 0.0
1.335 0.0
1.345 0.0
1.355 0.0
1.365 0.0
1.375 0.0
1.385 0.0
1.395 0.0
1.405 0.0
1.4149999999999998 0.0
1.4249999999999998 0.0
1.4349999999999998 0.0
1.4449999999999998 0.0
1.4549999999999998 0.0
1.4649999999999999 0.0
1.4749999999999999 0.0
1.4849999999999999 0.0
1.4949999999999999 0.0
1.505 0.0
1.515 0.0
1.525 0.0
1.535 0.0
1.545 0.0
1.555 0.0
1.565 0.0
1.575 0.0
1.585 0.0
1.595 0.0
1.605 0.0
1.615 0.0
1.625 0.0
1.635 0.0
1.645 0.0
1.655 0.0
1.665 0.0
1.6749999999999998 0.0
1.6849999999999998 0.0
1.6949999999999998 0.0
1.7049999999999998 0.0
1.7149999999999999 0.0
1.7249999999999999 0.0
1.7349999999999999 0.0
1.7449999999999999 0.0
1.755 0.0
1.765 0.0
1.775 0.0
1.785 0.0
1.795 0.0
1.805 0.0
1.815 0.0
1.825 0.0
1.835 0.0
1.845 0.0
1.855 0.0
1.865 0.0
1.875 0.01010192184739779
1.885 0.014995133088195866
1.895 0.022037062338328636
1.905 0.03206373650567426
1.915 0.04618826159002917
1.9249999999999998 0.065872805134592
1.9349999999999998 0.09301173683027589
1.9449999999999998 0.1300248632147266
1.9549999999999998 0.17995839542863692
1.9649999999999999 0.2465896669209709
1.9749999999999999 0.3345297076279658
1.9849999999999999 0.44931566807873446
1.9949999999999999 0.597482914051133
2.005 0.7866045840576111
2.015 1.02528478054995
2.025 1.3230906597647938
2.035 1.6904088262178159
2.045 2.13821294702639
2.0549999999999997 2.6777326456167
2.065 3.320018677562272
2.0749999999999997 4.075406142853592
2.085 4.952885859817708
2.0949999999999998 5.959403598380381
2.105 7.099116989836701
2.1149999999999998 8.372649726740528
2.125 9.776391108973227
2.135 11.301894976389518
2.145 12.935434533353133
2.155 14.65776763121631
2.165 16.444160159563324
2.175 18.264703167615554
2.185 20.084942574518223
2.195 21.866819764535265
2.205 23.569898454443372
2.215 25.152829839478283
2.225 26.5749862994305
2.235 27.798176045896756
2.245 28.788338981812263
2.255 29.517119252834952
2.265 29.963213383372928
2.275 30.11340461547177
2.285 29.963213383372928
2.295 29.517119252834952
2.305 28.788338981812263
2.315 27.798176045896756
2.3249999999999997 26.5749862994305
2.335 25.152829839478283
2.3449999999999998 23.569898454443372
2.355 21.866819764535265
2.3649999999999998 20.084942574518223
2.375 18.264703167615554
2.385 16.444160159563324
2.395 14.65776763121631
2.405 12.935434533353133
2.415 11.301894976389518
2.425 9.776391108973227
2.435 8.372649726740528
2.445 7.099116989836701
2.455 5.959403598380381
2.465 4.952885859817708
2.475 4.075406142853592
2.485 3.320018677562272
2.495 2.6777326456167
2.505 2.13821294702639
2.515 1.6904088262178159
2.525 1.3230906597647938
2.535 1.02528478054995
2.545 0.7866045840576111
2.555 0.597482914051133
2.565 0.44931566807873446
2.5749999999999997 0.3345297076279658
2.585 0.2465896669209709
2.5949999999999998 0.17995839542863692
2.605 0.1300248632147266
2.6149999999999998 0.09301173683027589
2.625 0.065872805134592
2.635 0.04618826159002917
2.645 0.03206373650567426
2.655 0.022037062338328636
2.665 0.014995133088195866
2.675 0.01010192184739779
2.685 0.0
2.695 0.0
2.705 0.0
2.715 0.0
2.725 0.0
2.735 0.0
2.745 0.0
2.755 0.0
2.765 0.0
2.775 0.0
2.785 0.0
2.795 0.0
2.805 0.0
2.815 0.0
2.8249999999999997 0.0
2.835 0.0
2.8449999999999998 0.0
2.855 0.0
2.8649999999999998 0.0
2.875 0.0
2.885 0.0
2.895 0.0
2.905 0.0
2.915 0.0
2.925 0.0
2.935 0.0
2.945 0.0
2.955 0.0
2.965 0.0
2.975 0.0
2.985 0.0
2.995 0.0
3.005 0.0
3.015 0.0
3.025 0.0
3.035 0.0
3.045 0.0
3.055 0.0
3.065 0.0
3.075 0.0
3.085 0.0
3.0949999999999998 0.0
3.105 0.0
3.1149999999999998 0.0
3.125 0.0
3.135 0.0
3.145 0.0
3.155 0.0
3.165 0.0
3.175 0.0
3.185 0.0
3.195 0.0
3.205 0.0
3.215 0.0
3.225 0.0
3.235 0.0
3.245 0.0
3.255 0.0
3.265 0.0
3.275 0.0
3.285 0.0
3.295 0.0
3.305 0.0
3.315 0.0
3.325 0.0
3.335 0.0
3.3449999999999998 0.0
3.355 0.0
3.3649999999999998 0.0
3.375 0.0
3.385 0.0
3.395 0.0
3.405 0.0
3.415 0.0
3.425 0.0
3.435 0.0
3.445 0.0
3.455 0.0
3.465 0.0
3.475 0.0
3.485 0.0
3.495 0.0
3.505 0.0
3.515 0.0
3.525 0.0
3.535 0.0
3.545 0.0
3.555 0.0
3.565 0.0
3.575 0.0
3.585 0.0
3.5949999999999998 0.0032759231984136696
3.605 0.004862728606396326
3.6149999999999998 0.007146335601241582
3.625 0.010397856945786902
3.635 0.014978258585137658
3.645 0.021361702628948834
3.655 0.030162508779013875
3.665 0.0421653891418107
3.675 0.058358190771970034
3.685 0.07996585427589666
3.695 0.10848367729743354
3.705 0.14570728646539902
3.715 0.19375601676230558
3.725 0.25508573950774033
3.735 0.3324866543537208
3.745 0.42906126689590685
3.755 0.5481778192569009
3.765 0.6933949304029281
3.775 0.8683542226358638
3.785 1.076639313715792
3.795 1.3216017435108887
3.805 1.6091140095520475
3.815 1.9369470250105458
3.825 2.3086026180593784
3.835 2.724527754071028
3.8449999999999998 3.1838773420410926
3.855 3.684340385863247
3.8649999999999998 4.222019955392864
3.875 4.7913843609121365
3.885 5.385304292454928
3.895 5.995186309673104
3.905 6.61120707283028
3.915 7.222645418783651
3.925 7.818301320807018
3.935 8.386982595262909
3.945 8.918032698482634
3.955 9.404623596556759
3.965 9.834572145240106
3.975 10.203902727597221
3.985 10.509222019484245
3.995 10.749782371524809
4.005 10.927555272026988
4.015 11.047142004768164
4.025 11.115522001237045
4.035 11.141651946355813
4.045 11.13594063206667
4.055 11.109634738688483
4.065 11.074158162438346
4.075 11.040451438469784
4.085 11.018357794496318
4.095 11.016098349640394
4.1049999999999995 11.039871277758541
4.115 11.09359908153079
4.125 11.178835471561895
4.135 11.294829915152995
4.145 11.438734995604229
4.155 11.60845048029529
4.165 11.794170629779085
4.175 11.990827512278944
4.185 12.191262072646431
4.195 12.388338259630377
4.205 12.575314445772928
4.215 12.746131514203306
4.225 12.895606844993683
4.235 13.019534342194753
4.245 13.11470061476635
4.255 13.17883535392939
4.265 13.210518996214706
4.275 13.209072451058205
4.285 13.174451949374955
4.295 13.107167303420997
4.305 13.008234800686253
4.315 12.879167605990876
4.325 12.721998084362507
4.335 12.539319049319149
4.345 12.334325604200622
4.355 12.110836717985409
4.365 11.873276331860788
4.375 11.626597585025646
4.385 11.376140228598164
4.395 11.127419669629827
4.405 10.883670348429593
4.415 10.655011975932762
4.425 10.442534933225593
4.435 10.2495009442702
4.445 10.077789080769064
4.455 9.927686168116521
4.465 9.797771320182164
4.475 9.68491268980063
4.485 9.584384854976495
4.495 9.490104494882672
4.505 9.39497125927343
4.515 9.291291099997455
4.525 9.171251779401489
4.535 9.027415527267344
4.545 8.853192307672998
4.555 8.643258959184843
4.565 8.393894326497733
4.575 8.103207851341228
4.585 7.7712481509490665
4.595 7.399987965825877
4.605 6.993191556208102
4.615 6.554207111543436
4.625 6.094208754681202
4.635 5.617763448415056
4.645 5.132837754557358
4.655 4.647451944161913
4.665 4.169316372345391
4.675 3.707544635655058
4.685 3.26526257756016
4.695 2.8490878566566704
4.705 2.4631571822138527
4.715 2.110458067776748
4.725 1.792874293794687
4.735 1.511288221871875
4.745 1.265726779520574
4.755 1.0555368359838266
4.765 0.877737051826779
4.775 0.7351893574846544
4.785 0.6236716334109547
4.795 0.5436778381083806
4.805 0.49099235752202486
4.815 0.4679402365890813
4.825 0.4710996618131669
4.835 0.5017849292471651
4.845 0.560494414498522
4.855 0.6481707194520026
4.865 0.7661465710244223
4.875 0.9179412517738956
4.885 1.1025483416633532
4.895 1.3232538363142738
4.905 1.582069578929506
4.915 1.880855148606557
4.925 2.2211904804809897
4.935 2.6042597014841555
4.945 3.0307527785547297
4.955 3.500790340166366
4.965 4.012194472036101
4.975 4.567762057831956
4.985 5.163287104531904
4.995 5.796456360260512
5.005 6.464379965869991
5.015 7.163648067691103
5.025 7.890384343630673
5.035 8.642057446146541
5.045 9.411280249964758
5.055 10.194231380576895
5.065 10.985512221756775
5.075 11.779286700047038
5.085 12.569227450727855
5.095 13.350192325312385
5.105 14.113820957025206
5.115 14.85069976763899
5.125 15.553605455637726
5.135 16.21378043356294
5.145 16.82227041139145
5.155 17.370186783413562
5.165 17.849039658615073
5.175 18.25112847251884
5.185 18.56996925874596
5.195 18.800730993720855
5.205 18.94064873083076
5.215 18.989379112426203
5.225 18.950917078195225
5.235 18.827929822621915
5.245 18.629620664673826
5.255 18.366794998294914
5.265 18.05265092466729
5.275 17.702315275124835
5.285 17.332246168448332
5.295 16.959531245362435
5.305 16.601119009371033
5.315 16.273026500040757
5.325 15.989569387742886
5.335 15.76266028982409
5.345 15.601217682915422
5.355 15.510721463785934
5.365 15.49294243042591
5.375 15.545862319251242
5.385 15.663789269023262
5.395 15.837661487214724
5.405 16.0555202932011
5.415 16.30312339817262
5.425 16.564660965049647
5.435 16.823531251520993
5.445 17.063129877222657
5.455 17.267607161275606
5.465 17.42255150346765
5.475 17.51556314571101
5.485 17.535337378012983
5.495 17.477824173564514
5.505 17.33669951649472
5.515 17.110480176887386
5.525 16.800332336087294
5.535 16.40979457273442
5.545 15.944414821230515
5.555 15.411333919380727
5.565 14.818848507110722
5.575 14.175983501345208
5.585 13.492099585221274
5.595 12.776554741674012
5.605 12.03713945043833
5.615 11.285481615372618
5.625 10.526416773596669
5.635 9.770294923493442
5.645 9.021879445471871
5.655 8.28712413892786
5.665 7.5712879099993735
5.675 6.878978725305291
5.685 6.212941664323705
5.695 5.57952989938165
5.705 4.979789662638448
5.715 4.416081006642831
5.725 3.8902037747157623
5.735 3.4033972685581637
5.745 2.9563401244671095
5.755 2.549155730917873
5.765 2.181427606646909
5.775 1.8522277138610368
5.785 1.5601589626117551
5.795 1.303411422892017
5.805 1.0798302187510156
5.815 0.8869918947664341
5.825 0.7222853125981854
5.835 0.5829928786582674
5.845 0.46518755235307174
5.855 0.3689263562310299
5.865 0.2898937038800184
5.875 0.22567854909190246
5.885 0.17404535883686825
5.895 0.13296173673465814
5.905 0.09945883648989445
5.915 0.0734970480646934
5.925 0.05472087386966441
5.935 0.0403360351964657
5.945 0.02943678971850574
5.955 0.021268885775030104
5.965 0.01521444404916122
5.975 0.01077517894231303
5.985 0.0075552693201701255
5.995 0.005244842658543248
6.005 0.003604724128162315
6.015 0.002452836826350073
6.025 0.0016524272094465859
6.035 0.0
6.045 0.0
6.055 0.0
6.065 0.0
6.075 0.0
6.085 0.0
6.095 0.0
6.105 0.0
6.115 0.0
6.125 0.0
6.135 0.0
6.1450000000000005 0.0
6.155 0.0
6.165 0.0
6.175 0.0
6.185 0.0
6.195 0.0
6.205 0.0
6.215 0.0
6.225 0.0
6.235 0.0
6.245 0.0
6.255 0.0
6.265 0.0
6.275 0.0
6.285 0.0
6.295 0.0
6.305 0.0
6.315 0.0
6.325 0.0
6.335 0.0
6.345 0.0
6.355 0.0
6.365 0.0
6.375 0.0
6.385 0.0
6.3950000000000005 0.0
6.405 0.0
6.415 0.0
6.425 0.0
6.435 0.0
6.445 0.0
6.455 0.0
6.465 0.0
6.475 0.0
6.485 0.0
6.495 0.0
6.505 0.0010965793513177458
6.515 0.0016277450531863723
6.525 0.002392157441817671
6.535 0.003480568540259751
6.545 0.006097791884511648
6.555 0.008759644530480141
6.565 0.012461250258893622
6.575 0.017554992492516887
6.585 0.0244909837507161
6.595 0.033836156978056885
6.605 0.046294321512534056
6.615 0.06272620039178058
6.625 0.08416809065958233
6.635 0.11184739409921854
6.6450000000000005 0.14719288482423248
6.655 0.19292123921639726
6.665 0.2492183116227554
6.675 0.31887743139712066
6.685 0.404130562325628
6.695 0.508419903303595
6.705 0.6324767819943143
6.715 0.7794566274734659
6.725 0.9516688145073864
6.735 1.1511981612550413
6.745 1.3797854221478016
6.755 1.6387038297012382
6.765 1.9286386904384933
6.775 2.249578019598649
6.785 2.60072264626967
6.795 2.980423994484842
6.805 3.3861567555650116
6.815 3.8145318911464905
6.825 4.261352907891788
6.835 4.721715277466029
6.845 5.1901454785942605
6.855 5.66077272083266
6.865 6.127523322137403
6.875 6.584325308051195
6.885 7.025309393769879
6.8950000000000005 7.444992333788989
6.905 7.8384297904162965
6.915 8.201328350872686
6.925 8.530109928334722
6.935 8.821926187400734
6.945 9.074625398160816
6.955 9.286678737939946
6.965 9.457077010586143
6.975 9.585211579800973
6.985 9.670754669787895
6.995 9.713553889286402
