0.005 0.0
0.015 0.0
0.025 0.0
0.034999999999999996 0.0
0.045 0.0
0.055 0.0
0.065 0.0
0.07500000000000001 0.0
0.085 0.0
0.095 0.0
0.10500000000000001 0.0
0.115 0.0
0.125 0.0
0.135 0.0
0.14500000000000002 0.0
0.155 0.0
0.165 0.0
0.17500000000000002 0.0
0.185 0.0
0.195 0.0
0.20500000000000002 0.0
0.215 0.0
0.225 0.0
0.23500000000000001 0.0
0.245 0.0
0.255 0.0
0.265 0.0
0.275 0.0
0.28500000000000003 0.0
0.295 0.0
0.305 0.0
0.315 0.0
0.325 0.0
0.335 0.0
0.34500000000000003 0.0
0.35500000000000004 0.0
0.365 0.0
0.375 0.0
0.385 0.0
0.395 0.0
0.405 0.0
0.41500000000000004 0.0
0.425 0.0
0.435 0.0
0.445 0.0
0.455 0.0
0.465 0.0
0.47500000000000003 0.0
0.485 0.0
0.495 0.0
0.505 0.0
0.515 0.0
0.525 0.0
0.535 0.0
0.545 0.0
0.555 0.0
0.5650000000000001 0.0
0.5750000000000001 0.0
0.585 0.0
0.595 0.0
0.605 0.0
0.615 0.0
0.625 0.0
0.635 0.0
0.645 0.0
0.655 0.0
0.665 0.0
0.675 0.0
0.685 0.0
0.6950000000000001 0.0
0.7050000000000001 0.0
0.715 0.0
0.725 0.0
0.735 0.0
0.745 0.0
0.755 0.0
0.765 0.0
0.775 0.0
0.785 0.0
0.795 0.0
0.805 0.0
0.8150000000000001 0.0
0.8250000000000001 0.0
0.8350000000000001 0.0
0.845 0.0
0.855 0.0
0.865 0.0
0.875 0.0
0.885 0.0
0.895 0.0
0.905 0.0
0.915 0.0
0.925 0.0
0.935 0.0
0.9450000000000001 0.0
0.9550000000000001 0.0
0.965 0.0
0.975 0.0
0.985 0.0
0.995 0.0
1.005 0.0
1.015 0.0
1.025 0.0
1.035 0.0
1.045 0.0
1.055 0.0
1.065 0.0
1.075 0.0
1.085 0.0
1.095 0.0
1.105 0.0
1.115 0.0
1.125 0.0
1.135 0.0
1.145 0.0
1.155 0.0
1.1649999999999998 0.0
1.1749999999999998 0.0
1.1849999999999998 0.0
1.1949999999999998 0.0
1.2049999999999998 0.0
1.2149999999999999 0.0
1.2249999999999999 0.0
1.2349999999999999 0.0
1.2449999999999999 0.0
1.255 0.0
1.265 0.0
1.275 0.0
1.285 0.0
1.295 0.0
1.305 0.0
1.315 0.0
1.325 0.0
1.335 0.017368701244904916
1.345 0.025781825544765245
1.355 0.03788934005348416
1.365 0.055128664483368985
1.375 0.0794136134388512
1.385 0.1132581591730774
1.395 0.15991937907250045
1.405 0.223557758385149
1.4149999999999998 0.3094107887518066
1.4249999999999998 0.42397301419771155
1.4349999999999998 0.575172391660528
1.4449999999999998 0.7725292000278821
1.4549999999999998 1.0272799958121364
1.4649999999999999 1.3524456261645592
1.4749999999999999 1.7628195221988585
1.4849999999999999 2.2748509379231123
1.4949999999999999 2.9063980426546947
1.505 3.6763283695820363
1.515 4.603949529408184
1.525 5.708261597068038
1.535 7.007034187767757
1.545 8.515725631103301
1.555 10.246278110411547
1.565 12.205840033385778
1.575 14.3954837434672
1.585 16.809001197018883
1.595 19.43187052043637
1.605 22.240490599391347
1.615 25.201777518147598
1.625 28.273204777207436
1.635 31.403348534803914
1.645 34.53297029690845
1.655 37.5966341260331
1.665 40.52481605105935
1.6749999999999998 43.24642316039737
1.6849999999999998 45.69160250840277
1.6949999999999998 47.794689187664304
1.7049999999999998 49.49712209869742
1.7149999999999999 50.75014771023831
1.7249999999999999 51.51713797184042
1.7349999999999999 51.77536870054091
1.7449999999999999 51.51713797184042
1.755 50.75014771023831
1.765 49.49712209869742
1.775 47.794689187664304
1.785 45.69160250840277
1.795 43.24642316039737
1.805 40.52481605105935
1.815 37.5966341260331
1.825 34.53297029690845
1.835 31.403348534803914
1.845 28.273204777207436
1.855 25.201777518147598
1.865 22.240490599391347
1.875 19.43187052043637
1.885 16.809001197018883
1.895 14.3954837434672
1.905 12.205840033385778
1.915 10.246278110411547
1.9249999999999998 8.515725631103301
1.9349999999999998 7.007034187767757
1.9449999999999998 5.708261597068038
1.9549999999999998 4.603949529408184
1.9649999999999999 3.6763283695820363
1.9749999999999999 2.9063980426546947
1.9849999999999999 2.2748509379231123
1.9949999999999999 1.7628195221988585
2.005 1.3524456261645592
2.015 1.0272799958121364
2.025 0.7725292000278821
2.035 0.575172391660528
2.045 0.42397301419771155
2.0549999999999997 0.3094107887518066
2.065 0.223557758385149
2.0749999999999997 0.15991937907250045
2.085 0.1132581591730774
2.0949999999999998 0.0794136134388512
2.105 0.055128664483368985
2.1149999999999998 0.03788934005348416
2.125 0.025781825544765245
2.135 0.017368701244904916
2.145 0.0
2.155 0.0
2.165 0.0
2.175 0.0
2.185 0.0
2.195 0.0
2.205 0.0
2.215 0.0
2.225 0.0
2.235 0.0
2.245 0.0
2.255 0.0
2.265 0.0
2.275 0.0
2.285 0.0
2.295 0.0
2.305 0.0
2.315 0.0
2.3249999999999997 0.0
2.335 0.0
2.3449999999999998 0.0
2.355 0.0
2.3649999999999998 0.0
2.375 0.0
2.385 0.0
2.395 0.006692731740023334
2.405 0.009934585188965252
2.415 0.014600008671280421
2.425 0.021242887270064303
2.435 0.03060067668606229
2.445 0.04364209309758438
2.455 0.06162219552698664
2.465 0.08614415575324988
2.475 0.11922615153463692
2.485 0.16337074424990614
2.495 0.2216328364091579
2.505 0.2976809045315435
2.515 0.39584476334290014
2.525 0.5211417734266423
2.535 0.6792723302563579
2.545 0.8765748723167246
2.555 1.1259183304053229
2.565 1.4254980980504466
2.5749999999999997 1.7871149129396517
2.585 2.21858565693841
2.5949999999999998 2.72741730508162
2.605 3.3204331131144076
2.6149999999999998 4.003357623996319
2.625 4.780379617170386
2.635 5.653717846002236
2.645 6.623219040661203
2.655 7.686020486153661
2.665 8.836309865819956
2.675 10.065212487932438
2.685 11.36083022931104
2.695 12.708447599104376
2.705 14.0909086832818
2.715 15.48915519079681
2.725 16.88290153938578
2.735 18.25140929234009
2.745 19.574311794408874
2.755 20.832431997245624
2.765 22.008533403359746
2.775 23.08794655680873
2.785 24.05902176818896
2.795 24.91337233634857
2.805 25.645890329555833
2.815 26.25453736144048
2.8249999999999997 26.73993368810147
2.835 27.10478813398607
2.8449999999999998 27.353226685438116
2.855 27.490087286317614
2.8649999999999998 27.520251230870976
2.875 27.448077129489022
2.885 27.27699210589853
2.895 27.009277851527095
2.905 26.646068263080984
2.915 26.187552919862092
2.925 25.633359086506566
2.935 24.98306659643322
2.945 24.23679681685683
2.955 23.395810222883078
2.965 22.463047450690063
2.975 21.443555782892993
2.985 20.344755820642483
2.995 19.176520000832937
3.005 17.951053632793425
3.015 16.682588146413014
3.025 15.391370320066871
3.035 14.087404369160737
3.045 12.79100476361232
3.055 11.519237395990265
3.065 10.288270062772341
3.075 9.112830997400966
3.085 8.005783186379098
3.0949999999999998 6.977837256295971
3.105 6.041668466438757
3.1149999999999998 5.19696073811774
3.125 4.45079943100953
3.135 3.805617352926962
3.145 3.2623790460108975
3.155 2.8209743596744694
3.165 2.480625629234697
3.175 2.2402756659333805
3.185 2.0989272092218987
3.195 2.0559094219229377
3.205 2.106589047900096
3.215 2.2618138523447286
3.225 2.5160480131753475
3.235 2.870778245125
3.245 3.3275941341136464
3.255 3.887871922209814
3.265 4.552388990963255
3.275 5.320893466927487
3.285 6.191656801250051
3.295 7.161039384263414
3.305 8.223100042560628
3.315 9.369279453751282
3.325 10.588184987019408
3.335 11.865500212783667
3.3449999999999998 13.184036418133669
3.355 14.523936145256155
3.3649999999999998 15.859036814443337
3.375 17.174705095503924
3.385 18.439996289822957
3.395 19.629462478757763
3.405 20.71799235476489
3.415 21.681671322287663
3.425 22.49863412377737
3.435 23.149868707507324
3.445 23.619931408555104
3.455 23.897537301268116
3.465 23.975995579307966
3.475 23.85346765701581
3.485 23.533034872186676
3.495 23.022572630043648
3.505 22.33443794141109
3.515 21.48498695117979
3.525 20.493947638438453
3.535 19.383679882240884
3.545 18.178360117343725
3.555 16.903130574698164
3.565 15.583253485000615
3.575 14.243308653279703
3.585 12.906468679972486
3.5949999999999998 11.59388014611379
3.605 10.324171754139563
3.6149999999999998 9.113102262915683
3.625 7.973352658545404
3.635 6.9144589374965015
3.645 5.942874668626678
3.655 5.062146574196282
3.665 4.27318202923647
3.675 3.574584781373802
3.685 2.9630343487054893
3.695 2.4336853332655646
3.705 1.9805650494504667
3.715 1.5969510861996625
3.725 1.2757143302228895
3.735 1.0096172001913641
3.745 0.7915610312595608
3.755 0.614780412857461
3.765 0.4729856001680108
3.775 0.3604567514191028
3.785 0.2720956288537313
3.795 0.20344155148633872
3.805 0.15065886959940433
3.815 0.11050315107372172
3.825 0.08027275684885267
3.835 0.054778932865430015
3.8449999999999998 0.039185457008392065
3.855 0.027751938213280716
3.8649999999999998 0.019458922072717585
3.875 0.013508318532576134
3.885 0.009284122501932977
3.895 0.006317387063041618
3.905 0.004255897564580168
3.915 0.0
3.925 0.0
3.935 0.0
3.945 0.0
3.955 0.0
3.965 0.0
3.975 0.0027315628764002435
3.985 0.004054688750234978
3.995 0.005958828656331623
4.005 0.008670044536143423
4.015 0.012489320605592174
4.025 0.017812027432814626
4.035 0.025150403183978057
4.045 0.03515876431551064
4.055 0.0486608072874812
4.065 0.06667792426435522
4.075 0.09045693920557965
4.085 0.124094315727076
4.095 0.16541780541381915
4.1049999999999995 0.21836824778145794
4.115 0.2854873039159933
4.125 0.3696483371799223
4.135 0.47403610326462786
4.145 0.6021053050399295
4.155 0.7575150505202648
4.165 0.9440372551956747
4.175 1.165438438240199
4.185 1.4253361340736863
4.195 1.727033185461203
4.205 2.0733353615758476
4.215 2.466359871521196
4.225 2.907344209468253
4.235 3.3964661526239235
4.245 3.932686436063067
4.255 4.5136254923888135
4.265 5.1354845833498
4.275 5.793019669662346
4.285 6.479573569821385
4.295 7.187168552355826
4.305 7.90665777444445
4.315 8.627930261327752
4.325 9.34016076718747
4.335 10.032093190075773
4.345 10.69234447872541
4.355 11.309715307655146
4.365 11.875796943088844
4.375 12.377161460715122
4.385 12.806579153466998
4.395 13.156586861525888
4.405 13.421219680575668
4.415 13.59616715358947
4.425 13.678889517948438
4.435 13.668694773042706
4.445 13.566777654724824
4.455 13.376221287932566
4.465 13.104170573656837
4.475 12.753992274906498
4.485 12.335675402071853
4.495 11.859292867178912
4.505 11.336289352137115
4.515 10.779254190732152
4.525 10.201653698307831
4.535 9.617526128169073
4.545 9.04114486868852
4.555 8.486657984059029
4.565 7.9677144699564995
4.575 7.497089395287565
4.585 7.086321241740757
4.595 6.745375118340095
4.605 6.484432260367802
4.615 6.306305766695901
4.625 6.216189332060706
4.635 6.215510046098824
4.645 6.303290644606585
4.655 6.476197858914579
4.665 6.7286678738058185
4.675 7.053104685417839
4.685 7.440144197718515
4.695 7.878974224223477
4.705 8.357698274280809
4.715 8.863729194485984
4.725 9.384197487210383
4.735 9.906358503924704
4.745 10.417982751318945
4.755 10.907714264160376
4.765 11.365383368814365
4.775 11.782262131516218
4.785 12.151376161714154
4.795 12.470627265526286
4.805 12.7322889358353
4.815 12.93618375938101
4.825 13.08256193023552
4.835 13.173251342967244
4.845 13.211463675197086
4.855 13.201561530695553
4.865 13.150687487916635
4.875 13.06186762277467
4.885 12.942730302766336
4.895 12.798086347870676
4.905 12.638520138559702
4.915 12.467885028229615
4.925 12.292357191242527
4.935 12.117802547287338
4.945 11.949788296188114
4.955 11.795453057596994
4.965 11.65716451923865
4.975 11.541267380306355
4.985 11.452867793446906
4.995 11.397076416769181
5.005 11.378983970942539
5.015 11.403573529042095
5.025 11.47556430519409
5.035 11.599189561766982
5.045 11.77791956904942
5.055 12.014148425704473
5.065 12.308870066723435
5.075 12.661373126827051
5.085 13.06898586981788
5.095 13.526900801974854
5.105 14.028103862497765
5.115 14.563425580523372
5.125 15.12172198291872
5.135 15.690182258801968
5.145 16.254749314577964
5.155 16.800629494453247
5.165 17.31285990485429
5.175 17.775360899918866
5.185 18.178172281980814
5.195 18.507019847869465
5.205 18.75184999257453
5.215 18.904855027693934
5.225 18.960675817661418
5.235 18.916474886147277
5.245 18.771885844207
5.255 18.52885378271915
5.265 18.191388091024166
5.275 17.763780109173716
5.285 17.25665365615685
5.295 16.676108340767932
5.305 16.031155936573242
5.315 15.331212746062127
5.325 14.585844185434503
5.335 13.804558289099823
5.345 12.996647981541177
5.355 12.171077128189346
5.365 11.336401988896135
5.375 10.500717945428033
5.385 9.671621231192518
5.395 8.856176641234121
5.405 8.060884485122987
5.415 7.290250825295976
5.425 6.552785583959728
5.435 5.851030158265034
5.445 5.190385809156326
5.455 4.57161076287168
5.465 3.998078696160144
5.475 3.4713467459535585
5.485 2.992195027060257
5.495 2.560669057065878
5.505 2.1761461763540115
5.515 1.8374242086990176
5.525 1.54282868735211
5.535 1.2903334161621483
5.545 1.077688051048976
5.555 0.9025458164677713
5.565 0.7625844012918291
5.575 0.6556134544935511
5.585 0.5796628447007983
5.595 0.5317497521144673
5.605 0.5137020971258953
5.615 0.5248719732628181
5.625 0.5615626492362563
5.635 0.6245402897525738
5.645 0.7138240296073893
5.655 0.8295703383183453
5.665 0.9719768777272096
5.675 1.1399187226253478
5.685 1.336300146323531
5.695 1.5589841867148917
5.705 1.807343670661472
5.715 2.080316685817844
5.725 2.3763763681360786
5.735 2.693533608755755
5.745 3.029374771629162
5.755 3.381133377731894
5.765 3.7445752399895023
5.775 4.119398729343863
5.785 4.500698072800799
5.795 4.8855109538161035
5.805 5.271115764752649
5.815 5.655121504952833
5.825 6.035515506585077
5.835 6.410660768554746
5.845 6.77923930876849
5.855 7.140143484204289
5.865 7.4923231422398455
5.875 7.834602119474715
5.885 8.165482327408807
5.895 8.482956837324764
5.905 8.784354508300401
5.915 9.066237501571903
5.925 9.324369451543717
5.935 9.555069140531149
5.945 9.750768691039056
5.955 9.906436372083629
5.965 10.017396673866747
5.975 10.07601622897062
5.985 10.07822837812759
5.995 10.020185299122833
6.005 9.89947631403526
6.015 9.71542698968766
6.025 9.469315610973371
6.035 9.165751885389165
6.045 8.808243902537562
6.055 8.405101757633437
6.065 7.965578555528051
6.075 7.500418667936733
6.085 7.021494055964697
6.095 6.541393819673322
6.105 6.072991119322577
6.115 5.629010585185611
6.125 5.221616506854434
6.135 4.8620379877347295
6.1450000000000005 4.560242480342127
6.155 4.324664308349334
6.165 4.161990488310435
6.175 4.077002809439459
6.185 4.07247295814479
6.195 4.149106535563279
6.205 4.305531977621948
6.215 4.538331364858598
6.225 4.842111521881309
6.235 5.209615235799104
6.245 5.6318734769686
6.255 6.097379147154534
6.265 6.596754153110895
6.275 7.1157514077899515
6.285 7.640959071051546
6.295 8.158626764549565
6.305 8.655046100912685
6.315 9.116943550891111
6.325 9.531871574100128
6.335 9.888582290721331
6.345 10.177367392851423
6.355 10.390348612306589
6.365 10.521704876516267
6.375 10.568964238525638
6.385 10.529070686567634
6.3950000000000005 10.40379241052694
6.405 10.196334309454773
6.415 9.910964203913771
6.425 9.556013077459195
6.435 9.140876811917982
6.445 8.673921731443354
6.455 8.165776940308426
6.465 7.627543284750925
6.475 7.070455232709635
6.485 6.505564384204529
6.495 5.943455921241794
6.505 5.394006342751453
6.515 4.866187634774578
6.525 4.367919831834012
6.535 3.905970950891457
6.545 3.4859007169887852
6.555 3.1120425052085907
6.565 2.787516606681631
6.575 2.5142673436232954
6.585 2.2931167085219766
6.595 2.1238280249371577
6.605 2.005174504349713
6.615 1.935009338091606
6.625 1.910335911408857
6.635 1.9273786340184609
6.6450000000000005 1.9816565246923221
6.655 2.068062866398513
6.665 2.1809548088485973
6.675 2.314256647023777
6.685 2.4615796353842168
6.695 2.616359679353416
6.705 2.772012229154393
6.715 2.922101403067413
6.725 3.0605180486178467
6.735 3.181659387574466
6.745 3.279732414019969
6.755 3.352680049942885
6.765 3.3961142582322768
6.775 3.407132709428729
6.785 3.3868055204426377
6.795 3.334044812397499
6.805 3.2501040993832784
6.815 3.137202752094953
6.825 2.9995380428403364
6.835 2.8391196185330485
6.845 2.66016390170011
6.855 2.469259859394193
6.865 2.269932770565764
6.875 2.066906993086477
6.885 1.8646875193306283
6.8950000000000005 1.6674321507675758
6.905 1.478856823804915
6.915 1.3021764130213014
6.925 1.1400805393918698
6.935 0.9947413542501552
6.945 0.8678481346130752
6.955 0.7606619403791569
6.965 0.674082621343095
6.975 0.6087201411496541
6.985 0.5649624791556483
6.995 0.5430332161169172
