0.005 0.0
0.015 0.0
0.025 0.0
0.034999999999999996 0.0
0.045 0.0
0.055 0.0
0.065 0.0
0.07500000000000001 0.0
0.085 0.0
0.095 0.0
0.10500000000000001 0.0
0.115 0.0
0.125 0.0
0.135 0.0
0.14500000000000002 0.0
0.155 0.0
0.165 0.0
0.17500000000000002 0.0
0.185 0.0
0.195 0.0
0.20500000000000002 0.0
0.215 0.0
0.225 0.0
0.23500000000000001 0.0
0.245 0.0
0.255 0.0
0.265 0.0
0.275 0.0
0.28500000000000003 0.0
0.295 0.0
0.305 0.0
0.315 0.0
0.325 0.0
0.335 0.0
0.34500000000000003 0.0
0.35500000000000004 0.0
0.365 0.0
0.375 0.0
0.385 0.0
0.395 0.0
0.405 0.0
0.41500000000000004 0.0
0.425 0.0
0.435 0.0
0.445 0.0
0.455 0.0
0.465 0.0
0.47500000000000003 0.0
0.485 0.0
0.495 0.0
0.505 0.0
0.515 0.0
0.525 0.0
0.535 0.0
0.545 0.0
0.555 0.0
0.5650000000000001 0.0
0.5750000000000001 0.0
0.585 0.0
0.595 0.0
0.605 0.0
0.615 0.0
0.625 0.0
0.635 0.0
0.645 0.0
0.655 0.0
0.665 0.0
0.675 0.0
0.685 0.0
0.6950000000000001 0.0
0.7050000000000001 0.0
0.715 0.0
0.725 0.0
0.735 0.0
0.745 0.0
0.755 0.0
0.765 0.0
0.775 0.0
0.785 0.0
0.795 0.0
0.805 0.0
0.8150000000000001 0.0
0.8250000000000001 0.0
0.8350000000000001 0.0
0.845 0.0
0.855 0.0
0.865 0.0
0.875 0.0
0.885 0.0
0.895 0.0
0.905 0.0
0.915 0.0
0.925 0.0
0.935 0.0
0.9450000000000001 0.0
0.9550000000000001 0.0
0.965 0.0
0.975 0.0
0.985 0.0
0.995 0.0
1.005 0.0
1.015 0.0
1.025 0.0
1.035 0.0
1.045 0.0
1.055 0.0
1.065 0.0
1.075 0.0
1.085 0.0
1.095 0.0
1.105 0.0
1.115 0.0
1.125 0.0
1.135 0.0
1.145 0.0
1.155 0.0
1.1649999999999998 0.0
1.1749999999999998 0.0
1.1849999999999998 0.0
1.1949999999999998 0.0
1.2049999999999998 0.0
1.2149999999999999 0.0
1.2249999999999999 0.0
1.2349999999999999 0.0
1.2449999999999999 0.0
1.255 0.0
1.265 0.0
1.275 0.0
1.285 0.0
1.295 0.0
1.305 0.0
1.315 0.0
1.325 0.0
1.335 0.0
1.345 0.0
1.355 0.0
1.365 0.0
1.375 0.0
1.385 0.0
1.395 0.0
1.405 0.0
1.4149999999999998 0.015871323659765357
1.4249999999999998 0.02355914192954475
1.4349999999999998 0.03462285238052354
1.4449999999999998 0.0503759529632551
1.4549999999999998 0.072567265917435
1.4649999999999999 0.10349403078554564
1.4749999999999999 0.14613252821496478
1.4849999999999999 0.20428456278636087
1.4949999999999999 0.2827360953971025
1.505 0.3874217672615055
1.515 0.5255860561758163
1.525 0.7059284858077051
1.535 0.938716894996375
1.545 1.2358495872792157
1.555 1.6108446334626427
1.565 2.078733176672598
1.575 2.6558338109830104
1.585 3.359387475809703
1.595 4.207037248446939
1.605 5.216145183466302
1.615 6.402948955191839
1.625 7.781574211177585
1.635 9.362933584110994
1.645 11.153559208465008
1.655 13.154430979603697
1.665 15.359876057142145
1.6749999999999998 17.75662451646868
1.6849999999999998 20.323109925012776
1.6949999999999998 23.029100573035297
1.7049999999999998 25.835736224060998
1.7149999999999999 28.696026350415796
1.7249999999999999 31.555839483166714
1.7349999999999999 34.35538099931878
1.7449999999999999 37.03112067676873
1.755 39.518094613273824
1.765 41.75247197351266
1.775 43.67424890435213
1.785 45.22991293236743
1.795 46.37491362955972
1.805 47.07578069579164
1.815 47.311749028501886
1.825 47.07578069579164
1.835 46.37491362955972
1.845 45.22991293236743
1.855 43.67424890435213
1.865 41.75247197351266
1.875 39.518094613273824
1.885 37.03112067676873
1.895 34.35538099931878
1.905 31.555839483166714
1.915 28.696026350415796
1.9249999999999998 25.835736224060998
1.9349999999999998 23.029100573035297
1.9449999999999998 20.323109925012776
1.9549999999999998 17.75662451646868
1.9649999999999999 15.359876057142145
1.9749999999999999 13.154430979603697
1.9849999999999999 11.153559208465008
1.9949999999999999 9.362933584110994
2.005 7.781574211177585
2.015 6.402948955191839
2.025 5.216145183466302
2.035 4.207037248446939
2.045 3.359387475809703
2.0549999999999997 2.6558338109830104
2.065 2.078733176672598
2.0749999999999997 1.6108446334626427
2.085 1.2358495872792157
2.0949999999999998 0.938716894996375
2.105 0.7059284858077051
2.1149999999999998 0.5255860561758163
2.125 0.3874217672615055
2.135 0.2827360953971025
2.145 0.20428456278636087
2.155 0.14613252821496478
2.165 0.10349403078554564
2.175 0.072567265917435
2.185 0.0503759529632551
2.195 0.03462285238052354
2.205 0.02355914192954475
2.215 0.015871323659765357
2.225 0.0
2.235 0.0
2.245 0.0
2.255 0.0
2.265 0.0
2.275 0.0
2.285 0.0
2.295 0.0
2.305 0.0
2.315 0.0
2.3249999999999997 0.00704099449799415
2.335 0.010451540921183649
2.3449999999999998 0.01535973421889967
2.355 0.022348281419316423
2.3649999999999998 0.032193012442586155
2.375 0.04591305154865938
2.385 0.06482876596788863
2.395 0.09062675007064737
2.405 0.12543019944341421
2.415 0.17187189866253152
2.425 0.23316571503974218
2.435 0.31317101781181095
2.445 0.4164429277942999
2.455 0.5482598887728779
2.465 0.7146189218033722
2.475 0.9221882921368166
2.485 1.1782074168220114
2.495 1.4903248929242912
2.505 1.866367717915298
2.515 2.3140382191706808
2.525 2.8405399153147664
2.535 3.4521393666446447
2.545 4.153677743837579
2.555 4.948052897373472
2.565 5.835699538182232
2.5749999999999997 6.814101024375985
2.585 7.8773704199825
2.5949999999999998 9.015940209630934
2.605 10.216398701486291
2.6149999999999998 11.46150633084191
2.625 12.7304166923252
2.635 13.999115445160557
2.645 15.241075903827452
2.655 16.42811415916527
2.665 17.531410278566952
2.675 18.522646991845406
2.685 19.37520479272468
2.695 20.065343945374604
2.705 20.573300545715878
2.715 20.88422616622189
2.725 20.988908785512525
2.735 20.88422616622189
2.745 20.573300545715878
2.755 20.065343945374604
2.765 19.37520479272468
2.775 18.522646991845406
2.785 17.531410278566952
2.795 16.42811415916527
2.805 15.241075903827452
2.815 13.999115445160557
2.8249999999999997 12.7304166923252
2.835 11.46150633084191
2.8449999999999998 10.216398701486291
2.855 9.015940209630934
2.8649999999999998 7.8773704199825
2.875 6.814101024375985
2.885 5.835699538182232
2.895 4.948052897373472
2.905 4.153677743837579
2.915 3.4521393666446447
2.925 2.8405399153147664
2.935 2.3140382191706808
2.945 1.866367717915298
2.955 1.4903248929242912
2.965 1.1782074168220114
2.975 0.9221882921368166
2.985 0.7146189218033722
2.995 0.5482598887728779
3.005 0.4164429277942999
3.015 0.31317101781181095
3.025 0.23316571503974218
3.035 0.17187189866253152
3.045 0.12543019944341421
3.055 0.09062675007064737
3.065 0.06918349088390055
3.075 0.05237713636979687
3.085 0.04169272407074014
3.0949999999999998 0.03617028027962917
3.105 0.03527051719780268
3.1149999999999998 0.038847914417292115
3.125 0.04713638762961717
3.135 0.05605096932006735
3.145 0.0775762592759001
3.155 0.10629959158201625
3.165 0.14420868374951312
3.175 0.1936904842954244
3.185 0.25756225122451404
3.195 0.33908860442503336
3.205 0.4419785905410466
3.215 0.5703564083407143
3.225 0.728699503419086
3.235 0.9217383916461056
3.245 1.1543139262445716
3.255 1.4311898542879369
3.265 1.7568214188594409
3.275 2.1350843716403554
3.285 2.568972887186129
3.295 3.060279232440202
3.305 3.6092722680753515
3.315 4.214395497614135
3.325 4.87200796000133
3.335 5.57619232387393
3.3449999999999998 6.318653705800855
3.355 7.088729753753472
3.3649999999999998 7.873527351438168
3.375 8.658194073086552
3.385 9.426323654156253
3.395 10.160484867923929
3.405 10.842853118924053
3.415 11.455914699104119
3.425 11.983205936000694
3.435 12.410044241926958
3.445 12.724206007624831
3.455 12.916507755201785
3.465 12.981252019755349
3.475 12.916507755201785
3.485 12.724206007624831
3.495 12.410044241926958
3.505 11.983205936000694
3.515 11.455914699104119
3.525 10.842853118924053
3.535 10.160484867923929
3.545 9.426323654156253
3.555 8.658194073086552
3.565 7.873527351438168
3.575 7.088729753753472
3.585 6.318653705800855
3.5949999999999998 5.57619232387393
3.605 4.87200796000133
3.6149999999999998 4.214395497614135
3.625 3.6092722680753515
3.635 3.060279232440202
3.645 2.568972887186129
3.655 2.1350843716403554
3.665 1.7568214188594409
3.675 1.4311898542879369
3.685 1.1543139262445716
3.695 0.9217383916461056
3.705 0.728699503419086
3.715 0.5703564083407143
3.725 0.4419785905410466
3.735 0.33908860442503336
3.745 0.25756225122451404
3.755 0.1936904842954244
3.765 0.14420868374951312
3.775 0.10629959158201625
3.785 0.0775762592759001
3.795 0.05605096932006735
3.805 0.040095393131623025
3.815 0.028396373496108466
3.825 0.01991078297890301
3.835 0.013821998860312745
3.8449999999999998 0.009499711628153988
3.855 0.006464084821137495
3.8649999999999998 0.00435472491601192
3.875 0.0
3.885 0.0
3.895 0.0
3.905 0.0
3.915 0.0
3.925 0.0
3.935 0.0
3.945 0.0
3.955 0.0
3.965 0.0
3.975 0.0
3.985 0.0
3.995 0.0
4.005 0.005388966566482456
4.015 0.007999296776687913
4.025 0.011755881104478548
4.035 0.017104706078288623
4.045 0.024639568711049806
4.055 0.035140476225538515
4.065 0.0496179982027814
4.075 0.0693630035215639
4.085 0.09600052257111523
4.095 0.13154560990980804
4.1049999999999995 0.17845806343934884
4.115 0.23969172892549714
4.125 0.31873295957991166
4.135 0.4196217183782954
4.145 0.5469479458436175
4.155 0.7058153327264522
4.165 0.901764712278114
4.175 1.1406500918944795
4.185 1.4284620213057944
4.195 1.7710956314801767
4.205 2.1740642800887047
4.215 2.6421642049266896
4.225 3.179100693213124
4.235 3.7870916730198587
4.245 4.466469859088829
4.255 5.215309089001158
4.265 6.029103678063806
4.275 6.9005309362118314
4.285 7.819325955708217
4.295 8.772294089425857
4.305 9.745841949304802
4.315 10.718010054905386
4.325 11.6702158397705
4.335 12.581083645813916
4.345 13.428815802657684
4.355 14.194393391008477
4.365 14.854380803283112
4.375 15.392858285454714
4.385 15.795602713853636
4.395 16.05238748556673
4.405 16.157574755611776
4.415 16.1105030791376
4.425 15.915644005019754
4.435 15.582516041141593
4.445 15.125360031435545
4.455 14.562594980681023
4.465 13.916086460228815
4.475 13.210269886841093
4.485 12.47117749272509
4.495 11.725420410219629
4.505 10.99917610962147
4.515 10.31722695792145
4.525 9.702088700484294
4.535 9.173259164133285
4.545 8.746608429262475
4.555 8.433923017047851
4.565 8.242608983776586
4.575 8.175552639622568
4.585 8.231133055023239
4.595 8.403377454526693
4.605 8.682248683535892
4.615 9.054052699066016
4.625 9.501952984720095
4.635 10.006577493823414
4.645 10.546701901248735
4.655 11.099990509911471
4.665 11.643773242164674
4.675 12.15583407360332
4.685 12.615183504194732
4.695 13.002785744554123
4.705 13.302210740997937
4.715 13.500182386236709
4.725 13.586997503420092
4.735 13.556795467885213
4.745 13.407665421898123
4.755 13.141586496454044
4.765 12.764205654009043
4.775 12.284466967954607
4.785 11.716059367444036
4.795 11.069985412429771
4.805 10.363160431425065
4.815 9.60851523034226
4.825 8.833144605860632
4.835 8.045331224924462
4.845 7.262082529411284
4.855 6.497777890060817
4.865 5.765136041645288
4.875 5.075022925418573
4.885 4.4363759694734
4.895 3.856235940430568
4.905 3.3398711382933177
4.915 2.890973877618278
4.925 2.5119060858595805
4.935 2.203969494938814
4.945 1.9676762247806825
4.955 1.8029973855788348
4.965 1.709570425798227
4.975 1.686850059794939
4.985 1.7341924465220528
4.995 1.8508675866384237
5.005 2.0360003958856536
5.015 2.2884463419476777
5.025 2.6066126470917217
5.035 2.9882406048192074
5.045 3.4301682780341975
5.055 3.9280954847621827
5.065 4.476374298772698
5.075 5.067848099942446
5.085 5.6937603738235625
5.095 6.343750949711847
5.105 7.005952272688927
5.115 7.665616575133514
5.125 8.312259437081853
5.135 8.928831100958028
5.145 9.500509129976908
5.155 10.012879171658412
5.165 10.450959228298652
5.175 10.806450632871128
5.185 11.067256165732871
5.195 11.226056353423054
5.205 11.278337900737803
5.215 11.222606542560914
5.225 11.060457906568278
5.235 10.796501703366788
5.245 10.43814426441509
5.255 9.995243726319531
5.265 9.479660235007668
5.275 8.904729760265502
5.285 8.284694003283422
5.295 7.634120210161397
5.305 6.967343481078933
5.315 6.297960629557261
5.325 5.638399236667672
5.335 4.9995788389697156
5.345 4.390673836743971
5.355 3.8189803634451174
5.365 3.2898826089094557
5.375 2.8069084145402545
5.385 2.371859687096952
5.395 1.9850004743930811
5.405 1.6452844177570536
5.415 1.3506036104281867
5.425 1.098042409385211
5.435 0.8841221635572871
5.445 0.7050257987238713
5.455 0.5567944114552675
5.465 0.4354911814271809
5.475 0.33733078152586826
5.485 0.2587748852440971
5.495 0.19659624835974532
5.505 0.1479151490043341
5.515 0.1102127329424496
5.525 0.08132609484846698
5.535 0.059429821986899285
5.545 0.04300833514622766
5.555 0.030822783124278812
5.565 0.023344993804583932
5.575 0.017556099503712615
5.585 0.013906615850422705
5.595 0.010742598332137192
5.605 0.010896297369327559
5.615 0.012424600355638226
5.625 0.015444568274985082
5.635 0.018913369581987496
5.645 0.0276074694962158
5.655 0.03799268045256428
5.665 0.05178179109178678
5.675 0.06989864405440449
5.685 0.09345152612573511
5.695 0.12374911749280611
5.705 0.16231127696450623
5.715 0.2108723690879016
5.725 0.2713746759182031
5.735 0.34594942598135797
5.745 0.4368831597731233
5.755 0.5465675708881592
5.765 0.6774316362022891
5.775 0.8318557788773292
5.785 1.0120689707206492
5.795 1.2200310240898644
5.805 1.4573037685030434
5.815 1.7249162489022352
5.825 2.0232303983515756
5.835 2.3518146966260685
5.845 2.7093340003198616
5.855 3.093463909831168
5.865 3.500837644583412
5.875 3.92703239282152
5.885 4.366600498800305
5.895 4.813148713632572
5.905 5.2594661826737354
5.915 5.697699031363068
5.925 6.119566532961112
5.935 6.516611100684312
5.945 6.880471945972071
5.955 7.2031703669243345
5.965 7.477393424125362
5.975 7.698048817730206
5.985 7.857981875646243
5.995 7.955576241920239
6.005 7.98669023442689
6.015 7.951697262568034
6.025 7.851827525326524
6.035 7.690001187597223
6.045 7.470749183082953
6.055 7.200079312629665
6.065 6.88529517564336
6.075 6.534777457107431
6.085 6.1577383608491365
6.095 5.763960454951161
6.105 5.363530865491556
6.115 4.966580676652549
6.125 4.5830376928533045
6.135 4.222398576471295
6.1450000000000005 3.8947445528552285
6.155 3.606270073206482
6.165 3.36493532038117
6.175 3.1768044936354727
6.185 3.046751025809382
6.195 2.9783661209921712
6.205 2.973882736639189
6.215 3.0341145088201618
6.225 3.1584110070316056
6.235 3.344632749126408
6.245 3.5891512658632196
6.255 3.886880827813135
6.265 4.231348921094709
6.275 4.614811951225479
6.285 5.028420856611238
6.295 5.46243836414681
6.305 5.906505717529223
6.315 6.3499522018777625
6.325 6.782136142452581
6.335 7.192801806612741
6.345 7.572433329756432
6.355 7.912584899543559
6.365 8.20616632268685
6.375 8.446684867922636
6.385 8.632641408801089
6.3950000000000005 8.76059664269014
6.405 8.830303617231818
6.415 8.843115470125761
6.425 8.801784052889081
6.435 8.710196973280171
6.445 8.573074547167106
6.455 8.394696393488722
6.465 8.182731951860346
6.475 7.9411561379071145
6.485 7.675052872777109
6.495 7.389018685398624
6.505 7.0870646699277025
6.515 6.772585920352202
6.525 6.448392104821678
6.535 6.116787676983844
6.545 5.779686604309381
6.555 5.438744692713509
6.565 5.095492653119961
6.575 4.751454829644083
6.585 4.408241655443613
6.595 4.0676079623657575
6.605 3.7314737260406563
6.615 3.4019081666310402
6.625 3.081081899299778
6.635 2.771194699710818
6.6450000000000005 2.4743882176818905
6.655 2.19265358024478
6.665 1.9277433515036138
6.675 1.6810959467533722
6.685 1.4537785911862904
6.695 1.2464525615534665
6.705 1.0593620403527049
6.715 0.8923456981915202
6.725 0.7448682935941984
6.735 0.6160682621041726
6.745 0.5048165064277876
6.755 0.4097813789083681
6.765 0.3294950966615837
6.775 0.26241744279232526
6.785 0.20613540131679564
6.795 0.1611362158900809
6.805 0.12387641424843149
6.815 0.0950387220730705
6.825 0.07218876391362984
6.835 0.054286979464746296
6.845 0.04041837099961678
6.855 0.029793326018650243
6.865 0.02174283785588175
6.875 0.015709795096678903
6.885 0.011237814761449118
6.8950000000000005 0.007958849142559156
6.905 0.005580533657265795
6.915 0.003873987774985756
6.925 0.0026625502639150036
6.935 0.0018117340210076556
6.945 0.0012205290463809468
6.955 0.0
6.965 0.0
6.975 0.0
6.985 0.0
6.995 0.0
