0.005 0.0
0.015 0.0
0.025 0.0
0.034999999999999996 0.0
0.045 0.0
0.055 0.0
0.065 0.0
0.07500000000000001 0.0
0.085 0.0
0.095 0.0
0.10500000000000001 0.0
0.115 0.0
0.125 0.0
0.135 0.0
0.14500000000000002 0.0
0.155 0.0
0.165 0.0
0.17500000000000002 0.0
0.185 0.0
0.195 0.0
0.20500000000000002 0.0
0.215 0.0
0.225 0.0
0.23500000000000001 0.0
0.245 0.0
0.255 0.0
0.265 0.0
0.275 0.0
0.28500000000000003 0.0
0.295 0.0
0.305 0.0
0.315 0.0
0.325 0.0
0.335 0.0
0.34500000000000003 0.0
0.35500000000000004 0.0
0.365 0.0
0.375 0.0
0.385 0.0
0.395 0.0
0.405 0.0
0.41500000000000004 0.0
0.425 0.0
0.435 0.0
0.445 0.0
0.455 0.0
0.465 0.0
0.47500000000000003 0.0
0.485 0.0
0.495 0.0
0.505 0.0
0.515 0.0
0.525 0.0
0.535 0.0
0.545 0.0
0.555 0.0
0.5650000000000001 0.0
0.5750000000000001 0.0
0.585 0.0
0.595 0.0
0.605 0.0
0.615 0.0
0.625 0.0
0.635 0.0
0.645 0.0
0.655 0.0
0.665 0.0
0.675 0.0
0.685 0.0
0.6950000000000001 0.0
0.7050000000000001 0.0
0.715 0.0
0.725 0.0
0.735 0.0
0.745 0.0
0.755 0.0
0.765 0.0
0.775 0.0
0.785 0.0
0.795 0.0
0.805 0.0
0.8150000000000001 0.0
0.8250000000000001 0.0
0.8350000000000001 0.0
0.845 0.0
0.855 0.0
0.865 0.0
0.875 0.0
0.885 0.0
0.895 0.0
0.905 0.0
0.915 0.0
0.925 0.0
0.935 0.0
0.9450000000000001 0.0
0.9550000000000001 0.0
0.965 0.0
0.975 0.0
0.985 0.0
0.995 0.0
1.005 0.0
1.015 0.0
1.025 0.0
1.035 0.0
1.045 0.0
1.055 0.0
1.065 0.0
1.075 0.0
1.085 0.0
1.095 0.0
1.105 0.0
1.115 0.0
1.125 0.0
1.135 0.0
1.145 0.0
1.155 0.0
1.1649999999999998 0.0
1.1749999999999998 0.0
1.1849999999999998 0.0
1.1949999999999998 0.0
1.2049999999999998 0.0
1.2149999999999999 0.0
1.2249999999999999 0.0
1.2349999999999999 0.0
1.2449999999999999 0.0
1.255 0.0
1.265 0.0
1.275 0.0
1.285 0.0
1.295 0.0
1.305 0.0
1.315 0.0
1.325 0.0
1.335 0.0
1.345 0.0
1.355 0.0
1.365 0.0
1.375 0.0
1.385 0.0
1.395 0.0
1.405 0.0
1.4149999999999998 0.0
1.4249999999999998 0.01569786830656465
1.4349999999999998 0.02330166754542301
1.4449999999999998 0.034244464338213994
1.4549999999999998 0.049825401610300524
1.4649999999999999 0.07177418898129842
1.4749999999999999 0.10236295980187084
1.4849999999999999 0.14453546738758738
1.4949999999999999 0.2020519669581132
1.505 0.2796461143507189
1.515 0.3831876919620178
1.525 0.5198420037599202
1.535 0.6982134976022394
1.545 0.9284577966333417
1.555 1.2223431695877982
1.565 1.5932399502718482
1.575 2.0560150086672517
1.585 2.6268085953424105
1.595 3.322673226031545
1.605 4.16105915944181
1.615 5.159138702813527
1.625 6.33297207132522
1.635 7.696530535414167
1.645 9.260607465216209
1.655 11.03166360647097
1.665 13.010668145410746
1.6749999999999998 15.19201023928571
1.6849999999999998 17.562564988531236
1.6949999999999998 20.10100165693452
1.7049999999999998 22.777418932649066
1.7149999999999999 25.553381276987153
1.7249999999999999 28.382411714814456
1.7349999999999999 31.210970372030552
1.7449999999999999 33.979916112247736
1.755 36.62641302578116
1.765 39.08620719128511
1.775 41.296165371214094
1.785 43.196939485687544
1.795 44.735601891202684
1.805 45.86808904481134
1.815 46.56129643834513
1.825 46.79468590798309
1.835 46.56129643834513
1.845 45.86808904481134
1.855 44.735601891202684
1.865 43.196939485687544
1.875 41.296165371214094
1.885 39.08620719128511
1.895 36.62641302578116
1.905 33.98975678896928
1.915 31.225577716983974
1.9249999999999998 28.403878878156238
1.9349999999999998 25.584615815345654
1.9449999999999998 22.822412722692558
1.9549999999999998 20.165170929857354
1.9649999999999999 17.653171355050677
1.9749999999999999 15.318672538201508
1.9849999999999999 13.185972648800584
1.9949999999999999 11.27187623449359
2.005 9.586485922429528
2.015 8.134226481025394
2.025 6.915003519661752
2.035 5.9254009582862
2.045 5.15982911879469
2.0549999999999997 4.611547526657214
2.065 4.2735018718638065
2.0749999999999997 4.138931773552662
2.085 4.201723930874716
2.0949999999999998 4.456503065983654
2.105 4.898470133557969
2.1149999999999998 5.523013107166509
2.125 6.325129863908554
2.135 7.29871489170973
2.145 8.435771305994624
2.155 9.725616478751183
2.165 11.15415289302063
2.175 12.703275085074111
2.185 14.350478270964553
2.195 16.068724234137317
2.205 17.826605363840596
2.215 19.58882888428265
2.225 21.317021268120403
2.235 22.96035888552727
2.245 24.502354187790214
2.255 25.88773235456454
2.265 27.079289272734798
2.275 28.043845671130377
2.285 28.75377900426352
2.295 29.18833672430106
2.305 29.334643870982838
2.315 29.18833672430106
2.3249999999999997 28.75377900426352
2.335 28.043845671130377
2.3449999999999998 27.079289272734798
2.355 25.88773235456454
2.3649999999999998 24.502354187790214
2.375 22.96035888552727
2.385 21.30132339981384
2.395 19.565527216737227
2.405 17.79236089950238
2.415 16.018898832527018
2.425 14.278704081983255
2.435 12.60091212527224
2.445 11.009617425633042
2.455 9.52356451179307
2.465 8.156125191643905
2.475 6.915527199747713
2.485 5.805287860148634
2.495 4.82479960956427
2.505 3.9700123369246274
2.515 3.2341598963958558
2.525 2.6084839806028683
2.535 2.0829167648854106
2.545 1.6466932765213962
2.555 1.2888743006256684
2.565 0.9987699593528804
2.5749999999999997 0.7662622554726733
2.585 0.5820314483365318
2.5949999999999998 0.4376959456112271
2.605 0.32587845721331926
2.6149999999999998 0.24021262802261967
2.625 0.17530450338983922
2.635 0.12666229891579817
2.645 0.090606366519443
2.655 0.06416927292283298
2.665 0.04499379004349338
2.675 0.031234538358500076
2.685 0.021467163341782478
2.695 0.014607344953423678
2.705 0.009840676721544216
2.715 0.0
2.725 0.0
2.735 0.0
2.745 0.0
2.755 0.0
2.765 0.0
2.775 0.0
2.785 0.0
2.795 0.0
2.805 0.0
2.815 0.0
2.8249999999999997 0.0
2.835 0.0
2.8449999999999998 0.0
2.855 0.0
2.8649999999999998 0.0
2.875 0.0
2.885 0.0
2.895 0.0
2.905 0.0
2.915 0.0
2.925 0.0
2.935 0.0
2.945 0.0
2.955 0.0
2.965 0.0
2.975 0.0
2.985 0.0
2.995 0.0
3.005 0.0
3.015 0.0
3.025 0.0
3.035 0.0
3.045 0.0
3.055 0.0
3.065 0.0
3.075 0.0
3.085 0.0
3.0949999999999998 0.0
3.105 0.0
3.1149999999999998 0.0
3.125 0.0
3.135 0.0
3.145 0.0
3.155 0.0
3.165 0.0
3.175 0.0
3.185 0.0
3.195 0.0
3.205 0.0
3.215 0.0
3.225 0.0
3.235 0.0
3.245 0.0
3.255 0.0
3.265 0.0
3.275 0.0
3.285 0.0
3.295 0.0
3.305 0.0
3.315 0.0
3.325 0.0
3.335 0.0
3.3449999999999998 0.0
3.355 0.0
3.3649999999999998 0.0
3.375 0.0
3.385 0.0
3.395 0.0
3.405 0.0
3.415 0.0
3.425 0.0
3.435 0.0
3.445 0.0035365074107507684
3.455 0.005249535691593093
3.465 0.011214794625826483
3.475 0.016420304667031232
3.485 0.02380486512587214
3.495 0.0341700127941386
3.505 0.05199325630598804
3.515 0.07343178296979938
3.525 0.10270552362764873
3.535 0.14225899848411827
3.545 0.19513966279089012
3.555 0.2650909757196628
3.565 0.35664139674117035
3.575 0.4751819006307031
3.585 0.627022841577775
3.5949999999999998 0.8194194264134265
3.605 1.0605538962064562
3.6149999999999998 1.3594620127333075
3.625 1.72589185852559
3.635 2.170084524170985
3.645 2.702469159261262
3.655 3.3332691990647776
3.665 4.072022317246247
3.675 4.92702361009573
3.685 5.904709331082504
3.695 7.009006633942666
3.705 8.240682563211585
3.715 9.59673216023382
3.725 11.069850196136601
3.735 12.6480329109893
3.745 14.314354580171297
3.755 16.046958330164195
3.765 17.819291290649215
3.775 19.600601178703975
3.785 21.356695443099795
3.795 23.05094620699574
3.805 24.648462687896867
3.815 26.107069352868415
3.825 27.392843232258677
3.835 28.473045924634278
3.8449999999999998 29.31951777687243
3.855 29.909948252685354
3.8649999999999998 30.22891829552413
3.875 30.26865087813551
3.885 30.029423467064078
3.895 29.519617242192183
3.905 28.75540085475153
3.915 27.760069367019135
3.925 26.563079904482546
3.935 25.198842798335942
3.945 23.70533932196119
3.955 22.122643756950655
3.965 20.491428258397818
3.975 18.851524185282734
3.985 17.240604074592845
3.995 15.693035496289443
4.005 14.238943076750104
4.015 12.903499512865025
4.025 11.706451789666271
4.035 10.661876174206663
4.045 9.778145643498018
4.055 9.058086567090704
4.065 8.499297660517719
4.075 8.094603067517884
4.085 7.832612281398223
4.095 7.6983617123843455
4.1049999999999995 7.674015273847539
4.115 7.739603726971322
4.125 7.873784215894439
4.135 8.054602216065975
4.145 8.260238039791865
4.155 8.469719359610629
4.165 8.663580358317551
4.175 8.82444761669328
4.185 8.937533220264818
4.195 8.991017219273795
4.205 8.976304752919706
4.215 8.888147872155342
4.225 8.724628155231253
4.235 8.487003187051313
4.245 8.179427289363677
4.255 7.806205113664618
4.265 7.381555276377637
4.275 6.909928144106316
4.285 6.408024043755876
4.295 5.884068211315312
4.305 5.349612826906393
4.315 4.813300702248294
4.325 4.290413286427106
4.335 3.7862764360797154
4.345 3.3081299682523104
4.355 2.8616061710459775
4.365 2.4507229568645448
4.375 2.0779525655891677
4.385 1.744351870009214
4.395 1.449738311710124
4.405 1.1928949279867094
4.415 0.9717886518451602
4.425 0.7837878188071786
4.435 0.625867285383568
4.445 0.49479243156051766
4.455 0.3872762816701461
4.465 0.3001067799352188
4.475 0.23024370719439458
4.485 0.17488670153283425
4.495 0.13151729244359078
4.505 0.10226507479439681
4.515 0.07862979391606444
4.525 0.062156187017444166
4.535 0.05185427496657305
4.545 0.04709731816508464
4.555 0.047622762546831475
4.565 0.053537358887833966
4.575 0.06532772267663199
4.585 0.08387648460053077
4.595 0.1125785510543388
4.605 0.1499970457553957
4.615 0.19788695989599547
4.625 0.2637150345917548
4.635 0.34801358274258454
4.645 0.4547877840124132
4.655 0.5885468226414245
4.665 0.7542614425676561
4.675 0.95728490951339
4.685 1.2032322769592354
4.695 1.4978145834231955
4.705 1.8466270749448486
4.715 2.2548936974851643
4.725 2.7271738016970444
4.735 3.267041020028161
4.745 3.8767483030502676
4.755 4.556896763493655
4.765 5.306128864256231
4.775 6.1208681994418965
4.785 6.995128308542776
4.795 7.920411389180232
4.805 8.88571433468962
4.815 9.87765429649746
4.825 10.88071922343672
4.835 11.87764100596258
4.845 12.849880545012287
4.855 13.77820595968679
4.865 14.64333795762289
4.875 15.426630779435083
4.885 16.110753632571136
4.895 16.68033650306169
4.905 17.12254580119531
4.915 17.42755934162455
4.925 17.588916332831737
4.935 17.60372581873987
4.945 17.472725711503145
4.955 17.20019345921103
4.965 16.7937178067767
4.975 16.263848424319065
4.985 15.623645930185377
4.995 14.88815873660224
5.005 14.073855091021281
5.015 13.199821822705797
5.025 12.28092183179128
5.035 11.33574112252856
5.045 10.380951112548836
5.055 9.432092527818748
5.065 8.503251834265983
5.075 7.606825109758121
5.085 6.753370348827065
5.095 5.951544994402173
5.105 5.208121858077004
5.115 4.528073600456554
5.125 3.9147136383022305
5.135 3.3698797438456376
5.145 2.894145706301295
5.155 2.4870462277424488
5.165 2.1473007068483194
5.175 1.8730226950932984
5.185 1.6619035466535015
5.195 1.5113610628173189
5.205 1.4186466683757737
5.215 1.380907739880751
5.225 1.395204995203135
5.235 1.458488185835611
5.245 1.567536521149795
5.255 1.7188730960059027
5.265 1.9086648848953907
5.275 2.132621413489477
5.285 2.3859058570361813
5.295 2.6630719271342707
5.305 2.9580384428569895
5.315 3.2612120907362128
5.325 3.572142224579076
5.335 3.878981296262588
5.345 4.173960038575866
5.355 4.449278057522336
5.365 4.697371251139355
5.375 4.911195119292099
5.385 5.084506851187327
5.395 5.2121279625557415
5.405 5.288771977149407
5.415 5.315282057005485
5.425 5.288771977149407
5.435 5.210032420527977
5.445 5.081396261729903
5.455 4.906623752477345
5.465 4.690719951670817
5.475 4.439696767465512
5.485 4.160295388053765
5.495 3.8596869474695996
5.505 3.5451698751947895
5.515 3.22388153259426
5.525 2.902539601707605
5.535 2.5872255323109785
5.545 2.2832185185522196
5.555 1.9948843495198558
5.565 1.7256194345123952
5.575 1.4778466742771057
5.585 1.2530568907268227
5.595 1.0518874043438649
5.605 0.8742281278802791
5.615 0.7193452026673226
5.625 0.5860126389263594
5.635 0.4726434777617819
5.645 0.37741348268361974
5.655 0.29837209766652933
5.665 0.23353719492833844
5.675 0.18097182523752234
5.685 0.13884266110021784
5.695 0.10546101488609722
5.705 0.0793081864693337
5.715 0.06184388337803301
5.725 0.0476762371121659
5.735 0.037864589185713435
5.745 0.03182648263689605
5.755 0.029203316868517668
5.765 0.02986216871928605
5.775 0.033900324005106224
5.785 0.04165326522618107
5.795 0.05370616490684198
5.805 0.07090819870036585
5.815 0.09438823463133654
5.825 0.12438042616786978
5.835 0.16539636775959976
5.845 0.2177493916671992
5.855 0.2851576291843552
5.865 0.3682441203526839
5.875 0.4708573783457136
5.885 0.5961457481260782
5.895 0.7473650822273801
5.905 0.9277678940533838
5.915 1.1417768158540715
5.925 1.3902137512501294
5.935 1.676359274684773
5.945 2.001972493901502
5.955 2.3679804900758117
5.965 2.7743059851589025
5.975 3.219721280469402
5.985 3.701742355454493
5.995 4.216576095902274
6.005 4.759131376236865
6.015 5.323101161250816
6.025 5.901118077752734
6.035 6.484980348360124
6.045 7.065939028690723
6.055 7.635031699546436
6.065 8.183442741558896
6.075 8.702866649089632
6.085 9.185849022410526
6.095 9.626080254785832
6.105 10.018619634276515
6.115 10.360032493811719
6.125 10.648429802245502
6.135 10.883407605171481
6.1450000000000005 11.065892241318224
6.155 11.197905435233107
6.165 11.28227036370047
6.175 11.322284880125597
6.185 11.321390717253234
6.195 11.282867389827514
6.205 11.209576692329478
6.215 11.10377843134097
6.225 10.967030902349105
6.235 10.800181363000313
6.245 10.603443219283395
6.255 10.376548685415713
6.265 10.11895907209015
6.275 9.830110201882587
6.285 9.509668118262768
6.295 9.157770362170714
6.305 8.775230498381656
6.315 8.363687918343205
6.325 7.925690690230853
6.335 7.464705730652264
6.345 6.985057167203447
6.355 6.491799821718711
6.365 5.990539749601002
6.375 5.487217348517042
6.385 4.987870499848055
6.3950000000000005 4.498395504087199
6.405 4.024322352265888
6.415 3.57061840393831
6.425 3.14153117093106
6.435 2.740477030628602
6.445 2.36997870749904
6.455 2.0316506217538666
6.465 1.7262279954584012
6.475 1.4536331278763301
6.485 1.2130706081869533
6.495 1.0031424395889768
6.505 0.8219740409513039
6.515 0.6673427477461895
6.525 0.5349364356784858
6.535 0.426560985075069
6.545 0.33802444089493566
6.555 0.26524789465107224
6.565 0.206698895608248
6.575 0.16031048272850587
6.585 0.12531573347715508
6.595 0.09850607081232696
6.605 0.07934561066716306
6.615 0.06795133471441077
6.625 0.0620452794742991
6.635 0.062056299055448856
6.6450000000000005 0.06802313900134313
6.655 0.08139788906575757
6.665 0.1003485483339956
6.675 0.12879019731785457
6.685 0.16689944935105697
6.695 0.21654310015704517
6.705 0.2799420811472724
6.715 0.3596611798682247
6.725 0.4577102722798301
6.735 0.5792972286494024
6.745 0.7265304824653079
6.755 0.9029463724890753
6.765 1.1120904829450877
6.775 1.3573842831031104
6.785 1.641967750724338
6.795 1.9685216716858247
6.805 2.3390753928427825
6.815 2.7548078744909814
6.825 3.2158517698221796
6.835 3.7211117651449217
6.845 4.2681093625375714
6.855 4.85286651303557
6.865 5.469839890073596
6.875 6.111916063110282
6.885 6.770475393748924
6.8950000000000005 7.435529212815007
6.905 8.095930907109015
6.915 8.739657181038009
6.925 9.35415125026384
6.935 9.926715396846234
6.945 10.444936502491032
6.955 10.89712519340643
6.965 11.272747343865337
6.975 11.562826089267556
6.985 11.760293293337094
6.995 11.860271592778341
