0.005 0.0
0.015 0.0
0.025 0.0
0.034999999999999996 0.0
0.045 0.0
0.055 0.0
0.065 0.0
0.07500000000000001 0.0
0.085 0.0
0.095 0.0
0.10500000000000001 0.0
0.115 0.0
0.125 0.0
0.135 0.0
0.14500000000000002 0.0
0.155 0.0
0.165 0.0
0.17500000000000002 0.0
0.185 0.0
0.195 0.0
0.20500000000000002 0.0
0.215 0.0
0.225 0.0
0.23500000000000001 0.0
0.245 0.0
0.255 0.0
0.265 0.0
0.275 0.0
0.28500000000000003 0.0
0.295 0.0
0.305 0.0
0.315 0.0
0.325 0.0
0.335 0.0
0.34500000000000003 0.0
0.35500000000000004 0.0
0.365 0.0
0.375 0.0
0.385 0.0
0.395 0.0
0.405 0.0
0.41500000000000004 0.0
0.425 0.0
0.435 0.0
0.445 0.0
0.455 0.0
0.465 0.0
0.47500000000000003 0.0
0.485 0.0
0.495 0.0
0.505 0.0
0.515 0.0
0.525 0.0
0.535 0.0
0.545 0.0
0.555 0.0
0.5650000000000001 0.0
0.5750000000000001 0.0
0.585 0.0
0.595 0.0
0.605 0.0
0.615 0.0
0.625 0.0
0.635 0.0
0.645 0.0
0.655 0.0
0.665 0.0
0.675 0.0
0.685 0.0
0.6950000000000001 0.0
0.7050000000000001 0.0
0.715 0.0
0.725 0.0
0.735 0.0
0.745 0.0
0.755 0.0
0.765 0.0
0.775 0.0
0.785 0.0
0.795 0.0
0.805 0.0
0.8150000000000001 0.0
0.8250000000000001 0.0
0.8350000000000001 0.0
0.845 0.0
0.855 0.0
0.865 0.0
0.875 0.0
0.885 0.0
0.895 0.0
0.905 0.0
0.915 0.0
0.925 0.0
0.935 0.0
0.9450000000000001 0.0
0.9550000000000001 0.0
0.965 0.0
0.975 0.0
0.985 0.0
0.995 0.0
1.005 0.0
1.015 0.0
1.025 0.0
1.035 0.0
1.045 0.0
1.055 0.0
1.065 0.0
1.075 0.0
1.085 0.0
1.095 0.0
1.105 0.0
1.115 0.0
1.125 0.0
1.135 0.0
1.145 0.0
1.155 0.0
1.1649999999999998 0.0
1.1749999999999998 0.0
1.1849999999999998 0.0
1.1949999999999998 0.0
1.2049999999999998 0.0
1.2149999999999999 0.0
1.2249999999999999 0.0
1.2349999999999999 0.0
1.2449999999999999 0.0
1.255 0.0
1.265 0.0
1.275 0.0
1.285 0.0
1.295 0.0
1.305 0.0
1.315 0.0
1.325 0.0
1.335 0.0
1.345 0.0
1.355 0.0
1.365 0.0
1.375 0.01659470903547044
1.385 0.02463292374518476
1.395 0.036200897514891174
1.405 0.052671995085640036
1.4149999999999998 0.07587474675803114
1.4249999999999998 0.10821109597481052
1.4349999999999998 0.15279297671262201
1.4449999999999998 0.21359547272493024
1.4549999999999998 0.29562268009404924
1.4649999999999999 0.40507972992893276
1.4749999999999999 0.5495412898325985
1.4849999999999999 0.738103391560618
1.4949999999999999 0.9960614168446897
1.505 1.3137892816457284
1.515 1.7160251951003576
1.525 2.2196903287905574
1.535 2.843451329466823
1.545 3.6074423184500564
1.555 4.532840801785725
1.565 5.641287748432742
1.575 6.954151315441729
1.585 8.491645112384774
1.595 10.271824868922302
1.605 12.309500947435746
1.615 14.615117103923259
1.625 17.193656845621458
1.635 20.043646227599325
1.645 23.15632467401551
1.655 26.515052427398352
1.665 30.095014044578253
1.6749999999999998 33.86326212871491
1.6849999999999998 37.77912507479593
1.6949999999999998 41.794978557853916
1.7049999999999998 45.85735492504902
1.7149999999999999 49.90834004072301
1.7249999999999999 53.88718603051776
1.7349999999999999 57.73205308413122
1.7449999999999999 61.381785750857325
1.755 64.77762991585786
1.765 67.86480580470355
1.775 70.59386883041785
1.785 72.92181185919146
1.795 74.81288685251944
1.805 76.23914786114801
1.815 77.18073811999255
1.825 77.6259591527207
1.835 77.57116781572805
1.845 77.02054762871168
1.855 75.98579420122171
1.865 74.4857427180058
1.875 72.54595066884006
1.885 70.19823403465674
1.895 67.48014263543251
1.905 64.43435249490241
1.915 61.10795127143328
1.9249999999999998 57.55159744029729
1.9349999999999998 53.81854436152406
1.9449999999999998 49.963535099716964
1.9549999999999998 46.041590703940216
1.9649999999999999 42.106731133398796
1.9749999999999999 38.21068172841348
1.9849999999999999 34.40162709473438
1.9949999999999999 30.72307719397214
2.005 27.21290684801747
2.015 23.902620158703826
2.025 20.81687665636325
2.035 17.9732980177497
2.045 15.38255492737177
2.0549999999999997 13.048715110934301
2.065 10.969817530434003
2.0749999999999997 9.138625558213427
2.085 7.543504459747141
2.0949999999999998 6.16936595171264
2.105 4.998624666238617
2.1149999999999998 4.012117313739704
2.125 3.1899441725437163
2.135 2.512203083430088
2.145 1.9676694308061522
2.155 1.5258909619959575
2.165 1.1759484243125444
2.175 0.9033476863849261
2.185 0.6844911515148632
2.195 0.5347834990022546
2.205 0.42972456383656943
2.215 0.36326744676690226
2.225 0.3312005784860782
2.235 0.331098189199928
2.245 0.3622544364059323
2.255 0.4256063326143016
2.265 0.52364583299344
2.275 0.6603170687773015
2.285 0.8408910788244649
2.295 1.0718077984916536
2.305 1.3507628906135756
2.315 1.7085918248160996
2.3249999999999997 2.139708354916912
2.335 2.6529428598814135
2.3449999999999998 3.256553856419531
2.355 3.957725679802157
2.3649999999999998 4.7620085189048735
2.375 5.67272463162125
2.385 6.690372394878712
2.395 7.812066589638088
2.405 9.031058103190386
2.415 10.336378200715405
2.425 11.712650968454328
2.435 13.140112005060148
2.445 14.594861825282688
2.455 16.049369045514023
2.465 17.47322198959211
2.475 18.83410904747016
2.485 20.098989436243755
2.495 21.23539865332524
2.505 22.212818607646252
2.515 23.004032738069466
2.525 23.586382599381597
2.535 23.942845123657122
2.545 24.062859134272863
2.555 23.942845123657122
2.565 23.586382599381597
2.5749999999999997 23.004032738069466
2.585 22.212818607646252
2.5949999999999998 21.241227376753706
2.605 20.10764150115422
2.6149999999999998 18.84682424597262
2.625 17.49172249424835
2.635 16.076019281629172
2.645 14.632869876462147
2.655 13.193778990191754
2.665 11.787674214322935
2.675 10.440212672158506
2.685 9.173338254483593
2.695 8.005087400313961
2.705 6.949623733472471
2.715 6.017467217422895
2.725 5.2158727080459215
2.735 4.55462608281536
2.745 4.027862539540365
2.755 3.6398993582989156
2.765 3.3903241759493348
2.775 3.2779440448000656
2.785 3.3010747685176587
2.795 3.4577038961987174
2.805 3.7455245656231
2.815 4.161848915930989
2.8249999999999997 4.703420169615037
2.835 5.366151080147348
2.8449999999999998 6.144822712612482
2.855 7.032781039340078
2.8649999999999998 8.02166929936028
2.875 9.10123137379553
2.885 10.259215666568393
2.895 11.48140049242877
2.905 12.75653792902029
2.915 14.059813753455764
2.925 15.376033767450364
2.935 16.68628929196231
2.945 17.971732549469024
2.955 19.208798584449713
2.965 20.393156397104242
2.975 21.50184772221355
2.985 22.522122587009726
2.995 23.443697016820607
3.005 24.258942522570965
3.015 24.9629343466817
3.025 25.55336988442113
3.035 26.030379107908338
3.045 26.39625614605837
3.055 26.655144569432043
3.065 26.812708076221455
3.075 26.875813443555188
3.085 26.85224462715199
3.0949999999999998 26.750457043278494
3.105 26.583626799134024
3.1149999999999998 26.354510958940295
3.125 26.07553888895151
3.135 25.756344116258646
3.145 25.40643468903027
3.155 25.03499498673108
3.165 24.650654499525963
3.175 24.26123048820687
3.185 23.87346142478134
3.195 23.492756408828548
3.205 23.122990843497163
3.215 22.76637944979706
3.225 22.423453707917233
3.235 22.093162234172873
3.245 21.77310030224981
3.255 21.459860138577362
3.265 21.149478588811455
3.275 20.837945233206295
3.285 20.521723871235256
3.295 20.198234981429533
3.305 19.866247206040242
3.315 19.526132335155452
3.325 19.179950166844435
3.335 18.831345822611087
3.3449999999999998 18.485260892601936
3.355 18.14747913566014
3.3649999999999998 17.824045240592035
3.375 17.520609401884126
3.385 17.24175959501754
3.395 16.990406433046868
3.405 16.76339437125101
3.415 16.568037224402975
3.425 16.39426662779801
3.435 16.235230545834895
3.445 16.081787020001244
3.455 15.92302135028929
3.465 15.746919419847334
3.475 15.54114469780272
3.485 15.29385766851556
3.495 14.994513452639538
3.505 14.634576293602509
3.515 14.20809788220662
3.525 13.712119172741435
3.535 13.146871016822594
3.545 12.512217842239103
3.555 11.822847660573812
3.565 11.082590463639303
3.575 10.302614834068223
3.585 9.495503837390606
3.5949999999999998 8.67460069252896
3.605 7.853352675927405
3.6149999999999998 7.044697087866238
3.625 6.260525634919251
3.635 5.511254000690055
3.645 4.805512758412368
3.655 4.149965166559463
3.665 3.549247696084641
3.675 3.0060210746368967
3.685 2.521113659966063
3.695 2.09373527279074
3.705 1.7217381878562765
3.715 1.39871002940274
3.725 1.1281176015049572
3.735 0.9008202014696362
3.745 0.712162192038579
3.755 0.5574125796728726
3.765 0.4319482041595545
3.775 0.3313932323125958
3.785 0.25171706109006364
3.795 0.1892948179951107
3.805 0.14093597134097013
3.815 0.10388719876801769
3.825 0.07581572183987734
3.835 0.054778932865430015
3.8449999999999998 0.039185457008392065
3.855 0.027751938213280716
3.8649999999999998 0.022333203149052558
3.875 0.017774855922550913
3.885 0.015554286953204035
3.895 0.015440422507885253
3.905 0.020218874274702568
3.915 0.022930287517853774
3.925 0.032618643957499735
3.935 0.04595002240773987
3.945 0.06410200756550333
3.955 0.0885576897820649
3.965 0.12390216155004896
3.975 0.16822767539026678
3.985 0.22624300484451812
3.995 0.30138489808430374
4.005 0.3976915300010747
4.015 0.5198285440650319
4.025 0.6730909104242198
4.035 0.8633731790100396
4.045 1.0971007959682373
4.055 1.3811158645857773
4.065 1.7225121733578397
4.075 2.128416543064362
4.085 2.6057165562500706
4.095 3.1607384412579833
4.1049999999999995 3.7988831153692635
4.115 4.524232885326866
4.125 5.339145717817306
4.135 6.243857929792977
4.145 7.236119186691324
4.155 8.31340537162021
4.165 9.463835996261796
4.175 10.678052082587241
4.185 11.941946520719203
4.195 13.23851371902818
4.205 14.54817040689449
4.215 15.849226794096237
4.225 17.118497095032346
4.235 18.33202892880999
4.245 19.465922281998797
4.255 20.499614106948233
4.265 21.408278052654083
4.275 22.175156197970885
4.285 22.785354847650403
4.295 23.22811325296428
4.305 23.49730563425435
4.315 23.591756353859356
4.325 23.515348381405698
4.335 23.279248057926136
4.345 22.89338624014114
4.355 22.37703762959812
4.365 21.75138739521386
4.375 21.040263652366278
4.385 20.269215777615024
4.395 19.46681317719104
4.405 18.65566925287453
4.415 17.862323321071813
4.425 17.109812037180163
4.435 16.41846275394804
4.445 15.805323182714822
4.455 15.28376433835965
4.465 14.863266579547867
4.475 14.549387777159435
4.485 14.343902252695202
4.495 14.245089808052132
4.505 14.250319680694805
4.515 14.351073719581557
4.525 14.536230815230276
4.535 14.796653194447263
4.545 15.120939227802502
4.555 15.497389180251357
4.565 15.914458360820829
4.575 16.361125310030374
4.585 16.829271043632925
4.595 17.306464551062614
4.605 17.786072537888863
4.615 18.26120175361365
4.625 18.72607842167332
4.635 19.17598615781071
4.645 19.60718305303946
4.655 20.016813081845648
4.665 20.402823299622714
4.675 20.761976541178733
4.685 21.098114966491416
4.695 21.408446499065214
4.705 21.693617942814
4.715 21.95291917441372
4.725 22.192389786854992
4.735 22.411314858567984
4.745 22.612026346630394
4.755 22.79692224751784
4.765 22.968265315045755
4.775 23.126117368689947
4.785 23.276025516285465
4.795 23.415713350060738
4.805 23.544496969582518
4.815 23.660350887513744
4.825 23.759782833550943
4.835 23.837794053709118
4.845 23.887940491198876
4.855 23.90250297145667
4.865 23.872765902643486
4.875 23.79127381025733
4.885 23.645683444255354
4.895 23.428218903608272
4.905 23.130776567897286
4.915 22.746711018526543
4.925 22.271321603900994
4.935 21.704097115374577
4.945 21.04255907421279
4.955 20.29117946190666
4.965 19.454428563901615
4.975 18.545201195414595
4.985 17.574411880628222
4.995 16.55318313222932
5.005 15.498478533570488
5.015 14.427394548291208
5.025 13.357833804712454
5.035 12.307964178210755
5.045 11.295691994649605
5.055 10.338171097012532
5.065 9.449755083500703
5.075 8.648606140523395
5.085 7.944914499731386
5.095 7.3491517274123215
5.105 6.869492442881419
5.115 6.511706629850888
5.125 6.279102133710693
5.135 6.172509616314553
5.145 6.188747812337528
5.155 6.327424721974429
5.165 6.5799270322504775
5.175 6.937732857533328
5.185 7.390221795327109
5.195 7.924848189270628
5.205 8.52583307048966
5.215 9.180994043146383
5.225 9.871220963597942
5.235 10.578809835465286
5.245 11.285566707568536
5.255 11.973218849535385
5.265 12.62385060812258
5.275 13.220352150055241
5.285 13.74686658345501
5.295 14.189218982879492
5.305 14.535309828693794
5.315 14.774006003955545
5.325 14.90025854763776
5.335 14.911220773791765
5.345 14.803697068425945
5.355 14.579585212509702
5.365 14.243614033664798
5.375 13.80314455000484
5.385 13.26787898096832
5.395 12.648087556320073
5.405 11.960266596862123
5.415 11.21665950083349
5.425 10.432166573591509
5.435 9.6217550325034
5.445 8.799995623037931
5.455 7.9806416557368705
5.465 7.176267087633468
5.475 6.397976268533721
5.485 5.6551934100814805
5.495 4.955535048081544
5.505 4.304764095794287
5.515 3.706819843165277
5.525 3.163914708665429
5.535 2.6766858895071732
5.545 2.244388391188365
5.555 1.8651152695058175
5.565 1.536031225795421
5.575 1.253606828185832
5.585 1.0138424063880824
5.595 0.8124728744053175
5.605 0.6451471573111438
5.615 0.5075783311961638
5.625 0.3956628554650355
5.635 0.30556925042871086
5.645 0.23379816303576084
5.655 0.1772169279592774
5.665 0.1330724698276422
5.675 0.09898673857470054
5.685 0.07168564436312203
5.695 0.05241053955565774
5.705 0.03794969056763771
5.715 0.02861244925347406
5.725 0.021403064493439206
5.735 0.01664416935406091
5.745 0.012681699118651774
5.755 0.012115729007971855
5.765 0.013050714871524089
5.775 0.015550189978831666
5.785 0.019799867167994388
5.795 0.024908214320246695
5.805 0.034130712591630454
5.815 0.04630257807222521
5.825 0.06219021308393489
5.835 0.08269818387979988
5.845 0.1088746958335996
5.855 0.14191065102796183
5.865 0.18446231327025187
5.875 0.23594840441176296
5.885 0.29885796908188894
5.895 0.3748555508287592
5.905 0.4656174722670632
5.915 0.5753891383133652
5.925 0.7016906635792544
5.935 0.84771223389822
5.945 1.0146479955900367
5.955 1.2033712868527726
5.965 1.4143698970970806
5.975 1.6476966403278626
5.985 1.9029414450574265
5.995 2.179230290706257
6.005 2.475254728469344
6.015 2.790603942617172
6.025 3.121390379226119
6.035 3.466415007142703
6.045 3.823632637307341
6.055 4.191150641899269
6.065 4.567375720967082
6.075 4.951141517618166
6.085 5.341802345394189
6.095 5.739279615687705
6.105 6.144050396341991
6.115 6.557071780952136
6.125 6.979640117890284
6.135 7.413190199641306
6.1450000000000005 7.859045688131371
6.155 8.318137726161218
6.165 8.79071323550001
6.175 9.276057278021504
6.185 9.772254647779983
6.195 10.276014356145481
6.205 10.782576888216425
6.215 11.286913141974235
6.225 11.77963154482033
6.235 12.252874749567223
6.245 12.698353402500189
6.255 13.104364630782763
6.265 13.46186465550463
6.275 13.761509262810675
6.285 13.994907648038271
6.295 14.15505380678359
6.305 14.236698958172685
6.315 14.23664352762943
6.325 14.153933409659697
6.335 13.98995216508052
6.345 13.748407789185347
6.355 13.435219078553299
6.365 13.058311911316522
6.375 12.627339603409066
6.385 12.153343780349996
6.3950000000000005 11.649505350922876
6.405 11.12675659624961
6.415 10.598753632484206
6.425 10.078190634504725
6.435 9.577162992410472
6.445 9.10680123550777
6.455 8.676939663361697
6.465 8.295827575892098
6.475 7.970996794390125
6.485 7.70629457633948
6.495 7.503154310125435
6.505 7.362603259708232
6.515 7.282850582538263
6.525 7.259214562470165
6.535 7.288375185080465
6.545 7.362007450845927
6.555 7.472052118816409
6.565 7.6097258147520375
6.575 7.765964011493618
6.585 7.931876170948245
6.595 8.099187848893738
6.605 8.260643547901331
6.615 8.41034504993641
6.625 8.54400295638457
6.635 8.659084092426202
6.6450000000000005 8.754843977583446
6.655 8.832241234977104
6.665 8.893738993481376
6.675 8.942117895440282
6.685 8.983953463530433
6.695 9.02284945498507
6.705 9.063669252180407
6.715 9.111861697299268
6.725 9.168533213263958
6.735 9.239055973844398
6.745 9.322422666853264
6.755 9.417870882775908
6.765 9.522986123354176
6.775 9.633806128568045
6.785 9.745036110731538
6.795 9.850361439292296
6.805 9.943970350498308
6.815 10.017016207493532
6.825 10.062627742434493
6.835 10.076777726402863
6.845 10.05343220573427
6.855 9.989396749089156
6.865 9.883340741895411
6.875 9.735988648778402
6.885 9.550195036623782
6.8950000000000005 9.330897313310526
6.905 9.084947140502106
6.915 8.820828429291184
6.925 8.548276333708543
6.935 8.277817349718216
6.945 8.020255179914685
6.955 7.787314243414253
6.965 7.586939325787437
6.975 7.428425808567528
6.985 7.3197473920270175
6.995 7.263790420773349
