0.005 0.0
0.015 0.0
0.025 0.0
0.034999999999999996 0.0
0.045 0.0
0.055 0.0
0.065 0.0
0.07500000000000001 0.0
0.085 0.0
0.095 0.0
0.10500000000000001 0.0
0.115 0.0
0.125 0.0
0.135 0.0
0.14500000000000002 0.0
0.155 0.0
0.165 0.0
0.17500000000000002 0.0
0.185 0.0
0.195 0.0
0.20500000000000002 0.0
0.215 0.0
0.225 0.0
0.23500000000000001 0.0
0.245 0.0
0.255 0.0
0.265 0.0
0.275 0.0
0.28500000000000003 0.0
0.295 0.0
0.305 0.0
0.315 0.0
0.325 0.0
0.335 0.0
0.34500000000000003 0.0
0.35500000000000004 0.0
0.365 0.0
0.375 0.0
0.385 0.0
0.395 0.0
0.405 0.0
0.41500000000000004 0.0
0.425 0.0
0.435 0.0
0.445 0.0
0.455 0.0
0.465 0.0
0.47500000000000003 0.0
0.485 0.0
0.495 0.0
0.505 0.0
0.515 0.0
0.525 0.0
0.535 0.0
0.545 0.0
0.555 0.0
0.5650000000000001 0.0
0.5750000000000001 0.0
0.585 0.0
0.595 0.0
0.605 0.0
0.615 0.0
0.625 0.0
0.635 0.0
0.645 0.0
0.655 0.0
0.665 0.0
0.675 0.0
0.685 0.0
0.6950000000000001 0.0
0.7050000000000001 0.0
0.715 0.0
0.725 0.0
0.735 0.0
0.745 0.0
0.755 0.0
0.765 0.0
0.775 0.0
0.785 0.0
0.795 0.0
0.805 0.0
0.8150000000000001 0.0
0.8250000000000001 0.0
0.8350000000000001 0.0
0.845 0.0
0.855 0.0
0.865 0.0
0.875 0.0
0.885 0.0
0.895 0.0
0.905 0.0
0.915 0.0
0.925 0.0
0.935 0.0
0.9450000000000001 0.0
0.9550000000000001 0.0
0.965 0.0
0.975 0.0
0.985 0.0
0.995 0.0
1.005 0.0
1.015 0.0
1.025 0.0
1.035 0.0
1.045 0.0
1.055 0.0
1.065 0.0
1.075 0.0
1.085 0.0
1.095 0.0
1.105 0.0
1.115 0.0
1.125 0.0
1.135 0.0
1.145 0.0
1.155 0.0
1.1649999999999998 0.0
1.1749999999999998 0.0
1.1849999999999998 0.0
1.1949999999999998 0.0
1.2049999999999998 0.0
1.2149999999999999 0.0
1.2249999999999999 0.0
1.2349999999999999 0.0
1.2449999999999999 0.0
1.255 0.0
1.265 0.0
1.275 0.0
1.285 0.0
1.295 0.0
1.305 0.0
1.315 0.0
1.325 0.0
1.335 0.0
1.345 0.0
1.355 0.0
1.365 0.0
1.375 0.0
1.385 0.0
1.395 0.0
1.405 0.0
1.4149999999999998 0.0
1.4249999999999998 0.0
1.4349999999999998 0.0
1.4449999999999998 0.0
1.4549999999999998 0.0
1.4649999999999999 0.0
1.4749999999999999 0.0
1.4849999999999999 0.0
1.4949999999999999 0.0
1.505 0.0
1.515 0.0
1.525 0.014109286791494272
1.535 0.020943602258463354
1.545 0.03077901782160486
1.555 0.04478320668081568
1.565 0.06451083655355655
1.575 0.09200410708419694
1.585 0.12990887177090993
1.595 0.18160485824724185
1.605 0.251346689273173
1.615 0.34441014125478053
1.625 0.46723540891514054
1.635 0.6275561934254862
1.645 0.8345003965296665
1.655 1.0986453702204997
1.665 1.4320084069408932
1.6749999999999998 1.84795188992455
1.6849999999999998 2.3609827203448557
1.6949999999999998 2.9864277457910444
1.7049999999999998 3.739971306319788
1.7149999999999999 4.637047918452291
1.7249999999999999 5.692092547335518
1.7349999999999999 6.917662608893172
1.7449999999999999 8.323459213602126
1.755 9.915289297330805
1.765 11.694023967304654
1.775 13.654620182777416
1.785 15.78528124827106
1.795 18.066835039977263
1.805 20.47240617736377
1.815 22.967448693568073
1.825 25.510188956746344
1.835 28.052505182226234
1.845 30.541241155534976
1.855 32.91991978989658
1.865 35.130789485791915
1.875 37.11710591735398
1.885 38.825526868734954
1.895 40.20848082979125
1.905 41.226363368101595
1.915 41.849420061554824
1.9249999999999998 42.0591911525672
1.9349999999999998 41.849420061554824
1.9449999999999998 41.226363368101595
1.9549999999999998 40.20848082979125
1.9649999999999999 38.825526868734954
1.9749999999999999 37.11710591735398
1.9849999999999999 35.130789485791915
1.9949999999999999 32.91991978989658
2.005 30.541241155534976
2.015 28.052505182226234
2.025 25.510188956746344
2.035 22.967448693568073
2.045 20.47240617736377
2.0549999999999997 18.066835039977263
2.065 15.78528124827106
2.0749999999999997 13.654620182777416
2.085 11.694023967304654
2.0949999999999998 9.915289297330805
2.105 8.323459213602126
2.1149999999999998 6.917662608893172
2.125 5.692092547335518
2.135 4.637047918452291
2.145 3.739971306319788
2.155 2.9864277457910444
2.165 2.3609827203448557
2.175 1.84795188992455
2.185 1.4320084069408932
2.195 1.0986453702204997
2.205 0.8345003965296665
2.215 0.6275561934254862
2.225 0.46723540891514054
2.235 0.34441014125478053
2.245 0.251346689273173
2.255 0.18160485824724185
2.265 0.12990887177090993
2.275 0.09200410708419694
2.285 0.06451083655355655
2.295 0.04478320668081568
2.305 0.03077901782160486
2.315 0.020943602258463354
2.3249999999999997 0.014109286791494272
2.335 0.0
2.3449999999999998 0.0
2.355 0.0
2.3649999999999998 0.0
2.375 0.0
2.385 0.0
2.395 0.0
2.405 0.0
2.415 0.0
2.425 0.0
2.435 0.0
2.445 0.0
2.455 0.0
2.465 0.0
2.475 0.0
2.485 0.0
2.495 0.0
2.505 0.0
2.515 0.0
2.525 0.0
2.535 0.0
2.545 0.0
2.555 0.0
2.565 0.0
2.5749999999999997 0.0
2.585 0.0
2.5949999999999998 0.0
2.605 0.0
2.6149999999999998 0.0
2.625 0.0
2.635 0.0
2.645 0.0
2.655 0.0
2.665 0.0
2.675 0.0
2.685 0.0
2.695 0.0
2.705 0.0
2.715 0.0
2.725 0.0
2.735 0.0
2.745 0.0
2.755 0.0
2.765 0.0
2.775 0.0
2.785 0.0
2.795 0.0
2.805 0.0
2.815 0.0
2.8249999999999997 0.0
2.835 0.0
2.8449999999999998 0.0
2.855 0.0
2.8649999999999998 0.0
2.875 0.0
2.885 0.0
2.895 0.0
2.905 0.0
2.915 0.0
2.925 0.0
2.935 0.0
2.945 0.0
2.955 0.0
2.965 0.0
2.975 0.0
2.985 0.0
2.995 0.0
3.005 0.0
3.015 0.0
3.025 0.0
3.035 0.0
3.045 0.0
3.055 0.0
3.065 0.0
3.075 0.0
3.085 0.0
3.0949999999999998 0.0
3.105 0.0
3.1149999999999998 0.0
3.125 0.0
3.135 0.0
3.145 0.0
3.155 0.0
3.165 0.0
3.175 0.0
3.185 0.0
3.195 0.0
3.205 0.0
3.215 0.0
3.225 0.0
3.235 0.0
3.245 0.0
3.255 0.0
3.265 0.0
3.275 0.0
3.285 0.0
3.295 0.0
3.305 0.0
3.315 0.0
3.325 0.0
3.335 0.0
3.3449999999999998 0.0
3.355 0.0
3.3649999999999998 0.0
3.375 0.0
3.385 0.0
3.395 0.0
3.405 0.0
3.415 0.0
3.425 0.0
3.435 0.0
3.445 0.0
3.455 0.0
3.465 0.0
3.475 0.0
3.485 0.0
3.495 0.0
3.505 0.0
3.515 0.0
3.525 0.0
3.535 0.0
3.545 0.0
3.555 0.0
3.565 0.0
3.575 0.0
3.585 0.0
3.5949999999999998 0.0
3.605 0.0
3.6149999999999998 0.0
3.625 0.0
3.635 0.0
3.645 0.0
3.655 0.0
3.665 0.0
3.675 0.0
3.685 0.0
3.695 0.0
3.705 0.0
3.715 0.0
3.725 0.0
3.735 0.0
3.745 0.0
3.755 0.0
3.765 0.0
3.775 0.0
3.785 0.0
3.795 0.0
3.805 0.0
3.815 0.0
3.825 0.0
3.835 0.0
3.8449999999999998 0.0
3.855 0.0
3.8649999999999998 0.0
3.875 0.0
3.885 0.0028475126095807417
3.895 0.004226802701109608
3.905 0.006211769783456797
3.915 0.009038071704514402
3.925 0.01301946889701006
3.935 0.018568114669935194
3.945 0.02621799074118167
3.955 0.036651188076486575
3.965 0.05072636750946174
3.975 0.06950827739086646
3.985 0.09429666702434163
3.995 0.1266523390166563
4.005 0.16841747119711734
4.015 0.2217267670146391
4.025 0.2890055362860741
4.035 0.372950552796966
4.045 0.4764895750249481
4.055 0.6027158416588659
4.065 0.7547947399180966
4.075 0.9358412380548563
4.085 1.1487685765385083
4.095 1.3961110720014183
4.1049999999999995 1.679826586298551
4.115 2.0010870654930017
4.125 2.3600683149848165
4.135 2.7557525567439787
4.145 3.1857590014633113
4.155 3.6462183632530727
4.165 4.13421561182496
4.175 4.641474146413859
4.185 5.157604629440334
4.195 5.6749221507017875
4.205 6.183181992166255
4.215 6.671624430745308
4.225 7.1294261794545415
4.235 7.546204608131406
4.245 7.912549196314025
4.255 8.220550533802896
4.265 8.464294958235092
4.275 8.640292883923594
4.285 8.747811119202382
4.295 8.789083872836109
4.305 8.76938340446505
4.315 8.696938914906623
4.325 8.582700733097546
4.335 8.439955532952744
4.345 8.283806626196286
4.355 8.130540826803399
4.365 7.996909586981826
4.375 7.899356815229213
4.385 7.853228883711827
4.395 7.872003799008526
4.405 7.966576399819363
4.415 8.144634840689262
4.425 8.410160604099653
4.435 8.765316446051468
4.445 9.202408652949654
4.455 9.714545844036888
4.465 10.28938656155469
4.475 10.91104866844173
4.485 11.560712045974956
4.495 12.21738451669934
4.505 12.85879920528107
4.515 13.462402465420563
4.525 14.006384085454135
4.535 14.470696480795942
4.545 14.83800762731039
4.555 15.094534031102832
4.565 15.23070524039789
4.575 15.241620135967866
4.585 15.127267005775636
4.595 14.892493429794317
4.605 14.546727248212132
4.615 14.103465198889378
4.625 13.579560006699442
4.635 12.994348707260935
4.645 12.368673916539358
4.655 11.723855028596102
4.665 11.080667679660975
4.675 10.458387335929638
4.685 9.873946925755206
4.695 9.339350440743253
4.705 8.869413270784193
4.715 8.46792288385128
4.725 8.137570539270087
4.735 7.879209329522189
4.745 7.685191315081111
4.755 7.549272533514014
4.765 7.461477824998234
4.775 7.410118067846481
4.785 7.382534975992588
4.795 7.365854825153169
4.805 7.34771161833376
4.815 7.316903821634779
4.825 7.263954118320431
4.835 7.18154829614783
4.845 7.064836991113324
4.855 6.9115921041116355
4.865 6.722217805142999
4.875 6.499623667744218
4.885 6.248974199716297
4.895 5.977334496438063
4.905 5.693235688747739
4.915 5.406186165837818
4.925 5.1261552383429505
4.935 4.863055109092377
4.945 4.626244984013879
4.955 4.424078196219588
4.965 4.263509669586446
4.975 4.1481038447814775
4.985 4.083395381572735
4.995 4.072042535833844
5.005 4.11072296301222
5.015 4.1964591540531835
5.025 4.324258142776675
5.035 4.487328829306382
5.045 4.677370698828409
5.055 4.884922961783894
5.065 5.099760514134257
5.075 5.311320695956166
5.085 5.509142802839271
5.095 5.6833009102903125
5.105 5.824810047675202
5.115 5.9259863124995205
5.125 5.980743280188877
5.135 5.9848100621843345
5.145 5.935860490417966
5.155 5.833547922325037
5.165 5.679445716458995
5.175 5.476899093101631
5.185 5.230799401680334
5.195 4.947296320603508
5.205 4.633466838423629
5.215 4.29696174378966
5.225 3.945650662486839
5.235 3.5872854522152378
5.245 3.2277074608909384
5.255 2.8770691530736663
5.265 2.5390046161091955
5.275 2.2183687329439734
5.285 1.9189384083363656
5.295 1.6434079775555115
5.305 1.3934352774171728
5.315 1.169729026615334
5.325 0.9721668049661811
5.335 0.7999325405377596
5.345 0.6516628974592509
5.355 0.525593131826914
5.365 0.4196946402323261
5.375 0.33179834831309657
5.385 0.25970007300581677
5.395 0.2012458710939046
5.405 0.15439702971131766
5.415 0.1172756796774541
5.425 0.08819298280243941
5.435 0.06566246148925386
5.445 0.04840133518381913
5.455 0.035322755916918636
5.465 0.025521657355996066
5.475 0.01825661353358396
5.485 0.012929705289879858
5.495 0.009065965977777148
5.505 0.0062935632187466
5.515 0.004325498525637741
5.525 0.0029432882236722045
5.535 0.001982834526044222
5.545 0.0
5.555 0.0
5.565 0.0014694218987384307
5.575 0.002181186636280318
5.585 0.0032055031184135933
5.595 0.004663979516823649
5.605 0.00671852782770548
5.615 0.009581834413125337
5.625 0.013529453603257652
5.635 0.018913369581987496
5.645 0.026176683120230852
5.655 0.035868843775467195
5.665 0.04866057029472294
5.675 0.06535729459154882
5.685 0.0869096486085906
5.695 0.11441921833517564
5.705 0.14913755340241622
5.715 0.19245628889669922
5.725 0.2458862565547399
5.735 0.31102368202699593
5.745 0.38950202227604236
5.755 0.482928716211291
5.765 0.5928071037398491
5.775 0.7204449860441962
5.785 0.8668526923059169
5.795 1.03263499006966
5.805 1.2178826014287625
5.815 1.4220703152497145
5.825 1.6439695561321899
5.835 1.8815836293469943
5.845 2.1321135789104115
5.855 2.3919615900660314
5.865 2.656777117649645
5.875 2.921548483519836
5.885 3.180739695194871
5.895 3.428468905540165
5.905 3.6587215323677835
5.915 3.8655878967343247
5.925 4.043512634910043
5.935 4.187541377493138
5.945 4.2935494921654085
5.955 4.358438183071291
5.965 4.380284945378346
5.975 4.358438183071291
5.985 4.2935494921654085
5.995 4.187541377493138
6.005 4.043512634910043
6.015 3.8668583950574806
6.025 3.6606074399932678
6.035 3.431240462395492
6.045 3.1847722866244976
6.055 2.9273574879633557
6.065 2.6650618074076275
6.075 2.403659488491877
6.085 2.1484665435421313
6.095 1.9042166335499335
6.105 1.6749826408761963
6.115 1.4641434414337844
6.125 1.2743921261989206
6.135 1.107779210336206
6.1450000000000005 0.965782363325834
6.155 0.8493929836751197
6.165 0.7592095457709643
6.175 0.6955280227195845
6.185 0.6584207493049145
6.195 0.6477967126946516
6.205 0.6634383052053491
6.215 0.7050118945420462
6.225 0.7720520121301042
6.235 0.8639213816984921
6.245 0.9797512650579189
6.255 1.1183685531310414
6.265 1.2782175494616888
6.275 1.4572853655916933
6.285 1.653040178223604
6.295 1.8623912224092654
6.305 2.0816782894423316
6.315 2.3066966901743844
6.325 2.5327612202072944
6.335 2.7548097699192553
6.345 2.9675440632152825
6.355 3.1656018323736976
6.365 3.343751815423298
6.375 3.4961204993090793
6.385 3.6206512934228625
6.3950000000000005 3.712308517292791
6.405 3.768412875788121
6.415 3.788427857738412
6.425 3.770083897249322
6.435 3.714764274363608
6.445 3.624224398877289
6.455 3.5012676077687748
6.465 3.349623100035266
6.475 3.1737856493337735
6.485 2.978828217217192
6.495 2.7701999199067115
6.505 2.5535220500559657
6.515 2.3343940394515825
6.525 2.118219490083855
6.535 1.9100599075651872
6.545 1.7145208125615456
6.555 1.535671784644846
6.565 1.376999010830045
6.575 1.241386340654472
6.585 1.1311189096273444
6.595 1.047902230362855
6.605 0.9928893318525356
6.615 0.9667090358126691
6.625 0.9694897018849522
6.635 1.0008745928400227
6.6450000000000005 1.060027200413061
6.655 1.1456271961718794
6.665 1.2558598853299157
6.675 1.3884039122073664
6.685 1.5404232935214826
6.695 1.708570488709891
6.705 1.889007067568997
6.715 2.0774475904214986
6.725 2.269230637840242
6.735 2.4594186532427402
6.745 2.6429255948348414
6.755 2.8146685839476318
6.765 2.969737060756562
6.775 3.103570690300759
6.785 3.2132613802712995
6.795 3.2937591488477107
6.805 3.3433698890994767
6.815 3.3606087768057074
6.825 3.344175332862871
6.835 3.296657277041889
6.845 3.2184680586344614
6.855 3.1122513429775625
6.865 2.981506500502859
6.875 2.8304500431981627
6.885 2.6638518138934453
6.8950000000000005 2.4868563032845823
6.905 2.304799607834145
6.915 2.123031781695601
6.925 1.9467528056274588
6.935 1.780868300106424
6.945 1.6298687046165452
6.955 1.497733207754459
6.965 1.3878575102983388
6.975 1.3030027627884335
6.985 1.245261903551511
6.995 1.2160392154067101
