0.005 0.0
0.015 0.0
0.025 0.0
0.034999999999999996 0.0
0.045 0.0
0.055 0.0
0.065 0.0
0.07500000000000001 0.0
0.085 0.0
0.095 0.0
0.10500000000000001 0.0
0.115 0.0
0.125 0.0
0.135 0.0
0.14500000000000002 0.0
0.155 0.0
0.165 0.0
0.17500000000000002 0.0
0.185 0.0
0.195 0.0
0.20500000000000002 0.0
0.215 0.0
0.225 0.0
0.23500000000000001 0.0
0.245 0.0
0.255 0.0
0.265 0.0
0.275 0.0
0.28500000000000003 0.0
0.295 0.0
0.305 0.0
0.315 0.0
0.325 0.0
0.335 0.0
0.34500000000000003 0.0
0.35500000000000004 0.0
0.365 0.0
0.375 0.0
0.385 0.0
0.395 0.0
0.405 0.0
0.41500000000000004 0.0
0.425 0.0
0.435 0.0
0.445 0.0
0.455 0.0
0.465 0.0
0.47500000000000003 0.0
0.485 0.0
0.495 0.0
0.505 0.0
0.515 0.0
0.525 0.0
0.535 0.0
0.545 0.0
0.555 0.0
0.5650000000000001 0.0
0.5750000000000001 0.0
0.585 0.0
0.595 0.0
0.605 0.0
0.615 0.0
0.625 0.0
0.635 0.0
0.645 0.0
0.655 0.0
0.665 0.0
0.675 0.0
0.685 0.0
0.6950000000000001 0.0
0.7050000000000001 0.0
0.715 0.0
0.725 0.0
0.735 0.0
0.745 0.0
0.755 0.0
0.765 0.0
0.775 0.0
0.785 0.0
0.795 0.0
0.805 0.0
0.8150000000000001 0.0
0.8250000000000001 0.0
0.8350000000000001 0.0
0.845 0.0
0.855 0.0
0.865 0.0
0.875 0.0
0.885 0.0
0.895 0.0
0.905 0.0
0.915 0.0
0.925 0.0
0.935 0.0
0.9450000000000001 0.0
0.9550000000000001 0.0
0.965 0.0
0.975 0.0
0.985 0.0
0.995 0.0
1.005 0.0
1.015 0.0
1.025 0.0
1.035 0.0
1.045 0.0
1.055 0.0
1.065 0.0
1.075 0.0
1.085 0.0
1.095 0.0
1.105 0.0
1.115 0.0
1.125 0.0
1.135 0.0
1.145 0.0
1.155 0.0
1.1649999999999998 0.0
1.1749999999999998 0.0
1.1849999999999998 0.0
1.1949999999999998 0.0
1.2049999999999998 0.0
1.2149999999999999 0.0
1.2249999999999999 0.0
1.2349999999999999 0.0
1.2449999999999999 0.0
1.255 0.0
1.265 0.0
1.275 0.0
1.285 0.0
1.295 0.0
1.305 0.0
1.315 0.0
1.325 0.0
1.335 0.0
1.345 0.0
1.355 0.0
1.365 0.0
1.375 0.0
1.385 0.0
1.395 0.0
1.405 0.0
1.4149999999999998 0.015871323659765357
1.4249999999999998 0.02355914192954475
1.4349999999999998 0.03462285238052354
1.4449999999999998 0.0503759529632551
1.4549999999999998 0.072567265917435
1.4649999999999999 0.10349403078554564
1.4749999999999999 0.14613252821496478
1.4849999999999999 0.20428456278636087
1.4949999999999999 0.2827360953971025
1.505 0.3874217672615055
1.515 0.5255860561758163
1.525 0.7059284858077051
1.535 0.938716894996375
1.545 1.2358495872792157
1.555 1.6108446334626427
1.565 2.078733176672598
1.575 2.6558338109830104
1.585 3.359387475809703
1.595 4.207037248446939
1.605 5.216145183466302
1.615 6.402948955191839
1.625 7.781574211177585
1.635 9.362933584110994
1.645 11.153559208465008
1.655 13.154430979603697
1.665 15.359876057142145
1.6749999999999998 17.75662451646868
1.6849999999999998 20.323109925012776
1.6949999999999998 23.029100573035297
1.7049999999999998 25.835736224060998
1.7149999999999999 28.696026350415796
1.7249999999999999 31.555839483166714
1.7349999999999999 34.35538099931878
1.7449999999999999 37.03112067676873
1.755 39.518094613273824
1.765 41.75247197351266
1.775 43.67424890435213
1.785 45.22991293236743
1.795 46.37491362955972
1.805 47.07578069579164
1.815 47.311749028501886
1.825 47.07578069579164
1.835 46.37491362955972
1.845 45.22991293236743
1.855 43.67424890435213
1.865 41.75247197351266
1.875 39.518094613273824
1.885 37.03112067676873
1.895 34.35538099931878
1.905 31.555839483166714
1.915 28.696026350415796
1.9249999999999998 25.835736224060998
1.9349999999999998 23.029100573035297
1.9449999999999998 20.323109925012776
1.9549999999999998 17.75662451646868
1.9649999999999999 15.359876057142145
1.9749999999999999 13.154430979603697
1.9849999999999999 11.153559208465008
1.9949999999999999 9.362933584110994
2.005 7.781574211177585
2.015 6.402948955191839
2.025 5.216145183466302
2.035 4.207037248446939
2.045 3.359387475809703
2.0549999999999997 2.6558338109830104
2.065 2.087337823758367
2.0749999999999997 1.623617235565212
2.085 1.2546203862512209
2.0949999999999998 0.9660282463461668
2.105 0.7452708700085652
2.1149999999999998 0.5816954034163924
2.125 0.46664759996433125
2.135 0.39348908648526143
2.145 0.3575700965864059
2.155 0.3561734581394901
2.165 0.38844080797583475
2.175 0.45528679318441784
2.185 0.5593018477434899
2.195 0.7046394040931542
2.205 0.896879469715997
2.215 1.142857689396314
2.225 1.4398618005563317
2.235 1.8212938172872342
2.245 2.2808476202485983
2.255 2.8279360571319545
2.265 3.4713623922426153
2.275 4.2187848533797245
2.285 5.0761197305179
2.295 6.046908424050791
2.305 7.131682184803443
2.315 8.327365479157333
2.3249999999999997 9.6267640099898
2.335 11.01818552370269
2.3449999999999998 12.485239881787006
2.355 14.006858985090647
2.3649999999999998 15.557566892496327
2.375 17.108016197550274
2.385 18.625789211625627
2.395 20.07644298892922
2.405 21.42475731317057
2.415 22.636126260930524
2.425 23.678018709344663
2.435 24.521422840723556
2.445 25.14218561536695
2.455 25.52216109115239
2.465 25.650091455998787
2.475 25.52216109115239
2.485 25.14218561536695
2.495 24.521422840723556
2.505 23.678018709344663
2.515 22.636126260930524
2.525 21.42475731317057
2.535 20.07644298892922
2.545 18.625789211625627
2.555 17.108016197550274
2.565 15.557566892496327
2.5749999999999997 14.006858985090647
2.585 12.485239881787006
2.5949999999999998 11.01818552370269
2.605 9.6267640099898
2.6149999999999998 8.327365479157333
2.625 7.131682184803443
2.635 6.046908424050791
2.645 5.0761197305179
2.655 4.2187848533797245
2.665 3.4713623922426153
2.675 2.8279360571319545
2.685 2.2808476202485983
2.695 1.8212938172872342
2.705 1.4398618005563317
2.715 1.1269863657365486
2.725 0.8733203277864522
2.735 0.6700165517126306
2.745 0.5089258947802348
2.755 0.38271952726698283
2.765 0.2849467771902891
2.775 0.2100409299245253
2.785 0.1532855338000451
2.795 0.11075299108815895
2.805 0.07922583270282575
2.815 0.05610934724057606
2.8249999999999997 0.03934238420086011
2.835 0.02731135134979181
2.8449999999999998 0.01877079897200526
2.855 0.01277260210256939
2.8649999999999998 0.008604647085769121
2.875 0.0
2.885 0.0
2.895 0.004815665738410955
2.905 0.007148298090856708
2.915 0.010505241248253416
2.925 0.015285035824701716
2.935 0.022018308220545426
2.945 0.031402085224148786
2.955 0.04433942779304281
2.965 0.06198387676955003
2.975 0.08578758500575163
2.985 0.11755123711864607
2.995 0.15947294740946852
3.005 0.21419231916304757
3.015 0.2848248127382962
3.025 0.37498060293339297
3.035 0.4887613331794335
3.045 0.6307277422347264
3.055 0.8058312063086843
3.065 1.0193029589784588
3.075 1.276496250210308
3.085 1.582679062255817
3.0949999999999998 1.942778218711433
3.105 2.3610797135129533
3.1149999999999998 2.8408946499102017
3.125 3.384205003499817
3.135 3.9913080934363427
3.145 4.660482670524264
3.155 5.387702383674432
3.165 6.166423561252646
3.175 6.9874733193882665
3.185 7.839060712764316
3.195 8.706927908889883
3.205 9.574650375955361
3.215 10.424085271972842
3.225 11.23595630212944
3.235 11.990552165403875
3.245 12.66850535513439
3.255 13.251609544873345
3.265 13.723628017988043
3.275 14.071043315295837
3.285 14.283699902130484
3.295 14.355297245839337
3.305 14.287508725360858
3.315 14.076697072285016
3.325 13.73193686022929
3.335 13.263698838999776
3.3449999999999998 12.68592015267215
3.355 12.015388812750457
3.3649999999999998 11.271025397821154
3.375 10.473109777113521
3.385 9.642501793474102
3.395 8.799901945506567
3.405 7.965191615468926
3.415 7.156883059455723
3.425 6.391698200788278
3.435 5.684283356892838
3.445 5.04705549784363
3.455 4.493683674343564
3.465 4.026778182661749
3.475 3.654760139979574
3.485 3.3818574004118664
3.495 3.2106422193773403
3.505 3.142209461465259
3.515 3.176322775833657
3.525 3.3115169112482623
3.535 3.5451523766570174
3.545 3.8734266059573796
3.555 4.29135286670304
3.565 4.792723663394304
3.575 5.370078777156468
3.585 6.014699002482764
3.5949999999999998 6.716644968671517
3.605 7.464856301934251
3.6149999999999998 8.247320180353096
3.625 9.051310674634637
3.635 9.863691952268091
3.645 10.671270361790626
3.655 11.461173538322218
3.665 12.221229830314634
3.675 12.940319204662332
3.685 13.608667731760413
3.695 14.218061832528516
3.705 14.758753429423553
3.715 15.233410714943474
3.725 15.634126382635161
3.735 15.95918223303743
3.745 16.211039513822318
3.755 16.385360956920355
3.765 16.485205643769635
3.775 16.511970605486326
3.785 16.467226678265916
3.795 16.35260396230047
3.805 16.169769864230897
3.815 15.920501923458552
3.825 15.60684626521457
3.835 15.23134217481222
3.8449999999999998 14.797285085207914
3.855 14.308995079554188
3.8649999999999998 13.77205632960487
3.875 13.193494804351854
3.885 12.581866773128535
3.895 11.947238434441346
3.905 11.301046526967028
3.915 10.655840007878748
3.925 10.02491281388024
3.935 9.42184647615559
3.945 8.859988276651293
3.955 8.351895301464664
3.965 7.9087770224423535
3.975 7.539969008444768
3.985 7.252468298372333
3.995 7.050557232190805
4.005 6.935537546078709
4.015 6.9055906880276545
4.025 6.95577394132031
4.035 7.078155329101075
4.045 7.26208362980981
4.055 7.494583343492881
4.065 7.760858293887701
4.075 8.044881937570521
4.085 8.330047628115546
4.095 8.599848339034722
4.1049999999999995 8.838552992157785
4.115 9.029305460302632
4.125 9.165719177842519
4.135 9.234235897749839
4.145 9.227877649448542
4.155 9.142657516237293
4.165 8.977648863824669
4.175 8.734904706448805
4.185 8.419236648892827
4.195 8.037871112676829
4.205 7.600007498701786
4.215 7.116308000241953
4.225 6.598351576445459
4.235 6.058084959383835
4.245 5.507301559361761
4.255 4.957175033506992
4.265 4.415522004557747
4.275 3.8966844923163357
4.285 3.404595243764793
4.295 2.9450507848753444
4.305 2.5221861906272736
4.315 2.1385457915703485
4.325 1.7952172789701712
4.335 1.4943447647223658
4.345 1.2311413928574804
4.355 1.0052132489749677
4.365 0.8140449230173638
4.375 0.6547800147940879
4.385 0.5267106317596113
4.395 0.42343033032056765
4.405 0.34385512231518545
4.415 0.2857483245940588
4.425 0.2473515155631394
4.435 0.2274677454022564
4.445 0.22552212289469387
4.455 0.24160158477666993
4.465 0.2764749346015026
4.475 0.33159322424141213
4.485 0.40906942174763616
4.495 0.511635253183797
4.505 0.6425723087268486
4.515 0.8056141341523158
4.525 1.0048162279469914
4.535 1.24439172943895
4.545 1.5285121569211328
4.555 1.8590451260861447
4.565 2.244101030305278
4.575 2.6832787270626106
4.585 3.1780809208959457
4.595 3.7285901957826173
4.605 4.333207841444773
4.615 4.988431696029242
4.625 5.688692959741501
4.635 6.42833344414832
4.645 7.194364537790993
4.655 7.976399705797731
4.665 8.760925415717926
4.675 9.5330326067973
4.685 10.27688020556608
4.695 10.976250264323458
4.705 11.615171098038681
4.715 12.178578245828671
4.725 12.652978254745236
4.735 13.027077689540103
4.745 13.292339753003342
4.755 13.443433583108877
4.765 13.478546566134796
4.775 13.399537529401016
4.785 13.21191791296178
4.795 12.92465827705078
4.805 12.549828009654771
4.815 12.102086076716933
4.825 11.598049391261355
4.835 11.055572279398657
4.845 10.492975175393067
4.855 9.92826286598335
4.865 9.378372305528629
4.875 8.858487397704298
4.885 8.381453491538451
4.895 7.957318077090518
4.905 7.593016753315949
4.915 7.292215456972883
4.925 7.055311648075543
4.935 6.879589065376934
4.945 6.75951316401872
4.955 6.687147741771423
4.965 6.654484281734108
4.975 6.647636051877052
4.985 6.656099465189181
4.995 6.668124421686754
5.005 6.672527401660169
5.015 6.659237508518838
5.025 6.61976190024854
5.035 6.547550738200055
5.045 6.43824800414316
5.055 6.289821354472193
5.065 6.102571141386683
5.075 5.87902535894214
5.085 5.623733111119314
5.095 5.342973858719496
5.105 5.044402897652009
5.115 4.736655106309791
5.125 4.428928980970477
5.135 4.130571513396502
5.145 3.8491264563929652
5.155 3.5967211256626967
5.165 3.3786575293627368
5.175 3.201350372713258
5.185 3.0697880424619397
5.195 2.9858574345339752
5.205 2.954855969140214
5.215 2.974588028283044
5.225 3.0434075414107484
5.235 3.157997426308225
5.245 3.3134796439197958
5.255 3.5035711115449066
5.265 3.720783792240549
5.275 3.956666264110585
5.285 4.202082441660327
5.295 4.44913301167253
5.305 4.6858191177884825
5.315 4.90405622713824
5.325 5.095353738941544
5.335 5.252218683678038
5.345 5.368451367072243
5.355 5.4393929756203665
5.365 5.462111725056675
5.375 5.435517068205912
5.385 5.360395372330105
5.395 5.2393650011258925
5.405 5.076753485851311
5.415 4.879950214967058
5.425 4.653717485130074
5.435 4.4072512089642615
5.445 4.148009418279214
5.455 3.888380845595451
5.465 3.6355490972250424
5.475 3.398439618329343
5.485 3.185381587820666
5.495 3.0038685801313747
5.505 2.8603610469875647
5.515 2.7601331668654483
5.525 2.707164203772442
5.535 2.7040727335605226
5.545 2.7520909696971203
5.555 2.851075883765403
5.565 2.9995537219403907
5.575 3.1947946740436217
5.585 3.432914655316225
5.595 3.7090012407590587
5.605 4.0172606350643765
5.615 4.351182132810684
5.625 4.703715870363703
5.635 5.067458910198316
5.645 5.434843994459497
5.655 5.798324836327896
5.665 6.150551742883673
5.675 6.484531785868349
5.685 6.793768684074053
5.695 7.072378972491798
5.705 7.316585566571794
5.715 7.5198515642258625
5.725 7.679599086600977
5.735 7.793177900838254
5.745 7.858815451056071
5.755 7.875621026421101
5.765 7.843583473043456
5.775 7.762353499357657
5.785 7.636492323919323
5.795 7.466820631514663
5.805 7.256791363440403
5.815 7.0106486175906415
5.825 6.733387122707938
5.835 6.430691213149966
5.845 6.1088493072402255
5.855 5.774641182036343
5.865 5.435197170859728
5.875 5.097830587031863
5.885 4.769846966686128
5.895 4.458335895196913
5.905 4.16995303509955
5.915 3.9107013573763147
5.925 3.685721400953386
5.935 3.4991006139208523
5.945 3.353711480016632
5.955 3.2510872551356123
5.965 3.1913427990332495
5.975 3.173146259747025
5.985 3.195027787357455
5.995 3.250953102971902
6.005 3.336564581366579
6.015 3.4456639167708794
6.025 3.5713084711892877
6.035 3.706089770440984
6.045 3.8424384074450373
6.055 3.97294225007487
6.065 4.090663412181928
6.075 4.189438719142377
6.085 4.264148513787565
6.095 4.310939680722242
6.105 4.326315517277904
6.115 4.313131300581507
6.125 4.268622105528001
6.135 4.195887469714296
6.1450000000000005 4.098600476278225
6.155 3.9816494567753398
6.165 3.8509018249991565
6.175 3.7129246126609017
6.185 3.574676742182784
6.195 3.443189157993114
6.205 3.325249041518541
6.215 3.227103506665747
6.225 3.1531652389409937
6.235 3.111457150803435
6.245 3.1019189032773755
6.255 3.127394039696391
6.265 3.188610763605144
6.275 3.2849992614120462
6.285 3.414773907297622
6.295 3.575066074134802
6.305 3.763261726666545
6.315 3.973118588681764
6.325 4.201682293944288
6.335 4.44209301770277
6.345 4.690095732068285
6.355 4.940915413278114
6.365 5.190223893891351
6.375 5.434301869730733
6.385 5.670161353357182
6.3950000000000005 5.895625416770146
6.405 6.109364692644296
6.415 6.310892510134259
6.425 6.500522525038504
6.435 6.679294112582767
6.445 6.84887154545171
6.455 7.011423088049011
6.465 7.169485696159472
6.475 7.325820190124201
6.485 7.4832607901012675
6.495 7.645661762885824
6.505 7.813877690602238
6.515 7.989910763858652
6.525 8.177646428668151
6.535 8.37678340910323
6.545 8.587651198149755
6.555 8.80971169265702
6.565 9.04148942675789
6.575 9.28161000401871
6.585 9.52502677004449
6.595 9.768188196829733
6.605 10.006036943472868
6.615 10.23289075780864
6.625 10.443733342291093
6.635 10.630697752448668
6.6450000000000005 10.788477213134774
6.655 10.911534767870256
6.665 10.99514217688067
6.675 11.035683541698017
6.685 11.030919546632315
6.695 10.980192538990703
6.705 10.88565523688888
6.715 10.74844456215761
6.725 10.573860349477371
6.735 10.368035359203667
6.745 10.13843251412454
6.755 9.893531404363317
6.765 9.64245528381779
6.775 9.394560362635085
6.785 9.159011630738863
6.795 8.9435146511252
6.805 8.75764963471254
6.815 8.606450063362868
6.825 8.494664428068786
6.835 8.425308325660657
6.845 8.399585656050878
6.855 8.416895816182171
6.865 8.47492095786447
6.875 8.570939039644461
6.885 8.697972678372988
6.8950000000000005 8.851708262971782
6.905 9.023345235488593
6.915 9.206196614168672
6.925 9.391797514014698
6.935 9.57452829478667
6.945 9.746015612112643
6.955 9.899696194940834
6.965 10.030971585296761
6.975 10.133195639114273
6.985 10.203453646971521
6.995 10.239221532391252
