0.005 0.0
0.015 0.0
0.025 0.0
0.034999999999999996 0.0
0.045 0.0
0.055 0.0
0.065 0.0
0.07500000000000001 0.0
0.085 0.0
0.095 0.0
0.10500000000000001 0.0
0.115 0.0
0.125 0.0
0.135 0.0
0.14500000000000002 0.0
0.155 0.0
0.165 0.0
0.17500000000000002 0.0
0.185 0.0
0.195 0.0
0.20500000000000002 0.0
0.215 0.0
0.225 0.0
0.23500000000000001 0.0
0.245 0.0
0.255 0.0
0.265 0.0
0.275 0.0
0.28500000000000003 0.0
0.295 0.0
0.305 0.0
0.315 0.0
0.325 0.0
0.335 0.0
0.34500000000000003 0.0
0.35500000000000004 0.0
0.365 0.0
0.375 0.0
0.385 0.0
0.395 0.0
0.405 0.0
0.41500000000000004 0.0
0.425 0.0
0.435 0.0
0.445 0.0
0.455 0.0
0.465 0.0
0.47500000000000003 0.0
0.485 0.0
0.495 0.0
0.505 0.0
0.515 0.0
0.525 0.0
0.535 0.0
0.545 0.0
0.555 0.0
0.5650000000000001 0.0
0.5750000000000001 0.0
0.585 0.0
0.595 0.0
0.605 0.0
0.615 0.0
0.625 0.0
0.635 0.0
0.645 0.0
0.655 0.0
0.665 0.0
0.675 0.0
0.685 0.0
0.6950000000000001 0.0
0.7050000000000001 0.0
0.715 0.0
0.725 0.0
0.735 0.0
0.745 0.0
0.755 0.0
0.765 0.0
0.775 0.0
0.785 0.0
0.795 0.0
0.805 0.0
0.8150000000000001 0.0
0.8250000000000001 0.0
0.8350000000000001 0.0
0.845 0.0
0.855 0.0
0.865 0.0
0.875 0.0
0.885 0.0
0.895 0.0
0.905 0.0
0.915 0.0
0.925 0.0
0.935 0.0
0.9450000000000001 0.0
0.9550000000000001 0.0
0.965 0.0
0.975 0.0
0.985 0.0
0.995 0.0
1.005 0.0
1.015 0.0
1.025 0.0
1.035 0.0
1.045 0.0
1.055 0.0
1.065 0.0
1.075 0.0
1.085 0.0
1.095 0.0
1.105 0.0
1.115 0.0
1.125 0.0
1.135 0.0
1.145 0.0
1.155 0.0
1.1649999999999998 0.0
1.1749999999999998 0.0
1.1849999999999998 0.0
1.1949999999999998 0.0
1.2049999999999998 0.0
1.2149999999999999 0.0
1.2249999999999999 0.0
1.2349999999999999 0.0
1.2449999999999999 0.0
1.255 0.0
1.265 0.0
1.275 0.0
1.285 0.0
1.295 0.0
1.305 0.0
1.315 0.0
1.325 0.0
1.335 0.0
1.345 0.0
1.355 0.0
1.365 0.0
1.375 0.0
1.385 0.0
1.395 0.0
1.405 0.01604766989619126
1.4149999999999998 0.02382090749502376
1.4249999999999998 0.035007546804411635
1.4349999999999998 0.05093568004726377
1.4449999999999998 0.07337356062268999
1.4549999999999998 0.1046439526958299
1.4649999999999999 0.14775620636069114
1.4749999999999999 0.2065543680388749
1.4849999999999999 0.28587757542699
1.4949999999999999 0.3917264095226443
1.505 0.5314258414962745
1.515 0.7137720554006816
1.525 0.9491469760060434
1.535 1.2495811088697986
1.545 1.6287427240483776
1.555 2.1018299756603955
1.565 2.6853427736366293
1.575 3.396713621426477
1.585 4.25378162851071
1.595 5.2741017592046715
1.605 6.474092104590126
1.615 7.868035262254802
1.625 9.466965115119924
1.635 11.277486376187788
1.645 13.300589828437337
1.655 15.530539600568705
1.665 17.95391832587194
1.6749999999999998 20.548919947199604
1.6849999999999998 23.284976850363282
1.6949999999999998 26.122797022900055
1.7049999999999998 29.014867825503526
1.7149999999999999 31.906456334628402
1.7249999999999999 34.73710354937718
1.7349999999999999 37.44257336351194
1.7449999999999999 39.95718006103896
1.755 42.216383582389504
1.765 44.159513371772384
1.775 45.732462378807995
1.785 46.89018517580642
1.795 47.59883957421141
1.805 47.83742975046043
1.815 47.59883957421141
1.825 46.89018517580642
1.835 45.732462378807995
1.845 44.159513371772384
1.855 42.216383582389504
1.865 39.95718006103896
1.875 37.44257336351194
1.885 34.73710354937718
1.895 31.906456334628402
1.905 29.014867825503526
1.915 26.122797022900055
1.9249999999999998 23.284976850363282
1.9349999999999998 20.548919947199604
1.9449999999999998 17.95391832587194
1.9549999999999998 15.530539600568705
1.9649999999999999 13.300589828437337
1.9749999999999999 11.277486376187788
1.9849999999999999 9.466965115119924
1.9949999999999999 7.868035262254802
2.005 6.474092104590126
2.015 5.2741017592046715
2.025 4.25378162851071
2.035 3.396713621426477
2.045 2.6853427736366293
2.0549999999999997 2.110504864374709
2.065 1.6416195917139023
2.0749999999999997 1.2685051380063561
2.085 0.9766812759297192
2.0949999999999998 0.7534356001453185
2.105 0.5879932216913035
2.1149999999999998 0.4715989801400333
2.125 0.3975346675645715
2.135 0.36109120539838413
2.145 0.3595117466384059
2.155 0.39191681316166915
2.165 0.4592173116495635
2.175 0.5640160489507561
2.185 0.7104935911382546
2.195 0.9042703413857552
2.205 1.152233873451443
2.215 1.4516157094315354
2.225 1.8361614396903665
2.235 2.299466681519804
2.245 2.851021121759399
2.255 3.499699887699098
2.265 4.253223722937591
2.275 5.117557213427077
2.285 6.096270668792287
2.295 7.1898996765757115
2.305 8.395343596900794
2.315 9.70534940401358
2.3249999999999997 11.108129397875649
2.335 12.58715964366893
2.3449999999999998 14.121200058709634
2.355 15.6845667361644
2.3649999999999998 17.2476727002395
2.375 18.7778356295788
2.385 20.240331413039723
2.395 21.5996523239522
2.405 22.820909943125425
2.415 23.871307588977047
2.425 24.728147954095736
2.435 25.357151517524322
2.445 25.74479567785256
2.455 25.880272906628537
2.465 25.760458313468835
2.475 25.390146915805044
2.485 24.781916970182916
2.495 23.95563185098836
2.505 22.937617305948798
2.515 21.75957167451816
2.525 20.457282002482025
2.535 19.06922768479128
2.545 17.635154790557333
2.555 16.19469879402965
2.565 14.786121984668766
2.5749999999999997 13.445215869996073
2.585 12.204400320559364
2.5949999999999998 11.092032107023108
2.605 10.131917846029964
2.6149999999999998 9.343011919323418
2.625 8.73926991444418
2.635 8.32962323395189
2.645 8.123679665439681
2.655 8.11201885436933
2.665 8.29318759867946
2.675 8.657590197405117
2.685 9.191495318437255
2.695 9.877327296113956
2.705 10.694021279389233
2.715 11.617463844436205
2.725 12.621039348612438
2.735 13.68161608417194
2.745 14.761634620295629
2.755 15.835333035224428
2.765 16.874371763337642
2.775 17.852461343695136
2.785 18.7464466057818
2.795 19.5373329826278
2.805 20.21118720200166
2.815 20.75984511345764
2.8249999999999997 21.181366099656977
2.835 21.480186159126937
2.8449999999999998 21.666939480733966
2.855 21.757939764379593
2.8649999999999998 21.768549933649936
2.875 21.737159021049138
2.885 21.6825672248553
2.895 21.632997031388093
2.905 21.61586062935323
2.915 21.656225060064664
2.925 21.775392718494754
2.935 21.98968155062138
2.945 22.309475376971186
2.955 22.738596367279754
2.965 23.274030379028723
2.975 23.906013387027812
2.985 24.618465290474198
2.995 25.389737537603235
3.005 26.1936245126394
3.015 27.00057636411475
3.025 27.779043379706337
3.035 28.496879181755673
3.045 29.122731616361165
3.055 29.6273556369475
3.065 29.984790948667637
3.075 30.17335780067279
3.085 30.17643621014578
3.0949999999999998 29.983006274691938
3.105 29.587939407218258
3.1149999999999998 28.992041791310243
3.125 28.201861736863982
3.135 27.229281674429835
3.145 26.090923114818928
3.155 24.807398927169125
3.165 23.402451689195452
3.175 21.90201958113975
3.185 20.333272278720745
3.195 18.72365851629292
3.205 17.100004445676497
3.215 15.487697681981775
3.225 13.909986169256719
3.235 12.38304439251549
3.245 10.934522882427892
3.255 9.57213700109911
3.265 8.306618403094628
3.275 7.145223251190261
3.285 6.091916115491767
3.295 5.147657289405852
3.305 4.310769112044115
3.315 3.577355224475574
3.325 2.9417468143263554
3.335 2.396951641275458
3.3449999999999998 1.935084689226572
3.355 1.5477632847574434
3.3649999999999998 1.2264540460699627
3.375 0.9627636798479868
3.385 0.74867006737513
3.395 0.5766939899946617
3.405 0.4400150393231267
3.415 0.3325376335425317
3.425 0.24891459785995157
3.435 0.18453651764197
3.445 0.13549514350286831
3.455 0.09476765949732927
3.465 0.06847222622745829
3.475 0.04898079127784958
3.485 0.03468919331193117
3.495 0.024323141116654547
3.505 0.01688504310201406
3.515 0.011604909095937725
3.525 0.007896567777427225
3.535 0.00531976009022852
3.545 0.0
3.555 0.0
3.565 0.0
3.575 0.0
3.585 0.0
3.5949999999999998 0.0
3.605 0.0
3.6149999999999998 0.0
3.625 0.0
3.635 0.0
3.645 0.0
3.655 0.0
3.665 0.0
3.675 0.0
3.685 0.0
3.695 0.003117880584099774
3.705 0.004628132648216968
3.715 0.00680157002134899
3.725 0.009896225986987316
3.735 0.014255652162065532
3.745 0.020331135327703826
3.755 0.028707358138116822
3.765 0.04013117529431835
3.775 0.055542776466562215
3.785 0.07610800660971007
3.795 0.1032500246956956
3.805 0.13867782970379777
3.815 0.1844085120824065
3.825 0.24277946286318458
3.835 0.31644627217870896
3.8449999999999998 0.4083617693149204
3.855 0.5217316999747996
3.8649999999999998 0.6599430022240422
3.875 0.8264616130770263
3.885 1.024698263359313
3.895 1.257842802297796
3.905 1.5286701769095419
3.915 1.8393241457308271
3.925 2.193883015169248
3.935 2.5883030074547833
3.945 3.0235054235015286
3.955 3.497114739874541
3.965 4.005202270149743
3.975 4.542233637869505
3.985 5.101099000118073
3.995 5.673236721574942
4.005 6.248855666373429
4.015 6.817254479765866
4.025 7.367228632415166
4.035 7.887548199122863
4.045 8.367482037427907
4.055 8.797337945411217
4.065 9.168984191798963
4.075 9.476316081910648
4.085 9.715632315499056
4.095 9.885889929062103
4.1049999999999995 9.988813446520636
4.115 10.028843068247038
4.125 10.012917648215012
4.135 9.950099996426173
4.145 9.851063744070899
4.155 9.727471647189429
4.165 9.591283876463972
4.175 9.45404079566367
4.185 9.326167440525715
4.195 9.216346112993172
4.205 9.130999231537643
4.215 9.073917140049538
4.225 9.046055544196879
4.235 9.045515389766924
4.245 9.067705237439064
4.255 9.105673503336774
4.265 9.150586291798465
4.275 9.192316823028381
4.285 9.220105371067568
4.295 9.223244678322907
4.305 9.191745247901508
4.315 9.116937706416222
4.325 8.991975279915465
4.335 8.812207793313995
4.345 8.575408753857117
4.355 8.281848148203819
4.365 7.9342146570212115
4.375 7.53740118937996
4.385 7.098176191776656
4.395 6.624769501222502
4.405 6.12640522192225
4.415 5.612815093011059
4.425 5.0937642094294535
4.435 4.578617106922014
4.445 4.078193948720773
4.455 3.596647602959625
4.465 3.141859220957839
4.475 2.718885926883882
4.485 2.3314276367300732
4.495 1.981885656048328
4.505 1.6694058871139856
4.515 1.3990747975176177
4.525 1.1672957767886754
4.535 0.972979849479568
4.545 0.8146560149886174
4.555 0.6906855196222839
4.565 0.5994516858631975
4.575 0.5395171571203312
4.585 0.5097427073411983
4.595 0.5093638812522951
4.605 0.5380236301779757
4.615 0.5957608088592783
4.625 0.6829559619894208
4.635 0.8002373366444828
4.645 0.9504057952959057
4.655 1.1310544502730622
4.665 1.344165705706642
4.675 1.5899834033338918
4.685 1.868201872829543
4.695 2.1777981942913134
4.705 2.516890782451914
4.715 2.8826371879949924
4.725 3.2711829611801675
4.735 3.6758070420655384
4.745 4.0950889270138315
4.755 4.519762951039118
4.765 4.942766780294421
4.775 5.356724874408276
4.785 5.754270142201894
4.795 6.128390337240483
4.805 6.472776907023402
4.815 6.782151646478606
4.825 7.052546089373308
4.835 7.281510329001473
4.845 7.468231917688009
4.855 7.613551455410009
4.865 7.719869023840475
4.875 7.7909441461258435
4.885 7.831600710731687
4.895 7.847356480676562
4.905 7.844003625836962
4.915 7.8271714757894895
4.925 7.8019048815719945
4.935 7.772290921100996
4.945 7.741163180359566
4.955 7.709906763777148
4.965 7.678379059047287
4.975 7.644951833225022
4.985 7.606670327359138
4.995 7.559515548223007
5.005 7.498747781917535
5.015 7.41930319570227
5.025 7.316211767767901
5.035 7.185003954042845
5.045 7.0220754579002165
5.055 6.824983939698475
5.065 6.592657986831749
5.075 6.325506490089863
5.085 6.027162829534101
5.095 5.698283257244121
5.105 5.344640048495504
5.115 4.9718531973625195
5.125 4.586266361976932
5.135 4.194642239477567
5.145 3.8055600818694075
5.155 3.42315716668302
5.165 3.0549813501193395
5.175 2.7068884693391397
5.185 2.3840559449120833
5.195 2.090923695457544
5.205 1.831192690191023
5.215 1.607872915995599
5.225 1.423369171016903
5.235 1.2795909040398519
5.245 1.1780713412979007
5.255 1.1185957719026598
5.265 1.1057436191302956
5.275 1.1383618203815455
5.285 1.2174295168019904
5.295 1.3438203274732947
5.305 1.518246042670202
5.315 1.7411570009091613
5.325 2.012605307524833
5.335 2.3320803421607987
5.345 2.699912925224601
5.355 3.1115251538067947
5.365 3.5648037064403475
5.375 4.05538682225964
5.385 4.577640614929244
5.395 5.124639925619179
5.405 5.688220701801255
5.415 6.260656418925521
5.425 6.829431623149827
5.435 7.384885690765051
5.445 7.916094869078421
5.455 8.410942631124003
5.465 8.864026449722488
5.475 9.261994459511051
5.485 9.598439357491584
5.495 9.867843990433549
5.505 10.066924584536046
5.515 10.196362486612905
5.525 10.2556780744073
5.535 10.250349151640226
5.545 10.187372231971382
5.555 10.076023334034444
5.565 9.927509395484353
5.575 9.754523637601736
5.585 9.57072713995273
5.595 9.390183046116013
5.605 9.226772228075479
5.615 9.093619751749715
5.625 9.002560123387674
5.635 8.963666216479297
5.645 8.984862270398946
5.655 9.07163580457688
5.665 9.226857158881606
5.675 9.453542508376646
5.685 9.744929089538404
5.695 10.098095212834899
5.705 10.505993042532403
5.715 10.959645168391782
5.725 11.448507426563067
5.735 11.960870469218282
5.745 12.484283368549026
5.755 13.005983890748631
5.765 13.513321885649338
5.775 13.994164195546485
5.785 14.437271313315735
5.795 14.832637505305065
5.805 15.171787145172466
5.815 15.448020578525139
5.825 15.657952302049072
5.835 15.796893202840366
5.845 15.86666911693319
5.855 15.86699031231143
5.865 15.802642152895825
5.875 15.679441701898703
5.885 15.504891602013968
5.895 15.288028037967276
5.905 15.039437684528135
5.915 14.76885034220939
5.925 14.486990055802021
5.935 14.204271548728222
5.945 13.930373765217704
5.955 13.67272441342157
5.965 13.4411099776143
5.975 13.2393670755789
5.985 13.071248086806845
5.995 12.938717788448635
6.005 12.842058048710928
6.015 12.780069016752918
6.025 12.750347211259914
6.035 12.749613972360672
6.045 12.774063162758363
6.055 12.81969537781999
6.065 12.882607547966611
6.075 12.959211638819522
6.085 13.046363764610131
6.095 13.141394691001471
6.105 13.242043424610557
6.115 13.346306232930692
6.125 13.452222858117072
6.135 13.557628846152209
6.1450000000000005 13.659907012783693
6.155 13.754715076388567
6.165 13.840418329597586
6.175 13.910491412023912
6.185 13.959130594024504
6.195 13.979819535728938
6.205 13.96557990882488
6.215 13.909306335732317
6.225 13.803129193182153
6.235 13.643311919003896
6.245 13.423313179689728
6.255 13.139602053448677
6.265 12.790418472758274
6.275 12.374969068779006
6.285 11.897923021397903
6.295 11.362160168248188
6.305 10.773978387288237
6.315 10.141330591584508
6.325 9.472497349352931
6.335 8.780018622550273
6.345 8.073158344796665
6.355 7.362727084948948
6.365 6.659175646112651
6.375 5.972225438653172
6.385 5.310559750099135
6.3950000000000005 4.6815885387232585
6.405 4.091293206302658
6.415 3.544151864656939
6.425 3.0431403487947617
6.435 2.5897999778236
6.445 2.1843600219528287
6.455 1.8259010671463443
6.465 1.5125449272830775
6.475 1.2416572907281784
6.485 1.0081608919130838
6.495 0.8129294967908176
6.505 0.6494884356918271
6.515 0.514135854106458
6.525 0.4032407685799426
6.535 0.3133451377779918
6.545 0.24123770045929246
6.555 0.1840020417108948
6.565 0.1390422442831391
6.575 0.10408997253170804
6.585 0.07719697671706438
6.595 0.056716864688614796
6.605 0.04127964158565584
6.615 0.029762039543787575
6.625 0.021256114318717448
6.635 0.014138118019516928
6.6450000000000005 0.00994416838512661
6.655 0.006032586499302746
6.665 0.00418780134394768
6.675 0.0028782309654016656
6.685 0.0019584940915513063
6.695 0.0013193983764649602
6.705 0.0
6.715 0.0
6.725 0.0
6.735 0.0
6.745 0.0
6.755 0.0
6.765 0.0
6.775 0.0
6.785 0.0
6.795 0.0
6.805 0.0
6.815 0.0
6.825 0.0
6.835 0.0
6.845 0.0
6.855 0.0
6.865 0.0
6.875 0.0
6.885 0.0
6.8950000000000005 0.0
6.905 0.0
6.915 0.0
6.925 0.0
6.935 0.0
6.945 0.0
6.955 0.0
6.965 0.0
6.975 0.0
6.985 0.0
6.995 0.0
