0.005 0.0
0.015 0.0
0.025 0.0
0.034999999999999996 0.0
0.045 0.0
0.055 0.0
0.065 0.0
0.07500000000000001 0.0
0.085 0.0
0.095 0.0
0.10500000000000001 0.0
0.115 0.0
0.125 0.0
0.135 0.0
0.14500000000000002 0.0
0.155 0.0
0.165 0.0
0.17500000000000002 0.0
0.185 0.0
0.195 0.0
0.20500000000000002 0.0
0.215 0.0
0.225 0.0
0.23500000000000001 0.0
0.245 0.0
0.255 0.0
0.265 0.0
0.275 0.0
0.28500000000000003 0.0
0.295 0.0
0.305 0.0
0.315 0.0
0.325 0.0
0.335 0.0
0.34500000000000003 0.0
0.35500000000000004 0.0
0.365 0.0
0.375 0.0
0.385 0.0
0.395 0.0
0.405 0.0
0.41500000000000004 0.0
0.425 0.0
0.435 0.0
0.445 0.0
0.455 0.0
0.465 0.0
0.47500000000000003 0.0
0.485 0.0
0.495 0.0
0.505 0.0
0.515 0.0
0.525 0.0
0.535 0.0
0.545 0.0
0.555 0.0
0.5650000000000001 0.0
0.5750000000000001 0.0
0.585 0.0
0.595 0.0
0.605 0.0
0.615 0.0
0.625 0.0
0.635 0.0
0.645 0.0
0.655 0.0
0.665 0.0
0.675 0.0
0.685 0.0
0.6950000000000001 0.0
0.7050000000000001 0.0
0.715 0.0
0.725 0.0
0.735 0.0
0.745 0.0
0.755 0.0
0.765 0.0
0.775 0.0
0.785 0.0
0.795 0.0
0.805 0.0
0.8150000000000001 0.0
0.8250000000000001 0.0
0.8350000000000001 0.0
0.845 0.0
0.855 0.0
0.865 0.0
0.875 0.0
0.885 0.0
0.895 0.0
0.905 0.0
0.915 0.0
0.925 0.0
0.935 0.0
0.9450000000000001 0.0
0.9550000000000001 0.0
0.965 0.0
0.975 0.0
0.985 0.0
0.995 0.0
1.005 0.0
1.015 0.0
1.025 0.0
1.035 0.0
1.045 0.0
1.055 0.0
1.065 0.0
1.075 0.0
1.085 0.0
1.095 0.0
1.105 0.0
1.115 0.0
1.125 0.0
1.135 0.0
1.145 0.0
1.155 0.0
1.1649999999999998 0.0
1.1749999999999998 0.0
1.1849999999999998 0.0
1.1949999999999998 0.0
1.2049999999999998 0.0
1.2149999999999999 0.0
1.2249999999999999 0.0
1.2349999999999999 0.0
1.2449999999999999 0.0
1.255 0.0
1.265 0.0
1.275 0.0
1.285 0.0
1.295 0.0
1.305 0.0
1.315 0.0
1.325 0.0
1.335 0.0
1.345 0.0
1.355 0.0
1.365 0.0
1.375 0.0
1.385 0.0
1.395 0.0
1.405 0.0
1.4149999999999998 0.0
1.4249999999999998 0.0
1.4349999999999998 0.0
1.4449999999999998 0.0
1.4549999999999998 0.0
1.4649999999999999 0.0
1.4749999999999999 0.014871813550177212
1.4849999999999999 0.022075484924206475
1.4949999999999999 0.03244244879737193
1.505 0.047203484469366744
1.515 0.06799728061157677
1.525 0.09697640615198001
1.535 0.1369297079321925
1.545 0.19141956865512905
1.555 0.26493054925911513
1.565 0.36302355187925395
1.575 0.4924868271595228
1.585 0.6614720388637275
1.595 0.8796003999450768
1.605 1.1580209081535218
1.615 1.5094003222862977
1.625 1.9478231864436382
1.635 2.4885804173550476
1.645 3.1478271916093594
1.655 3.9420954986988415
1.665 4.887654003038118
1.6749999999999998 5.999717797596902
1.6849999999999998 7.291522955257485
1.6949999999999998 8.773294876380195
1.7049999999999998 10.451154328712493
1.7149999999999999 12.32601949787428
1.7249999999999999 14.392574795429898
1.7349999999999999 16.63838598155914
1.7449999999999999 19.043244788129684
1.755 21.578823373042056
1.765 24.20870875627238
1.775 26.888869678602802
1.785 29.568583646407337
1.795 32.19182165394284
1.805 34.69905434888967
1.815 37.029408986015184
1.825 39.12307453115475
1.835 40.92382592487303
1.845 42.38152068728348
1.855 43.45441399149064
1.865 44.111143357982236
1.875 44.332251384196155
1.885 44.111143357982236
1.895 43.45441399149064
1.905 42.38152068728348
1.915 40.92382592487303
1.9249999999999998 39.12307453115475
1.9349999999999998 37.029408986015184
1.9449999999999998 34.69905434888967
1.9549999999999998 32.19182165394284
1.9649999999999999 29.568583646407337
1.9749999999999999 26.888869678602802
1.9849999999999999 24.20870875627238
1.9949999999999999 21.578823373042056
2.005 19.043244788129684
2.015 16.63838598155914
2.025 14.392574795429898
2.035 12.32601949787428
2.045 10.451154328712493
2.0549999999999997 8.773294876380195
2.065 7.291522955257485
2.0749999999999997 5.999717797596902
2.085 4.887654003038118
2.0949999999999998 3.9420954986988415
2.105 3.1478271916093594
2.1149999999999998 2.4885804173550476
2.125 1.9478231864436382
2.135 1.5094003222862977
2.145 1.1580209081535218
2.155 0.8876095262430616
2.165 0.6733606593235452
2.175 0.509958514049449
2.185 0.38844470630299394
2.195 0.301550078309837
2.205 0.24364563255616728
2.215 0.21067238370437746
2.225 0.20006427072828376
2.235 0.2106740444138947
2.245 0.24270764852670512
2.255 0.2976682859493879
2.265 0.378307297807713
2.275 0.48857535153153825
2.285 0.6236452385457812
2.295 0.8128785218172613
2.305 1.0489885348370618
2.315 1.3402101094153969
2.3249999999999997 1.6952435193440036
2.335 2.1229919687515384
2.3449999999999998 2.632216849619996
2.355 3.231112159326957
2.3649999999999998 3.926806105810608
2.375 4.724805517317349
2.385 5.628406696733488
2.395 6.638104127436585
2.405 7.751035131046118
2.415 8.960503322026893
2.425 10.25562565836193
2.435 11.621146350005276
2.445 13.037455404207
2.455 14.480840049492047
2.465 15.923983990088642
2.475 17.33671313984157
2.485 18.686968321868566
2.495 19.94196688306357
2.505 21.069497948470335
2.515 22.03928184838953
2.525 22.82431464998199
2.535 23.402114926233764
2.545 23.75579260125842
2.555 23.87486900720383
2.565 23.75579260125842
2.5749999999999997 23.402114926233764
2.585 22.82431464998199
2.5949999999999998 22.03928184838953
2.605 21.069497948470335
2.6149999999999998 19.94196688306357
2.625 18.686968321868566
2.635 17.33671313984157
2.645 15.923983990088642
2.655 14.486442069926003
2.665 13.04577095477638
2.675 11.633367002212704
2.685 10.273406602404773
2.695 8.986117020998726
2.705 7.787564893004335
2.715 6.689683783089447
2.725 5.7005119804264925
2.735 4.824601439685603
2.745 4.06355239763125
2.755 3.4166255978792255
2.765 2.881384838830075
2.775 2.4543260994264826
2.785 2.1314550660081646
2.795 1.9087817513296554
2.805 1.7827084174440964
2.815 1.750294681758196
2.8249999999999997 1.8093911592069842
2.835 1.958640090057222
2.8449999999999998 2.1973480632145264
2.855 2.5252421819443636
2.8649999999999998 2.942126857529842
2.875 3.4474638366616324
2.885 4.039902961829391
2.895 4.716795311111592
2.905 5.473723437385227
2.915 6.304085022902592
2.925 7.198765956789782
2.935 8.145936253005967
2.945 9.130997105430113
2.955 10.136699677539232
2.965 11.138104255504526
2.975 12.12624419363384
2.985 13.070686426074705
2.995 13.948500974481592
3.005 14.737157793380511
3.015 15.415477627746887
3.025 15.96457245185434
3.035 16.368717527594004
3.045 16.616099013264986
3.055 16.699387556170848
3.065 16.616099013264986
3.075 16.368717527594004
3.085 15.96457245185434
3.0949999999999998 15.415477627746887
3.105 14.737157793380511
3.1149999999999998 13.948500974481592
3.125 13.070686426074705
3.135 12.12624419363384
3.145 11.142264652159593
3.155 10.134866178263989
3.165 9.128184274886797
3.175 8.141669762525428
3.185 7.192367072774126
3.195 6.294594687908391
3.205 5.459803522020704
3.215 4.696602347380932
3.225 4.010929539802003
3.235 3.406343077838353
3.245 2.884396109032492
3.255 2.445063450757207
3.265 2.08718486525686
3.275 1.8088934317479186
3.285 1.6080013524422685
3.295 1.4823205888595106
3.305 1.429901394653144
3.315 1.4491777411311058
3.325 1.5390145687305252
3.335 1.6986575775940522
3.3449999999999998 1.9275917922151335
3.355 2.225320326330187
3.3649999999999998 2.5910795534945184
3.375 3.023511134643128
3.385 3.520314886121803
3.395 4.077909049487987
3.405 4.691125864164879
3.415 5.352970154245608
3.425 6.054466670271893
3.435 6.784618019433465
3.445 7.5304891638923825
3.455 8.277426844120509
3.465 9.005676858287023
3.475 9.707076353536085
3.485 10.358994131062435
3.495 10.944698026652542
3.505 11.448459054166516
3.515 11.856249831880339
3.525 12.156392225342127
3.535 12.340112566537746
3.545 12.401967638184873
3.555 12.340112566537746
3.565 12.156392225342127
3.575 11.856249831880339
3.585 11.448459054166516
3.5949999999999998 10.944698026652542
3.605 10.358994131062435
3.6149999999999998 9.707076353536085
3.625 9.005676858287023
3.635 8.271824823686552
3.645 7.522173613323003
3.655 6.772397367226036
3.665 6.03668572622905
3.675 5.327356455273775
3.685 4.6545961022066615
3.695 4.026329393835125
3.705 3.4482096024287987
3.715 2.9237152122748733
3.725 2.454333261673876
3.735 2.0398068877779183
3.745 1.6784238030050547
3.755 1.3673234469191082
3.765 1.1028030220663645
3.775 0.8806060992168472
3.785 0.6961815120461096
3.795 0.5449044289185757
3.805 0.42225543178106545
3.815 0.32395687967205744
3.825 0.2460686149258403
3.835 0.1850471059648591
3.8449999999999998 0.13777341555998887
3.855 0.10155600497903904
3.8649999999999998 0.07411444254891558
3.875 0.053549712041525366
3.885 0.041153661146096136
3.895 0.031355996757630594
3.905 0.025234040191541143
3.915 0.022243268113901846
3.925 0.022095258813511095
3.935 0.024743741692677502
3.945 0.03037838739624908
3.955 0.036651188076486575
3.965 0.05072636750946174
3.975 0.06950827739086646
3.985 0.09429666702434163
3.995 0.1266523390166563
4.005 0.16841747119711734
4.015 0.2217267670146391
4.025 0.2890055362860741
4.035 0.372950552796966
4.045 0.4764895750249481
4.055 0.6027158416588659
4.065 0.7574172936658352
4.075 0.9397341153778398
4.085 1.1544896048039783
4.095 1.4044351190104651
4.1049999999999995 1.6918174926195757
4.115 2.0181882641153486
4.125 2.3842150350538045
4.135 2.7895082318990787
4.145 3.2324778903537412
4.155 3.7102353557527494
4.165 4.218553750506398
4.175 4.75189856174989
4.185 5.303535747437014
4.195 5.865719507503234
4.205 6.429955649617918
4.215 6.987329786372444
4.225 7.528883046798931
4.235 8.046012253172231
4.245 8.530867284569153
4.255 8.976716218444846
4.265 9.378249243617683
4.275 9.731795473335906
4.285 10.035432577346256
4.295 10.288977223360462
4.305 10.493854020224724
4.315 10.652851113623639
4.325 10.769780788686168
4.335 10.849072340563284
4.345 10.895331129257526
4.355 10.9129013840904
4.365 10.905470505385434
4.375 10.875749221309055
4.385 10.825255268907952
4.395 10.756492905790918
4.405 10.664992944290237
4.415 10.550294954848836
4.425 10.409644194041295
4.435 10.239872851455967
4.445 10.03781790895951
4.455 9.800756006650648
4.465 9.52681843989526
4.475 9.215352184873485
4.485 8.867198531410253
4.495 8.484868780327762
4.505 8.072605640333174
4.515 7.636328463777665
4.525 7.183469358549578
4.535 6.7227147150904365
4.545 6.263672225887664
4.555 5.818616263990473
4.565 5.394590405585074
4.575 5.003128530215122
4.585 4.6537043598919885
4.595 4.354801494799068
4.605 4.11361245109018
4.615 3.9357957910825965
4.625 3.825296378737397
4.635 3.7842308016522788
4.645 3.812837823872629
4.655 3.9094922873348406
4.665 4.070779947239935
4.675 4.291630014768016
4.685 4.565501384306489
4.695 4.882718165291005
4.705 5.2389881913490886
4.715 5.624169324673472
4.725 6.025594783663031
4.735 6.435082951667518
4.745 6.843499516005326
4.755 7.242412450894955
4.765 7.624373118485415
4.775 7.983140749931603
4.785 8.313837447133967
4.795 8.613025058568821
4.805 8.878700668340306
4.815 9.110213511454099
4.825 9.308112267609488
4.835 9.473937206371259
4.845 9.609975903418036
4.855 9.719003686722363
4.865 9.804030269795867
4.875 9.866322926710424
4.885 9.912811030269562
4.895 9.943479473535707
4.905 9.960517121084774
4.915 9.965673344999768
4.925 9.960279428018652
4.935 9.945299683977733
4.945 9.921397263915752
4.955 9.888999397119873
4.965 9.848348784684042
4.975 9.801341408761385
4.985 9.745164719319662
4.995 9.680885192903855
5.005 9.608173634911463
5.015 9.526468914640798
5.025 9.43494167894594
5.035 9.332479331405185
5.045 9.217704816597067
5.055 9.089038036236765
5.065 8.944803467273925
5.075 8.783381415028533
5.085 8.603394093410298
5.095 8.403912166197596
5.105 8.184663205690274
5.115 7.946221251208208
5.125 7.690156570882463
5.135 7.419126878556897
5.145 7.136895415230708
5.155 6.848267040348566
5.165 6.558940209334798
5.175 6.275279778673898
5.185 6.00402231483738
5.195 5.751931390917534
5.205 5.523908052994936
5.215 5.329196403007539
5.225 5.1702148657465115
5.235 5.050249301940552
5.245 4.970943461799852
5.255 4.932146682185403
5.265 4.931856779132911
5.275 4.966263892697293
5.285 5.0298945311343415
5.295 5.115848656253319
5.305 5.216116752214607
5.315 5.321958789787575
5.325 5.424323148357271
5.335 5.5142811322705985
5.345 5.583451876835271
5.355 5.62439324543278
5.365 5.629516392459588
5.375 5.597510293684655
5.385 5.523388255278557
5.395 5.406060189198099
5.405 5.24619175012242
5.415 5.046101239764557
5.425 4.8095756564076515
5.435 4.541621356808659
5.445 4.248168078520231
5.455 3.9357468504962996
5.465 3.611162530061909
5.475 3.2811804161105274
5.485 2.9522438009489598
5.495 2.630235738485294
5.505 2.320294093678834
5.515 2.026684493006371
5.525 1.7513986321970623
5.535 1.4999243704376053
5.545 1.2732557556036428
5.555 1.0697975403567535
5.565 0.890515414593901
5.575 0.7347869842291589
5.585 0.6015309475304241
5.595 0.4893507576634359
5.605 0.3966723371631449
5.615 0.32187034689409993
5.625 0.2633791349922303
5.635 0.21978596861204638
5.645 0.1899053711635611
5.655 0.172834287796763
5.665 0.16798836925392246
5.675 0.17511993048086893
5.685 0.19431817331363793
5.695 0.22599215516203364
5.705 0.2708368439721637
5.715 0.32978253028790955
5.725 0.40392796432454553
5.735 0.49445792059550653
5.745 0.6025465027827748
5.755 0.7292483851446299
5.765 0.8753812979603486
5.775 1.0414043140586966
5.785 1.2274574617188665
5.795 1.4336833615924847
5.805 1.6580308704944038
5.815 1.89860294750037
5.825 2.152732371074264
5.835 2.416994903397764
5.845 2.6872669781910816
5.855 2.9588305297330235
5.865 3.2265243941122894
5.875 3.4849381395277934
5.885 3.728640500087143
5.895 3.9524311202898605
5.905 4.151601402045224
5.915 4.322188198277507
5.925 4.461203176129138
5.935 4.566821050030719
5.945 4.638511621066337
5.955 4.677103591676056
5.965 4.684772269189021
5.975 4.664948235192247
5.985 4.622149464972374
5.995 4.561744808536195
6.005 4.489661758861279
6.015 4.413326128901386
6.025 4.338112768942689
6.035 4.268594016186691
6.045 4.210576226457549
6.055 4.168020337960987
6.065 4.143691877361059
6.075 4.139045865121764
6.085 4.154199655746015
6.095 4.187996083594577
6.105 4.238153125107069
6.115 4.301490290434581
6.125 4.37421652729196
6.135 4.45225992970256
6.1450000000000005 4.531616310927084
6.155 4.608691964189115
6.165 4.68061584565314
6.175 4.745498016374001
6.185 4.802614408421989
6.195 4.852502660141955
6.205 4.896959619232225
6.215 4.9389377749421275
6.225 4.982344920459353
6.235 5.031758291754032
6.245 5.0920707984881375
6.255 5.169272812051038
6.265 5.265885094322078
6.275 5.386171559090238
6.285 5.532362263584284
6.295 5.70514929800299
6.305 5.903487386407826
6.315 6.1245043748002574
6.325 6.363532233237164
6.335 6.61426102250372
6.345 6.869009655063598
6.355 7.118112157895359
6.365 7.354652371293588
6.375 7.567933247580761
6.385 7.749205243433784
6.3950000000000005 7.890697500492985
6.405 7.986077160062843
6.415 8.030826503728326
6.425 8.02251233804531
6.435 7.9609293936785805
6.445 7.8481082547037335
6.455 7.68818779173405
6.465 7.487161500093072
6.475 7.25251580271614
6.485 6.992785598711942
6.495 6.71705758380091
6.505 6.434454773893475
6.515 6.153636065144249
6.525 5.882342608716956
6.535 5.627018507826891
6.545 5.392527265939105
6.555 5.181978058994426
6.565 4.996667874565778
6.575 4.836137480071558
6.585 4.698331643280941
6.595 4.578935961548542
6.605 4.475648395873563
6.615 4.382037999220919
6.625 4.292729669717179
6.635 4.202408135985675
6.6450000000000005 4.106156801123673
6.655 3.999745536857585
6.665 3.8798530240781903
6.675 3.744214676434645
6.685 3.591692863848916
6.695 3.422271637532789
6.705 3.23698305349598
6.715 3.037776174576145
6.725 2.827342672169803
6.735 2.6089145260401008
6.745 2.3860496231948014
6.755 2.162420179378789
6.765 1.9416170331745388
6.775 1.7269802432545072
6.785 1.521463342387021
6.795 1.3275353642987053
6.805 1.147121638852722
6.815 0.9815815815493147
6.825 0.8308720665664504
6.835 0.696418178252515
6.845 0.5787961312981584
6.855 0.4762535167808665
6.865 0.38797864937703147
6.875 0.3129208586266052
6.885 0.24987238080145432
6.8950000000000005 0.1975418203889607
6.905 0.15461687931099954
6.915 0.11981517064135087
6.925 0.09192291181341684
6.935 0.06982208129913858
6.945 0.05368771484456459
6.955 0.04084560624350129
6.965 0.0313918220728557
6.975 0.02477698723258761
6.985 0.02059233299688962
6.995 0.018567308194687555
