0.005 0.0
0.015 0.0
0.025 0.0
0.034999999999999996 0.0
0.045 0.0
0.055 0.0
0.065 0.0
0.07500000000000001 0.0
0.085 0.0
0.095 0.0
0.10500000000000001 0.0
0.115 0.0
0.125 0.0
0.135 0.0
0.14500000000000002 0.0
0.155 0.0
0.165 0.0
0.17500000000000002 0.0
0.185 0.0
0.195 0.0
0.20500000000000002 0.0
0.215 0.0
0.225 0.0
0.23500000000000001 0.0
0.245 0.0
0.255 0.0
0.265 0.0
0.275 0.0
0.28500000000000003 0.0
0.295 0.0
0.305 0.0
0.315 0.0
0.325 0.0
0.335 0.0
0.34500000000000003 0.0
0.35500000000000004 0.0
0.365 0.0
0.375 0.0
0.385 0.0
0.395 0.0
0.405 0.0
0.41500000000000004 0.0
0.425 0.0
0.435 0.0
0.445 0.0
0.455 0.0
0.465 0.0
0.47500000000000003 0.0
0.485 0.0
0.495 0.0
0.505 0.0
0.515 0.0
0.525 0.0
0.535 0.0
0.545 0.0
0.555 0.0
0.5650000000000001 0.0
0.5750000000000001 0.0
0.585 0.0
0.595 0.0
0.605 0.0
0.615 0.0
0.625 0.0
0.635 0.0
0.645 0.0
0.655 0.0
0.665 0.0
0.675 0.0
0.685 0.0
0.6950000000000001 0.0
0.7050000000000001 0.0
0.715 0.0
0.725 0.0
0.735 0.0
0.745 0.0
0.755 0.0
0.765 0.0
0.775 0.0
0.785 0.0
0.795 0.0
0.805 0.0
0.8150000000000001 0.0
0.8250000000000001 0.0
0.8350000000000001 0.0
0.845 0.0
0.855 0.0
0.865 0.0
0.875 0.0
0.885 0.0
0.895 0.0
0.905 0.0
0.915 0.0
0.925 0.0
0.935 0.0
0.9450000000000001 0.0
0.9550000000000001 0.0
0.965 0.0
0.975 0.0
0.985 0.0
0.995 0.0
1.005 0.0
1.015 0.0
1.025 0.0
1.035 0.0
1.045 0.0
1.055 0.0
1.065 0.0
1.075 0.0
1.085 0.0
1.095 0.0
1.105 0.0
1.115 0.0
1.125 0.0
1.135 0.0
1.145 0.0
1.155 0.0
1.1649999999999998 0.0
1.1749999999999998 0.0
1.1849999999999998 0.0
1.1949999999999998 0.0
1.2049999999999998 0.0
1.2149999999999999 0.0
1.2249999999999999 0.0
1.2349999999999999 0.0
1.2449999999999999 0.0
1.255 0.0
1.265 0.0
1.275 0.0
1.285 0.0
1.295 0.0
1.305 0.0
1.315 0.0
1.325 0.0
1.335 0.0
1.345 0.0
1.355 0.0
1.365 0.0
1.375 0.0
1.385 0.0
1.395 0.0
1.405 0.0
1.4149999999999998 0.0
1.4249999999999998 0.0
1.4349999999999998 0.0
1.4449999999999998 0.0
1.4549999999999998 0.0
1.4649999999999999 0.0
1.4749999999999999 0.0
1.4849999999999999 0.0
1.4949999999999999 0.0
1.505 0.0
1.515 0.0
1.525 0.0
1.535 0.0
1.545 0.0
1.555 0.0
1.565 0.0
1.575 0.0
1.585 0.013269225200907151
1.595 0.019696628113995956
1.605 0.028946446760428752
1.615 0.04211683152012667
1.625 0.06066988578360292
1.635 0.08652621740204153
1.645 0.12217414675865498
1.655 0.17079217378402034
1.665 0.2363816026107545
1.6749999999999998 0.32390409191632324
1.6849999999999998 0.4394163896697101
1.6949999999999998 0.5901917354041477
1.7049999999999998 0.7848145590515518
1.7149999999999999 1.0332324410740743
1.7249999999999999 1.3467471688750468
1.7349999999999999 1.7379255344524684
1.7449999999999999 2.2204107035794673
1.755 2.8086169691460374
1.765 3.517294831543528
1.775 4.360959842026483
1.785 5.353187513385367
1.795 6.516639295913967
1.805 7.843991694364164
1.815 9.348609407310034
1.825 11.032209754373609
1.835 12.891245677557235
1.845 14.91619354347015
1.855 17.101339609002164
1.865 19.408424629095823
1.875 21.81572031098465
1.885 24.288848822933982
1.895 26.788639737206893
1.905 29.272538083412588
1.915 31.696377948963693
1.9249999999999998 34.01644438851247
1.9349999999999998 36.19171480619461
1.9449999999999998 38.18614483728147
1.9549999999999998 39.97084605624523
1.9649999999999999 41.525996014833574
1.9749999999999999 42.84232676334582
1.9849999999999999 43.92205665565359
1.9949999999999999 44.779161211281924
2.005 45.438920236872455
2.015 45.93672735859801
2.025 46.316200831902385
2.035 46.626686741580286
2.045 46.9202931644311
2.0549999999999997 47.248632537457866
2.065 47.659476044263954
2.0749999999999997 48.193535975516625
2.085 48.88158859675567
2.0949999999999998 49.74213119880294
2.105 50.77973407902753
2.1149999999999998 51.98420366757935
2.125 53.33062020081387
2.135 54.78025616260275
2.145 56.28232432877768
2.155 57.77645075865164
2.165 59.19572220646886
2.175 60.47012226598737
2.185 61.53014836376734
2.195 62.310393752673846
2.205 62.75288515405809
2.215 62.80998684822866
2.225 62.44671405937576
2.235 61.64233986088705
2.245 60.39870073442168
2.255 58.71396261461224
2.265 56.61746875027654
2.275 54.14673827014214
2.285 51.35051706610561
2.295 48.28642296340047
2.305 45.01832860903654
2.315 41.61364566490163
2.3249999999999997 38.140667124194195
2.335 34.66610752359381
2.3449999999999998 31.252955421194486
2.355 27.95872120558551
2.3649999999999998 24.83412885221705
2.375 21.922265470195764
2.385 19.25817003921457
2.395 16.859964641881476
2.405 14.767567980878622
2.415 12.980142338145324
2.425 11.503489799789069
2.435 10.337589740553213
2.445 9.477390116021494
2.455 8.913522439157147
2.465 8.632898125698123
2.475 8.61916472289084
2.485 8.853021686359035
2.495 9.312414964333028
2.505 9.978841474379704
2.515 10.815638922966045
2.525 11.797559416879105
2.535 12.893022201873771
2.545 14.068553731885011
2.555 15.289254302558561
2.565 16.519443357542762
2.5749999999999997 17.723483882941157
2.585 18.866765548209756
2.5949999999999998 19.91680614157542
2.605 20.8371754929877
2.6149999999999998 21.620056101600984
2.625 22.23569873661212
2.635 22.671499548323286
2.645 22.921824771410765
2.655 22.98837702896389
2.665 22.873351840077795
2.675 22.608840439950598
2.685 22.207208227987778
2.695 21.69621012961348
2.705 21.1073821334432
2.715 20.474492390538558
2.725 19.831856847215878
2.735 19.212615021918378
2.745 18.647064000021935
2.755 18.161144939338364
2.765 17.775166806481245
2.775 17.502837504109344
2.785 17.350654062610708
2.795 17.317682380921603
2.805 17.395734411379784
2.815 17.569928002061268
2.8249999999999997 17.81959309970085
2.835 18.11946885058102
2.8449999999999998 18.441120362661593
2.855 18.75449239202867
2.8649999999999998 19.029510665549182
2.875 19.237640370350064
2.885 19.35331564946023
2.895 19.35516352261104
2.905 19.22695992403029
2.915 18.958273587414517
2.925 18.544774078492804
2.935 17.988201919013672
2.945 17.296019892308223
2.955 16.48078372352947
2.965 15.559286007503449
2.975 14.551538432479452
2.985 13.479663339736607
2.995 12.36676625176205
3.005 11.235856455621528
3.015 10.108873737949073
3.025 9.00586697632431
3.035 7.944355768078894
3.045 6.938890978616497
3.055 5.995830766948641
3.065 5.134920470438032
3.075 4.353866737876565
3.085 3.654884000604009
3.0949999999999998 3.037589749884587
3.105 2.499434123160751
3.1149999999999998 2.036157300980022
3.125 1.6422452419600064
3.135 1.3113594608854824
3.145 1.0367225631609165
3.155 0.8114474550837911
3.165 0.6329178673321768
3.175 0.4885287153324372
3.185 0.37540868732385685
3.195 0.2886213722619026
3.205 0.22397548219049787
3.215 0.1780583417649447
3.225 0.14824548545688912
3.235 0.13269441047210703
3.245 0.13032901084365434
3.255 0.1408193136231531
3.265 0.16455902753700666
3.275 0.20264125801869892
3.285 0.2568306860560995
3.295 0.3295286874706862
3.305 0.4237264135265185
3.315 0.5388076481167775
3.325 0.6883921349517937
3.335 0.87075324782728
3.3449999999999998 1.090464072451947
3.355 1.3520248534436077
3.3649999999999998 1.6596443960551956
3.375 2.0169840681919933
3.385 2.426872424292383
3.395 2.8910025936391626
3.405 3.409628565114812
3.415 3.981279938467754
3.425 4.602517149182958
3.435 5.267750177847642
3.445 5.969142965170556
3.455 6.696622937694243
3.465 7.438010150448389
3.475 8.179273726458407
3.485 8.908378957707873
3.495 9.603608628512422
3.505 10.250647037171232
3.515 10.833235913591086
3.525 11.336203954902409
3.535 11.746182120870621
3.545 12.052272540275046
3.555 12.246629489074117
3.565 12.324915231420437
3.575 12.286600823925419
3.585 12.135091670719342
3.5949999999999998 11.877668835417037
3.605 11.525248867728648
3.6149999999999998 11.091976150073528
3.625 10.594671555794365
3.635 10.055380060479793
3.645 9.489341206708318
3.655 8.919495477030921
3.665 8.366426429081262
3.675 7.849776098000252
3.685 7.387584186318433
3.695 6.995715888336739
3.705 6.687394788439658
3.715 6.47285100133737
3.725 6.359089192070783
3.735 6.34977657500151
3.745 6.445247472588247
3.755 6.642618353158422
3.765 6.936005167369509
3.775 7.316832920120157
3.785 7.774225438680594
3.795 8.295461032611502
3.805 8.866477159066186
3.815 9.472404471976088
3.825 10.098108085668981
3.835 10.728711988986534
3.8449999999999998 11.350081818151194
3.855 11.949242100047858
3.8649999999999998 12.514706931881625
3.875 13.036707962376381
3.885 13.507310301675773
3.895 13.920415143709501
3.905 14.271656716732634
3.915 14.558209791983522
3.925 14.781326505559141
3.935 14.936214917878658
3.945 15.02504228575863
3.955 15.04858457694263
3.965 15.007886697399275
3.975 14.901391618155804
3.985 14.736809446764088
3.995 14.511605811579859
4.005 14.227610894318145
4.015 13.887111914381528
4.025 13.493094133775394
4.035 13.049486490910997
4.045 12.56138030629602
4.055 12.035191267000409
4.065 11.478739646051224
4.075 10.901230845946227
4.085 10.313127052425678
4.095 9.72591012066946
4.1049999999999995 9.151744878100654
4.115 8.603060018098118
4.125 8.092070071331277
4.135 7.630266204459852
4.145 7.227905677435034
4.155 6.893529770649319
4.165 6.633538112854107
4.175 6.451843939211637
4.185 6.349630260439046
4.195 6.325221586862627
4.205 6.374080034330386
4.215 6.488928590872198
4.225 6.659998240321328
4.235 6.875389689060214
4.245 7.121534791076682
4.255 7.383737605696366
4.265 7.646770581801654
4.275 7.8954979093189035
4.285 8.115495897994586
4.295 8.291329155472031
4.305 8.417100332593318
4.315 8.480409645837899
4.325 8.474865016543966
4.335 8.396819579139184
4.345 8.24543525363965
4.355 8.02260876268564
4.365 7.732768734586963
4.375 7.3825601330101644
4.385 6.980438636008787
4.395 6.536202240504193
4.405 6.060489940891273
4.415 5.564277667556419
4.425 5.060645638154475
4.435 4.556454686382487
4.445 4.060534676780765
4.455 3.5862140223955032
4.465 3.1395815621114003
4.475 2.7229383974337997
4.485 2.342112601618458
4.495 2.0045259792076253
4.505 1.705483938025317
4.515 1.4491518456523684
4.525 1.2361798513829712
4.535 1.0668871479720192
4.545 0.9415367796349973
4.555 0.8605971465111348
4.565 0.8249771326760849
4.575 0.8362233609471807
4.585 0.8966695817997977
4.595 1.0095295865288172
4.605 1.1810135110972042
4.615 1.4129494861380574
4.625 1.7126028012660472
4.635 2.0864533893668997
4.645 2.5413319952536435
4.655 3.0840927772190208
4.665 3.7212213364092928
4.675 4.4583893740816265
4.685 5.29997186677978
4.695 6.248547407215802
4.705 7.304406762740747
4.715 8.465098262028537
4.725 9.72703139872376
4.735 11.076326285591628
4.745 12.506218086111641
4.755 13.998006060444908
4.765 15.53239273204085
4.775 17.087054472479778
4.785 18.637186454644638
4.795 20.156213481819346
4.805 21.616641005546107
4.815 22.992931646322326
4.825 24.25767199076264
4.835 25.385002942557577
4.845 26.355138950093718
4.855 27.15097735840761
4.865 27.76008962094618
4.875 28.17523704979237
4.885 28.394658749782543
4.895 28.422116254731225
4.905 28.26669462472286
4.915 27.942374746328802
4.925 27.467405053087127
4.935 26.8635117739819
4.945 26.154994329284175
4.955 25.367756193414497
4.965 24.52832139486808
4.975 23.662883164236625
4.985 22.796424733265738
4.995 21.951943816103142
5.005 21.149802862557266
5.015 20.407217743118608
5.025 19.73788896243012
5.035 19.15177244464254
5.045 18.654981766239317
5.055 18.249810521470998
5.065 17.93661272216368
5.075 17.707872934383744
5.085 17.556845993711672
5.095 17.47287893828551
5.105 17.44475799375653
5.115 17.455153764932955
5.125 17.48939027786655
5.135 17.531053732527727
5.145 17.56377041911074
5.155 17.571842541430815
5.165 17.54256144318142
5.175 17.46086408727782
5.185 17.31790234299878
5.195 17.106615740138572
5.205 16.823211220946106
5.215 16.4673898244806
5.225 16.042429449983867
5.235 15.553615145837128
5.245 15.014509962347809
5.255 14.435892740005322
5.265 13.83313934205018
5.275 13.221870009598014
5.285 12.623619049088383
5.295 12.054548384014325
5.305 11.52950857250185
5.315 11.071683533529749
5.325 10.691112985724882
5.335 10.399412779765
5.345 10.204903183831835
5.355 10.11223937902426
5.365 10.122196556761459
5.375 10.23161829898844
5.385 10.433529030415375
5.395 10.717403719457748
5.405 11.069581001404975
5.415 11.472407675289176
5.425 11.910915021991617
5.435 12.363597938780503
5.445 12.81050260226132
5.455 13.231894112987371
5.465 13.60898469001924
5.475 13.92460556083609
5.485 14.16379599445537
5.495 14.314287217709289
5.505 14.366864211759955
5.515 14.315594352060106
5.525 14.157918229445086
5.535 13.893276772566093
5.545 13.528699635919798
5.555 13.069051191741517
5.565 12.523651110633807
5.575 11.903830647322838
5.585 11.222428429144857
5.595 10.493260645858587
5.605 9.730590706824506
5.615 8.948621740397853
5.625 8.159750262607261
5.635 7.378449513484803
5.645 6.617339282277589
5.655 5.884592920894066
5.665 5.188592046567744
5.675 4.535935898072449
5.685 3.931441101517054
5.695 3.378208567995812
5.705 2.8777468190458504
5.715 2.430139381926425
5.725 2.034243141143746
5.735 1.6879046237057818
5.745 1.3881820282971744
5.755 1.131562237752965
5.765 0.9141639098495505
5.775 0.7319198445266231
5.785 0.58073400327755
5.795 0.45661065458541195
5.805 0.35575501251518626
5.815 0.27464633300084934
5.825 0.21008567969245176
5.835 0.15922144928360343
5.845 0.11955626660796152
5.855 0.0889390584034013
5.865 0.0655460442920038
5.875 0.04668649630612204
5.885 0.033838558105214425
5.895 0.02429092427863101
5.905 0.017269539614484554
5.915 0.011008780306092345
5.925 0.007719064392749488
5.935 0.005358548649358157
5.945 0.0036828730365837063
5.955 0.002506013300804103
5.965 0.0016882511388438932
5.975 0.0
5.985 0.0
5.995 0.0
6.005 0.0
6.015 0.0
6.025 0.0
6.035 0.0
6.045 0.0
6.055 0.0
6.065 0.0
6.075 0.0
6.085 0.0
6.095 0.0
6.105 0.0
6.115 0.0
6.125 0.0
6.135 0.0
6.1450000000000005 0.0
6.155 0.0
6.165 0.0
6.175 0.0
6.185 0.0
6.195 0.0
6.205 0.0
6.215 0.0
6.225 0.0
6.235 0.0
6.245 0.0
6.255 0.0
6.265 0.0
6.275 0.0
6.285 0.0011699427254465208
6.295 0.00290309484763496
6.305 0.005446631696264468
6.315 0.007984304365092043
6.325 0.012744643633997648
6.335 0.018369611066317366
6.345 0.026217566029658773
6.355 0.03705150079659497
6.365 0.05184909105473797
6.375 0.0718454534732042
6.385 0.09857825522110605
6.3950000000000005 0.13393298733761186
6.405 0.1801853498610993
6.415 0.24003678192643368
6.425 0.31663827928305166
6.435 0.4135968742123819
6.445 0.5349586292323699
6.455 0.6862744850976177
6.465 0.8706061739781311
6.475 1.093698744576397
6.485 1.3605986809311335
6.495 1.6761912545237851
6.505 2.0449550186377645
6.515 2.4717752678406586
6.525 2.9577960148195532
6.535 3.505310526185973
6.545 4.114296904723966
6.555 4.782878599638749
6.565 5.508187011240469
6.575 6.2824336092030695
6.585 7.0979976920304235
6.595 7.944383653530205
6.605 8.809141455852561
6.615 9.678195463556344
6.625 10.53629364734189
6.635 11.36863832363395
6.6450000000000005 12.157727835489764
6.655 12.8891604296344
6.665 13.549197416309443
6.675 14.126125537387185
6.685 14.611911471058653
6.695 14.998796976071466
6.705 15.284787893834904
6.715 15.470603058076438
6.725 15.560331885217739
6.735 15.561180604670042
6.745 15.484165520762431
6.755 15.339644747710116
6.765 15.141957644064535
6.775 14.905498133736195
6.785 14.644742824584847
6.795 14.37357462102355
6.805 14.10468437279816
6.815 13.849083050070721
6.825 13.615746808802719
6.835 13.411406023807888
6.845 13.240477987308612
6.855 13.105132506470804
6.865 13.005470934820176
6.875 12.940948925724456
6.885 12.906637127756694
6.8950000000000005 12.900239640195608
6.905 12.91618435662026
6.915 12.949333677684756
6.925 12.993355921835953
6.935 13.043944530341918
6.945 13.09640913968669
6.955 13.14659934334845
6.965 13.190997821760154
6.975 13.22677246617238
6.985 13.2517987806055
6.995 13.264664133463663
