0.005 0.0
0.015 0.0
0.025 0.0
0.034999999999999996 0.0
0.045 0.0
0.055 0.0
0.065 0.0
0.07500000000000001 0.0
0.085 0.0
0.095 0.0
0.10500000000000001 0.0
0.115 0.0
0.125 0.0
0.135 0.0
0.14500000000000002 0.0
0.155 0.0
0.165 0.0
0.17500000000000002 0.0
0.185 0.0
0.195 0.0
0.20500000000000002 0.0
0.215 0.0
0.225 0.0
0.23500000000000001 0.0
0.245 0.0
0.255 0.0
0.265 0.0
0.275 0.0
0.28500000000000003 0.0
0.295 0.0
0.305 0.0
0.315 0.0
0.325 0.0
0.335 0.0
0.34500000000000003 0.0
0.35500000000000004 0.0
0.365 0.0
0.375 0.0
0.385 0.0
0.395 0.0
0.405 0.0
0.41500000000000004 0.0
0.425 0.0
0.435 0.0
0.445 0.0
0.455 0.0
0.465 0.0
0.47500000000000003 0.0
0.485 0.0
0.495 0.0
0.505 0.0
0.515 0.0
0.525 0.0
0.535 0.0
0.545 0.0
0.555 0.0
0.5650000000000001 0.0
0.5750000000000001 0.0
0.585 0.0
0.595 0.0
0.605 0.0
0.615 0.0
0.625 0.0
0.635 0.0
0.645 0.0
0.655 0.0
0.665 0.0
0.675 0.0
0.685 0.0
0.6950000000000001 0.0
0.7050000000000001 0.0
0.715 0.0
0.725 0.0
0.735 0.0
0.745 0.0
0.755 0.0
0.765 0.0
0.775 0.0
0.785 0.0
0.795 0.0
0.805 0.0
0.8150000000000001 0.0
0.8250000000000001 0.0
0.8350000000000001 0.0
0.845 0.0
0.855 0.0
0.865 0.0
0.875 0.0
0.885 0.0
0.895 0.0
0.905 0.0
0.915 0.0
0.925 0.0
0.935 0.0
0.9450000000000001 0.0
0.9550000000000001 0.0
0.965 0.0
0.975 0.0
0.985 0.0
0.995 0.0
1.005 0.0
1.015 0.0
1.025 0.0
1.035 0.0
1.045 0.0
1.055 0.0
1.065 0.0
1.075 0.0
1.085 0.0
1.095 0.0
1.105 0.0
1.115 0.0
1.125 0.0
1.135 0.0
1.145 0.0
1.155 0.0
1.1649999999999998 0.0
1.1749999999999998 0.0
1.1849999999999998 0.0
1.1949999999999998 0.0
1.2049999999999998 0.0
1.2149999999999999 0.0
1.2249999999999999 0.0
1.2349999999999999 0.0
1.2449999999999999 0.0
1.255 0.0
1.265 0.0
1.275 0.0
1.285 0.0
1.295 0.0
1.305 0.0
1.315 0.0
1.325 0.0
1.335 0.0
1.345 0.0
1.355 0.0
1.365 0.0
1.375 0.0
1.385 0.0
1.395 0.0
1.405 0.0
1.4149999999999998 0.0
1.4249999999999998 0.0
1.4349999999999998 0.0
1.4449999999999998 0.0
1.4549999999999998 0.0
1.4649999999999999 0.0
1.4749999999999999 0.0
1.4849999999999999 0.0
1.4949999999999999 0.0
1.505 0.0
1.515 0.0
1.525 0.0
1.535 0.0
1.545 0.0
1.555 0.0
1.565 0.0
1.575 0.0
1.585 0.0
1.595 0.0
1.605 0.0
1.615 0.0
1.625 0.0
1.635 0.0
1.645 0.0
1.655 0.0
1.665 0.012261018419283315
1.6749999999999998 0.01820006190617428
1.6849999999999998 0.026747071628429153
1.6949999999999998 0.038916759585542485
1.7049999999999998 0.05606013733474923
1.7149999999999999 0.07995188334318233
1.7249999999999999 0.11289125333901805
1.7349999999999999 0.15781524218099396
1.7449999999999999 0.2184211315813699
1.755 0.2992935892591355
1.765 0.4060291664284182
1.775 0.5453484758254256
1.785 0.7251836952465724
1.795 0.9547265797059656
1.805 1.2444201973876914
1.815 1.6058765049678818
1.825 2.051702049121939
1.835 2.595215912761583
1.845 3.250047840973934
1.855 4.029610481340394
1.865 4.94644786788367
1.875 6.011472437937728
1.885 7.233114489646067
1.895 8.616420270114904
1.905 10.162146774498861
1.915 11.865911583162363
1.9249999999999998 13.71746332743736
1.9349999999999998 15.700141366242237
1.9449999999999998 17.79059090208788
1.9549999999999998 19.95879137176138
1.9649999999999999 22.168441346491267
1.9749999999999999 24.37772283101275
1.9849999999999999 26.540442893366787
1.9949999999999999 28.60752275221871
2.005 30.528776070306314
2.015 32.25489183461195
2.025 33.73951547734629
2.035 34.94130719368975
2.045 35.825850596579095
2.0549999999999997 36.36728899155829
2.065 36.54958078622834
2.0749999999999997 36.36728899155829
2.085 35.825850596579095
2.0949999999999998 34.94130719368975
2.105 33.73951547734629
2.1149999999999998 32.25489183461195
2.125 30.528776070306314
2.135 28.60752275221871
2.145 26.540442893366787
2.155 24.37772283101275
2.165 22.168441346491267
2.175 19.95879137176138
2.185 17.79059090208788
2.195 15.700141366242237
2.205 13.71746332743736
2.215 11.865911583162363
2.225 10.162146774498861
2.235 8.616420270114904
2.245 7.233114489646067
2.255 6.011472437937728
2.265 4.94644786788367
2.275 4.029610481340394
2.285 3.250047840973934
2.295 2.595215912761583
2.305 2.051702049121939
2.315 1.6058765049678818
2.3249999999999997 1.2444201973876914
2.335 0.9547265797059656
2.3449999999999998 0.7251836952465724
2.355 0.5453484758254256
2.3649999999999998 0.4060291664284182
2.375 0.2992935892591355
2.385 0.2184211315813699
2.395 0.15781524218099396
2.405 0.11289125333901805
2.415 0.07995188334318233
2.425 0.05606013733474923
2.435 0.038916759585542485
2.445 0.026747071628429153
2.455 0.01820006190617428
2.465 0.012261018419283315
2.475 0.0
2.485 0.0
2.495 0.0
2.505 0.0
2.515 0.0
2.525 0.0
2.535 0.0
2.545 0.0
2.555 0.0
2.565 0.0
2.5749999999999997 0.0
2.585 0.0
2.5949999999999998 0.0
2.605 0.0
2.6149999999999998 0.0
2.625 0.0
2.635 0.0
2.645 0.0
2.655 0.0
2.665 0.0
2.675 0.0
2.685 0.0
2.695 0.0
2.705 0.0
2.715 0.0
2.725 0.0
2.735 0.0
2.745 0.0
2.755 0.0
2.765 0.0
2.775 0.0
2.785 0.0
2.795 0.0
2.805 0.0
2.815 0.0
2.8249999999999997 0.0
2.835 0.0
2.8449999999999998 0.0
2.855 0.0
2.8649999999999998 0.0
2.875 0.0
2.885 0.0
2.895 0.0
2.905 0.0
2.915 0.0
2.925 0.0
2.935 0.0
2.945 0.0
2.955 0.0
2.965 0.0
2.975 0.0
2.985 0.0
2.995 0.0
3.005 0.0
3.015 0.0
3.025 0.0
3.035 0.0
3.045 0.0
3.055 0.0
3.065 0.0
3.075 0.0
3.085 0.0
3.0949999999999998 0.0
3.105 0.0
3.1149999999999998 0.0
3.125 0.0
3.135 0.0
3.145 0.0
3.155 0.0
3.165 0.0
3.175 0.0
3.185 0.0
3.195 0.0
3.205 0.0
3.215 0.0
3.225 0.0
3.235 0.0
3.245 0.0
3.255 0.0
3.265 0.0
3.275 0.0
3.285 0.0
3.295 0.0
3.305 0.0
3.315 0.0
3.325 0.0
3.335 0.0
3.3449999999999998 0.0
3.355 0.0
3.3649999999999998 0.0
3.375 0.0
3.385 0.0
3.395 0.0
3.405 0.0
3.415 0.0
3.425 0.0
3.435 0.0
3.445 0.0
3.455 0.0
3.465 0.0
3.475 0.0
3.485 0.0
3.495 0.0
3.505 0.0
3.515 0.0
3.525 0.0
3.535 0.0
3.545 0.0
3.555 0.0
3.565 0.0
3.575 0.0
3.585 0.0
3.5949999999999998 0.0
3.605 0.0
3.6149999999999998 0.0
3.625 0.0
3.635 0.0
3.645 0.0
3.655 0.0
3.665 0.0
3.675 0.0
3.685 0.0
3.695 0.0
3.705 0.0
3.715 0.0
3.725 0.0
3.735 0.0
3.745 0.0
3.755 0.0
3.765 0.0
3.775 0.0
3.785 0.0
3.795 0.0
3.805 0.0
3.815 0.0
3.825 0.0
3.835 0.0
3.8449999999999998 0.0
3.855 0.0
3.8649999999999998 0.0
3.875 0.0
3.885 0.0
3.895 0.002834268388817135
3.905 0.004207143189187044
3.915 0.006182877883182853
3.925 0.008996034237663809
3.935 0.01295891333714467
3.945 0.018481751501945996
3.955 0.026096046818550357
3.965 0.036480717742307815
3.975 0.05049043134272776
3.985 0.06918498366160772
3.995 0.0938580786679141
4.005 0.12606325943452557
4.015 0.16763413553725826
4.025 0.22069548158971694
4.035 0.2876613269183618
4.045 0.37121590219751543
4.055 0.47427334844812646
4.065 0.5999125172283454
4.075 0.7512840730529001
4.085 0.9340877123297378
4.095 1.147283712199726
4.1049999999999995 1.3952876622535935
4.115 1.6802634270785068
4.125 2.003663903112602
4.135 2.3660402925889197
4.145 2.7668669711157
4.155 3.2043968370773155
4.165 3.675562388902761
4.175 4.175936814798613
4.185 4.699766947819437
4.195 5.240086020394863
4.205 5.788908890307212
4.215 6.337506119003849
4.225 6.87674643850522
4.235 7.397490350139485
4.245 7.891011539381064
4.255 8.349418157059727
4.265 8.766043428616156
4.275 9.135774980606048
4.285 9.455294968461502
4.295 9.723208533119617
4.305 9.94004599616057
4.315 10.108133932194239
4.325 10.231341006188444
4.335 10.314715245381443
4.345 10.364039183523154
4.355 10.385337074774776
4.365 10.384373294669247
4.375 10.366182556021343
4.385 10.33467043015309
4.395 10.292317006423762
4.405 10.242272377617471
4.415 10.180366830084232
4.425 10.10600213284284
4.435 10.015851824923747
4.445 9.905737431019226
4.455 9.771074378229748
4.465 9.60736110390595
4.475 9.41067173199408
4.485 9.178113481303932
4.495 8.908214031036607
4.505 8.601210866680333
4.515 8.259223380648162
4.525 7.886298279315929
4.535 7.488328687930254
4.545 7.072856355025311
4.555 6.648773810249044
4.565 6.225948726675001
4.575 5.8169082739372575
4.585 5.428958361176625
4.595 5.073782427854978
4.605 4.760903508589217
4.615 4.498711839544352
4.625 4.294140568875218
4.635 4.152409037915309
4.645 4.076840294436405
4.655 4.068756197981725
4.665 4.127450791568651
4.675 4.250240451866504
4.685 4.432587499295487
4.695 4.668292215276246
4.705 4.947855968578619
4.715 5.2669908672706205
4.725 5.613488309879491
4.735 5.977566295959066
4.745 6.349426884234291
4.755 6.719638375076987
4.765 7.079488548224229
4.775 7.421289524077251
4.785 7.738616302296419
4.795 8.026464186567408
4.805 8.281315085292643
4.815 8.501108823146696
4.825 8.687037754405816
4.835 8.836612121363185
4.845 8.952509289372879
4.855 9.036733102441419
4.865 9.091581425206218
4.875 9.119352192836555
4.885 9.122092171163857
4.895 9.099677705701932
4.905 9.057234612835712
4.915 8.992764865806784
4.925 8.90637048663573
4.935 8.797819550541254
4.945 8.666773314870499
4.955 8.513051467448442
4.965 8.336907502439288
4.975 8.13928475429615
4.985 7.922024989389354
4.995 7.688005501472153
5.005 7.441186951236142
5.015 7.186562096847997
5.025 6.930004316527286
5.035 6.678023614362868
5.045 6.437445850268993
5.055 6.215037573818965
5.065 6.017103558495824
5.075 5.84908660795047
5.085 5.715199321544907
5.095 5.618115338654629
5.105 5.558743375545664
5.115 5.536101506752569
5.125 5.547302103510123
5.135 5.587650160957121
5.145 5.65084997884175
5.155 5.7293078472580925
5.165 5.814512023268302
5.175 5.897466286495295
5.185 5.9691500553856
5.195 6.020976637832651
5.205 6.045221756138926
5.215 6.033886566168347
5.225 5.985549382663976
5.235 5.894801713865851
5.245 5.760320837661308
5.255 5.582611777968351
5.265 5.363914017774959
5.275 5.10801961072871
5.285 4.820019026327551
5.295 4.5059947549114225
5.305 4.172684732103885
5.315 3.8271379503776513
5.325 3.476383292889447
5.335 3.1271298745847655
5.345 2.7855133401257057
5.355 2.456898050153403
5.365 2.1457403156629553
5.375 1.855513226035279
5.385 1.5872805764227795
5.395 1.3458452073699125
5.405 1.129779208195263
5.415 0.9389643397381455
5.425 0.7726124014152321
5.435 0.6294066194390973
5.445 0.5076425212995523
5.455 0.4068859402492219
5.465 0.322730335441384
5.475 0.25415760284021394
5.485 0.19921358345505144
5.495 0.15609724563240565
5.505 0.12321560822085802
5.515 0.0992235174782847
5.525 0.08305059768380017
5.535 0.07391778571100725
5.545 0.07134564167136669
5.555 0.07515616756331756
5.565 0.08546923945634019
5.575 0.10269404616092231
5.585 0.12751520917964648
5.595 0.160872613347975
5.605 0.20393347862762964
5.615 0.2580549173051512
5.625 0.3247352028175146
5.635 0.4042749296280293
5.645 0.5012450811444294
5.655 0.6152909007942892
5.665 0.7477697916224626
5.675 0.8997304022505911
5.685 1.0718004376521317
5.695 1.2640740607987813
5.705 1.4760061405181808
5.715 1.706321504397599
5.725 1.9529477277127252
5.735 2.2129796965780484
5.745 2.4826831394769195
5.755 2.757542505168228
5.765 3.032356034194859
5.775 3.3013777667338164
5.785 3.5585027708452808
5.795 3.7974883452036963
5.805 4.012200670464539
5.815 4.196873680850341
5.825 4.346365099231034
5.835 4.456393855561237
5.845 4.523743623853427
5.855 4.546418983130575
5.865 4.523743623853427
5.875 4.456393855561237
5.885 4.346365099231034
5.895 4.196873680850341
5.905 4.012200670464539
5.915 3.7974883452036963
5.925 3.5585027708452808
5.935 3.3013777667338164
5.945 3.032356034194859
5.955 2.757542505168228
5.965 2.4826831394769195
5.975 2.2129796965780484
5.985 1.9529477277127252
5.995 1.706321504397599
6.005 1.4760061405181808
6.015 1.2640740607987813
6.025 1.0718004376521317
6.035 0.8997304022505911
6.045 0.7477697916224626
6.055 0.6152909007942892
6.065 0.5012450811444294
6.075 0.4042749296280293
6.085 0.32282008814578717
6.095 0.2552121513626383
6.105 0.19975570908600757
6.115 0.15479399453266146
6.125 0.11875887362598793
6.135 0.09020592979189737
6.1450000000000005 0.06783614502764028
6.155 0.05050615274499667
6.165 0.037229265738930935
6.175 0.027169503933477956
6.185 0.019630709776823695
6.195 0.01404259436549555
6.205 0.009945251145136199
6.215 0.0069733459890091425
6.225 0.004840873430983537
6.235 0.0033270804090990546
6.245 0.00226391398107527
6.255 0.0027056681009924297
6.265 0.001752336973916902
6.275 0.002575259512859118
6.285 0.0037469804816238675
6.295 0.005397577872040878
6.305 0.007697921141082502
6.315 0.010869387053605054
6.325 0.015194755124848743
6.335 0.021030006750963743
6.345 0.02881656255999658
6.355 0.03909326926958439
6.365 0.052507200403199006
6.375 0.06982208129913858
6.385 0.09192291181341684
6.3950000000000005 0.11981517064135087
6.405 0.15461687931099954
6.415 0.1975418203889607
6.425 0.24987238080145432
6.435 0.3129208586266052
6.445 0.38797864937703147
6.455 0.4762535167808665
6.465 0.5787961312981584
6.475 0.696418178252515
6.485 0.8296055200233792
6.495 0.9784310415605584
6.505 1.1424727950705653
6.515 1.320743759056282
6.525 1.5116398149423442
6.535 1.7129123178961412
6.545 1.9227548144834044
6.555 2.136029229796324
6.565 2.3494987338007345
6.575 2.558805491794873
6.585 2.759343545848495
6.595 2.9464377563757562
6.605 3.1155436390342097
6.615 3.262457743582404
6.625 3.383526666991182
6.635 3.4758420591050707
6.6450000000000005 3.5374091730289194
6.655 3.568361640055919
6.665 3.5672343486710565
6.675 3.5361529033336128
6.685 3.4776747900927814
6.695 3.395435584048144
6.705 3.294020390619096
6.715 3.1787902871498317
6.725 3.0556730292039136
6.735 2.9309290473959413
6.745 2.810904709895749
6.755 2.701784959045698
6.765 2.609356815795474
6.775 2.5387940065015324
6.785 2.494471261429135
6.795 2.479814833921596
6.805 2.497193657011044
6.815 2.5478534309170264
6.825 2.6318939298360604
6.835 2.7482880060314065
6.845 2.894939200729163
6.855 3.0687735704631227
6.865 3.265860317326462
6.875 3.4815550798761215
6.885 3.710659305005607
6.8950000000000005 3.9475889859537414
6.905 4.186546219279058
6.915 4.421687494972504
6.925 4.647283362450552
6.935 4.85786506232287
6.945 5.04953532208966
6.955 5.215929884553252
6.965 5.353928408597293
6.975 5.460315869911832
6.985 5.5326304587306385
6.995 5.569207418653233
