0.005 0.0
0.015 0.0
0.025 0.0
0.034999999999999996 0.0
0.045 0.0
0.055 0.0
0.065 0.0
0.07500000000000001 0.0
0.085 0.0
0.095 0.0
0.10500000000000001 0.0
0.115 0.0
0.125 0.0
0.135 0.0
0.14500000000000002 0.0
0.155 0.0
0.165 0.0
0.17500000000000002 0.0
0.185 0.0
0.195 0.0
0.20500000000000002 0.0
0.215 0.0
0.225 0.0
0.23500000000000001 0.0
0.245 0.0
0.255 0.0
0.265 0.0
0.275 0.0
0.28500000000000003 0.0
0.295 0.0
0.305 0.0
0.315 0.0
0.325 0.0
0.335 0.0
0.34500000000000003 0.0
0.35500000000000004 0.0
0.365 0.0
0.375 0.0
0.385 0.0
0.395 0.0
0.405 0.0
0.41500000000000004 0.0
0.425 0.0
0.435 0.0
0.445 0.0
0.455 0.0
0.465 0.0
0.47500000000000003 0.0
0.485 0.0
0.495 0.0
0.505 0.0
0.515 0.0
0.525 0.0
0.535 0.0
0.545 0.0
0.555 0.0
0.5650000000000001 0.0
0.5750000000000001 0.0
0.585 0.0
0.595 0.0
0.605 0.0
0.615 0.0
0.625 0.0
0.635 0.0
0.645 0.0
0.655 0.0
0.665 0.0
0.675 0.0
0.685 0.0
0.6950000000000001 0.0
0.7050000000000001 0.0
0.715 0.0
0.725 0.0
0.735 0.0
0.745 0.0
0.755 0.0
0.765 0.0
0.775 0.0
0.785 0.0
0.795 0.0
0.805 0.0
0.8150000000000001 0.0
0.8250000000000001 0.0
0.8350000000000001 0.0
0.845 0.0
0.855 0.0
0.865 0.0
0.875 0.0
0.885 0.0
0.895 0.0
0.905 0.0
0.915 0.0
0.925 0.0
0.935 0.0
0.9450000000000001 0.0
0.9550000000000001 0.0
0.965 0.0
0.975 0.0
0.985 0.0
0.995 0.0
1.005 0.0
1.015 0.0
1.025 0.0
1.035 0.0
1.045 0.0
1.055 0.0
1.065 0.0
1.075 0.0
1.085 0.0
1.095 0.0
1.105 0.0
1.115 0.0
1.125 0.0
1.135 0.0
1.145 0.0
1.155 0.0
1.1649999999999998 0.0
1.1749999999999998 0.0
1.1849999999999998 0.0
1.1949999999999998 0.0
1.2049999999999998 0.0
1.2149999999999999 0.0
1.2249999999999999 0.0
1.2349999999999999 0.0
1.2449999999999999 0.0
1.255 0.0
1.265 0.0
1.275 0.0
1.285 0.0
1.295 0.0
1.305 0.0
1.315 0.0
1.325 0.0
1.335 0.0
1.345 0.0
1.355 0.0
1.365 0.0
1.375 0.0
1.385 0.0
1.395 0.0
1.405 0.0
1.4149999999999998 0.0
1.4249999999999998 0.0
1.4349999999999998 0.0
1.4449999999999998 0.0
1.4549999999999998 0.0
1.4649999999999999 0.0
1.4749999999999999 0.0
1.4849999999999999 0.0
1.4949999999999999 0.0
1.505 0.0
1.515 0.0
1.525 0.0
1.535 0.0
1.545 0.0
1.555 0.0
1.565 0.0
1.575 0.0
1.585 0.0
1.595 0.0
1.605 0.0
1.615 0.0
1.625 0.0
1.635 0.0
1.645 0.0
1.655 0.0
1.665 0.0
1.6749999999999998 0.0
1.6849999999999998 0.0
1.6949999999999998 0.0
1.7049999999999998 0.0
1.7149999999999999 0.0
1.7249999999999999 0.011578407630702564
1.7349999999999999 0.017186805243052952
1.7449999999999999 0.025257975125010382
1.755 0.0367501369575302
1.765 0.05293908708872446
1.775 0.07550070186126134
1.785 0.10660622995593426
1.795 0.1490291541717136
1.805 0.20626091651824185
1.815 0.2826309413456448
1.825 0.3834242016526872
1.835 0.5149871517979664
1.845 0.6848103594313651
1.855 0.9015738446585136
1.865 1.175139276079502
1.875 1.5164721349609487
1.885 1.9374771205074253
1.895 2.450731798949196
1.905 3.069107103117831
1.915 3.805268954863688
1.9249999999999998 4.671063021021412
1.9349999999999998 5.676794208033234
1.9449999999999998 6.830423471915684
1.9549999999999998 8.136716118779805
1.9649999999999999 9.596386999396959
1.9749999999999999 11.205297677691581
1.9849999999999999 12.953767512043838
1.9949999999999999 14.82606341346918
2.005 16.800130822043275
2.015 18.84762051698396
2.025 20.934252088171966
2.035 23.020535684200414
2.045 25.062850083928492
2.0549999999999997 27.014848881464076
2.065 28.829139776229603
2.0749999999999997 30.459157059743365
2.085 31.861126873826837
2.0949999999999998 32.99601093510041
2.105 33.83130892874784
2.1149999999999998 34.342603686622354
2.125 34.514746703967695
2.135 34.342603686622354
2.145 33.83130892874784
2.155 32.99601093510041
2.165 31.861126873826837
2.175 30.459157059743365
2.185 28.829139776229603
2.195 27.014848881464076
2.205 25.062850083928492
2.215 23.020535684200414
2.225 20.934252088171966
2.235 18.84762051698396
2.245 16.800130822043275
2.255 14.82606341346918
2.265 12.953767512043838
2.275 11.205297677691581
2.285 9.596386999396959
2.295 8.136716118779805
2.305 6.830423471915684
2.315 5.676794208033234
2.3249999999999997 4.671063021021412
2.335 3.805268954863688
2.3449999999999998 3.069107103117831
2.355 2.450731798949196
2.3649999999999998 1.9374771205074253
2.375 1.5164721349609487
2.385 1.175139276079502
2.395 0.9015738446585136
2.405 0.6848103594313651
2.415 0.5149871517979664
2.425 0.3834242016526872
2.435 0.2826309413456448
2.445 0.20626091651824185
2.455 0.1490291541717136
2.465 0.10660622995593426
2.475 0.07550070186126134
2.485 0.05293908708872446
2.495 0.0367501369575302
2.505 0.025257975125010382
2.515 0.017186805243052952
2.525 0.011578407630702564
2.535 0.0
2.545 0.0
2.555 0.0
2.565 0.0
2.5749999999999997 0.0
2.585 0.0
2.5949999999999998 0.0
2.605 0.0
2.6149999999999998 0.0
2.625 0.0
2.635 0.0
2.645 0.0
2.655 0.0
2.665 0.0
2.675 0.0
2.685 0.0
2.695 0.0
2.705 0.0
2.715 0.0
2.725 0.0
2.735 0.00531976009022852
2.745 0.007896567777427225
2.755 0.011604909095937725
2.765 0.01688504310201406
2.775 0.024323141116654547
2.785 0.03468919331193117
2.795 0.04898079127784958
2.805 0.06847222622745829
2.815 0.09476765949732927
2.8249999999999997 0.12985626780381773
2.835 0.1761662596997312
2.8449999999999998 0.23661354691388095
2.855 0.31463971002521784
2.8649999999999998 0.4142328297796528
2.875 0.5399239015191278
2.885 0.6967510731023883
2.895 0.8901840209939873
2.905 1.126001573941199
2.915 1.4101173495143569
2.925 1.7483507719136253
2.935 2.1461443948716954
2.945 2.608232861680926
2.955 3.1382738753215187
2.965 3.7384568806701624
2.975 4.40911031966164
2.985 5.148332766143677
2.995 5.951676398569512
3.005 6.811912566718361
3.015 7.718908187403386
3.025 8.659638062504415
3.035 9.618351877863777
3.045 10.576905814211681
3.055 11.519637842421421
3.065 12.418615512105873
3.075 13.255254200425517
3.085 14.008521531234837
3.0949999999999998 14.658787994006412
3.105 15.18875120823827
3.1149999999999998 15.584300090643788
3.125 15.835265219834733
3.135 15.936007305577705
3.145 15.8858051376442
3.155 15.68901693488423
3.165 15.355003543091087
3.175 14.897817148075925
3.185 14.335673735044683
3.195 13.690240196273196
3.205 12.98577676750311
3.215 12.248181709364083
3.225 11.50398760190281
3.235 10.77935746035714
3.245 10.099124646402824
3.255 9.485914049816904
3.265 8.95937420450127
3.275 8.53554184061673
3.285 8.226352698217845
3.295 8.039305846806416
3.305 7.977283588308975
3.315 8.038525280860906
3.325 8.216750847889983
3.335 8.501427874941962
3.3449999999999998 8.878174496444206
3.355 9.329288210316307
3.3649999999999998 9.834387936278665
3.375 10.371152877074373
3.385 10.916137138102231
3.395 11.445633964449774
3.405 11.93655844314112
3.415 12.367313312541107
3.425 12.718599873408294
3.435 12.974135574433621
3.445 13.121242119741272
3.455 13.151273104010146
3.465 13.059858078164911
3.475 12.84695010601174
3.485 12.516675519806345
3.495 12.076996743632545
3.505 11.539210656463482
3.515 10.917314972026585
3.525 10.22728263277727
3.535 9.486288616170615
3.545 8.708386362337466
3.555 7.91917086080195
3.565 7.12982372453058
3.575 6.355283480070267
3.585 5.608517986209058
3.5949999999999998 4.900251405539387
3.605 4.238826707638813
3.6149999999999998 3.6301955271447754
3.625 3.0780199320741675
3.635 2.5838654420472187
3.645 2.14746163778291
3.655 1.7670058624135179
3.665 1.4394865838984092
3.675 1.1610055824933638
3.685 0.9270817876911288
3.695 0.7329238365703028
3.705 0.5736628130692173
3.715 0.44454077811410003
3.725 0.3410543299760342
3.735 0.25905536155496534
3.745 0.19481332454719527
3.755 0.1450446737846347
3.765 0.10691581937766285
3.775 0.07802597546517834
3.785 0.056375901568196544
3.795 0.040327829544194005
3.805 0.028560989694378272
3.815 0.020026207485451752
3.825 0.013902126166188127
3.835 0.009554782266420541
3.8449999999999998 0.006501557671982165
3.855 0.004379969627639723
3.8649999999999998 0.0
3.875 0.0
3.885 0.0
3.895 0.0
3.905 0.0
3.915 0.0
3.925 0.0
3.935 0.0
3.945 0.0
3.955 0.0
3.965 0.0
3.975 0.0
3.985 0.0
3.995 0.0
4.005 0.0
4.015 0.0
4.025 0.0
4.035 0.0
4.045 0.0
4.055 0.0
4.065 0.0
4.075 0.0
4.085 0.0
4.095 0.0
4.1049999999999995 0.0
4.115 0.0
4.125 0.0
4.135 0.0
4.145 0.0
4.155 0.0
4.165 0.0
4.175 0.0
4.185 0.0
4.195 0.0
4.205 0.0
4.215 0.0
4.225 0.0
4.235 0.0
4.245 0.0
4.255 0.0
4.265 0.0
4.275 0.0
4.285 0.0
4.295 0.0
4.305 0.0
4.315 0.0
4.325 0.0
4.335 0.0
4.345 0.0
4.355 0.0
4.365 0.0023027221379557654
4.375 0.0034181243376651444
4.385 0.005023324479099226
4.395 0.00730889398993082
4.405 0.010528564176572962
4.415 0.015015634545989389
4.425 0.021201924616350478
4.435 0.02963902666563869
4.445 0.04102132122228464
4.455 0.056209847352593406
4.465 0.07625568433369138
4.475 0.10242101962824107
4.485 0.13619558278311913
4.495 0.17930566251544885
4.505 0.2337125546550984
4.515 0.3015970820985622
4.525 0.385326860089527
4.535 0.4874033241555548
4.545 0.6103862547874281
4.555 0.7567946597427505
4.565 0.9289844138645059
4.575 1.1290049644472568
4.585 1.3584395922186525
4.595 1.6182360247269043
4.605 1.9085364320137872
4.615 2.2285177589000686
4.625 2.57625471233349
4.635 2.9486182841240933
4.645 3.3412222473397764
4.655 3.7484284883149117
4.665 4.16341929413097
4.675 4.578340894393989
4.685 4.984517868889947
4.695 5.3727328106777135
4.705 5.73356030451977
4.715 6.057739328416332
4.725 6.336564105588204
4.735 6.562270673819402
4.745 6.728395346841064
4.755 6.830082020477976
4.765 6.864317949077042
4.775 6.830082020477976
4.785 6.728395346841064
4.795 6.562270673819402
4.805 6.336564105588204
4.815 6.059661794766848
4.825 5.736413983178054
4.835 5.376926617702718
4.845 4.990619822105894
4.855 4.587130843478633
4.865 4.175955349467608
4.875 3.7661292720826403
4.885 3.3659668878187743
4.895 2.9828656248708025
4.905 2.623182449867185
4.915 2.292181100972793
4.925 1.9940443448337246
4.935 1.7319412002987784
4.945 1.5099660316931498
4.955 1.3268403796049872
4.965 1.1847701022905643
4.975 1.0843000190774803
4.985 1.025670701144271
4.995 1.00892823920695
5.005 1.0357895324963575
5.015 1.103387549101425
5.025 1.2127871888481518
5.035 1.3637750883664443
5.045 1.555994196823279
5.055 1.7888640760320937
5.065 2.0614908694598952
5.075 2.3725781509916772
5.085 2.7203498420514713
5.095 3.1024953586133153
5.105 3.5161451511377595
5.115 3.957881947875361
5.125 4.423789511328465
5.135 4.909536858939172
5.145 5.410492039790317
5.155 5.921856095792964
5.165 6.438805164982993
5.175 6.955091294529233
5.185 7.469825110520002
5.195 7.976611230864286
5.205 8.471696321882053
5.215 8.951671200038247
5.225 9.41342795018135
5.235 9.854074751983008
5.245 10.270818965926855
5.255 10.660833329029288
5.265 11.021123026718442
5.275 11.348412526877585
5.285 11.639070158451636
5.295 11.890697542922542
5.305 12.09650272941142
5.315 12.253080735927853
5.325 12.355928219872698
5.335 12.4007564783286
5.345 12.383770885405866
5.355 12.301971594551851
5.365 12.153452044807175
5.375 11.937670857418768
5.385 11.655673970727296
5.395 11.310247184843004
5.405 10.90598431256118
5.415 10.44926233807655
5.425 9.94812175394133
5.435 9.412056940915736
5.445 8.851727485948814
5.455 8.278606222254943
5.465 7.704583198447516
5.475 7.1415465932918085
5.485 6.600961816074182
5.495 6.093468849353364
5.505 5.62851559333684
5.515 5.214041914904785
5.525 4.856225655772831
5.535 4.559298342848405
5.545 4.3254350251140234
5.555 4.154719695763222
5.565 4.0451852068524765
5.575 3.992924420497833
5.585 3.9922674785695254
5.595 4.0360183977845185
5.605 4.115742604040839
5.615 4.222095444823864
5.625 4.343897920454662
5.635 4.474075615100909
5.645 4.600892996617149
5.655 4.715082023648014
5.665 4.808260171206931
5.675 4.8732269757707645
5.685 4.905615633390303
5.695 4.899100735974125
5.705 4.852215798767517
5.715 4.764291515107665
5.725 4.636346726353744
5.735 4.470966846980957
5.745 4.272121012457689
5.755 4.04371017612111
5.765 3.7945997558039446
5.775 3.5296353623167604
5.785 3.255800883763523
5.795 2.980125881852236
5.805 2.709449109995474
5.815 2.449023823905251
5.825 2.207538010908756
5.835 1.9898312373269509
5.845 1.7983876047563518
5.855 1.6379110391139315
5.865 1.511430341434709
5.875 1.421214561323023
5.885 1.3688034663620683
5.895 1.3550425199939091
5.905 1.3801163558164111
5.915 1.4435769330367494
5.925 1.544365058444139
5.935 1.6808264493143512
5.945 1.8507256816773185
5.955 2.0512629512107208
5.965 2.280389906151258
5.975 2.5323120605663036
5.985 2.8036893755978265
5.995 3.0899869952953987
6.005 3.3864453874597418
6.015 3.6882106357353894
6.025 3.9904804628633554
6.035 4.288658285637434
6.045 4.578505725064635
6.055 4.856283022987737
6.065 5.118866912664916
6.075 5.363836697339539
6.085 5.589521517352585
6.095 5.795004816753205
6.105 5.979010332494425
6.115 6.144489174684631
6.125 6.290841012236156
6.135 6.420673660415794
6.1450000000000005 6.533740067709841
6.155 6.632615144992096
6.165 6.719015967243708
6.175 6.7957101898632
6.185 6.862172548878854
6.195 6.920279767854447
6.205 6.970786262575731
6.215 7.01413870241778
6.225 7.0505119947549115
6.235 7.079868177091666
6.245 7.102032125690832
6.255 7.116777725485372
6.265 7.123918392306987
6.275 7.123396390660222
6.285 7.115366034010512
6.295 7.100266410553253
6.305 7.078879638463148
6.315 7.052370807341914
6.325 7.022305790116622
6.335 6.9906431742751725
6.345 6.959696870150281
6.355 6.932066713453748
6.365 6.9105357468179935
6.375 6.897934906271308
6.385 6.8969784978982815
6.3950000000000005 6.910076941203114
6.405 6.939136474260362
6.415 6.985358472031862
6.425 7.049053299027973
6.435 7.129484801850161
6.445 7.2247613331525065
6.455 7.331787411767576
6.465 7.446286764318604
6.475 7.562902750344056
6.485 7.675376412382237
6.495 7.775854328029209
6.505 7.8592847279936
6.515 7.917053245991276
6.525 7.942322203100909
6.535 7.928988230089033
6.545 7.872021908537988
6.555 7.7677544570087615
6.565 7.614092120531353
6.575 7.4106441435152135
6.585 7.158756567254564
6.595 6.861451000754944
6.605 6.523274335692561
6.615 6.150071509653013
6.625 5.748698353525985
6.635 5.326694915442072
6.6450000000000005 4.891044204969784
6.655 4.45172494576978
6.665 4.014999792112501
6.675 3.5878724942615134
6.685 3.176524089196977
6.695 2.7861539732609746
6.705 2.420883931192744
6.715 2.0837235937795855
6.725 1.7765919380323743
6.735 1.5003864770292623
6.745 1.2550898343936563
6.755 1.0399024762214877
6.765 0.8533904028332092
6.775 0.6927766749763469
6.785 0.5578247589050269
6.795 0.4448378081592633
6.805 0.35131972137785383
6.815 0.2747880280708415
6.825 0.21285555738487127
6.835 0.16329072600935984
6.845 0.12405800386430613
6.855 0.09334094161454143
6.865 0.06955062606561328
6.875 0.05132260944688537
6.885 0.03750529344958592
6.8950000000000005 0.027142502450078997
6.905 0.019452615798553154
6.915 0.013806203417842505
6.925 0.009703669539605317
6.935 0.006753992087975827
6.945 0.003838716452993456
6.955 0.0026383086624609114
6.965 0.0017952388078756006
6.975 0.0012094165505507257
6.985 0.0
6.995 0.0
