0.005 0.0
0.015 0.0
0.025 0.0
0.034999999999999996 0.0
0.045 0.0
0.055 0.0
0.065 0.0
0.07500000000000001 0.0
0.085 0.0
0.095 0.0
0.10500000000000001 0.0
0.115 0.0
0.125 0.0
0.135 0.0
0.14500000000000002 0.0
0.155 0.0
0.165 0.0
0.17500000000000002 0.0
0.185 0.0
0.195 0.0
0.20500000000000002 0.0
0.215 0.0
0.225 0.0
0.23500000000000001 0.0
0.245 0.0
0.255 0.0
0.265 0.0
0.275 0.0
0.28500000000000003 0.0
0.295 0.0
0.305 0.0
0.315 0.0
0.325 0.0
0.335 0.0
0.34500000000000003 0.0
0.35500000000000004 0.0
0.365 0.0
0.375 0.0
0.385 0.0
0.395 0.0
0.405 0.0
0.41500000000000004 0.0
0.425 0.0
0.435 0.0
0.445 0.0
0.455 0.0
0.465 0.0
0.47500000000000003 0.0
0.485 0.0
0.495 0.0
0.505 0.0
0.515 0.0
0.525 0.0
0.535 0.0
0.545 0.0
0.555 0.0
0.5650000000000001 0.0
0.5750000000000001 0.0
0.585 0.0
0.595 0.0
0.605 0.0
0.615 0.0
0.625 0.0
0.635 0.0
0.645 0.0
0.655 0.0
0.665 0.0
0.675 0.0
0.685 0.0
0.6950000000000001 0.0
0.7050000000000001 0.0
0.715 0.0
0.725 0.0
0.735 0.0
0.745 0.0
0.755 0.0
0.765 0.0
0.775 0.0
0.785 0.0
0.795 0.0
0.805 0.0
0.8150000000000001 0.0
0.8250000000000001 0.0
0.8350000000000001 0.0
0.845 0.0
0.855 0.0
0.865 0.0
0.875 0.0
0.885 0.0
0.895 0.0
0.905 0.0
0.915 0.0
0.925 0.0
0.935 0.0
0.9450000000000001 0.0
0.9550000000000001 0.0
0.965 0.0
0.975 0.0
0.985 0.0
0.995 0.0
1.005 0.0
1.015 0.0
1.025 0.0
1.035 0.0
1.045 0.0
1.055 0.0
1.065 0.0
1.075 0.0
1.085 0.0
1.095 0.0
1.105 0.0
1.115 0.0
1.125 0.0
1.135 0.0
1.145 0.0
1.155 0.0
1.1649999999999998 0.0
1.1749999999999998 0.0
1.1849999999999998 0.0
1.1949999999999998 0.0
1.2049999999999998 0.0
1.2149999999999999 0.0
1.2249999999999999 0.0
1.2349999999999999 0.0
1.2449999999999999 0.0
1.255 0.0
1.265 0.0
1.275 0.0
1.285 0.0
1.295 0.0
1.305 0.0
1.315 0.0
1.325 0.0
1.335 0.0
1.345 0.0
1.355 0.0
1.365 0.0
1.375 0.0
1.385 0.0
1.395 0.0
1.405 0.0
1.4149999999999998 0.0
1.4249999999999998 0.0
1.4349999999999998 0.0
1.4449999999999998 0.0
1.4549999999999998 0.0
1.4649999999999999 0.0
1.4749999999999999 0.0
1.4849999999999999 0.0
1.4949999999999999 0.0
1.505 0.0
1.515 0.0
1.525 0.0
1.535 0.0
1.545 0.0
1.555 0.0
1.565 0.0
1.575 0.0
1.585 0.0
1.595 0.0
1.605 0.0
1.615 0.0
1.625 0.0
1.635 0.0
1.645 0.0
1.655 0.0
1.665 0.0
1.6749999999999998 0.0
1.6849999999999998 0.0
1.6949999999999998 0.0
1.7049999999999998 0.0
1.7149999999999999 0.0
1.7249999999999999 0.0
1.7349999999999999 0.0
1.7449999999999999 0.0
1.755 0.011258283412576734
1.765 0.016711617914536056
1.775 0.024559633021654592
1.785 0.0357340551926811
1.795 0.051475407073034364
1.805 0.07341322973882572
1.815 0.1036587403614679
1.825 0.1449087394325861
1.835 0.20055813624513857
1.845 0.27481665357808316
1.855 0.37282314348652734
1.865 0.5007485911450308
1.875 0.6658764621399869
1.885 0.8766467880796212
1.895 1.1426485783995934
1.905 1.4745441365696428
1.915 1.8839090161426728
1.9249999999999998 2.3829730340138218
1.9349999999999998 2.9842512625681574
1.9449999999999998 3.7000594314311197
1.9549999999999998 4.541915693935104
1.9649999999999999 5.519840042549461
1.9749999999999999 6.6415733257507545
1.9849999999999999 7.911749096654143
1.9949999999999999 9.331062441564958
2.005 10.895489345462348
2.015 12.595616820788102
2.025 14.41614677298614
2.035 16.335634414993567
2.045 18.32651433606729
2.0549999999999997 20.355453923905884
2.065 22.384055157534483
2.0749999999999997 24.369902871926104
2.085 26.267932064247013
2.0949999999999998 28.032060754272095
2.105 29.61701069993944
2.1149999999999998 30.98021831935122
2.125 32.08372467443527
2.135 32.89592803144119
2.145 33.3930863173744
2.155 33.56046985910002
2.165 33.3930863173744
2.175 32.89592803144119
2.185 32.08372467443527
2.195 30.98021831935122
2.205 29.61701069993944
2.215 28.032060754272095
2.225 26.267932064247013
2.235 24.369902871926104
2.245 22.384055157534483
2.255 20.355453923905884
2.265 18.32651433606729
2.275 16.335634414993567
2.285 14.41614677298614
2.295 12.595616820788102
2.305 10.895489345462348
2.315 9.331062441564958
2.3249999999999997 7.911749096654143
2.335 6.6415733257507545
2.3449999999999998 5.519840042549461
2.355 4.541915693935104
2.3649999999999998 3.7000594314311197
2.375 2.9842512625681574
2.385 2.3829730340138218
2.395 1.8839090161426728
2.405 1.4745441365696428
2.415 1.1426485783995934
2.425 0.8766467880796212
2.435 0.6658764621399869
2.445 0.5007485911450308
2.455 0.37282314348652734
2.465 0.27481665357808316
2.475 0.20055813624513857
2.485 0.1449087394325861
2.495 0.1036587403614679
2.505 0.07341322973882572
2.515 0.051475407073034364
2.525 0.0357340551926811
2.535 0.024559633021654592
2.545 0.016711617914536056
2.555 0.011258283412576734
2.565 0.0
2.5749999999999997 0.0
2.585 0.0
2.5949999999999998 0.0
2.605 0.0
2.6149999999999998 0.0
2.625 0.0
2.635 0.0
2.645 0.0
2.655 0.0
2.665 0.0
2.675 0.0
2.685 0.0
2.695 0.0
2.705 0.0
2.715 0.0
2.725 0.0
2.735 0.0
2.745 0.0
2.755 0.0
2.765 0.0
2.775 0.0
2.785 0.0
2.795 0.0
2.805 0.0
2.815 0.0
2.8249999999999997 0.0
2.835 0.0
2.8449999999999998 0.0
2.855 0.0
2.8649999999999998 0.0
2.875 0.0
2.885 0.0
2.895 0.0
2.905 0.0
2.915 0.0
2.925 0.0
2.935 0.0
2.945 0.0
2.955 0.0
2.965 0.0
2.975 0.0
2.985 0.0
2.995 0.0
3.005 0.0
3.015 0.0
3.025 0.0
3.035 0.0
3.045 0.0
3.055 0.0
3.065 0.0
3.075 0.0
3.085 0.0
3.0949999999999998 0.0
3.105 0.0
3.1149999999999998 0.0
3.125 0.0
3.135 0.0
3.145 0.0
3.155 0.0
3.165 0.0
3.175 0.0
3.185 0.0
3.195 0.0
3.205 0.0
3.215 0.0
3.225 0.0
3.235 0.0
3.245 0.0
3.255 0.0
3.265 0.0
3.275 0.0
3.285 0.0
3.295 0.0
3.305 0.0
3.315 0.0
3.325 0.0
3.335 0.0
3.3449999999999998 0.0
3.355 0.0
3.3649999999999998 0.0
3.375 0.0
3.385 0.0
3.395 0.0
3.405 0.0
3.415 0.0
3.425 0.0
3.435 0.0
3.445 0.0
3.455 0.0
3.465 0.0
3.475 0.0
3.485 0.0
3.495 0.0
3.505 0.0
3.515 0.0
3.525 0.0033938133092518033
3.535 0.005037722823190365
3.545 0.00740350960841148
3.555 0.010772042918282064
3.565 0.015517278720169876
3.575 0.022130442717799972
3.585 0.031247962035316105
3.5949999999999998 0.043682788085066815
3.605 0.06045831741161531
3.6149999999999998 0.08284357235805943
3.625 0.11238766159929867
3.635 0.15095083068513152
3.645 0.20072868275848169
3.655 0.2642654681773126
3.665 0.3444517970508821
3.675 0.44450182433486096
3.685 0.567905004528673
3.695 0.7183480200356109
3.705 0.8996035436220442
3.715 1.1153841561126188
3.725 1.3691620086910417
3.735 1.6639576314465712
3.745 2.002104505747718
3.755 2.384999417734524
3.765 2.8128519014067717
3.775 3.284448916087305
3.785 3.7969529135208377
3.795 4.348723282884746
3.805 4.928792583918362
3.815 5.531015055694759
3.825 6.145588449031484
3.835 6.764180182478885
3.8449999999999998 7.370015975060778
3.855 7.952191265299124
3.8649999999999998 8.497767552244934
3.875 8.994312807210685
3.885 9.430529091862162
3.895 9.796876453970917
3.905 10.086155324629386
3.915 10.294009774117276
3.925 10.419316858220077
3.935 10.464432747540663
3.945 10.435273988183704
3.955 10.341221509451149
3.965 10.194845162167313
3.975 10.011456880917523
3.985 9.808510287916276
3.995 9.604873071463027
4.005 9.420005308603821
4.015 9.273081770988995
4.025 9.182099045801143
4.035 9.163009064708243
4.045 9.228919518539461
4.055 9.389398859166846
4.065 9.649919380232426
4.075 10.011466428658625
4.085 10.47293450952585
4.095 11.021988109224596
4.1049999999999995 11.647639092757448
4.115 12.333147109932034
4.125 13.05837173693158
4.135 13.800563970821809
4.145 14.535299463545428
4.155 15.237513652420283
4.165 15.882591729225592
4.175 16.447461215983406
4.185 16.91163237459684
4.195 17.25813222893114
4.205 17.474281872977038
4.215 17.552273963950647
4.225 17.489517548646766
4.235 17.288730054003715
4.245 16.95777055552326
4.255 16.509223318946386
4.265 15.959755018532924
4.275 15.329281929618318
4.285 14.63999386729088
4.295 13.915289006445846
4.305 13.178677551789605
4.315 12.452712404184275
4.325 11.758001650260823
4.335 11.110087693701939
4.345 10.528582942426581
4.355 10.02054131584627
4.365 9.592126796209945
4.375 9.245174843544333
4.385 8.977359253573077
4.395 8.782553437133055
4.405 8.65135950982522
4.415 8.571770974876324
4.425 8.529929253687655
4.435 8.510931050328903
4.445 8.499642617903925
4.455 8.481478421066184
4.465 8.443105354278268
4.475 8.373039366274527
4.485 8.262108732147388
4.495 8.103766871240193
4.505 7.894247002949389
4.515 7.632560468294942
4.525 7.320349600835869
4.535 6.961614006978591
4.545 6.562335489133449
4.555 6.130031216482584
4.565 5.673266882166134
4.575 5.201161434177503
4.585 4.722912672013382
4.595 4.247368876795074
4.605 3.780684549468262
4.615 3.3346361981585826
4.625 2.9122956717303676
4.635 2.5183727043068322
4.645 2.1542760303075648
4.655 1.826597082965292
4.665 1.5333497454117688
4.675 1.2764035384746129
4.685 1.0516120123051718
4.695 0.8606806028041455
4.705 0.6984113930632215
4.715 0.5638357523108694
4.725 0.4565614192838896
4.735 0.3732675051270086
4.745 0.3103528436640521
4.755 0.267743680548479
4.765 0.24460334363704386
4.775 0.24075854530100818
4.785 0.25678681846568124
4.795 0.29408789790837236
4.805 0.35493811455963453
4.815 0.4425253042117413
4.825 0.5609600335734362
4.835 0.715257338449782
4.845 0.9112818894850987
4.855 1.1556487910379996
4.865 1.4555723038338506
4.875 1.8186558515615145
4.885 2.2526188555518982
4.895 2.7632256690857266
4.905 3.3614104862832344
4.915 4.050465979652418
4.925 4.834701111473449
4.935 5.7163432039004
4.945 6.695047351523207
4.955 7.76926870062354
4.965 8.93129216604543
4.975 10.169256837775581
4.985 11.470408534416293
4.995 12.817124697022905
5.005 14.188388303413316
5.015 15.560256311882561
5.025 16.906531423413583
5.035 18.199620076894806
5.045 19.41154495886524
5.055 20.51506659074288
5.065 21.484856999262405
5.075 22.29866023450496
5.085 22.93837051342008
5.095 23.39095965074921
5.105 23.650916660145416
5.115 23.71463214852811
5.125 23.590471096014113
5.135 23.287595304024997
5.145 22.824787721473776
5.155 22.22473083979022
5.165 21.514133766568513
5.175 20.722522934383434
5.185 19.880908358399736
5.195 19.02040235267284
5.205 18.170869675722727
5.215 17.359684744897418
5.225 16.610663175827604
5.235 15.943222171335927
5.245 15.371808201813527
5.255 14.905612194347286
5.265 14.548573405451924
5.275 14.299654639421343
5.285 14.153354771193204
5.295 14.100410770199858
5.305 14.12863150997386
5.315 14.223800216723697
5.325 14.370581762487692
5.335 14.553375095534111
5.345 14.757059513995607
5.355 14.967595479822332
5.365 15.17245519738545
5.375 15.360873985057783
5.385 15.523929172736151
5.395 15.654467490901062
5.405 15.746913437002934
5.415 15.796998928436325
5.425 15.801458054245018
5.435 15.757729727108178
5.445 15.663705777073044
5.455 15.517553215064986
5.465 15.317628080978984
5.475 15.06248577174454
5.485 14.74962644583746
5.495 14.381540876291108
5.505 13.954927736940347
5.515 13.47389373660387
5.525 12.938558385834185
5.535 12.350975936450851
5.545 11.717653710494355
5.555 11.045827448940425
5.565 10.340942052617297
5.575 9.611456169593776
5.585 8.866601253944989
5.595 8.116061569907895
5.605 7.369617565111139
5.615 6.636779928947025
5.625 5.926441014701558
5.635 5.246567264342377
5.645 4.603951352911219
5.655 4.004036629939935
5.665 3.4508197970583563
5.675 2.946831310804412
5.685 2.493187320648186
5.695 2.0897024735628045
5.705 1.7350498880485645
5.715 1.4269530921145506
5.725 1.1623946408664105
5.735 0.9378272643613684
5.745 0.7493754478475538
5.755 0.5930179804174012
5.765 0.4635288234594679
5.775 0.3586705082342482
5.785 0.2758783315051112
5.795 0.21010532329822573
5.805 0.1584359929335603
5.815 0.11829537149818412
5.825 0.08745377023026327
5.835 0.06401562229525198
5.845 0.04639699118341957
5.855 0.03329582894085695
5.865 0.023658421452862288
5.875 0.01664475321189079
5.885 0.011594829336960035
5.895 0.007997357314430941
5.905 0.005461645522536229
5.915 0.0025424308089389723
5.925 0.001712784887153538
5.935 0.0
5.945 0.0
5.955 0.0
5.965 0.0
5.975 0.0
5.985 0.0
5.995 0.0
6.005 0.0
6.015 0.0
6.025 0.0
6.035 0.0
6.045 0.0
6.055 0.0
6.065 0.0
6.075 0.0
6.085 0.0
6.095 0.0
6.105 0.0
6.115 0.0
6.125 0.0
6.135 0.0
6.1450000000000005 0.0
6.155 0.0
6.165 0.0
6.175 0.0
6.185 0.0
6.195 0.0
6.205 0.0
6.215 0.0
6.225 0.0
6.235 0.0
6.245 0.0
6.255 0.0
6.265 0.0
6.275 0.0
6.285 0.0
6.295 0.0
6.305 0.0
6.315 0.0
6.325 0.0
6.335 0.0
6.345 0.0
6.355 0.0
6.365 0.0
6.375 0.0
6.385 0.0
6.3950000000000005 0.0
6.405 0.0
6.415 0.0
6.425 0.0
6.435 0.0
6.445 0.001115887784348347
6.455 0.0027690406554291363
6.465 0.004085855269764651
6.475 0.005969035195707691
6.485 0.00863361810389244
6.495 0.012363717754756164
6.505 0.017529636162349906
6.515 0.02460731974999419
6.525 0.034199781494405126
6.535 0.0470597890257916
6.545 0.06411272897042564
6.555 0.08647811399662247
6.565 0.11548772627241857
6.575 0.15269792766914528
6.585 0.19989326453796274
6.595 0.25907821622926375
6.605 0.3324538523256261
6.615 0.42237634580587
6.625 0.531294802916259
6.635 0.6616667628885182
6.6450000000000005 0.8158510108879349
6.655 0.9959790158728781
6.665 1.2038082844308016
6.675 1.4405630938029537
6.685 1.7067702640214852
6.695 2.002099640649259
6.705 2.3252205505188464
6.715 2.6736864242690235
6.725 3.043859836748771
6.735 3.4308892388902255
6.745 3.82985919866649
6.755 4.2330991812099965
6.765 4.631729414655627
6.775 5.017996183786204
6.785 5.383093239880646
6.795 5.718262545360341
6.805 6.0151807251136615
6.815 6.266354701738038
6.825 6.465503607257059
6.835 6.607903591233887
6.845 6.690673426773943
6.855 6.7129817971445735
6.865 6.676161605679619
6.875 6.583722224986187
6.885 6.441256818744218
6.8950000000000005 6.2562482099755
6.905 6.037782720626359
6.915 5.796186519829535
6.925 5.542602953793605
6.935 5.288531890535452
6.945 5.045353248978505
6.955 4.823856684277242
6.965 4.6337980690808545
6.975 4.483501211053291
6.985 4.379520468272205
6.995 4.3263768303693295
