0.005 0.0
0.015 0.0
0.025 0.0
0.034999999999999996 0.0
0.045 0.0
0.055 0.0
0.065 0.0
0.07500000000000001 0.0
0.085 0.0
0.095 0.0
0.10500000000000001 0.0
0.115 0.0
0.125 0.0
0.135 0.0
0.14500000000000002 0.0
0.155 0.0
0.165 0.0
0.17500000000000002 0.0
0.185 0.0
0.195 0.0
0.20500000000000002 0.0
0.215 0.0
0.225 0.0
0.23500000000000001 0.0
0.245 0.0
0.255 0.0
0.265 0.0
0.275 0.0
0.28500000000000003 0.0
0.295 0.0
0.305 0.0
0.315 0.0
0.325 0.0
0.335 0.0
0.34500000000000003 0.0
0.35500000000000004 0.0
0.365 0.0
0.375 0.0
0.385 0.0
0.395 0.0
0.405 0.0
0.41500000000000004 0.0
0.425 0.0
0.435 0.0
0.445 0.0
0.455 0.0
0.465 0.0
0.47500000000000003 0.0
0.485 0.0
0.495 0.0
0.505 0.0
0.515 0.0
0.525 0.0
0.535 0.0
0.545 0.0
0.555 0.0
0.5650000000000001 0.0
0.5750000000000001 0.0
0.585 0.0
0.595 0.0
0.605 0.0
0.615 0.0
0.625 0.0
0.635 0.0
0.645 0.0
0.655 0.0
0.665 0.0
0.675 0.0
0.685 0.0
0.6950000000000001 0.0
0.7050000000000001 0.0
0.715 0.0
0.725 0.0
0.735 0.0
0.745 0.0
0.755 0.0
0.765 0.0
0.775 0.0
0.785 0.0
0.795 0.0
0.805 0.0
0.8150000000000001 0.0
0.8250000000000001 0.0
0.8350000000000001 0.0
0.845 0.0
0.855 0.0
0.865 0.0
0.875 0.0
0.885 0.0
0.895 0.0
0.905 0.0
0.915 0.0
0.925 0.0
0.935 0.0
0.9450000000000001 0.0
0.9550000000000001 0.0
0.965 0.0
0.975 0.0
0.985 0.0
0.995 0.0
1.005 0.0
1.015 0.0
1.025 0.0
1.035 0.0
1.045 0.0
1.055 0.0
1.065 0.0
1.075 0.0
1.085 0.0
1.095 0.0
1.105 0.0
1.115 0.0
1.125 0.0
1.135 0.0
1.145 0.0
1.155 0.0
1.1649999999999998 0.0
1.1749999999999998 0.0
1.1849999999999998 0.0
1.1949999999999998 0.0
1.2049999999999998 0.0
1.2149999999999999 0.0
1.2249999999999999 0.0
1.2349999999999999 0.0
1.2449999999999999 0.0
1.255 0.0
1.265 0.0
1.275 0.0
1.285 0.0
1.295 0.0
1.305 0.0
1.315 0.0
1.325 0.0
1.335 0.0
1.345 0.0
1.355 0.0
1.365 0.0
1.375 0.0
1.385 0.0
1.395 0.0
1.405 0.0
1.4149999999999998 0.0
1.4249999999999998 0.0
1.4349999999999998 0.0
1.4449999999999998 0.0
1.4549999999999998 0.0
1.4649999999999999 0.0
1.4749999999999999 0.0
1.4849999999999999 0.0
1.4949999999999999 0.0
1.505 0.0
1.515 0.0
1.525 0.0
1.535 0.0
1.545 0.0
1.555 0.0
1.565 0.0
1.575 0.0
1.585 0.0
1.595 0.0
1.605 0.0
1.615 0.0
1.625 0.012750187396447659
1.635 0.018926176602565983
1.645 0.027814180185255288
1.655 0.04046939337419013
1.665 0.05829672805682196
1.6749999999999998 0.0831416657625479
1.6849999999999998 0.11739519396109534
1.6949999999999998 0.16411148266923983
1.7049999999999998 0.22713532137156697
1.7149999999999999 0.3112342889565995
1.7249999999999999 0.4222282181913866
1.7349999999999999 0.5671058492339919
1.7449999999999999 0.7541158242369438
1.755 0.9928166150110164
1.765 1.2940679292727861
1.775 1.669944997528984
1.785 2.1335573207229115
1.795 2.6987553635766655
1.805 3.3797126472516923
1.815 4.190376934021673
1.825 5.143792718155156
1.835 6.251307802599836
1.845 7.521688823002266
1.855 8.960183352936909
1.865 10.567578588846148
1.875 12.339317268870268
1.885 14.264739032905563
1.895 16.326518542332412
1.905 18.500369230210833
1.915 20.755072824646735
1.9249999999999998 23.05287960504049
1.9349999999999998 25.35030319383871
1.9449999999999998 27.599307733111132
1.9549999999999998 29.748856380908133
1.9649999999999999 31.74676055199539
1.9749999999999999 33.54174190756094
1.9849999999999999 35.0855965051765
1.9949999999999999 36.33533523575197
2.005 37.25516862654055
2.015 37.818208397262964
2.025 38.00777295571942
2.035 37.818208397262964
2.045 37.25516862654055
2.0549999999999997 36.33533523575197
2.065 35.0855965051765
2.0749999999999997 33.54174190756094
2.085 31.74676055199539
2.0949999999999998 29.748856380908133
2.105 27.599307733111132
2.1149999999999998 25.35030319383871
2.125 23.05287960504049
2.135 20.755072824646735
2.145 18.500369230210833
2.155 16.326518542332412
2.165 14.264739032905563
2.175 12.339317268870268
2.185 10.567578588846148
2.195 8.960183352936909
2.205 7.521688823002266
2.215 6.251307802599836
2.225 5.143792718155156
2.235 4.190376934021673
2.245 3.3797126472516923
2.255 2.6987553635766655
2.265 2.1335573207229115
2.275 1.669944997528984
2.285 1.2940679292727861
2.295 0.9928166150110164
2.305 0.7541158242369438
2.315 0.5671058492339919
2.3249999999999997 0.4222282181913866
2.335 0.3112342889565995
2.3449999999999998 0.22713532137156697
2.355 0.16411148266923983
2.3649999999999998 0.11739519396109534
2.375 0.0831416657625479
2.385 0.05829672805682196
2.395 0.04046939337419013
2.405 0.027814180185255288
2.415 0.018926176602565983
2.425 0.012750187396447659
2.435 0.0
2.445 0.0
2.455 0.0
2.465 0.0
2.475 0.0
2.485 0.0
2.495 0.0
2.505 0.0
2.515 0.0
2.525 0.0
2.535 0.0
2.545 0.0
2.555 0.0
2.565 0.0
2.5749999999999997 0.0
2.585 0.0
2.5949999999999998 0.0
2.605 0.0
2.6149999999999998 0.0
2.625 0.0
2.635 0.0
2.645 0.0
2.655 0.0
2.665 0.0
2.675 0.0
2.685 0.0
2.695 0.0
2.705 0.0
2.715 0.0
2.725 0.0
2.735 0.0
2.745 0.0
2.755 0.0
2.765 0.0
2.775 0.0
2.785 0.0
2.795 0.0
2.805 0.0
2.815 0.0
2.8249999999999997 0.0
2.835 0.0
2.8449999999999998 0.0
2.855 0.0
2.8649999999999998 0.0
2.875 0.0
2.885 0.0
2.895 0.0
2.905 0.0
2.915 0.0
2.925 0.0
2.935 0.0
2.945 0.0
2.955 0.0
2.965 0.0
2.975 0.0
2.985 0.0
2.995 0.0
3.005 0.0
3.015 0.0
3.025 0.0
3.035 0.0
3.045 0.0
3.055 0.0
3.065 0.0
3.075 0.0
3.085 0.0
3.0949999999999998 0.0
3.105 0.0
3.1149999999999998 0.0
3.125 0.0
3.135 0.0
3.145 0.0
3.155 0.0
3.165 0.0
3.175 0.0
3.185 0.0
3.195 0.0
3.205 0.0
3.215 0.0
3.225 0.0
3.235 0.0
3.245 0.0
3.255 0.0
3.265 0.0
3.275 0.0
3.285 0.0
3.295 0.0
3.305 0.0
3.315 0.0
3.325 0.0
3.335 0.0
3.3449999999999998 0.0
3.355 0.0
3.3649999999999998 0.0
3.375 0.0
3.385 0.0
3.395 0.0
3.405 0.0
3.415 0.0
3.425 0.0
3.435 0.0
3.445 0.0
3.455 0.0
3.465 0.0
3.475 0.0
3.485 0.0
3.495 0.0034462941511865263
3.505 0.005115624555284488
3.515 0.007517995109562073
3.525 0.010938618339554439
3.535 0.015757232947926088
3.545 0.022472660795338936
3.555 0.03173117051112916
3.565 0.044358284727887685
3.575 0.06139322546653651
3.585 0.0841246388252039
3.5949999999999998 0.11412558839913971
3.605 0.1532850859794653
3.6149999999999998 0.2038326868128283
3.625 0.26835198472977334
3.635 0.34977828930839044
3.645 0.45137545816705216
3.655 0.5766869056118465
3.665 0.7326203944771844
3.675 0.91821142127485
3.685 1.1395344320304865
3.695 1.4003771261063573
3.705 1.7041553833001564
3.715 2.0536967416056386
3.725 2.451012931113458
3.735 2.8970746450489173
3.745 3.391604202871807
3.755 3.9329032938776036
3.765 4.517733232295732
3.775 5.141263831452688
3.785 5.797103964857619
3.795 6.477422142895144
3.805 7.173159207340397
3.815 7.874327947138135
3.825 8.57038666770967
3.835 9.250666242284767
3.8449999999999998 9.904823747169603
3.855 10.523291224313903
3.8649999999999998 11.097686097911874
3.875 11.621150759017171
3.885 12.088592994819793
3.895 12.496806108957095
3.905 12.844457236840839
3.915 13.131943668282064
3.925 13.361128869224176
3.935 13.534981135319054
3.945 13.657147207822621
3.955 13.731499680333298
3.965 13.761699846323275
3.975 13.750816387251271
3.985 13.701035024934644
3.995 13.613485451855652
4.005 13.48820039850819
4.015 13.32420878554943
4.025 13.119751890341036
4.035 12.872599688009918
4.045 12.580435211004911
4.055 12.241268825185617
4.065 11.853842274429374
4.075 11.417984291492312
4.085 10.934885168201497
4.095 10.409853866579049
4.1049999999999995 9.843271478547615
4.115 9.242836883726124
4.125 8.615906515920269
4.135 7.97095774334105
4.145 7.317259265508881
4.155 6.664503698682171
4.165 6.024941629276374
4.175 5.404207473358335
4.185 4.812952323818186
4.195 4.259349287902386
4.205 3.7506107215965137
4.215 3.292911752419962
4.225 2.891389139363305
4.235 2.55020467083961
4.245 2.2726572875678555
4.255 2.061324843370099
4.265 1.9206175042821172
4.275 1.8484713970529492
4.285 1.847894354165311
4.295 1.9200911461344217
4.305 2.063795199885418
4.315 2.285215529547089
4.325 2.5815638763408897
4.335 2.9530476795926908
4.345 3.3992589231878503
4.355 3.9189820598127394
4.365 4.509992325418835
4.375 5.168863602897304
4.385 5.890805127430072
4.395 6.669544991695998
4.405 7.497275654848891
4.415 8.364672637931461
4.425 9.260992559449669
4.435 10.174250984934762
4.445 11.091474667227628
4.455 11.999017118979507
4.465 12.882921568684864
4.475 13.727201285262963
4.485 14.523394425965886
4.495 15.255897409411823
4.505 15.91344170827885
4.515 16.486225790482706
4.525 16.96614116839143
4.535 17.346921085405988
4.545 17.624210301159252
4.555 17.79556014506877
4.565 17.860358006734366
4.575 17.819704245572684
4.585 17.676251793466793
4.595 17.434024332304443
4.605 17.098227887038078
4.615 16.675068206622946
4.625 16.171582790459514
4.635 15.595492345732005
4.645 14.955072365402415
4.655 14.25904190883061
4.665 13.51646397172166
4.675 12.736650336606406
4.685 11.92906361779882
4.695 11.103210297313971
4.705 10.268520670874269
4.715 9.434214441292616
4.725 8.609153792055938
4.735 7.8016887136878434
4.745 7.019501748616674
4.755 6.269460866604268
4.765 5.557489705856613
4.775 4.888463876522996
4.785 4.266140518554109
4.795 3.695063338661848
4.805 3.173759925393773
4.815 2.704010178843585
4.825 2.285332460370469
4.835 1.9164017527147486
4.845 1.595200779280434
4.855 1.3191877399533876
4.865 1.0873579059964351
4.875 0.8937872693424077
4.885 0.7367753417411765
4.895 0.6135451900551266
4.905 0.519915582632134
4.915 0.45790748768480916
4.925 0.4235284665305552
4.935 0.41593967862414266
4.945 0.43490615709771235
4.955 0.4808023249700108
4.965 0.5545848541982822
4.975 0.6560595723775013
4.985 0.7910516240903179
4.995 0.9593514633944762
5.005 1.1633914244067725
5.015 1.4055653433935127
5.025 1.6880343353942502
5.035 2.012516366885331
5.045 2.3800679317520848
5.055 2.790867822655381
5.065 3.244014414711353
5.075 3.73574642386669
5.085 4.266258577368393
5.095 4.82818884863593
5.105 5.4150462515554985
5.115 6.018857938194049
5.125 6.630292256403304
5.135 7.238856609832197
5.145 7.833166938098113
5.155 8.401280910838874
5.165 8.931082360984925
5.175 9.41070043393783
5.185 9.828943744659739
5.195 10.175727806042861
5.205 10.442473330541397
5.215 10.62245382120288
5.225 10.711073150309366
5.235 10.706057447774738
5.245 10.607550351100802
5.255 10.41810617635042
5.265 10.142581462904015
5.275 9.787931199630673
5.285 9.362921436404715
5.295 8.877774541723884
5.305 8.343766774333016
5.315 7.772799879595152
5.325 7.176968996813414
5.335 6.568148286044725
5.345 5.9576134788704245
5.355 5.355717251456555
5.365 4.771629208943186
5.375 4.213147702227165
5.385 3.6865860298209765
5.395 3.1967311493486172
5.405 2.7468691305034145
5.415 2.3388684516592533
5.425 1.973310022126441
5.435 1.6511871877896989
5.445 1.3686931183665987
5.455 1.1247253153762637
5.465 0.9166427041006666
5.475 0.7414829071156152
5.485 0.5961394686163302
5.495 0.47751835624425043
5.505 0.38267081027789024
5.515 0.30890132935191067
5.525 0.2538509488228242
5.535 0.2155569294870091
5.545 0.1924905247352987
5.555 0.18504903130337452
5.565 0.1903718316226087
5.575 0.2093400474006733
5.585 0.2422827257303404
5.595 0.2899199725359451
5.605 0.35201709665059555
5.615 0.43292507264558416
5.625 0.5322878316470425
5.635 0.6517673398257363
5.645 0.7930086171655331
5.655 0.9575326589852866
5.665 1.1466235256711494
5.675 1.3599561516840297
5.685 1.6009455931404497
5.695 1.8676775519615474
5.705 2.159461685072539
5.715 2.4748888395294353
5.725 2.8118006919407565
5.735 3.167289630655917
5.745 3.5377310181551738
5.755 3.9188478306519836
5.765 4.305805411209212
5.775 4.693331915545289
5.785 5.075858204176675
5.795 5.447669643191675
5.805 5.8030616672508675
5.815 6.136491103434868
5.825 6.442716133165907
5.835 6.716919268818627
5.845 6.954809648442857
5.855 7.152703056917059
5.865 7.307580093533783
5.875 7.417124569726657
5.885 7.479745335322674
5.895 7.494585179861912
5.905 7.461520220905562
5.915 7.381152361108267
5.925 7.254796147265787
5.935 7.084459936848487
5.945 6.872819934822354
5.955 6.62318465373998
5.965 6.339446866569073
5.975 6.02602027406283
5.985 5.687758906350669
5.995 5.329858631320658
6.005 4.957741874521902
6.015 4.576928533233551
6.025 4.192897835077005
6.035 3.8109473080638696
6.045 3.4360559018267547
6.055 3.0727585101585775
6.065 2.7250386609310593
6.075 2.396245016087447
6.085 2.089035692002145
6.095 1.805352453228858
6.105 1.5464247616528448
6.115 1.3128016882929612
6.125 1.1044079999411978
6.135 0.9206194551373592
6.1450000000000005 0.7603515641222507
6.155 0.622155805827637
6.165 0.5043175169930041
6.175 0.40495029543165467
6.185 0.3220826832969413
6.195 0.2537339956775779
6.205 0.19797731555859635
6.215 0.15298878287221954
6.225 0.11708328051027059
6.235 0.08873740839110858
6.245 0.06557698277023008
6.255 0.04882413508314399
6.265 0.03598941120423977
6.275 0.026264671888348304
6.285 0.018976943873765622
6.295 0.013574930715479439
6.305 0.01077701584169895
6.315 0.008467410737525223
6.325 0.0072166514244222865
6.335 0.00690758338739604
6.345 0.007505895599617705
6.355 0.009057901693467266
6.365 0.010707882834721846
6.375 0.014968981854888097
6.385 0.020717529626294924
6.3950000000000005 0.02838838787045806
6.405 0.03851239678010201
6.415 0.0517270152515395
6.425 0.06878462070955757
6.435 0.09055706312326721
6.445 0.11803488115038352
6.455 0.15231948404886284
6.465 0.19460661923719894
6.475 0.24615961912659598
6.485 0.3082712828413735
6.495 0.38221381752386663
6.505 0.4691770411858086
6.515 0.570196012761858
6.525 0.6860703570423543
6.535 0.8172787171565943
6.545 0.9638928950837604
6.555 1.1254972125972198
6.565 1.3011193139887463
6.575 1.4891789156900679
6.585 1.6874607846539342
6.595 1.8931174312475494
6.605 2.1027056175359906
6.615 2.3122588520468526
6.625 2.517395674847856
6.635 2.713460899424025
6.6450000000000005 2.8956942861339967
6.655 3.0594186209843293
6.665 3.200237112673116
6.675 3.31422862671628
6.685 3.3981287238471145
6.695 3.4494848628231467
6.705 3.4667754776522357
6.715 3.4494848628231467
6.725 3.3981287238471145
6.735 3.31422862671628
6.745 3.200237112673116
6.755 3.0594186209843293
6.765 2.8956942861339967
6.775 2.713460899424025
6.785 2.517395674847856
6.795 2.3122588520468526
6.805 2.1027056175359906
6.815 1.8931174312475494
6.825 1.6874607846539342
6.835 1.4891789156900679
6.845 1.3011193139887463
6.855 1.1254972125972198
6.865 0.9638928950837604
6.875 0.8172787171565943
6.885 0.6860703570423543
6.8950000000000005 0.5713589863739392
6.905 0.47090334083004015
6.915 0.38475081220412805
6.925 0.3119625883200859
6.935 0.25147699637703913
6.945 0.20219015980329744
6.955 0.16302736688358468
6.965 0.13300386300527162
6.975 0.11127459274956214
6.985 0.09717300858001562
6.995 0.09023941203164151
