0.005 0.0
0.015 0.0
0.025 0.0
0.034999999999999996 0.0
0.045 0.0
0.055 0.0
0.065 0.0
0.07500000000000001 0.0
0.085 0.0
0.095 0.0
0.10500000000000001 0.0
0.115 0.0
0.125 0.0
0.135 0.0
0.14500000000000002 0.0
0.155 0.0
0.165 0.0
0.17500000000000002 0.0
0.185 0.0
0.195 0.0
0.20500000000000002 0.0
0.215 0.0
0.225 0.0
0.23500000000000001 0.0
0.245 0.0
0.255 0.0
0.265 0.0
0.275 0.0
0.28500000000000003 0.0
0.295 0.0
0.305 0.0
0.315 0.0
0.325 0.0
0.335 0.0
0.34500000000000003 0.0
0.35500000000000004 0.0
0.365 0.0
0.375 0.0
0.385 0.0
0.395 0.0
0.405 0.0
0.41500000000000004 0.0
0.425 0.0
0.435 0.0
0.445 0.0
0.455 0.0
0.465 0.0
0.47500000000000003 0.0
0.485 0.0
0.495 0.0
0.505 0.0
0.515 0.0
0.525 0.0
0.535 0.0
0.545 0.0
0.555 0.0
0.5650000000000001 0.0
0.5750000000000001 0.0
0.585 0.0
0.595 0.0
0.605 0.0
0.615 0.0
0.625 0.0
0.635 0.0
0.645 0.0
0.655 0.0
0.665 0.0
0.675 0.0
0.685 0.0
0.6950000000000001 0.0
0.7050000000000001 0.0
0.715 0.0
0.725 0.0
0.735 0.0
0.745 0.0
0.755 0.0
0.765 0.0
0.775 0.0
0.785 0.0
0.795 0.0
0.805 0.0
0.8150000000000001 0.0
0.8250000000000001 0.0
0.8350000000000001 0.0
0.845 0.0
0.855 0.0
0.865 0.0
0.875 0.0
0.885 0.0
0.895 0.0
0.905 0.0
0.915 0.0
0.925 0.0
0.935 0.0
0.9450000000000001 0.0
0.9550000000000001 0.0
0.965 0.0
0.975 0.0
0.985 0.0
0.995 0.0
1.005 0.0
1.015 0.0
1.025 0.0
1.035 0.0
1.045 0.0
1.055 0.0
1.065 0.0
1.075 0.0
1.085 0.0
1.095 0.0
1.105 0.0
1.115 0.0
1.125 0.0
1.135 0.0
1.145 0.0
1.155 0.0
1.1649999999999998 0.0
1.1749999999999998 0.0
1.1849999999999998 0.0
1.1949999999999998 0.0
1.2049999999999998 0.0
1.2149999999999999 0.0
1.2249999999999999 0.0
1.2349999999999999 0.0
1.2449999999999999 0.0
1.255 0.0
1.265 0.0
1.275 0.0
1.285 0.0
1.295 0.0
1.305 0.0
1.315 0.0
1.325 0.0
1.335 0.0
1.345 0.0
1.355 0.0
1.365 0.0
1.375 0.0
1.385 0.0
1.395 0.0
1.405 0.0
1.4149999999999998 0.0
1.4249999999999998 0.0
1.4349999999999998 0.0
1.4449999999999998 0.0
1.4549999999999998 0.0
1.4649999999999999 0.0
1.4749999999999999 0.0
1.4849999999999999 0.0
1.4949999999999999 0.0
1.505 0.0
1.515 0.0
1.525 0.0
1.535 0.0
1.545 0.0
1.555 0.0
1.565 0.0
1.575 0.0
1.585 0.0
1.595 0.0
1.605 0.0
1.615 0.012877053891185628
1.625 0.019114495221712578
1.635 0.028090935924947144
1.645 0.04087207059938809
1.655 0.05887679024048228
1.665 0.08396893922716452
1.6749999999999998 0.11856329575394255
1.6849999999999998 0.1657444193395117
1.6949999999999998 0.22939535576616898
1.7049999999999998 0.314331122128886
1.7149999999999999 0.42642945950304956
1.7249999999999999 0.5727486471788881
1.7349999999999999 0.7616194026764287
1.7449999999999999 1.0026953061978734
1.755 1.3069441213658846
1.765 1.6865612292481142
1.775 2.154786572512424
1.785 2.7256084303188577
1.795 3.413341352732356
1.805 4.232071884591441
1.815 5.194974315061948
1.825 6.313509359626749
1.835 7.596530883421702
1.845 9.049338674255036
1.855 10.67272776130525
1.865 12.462095537195752
1.875 14.406675569458809
1.885 16.488970129461027
1.895 18.684450994863873
1.905 20.961589266752352
1.915 23.282259608500105
1.9249999999999998 25.602542945831935
1.9349999999999998 27.873925456005924
1.9449999999999998 30.04486247196846
1.9549999999999998 32.06264612334311
1.9649999999999999 33.87548784327978
1.9749999999999999 35.434704052069705
1.9849999999999999 36.69687789180526
1.9949999999999999 37.625863778506556
2.005 38.194505889013364
2.015 38.38595664649656
2.025 38.194505889013364
2.035 37.625863778506556
2.045 36.69687789180526
2.0549999999999997 35.434704052069705
2.065 33.87548784327978
2.0749999999999997 32.06264612334311
2.085 30.04486247196846
2.0949999999999998 27.873925456005924
2.105 25.602542945831935
2.1149999999999998 23.282259608500105
2.125 20.961589266752352
2.135 18.684450994863873
2.145 16.488970129461027
2.155 14.406675569458809
2.165 12.462095537195752
2.175 10.67272776130525
2.185 9.049338674255036
2.195 7.596530883421702
2.205 6.313509359626749
2.215 5.194974315061948
2.225 4.232071884591441
2.235 3.413341352732356
2.245 2.7256084303188577
2.255 2.154786572512424
2.265 1.6865612292481142
2.275 1.3069441213658846
2.285 1.0099476506604084
2.295 0.7723846681437284
2.305 0.5885694354837475
2.315 0.4494485706591121
2.3249999999999997 0.347490474204338
2.335 0.27668658220468706
2.3449999999999998 0.23251915435941992
2.355 0.21191039455080118
2.3649999999999998 0.21316418467540982
2.375 0.23590777824731504
2.385 0.2810367352363523
2.395 0.3506624274239037
2.405 0.4480578159715338
2.415 0.5775940934379065
2.425 0.7360696818950541
2.435 0.9498696747736839
2.445 1.2135737412578527
2.455 1.5350600668210392
2.465 1.9223905923989888
2.475 2.3834988466015212
2.485 2.925804576514192
2.495 3.555762446159631
2.505 4.27835894393283
2.515 5.096578905269626
2.525 6.010870089844631
2.535 7.018640313575762
2.545 8.113825931971936
2.555 9.286572240965468
2.565 10.52306496914335
2.5749999999999997 11.805547070725693
2.585 13.112546392508744
2.5949999999999998 14.419327753774073
2.605 15.698568215851722
2.6149999999999998 16.921237871447797
2.625 18.057651698267083
2.635 19.07864242488309
2.645 19.95679150566411
2.655 20.66764660767066
2.665 21.190850572500146
2.675 21.511109266464388
2.685 21.618934150371395
2.695 21.511109266464388
2.705 21.190850572500146
2.715 20.66764660767066
2.725 19.95679150566411
2.735 19.07864242488309
2.745 18.057651698267083
2.755 16.921237871447797
2.765 15.698568215851722
2.775 14.419327753774073
2.785 13.112546392508744
2.795 11.805547070725693
2.805 10.52306496914335
2.815 9.286572240965468
2.8249999999999997 8.113825931971936
2.835 7.018640313575762
2.8449999999999998 6.010870089844631
2.855 5.096578905269626
2.8649999999999998 4.27835894393283
2.875 3.555762446159631
2.885 2.9306496059773783
2.895 2.3906907317412216
2.905 1.9329598897984521
2.915 1.550438303795805
2.925 1.2357263070406408
2.935 0.9814632355357942
2.945 0.7806794712175614
2.955 0.62707886561692
2.965 0.5152539991702981
2.975 0.44083950223963025
2.985 0.40061000506357075
2.995 0.3925293538622009
3.005 0.415756789484943
3.015 0.47061416175859994
3.025 0.5585163110251701
3.035 0.6818648576608577
3.045 0.8439041481229308
3.055 1.0485373128810784
3.065 1.3001005281933278
3.075 1.603094780000496
3.085 1.9618767352326825
3.0949999999999998 2.3754764965637567
3.105 2.8582171247554458
3.1149999999999998 3.409072052515234
3.125 4.021926755647972
3.135 4.698131531952214
3.145 5.433985692930481
3.155 6.223371949088841
3.165 7.05767398958214
3.175 7.925822528771231
3.185 8.814486458499175
3.195 9.708417161960897
3.205 10.590943503383114
3.215 11.4446032201102
3.225 12.251884344681448
3.235 12.99603895477186
3.245 13.661922113805781
3.255 14.236802377772571
3.265 14.711087566162652
3.275 15.078911191073743
3.285 15.33853119441791
3.295 15.492503223908015
3.305 15.547604929642668
3.315 15.514504657248064
3.325 15.40718613797375
3.335 15.242158851968352
3.3449999999999998 15.03750016045746
3.355 14.811788669859295
3.3649999999999998 14.582997451119391
3.375 14.367419881427415
3.385 14.178699609937889
3.395 14.027029528680952
3.405 13.918573147657991
3.415 13.85514631445579
3.425 13.83417898295205
3.435 13.84895713456483
3.445 13.889125496812117
3.455 13.941413869998307
3.465 13.99053500281111
3.475 14.020191142369873
3.485 14.014120381314587
3.495 13.957113099542132
3.505 13.835933098177026
3.515 13.640086984291965
3.525 13.362398154336036
3.535 12.999357216231276
3.545 12.551237566549702
3.555 12.021981708767857
3.565 11.418879422092363
3.575 10.752071899732098
3.585 10.033925574505957
3.5949999999999998 9.278324985301506
3.605 8.499935535371849
3.6149999999999998 7.713484551750923
3.625 6.933103204569932
3.635 6.171763373638808
3.645 5.440833406989908
3.655 4.74976590829653
3.665 4.105920177321439
3.675 3.5145125358257516
3.685 2.978680127397421
3.695 2.4964067515707766
3.705 2.0747743454678416
3.715 1.707196239096431
3.725 1.390762834767567
3.735 1.1217078596985355
3.745 0.8957019186791483
3.755 0.7081158268642629
3.765 0.5542454712875515
3.775 0.4294939596209382
3.785 0.32951032129987373
3.795 0.25028685437428666
3.805 0.18821928215822306
3.815 0.14013520093695572
3.825 0.10329693218569765
3.835 0.07538495185524735
3.8449999999999998 0.05446768976840687
3.855 0.03896281296697708
3.8649999999999998 0.0275942571715723
3.875 0.01934836031377418
3.885 0.013431566929802444
3.895 0.009231371948216596
3.905 0.006281492915205161
3.915 0.0042317163936568996
3.925 0.0
3.935 0.0
3.945 0.0
3.955 0.0
3.965 0.0
3.975 0.0
3.985 0.0
3.995 0.0
4.005 0.0
4.015 0.0
4.025 0.0
4.035 0.0
4.045 0.002646206864926939
4.055 0.003927987636203941
4.065 0.0057726268846090625
4.075 0.0083991225569004
4.085 0.012099053699377088
4.095 0.017255436321164386
4.1049999999999995 0.0243645021449513
4.115 0.03406012151426684
4.125 0.047140251981573636
4.135 0.06459436919861032
4.145 0.08763033630824983
4.155 0.11769861451615343
4.165 0.15651114834608773
4.175 0.2060517277563813
4.185 0.2685742045703189
4.195 0.34658470335446084
4.205 0.44280400383645235
4.215 0.5601066672827616
4.225 0.7038785430140599
4.235 0.8733098567677634
4.245 1.072888084806054
4.255 1.305170662837629
4.265 1.5722463659176156
4.275 1.8755580720662215
4.285 2.215727515835296
4.295 2.5923943626906754
4.305 3.0040831888659327
4.315 3.4481122045567405
4.325 3.920556588106213
4.335 4.416276976105844
4.345 4.929019977486005
4.355 5.451592697898836
4.365 5.976107481973106
4.375 6.49428686085244
4.385 6.9978126019088975
4.395 7.478697431862065
4.405 7.929654076265843
4.415 8.34443428217586
4.425 8.718110869250587
4.435 9.047278774045397
4.445 9.330156439879604
4.455 9.566576412617628
4.465 9.757863025609634
4.475 9.906604782118658
4.485 10.016338529954801
4.495 10.091170801806609
4.505 10.135367878117647
4.515 10.152949515634866
4.525 10.147321445626059
4.535 10.1209785839969
4.545 10.075304665079749
4.555 10.010485295722706
4.565 9.925541080029376
4.575 9.818476517804916
4.585 9.686529923917767
4.595 9.526500684742416
4.605 9.335123622079207
4.615 9.10945666980557
4.625 8.849318349784783
4.635 8.55032319176395
4.645 8.21397402255908
4.655 7.841820652115044
4.665 7.43689062671132
4.675 7.003637283174081
4.685 6.547795267168208
4.695 6.076159764272938
4.705 5.596310771279526
4.715 5.118304792170941
4.725 4.64733594404094
4.735 4.192949363916796
4.745 3.7630026402143173
4.755 3.3647930012800016
4.765 3.0049074339067237
4.775 2.6891295954120262
4.785 2.422398952254825
4.795 2.2088130437433815
4.805 2.0516606132234063
4.815 1.9534717577161775
4.825 1.9160712431943356
4.835 1.9406225901459093
4.845 2.027653203115549
4.855 2.1752894005989756
4.865 2.3868884192413313
4.875 2.6584015560189727
4.885 2.987613252308776
4.895 3.3714182532749977
4.905 3.8057437079839778
4.915 4.2854825225975
4.925 4.804450436933677
4.935 5.355378117622081
4.945 5.931777470258211
4.955 6.521594246151237
4.965 7.116057824251115
4.975 7.7045843185107215
4.985 8.276246256394833
4.995 8.820062358487776
5.005 9.325316995385784
5.015 9.781896023045245
5.025 10.180624236338215
5.035 10.511958791031226
5.045 10.773358599279728
5.055 10.957911932726741
5.065 11.063132345517335
5.075 11.088648784642292
5.085 11.03800136213866
5.095 10.912508170527676
5.105 10.719429776424244
5.115 10.466758750992625
5.125 10.164123060552038
5.135 9.822463268741629
5.145 9.453654217892293
5.155 9.070085713385811
5.165 8.684219255022077
5.175 8.308139741934617
5.185 7.953122129782237
5.195 7.629233068562309
5.205 7.344986469261188
5.215 7.107069679878373
5.225 6.920153528030911
5.235 6.786795042833219
5.245 6.707436442742697
5.255 6.680498304137168
5.265 6.702559117294383
5.275 6.768608143095213
5.285 6.8723540555787395
5.295 7.0065686959585936
5.305 7.1634436834630755
5.315 7.334937804965924
5.325 7.513095054746492
5.335 7.690316759602012
5.345 7.859576077251074
5.355 8.014568831334598
5.365 8.14980058306105
5.375 8.260615440822681
5.385 8.343176809531245
5.395 8.394413613219077
5.405 8.411947174150479
5.415 8.394013779268839
5.425 8.339396099436229
5.435 8.24599229732437
5.445 8.116783751261824
5.455 7.949987980512185
5.465 7.746366039157769
5.475 7.507192727990251
5.485 7.234300480931772
5.495 6.930115373471921
5.505 6.5976746188516655
5.515 6.24061666966885
5.525 5.861805082925225
5.535 5.469033755702156
5.545 5.065410549327838
5.555 4.6562473748083875
5.565 4.2469046992324655
5.575 3.842623523530363
5.585 3.4483582155588395
5.595 3.068621703332569
5.605 2.707353187914259
5.615 2.3678163146101534
5.625 2.052532941967145
5.635 1.7632546025443379
5.645 1.5009707816259434
5.655 1.265950529724854
5.665 1.0592332464239136
5.675 0.8777220472346847
5.685 0.7210525830114619
5.695 0.5875957289333783
5.705 0.4755230123526314
5.715 0.3829190038958161
5.725 0.3078842689573471
5.735 0.24862576896013225
5.745 0.20353283108174036
5.755 0.17001721450352325
5.765 0.1498555524991406
5.775 0.1405166640612404
5.785 0.14161726664672744
5.795 0.15309862540375982
5.805 0.17521878999010523
5.815 0.20988422062567744
5.825 0.25585500192059096
5.835 0.31513695107293305
5.845 0.3890058405971695
5.855 0.4788397945654114
5.865 0.5860373669744368
5.875 0.7119259298497614
5.885 0.8576631830776047
5.895 1.0229765700839653
5.905 1.2110939051292882
5.915 1.4203871407251922
5.925 1.6504098188380776
5.935 1.9001062364134513
5.945 2.167783720450012
5.955 2.451115006877062
5.965 2.747173760861764
5.975 3.0525039365267537
5.985 3.3632209830543913
5.995 3.675140102161194
6.005 3.9839241345212484
6.015 4.285241500648863
6.025 4.574923224735057
6.035 4.849107648683566
6.045 5.104362125344071
6.055 5.337772772840969
6.065 5.548247075293698
6.075 5.7321271050949605
6.085 5.889114929290746
6.095 6.018595396531784
6.105 6.120389604751761
6.115 6.19466077265775
6.125 6.2418192255248925
6.135 6.262438711452571
6.1450000000000005 6.2571946838275
6.155 6.22683233225137
6.165 6.172168322487446
6.175 6.094125841879505
6.185 5.993798136341298
6.195 5.8725317750840675
6.205 5.732017846062891
6.215 5.5743775207418595
6.225 5.402228139041233
6.235 5.21871719657638
6.245 5.027514242768458
6.255 4.832754449340763
6.265 4.638932101573234
6.275 4.451920501792462
6.285 4.274653635397393
6.295 4.112490620000577
6.305 3.969591370553017
6.315 3.849476204023053
6.325 3.7548246326878245
6.335 3.6873120919068483
6.345 3.647498369621837
6.355 3.634778060498196
6.365 3.647399062415161
6.375 3.682550292469913
6.385 3.73651478169767
6.3950000000000005 3.8048794791929135
6.405 3.882788810712817
6.415 3.9663513468857885
6.425 4.048971789868074
6.435 4.1269876405358765
6.445 4.196664909503941
6.455 4.255156734827571
6.465 4.300650773735841
6.475 4.331498362164073
6.485 4.350330761464851
6.495 4.357227600905203
6.505 4.354577898011403
6.515 4.345464507744104
6.525 4.333427028946672
6.535 4.322199988059342
6.545 4.315445876541639
6.555 4.316502417900001
6.565 4.328161670855328
6.575 4.352495402844362
6.585 4.3907368892867025
6.595 4.443224309710195
6.605 4.509405688969369
6.615 4.5879003576342114
6.625 4.675704829238989
6.635 4.772254123974288
6.6450000000000005 4.873148628107684
6.655 4.9750867640226035
6.665 5.074676687858173
6.675 5.168581810531858
6.685 5.253638765293806
6.695 5.326943808139658
6.705 5.385907486603056
6.715 5.428280889629948
6.725 5.452159515321558
6.735 5.4559724885089125
6.745 5.4384653868787565
6.755 5.398684303010178
6.765 5.3359671345789526
6.775 5.249945730476551
6.785 5.141685515671386
6.795 5.009751643174223
6.805 4.855596509362213
6.815 4.68033636524429
6.825 4.485531605685464
6.835 4.273204303335417
6.845 4.045838461024324
6.855 3.806359331075726
6.865 3.5580903097536067
6.875 3.303853882439409
6.885 3.0495089811101868
6.8950000000000005 2.7979047903462813
6.905 2.553176869573478
6.915 2.319391604537324
6.925 2.1016179808910063
6.935 1.9017084048075032
6.945 1.7238014432334021
6.955 1.5708620667953348
6.965 1.445415813554973
6.975 1.3495139766746924
6.985 1.2847103910671593
6.995 1.252047225307664
