0.005 0.0
0.015 0.0
0.025 0.0
0.034999999999999996 0.0
0.045 0.0
0.055 0.0
0.065 0.0
0.07500000000000001 0.0
0.085 0.0
0.095 0.0
0.10500000000000001 0.0
0.115 0.0
0.125 0.0
0.135 0.0
0.14500000000000002 0.0
0.155 0.0
0.165 0.0
0.17500000000000002 0.0
0.185 0.0
0.195 0.0
0.20500000000000002 0.0
0.215 0.0
0.225 0.0
0.23500000000000001 0.0
0.245 0.0
0.255 0.0
0.265 0.0
0.275 0.0
0.28500000000000003 0.0
0.295 0.0
0.305 0.0
0.315 0.0
0.325 0.0
0.335 0.0
0.34500000000000003 0.0
0.35500000000000004 0.0
0.365 0.0
0.375 0.0
0.385 0.0
0.395 0.0
0.405 0.0
0.41500000000000004 0.0
0.425 0.0
0.435 0.0
0.445 0.0
0.455 0.0
0.465 0.0
0.47500000000000003 0.0
0.485 0.0
0.495 0.0
0.505 0.0
0.515 0.0
0.525 0.0
0.535 0.0
0.545 0.0
0.555 0.0
0.5650000000000001 0.0
0.5750000000000001 0.0
0.585 0.0
0.595 0.0
0.605 0.0
0.615 0.0
0.625 0.0
0.635 0.0
0.645 0.0
0.655 0.0
0.665 0.0
0.675 0.0
0.685 0.0
0.6950000000000001 0.0
0.7050000000000001 0.0
0.715 0.0
0.725 0.0
0.735 0.0
0.745 0.0
0.755 0.0
0.765 0.0
0.775 0.0
0.785 0.0
0.795 0.0
0.805 0.0
0.8150000000000001 0.0
0.8250000000000001 0.0
0.8350000000000001 0.0
0.845 0.0
0.855 0.0
0.865 0.0
0.875 0.0
0.885 0.0
0.895 0.0
0.905 0.0
0.915 0.0
0.925 0.0
0.935 0.0
0.9450000000000001 0.0
0.9550000000000001 0.0
0.965 0.0
0.975 0.0
0.985 0.0
0.995 0.0
1.005 0.0
1.015 0.0
1.025 0.0
1.035 0.0
1.045 0.0
1.055 0.0
1.065 0.0
1.075 0.0
1.085 0.0
1.095 0.0
1.105 0.0
1.115 0.0
1.125 0.0
1.135 0.0
1.145 0.0
1.155 0.0
1.1649999999999998 0.0
1.1749999999999998 0.0
1.1849999999999998 0.0
1.1949999999999998 0.0
1.2049999999999998 0.0
1.2149999999999999 0.0
1.2249999999999999 0.0
1.2349999999999999 0.0
1.2449999999999999 0.0
1.255 0.0
1.265 0.0
1.275 0.0
1.285 0.0
1.295 0.0
1.305 0.0
1.315 0.0
1.325 0.0
1.335 0.0
1.345 0.0
1.355 0.0
1.365 0.0
1.375 0.0
1.385 0.0
1.395 0.0
1.405 0.01604766989619126
1.4149999999999998 0.02382090749502376
1.4249999999999998 0.035007546804411635
1.4349999999999998 0.05093568004726377
1.4449999999999998 0.07337356062268999
1.4549999999999998 0.1046439526958299
1.4649999999999999 0.14775620636069114
1.4749999999999999 0.2065543680388749
1.4849999999999999 0.28587757542699
1.4949999999999999 0.3917264095226443
1.505 0.5314258414962745
1.515 0.7137720554006816
1.525 0.9491469760060434
1.535 1.2495811088697986
1.545 1.6287427240483776
1.555 2.1018299756603955
1.565 2.6853427736366293
1.575 3.396713621426477
1.585 4.25378162851071
1.595 5.2741017592046715
1.605 6.474092104590126
1.615 7.868035262254802
1.625 9.466965115119924
1.635 11.277486376187788
1.645 13.300589828437337
1.655 15.530539600568705
1.665 17.95391832587194
1.6749999999999998 20.548919947199604
1.6849999999999998 23.284976850363282
1.6949999999999998 26.122797022900055
1.7049999999999998 29.014867825503526
1.7149999999999999 31.906456334628402
1.7249999999999999 34.73710354937718
1.7349999999999999 37.44257336351194
1.7449999999999999 39.95718006103896
1.755 42.216383582389504
1.765 44.159513371772384
1.775 45.732462378807995
1.785 46.89018517580642
1.795 47.59883957421141
1.805 47.83742975046043
1.815 47.59883957421141
1.825 46.89018517580642
1.835 45.732462378807995
1.845 44.159513371772384
1.855 42.216383582389504
1.865 39.95718006103896
1.875 37.44257336351194
1.885 34.73710354937718
1.895 31.906456334628402
1.905 29.014867825503526
1.915 26.122797022900055
1.9249999999999998 23.284976850363282
1.9349999999999998 20.548919947199604
1.9449999999999998 17.95391832587194
1.9549999999999998 15.530539600568705
1.9649999999999999 13.300589828437337
1.9749999999999999 11.277486376187788
1.9849999999999999 9.466965115119924
1.9949999999999999 7.868035262254802
2.005 6.474092104590126
2.015 5.2741017592046715
2.025 4.25378162851071
2.035 3.396713621426477
2.045 2.6853427736366293
2.0549999999999997 2.1018299756603955
2.065 1.6287427240483776
2.0749999999999997 1.2495811088697986
2.085 0.9491469760060434
2.0949999999999998 0.7137720554006816
2.105 0.5314258414962745
2.1149999999999998 0.3917264095226443
2.125 0.28587757542699
2.135 0.2065543680388749
2.145 0.14775620636069114
2.155 0.1046439526958299
2.165 0.07337356062268999
2.175 0.05093568004726377
2.185 0.035007546804411635
2.195 0.02382090749502376
2.205 0.01604766989619126
2.215 0.0
2.225 0.0
2.235 0.0
2.245 0.0
2.255 0.0
2.265 0.0
2.275 0.0
2.285 0.0
2.295 0.0
2.305 0.0
2.315 0.0
2.3249999999999997 0.0
2.335 0.0
2.3449999999999998 0.0
2.355 0.0
2.3649999999999998 0.0
2.375 0.0
2.385 0.0
2.395 0.0
2.405 0.0
2.415 0.0
2.425 0.0
2.435 0.0
2.445 0.0
2.455 0.0
2.465 0.0
2.475 0.0
2.485 0.0
2.495 0.0
2.505 0.0
2.515 0.0
2.525 0.0
2.535 0.0
2.545 0.0
2.555 0.0
2.565 0.0
2.5749999999999997 0.0
2.585 0.0
2.5949999999999998 0.0
2.605 0.0
2.6149999999999998 0.0
2.625 0.0
2.635 0.0
2.645 0.0
2.655 0.0
2.665 0.0
2.675 0.0
2.685 0.0
2.695 0.0
2.705 0.0
2.715 0.0
2.725 0.0
2.735 0.0
2.745 0.0
2.755 0.0
2.765 0.0
2.775 0.0
2.785 0.0
2.795 0.0
2.805 0.0
2.815 0.0
2.8249999999999997 0.0
2.835 0.0
2.8449999999999998 0.0
2.855 0.0
2.8649999999999998 0.0
2.875 0.0
2.885 0.0
2.895 0.0
2.905 0.0
2.915 0.0
2.925 0.0
2.935 0.0
2.945 0.0
2.955 0.0
2.965 0.0
2.975 0.0
2.985 0.0
2.995 0.0
3.005 0.0
3.015 0.0
3.025 0.0
3.035 0.0
3.045 0.0
3.055 0.0
3.065 0.0
3.075 0.0
3.085 0.0
3.0949999999999998 0.0
3.105 0.0
3.1149999999999998 0.0
3.125 0.0
3.135 0.0
3.145 0.0
3.155 0.0
3.165 0.0
3.175 0.0
3.185 0.0
3.195 0.0
3.205 0.0
3.215 0.0
3.225 0.0
3.235 0.0
3.245 0.0
3.255 0.0
3.265 0.0
3.275 0.0
3.285 0.0
3.295 0.0
3.305 0.0
3.315 0.0
3.325 0.0
3.335 0.0
3.3449999999999998 0.0
3.355 0.0
3.3649999999999998 0.0
3.375 0.0
3.385 0.0
3.395 0.0
3.405 0.0
3.415 0.0
3.425 0.0
3.435 0.0
3.445 0.0
3.455 0.0
3.465 0.0
3.475 0.0
3.485 0.0
3.495 0.0
3.505 0.0
3.515 0.0
3.525 0.0
3.535 0.0
3.545 0.0
3.555 0.0
3.565 0.0
3.575 0.0
3.585 0.0
3.5949999999999998 0.0
3.605 0.0
3.6149999999999998 0.0
3.625 0.0
3.635 0.0
3.645 0.0
3.655 0.0
3.665 0.0
3.675 0.0
3.685 0.0
3.695 0.0
3.705 0.0
3.715 0.0
3.725 0.0
3.735 0.0
3.745 0.0
3.755 0.0
3.765 0.0
3.775 0.0
3.785 0.0
3.795 0.0
3.805 0.0
3.815 0.0
3.825 0.0
3.835 0.0
3.8449999999999998 0.002901428786338991
3.855 0.00430683502152445
3.8649999999999998 0.006329386427716616
3.875 0.009209202912128641
3.885 0.013265985798809863
3.895 0.018919692306235483
3.905 0.02671441481961826
3.915 0.03734515934392993
3.925 0.05168684501103345
3.935 0.07082438063035981
3.945 0.09608212558557579
3.955 0.12905043547259196
3.965 0.17160636880399327
3.975 0.22592504853310322
3.985 0.29719682488245475
3.995 0.3840483947883946
4.005 0.49144333981156724
4.015 0.6227584995619339
4.025 0.7815188092185668
4.035 0.9712917866831419
4.045 1.1955557376359116
4.055 1.4575443002033712
4.065 1.7600723512039969
4.075 2.1053507657979975
4.085 2.4947998218475402
4.095 2.928872896324368
4.1049999999999995 3.4069032350393145
4.115 3.926986738963891
4.125 4.4859127170017015
4.135 5.0791523250472395
4.145 5.700910994108495
4.155 6.344246741990144
4.165 7.003760117436843
4.175 7.667009156975472
4.185 8.326727015999285
4.195 8.973872491371932
4.205 9.599622341586382
4.215 10.195676225088338
4.225 10.754528264410284
4.235 11.269688867460827
4.245 11.735845093714993
4.255 12.148953661122224
4.265 12.506266987308798
4.275 12.806298695800228
4.285 13.048740054132882
4.295 13.23671411705564
4.305 13.368301323649497
4.315 13.44769037780881
4.325 13.478196284230465
4.335 13.46374616330974
4.345 13.408806221958981
4.355 13.318328940979123
4.365 13.197712555452776
4.375 13.052761358147016
4.385 12.889633793223009
4.395 12.71476599140943
4.405 12.534761264651529
4.415 12.356240744378695
4.425 12.18565616243867
4.435 12.029071913110975
4.445 11.891929119151309
4.455 11.778808647318083
4.465 11.693212260461834
4.475 11.637381011901704
4.485 11.612167565462567
4.495 11.616974667046446
4.505 11.649766083274573
4.515 11.707149731400325
4.525 11.784526300661629
4.535 11.876291211257037
4.545 11.97607391764496
4.555 12.07699673715031
4.565 12.171935678325614
4.575 12.253767963585542
4.585 12.315594636705097
4.595 12.350931185987958
4.605 12.355950962792992
4.615 12.32227105550496
4.625 12.246981982873361
4.635 12.126690865199128
4.645 11.958984842534983
4.655 11.740559184998505
4.665 11.475673123379732
4.675 11.162403613683923
4.685 10.802896619582992
4.695 10.400498405419995
4.705 9.959762416069031
4.715 9.48642231759031
4.725 8.987324095098465
4.735 8.47031218120098
4.745 7.944067566883307
4.755 7.417899336258408
4.765 6.901494634908474
4.775 6.404635322027602
4.785 5.9368921448171665
4.795 5.505495415815854
4.805 5.122893102060547
4.815 4.7935244119745555
4.825 4.523121528601401
4.835 4.315771339579511
4.845 4.1737446022492435
4.855 4.097381395265312
4.865 4.085038908057546
4.875 4.133105679111792
4.885 4.2360844047343855
4.895 4.386743330856819
4.905 4.576333931081443
4.915 4.794870012145088
4.925 5.031460582097774
4.935 5.274685858648757
4.945 5.513002865914702
4.955 5.735164423941441
4.965 5.930633280243986
4.975 6.088298586735138
4.985 6.204084022418467
4.995 6.269300974600085
5.005 6.279684221811049
5.015 6.233008127617624
5.025 6.129115568318181
5.035 5.969850376770221
5.045 5.758898862561436
5.055 5.501551517974632
5.065 5.204400770225923
5.075 4.874994182531398
5.085 4.521464548312157
5.095 4.152158723532607
5.105 3.773703822260487
5.115 3.397558092158638
5.125 3.0284682553068967
5.135 2.67261385488411
5.145 2.3351052508101424
5.155 2.019918098710722
5.165 1.729888517009706
5.175 1.466761582346511
5.185 1.2312833080953305
5.195 1.023324831993646
5.205 0.8420271382137242
5.215 0.6859551484913936
5.225 0.5532512533613008
5.235 0.441780098857952
5.245 0.3492584681031979
5.255 0.27336618800377577
5.265 0.21183596906885635
5.275 0.1625218158885279
5.285 0.12344704076482657
5.295 0.09283393430869548
5.305 0.06911779648155898
5.315 0.05094834337300056
5.325 0.03718153415605542
5.335 0.026864675478127032
5.345 0.019217325547005937
5.355 0.013610101091606331
5.365 0.009543041444818356
5.375 0.006624747410182655
5.385 0.004553117869716798
5.395 0.00309817195116327
5.405 0.0020871766016594137
5.415 0.0
5.425 0.0
5.435 0.0015356267844804786
5.445 0.002279460122037539
5.455 0.0033499272405003483
5.465 0.004874115374523648
5.475 0.007021231474336778
5.485 0.010013544497931353
5.495 0.014139023891222617
5.505 0.01976551250516541
5.515 0.027356075040664708
5.525 0.03748491653570914
5.535 0.05085297500794444
5.545 0.06830197115078465
5.555 0.0908253676821618
5.565 0.11957438260969633
5.575 0.1558569542030525
5.585 0.20112741774518292
5.595 0.2569646755811084
5.605 0.3250368713971468
5.615 0.40705105765058064
5.625 0.5046870965006905
5.635 0.6195160609180879
5.645 0.7529046751405934
5.655 0.905908788787514
5.665 1.07916041723901
5.675 1.2727543700774016
5.685 1.4861417727522166
5.695 1.7180386963298282
5.705 1.966358484888466
5.715 2.228176075326194
5.725 2.4997315531417468
5.735 2.776478359115485
5.745 3.053179013667335
5.755 3.3240480998650113
5.765 3.5829387636226704
5.775 3.8235654354158743
5.785 4.039752175386262
5.795 4.2256933225808755
5.805 4.376211288207719
5.815 4.486995604409063
5.825 4.554807858908944
5.835 4.577638928312289
5.845 4.554807858908944
5.855 4.486995604409063
5.865 4.376211288207719
5.875 4.2256933225808755
5.885 4.039752175386262
5.895 3.8235654354158743
5.905 3.5829387636226704
5.915 3.3240480998650113
5.925 3.053179013667335
5.935 2.7777811483973536
5.945 2.501665392955854
5.955 2.231018074012379
5.965 1.9704935685772214
5.975 1.7239953423083496
5.985 1.4946370260111874
5.995 1.2847495820440922
6.005 1.0959290084765505
6.015 0.9291170329501945
6.025 0.7847059877954699
6.035 0.6626585167941114
6.045 0.5626328661662373
6.055 0.48410514184209796
6.065 0.4264809368591116
6.075 0.38919001281312193
6.085 0.37175914075007155
6.095 0.3738596802229708
6.105 0.39532794235996505
6.115 0.436157814628194
6.125 0.4964665139052239
6.135 0.5764356831675167
6.1450000000000005 0.6762313560710633
6.155 0.7959075696555127
6.165 0.9352995727368763
6.175 1.0939135944744025
6.185 1.270820918038249
6.195 1.4645644457726386
6.205 1.6730859389205808
6.215 1.8936815744795046
6.225 2.1229923233610837
6.235 2.3570339055019165
6.245 2.5902445404259216
6.255 2.8200434380840513
6.265 3.0396801267170046
6.275 3.243822078467338
6.285 3.427229772681821
6.295 3.5849778245338033
6.305 3.7126736906968048
6.315 3.80666047264467
6.325 3.864190778337852
6.335 3.883560115218976
6.345 3.864190778337852
6.355 3.80666047264467
6.365 3.7126736906968048
6.375 3.5849778245338033
6.385 3.427229772681821
6.3950000000000005 3.243822078467338
6.405 3.0408091714999643
6.415 2.8217193743107183
6.425 2.5927075203064534
6.435 2.3590818932979873
6.445 2.125875110242138
6.455 1.8976939440474359
6.465 1.678607312425164
6.475 1.4720754880265365
6.485 1.2809204857359753
6.495 1.1073347498416026
6.505 0.9529228885010206
6.515 0.8187694153837526
6.525 0.7055243237050562
6.535 0.6134978410717421
6.545 0.5427558502318337
6.555 0.49320813133125435
6.565 0.4646826858255877
6.575 0.4569808342616312
6.585 0.47098104133038915
6.595 0.50487904404344
6.605 0.559270915987264
6.615 0.6350879854160729
6.625 0.7304908614159842
6.635 0.8459031335787812
6.6450000000000005 0.9808413174838766
6.655 1.1345625350017188
6.665 1.3060063845776495
6.675 1.4937531944902163
6.685 1.6960053324057804
6.695 1.910596829714112
6.705 2.135034559585495
6.715 2.366571670018319
6.725 2.6023110696108307
6.735 2.8393337095272098
6.745 3.0739745360350996
6.755 3.3057441130712792
6.765 3.531277240567755
6.775 3.749041239964421
6.785 3.9581273283062455
6.795 4.159428530185596
6.805 4.351665530620096
6.815 4.53669735359717
6.825 4.7161379986587475
6.835 4.891942829835823
6.845 5.066201332995679
6.855 5.240904466993448
6.865 5.417705206867822
6.875 5.597692792316885
6.885 5.781201309298726
6.8950000000000005 5.9676714166803055
6.905 6.155580343321104
6.915 6.342449978450975
6.925 6.524936392431162
6.935 6.698997029874578
6.945 6.860124773642813
6.955 7.003631768762169
6.965 7.124960952946299
6.975 7.220000181548846
6.985 7.2853730019915295
6.995 7.3186816550131635
