0.005 0.0
0.015 0.0
0.025 0.0
0.034999999999999996 0.0
0.045 0.0
0.055 0.0
0.065 0.0
0.07500000000000001 0.0
0.085 0.0
0.095 0.0
0.10500000000000001 0.0
0.115 0.0
0.125 0.0
0.135 0.0
0.14500000000000002 0.0
0.155 0.0
0.165 0.0
0.17500000000000002 0.0
0.185 0.0
0.195 0.0
0.20500000000000002 0.0
0.215 0.0
0.225 0.0
0.23500000000000001 0.0
0.245 0.0
0.255 0.0
0.265 0.0
0.275 0.0
0.28500000000000003 0.0
0.295 0.0
0.305 0.0
0.315 0.0
0.325 0.0
0.335 0.0
0.34500000000000003 0.0
0.35500000000000004 0.0
0.365 0.0
0.375 0.0
0.385 0.0
0.395 0.0
0.405 0.0
0.41500000000000004 0.0
0.425 0.0
0.435 0.0
0.445 0.0
0.455 0.0
0.465 0.0
0.47500000000000003 0.0
0.485 0.0
0.495 0.0
0.505 0.0
0.515 0.0
0.525 0.0
0.535 0.0
0.545 0.0
0.555 0.0
0.5650000000000001 0.0
0.5750000000000001 0.0
0.585 0.0
0.595 0.0
0.605 0.0
0.615 0.0
0.625 0.0
0.635 0.0
0.645 0.0
0.655 0.0
0.665 0.0
0.675 0.0
0.685 0.0
0.6950000000000001 0.0
0.7050000000000001 0.0
0.715 0.0
0.725 0.0
0.735 0.0
0.745 0.0
0.755 0.0
0.765 0.0
0.775 0.0
0.785 0.0
0.795 0.0
0.805 0.0
0.8150000000000001 0.0
0.8250000000000001 0.0
0.8350000000000001 0.0
0.845 0.0
0.855 0.0
0.865 0.0
0.875 0.0
0.885 0.0
0.895 0.0
0.905 0.0
0.915 0.0
0.925 0.0
0.935 0.0
0.9450000000000001 0.0
0.9550000000000001 0.0
0.965 0.0
0.975 0.0
0.985 0.0
0.995 0.0
1.005 0.0
1.015 0.0
1.025 0.0
1.035 0.0
1.045 0.0
1.055 0.0
1.065 0.0
1.075 0.0
1.085 0.0
1.095 0.0
1.105 0.0
1.115 0.0
1.125 0.0
1.135 0.0
1.145 0.0
1.155 0.0
1.1649999999999998 0.0
1.1749999999999998 0.0
1.1849999999999998 0.0
1.1949999999999998 0.0
1.2049999999999998 0.0
1.2149999999999999 0.0
1.2249999999999999 0.019799736216357538
1.2349999999999999 0.02939041542396539
1.2449999999999999 0.04319257542016427
1.255 0.06284482641158814
1.265 0.09052885278559857
1.275 0.12911049849711684
1.285 0.18230272240119536
1.295 0.2548483379806315
1.305 0.3527179098424543
1.315 0.4833150001029138
1.325 0.6556772134675684
1.335 0.8806573481982596
1.345 1.1710647014201967
1.355 1.5417426016743814
1.365 2.00955506369952
1.375 2.593253684735006
1.385 3.3131961781645494
1.395 4.1908908982926425
1.405 5.248347873013605
1.4149999999999998 6.507226549772443
1.4249999999999998 7.987783693239534
1.4349999999999998 9.707641280097523
1.4449999999999998 11.680412998358165
1.4549999999999998 13.914247792763971
1.4649999999999999 16.410368098830986
1.4749999999999999 19.161696955265576
1.4849999999999999 22.151679913771275
1.4949999999999999 25.35341249648738
1.505 28.72918015035982
1.515 32.23050409390766
1.525 35.79876287421624
1.535 39.36642659719146
1.545 42.85890049129212
1.555 46.19692956390532
1.565 49.299470282962474
1.575 52.08689263593743
1.585 54.48434083326474
1.595 56.42505718788506
1.605 57.85346431119415
1.615 58.727807455572425
1.625 59.02218181547036
1.635 58.727807455572425
1.645 57.85346431119415
1.655 56.42505718788506
1.665 54.48434083326474
1.6749999999999998 52.08689263593743
1.6849999999999998 49.299470282962474
1.6949999999999998 46.19692956390532
1.7049999999999998 42.85890049129212
1.7149999999999999 39.36642659719146
1.7249999999999999 35.79876287421624
1.7349999999999999 32.23050409390766
1.7449999999999999 28.72918015035982
1.755 25.35341249648738
1.765 22.151679913771275
1.775 19.161696955265576
1.785 16.410368098830986
1.795 13.914247792763971
1.805 11.680412998358165
1.815 9.707641280097523
1.825 7.987783693239534
1.835 6.507226549772443
1.845 5.248347873013605
1.855 4.1908908982926425
1.865 3.3131961781645494
1.875 2.593253684735006
1.885 2.00955506369952
1.895 1.5417426016743814
1.905 1.1710647014201967
1.915 0.8806573481982596
1.9249999999999998 0.6556772134675684
1.9349999999999998 0.4833150001029138
1.9449999999999998 0.3527179098424543
1.9549999999999998 0.2548483379806315
1.9649999999999999 0.18230272240119536
1.9749999999999999 0.12911049849711684
1.9849999999999999 0.09052885278559857
1.9949999999999999 0.06284482641158814
2.005 0.04319257542016427
2.015 0.02939041542396539
2.025 0.019799736216357538
2.035 0.0
2.045 0.0
2.0549999999999997 0.0
2.065 0.0
2.0749999999999997 0.0
2.085 0.0
2.0949999999999998 0.0
2.105 0.0
2.1149999999999998 0.0
2.125 0.0
2.135 0.0
2.145 0.0
2.155 0.008009126297984833
2.165 0.011888620459817624
2.175 0.025356882890929487
2.185 0.03712581470994209
2.195 0.053820865434927895
2.205 0.07725386066001766
2.215 0.1097955675966064
2.225 0.15450580142719655
2.235 0.2152783723258868
2.245 0.29699688464454704
2.255 0.4056948727886742
2.265 0.5487108168657878
2.275 0.7348253673374583
2.285 0.9743648503823356
2.295 1.2792521441550138
2.305 1.6629837145938404
2.315 2.1405104456889896
2.3249999999999997 2.728000388476743
2.335 3.4424641561142764
2.3449999999999998 4.301228789514292
2.355 5.321253725252035
2.3649999999999998 6.5182929926660895
2.375 7.905920626455847
2.385 9.494450838157984
2.395 11.289799728746182
2.405 13.292349916938523
2.415 15.495891849122081
2.425 17.886724100939723
2.435 20.442998114235877
2.445 23.134389254463464
2.455 25.928579404867392
2.465 28.76922397566893
2.475 31.607474752909887
2.485 34.384909795429294
2.495 37.039746051813125
2.505 39.509137969672175
2.515 41.73173335435438
2.525 43.65035231354142
2.535 45.2146365291876
2.545 46.383508321871844
2.555 47.12728331579194
2.565 47.42929714836436
2.5749999999999997 47.286934576145796
2.585 46.711986368919426
2.5949999999999998 45.73030250716443
2.605 44.38075576664143
2.6149999999999998 42.71357395141121
2.625 40.78813820009756
2.635 38.67037590649065
2.645 36.42989771673474
2.655 34.137037705901385
2.665 31.8599542151383
2.675 29.661936976510525
2.685 27.599045901559954
2.695 25.71818062031335
2.705 24.05565009780404
2.715 22.636280901948446
2.725 21.473073090038504
2.735 20.567385861938355
2.745 19.909612170172117
2.755 19.48028291156875
2.765 19.251527237872015
2.775 19.188805696959797
2.785 19.252826987504505
2.795 19.401556701885546
2.805 19.59222725058563
2.815 19.78326203114121
2.8249999999999997 19.936033750975966
2.835 20.016386595744635
2.8449999999999998 19.995864555252375
2.855 19.852603427247853
2.8649999999999998 19.571861338505983
2.875 19.146181314648096
2.885 18.57519851185603
2.895 17.865123033370054
2.905 17.02794556034252
2.915 16.08042616411936
2.925 15.042935672579654
2.935 13.938223197784106
2.945 12.790182664046322
2.955 11.622685613614385
2.965 10.453195938755309
2.975 9.315077013526823
2.985 8.213567950727226
2.995 7.176325010281259
3.005 6.207681116501458
3.015 5.316352325150273
3.025 4.512158700217044
3.035 3.790637762697664
3.045 3.1546396350650685
3.055 2.601893221236164
3.065 2.1284792995581427
3.075 1.7293341193669
3.085 1.3987310465961216
3.0949999999999998 1.1307208560652187
3.105 0.9195171213652789
3.1149999999999998 0.759818515794066
3.125 0.647064310178138
3.135 0.577622708128691
3.145 0.5489138393719359
3.155 0.5594703334495519
3.165 0.6089386389900833
3.175 0.6980239436183389
3.185 0.8283810365591844
3.195 1.002453092319946
3.205 1.2232604532247313
3.215 1.494142289868911
3.225 1.8184556556618612
3.235 2.199238931912296
3.245 2.638849853388689
3.255 3.1385919455277045
3.265 3.694068664724723
3.275 4.313408685234801
3.285 4.986471122869192
3.295 5.707199624229394
3.305 6.467104425539111
3.315 7.255272673016256
3.325 8.058508338942955
3.335 8.861610054026164
3.3449999999999998 9.647786104244403
3.355 10.399195732890025
3.3649999999999998 11.09759557269118
3.375 11.725060447791183
3.385 12.264739887503353
3.395 12.701606350799347
3.405 13.023149046423683
3.415 13.219968739462422
3.425 13.286234108529607
3.435 13.219968739462422
3.445 13.023149046423683
3.455 12.701606350799347
3.465 12.264739887503353
3.475 11.725060447791183
3.485 11.09759557269118
3.495 10.399195732890025
3.505 9.647786104244403
3.515 8.865021226956534
3.525 8.066965643422545
3.535 7.267751774979866
3.545 6.485335077909751
3.555 5.733568317964898
3.565 5.024232043256467
3.575 4.366946925763253
3.585 3.769222855730452
3.5949999999999998 3.236627917818112
3.605 2.7730540869347466
3.6149999999999998 2.381052240613767
3.625 2.062206873842209
3.635 1.8175205461747888
3.645 1.6477793163957941
3.655 1.553872915915438
3.665 1.537046883702771
3.675 1.5990680936112498
3.685 1.7422898854014703
3.695 1.969608272867152
3.705 2.284306406871287
3.715 2.689790592603554
3.725 3.1892276425779196
3.735 3.7851000574077522
3.745 4.478702221684878
3.755 5.269607110300848
3.765 6.1551384271760465
3.775 7.129887060510189
3.785 8.185312622824064
3.795 9.309470085026344
3.805 10.48689768425895
3.815 11.698695184340378
3.825 12.922811293671586
3.835 14.131573302141629
3.8449999999999998 15.305295948916001
3.855 16.411974854638906
3.8649999999999998 17.423999633244414
3.875 18.314824706870724
3.885 19.060118004391832
3.895 19.638861709921862
3.905 20.034335805460813
3.915 20.23492025793658
3.925 20.234662162207492
3.935 20.03356921617157
3.945 19.63760933937554
3.955 19.05841646149021
3.965 18.312722719657366
3.975 17.421555732203828
3.985 16.40925467034977
3.995 15.302369297805757
4.005 14.128511239955433
4.015 12.915226273025368
4.025 11.688950724674836
4.035 10.474104964443004
4.045 9.292363612737994
4.055 8.16212690329087
4.065 7.098202043281656
4.075 6.111688775469041
4.085 5.21005077812295
4.095 4.397344844973977
4.1049999999999995 3.674573410916664
4.115 3.040123011140584
4.125 2.4902514421970645
4.135 2.0221314601308054
4.145 1.625399597930341
4.155 1.2947036806963945
4.165 1.0227495492125092
4.175 0.8023391113802956
4.185 0.6266463459301903
4.195 0.4894279338466152
4.205 0.385173285238951
4.215 0.3092011254758069
4.225 0.25771096218120654
4.235 0.2277978285929234
4.245 0.21743790849001193
4.255 0.2254512492189457
4.265 0.25144602926089216
4.275 0.2957470236003458
4.285 0.3593092386520062
4.295 0.44361636902196017
4.305 0.552924745656251
4.315 0.6858244958665347
4.325 0.8440514893573965
4.335 1.0331003342087552
4.345 1.257226419470673
4.355 1.5151257367963384
4.365 1.8082874857485696
4.375 2.1374343730412657
4.385 2.5023699447534193
4.395 2.90185180659246
4.405 3.333503574262351
4.415 3.7937774139283684
4.425 4.277976784497647
4.435 4.780345491921665
4.445 5.294224568203638
4.455 5.812273101236298
4.465 6.326743409441449
4.475 6.829795424053693
4.485 7.313830409861706
4.495 7.771820806131197
4.505 8.197611500410666
4.515 8.586168599212805
4.525 8.93375485656668
4.535 9.24016304534884
4.545 9.503296069675844
4.555 9.721760035473375
4.565 9.89864123257793
4.575 10.036505006304228
4.585 10.138534819254739
4.595 10.20823135665884
4.605 10.249128336931385
4.615 10.264554153966404
4.625 10.25746390986119
4.635 10.230359085579394
4.645 10.185302729669562
4.655 10.12402755210374
4.665 10.048123767017715
4.675 9.95928403899319
4.685 9.859575466409508
4.695 9.751703996889363
4.705 9.63923554340527
4.715 9.526740545726579
4.725 9.419834635292652
4.735 9.325096911394542
4.745 9.251833473587759
4.755 9.2047968084021
4.765 9.193141461632287
4.775 9.224191658765282
4.785 9.30420243310876
4.795 9.437806251181295
4.805 9.627508807561094
4.815 9.873279079825078
4.825 10.172273659412893
4.835 10.518726749081925
4.845 10.904025649022403
4.855 11.31697790220268
4.865 11.744261588472884
4.875 12.171035715660839
4.885 12.581674450407391
4.895 12.960578188449606
4.905 13.293007144180992
4.915 13.565879948526106
4.925 13.768481061086733
4.935 13.893026630716221
4.945 13.933352790411202
4.955 13.892448819085642
4.965 13.770321782605912
4.975 13.572680907571147
4.985 13.309749387809294
4.995 12.989316924437901
5.005 12.624600026372374
5.015 12.228253561873352
5.025 11.81280569067562
5.035 11.389948327106724
5.045 10.96993522521462
5.055 10.561126924476026
5.065 10.169708629133266
5.075 9.799592264561761
5.085 9.452498777845388
5.095 9.128202527067181
5.105 8.824907498310623
5.115 8.53814074393552
5.125 8.26810508307663
5.135 8.008965408847262
5.145 7.757635317339208
5.155 7.51181675613185
5.165 7.270290524655799
5.175 7.033077186476429
5.185 6.8014612095243905
5.195 6.577882554621969
5.205 6.365710411671676
5.215 6.168922571969305
5.225 5.993372872863009
5.235 5.840566458785254
5.245 5.715113711556714
5.255 5.619582681520288
5.265 5.555305688363989
5.275 5.522176464051316
5.285 5.518555870725565
5.295 5.541293574655409
5.305 5.58586424570261
5.315 5.646608367012931
5.325 5.717060153033977
5.335 5.790338879841629
5.345 5.858143650357659
5.355 5.917551230834221
5.365 5.961851375102773
5.375 5.985797649601862
5.385 5.9867001029185944
5.395 5.963532561916686
5.405 5.917014348519562
5.415 5.849577271578765
5.425 5.765221730081109
5.435 5.670808758230068
5.445 5.570335748669736
5.455 5.471860485478805
5.465 5.382645992100353
5.475 5.3097705521570395
5.485 5.259736857142236
5.495 5.238129205019848
5.505 5.249339219872208
5.515 5.2963749658564625
5.525 5.380761803702019
5.535 5.502536391062945
5.545 5.66032839210175
5.555 5.8502008883675245
5.565 6.073053838986109
5.575 6.3203213755096215
5.585 6.588188450736587
5.595 6.8716419527024755
5.605 7.165704682709299
5.615 7.465647160726698
5.625 7.767145443150556
5.635 8.06637861485828
5.645 8.360065483411194
5.655 8.645445633938538
5.665 8.920214868799953
5.675 9.182428704163428
5.685 9.4303896984386
5.695 9.662534777200781
5.705 9.87733740636281
5.715 10.073236638091526
5.725 10.248601057713321
5.735 10.401730959071978
5.745 10.530897202504422
5.755 10.634410704369735
5.765 10.713464116999948
5.775 10.762558716135977
5.785 10.78269420817561
5.795 10.772294887634843
5.805 10.734331461137112
5.815 10.667783985182545
5.825 10.573989508025303
5.835 10.454813923814985
5.845 10.31259781526041
5.855 10.150081444433606
5.865 9.970318950470812
5.875 9.776592321935034
5.885 9.57233475788154
5.895 9.361070723087794
5.905 9.147691837332836
5.915 8.933814264386271
5.925 8.724035991481294
5.935 8.52214224128959
5.945 8.331993899740539
5.955 8.157525728900826
5.965 8.00271989598901
5.975 7.871545142530792
5.985 7.76785553143514
5.995 7.695247580021895
6.005 7.656880190785027
6.015 7.655267483750323
6.025 7.692059720116085
6.035 7.766729194084323
6.045 7.881169236437131
6.055 8.031701091409392
6.065 8.21482083881531
6.075 8.425564471339413
6.085 8.657612830324512
6.095 8.903483968620437
6.105 9.154805002027853
6.115 9.402648038469206
6.125 9.637908575260884
6.135 9.851700515400292
6.1450000000000005 10.035740150386518
6.155 10.182692298727524
6.165 10.28540228914329
6.175 10.341670999037639
6.185 10.34686372966879
6.195 10.299488631633345
6.205 10.199558310100912
6.215 10.048454015668227
6.225 9.848731551002933
6.235 9.603889938525393
6.245 9.317100650444784
6.255 8.995411400825208
6.265 8.642225427530132
6.275 8.26252291594161
6.285 7.861190218750468
6.295 7.442928718209475
6.305 7.012204546032271
6.315 6.573231983328522
6.325 6.1299807531195025
6.335 5.686196363582663
6.345 5.245423101339722
6.355 4.811020973078332
6.365 4.386170483442891
6.375 3.972882111251186
6.385 3.5773594975833882
6.3950000000000005 3.1989805501304294
6.405 2.8408273458911
6.415 2.5048905175943665
6.425 2.192792267068866
6.435 1.9057621741676403
6.445 1.6457437369440995
6.455 1.4114796442751323
6.465 1.2038497022586314
6.475 1.022690667180185
6.485 0.8676059434753333
6.495 0.7380425467178979
6.505 0.6333744165071877
6.515 0.5529863258396772
6.525 0.4963524953564688
6.535 0.4631042634926896
6.545 0.45308172354861637
6.555 0.46636505068586753
6.565 0.5032822483950223
6.575 0.5636308551646338
6.585 0.6508186862827876
6.595 0.7638245968787214
6.605 0.903679758573683
6.615 1.0713313237379347
6.625 1.2685991909761278
6.635 1.49427052235007
6.6450000000000005 1.7490857513627966
6.655 2.0325111984264947
6.665 2.3433560279175323
6.675 2.679698218537502
6.685 3.0388443710549184
6.695 3.4173298933125364
6.705 3.8109639290475164
6.715 4.214043403236082
6.725 4.623295814219464
6.735 5.031800202272263
6.745 5.4338216927425025
6.755 5.82484136835571
6.765 6.197866949256501
6.775 6.548966676024686
6.785 6.874240933617308
6.795 7.170727552908922
6.805 7.436509841623449
6.815 7.671898257869816
6.825 7.875416943135046
6.835 8.049122162858175
6.845 8.1951730243537
6.855 8.316398164215844
6.865 8.41607105658147
6.875 8.497669258044459
6.885 8.564636783287815
6.8950000000000005 8.620168433420451
6.905 8.6670327660166
6.915 8.707446664785323
6.925 8.74300947166654
6.935 8.774698861115128
6.945 8.802924637453906
6.955 8.827631030588304
6.965 8.84843343419691
6.975 8.864772362784985
6.985 8.876066041162154
6.995 8.881843635565453
