0.005 0.0
0.015 0.0
0.025 0.0
0.034999999999999996 0.0
0.045 0.0
0.055 0.0
0.065 0.0
0.07500000000000001 0.0
0.085 0.0
0.095 0.0
0.10500000000000001 0.0
0.115 0.0
0.125 0.0
0.135 0.0
0.14500000000000002 0.0
0.155 0.0
0.165 0.0
0.17500000000000002 0.0
0.185 0.0
0.195 0.0
0.20500000000000002 0.0
0.215 0.0
0.225 0.0
0.23500000000000001 0.0
0.245 0.0
0.255 0.0
0.265 0.0
0.275 0.0
0.28500000000000003 0.0
0.295 0.0
0.305 0.0
0.315 0.0
0.325 0.0
0.335 0.0
0.34500000000000003 0.0
0.35500000000000004 0.0
0.365 0.0
0.375 0.0
0.385 0.0
0.395 0.0
0.405 0.0
0.41500000000000004 0.0
0.425 0.0
0.435 0.0
0.445 0.0
0.455 0.0
0.465 0.0
0.47500000000000003 0.0
0.485 0.0
0.495 0.0
0.505 0.0
0.515 0.0
0.525 0.0
0.535 0.0
0.545 0.0
0.555 0.0
0.5650000000000001 0.0
0.5750000000000001 0.0
0.585 0.0
0.595 0.0
0.605 0.0
0.615 0.0
0.625 0.0
0.635 0.0
0.645 0.0
0.655 0.0
0.665 0.0
0.675 0.0
0.685 0.0
0.6950000000000001 0.0
0.7050000000000001 0.0
0.715 0.0
0.725 0.0
0.735 0.0
0.745 0.0
0.755 0.0
0.765 0.0
0.775 0.0
0.785 0.0
0.795 0.0
0.805 0.0
0.8150000000000001 0.0
0.8250000000000001 0.0
0.8350000000000001 0.0
0.845 0.0
0.855 0.0
0.865 0.0
0.875 0.0
0.885 0.0
0.895 0.0
0.905 0.0
0.915 0.0
0.925 0.0
0.935 0.0
0.9450000000000001 0.0
0.9550000000000001 0.0
0.965 0.0
0.975 0.0
0.985 0.0
0.995 0.0
1.005 0.0
1.015 0.0
1.025 0.0
1.035 0.0
1.045 0.0
1.055 0.0
1.065 0.0
1.075 0.0
1.085 0.0
1.095 0.0
1.105 0.0
1.115 0.0
1.125 0.0
1.135 0.0
1.145 0.0
1.155 0.0
1.1649999999999998 0.0
1.1749999999999998 0.0
1.1849999999999998 0.0
1.1949999999999998 0.0
1.2049999999999998 0.0
1.2149999999999999 0.0
1.2249999999999999 0.0
1.2349999999999999 0.0
1.2449999999999999 0.0
1.255 0.0
1.265 0.0
1.275 0.0
1.285 0.0
1.295 0.0
1.305 0.0
1.315 0.0
1.325 0.0
1.335 0.0
1.345 0.0
1.355 0.0
1.365 0.0
1.375 0.0
1.385 0.0
1.395 0.016226971615477072
1.405 0.02408706013253656
1.4149999999999998 0.035398688532189776
1.4249999999999998 0.0515047879030799
1.4349999999999998 0.07419336846114089
1.4449999999999998 0.1058131467752569
1.4549999999999998 0.14940709661497717
1.4649999999999999 0.2088622141969115
1.4749999999999999 0.28907170523592157
1.4849999999999999 0.39610319563373814
1.4949999999999999 0.5373634989673947
1.505 0.7217470796589937
1.515 0.9597518604380945
1.525 1.2635427645280197
1.535 1.6469407785064547
1.545 2.1253138665130984
1.555 2.7153462931070202
1.565 3.4346653362974227
1.575 4.3013094231620315
1.585 5.333029660839673
1.595 6.546427580872773
1.605 7.955945361294072
1.615 9.572740167357427
1.625 11.403490506977686
1.635 13.449198233220152
1.645 15.704063387500492
1.655 18.154518689947842
1.665 20.77851444283874
1.6749999999999998 23.54514149792943
1.6849999999999998 26.41466883039978
1.6949999999999998 29.339052938957167
1.7049999999999998 32.26294936533776
1.7149999999999999 35.125223596069496
1.7249999999999999 37.86092181048219
1.7349999999999999 40.40362438156038
1.7449999999999999 42.68807013921158
1.755 44.6529106513527
1.765 46.24343432580948
1.775 47.41409243923085
1.785 48.130664681960624
1.795 48.37192064265579
1.805 48.130664681960624
1.815 47.41409243923085
1.825 46.24343432580948
1.835 44.6529106513527
1.845 42.68807013921158
1.855 40.40362438156038
1.865 37.86092181048219
1.875 35.125223596069496
1.885 32.26294936533776
1.895 29.339052938957167
1.905 26.41466883039978
1.915 23.54514149792943
1.9249999999999998 20.77851444283874
1.9349999999999998 18.154518689947842
1.9449999999999998 15.704063387500492
1.9549999999999998 13.449198233220152
1.9649999999999999 11.403490506977686
1.9749999999999999 9.58200931150391
1.9849999999999999 7.969704332328478
1.9949999999999999 6.5666479617532305
2.005 5.362450141421047
2.015 4.343690037565985
2.025 3.495107748676903
2.035 2.8006903701072425
2.045 2.2446197983912453
2.0549999999999997 1.8120638444731016
2.065 1.4898041831225841
2.0749999999999997 1.2667037581191378
2.085 1.1340222642831759
2.0949999999999998 1.0855913846174023
2.105 1.1178620239097923
2.1149999999999998 1.229834519052431
2.125 1.4228805197715049
2.135 1.7004627584379606
2.145 2.0677570542079473
2.155 2.5311802916333277
2.165 3.0978292552881546
2.175 3.7748383282579714
2.185 4.56866913760648
2.195 5.484351929905956
2.205 6.5138831685271406
2.215 7.68242898505086
2.225 8.970449365019403
2.235 10.370194429048079
2.245 11.869068984920602
2.255 13.449417159606229
2.265 15.088543862186452
2.275 16.759005762547947
2.285 18.429189089895235
2.295 20.06417268758087
2.305 21.626853740555724
2.315 23.079292138271075
2.3249999999999997 24.38420950204422
2.335 25.506562480989118
2.3449999999999998 26.41509880904135
2.355 27.083800219056926
2.3649999999999998 27.49311944180676
2.375 27.630929276498815
2.385 27.49311944180676
2.395 27.083800219056926
2.405 26.41509880904135
2.415 25.506562480989118
2.425 24.38420950204422
2.435 23.079292138271075
2.445 21.626853740555724
2.455 20.06417268758087
2.465 18.429189089895235
2.475 16.759005762547947
2.485 15.088543862186452
2.495 13.449417159606229
2.505 11.869068984920602
2.515 10.370194429048079
2.525 8.970449365019403
2.535 7.68242898505086
2.545 6.5138831685271406
2.555 5.4681249582904785
2.565 4.5505293480629145
2.5749999999999997 3.74826767416718
2.585 3.059298273230329
2.5949999999999998 2.475863699291956
2.605 1.9891361678619142
2.6149999999999998 1.589836737593326
2.625 1.2687767936361851
2.635 1.0173119157115307
2.645 0.8277051312210667
2.655 0.6934017937218822
2.665 0.6092217380986141
2.675 0.571476004904969
2.685 0.5780155319036739
2.695 0.6282181461489506
2.705 0.7229184041183288
2.715 0.8642828063063799
2.725 1.0556311346217595
2.735 1.3012035557122936
2.745 1.6058730456452683
2.755 1.9748038486775892
2.765 2.413059169318034
2.775 2.9251650350075655
2.785 3.508459705376628
2.795 4.179439350166817
2.805 4.929202009658351
2.815 5.755621968472955
2.8249999999999997 6.653726747058659
2.835 7.615435015030849
2.8449999999999998 8.629418406713151
2.855 9.68111529218584
2.8649999999999998 10.752917475107688
2.875 11.824540919942384
2.885 12.873579505414858
2.895 13.876227314039888
2.905 14.808141202584094
2.915 15.645402608379712
2.925 16.365527007853686
2.935 16.948462314225807
2.945 17.377514680414173
2.955 17.640142182639877
2.965 17.72856376329316
2.975 17.640142182639877
2.985 17.377514680414173
2.995 16.948462314225807
3.005 16.365527007853686
3.015 15.645402608379712
3.025 14.808141202584094
3.035 13.88065843612783
3.045 12.88015699299024
3.055 11.834207289882267
3.065 10.766981960380742
3.075 9.701375380239082
3.085 8.658312952348725
3.0949999999999998 7.6562338222016555
3.105 6.7107610472716335
3.1149999999999998 5.834559187839778
3.125 5.037366469476795
3.135 4.3261779607931805
3.145 3.7055482011458993
3.155 3.1779766887146392
3.165 2.744337607951616
3.175 2.4043159153607183
3.185 2.156815028305931
3.195 2.0003063937304555
3.205 1.9330976430813496
3.215 1.9535033765919232
3.225 2.0599104239331845
3.235 2.250737317939999
3.245 2.5242953647691238
3.255 2.878565802918715
3.265 3.310913833537803
3.275 3.817765490071041
3.285 4.394277101554005
3.295 5.034029195486083
3.305 5.728776812865958
3.315 6.468286163195238
3.325 7.2402832347448545
3.335 8.030533454753112
3.3449999999999998 8.823063016734594
3.355 9.60052251747205
3.3649999999999998 10.344682733975269
3.375 11.033074850473577
3.385 11.65689168428009
3.395 12.19343346169522
3.405 12.627760010868387
3.415 12.947433277497082
3.425 13.143108673227607
3.435 13.208988779609534
3.445 13.143108673227607
3.455 12.947433277497082
3.465 12.627760010868387
3.475 12.19343346169522
3.485 11.65689168428009
3.495 11.033074850473577
3.505 10.338735463386298
3.515 9.591694483030652
3.525 8.81008921088934
3.535 8.011656678633344
3.545 7.213090974315631
3.555 6.429505087424895
3.565 5.674018324804367
3.575 4.9574800935910615
3.585 4.2883307986089925
3.5949999999999998 3.672591581999167
3.605 3.1139672800633713
3.6149999999999998 2.6140416956947896
3.625 2.1725412514600144
3.635 1.7876422377576955
3.645 1.4562979516930024
3.655 1.1745646472857656
3.665 0.9379089208390708
3.675 0.7414834524221148
3.685 0.5803624632420376
3.695 0.44973244756358627
3.705 0.3450374096679879
3.715 0.26208079785355687
3.725 0.1970884957692714
3.735 0.14673861062636379
3.745 0.10816445981844448
3.755 0.07893721936682319
3.765 0.057034300212974474
3.775 0.04079880717080656
3.785 0.028894545635573244
3.795 0.02026008805324211
3.805 0.014064485273053632
3.815 0.009666369939883282
3.825 0.006577487575382476
3.835 0.004431122087942608
3.8449999999999998 0.0
3.855 0.0
3.8649999999999998 0.0
3.875 0.0028608498808499086
3.885 0.007094112945312325
3.895 0.010467667371937519
3.905 0.01529217429930545
3.915 0.02211852160925579
3.925 0.031674553500450266
3.935 0.04490890608054011
3.945 0.06304084683278735
3.955 0.08761514937980786
3.965 0.12056021000858982
3.975 0.16424661418118222
3.985 0.22154222434551257
3.995 0.2958586493895038
4.005 0.3911827691841425
4.015 0.5120859567394265
4.025 0.6637029268936622
4.035 0.8516719250394771
4.045 1.082028436554343
4.055 1.361045913489087
4.065 1.6950193013039243
4.075 2.08999045384997
4.085 2.5514187985428167
4.095 3.083805684166208
4.1049999999999995 3.6902864078369175
4.115 4.372209544461082
4.125 5.128728354307215
4.135 5.956433118820488
4.145 6.849055639718117
4.155 7.797277282016411
4.165 8.788669436620754
4.175 9.80778992213998
4.185 10.836450707586996
4.195 11.85416178926685
4.205 12.838743771254915
4.215 13.767088619944081
4.225 14.616035320140675
4.235 15.363315967029667
4.245 15.988519353040353
4.255 16.476427175080293
4.265 16.809356485269696
4.275 16.97931664562082
4.285 16.98151321659535
4.295 16.816217977015867
4.305 16.488785824003628
4.315 16.009427857704978
4.325 15.39275737236752
4.335 14.657140624521896
4.345 13.823896490120742
4.355 12.916397431185548
4.365 11.959127959568576
4.375 10.976755871609603
4.385 9.99326626286263
4.395 9.031199461864933
4.405 8.111022607323147
4.415 7.250651881603627
4.425 6.465129695578578
4.435 5.768686118389788
4.445 5.166832124011208
4.455 4.667068485816481
4.465 4.2725688968880835
4.475 3.9838855463810656
4.485 3.7991962218914663
4.495 3.7145652496151413
4.505 3.7242047503956655
4.515 3.8207289860509936
4.525 3.997555961262214
4.535 4.241570491836358
4.545 4.54362596526493
4.555 4.892566782408825
4.565 5.27694434497903
4.575 5.6853152794446284
4.585 6.106558249453817
4.595 6.530202722098738
4.605 6.946757704990337
4.615 7.348023831055966
4.625 7.72736893084969
4.635 8.079945944502269
4.645 8.402833019445978
4.655 8.695078990521909
4.665 8.957642948939565
4.675 9.193223823495696
4.685 9.404076039888723
4.695 9.598021565142131
4.705 9.782645159779001
4.715 9.961332395407592
4.725 10.139934602113113
4.735 10.323452375145868
4.745 10.515615919539012
4.755 10.718544525309772
4.765 10.932509104513045
4.775 11.155814070857513
4.785 11.384806120800475
4.795 11.614008453352266
4.805 11.836370399206443
4.815 12.043614982031656
4.825 12.226661119860317
4.835 12.376093320459173
4.845 12.482649961409384
4.855 12.53770151684175
4.865 12.533692185525195
4.875 12.466400943964835
4.885 12.328640018066704
4.895 12.119411525530218
4.905 11.838593770143259
4.915 11.488221839006254
4.925 11.072421165152337
4.935 10.597255597897375
4.945 10.07050202397673
4.955 9.501366387053288
4.965 8.9001577500651
4.975 8.277937804654744
4.985 7.646162969610135
4.995 7.016334997643642
5.005 6.3996739388512935
5.015 5.806824553670718
5.025 5.247604041516427
5.035 4.730795507889211
5.045 4.2639882121553265
5.055 3.8534626025819514
5.065 3.50250640614155
5.075 3.2183581759070083
5.085 3.0007201956740905
5.095 2.8502570954512114
5.105 2.7662130946513788
5.115 2.74645298576471
5.125 2.7875131038939247
5.135 2.8846636996600457
5.145 3.0319862025202653
5.155 3.2224703335073945
5.165 3.4481366299245058
5.175 3.70018950733662
5.185 3.9692044597970884
5.195 4.24535047965558
5.205 4.518645490026455
5.215 4.7792388659098055
5.225 5.01771139092377
5.235 5.225379701933253
5.245 5.393098123593485
5.255 5.517998222672488
5.265 5.593074972095958
5.275 5.615220027457048
5.285 5.583083844018387
5.295 5.497095413588979
5.305 5.359401088997261
5.315 5.173725853864661
5.325 4.945165573621082
5.335 4.678485588643291
5.345 4.385640740272065
5.355 4.069631414320298
5.365 3.7393023296629893
5.375 3.402305830481391
5.385 3.0658954589342944
5.395 2.7367090427502587
5.405 2.4206067798716053
5.415 2.1225687313133696
5.425 1.846651668937881
5.435 1.5960011457736045
5.445 1.372911239038229
5.455 1.1789218471668763
5.465 1.0149417951676987
5.475 0.8813853238488203
5.485 0.7783097426846504
5.495 0.7055429971226322
5.505 0.662791493571258
5.515 0.649720584130403
5.525 0.6660024884513882
5.535 0.7113289857756935
5.545 0.7853888259462449
5.555 0.8878123766626741
5.565 1.0180884447897944
5.575 1.1754603812594842
5.585 1.3588103960300255
5.595 1.5665423596990327
5.605 1.7964741382787406
5.615 2.0457505925917236
5.625 2.3107876923665125
5.635 2.5872567065595318
5.645 2.8701151520180415
5.655 3.155114262965745
5.665 3.4339175303938627
5.675 3.7010671287419155
5.685 3.948828529927192
5.695 4.173835724652039
5.705 4.368427156060646
5.715 4.52752916629968
5.725 4.647036774201091
5.735 4.7240393345296985
5.745 4.756997518988218
5.755 4.745859799533846
5.765 4.692110298741638
5.775 4.598744164163925
5.785 4.470171149403252
5.795 4.312052454675633
5.805 4.131079734226082
5.815 3.93470822666358
5.825 3.730858016033296
5.835 3.527598410566813
5.845 3.3328303724895405
5.855 3.1553173135012544
5.865 2.9997059510308475
5.875 2.8726402022133835
5.885 2.77869622466793
5.895 2.7211267380257413
5.905 2.7017679966094366
5.915 2.722313797634292
5.925 2.779725616351659
5.935 2.872547114029071
5.945 2.9972428467802645
5.955 3.14925587828398
5.965 3.3232347693824416
5.975 3.5132965765358106
5.985 3.7133159558942976
5.995 3.917228373177552
6.005 4.119333523449332
6.015 4.314583621295369
6.025 4.498840496523299
6.035 4.66908566320662
6.045 4.823568895474647
6.055 4.961883418056376
6.065 5.084959558069371
6.075 5.194973432209425
6.085 5.295172663848113
6.095 5.389626842460592
6.105 5.482915995516486
6.115 5.57977526461041
6.125 5.684717817103046
6.135 5.8016604112390375
6.1450000000000005 5.9335767097146945
6.155 6.081145718301331
6.165 6.247114649296437
6.175 6.42863245810622
6.185 6.622790728802077
6.195 6.825114015893362
6.205 7.03093268186446
6.215 7.2314342653103685
6.225 7.419706785455178
6.235 7.58766875225247
6.245 7.727298128130945
6.255 7.831066726644588
6.265 7.892353433203992
6.275 7.905812056999803
6.285 7.867672969080717
6.295 7.7759623095797705
6.305 7.630628071534998
6.315 7.433568350676645
6.325 7.18856303619944
6.335 6.901115777092247
6.345 6.578217821777585
6.355 6.228049013985088
6.365 5.859633661819879
6.375 5.482470123973512
6.385 5.106152835021607
6.3950000000000005 4.7400042781291685
6.405 4.392732340635049
6.415 4.072125832364028
6.425 3.784797994766782
6.435 3.5359848453514493
6.445 3.3294024008263685
6.455 3.16716434988922
6.465 3.048808520295326
6.475 2.9754599354958566
6.485 2.9431387051430162
6.495 2.947917227897675
6.505 2.9846807660347
6.515 3.047350579226177
6.525 3.129136105462657
6.535 3.222807693365572
6.545 3.3209803659057955
6.555 3.4163982055583593
6.565 3.503286107998118
6.575 3.5738131550966803
6.585 3.623442302505279
6.595 3.647994045311652
6.605 3.644499522458215
6.615 3.611280327469594
6.625 3.5479712359428577
6.635 3.4565641230155153
6.6450000000000005 3.3375321933929794
6.655 3.1948266171906767
6.665 3.0317006843184227
6.675 2.8551061504364967
6.685 2.6691339964678944
6.695 2.4795100122216365
6.705 2.292063082853593
6.715 2.112545554120412
6.725 1.945601207413136
6.735 1.798428107850309
6.745 1.674438402311755
6.755 1.5777911614243418
6.765 1.5120255009467134
6.775 1.4800206336471167
6.785 1.4839666736354455
6.795 1.5253413437829912
6.805 1.6048887129860283
6.815 1.7225976186491352
6.825 1.8776793055753163
6.835 2.0685457973306276
6.845 2.292792364555301
6.855 2.547188938729998
6.865 2.8276862517778354
6.875 3.1294427317550917
6.885 3.446877692761772
6.8950000000000005 3.7737551379918837
6.905 4.1033006363630244
6.915 4.428351387508582
6.925 4.7415369590688154
6.935 5.035485497329152
6.945 5.303047720290616
6.955 5.537528931955296
6.965 5.732917845692835
6.975 5.884100320031147
6.985 5.987046275288288
6.995 6.040157541285868
