0.005 0.0
0.015 0.0
0.025 0.0
0.034999999999999996 0.0
0.045 0.0
0.055 0.0
0.065 0.0
0.07500000000000001 0.0
0.085 0.0
0.095 0.0
0.10500000000000001 0.0
0.115 0.0
0.125 0.0
0.135 0.0
0.14500000000000002 0.0
0.155 0.0
0.165 0.0
0.17500000000000002 0.0
0.185 0.0
0.195 0.0
0.20500000000000002 0.0
0.215 0.0
0.225 0.0
0.23500000000000001 0.0
0.245 0.0
0.255 0.0
0.265 0.0
0.275 0.0
0.28500000000000003 0.0
0.295 0.0
0.305 0.0
0.315 0.0
0.325 0.0
0.335 0.0
0.34500000000000003 0.0
0.35500000000000004 0.0
0.365 0.0
0.375 0.0
0.385 0.0
0.395 0.0
0.405 0.0
0.41500000000000004 0.0
0.425 0.0
0.435 0.0
0.445 0.0
0.455 0.0
0.465 0.0
0.47500000000000003 0.0
0.485 0.0
0.495 0.0
0.505 0.0
0.515 0.0
0.525 0.0
0.535 0.0
0.545 0.0
0.555 0.0
0.5650000000000001 0.0
0.5750000000000001 0.0
0.585 0.0
0.595 0.0
0.605 0.0
0.615 0.0
0.625 0.0
0.635 0.0
0.645 0.0
0.655 0.0
0.665 0.0
0.675 0.0
0.685 0.0
0.6950000000000001 0.0
0.7050000000000001 0.0
0.715 0.0
0.725 0.0
0.735 0.0
0.745 0.0
0.755 0.0
0.765 0.0
0.775 0.0
0.785 0.0
0.795 0.0
0.805 0.0
0.8150000000000001 0.0
0.8250000000000001 0.0
0.8350000000000001 0.0
0.845 0.0
0.855 0.0
0.865 0.0
0.875 0.0
0.885 0.0
0.895 0.0
0.905 0.0
0.915 0.0
0.925 0.0
0.935 0.0
0.9450000000000001 0.0
0.9550000000000001 0.0
0.965 0.0
0.975 0.0
0.985 0.0
0.995 0.0
1.005 0.0
1.015 0.0
1.025 0.0
1.035 0.0
1.045 0.0
1.055 0.0
1.065 0.0
1.075 0.0
1.085 0.0
1.095 0.0
1.105 0.0
1.115 0.0
1.125 0.0
1.135 0.0
1.145 0.0
1.155 0.0
1.1649999999999998 0.0
1.1749999999999998 0.0
1.1849999999999998 0.0
1.1949999999999998 0.0
1.2049999999999998 0.0
1.2149999999999999 0.0
1.2249999999999999 0.0
1.2349999999999999 0.0
1.2449999999999999 0.0
1.255 0.0
1.265 0.0
1.275 0.0
1.285 0.0
1.295 0.0
1.305 0.0
1.315 0.0
1.325 0.0
1.335 0.0
1.345 0.0
1.355 0.0
1.365 0.0
1.375 0.0
1.385 0.0
1.395 0.0
1.405 0.0
1.4149999999999998 0.0
1.4249999999999998 0.0
1.4349999999999998 0.0
1.4449999999999998 0.0
1.4549999999999998 0.0
1.4649999999999999 0.0
1.4749999999999999 0.0
1.4849999999999999 0.0
1.4949999999999999 0.0
1.505 0.0
1.515 0.0
1.525 0.0
1.535 0.0
1.545 0.0
1.555 0.0
1.565 0.0
1.575 0.0
1.585 0.0
1.595 0.0
1.605 0.0
1.615 0.0
1.625 0.012750187396447659
1.635 0.018926176602565983
1.645 0.027814180185255288
1.655 0.04046939337419013
1.665 0.05829672805682196
1.6749999999999998 0.0831416657625479
1.6849999999999998 0.11739519396109534
1.6949999999999998 0.16411148266923983
1.7049999999999998 0.22713532137156697
1.7149999999999999 0.3112342889565995
1.7249999999999999 0.4222282181913866
1.7349999999999999 0.5671058492339919
1.7449999999999999 0.7541158242369438
1.755 0.9928166150110164
1.765 1.2940679292727861
1.775 1.669944997528984
1.785 2.1335573207229115
1.795 2.6987553635766655
1.805 3.3797126472516923
1.815 4.190376934021673
1.825 5.143792718155156
1.835 6.251307802599836
1.845 7.521688823002266
1.855 8.960183352936909
1.865 10.567578588846148
1.875 12.339317268870268
1.885 14.264739032905563
1.895 16.326518542332412
1.905 18.500369230210833
1.915 20.755072824646735
1.9249999999999998 23.05287960504049
1.9349999999999998 25.35030319383871
1.9449999999999998 27.599307733111132
1.9549999999999998 29.748856380908133
1.9649999999999999 31.74676055199539
1.9749999999999999 33.54174190756094
1.9849999999999999 35.0855965051765
1.9949999999999999 36.33533523575197
2.005 37.25516862654055
2.015 37.818208397262964
2.025 38.00777295571942
2.035 37.818208397262964
2.045 37.25516862654055
2.0549999999999997 36.33533523575197
2.065 35.0855965051765
2.0749999999999997 33.54174190756094
2.085 31.74676055199539
2.0949999999999998 29.748856380908133
2.105 27.599307733111132
2.1149999999999998 25.35030319383871
2.125 23.05287960504049
2.135 20.755072824646735
2.145 18.500369230210833
2.155 16.326518542332412
2.165 14.264739032905563
2.175 12.339317268870268
2.185 10.567578588846148
2.195 8.960183352936909
2.205 7.521688823002266
2.215 6.251307802599836
2.225 5.143792718155156
2.235 4.190376934021673
2.245 3.3797126472516923
2.255 2.6987553635766655
2.265 2.1335573207229115
2.275 1.669944997528984
2.285 1.301320273735321
2.295 1.003581880478316
2.305 0.7699366125418032
2.315 0.5901249603900545
2.3249999999999997 0.4553875702668386
2.335 0.35852551539511757
2.3449999999999998 0.29391005639147516
2.355 0.25745858146609846
2.3649999999999998 0.24659043940934067
2.375 0.26017265376938065
2.385 0.2984613926937862
2.395 0.3630408848731467
2.405 0.4567575009350765
2.415 0.5836432161492868
2.425 0.7488198692915017
2.435 0.9498696747736839
2.445 1.2135737412578527
2.455 1.5350600668210392
2.465 1.9223905923989888
2.475 2.3834988466015212
2.485 2.925804576514192
2.495 3.555762446159631
2.505 4.27835894393283
2.515 5.096578905269626
2.525 6.010870089844631
2.535 7.018640313575762
2.545 8.113825931971936
2.555 9.286572240965468
2.565 10.52306496914335
2.5749999999999997 11.805547070725693
2.585 13.112546392508744
2.5949999999999998 14.419327753774073
2.605 15.698568215851722
2.6149999999999998 16.921237871447797
2.625 18.057651698267083
2.635 19.07864242488309
2.645 19.95679150566411
2.655 20.66764660767066
2.665 21.190850572500146
2.675 21.511109266464388
2.685 21.618934150371395
2.695 21.516567420917426
2.705 21.19895257068184
2.715 20.679553420230768
2.725 19.97411581571453
2.735 19.103598336192242
2.745 18.09324333618616
2.755 16.971492905413992
2.765 15.768821757393795
2.775 14.516560808256985
2.785 13.245780890746742
2.795 11.98629632229835
2.805 10.765834053243402
2.815 9.609397350603546
2.8249999999999997 8.53883509142797
2.835 7.572610417000285
2.8449999999999998 6.725747247424963
2.855 6.009921198117587
2.8649999999999998 5.433653619010819
2.875 5.002564211655297
2.885 4.719638958015494
2.895 4.58547551228709
2.905 4.598477026200686
2.915 4.7549766113468035
2.925 5.049287142731707
2.935 5.47368366582101
2.945 6.0183371031002135
2.955 6.671227199197504
2.965 7.418068822485161
2.975 8.242288242080264
2.985 9.125084520207675
2.995 10.045605743749302
3.005 10.98126086307437
3.015 11.908176145637318
3.025 12.801791710020618
3.035 13.637579516996407
3.045 14.391850896198658
3.055 15.042610498144649
3.065 15.57040564678731
3.075 15.959116314349687
3.085 16.196631853260854
3.0949999999999998 16.27052911128693
3.105 16.189379508798318
3.1149999999999998 15.948351048882389
3.125 15.554584858482452
3.135 15.019591386988587
3.145 14.358691544123205
3.155 13.59028829055789
3.165 12.73501697500071
3.175 11.81482904684046
3.185 10.852065617626124
3.195 9.86857475574247
3.205 8.884919855570711
3.215 7.919716750581307
3.225 6.989125501735339
3.235 6.106510159650783
3.245 5.28226742120516
3.255 4.5238139910473265
3.265 3.8396058177345496
3.275 3.2256943856876243
3.285 2.6845776319201784
3.295 2.2143312860477815
3.305 1.8116313851984358
3.315 1.4721835078726926
3.325 1.1911334394579531
3.335 0.9634427489311836
3.3449999999999998 0.7842177241771257
3.355 0.648984660430813
3.3649999999999998 0.5539082831403275
3.375 0.49595292027001614
3.385 0.4729878726902082
3.395 0.4838393486824607
3.405 0.5282915192625902
3.415 0.6070389781715215
3.425 0.7215924552447457
3.435 0.8741393373256632
3.445 1.0673606665300452
3.455 1.3042070163535782
3.465 1.5876371058742977
3.475 1.920325205550268
3.485 2.3043462001063193
3.495 2.740850372413812
3.505 3.2261027588396276
3.515 3.766984569702298
3.525 4.3547832231649135
3.535 4.984209586788222
3.545 5.647849383029921
3.555 6.336172202228327
3.565 7.037653694055878
3.575 7.739018203979476
3.585 8.425601198162045
3.5949999999999998 9.08182199317343
3.605 9.691748297865862
3.6149999999999998 10.239725703907373
3.625 10.71103836411051
3.635 11.092562431581719
3.645 11.37337198646196
3.655 11.54525849219197
3.665 11.603129341211257
3.675 11.54525849219197
3.685 11.37337198646196
3.695 11.092562431581719
3.705 10.71103836411051
3.715 10.239725703907373
3.725 9.691748297865862
3.735 9.08182199317343
3.745 8.425601198162045
3.755 7.739018203979476
3.765 7.037653694055878
3.775 6.336172202228327
3.785 5.647849383029921
3.795 4.984209586788222
3.805 4.3547832231649135
3.815 3.766984569702298
3.825 3.2261027588396276
3.835 2.7353922179607753
3.8449999999999998 2.296244201924627
3.855 1.908418392990163
3.8649999999999998 1.570312795823877
3.875 1.2792511050444266
3.885 1.031769028610969
3.895 0.8238843033594664
3.905 0.6513389137026723
3.915 0.5098059236886101
3.925 0.39505702102459184
3.935 0.30309009710980356
3.945 0.23021878859015538
3.955 0.17312781063193727
3.965 0.1288991236842936
3.975 0.09501455700629033
3.985 0.0693405665967937
3.995 0.05010045608322321
4.005 0.03583876437996336
4.015 0.02538174237702686
4.025 0.01779700369713285
4.035 0.012354620362212639
4.045 0.008491198118481385
4.055 0.005777841161859852
4.065 0.00389241626069547
4.075 0.0
4.085 0.0025992163539799063
4.095 0.0038582356646308692
4.1049999999999995 0.005670118388236521
4.115 0.00824997357475293
4.125 0.01188420250129246
4.135 0.016949019698906893
4.145 0.02393184496310511
4.155 0.03345529256680751
4.165 0.046303150182713644
4.175 0.06344732266450356
4.185 0.08607422430046897
4.195 0.11560855946143472
4.205 0.15373187249763945
4.215 0.2023927258479804
4.225 0.263804948142477
4.235 0.34043016097422957
4.245 0.43494082931844613
4.255 0.5501604688848585
4.265 0.6889784527352757
4.275 0.8542381313771009
4.285 1.0485987177126994
4.295 1.2743735420552875
4.305 1.5333497454117688
4.315 1.826597082965292
4.325 2.1542760303075648
4.335 2.5177895509314734
4.345 2.911430048079103
4.355 3.3333640652437064
4.365 3.7788336069988637
4.375 4.241731563329375
4.385 4.714699921613332
4.395 5.189310983292645
4.405 5.656330901166867
4.415 6.106058659442786
4.425 6.528727228326329
4.435 6.914947594179499
4.445 7.256171272662159
4.455 7.545143294825608
4.465 7.7763159550258365
4.475 7.946194113450592
4.485 8.05358565385757
4.495 8.099735699319915
4.505 8.088330071604771
4.515 8.025361751622022
4.525 7.918863135190375
4.535 7.778515982883556
4.545 7.615159429559606
4.555 7.44022359857834
4.565 7.2651217187
4.575 7.10063678135217
4.585 6.95633949199957
4.595 6.84007253495213
4.605 6.757532134156301
4.615 6.711971855081158
4.625 6.704045980556554
4.635 6.731801122070758
4.645 6.790815567664424
4.655 6.8744768077076035
4.665 6.974379296283383
4.675 7.080817329209001
4.685 7.183342405670788
4.695 7.27135094238041
4.705 7.3346669534008555
4.715 7.364085374912598
4.725 7.351845022737639
4.735 7.292005480945415
4.745 7.18070914156167
4.755 7.01631763187572
4.765 6.799420373163219
4.775 6.534673670949701
4.785 6.223715876234356
4.795 5.874149999180069
4.805 5.493529348511631
4.815 5.0902613747749275
4.825 4.6732019806509015
4.835 4.251268061077712
4.845 3.833090354160719
4.855 3.426723757214103
4.865 3.0394264421753845
4.875 2.6775129206698107
4.885 2.3462801785145797
4.895 2.0482669653327714
4.905 1.7908260484329281
4.915 1.5738545605508107
4.925 1.3990574759377328
4.935 1.2674823381306832
4.945 1.179646514402195
4.955 1.1356447458673642
4.965 1.1370433515474834
4.975 1.1823453146362888
4.985 1.269276019344088
4.995 1.3981129555116392
5.005 1.5676118393708272
5.015 1.7761469876271734
5.025 2.0216369435619828
5.035 2.3014756506011094
5.045 2.6124828473874104
5.055 2.9508864921617923
5.065 3.3123478445801258
5.075 3.6920364117966145
5.085 4.086495345930314
5.095 4.487709439780579
5.105 4.891596206931568
5.115 5.293232550598824
5.125 5.6882828719411025
5.135 6.073258697168681
5.145 6.444190148458026
5.155 6.8035466778130615
5.165 7.149241315242922
5.175 7.482837775143737
5.185 7.807123196096766
5.195 8.125907775346604
5.205 8.443727052487684
5.215 8.76546344527707
5.225 9.0959116178995
5.235 9.439318529542934
5.245 9.798932861031385
5.255 10.17659945208056
5.265 10.572432180420902
5.275 10.98459346921765
5.285 11.409200729917968
5.295 11.840370225216503
5.305 12.270397976847034
5.315 12.69006647016332
5.325 13.089056054751527
5.335 13.45643203439607
5.345 13.781173198637509
5.355 14.052705402755358
5.365 14.261404852814623
5.375 14.399039761587005
5.385 14.459125474816167
5.395 14.437176263244357
5.405 14.330845841779768
5.415 14.139957400315874
5.425 13.866431684636659
5.435 13.514127801132922
5.445 13.088615525865194
5.455 12.596899834329797
5.465 12.047118249179327
5.475 11.449744549413658
5.485 10.811959533001335
5.495 10.144576062198844
5.505 9.457404604938267
5.515 8.76004679432333
5.525 8.061713479224963
5.535 7.371077028821832
5.545 6.696155974613863
5.555 6.044229434014608
5.565 5.42324805442653
5.575 4.836634174035847
5.585 4.288961768063359
5.595 3.787369611860918
5.605 3.3332915571621125
5.615 2.92937684500577
5.625 2.5776057359309617
5.635 2.279364417510811
5.645 2.0355219232220874
5.655 1.8465035473320297
5.665 1.7123550853411433
5.675 1.6327925795802605
5.685 1.6072331508396913
5.695 1.6348039236767984
5.705 1.7143279102710067
5.715 1.8442878520787929
5.725 2.022771236243055
5.735 2.248790907489865
5.745 2.517326506753167
5.755 2.8258628996085386
5.765 3.1703139000317853
5.775 3.544702588465076
5.785 3.945206145307777
5.795 4.366784999112196
5.805 4.801036897276333
5.815 5.2408619966590635
5.825 5.678809191161701
5.835 6.107264927620627
5.845 6.518668053117733
5.855 6.905741566201072
5.865 7.261730298963932
5.875 7.5806323748637725
5.885 7.8574118446498975
5.895 8.087021120134803
5.905 8.269570390369363
5.915 8.402150769429298
5.925 8.484978454899512
5.935 8.519627582425127
5.945 8.508936721373905
5.955 8.456854316953232
5.965 8.36822985037923
5.975 8.248560926803064
5.985 8.103709539872906
5.995 7.939603166483314
6.005 7.76193789027055
6.015 7.575901245731643
6.025 7.3859317828908075
6.035 7.195530424380543
6.045 7.0071355737748515
6.055 6.822069799104977
6.065 6.640561031388134
6.075 6.4618359505953595
6.085 6.284278009915099
6.095 6.105637824937617
6.105 5.923279854121635
6.115 5.734446774702584
6.125 5.536521953930865
6.135 5.327271024995081
6.1450000000000005 5.105045738362359
6.155 4.868936758020942
6.165 4.618866564084774
6.175 4.355618673009071
6.185 4.080804516271238
6.195 3.7967740598055633
6.205 3.506480191567091
6.215 3.213309745810015
6.225 2.920895590275352
6.235 2.6329244354103634
6.245 2.3529540247348737
6.255 2.0842513365339213
6.265 1.8296606538347218
6.275 1.5915071695542062
6.285 1.3705281901419797
6.295 1.170236404068382
6.305 0.9897290059156657
6.315 0.8290594022735335
6.325 0.6877898449972117
6.335 0.5650730638917564
6.345 0.4597412597970305
6.355 0.3703961933202977
6.365 0.29549507672651876
6.375 0.23244811174984362
6.385 0.18193819197235553
6.3950000000000005 0.1409869065685886
6.405 0.10816599358811121
6.415 0.08215987341045997
6.425 0.06178539593774191
6.435 0.046001178919736735
6.445 0.03390854423130937
6.455 0.02474607832266977
6.465 0.017879718483498036
6.475 0.01279004360450798
6.485 0.009058169202453219
6.495 0.006351347688849968
6.505 0.004409084294161242
6.515 0.0030303163646626828
6.525 0.0020619806982358946
6.535 0.0024762277628672348
6.545 0.001613692646083689
6.555 0.002371505823088847
6.565 0.003450520612311343
6.575 0.004970523277442101
6.585 0.007088864139943705
6.595 0.01107794768370543
6.605 0.01664722235006093
6.615 0.023283244668292867
6.625 0.03225918285819076
6.635 0.04427742214732866
6.6450000000000005 0.060206242481099875
6.655 0.08110398527621168
6.665 0.10932907921257529
6.675 0.14473797952815742
6.685 0.1898737843787759
6.695 0.24683150006942345
6.705 0.31798527379349445
6.715 0.4059779103397903
6.725 0.5136948360082938
6.735 0.6442198299373947
6.745 0.8007703369689159
6.755 0.9866109508490977
6.765 1.2049447145400243
6.775 1.4587832034923518
6.785 1.7507978879040442
6.795 2.0831569327374018
6.805 2.4573532846397557
6.815 2.874031486709917
6.825 3.332822015995878
6.835 3.832192913108783
6.845 4.369328937053575
6.855 4.940048323503773
6.865 5.5387663797317295
6.875 6.158513589713079
6.885 6.7910136585685965
6.8950000000000005 7.426824084252227
6.905 8.055538549915816
6.915 8.666046875133912
6.925 9.246844677241953
6.935 9.786381524780358
6.945 10.273433463764674
6.955 10.697483594910267
6.965 11.049093067069137
6.975 11.320244562804326
6.985 11.50464114945241
6.995 11.597945238028778
