0.005 0.0
0.015 0.0
0.025 0.0
0.034999999999999996 0.0
0.045 0.0
0.055 0.0
0.065 0.0
0.07500000000000001 0.0
0.085 0.0
0.095 0.0
0.10500000000000001 0.0
0.115 0.0
0.125 0.0
0.135 0.0
0.14500000000000002 0.0
0.155 0.0
0.165 0.0
0.17500000000000002 0.0
0.185 0.0
0.195 0.0
0.20500000000000002 0.0
0.215 0.0
0.225 0.0
0.23500000000000001 0.0
0.245 0.0
0.255 0.0
0.265 0.0
0.275 0.0
0.28500000000000003 0.0
0.295 0.0
0.305 0.0
0.315 0.0
0.325 0.0
0.335 0.0
0.34500000000000003 0.0
0.35500000000000004 0.0
0.365 0.0
0.375 0.0
0.385 0.0
0.395 0.0
0.405 0.0
0.41500000000000004 0.0
0.425 0.0
0.435 0.0
0.445 0.0
0.455 0.0
0.465 0.0
0.47500000000000003 0.0
0.485 0.0
0.495 0.0
0.505 0.0
0.515 0.0
0.525 0.0
0.535 0.0
0.545 0.0
0.555 0.0
0.5650000000000001 0.0
0.5750000000000001 0.0
0.585 0.0
0.595 0.0
0.605 0.0
0.615 0.0
0.625 0.0
0.635 0.0
0.645 0.0
0.655 0.0
0.665 0.0
0.675 0.0
0.685 0.0
0.6950000000000001 0.0
0.7050000000000001 0.0
0.715 0.0
0.725 0.0
0.735 0.0
0.745 0.0
0.755 0.0
0.765 0.0
0.775 0.0
0.785 0.0
0.795 0.0
0.805 0.0
0.8150000000000001 0.0
0.8250000000000001 0.0
0.8350000000000001 0.0
0.845 0.0
0.855 0.0
0.865 0.0
0.875 0.0
0.885 0.0
0.895 0.0
0.905 0.0
0.915 0.0
0.925 0.0
0.935 0.0
0.9450000000000001 0.0
0.9550000000000001 0.0
0.965 0.0
0.975 0.0
0.985 0.0
0.995 0.0
1.005 0.0
1.015 0.0
1.025 0.0
1.035 0.0
1.045 0.0
1.055 0.0
1.065 0.0
1.075 0.0
1.085 0.0
1.095 0.0
1.105 0.0
1.115 0.0
1.125 0.0
1.135 0.0
1.145 0.0
1.155 0.0
1.1649999999999998 0.0
1.1749999999999998 0.0
1.1849999999999998 0.0
1.1949999999999998 0.0
1.2049999999999998 0.0
1.2149999999999999 0.0
1.2249999999999999 0.0
1.2349999999999999 0.0
1.2449999999999999 0.0
1.255 0.0
1.265 0.0
1.275 0.0
1.285 0.0
1.295 0.0
1.305 0.0
1.315 0.0
1.325 0.0
1.335 0.0
1.345 0.0
1.355 0.0
1.365 0.0
1.375 0.0
1.385 0.0
1.395 0.0
1.405 0.0
1.4149999999999998 0.0
1.4249999999999998 0.0
1.4349999999999998 0.0
1.4449999999999998 0.0
1.4549999999999998 0.0
1.4649999999999999 0.0
1.4749999999999999 0.0
1.4849999999999999 0.0
1.4949999999999999 0.0
1.505 0.0
1.515 0.0
1.525 0.0
1.535 0.0
1.545 0.0
1.555 0.0
1.565 0.0
1.575 0.0
1.585 0.0
1.595 0.0
1.605 0.0
1.615 0.0
1.625 0.0
1.635 0.0
1.645 0.0
1.655 0.0
1.665 0.0
1.6749999999999998 0.0
1.6849999999999998 0.0
1.6949999999999998 0.0
1.7049999999999998 0.0
1.7149999999999999 0.0
1.7249999999999999 0.0
1.7349999999999999 0.0
1.7449999999999999 0.0
1.755 0.0
1.765 0.0
1.775 0.0
1.785 0.0
1.795 0.0
1.805 0.0
1.815 0.0
1.825 0.0
1.835 0.0
1.845 0.0
1.855 0.0
1.865 0.0
1.875 0.0
1.885 0.0
1.895 0.0
1.905 0.0
1.915 0.0
1.9249999999999998 0.0
1.9349999999999998 0.0
1.9449999999999998 0.0
1.9549999999999998 0.0
1.9649999999999999 0.0
1.9749999999999999 0.0
1.9849999999999999 0.0
1.9949999999999999 0.0
2.005 0.0
2.015 0.0
2.025 0.0
2.035 0.0
2.045 0.0
2.0549999999999997 0.0
2.065 0.0
2.0749999999999997 0.0
2.085 0.0
2.0949999999999998 0.0
2.105 0.0
2.1149999999999998 0.0
2.125 0.0
2.135 0.0
2.145 0.0
2.155 0.0
2.165 0.0
2.175 0.0
2.185 0.0
2.195 0.0
2.205 0.0
2.215 0.0
2.225 0.0
2.235 0.0
2.245 0.0
2.255 0.007417165017064193
2.265 0.011009922492781734
2.275 0.016180339773349033
2.285 0.02354225545582825
2.295 0.033912948767547905
2.305 0.048365991461915815
2.315 0.06829229239895718
2.3249999999999997 0.09546855354392354
2.335 0.13213140383224448
2.3449999999999998 0.18105428637095208
2.355 0.2456227717922825
2.3649999999999998 0.3299024190877987
2.375 0.4386917098883717
2.385 0.5775510928781689
2.395 0.7527979845520549
2.405 0.9714569073348895
2.415 1.2411540496711595
2.425 1.5699466407773888
2.435 1.9660798414546328
2.445 2.4376674818126745
2.455 2.9922979339707294
2.465 3.6365725540051503
2.475 4.375591155841266
2.485 5.212406409838403
2.495 6.1474762516905574
2.505 7.178149585991173
2.515 8.298224962708813
2.525 9.497623714642552
2.535 10.762217620058014
2.545 12.073846077311766
2.555 13.41054894587179
2.565 14.747028900429937
2.5749999999999997 16.055342046992596
2.585 17.305798729484934
2.5949999999999998 18.468039288346343
2.605 19.512233581560626
2.6149999999999998 20.41033993535886
2.625 21.137350300357664
2.635 21.67244487077829
2.645 21.999981930490968
2.655 22.110257298824
2.665 21.999981930490968
2.675 21.67244487077829
2.685 21.137350300357664
2.695 20.41033993535886
2.705 19.512233581560626
2.715 18.468039288346343
2.725 17.305798729484934
2.735 16.055342046992596
2.745 14.747028900429937
2.755 13.41054894587179
2.765 12.073846077311766
2.775 10.762217620058014
2.785 9.497623714642552
2.795 8.298224962708813
2.805 7.178149585991173
2.815 6.1474762516905574
2.8249999999999997 5.212406409838403
2.835 4.375591155841266
2.8449999999999998 3.6365725540051503
2.855 2.9922979339707294
2.8649999999999998 2.4376674818126745
2.875 1.9660798414546328
2.885 1.5699466407773888
2.895 1.2411540496711595
2.905 0.9714569073348895
2.915 0.7527979845520549
2.925 0.5775510928781689
2.935 0.4386917098883717
2.945 0.3299024190877987
2.955 0.2456227717922825
2.965 0.18105428637095208
2.975 0.13213140383224448
2.985 0.09546855354392354
2.995 0.06829229239895718
3.005 0.048365991461915815
3.015 0.033912948767547905
3.025 0.02354225545582825
3.035 0.016180339773349033
3.045 0.011009922492781734
3.055 0.007417165017064193
3.065 0.0
3.075 0.0
3.085 0.0
3.0949999999999998 0.0
3.105 0.0
3.1149999999999998 0.0
3.125 0.0
3.135 0.0
3.145 0.0
3.155 0.0
3.165 0.0
3.175 0.0
3.185 0.0
3.195 0.0
3.205 0.0
3.215 0.0
3.225 0.0
3.235 0.0
3.245 0.0
3.255 0.0
3.265 0.0
3.275 0.0
3.285 0.0
3.295 0.0
3.305 0.0
3.315 0.0
3.325 0.0
3.335 0.0
3.3449999999999998 0.0
3.355 0.0
3.3649999999999998 0.0
3.375 0.0
3.385 0.0
3.395 0.0
3.405 0.0
3.415 0.0
3.425 0.0
3.435 0.0
3.445 0.0
3.455 0.0
3.465 0.0
3.475 0.0
3.485 0.0
3.495 0.0
3.505 0.0
3.515 0.0
3.525 0.0
3.535 0.0
3.545 0.0
3.555 0.003342522185571877
3.565 0.004961587090065313
3.575 0.007291619444637482
3.585 0.010609243690610672
3.5949999999999998 0.015282764152193363
3.605 0.02179598257780469
3.6149999999999998 0.03077570768911213
3.625 0.04302260466241145
3.635 0.05954460332269182
3.645 0.08159154712015942
3.655 0.1106891328571687
3.665 0.1486694919605905
3.675 0.197695045149304
3.685 0.2602715912083981
3.695 0.3392460540961511
3.705 0.43778401284365126
3.715 0.5593221853894107
3.725 0.7074915368459096
3.735 0.886007723105626
3.745 1.0985272162963227
3.755 1.3484696925479622
3.765 1.641823990922312
3.775 1.9763203232601203
3.785 2.355529491314632
3.795 2.779907295157718
3.805 3.2485911276577686
3.815 3.7592225697379797
3.825 4.3078248962070615
3.835 4.888753229502019
3.8449999999999998 5.494732403611049
3.855 6.1169931361983245
3.8649999999999998 6.745510990553154
3.875 7.369345174759881
3.885 7.977065997172017
3.895 8.557251455826783
3.905 9.099025767402752
3.915 9.59260644807894
3.925 10.029822593832078
3.935 10.404565872549107
3.945 10.713137807837965
3.955 10.954462288951996
3.965 11.13014064641257
3.975 11.244337533536749
3.985 11.303498413951186
3.995 11.315912628015331
4.005 11.29114863777419
4.015 11.239398972024675
4.025 11.17078056934637
4.035 11.094640832073804
4.045 11.018920254965526
4.055 10.9496188437024
4.065 10.890405942393912
4.075 10.84240216509878
4.085 10.804148803100592
4.095 10.771765508463304
4.1049999999999995 10.739282498533871
4.115 10.699120240589703
4.125 10.64267868866645
4.135 10.560990551265064
4.145 10.445389350941722
4.155 10.288143413473772
4.165 10.083011238224513
4.175 9.825681444031437
4.185 9.514070855485663
4.195 9.148466285922483
4.205 8.73150807733511
4.215 8.268025374768568
4.225 7.764743459625554
4.235 7.229891462874051
4.245 6.672743913087708
4.255 6.103131633011753
4.265 5.53095656811788
4.275 4.965741564250759
4.285 4.416240470972278
4.295 3.8901269290351825
4.305 3.393772553460516
4.315 2.9321176698128504
4.325 2.5086309271123817
4.335 2.125348477493053
4.345 1.7829792869671763
4.355 1.481060649318342
4.365 1.2159176898424728
4.375 0.9905440830073371
4.385 0.7989148512678674
4.395 0.6379464661451276
4.405 0.5043418797580029
4.415 0.39475067811202347
4.425 0.3058988130503312
4.435 0.234687389462766
4.445 0.17826199870835827
4.455 0.13405556403214877
4.465 0.09980860189749359
4.475 0.07357125342399112
4.485 0.05369148221485794
4.495 0.03879356455782169
4.505 0.02775051423358666
4.515 0.019653478999423966
4.525 0.013780497541053462
4.535 0.009566375240431541
4.545 0.006574867139640009
4.555 0.004473872528128678
4.565 0.00301395862034416
4.575 0.0
4.585 0.0
4.595 0.0
4.605 0.0
4.615 0.0
4.625 0.0
4.635 0.0
4.645 0.0
4.655 0.0
4.665 0.0
4.675 0.0
4.685 0.0
4.695 0.0
4.705 0.0
4.715 0.0
4.725 0.0
4.735 0.0
4.745 0.0
4.755 0.0
4.765 0.0
4.775 0.0
4.785 0.0
4.795 0.0
4.805 0.0
4.815 0.0
4.825 0.0
4.835 0.0
4.845 0.0
4.855 0.0
4.865 0.0
4.875 0.0
4.885 0.0
4.895 0.0
4.905 0.0
4.915 0.0
4.925 0.0
4.935 0.0
4.945 0.0
4.955 0.0
4.965 0.0
4.975 0.0
4.985 0.0
4.995 0.0
5.005 0.0
5.015 0.0
5.025 0.0
5.035 0.0
5.045 0.0
5.055 0.0
5.065 0.0
5.075 0.0
5.085 0.0
5.095 0.0
5.105 0.0
5.115 0.0
5.125 0.0
5.135 0.0
5.145 0.0
5.155 0.0016943349201596417
5.165 0.00251504396961022
5.175 0.0036961446367933678
5.185 0.00537785871372146
5.195 0.007746880810963088
5.205 0.011048451543619985
5.215 0.015600302207528003
5.225 0.021808292477578598
5.235 0.030183345125480276
5.245 0.041359009694017845
5.255 0.056108666650481386
5.265 0.0753610291290032
5.275 0.10183567276440439
5.285 0.13434228673772716
5.295 0.17550636742252637
5.305 0.227066911107987
5.315 0.2909448834690704
5.325 0.3692158109073007
5.335 0.4640676072535803
5.345 0.5777426266733272
5.355 0.7124638575796228
5.365 0.8703463156879903
5.375 1.0532959928730754
5.385 1.2629000761832125
5.395 1.5003134452815525
5.405 1.7661475466173617
5.415 2.060368485781231
5.425 2.383752351176475
5.435 2.7324055420844067
5.445 3.1050653571286952
5.455 3.4986475369326016
5.465 3.909319013989755
5.475 4.332580388041214
5.485 4.763383359233655
5.495 5.196278072598733
5.505 5.625583112053132
5.515 6.045569206681869
5.525 6.450646746301343
5.535 6.83554703903897
5.545 7.195487880837408
5.555 7.526315352381705
5.565 7.824615639830734
5.575 8.087792863909595
5.585 8.31411114850691
5.595 8.502701232493678
5.605 8.653533645469167
5.615 8.767361724265417
5.625 8.845638525121046
5.635 8.89041205320526
5.645 8.904203317667337
5.655 8.889871690278596
5.665 8.850472057447995
5.675 8.78910842515285
5.685 8.708789009356252
5.695 8.612288380255903
5.705 8.502022803658798
5.715 8.381343567351545
5.725 8.2495429041592
5.735 8.10846294268239
5.745 7.958447135324326
5.755 7.799313332057205
5.765 7.630436765428847
5.775 7.4508728446267085
5.785 7.2595136830263325
5.795 7.055269023315328
5.805 6.837259474872151
5.815 6.605008082381589
5.825 6.358615463179426
5.835 6.098904224093316
5.845 5.827520096873448
5.855 5.54698007456871
5.865 5.260661528448819
5.875 4.972730490105557
5.885 4.6880116102657805
5.895 4.4118063770021205
5.905 4.1496696653143905
5.915 3.907157355091612
5.925 3.6895594540540966
5.935 3.5016338579588684
5.945 3.3473556237137525
5.955 3.229695540658942
5.965 3.149309936486798
5.975 3.109315798126787
5.985 3.1071624068047923
5.995 3.140584926882174
6.005 3.207244096291776
6.015 3.300366408705903
6.025 3.4149875311370446
6.035 3.544496853025262
6.045 3.681762123001903
6.055 3.8194332311186354
6.065 3.9502613475257955
6.075 4.067418322327126
6.085 4.163717919970615
6.095 4.2365881115339965
6.105 4.280579223858635
6.115 4.293248052369432
6.125 4.273643910312735
6.135 4.222345376787578
6.1450000000000005 4.141422684977346
6.155 4.034328124718382
6.165 3.9057206632693906
6.175 3.7612343842728926
6.185 3.607203083515115
6.195 3.450355284337159
6.205 3.297494968360845
6.215 3.155183462648901
6.225 3.029437258116149
6.235 2.9244274375109622
6.245 2.846707831342848
6.255 2.79770547817773
6.265 2.7790181262232023
6.275 2.7908139280921445
6.285 2.833004258806956
6.295 2.9011952148846003
6.305 2.9923792194344676
6.315 3.1017308727168826
6.325 3.223616203902202
6.335 3.35185864229495
6.345 3.4800304842537333
6.355 3.6017568098078194
6.365 3.711017795052508
6.375 3.8024349756875675
6.385 3.8715273499357545
6.3950000000000005 3.9149243294595184
6.405 3.9305244587335193
6.415 3.9175914603850415
6.425 3.876782389141037
6.435 3.810106291612181
6.445 3.720815531567106
6.455 3.613235590702133
6.465 3.4925424423494347
6.475 3.3644993040620164
6.485 3.2351665437565402
6.495 3.1105996497631754
6.505 2.9965504547372928
6.515 2.8981862680523016
6.525 2.818907734716923
6.535 2.7641891882268546
6.545 2.7347747095971267
6.555 2.7325830235088278
6.565 2.7554792259701584
6.575 2.8024515582066973
6.585 2.8705811301266984
6.595 2.9559180937304212
6.605 3.053686648921473
6.615 3.158530118412941
6.625 3.2647843567467048
6.635 3.3667661687519903
6.6450000000000005 3.4601432712571167
6.655 3.538409472876496
6.665 3.59827599684314
6.675 3.6367539330607443
6.685 3.6520349923767346
6.695 3.6435919313238068
6.705 3.612214452989691
6.715 3.5599789728736626
6.725 3.490154233050198
6.735 3.4070481930754273
6.745 3.315804687258694
6.755 3.222160815222404
6.765 3.1321777796873236
6.775 3.051958821326122
6.785 2.987368013849975
6.795 2.9437630266077006
6.805 2.925753643619325
6.815 2.9361459499484375
6.825 2.9794689151624945
6.835 3.0558001289001453
6.845 3.165188702319707
6.855 3.3063746531395797
6.865 3.4768328603500027
6.875 3.6728638084730507
6.885 3.8897261823140186
6.8950000000000005 4.121805060254268
6.905 4.3628084630368456
6.915 4.607154283912751
6.925 4.846086360054949
6.935 5.073475802571331
6.945 5.282668986897111
6.955 5.467491305179022
6.965 5.622452655060743
6.975 5.742928717128819
6.985 5.8253126363536865
6.995 5.867132706342815
