0.005 0.0
0.015 0.0
0.025 0.0
0.034999999999999996 0.0
0.045 0.0
0.055 0.0
0.065 0.0
0.07500000000000001 0.0
0.085 0.0
0.095 0.0
0.10500000000000001 0.0
0.115 0.0
0.125 0.0
0.135 0.0
0.14500000000000002 0.0
0.155 0.0
0.165 0.0
0.17500000000000002 0.0
0.185 0.0
0.195 0.0
0.20500000000000002 0.0
0.215 0.0
0.225 0.0
0.23500000000000001 0.0
0.245 0.0
0.255 0.0
0.265 0.0
0.275 0.0
0.28500000000000003 0.0
0.295 0.0
0.305 0.0
0.315 0.0
0.325 0.0
0.335 0.0
0.34500000000000003 0.0
0.35500000000000004 0.0
0.365 0.0
0.375 0.0
0.385 0.0
0.395 0.0
0.405 0.0
0.41500000000000004 0.0
0.425 0.0
0.435 0.0
0.445 0.0
0.455 0.0
0.465 0.0
0.47500000000000003 0.0
0.485 0.0
0.495 0.0
0.505 0.0
0.515 0.0
0.525 0.0
0.535 0.0
0.545 0.0
0.555 0.0
0.5650000000000001 0.0
0.5750000000000001 0.0
0.585 0.0
0.595 0.0
0.605 0.0
0.615 0.0
0.625 0.0
0.635 0.0
0.645 0.0
0.655 0.0
0.665 0.0
0.675 0.0
0.685 0.0
0.6950000000000001 0.0
0.7050000000000001 0.0
0.715 0.0
0.725 0.0
0.735 0.0
0.745 0.0
0.755 0.0
0.765 0.0
0.775 0.0
0.785 0.0
0.795 0.0
0.805 0.0
0.8150000000000001 0.0
0.8250000000000001 0.0
0.8350000000000001 0.0
0.845 0.0
0.855 0.0
0.865 0.0
0.875 0.0
0.885 0.0
0.895 0.0
0.905 0.0
0.915 0.0
0.925 0.0
0.935 0.0
0.9450000000000001 0.0
0.9550000000000001 0.0
0.965 0.0
0.975 0.0
0.985 0.0
0.995 0.0
1.005 0.0
1.015 0.0
1.025 0.0
1.035 0.0
1.045 0.0
1.055 0.0
1.065 0.0
1.075 0.0
1.085 0.0
1.095 0.0
1.105 0.0
1.115 0.0
1.125 0.0
1.135 0.0
1.145 0.0
1.155 0.0
1.1649999999999998 0.0
1.1749999999999998 0.0
1.1849999999999998 0.0
1.1949999999999998 0.0
1.2049999999999998 0.0
1.2149999999999999 0.0
1.2249999999999999 0.0
1.2349999999999999 0.0
1.2449999999999999 0.0
1.255 0.0
1.265 0.0
1.275 0.0
1.285 0.0
1.295 0.0
1.305 0.0
1.315 0.0
1.325 0.0
1.335 0.0
1.345 0.0
1.355 0.0
1.365 0.0
1.375 0.0
1.385 0.0
1.395 0.0
1.405 0.0
1.4149999999999998 0.0
1.4249999999999998 0.0
1.4349999999999998 0.0
1.4449999999999998 0.0
1.4549999999999998 0.0
1.4649999999999999 0.0
1.4749999999999999 0.0
1.4849999999999999 0.0
1.4949999999999999 0.0
1.505 0.0
1.515 0.0
1.525 0.0
1.535 0.0
1.545 0.0
1.555 0.0
1.565 0.0
1.575 0.0
1.585 0.0
1.595 0.0
1.605 0.0
1.615 0.0
1.625 0.0
1.635 0.0
1.645 0.0
1.655 0.0
1.665 0.0
1.6749999999999998 0.0
1.6849999999999998 0.0
1.6949999999999998 0.0
1.7049999999999998 0.0
1.7149999999999999 0.0
1.7249999999999999 0.0
1.7349999999999999 0.0
1.7449999999999999 0.0
1.755 0.0
1.765 0.0
1.775 0.0
1.785 0.0
1.795 0.0
1.805 0.0
1.815 0.0
1.825 0.0
1.835 0.0
1.845 0.0
1.855 0.0
1.865 0.0
1.875 0.0
1.885 0.0
1.895 0.0
1.905 0.0
1.915 0.0
1.9249999999999998 0.0
1.9349999999999998 0.0
1.9449999999999998 0.0
1.9549999999999998 0.0
1.9649999999999999 0.0
1.9749999999999999 0.0
1.9849999999999999 0.0
1.9949999999999999 0.0
2.005 0.0
2.015 0.0
2.025 0.0
2.035 0.0
2.045 0.0
2.0549999999999997 0.0
2.065 0.0
2.0749999999999997 0.0
2.085 0.0
2.0949999999999998 0.0
2.105 0.0
2.1149999999999998 0.0
2.125 0.0
2.135 0.0
2.145 0.0
2.155 0.0
2.165 0.0
2.175 0.0
2.185 0.0
2.195 0.0
2.205 0.007704625202369868
2.215 0.011436623847368675
2.225 0.016807426195028334
2.235 0.02445466081559529
2.245 0.035227281469402745
2.255 0.0502404673345907
2.265 0.07093903343583435
2.275 0.09916853972859972
2.285 0.13725229810154171
2.295 0.18807123942388296
2.305 0.2551421457488094
2.315 0.34268814116700164
2.3249999999999997 0.45569367761141005
2.335 0.5999347049186581
2.3449999999999998 0.7819734778354342
2.355 1.0091067616871254
2.3649999999999998 1.2892563060306357
2.375 1.6307916066423276
2.385 2.042277374373214
2.395 2.532141899521241
2.405 3.108267649705796
2.415 3.7775118236380676
2.425 4.5451718840017215
2.435 5.414418810669914
2.445 6.38572828712561
2.455 7.456346471916412
2.465 8.619831571163727
2.475 9.865714308109672
2.485 11.17931890663373
2.495 12.541780931498144
2.505 13.93028915337185
2.515 15.318565821972458
2.525 16.6775840477242
2.535 17.976503520088272
2.545 19.18378795833641
2.555 20.268451121305095
2.565 21.201364550083202
2.5749999999999997 21.95655098151182
2.585 22.512383715909557
2.5949999999999998 22.85261482566196
2.605 22.967164034167446
2.6149999999999998 22.85261482566196
2.625 22.512383715909557
2.635 21.95655098151182
2.645 21.201364550083202
2.655 20.268451121305095
2.665 19.18378795833641
2.675 17.976503520088272
2.685 16.6775840477242
2.695 15.318565821972458
2.705 13.93028915337185
2.715 12.541780931498144
2.725 11.17931890663373
2.735 9.865714308109672
2.745 8.619831571163727
2.755 7.456346471916412
2.765 6.38572828712561
2.775 5.414418810669914
2.785 4.5451718840017215
2.795 3.7775118236380676
2.805 3.108267649705796
2.815 2.532141899521241
2.8249999999999997 2.042277374373214
2.835 1.6307916066423276
2.8449999999999998 1.2892563060306357
2.855 1.0140415119421935
2.8649999999999998 0.7892985431002001
2.875 0.6106997257372491
2.885 0.4713566904806461
2.895 0.36525093061495756
2.905 0.2873207595661105
2.915 0.23350711776279054
2.925 0.20076894736955533
2.935 0.18707752884554146
2.945 0.1913971442901411
2.955 0.2136569523344386
2.965 0.25471626991655905
2.975 0.31632278324341656
2.985 0.40106076238727345
2.995 0.5122843247865203
3.005 0.654029361166768
3.015 0.825758257919636
3.025 1.0445088612961444
3.035 1.3080621742648588
3.045 1.6218164487335789
3.055 1.990820341590037
3.065 2.4194658332616106
3.075 2.9111459058392892
3.085 3.4678915463376097
3.0949999999999998 4.090007426187981
3.105 4.775729732167478
3.1149999999999998 5.520932547291105
3.125 6.318910384297073
3.135 7.160263527034134
3.145 8.032909456994755
3.155 8.922237765910761
3.165 9.811417766824304
3.175 10.681857971249512
3.185 11.513805409210512
3.195 12.287061347442531
3.205 12.981779348582439
3.215 13.579302869804865
3.225 14.062993683729204
3.235 14.419000063767088
3.245 14.636915343424857
3.255 14.71028318690106
3.265 14.636915343424857
3.275 14.419000063767088
3.285 14.062993683729204
3.295 13.579302869804865
3.305 12.981779348582439
3.315 12.287061347442531
3.325 11.513805409210512
3.335 10.681857971249512
3.3449999999999998 9.811417766824304
3.355 8.922237765910761
3.3649999999999998 8.032909456994755
3.375 7.163932405618065
3.385 6.3243564096654685
3.395 5.528936104167431
3.405 4.78737483870894
3.415 4.106782365287348
3.425 3.4918156399578764
3.435 2.9449264848682914
3.445 2.466689068922452
3.455 2.0561787469470123
3.465 1.7113744122232761
3.475 1.4295587467533004
3.485 1.2076941102954082
3.495 1.0462020997395913
3.505 0.9371242883966657
3.515 0.8807349769256071
3.525 0.8757202202954677
3.535 0.9215585093127918
3.545 1.0185310790733029
3.555 1.1676631931882617
3.565 1.3706013549557217
3.575 1.62943347517009
3.585 1.9464610705310217
3.5949999999999998 2.323934599433702
3.605 2.7637650054579024
3.6149999999999998 3.2672262941221226
3.625 3.8346653104486093
3.635 4.46523557196565
3.645 5.156671805548371
3.655 5.905120546749662
3.665 6.701748324346889
3.675 7.547002817903415
3.685 8.427206021533005
3.695 9.33206141471904
3.705 10.249950336112732
3.715 11.168225036114531
3.725 12.073548509417634
3.735 12.952262799779806
3.745 13.790765951309496
3.755 14.575878081896683
3.765 15.29517913496466
3.775 15.93730446264906
3.785 16.492189049156515
3.795 16.951256302768304
3.805 17.30755227767218
3.815 17.555830316820924
3.825 17.692593942991977
3.835 17.716107072339614
3.8449999999999998 17.62638022807435
3.855 17.425139583588592
3.8649999999999998 17.11578277266787
3.875 16.70332202955094
3.885 16.194311987888323
3.895 15.596756966557415
3.905 14.91999126937985
3.915 14.174526198152888
3.925 13.371859163416142
3.935 12.524243278165137
3.945 11.64441973689621
3.955 10.745319577446994
3.965 9.839745500798287
3.975 8.940047719847291
3.985 8.057809867813084
3.995 7.20356153571438
4.005 6.386532943226616
4.015 5.614464698330687
4.025 4.893481864967621
4.035 4.228037058042368
4.045 3.6209225099538562
4.055 3.07334648988833
4.065 2.585065533785407
4.075 2.154560981014697
4.085 1.779246502763156
4.095 1.4556926967912254
4.1049999999999995 1.1798553350925183
4.115 0.9472953036956965
4.125 0.7533804173421289
4.135 0.5934618447112133
4.145 0.4630205647085146
4.155 0.3577818461847162
4.165 0.2737980100981688
4.175 0.20750156539675926
4.185 0.1532850859794653
4.195 0.11412558839913971
4.205 0.0841246388252039
4.215 0.06139322546653651
4.225 0.044358284727887685
4.235 0.03173117051112916
4.245 0.022472660795338936
4.255 0.015757232947926088
4.265 0.010938618339554439
4.275 0.007517995109562073
4.285 0.005115624555284488
4.295 0.0034462941511865263
4.305 0.0
4.315 0.0
4.325 0.0
4.335 0.0
4.345 0.0
4.355 0.0
4.365 0.0
4.375 0.0022930873313806804
4.385 0.0034038225831025076
4.395 0.005002306415772238
4.405 0.007278312888238152
4.415 0.010484511671200038
4.425 0.014952807715053893
4.435 0.021113213764384894
4.445 0.029515014183068507
4.455 0.040849684145923354
4.465 0.05597466005060392
4.475 0.07593662335942288
4.485 0.10199248042367291
4.495 0.13562572762132302
4.505 0.1785554307147126
4.515 0.23273467928700478
4.525 0.3003351714660404
4.535 0.3837146161700573
4.545 0.48536398268448133
4.555 0.6078323411371308
4.565 0.7536281595196052
4.575 0.9250974554723835
4.585 1.1242811012092822
4.595 1.35275575286208
4.605 1.6114651725975548
4.615 1.90055093560462
4.625 2.219193430444528
4.635 2.565475419672709
4.645 2.9362809871645417
4.655 3.3272422583750343
4.665 3.7327447100378186
4.675 4.145999155188136
4.685 4.559184684347975
4.695 4.963662176079592
4.705 5.350252789941714
4.715 5.709570547523004
4.725 6.032393175813053
4.735 6.310051323823676
4.745 6.534813514488953
4.755 6.700243106212907
4.765 6.801504313218128
4.775 6.83559699546344
4.785 6.801504313218128
4.795 6.700243106212907
4.805 6.534813514488953
4.815 6.310051323823676
4.825 6.032393175813053
4.835 5.709570547523004
4.845 5.350252789941714
4.855 4.963662176079592
4.865 4.559184684347975
4.875 4.145999155188136
4.885 3.7327447100378186
4.895 3.3272422583750343
4.905 2.9362809871645417
4.915 2.565475419672709
4.925 2.221037291339099
4.935 1.9032879335667783
4.945 1.6154875040004977
4.955 1.3586082105201112
4.965 1.1327116484477762
4.975 0.9371209388489299
4.985 0.7706051968465804
4.995 0.6315652272379386
5.005 0.51821102436557
5.015 0.4287235808709617
5.025 0.3613954583387118
5.035 0.31474636005463535
5.045 0.2876114496619279
5.055 0.2792013218442765
5.065 0.28913335729965634
5.075 0.3174347426643784
5.085 0.36451780437351156
5.095 0.43112861293238736
5.105 0.5182701823533843
5.115 0.6271021237239991
5.125 0.7588193837801946
5.135 0.9162203356006029
5.145 1.0975561960318463
5.155 1.304496886427557
5.165 1.5370448140390487
5.175 1.794539205289502
5.185 2.0740153338821257
5.195 2.376763177119379
5.205 2.697386258008694
5.215 3.031884586162244
5.225 3.3754371441205264
5.235 3.7225341544047366
5.245 4.067164376334967
5.255 4.403051220474425
5.265 4.723926858271532
5.275 5.0238292652293115
5.285 5.29902144711043
5.295 5.542589394891982
5.305 5.752389533369779
5.315 5.926564425321528
5.325 6.064746821835435
5.335 6.168099233999113
5.345 6.239261557733721
5.355 6.282207108502257
5.365 6.302014525621227
5.375 6.304569754164278
5.385 6.296218068246729
5.395 6.283390297485386
5.405 6.272229627079611
5.415 6.268245312524184
5.425 6.276017347483556
5.435 6.298971735679109
5.445 6.339239941057634
5.455 6.397608893035383
5.465 6.473560289369269
5.475 6.565390599443962
5.485 6.6703968285992286
5.495 6.785108360933178
5.505 6.905542489460025
5.515 7.027460791358014
5.525 7.146605297514192
5.535 7.258897188338778
5.545 7.3605860614300855
5.555 7.448344042773865
5.565 7.519305445248284
5.575 7.571058602035761
5.585 7.601601277901081
5.595 7.609274195216731
5.605 7.592688413993846
5.615 7.550661519683244
5.625 7.483615279954625
5.635 7.389934501701562
5.645 7.267795285188931
5.655 7.117886920125652
5.665 6.94030928606362
5.675 6.735639999615739
5.685 6.5050494498441385
5.695 6.2504076927934555
5.705 5.9743702728906465
5.715 5.680431991590682
5.725 5.3729406500045656
5.735 5.055836598372042
5.745 4.737914080087515
5.755 4.423934872648622
5.765 4.120962054456385
5.775 3.8363371076884225
5.785 3.5774788538362934
5.795 3.351668742395102
5.805 3.165830084415196
5.815 3.0263076358143017
5.825 2.9386526912637922
5.835 2.9074178649696236
5.845 2.9359652510578718
5.855 3.026291798816595
5.865 3.1788764933630094
5.875 3.3925551467985295
5.885 3.6644300046360074
5.895 3.9898226017865444
5.905 4.362278977534805
5.915 4.773636126648819
5.925 5.2141571607459785
5.935 5.672739956059305
5.945 6.136061854840053
5.955 6.5938724935351445
5.965 7.031291599404825
5.975 7.435272876197001
5.985 7.793384904488119
5.995 8.094297682182077
6.005 8.328241489143448
6.015 8.487411022157243
6.025 8.566289643566801
6.035 8.561872682175846
6.045 8.473774742663144
6.055 8.304213431728726
6.065 8.057870146074269
6.075 7.741636849730061
6.085 7.364265349045478
6.095 6.934862791171806
6.105 6.467100835284903
6.115 5.971030517262707
6.125 5.458292983813378
6.135 4.940060707360518
6.1450000000000005 4.426654358718396
6.155 3.927234356116447
6.165 3.44957741990709
6.175 2.9999418734891563
6.185 2.5830192437711217
6.195 2.201964402468884
6.205 1.8584923923570078
6.215 1.5530273872003397
6.225 1.2848879749111655
6.235 1.0524930293390837
6.245 0.8535736396056031
6.255 0.6853786199974827
6.265 0.5448637198928996
6.275 0.43003093891718924
6.285 0.3359414008011614
6.295 0.2604094513986106
6.305 0.20185513555792606
6.315 0.1560588459743813
6.325 0.12173500679281452
6.335 0.09719194485270818
6.345 0.08112071579237445
6.355 0.07259921914086484
6.365 0.07109051137942116
6.375 0.07643769600146227
6.385 0.08885677679697694
6.3950000000000005 0.10892781140469834
6.405 0.13758367397962656
6.415 0.1760948014732824
6.425 0.22604752721766935
6.435 0.2883524178967516
6.445 0.36641214288971646
6.455 0.46336797111056194
6.465 0.5802637864539406
6.475 0.7195634583678419
6.485 0.883604169717678
6.495 1.0744649562253374
6.505 1.2938185911095323
6.515 1.542772582145394
6.525 1.821707131067351
6.535 2.1301197653810138
6.545 2.4664877667829463
6.555 2.8281602670492987
6.565 3.2112917679136364
6.575 3.6108277278736383
6.585 4.02162229314122
6.595 4.434782900718819
6.605 4.842949658566095
6.615 5.238513240595086
6.625 5.610866772505199
6.635 5.951854242457238
6.6450000000000005 6.253048589508737
6.655 6.506853520046023
6.665 6.706875852286187
6.675 6.848260828267838
6.685 6.927969483386251
6.695 6.944980144797144
6.705 6.900400484047159
6.715 6.797481919661844
6.725 6.641534099710306
6.735 6.439743194129559
6.745 6.200903302786244
6.755 5.935075011687516
6.765 5.653188687406512
6.775 5.3666123061053135
6.785 5.0867044330102935
6.795 4.8243725033194425
6.805 4.58965502013748
6.815 4.391343964606483
6.825 4.23666091868843
6.835 4.130997422439633
6.845 4.077727157019036
6.855 4.078094810652005
6.865 4.13118400408423
6.875 4.233964398258606
6.885 4.381415993803868
6.8950000000000005 4.567889520685865
6.905 4.783282169710328
6.915 5.018895491752706
6.925 5.265618563210337
6.935 5.51098951690062
6.945 5.7452117936660905
6.955 5.95819714102114
6.965 6.140772923602805
6.975 6.285073013224135
6.985 6.38487666369901
6.995 6.435878904252392
