0.005 0.0
0.015 0.0
0.025 0.0
0.034999999999999996 0.0
0.045 0.0
0.055 0.0
0.065 0.0
0.07500000000000001 0.0
0.085 0.0
0.095 0.0
0.10500000000000001 0.0
0.115 0.0
0.125 0.0
0.135 0.0
0.14500000000000002 0.0
0.155 0.0
0.165 0.0
0.17500000000000002 0.0
0.185 0.0
0.195 0.0
0.20500000000000002 0.0
0.215 0.0
0.225 0.0
0.23500000000000001 0.0
0.245 0.0
0.255 0.0
0.265 0.0
0.275 0.0
0.28500000000000003 0.0
0.295 0.0
0.305 0.0
0.315 0.0
0.325 0.0
0.335 0.0
0.34500000000000003 0.0
0.35500000000000004 0.0
0.365 0.0
0.375 0.0
0.385 0.0
0.395 0.0
0.405 0.0
0.41500000000000004 0.0
0.425 0.0
0.435 0.0
0.445 0.0
0.455 0.0
0.465 0.0
0.47500000000000003 0.0
0.485 0.0
0.495 0.0
0.505 0.0
0.515 0.0
0.525 0.0
0.535 0.0
0.545 0.0
0.555 0.0
0.5650000000000001 0.0
0.5750000000000001 0.0
0.585 0.0
0.595 0.0
0.605 0.0
0.615 0.0
0.625 0.0
0.635 0.0
0.645 0.0
0.655 0.0
0.665 0.0
0.675 0.0
0.685 0.0
0.6950000000000001 0.0
0.7050000000000001 0.0
0.715 0.0
0.725 0.0
0.735 0.0
0.745 0.0
0.755 0.0
0.765 0.0
0.775 0.0
0.785 0.0
0.795 0.0
0.805 0.0
0.8150000000000001 0.0
0.8250000000000001 0.0
0.8350000000000001 0.0
0.845 0.0
0.855 0.0
0.865 0.0
0.875 0.0
0.885 0.0
0.895 0.0
0.905 0.0
0.915 0.0
0.925 0.0
0.935 0.0
0.9450000000000001 0.0
0.9550000000000001 0.0
0.965 0.0
0.975 0.0
0.985 0.0
0.995 0.0
1.005 0.0
1.015 0.0
1.025 0.0
1.035 0.0
1.045 0.0
1.055 0.0
1.065 0.0
1.075 0.0
1.085 0.0
1.095 0.0
1.105 0.0
1.115 0.0
1.125 0.0
1.135 0.0
1.145 0.0
1.155 0.0
1.1649999999999998 0.0
1.1749999999999998 0.0
1.1849999999999998 0.0
1.1949999999999998 0.0
1.2049999999999998 0.0
1.2149999999999999 0.0
1.2249999999999999 0.0
1.2349999999999999 0.0
1.2449999999999999 0.0
1.255 0.0
1.265 0.0
1.275 0.0
1.285 0.0
1.295 0.0
1.305 0.0
1.315 0.01777616309851451
1.325 0.026386655478666657
1.335 0.038778206786381976
1.345 0.056421957948475036
1.355 0.0812766207919843
1.365 0.1159151442189
1.375 0.16367101517390967
1.385 0.22880232200196748
1.395 0.31666942552227906
1.405 0.43391922881730627
1.4149999999999998 0.5886656750987362
1.4249999999999998 0.7906523846789645
1.4349999999999998 1.0513795185897796
1.4449999999999998 1.3841733871509976
1.4549999999999998 1.8041744686606749
1.4649999999999999 2.3282179091653394
1.4749999999999999 2.974580822534956
1.4849999999999999 3.7625733657291636
1.4949999999999999 4.711956097241112
1.505 5.842174825146165
1.515 7.171416031763789
1.525 8.715500692091119
1.535 10.486651147669726
1.545 12.492183504595204
1.555 14.73319526299953
1.565 17.203332741357716
1.575 19.88773338949696
1.585 22.76224242165112
1.595 25.79299978842606
1.605 28.936481337933817
1.615 32.14005684840295
1.625 35.34309811760264
1.635 38.478634110630054
1.645 41.47550985553689
1.655 44.26096463327172
1.665 46.76350677976721
1.6749999999999998 48.91593091866667
1.6849999999999998 50.65830213365207
1.6949999999999998 51.9407231577284
1.7049999999999998 52.72570666299832
1.7149999999999999 52.989995367473256
1.7249999999999999 52.72570666299832
1.7349999999999999 51.9407231577284
1.7449999999999999 50.65830213365207
1.755 48.91593091866667
1.765 46.76350677976721
1.775 44.26096463327172
1.785 41.47550985553689
1.795 38.478634110630054
1.805 35.34309811760264
1.815 32.14005684840295
1.825 28.936481337933817
1.835 25.79299978842606
1.845 22.76224242165112
1.855 19.88773338949696
1.865 17.203332741357716
1.875 14.73319526299953
1.885 12.492183504595204
1.895 10.486651147669726
1.905 8.715500692091119
1.915 7.171416031763789
1.9249999999999998 5.842174825146165
1.9349999999999998 4.711956097241112
1.9449999999999998 3.7625733657291636
1.9549999999999998 2.974580822534956
1.9649999999999999 2.3282179091653394
1.9749999999999999 1.8041744686606749
1.9849999999999999 1.3841733871509976
1.9949999999999999 1.0513795185897796
2.005 0.7906523846789645
2.015 0.5886656750987362
2.025 0.43391922881730627
2.035 0.31666942552227906
2.045 0.22880232200196748
2.0549999999999997 0.16367101517390967
2.065 0.1159151442189
2.0749999999999997 0.0812766207919843
2.085 0.056421957948475036
2.0949999999999998 0.038778206786381976
2.105 0.026386655478666657
2.1149999999999998 0.01777616309851451
2.125 0.0
2.135 0.0
2.145 0.0
2.155 0.0
2.165 0.0
2.175 0.0
2.185 0.0
2.195 0.0
2.205 0.0
2.215 0.0
2.225 0.0
2.235 0.0
2.245 0.0
2.255 0.0
2.265 0.0
2.275 0.0
2.285 0.0
2.295 0.0
2.305 0.0
2.315 0.0
2.3249999999999997 0.0
2.335 0.0
2.3449999999999998 0.0
2.355 0.0
2.3649999999999998 0.0
2.375 0.0
2.385 0.0
2.395 0.0
2.405 0.0
2.415 0.0
2.425 0.0
2.435 0.0
2.445 0.0
2.455 0.0
2.465 0.0
2.475 0.0
2.485 0.0
2.495 0.0
2.505 0.0
2.515 0.0
2.525 0.0
2.535 0.0
2.545 0.0
2.555 0.0
2.565 0.0
2.5749999999999997 0.0
2.585 0.0
2.5949999999999998 0.0
2.605 0.0
2.6149999999999998 0.0
2.625 0.0
2.635 0.0
2.645 0.0
2.655 0.0
2.665 0.0
2.675 0.0
2.685 0.0
2.695 0.0
2.705 0.0
2.715 0.0
2.725 0.0
2.735 0.0
2.745 0.0
2.755 0.0
2.765 0.0
2.775 0.0
2.785 0.0
2.795 0.0
2.805 0.0
2.815 0.0
2.8249999999999997 0.0
2.835 0.0
2.8449999999999998 0.0
2.855 0.0
2.8649999999999998 0.0
2.875 0.0
2.885 0.0
2.895 0.0
2.905 0.0
2.915 0.0
2.925 0.0
2.935 0.0
2.945 0.0
2.955 0.0
2.965 0.0
2.975 0.0
2.985 0.0
2.995 0.0
3.005 0.0
3.015 0.0
3.025 0.0
3.035 0.0
3.045 0.0
3.055 0.0
3.065 0.0
3.075 0.0
3.085 0.0
3.0949999999999998 0.0
3.105 0.004255897564580168
3.1149999999999998 0.006317387063041618
3.125 0.009284122501932977
3.135 0.013508318532576134
3.145 0.019458922072717585
3.155 0.027751938213280716
3.165 0.039185457008392065
3.175 0.054778932865430015
3.185 0.07581572183987734
3.195 0.10388719876801769
3.205 0.14093597134097013
3.215 0.1892948179951107
3.225 0.25171706109006364
3.235 0.3313932323125958
3.245 0.4319482041595545
3.255 0.5574125796728726
3.265 0.712162192038579
3.275 0.9008202014696362
3.285 1.1281176015049572
3.295 1.39871002940274
3.305 1.7169516197072467
3.315 2.0866301667015548
3.325 2.5106718943020376
3.335 2.9908283952422847
3.3449999999999998 3.5273624285953824
3.355 4.118752821452507
3.3649999999999998 4.761441241752157
3.375 5.449644647712743
3.385 6.175256402319605
3.395 6.927856127958416
3.405 7.694843308341205
3.415 8.461702582825243
3.425 9.212400015247763
3.435 9.929899968044902
3.445 10.596782362131423
3.455 11.195930950468771
3.465 11.711255691804615
3.475 12.128407209224626
3.485 12.435439299495497
3.495 12.623376897153625
3.505 12.686651837166687
3.515 12.623376897153625
3.525 12.435439299495497
3.535 12.128407209224626
3.545 11.711255691804615
3.555 11.195930950468771
3.565 10.596782362131423
3.575 9.929899968044902
3.585 9.212400015247763
3.5949999999999998 8.464978506023657
3.605 7.699706036947601
3.6149999999999998 6.935002463559657
3.625 6.185654259265392
3.635 5.464622906297881
3.645 4.782802944381106
3.655 4.148915330231521
3.665 3.569527817737193
3.675 3.0491865860142546
3.685 2.5906377485779344
3.695 2.195113843998988
3.705 1.8626589061726457
3.715 1.5924660461650455
3.725 1.3832033410126976
3.735 1.2363647064459822
3.745 1.1457624840569083
3.755 1.1122610152550667
3.765 1.1350488240459962
3.775 1.2137286366082072
3.785 1.3482960656129828
3.795 1.5390512039269528
3.805 1.7864516016654848
3.815 2.0909184480072835
3.825 2.452610629233741
3.835 2.871183551369464
3.8449999999999998 3.345551030866417
3.855 3.8736689851696813
3.8649999999999998 4.452358924959643
3.875 5.080048089846377
3.885 5.746659548993985
3.895 6.447252905149447
3.905 7.173861418266468
3.915 7.914757951038454
3.925 8.667038989293937
3.935 9.416704666845776
3.945 10.153986774993976
3.955 10.86946537490059
3.965 11.554423465577765
3.975 12.201160237306576
3.985 12.803242401842029
3.995 13.355678089280099
4.005 13.855004236642497
4.015 14.299285582732665
4.025 14.688030544539028
4.035 15.022035600449613
4.045 15.303174669408499
4.055 15.534152876989179
4.065 15.718244828267164
4.075 15.859036144401575
4.085 15.960183921249843
4.095 16.02520750690457
4.1049999999999995 16.057316268123692
4.115 16.059276534630172
4.125 16.033316289270154
4.135 15.981063833921844
4.145 15.903515776625808
4.155 15.80103015544618
4.165 15.673341997699675
4.175 15.519600594380885
4.185 15.338429657356812
4.195 15.128012762152505
4.205 14.886206637294377
4.215 14.61313857380506
4.225 14.302747025648683
4.235 13.95466048476019
4.245 13.567315057538636
4.255 13.139821527160684
4.265 12.672187291515844
4.275 12.16551423675744
4.285 11.622156184317548
4.295 11.045821221604452
4.305 10.441607553276983
4.315 9.815966140664997
4.325 9.176588801885623
4.335 8.532225996571844
4.345 7.892443584456174
4.355 7.267331880503373
4.365 6.667182946034939
4.375 6.10215307848716
4.385 5.581926936830438
4.395 5.115397911356147
4.405 4.708191648906827
4.415 4.3741485329356635
4.425 4.111604430249186
4.435 3.925484704395905
4.445 3.8174000116660536
4.455 3.7870968534605867
4.465 3.832451828327749
4.475 3.9495145190505694
4.485 4.132600285600491
4.495 4.374434511021498
4.505 4.666349556007607
4.515 4.998534524297235
4.525 5.36033577064832
4.535 5.740602919520851
4.545 6.1260317034562775
4.555 6.510419943177094
4.565 6.8805360623591945
4.575 7.227273161656033
4.585 7.542953325503947
4.595 7.821624645537068
4.605 8.059271340966445
4.615 8.253919104305195
4.625 8.405623788710068
4.635 8.51633924631053
4.645 8.589668914349451
4.655 8.63051484902755
4.665 8.646684479180026
4.675 8.64124353599183
4.685 8.619809271525273
4.695 8.592463517047559
4.705 8.561096435517987
4.715 8.529152483734563
4.725 8.498570870185748
4.735 8.469716204478631
4.745 8.441444180430755
4.755 8.411296756255577
4.765 8.375810493045067
4.775 8.33091229344152
4.785 8.272369567170898
4.795 8.19625744799518
4.805 8.099404441042886
4.815 7.979779843023626
4.825 7.836791217066947
4.835 7.671467632083674
4.845 7.486513609545409
4.855 7.286228948960399
4.865 7.076299971583423
4.875 6.863477406328542
4.885 6.655164419034654
4.895 6.458944586050178
4.905 6.2820835526926855
4.915 6.1310395148120245
4.925 6.0110165323384965
4.935 5.925591219152384
4.945 5.876437892396483
4.955 5.863170255678105
4.965 5.883309656687327
4.975 5.932381459542302
4.985 6.004132668153695
4.995 6.0908561654854205
5.005 6.183800278655216
5.015 6.273637248846022
5.025 6.349323563343705
5.035 6.405701237372967
5.045 6.432287551740975
5.055 6.422317656567264
5.065 6.370618232790476
5.075 6.2738357925320685
5.085 6.1305553703737425
5.095 5.9413076256649155
5.105 5.708469670425793
5.115 5.436071556060203
5.125 5.129525812591246
5.135 4.795301362266818
5.145 4.440565292689658
5.155 4.07281630127101
5.165 3.6995322033251132
5.175 3.3278509679432013
5.185 2.964300662696265
5.195 2.614588878868872
5.205 2.2834571298106985
5.215 1.9746008037149227
5.225 1.6907991832631177
5.235 1.434669736564784
5.245 1.2058892558778986
5.255 1.0044686674048962
5.265 0.8297512634767624
5.275 0.6805749391461959
5.285 0.5554357072744291
5.295 0.4526443261790852
5.305 0.3704696381477095
5.315 0.30726399335155463
5.325 0.2615677524111079
5.335 0.232191204015622
5.345 0.21827324067448922
5.355 0.21931680115880725
5.365 0.23520145733622616
5.375 0.2661736793772278
5.385 0.31281536485268346
5.395 0.37599128133113247
5.405 0.45677625931844384
5.415 0.5563633717577835
5.425 0.6759550023374925
5.435 0.8166396478286552
5.445 0.9792584800881506
5.455 1.1642670214152047
5.465 1.3715986277479508
5.475 1.5991783467242366
5.485 1.8487134487290118
5.495 2.1159205457953316
5.505 2.3976520932802954
5.515 2.6898621959899183
5.525 2.9876584814807
5.535 3.2854051052528574
5.545 3.576876609106835
5.555 3.855458606626221
5.565 4.114387445200877
5.575 4.347017440365671
5.585 4.547101350131571
5.595 4.709067776105632
5.605 4.82827839441545
5.615 4.90124847777293
5.625 4.925816088004875
5.635 4.90124847777293
5.645 4.82827839441545
5.655 4.710493840418663
5.665 4.549218177453071
5.675 4.350128360113364
5.685 4.118913806725336
5.695 3.8619788938081525
5.705 3.5861757165460655
5.715 3.2985353512189572
5.725 3.006013782584615
5.735 2.715266495233941
5.745 2.432462570857756
5.755 2.1631453100435016
5.765 1.9121422743734744
5.775 1.6835235905545805
5.785 1.4806037084196255
5.795 1.3059788337884266
5.805 1.161590161564654
5.815 1.0488019231980485
5.825 0.9684831584726166
5.835 0.9210829686652733
5.845 0.9066906848290854
5.855 0.9250747190341586
5.865 0.9756966505605883
5.875 1.0577001056594684
5.885 1.171200584140984
5.895 1.3125810673669638
5.905 1.4807308928842102
5.915 1.6731598558088048
5.925 1.886837241136306
5.935 2.118169234451146
5.945 2.3630066468407507
5.955 2.6166901052888276
5.965 2.8741370583188686
5.975 3.1299714995536503
5.985 3.378693472158033
5.995 3.6148814939895826
6.005 3.833417379266014
6.015 4.029719874480509
6.025 4.1999713921766055
6.035 4.340219041298278
6.045 4.451320806309974
6.055 4.531196302029048
6.065 4.580684515725164
6.075 4.601865737895433
6.085 4.597959899219451
6.095 4.573152379129579
6.105 4.532356172964835
6.115 4.480924215709248
6.125 4.424329670486226
6.135 4.367834751399609
6.1450000000000005 4.316169916243611
6.155 4.273244911156135
6.165 4.241911185676096
6.175 4.223791763615831
6.185 4.219190012177082
6.195 4.227083254784526
6.205 4.245201244920291
6.215 4.270183613848342
6.225 4.298996205390198
6.235 4.325020068612495
6.245 4.3440306908237645
6.255 4.351077023706651
6.265 4.341594493643232
6.275 4.3116950292351275
6.285 4.259581257479273
6.295 4.181618398788308
6.305 4.078019432215547
6.315 3.949509202642518
6.325 3.7980853881753482
6.335 3.6269350169611716
6.345 3.4402962309706653
6.355 3.24327729233125
6.365 3.0416462357564713
6.375 2.841604743058628
6.385 2.6495588554171436
6.3950000000000005 2.471897256735102
6.405 2.314785348806769
6.415 2.1839805338046117
6.425 2.0846713661901255
6.435 2.021340847047679
6.445 1.9976523557746126
6.455 2.016355702729098
6.465 2.0782594404816646
6.475 2.1862972685600104
6.485 2.338699337862498
6.495 2.533978163844282
6.505 2.7694910886362463
6.515 3.041448796889404
6.525 3.344948702570858
6.535 3.6740384152293615
6.545 4.02181401677115
6.555 4.380556560630317
6.565 4.741908108137697
6.575 5.09708590188389
6.585 5.437130183830655
6.595 5.753177994301916
6.605 6.0367523600006745
6.615 6.280053909835441
6.625 6.476240419736209
6.635 6.6196792834477005
6.6450000000000005 6.706158543215041
6.655 6.733043893252745
6.665 6.699371882277962
6.675 6.605873182488473
6.685 6.454923975154923
6.695 6.2495450793217335
6.705 5.997052215489532
6.715 5.7025283653697105
6.725 5.3732090594904065
6.735 5.016866214448077
6.745 4.641507326452041
6.755 4.255082431999566
6.765 3.8652134476578452
6.775 3.4789581948033517
6.785 3.102618435464441
6.795 2.7415978662468308
6.805 2.400312525661591
6.815 2.0821527386948526
6.825 1.7894927859418093
6.835 1.5237421221437062
6.845 1.285430293201106
6.855 1.074316754929385
6.865 0.8895165588562038
6.875 0.7296332627804487
6.885 0.592891328016049
6.8950000000000005 0.477261537823719
6.905 0.380574460753746
6.915 0.3017884860079599
6.925 0.23695756596398568
6.935 0.18486258897639585
6.945 0.14367652855833152
6.955 0.11178164701418516
6.965 0.0877938467368594
6.975 0.07176806498792382
6.985 0.061016680912423675
6.995 0.055779812100775546
