0.005 0.0
0.015 0.0
0.025 0.0
0.034999999999999996 0.0
0.045 0.0
0.055 0.0
0.065 0.0
0.07500000000000001 0.0
0.085 0.0
0.095 0.0
0.10500000000000001 0.0
0.115 0.0
0.125 0.0
0.135 0.0
0.14500000000000002 0.0
0.155 0.0
0.165 0.0
0.17500000000000002 0.0
0.185 0.0
0.195 0.0
0.20500000000000002 0.0
0.215 0.0
0.225 0.0
0.23500000000000001 0.0
0.245 0.0
0.255 0.0
0.265 0.0
0.275 0.0
0.28500000000000003 0.0
0.295 0.0
0.305 0.0
0.315 0.0
0.325 0.0
0.335 0.0
0.34500000000000003 0.0
0.35500000000000004 0.0
0.365 0.0
0.375 0.0
0.385 0.0
0.395 0.0
0.405 0.0
0.41500000000000004 0.0
0.425 0.0
0.435 0.0
0.445 0.0
0.455 0.0
0.465 0.0
0.47500000000000003 0.0
0.485 0.0
0.495 0.0
0.505 0.0
0.515 0.0
0.525 0.0
0.535 0.0
0.545 0.0
0.555 0.0
0.5650000000000001 0.0
0.5750000000000001 0.0
0.585 0.0
0.595 0.0
0.605 0.0
0.615 0.0
0.625 0.0
0.635 0.0
0.645 0.0
0.655 0.0
0.665 0.0
0.675 0.0
0.685 0.0
0.6950000000000001 0.0
0.7050000000000001 0.0
0.715 0.0
0.725 0.0
0.735 0.0
0.745 0.0
0.755 0.0
0.765 0.0
0.775 0.0
0.785 0.0
0.795 0.0
0.805 0.0
0.8150000000000001 0.0
0.8250000000000001 0.0
0.8350000000000001 0.0
0.845 0.0
0.855 0.0
0.865 0.0
0.875 0.0
0.885 0.0
0.895 0.0
0.905 0.0
0.915 0.0
0.925 0.0
0.935 0.0
0.9450000000000001 0.0
0.9550000000000001 0.0
0.965 0.0
0.975 0.0
0.985 0.0
0.995 0.0
1.005 0.0
1.015 0.0
1.025 0.0
1.035 0.0
1.045 0.0
1.055 0.0
1.065 0.0
1.075 0.0
1.085 0.0
1.095 0.0
1.105 0.0
1.115 0.0
1.125 0.0
1.135 0.0
1.145 0.0
1.155 0.0
1.1649999999999998 0.0
1.1749999999999998 0.0
1.1849999999999998 0.0
1.1949999999999998 0.0
1.2049999999999998 0.0
1.2149999999999999 0.0
1.2249999999999999 0.0
1.2349999999999999 0.0
1.2449999999999999 0.0
1.255 0.0
1.265 0.0
1.275 0.0
1.285 0.0
1.295 0.0
1.305 0.0
1.315 0.0
1.325 0.0
1.335 0.0
1.345 0.0
1.355 0.0
1.365 0.0
1.375 0.0
1.385 0.0
1.395 0.0
1.405 0.0
1.4149999999999998 0.0
1.4249999999999998 0.0
1.4349999999999998 0.0
1.4449999999999998 0.0
1.4549999999999998 0.0
1.4649999999999999 0.0
1.4749999999999999 0.0
1.4849999999999999 0.0
1.4949999999999999 0.0
1.505 0.0
1.515 0.0
1.525 0.0
1.535 0.0
1.545 0.0
1.555 0.0
1.565 0.0
1.575 0.0
1.585 0.0
1.595 0.0
1.605 0.01300582336235686
1.615 0.019305638588992396
1.625 0.02837184295495005
1.635 0.04128078791634822
1.645 0.059465553260936506
1.655 0.08480862165689267
1.665 0.11974891888044074
1.6749999999999998 0.16740184978969727
1.6849999999999998 0.2316892903028075
1.6949999999999998 0.3174744072864407
1.7049999999999998 0.4306937187393666
1.7149999999999999 0.5784760861594569
1.7249999999999999 0.7692355335511719
1.7349999999999999 1.0127221761182794
1.7449999999999999 1.320013454210242
1.755 1.703426701694171
1.765 2.1763342595667754
1.775 2.75286428861982
1.785 3.4474744832319573
1.795 4.274392252522067
1.805 5.246923627455255
1.815 6.376643929718922
1.825 7.672495562366138
1.835 9.13983131064377
1.845 10.779454153956173
1.855 12.586715459234636
1.865 14.550741130579473
1.875 16.65385846352184
1.885 18.87129395553365
1.895 21.17120342132507
1.905 23.51508027406477
1.915 25.858566252376466
1.9249999999999998 28.152662399313513
1.9349999999999998 30.34530860542574
1.9449999999999998 32.38326992600338
1.9549999999999998 34.21423991282206
1.9649999999999999 35.78904815441266
1.9749999999999999 37.06384362788854
1.9849999999999999 38.00211929642712
1.9949999999999999 38.57644778088828
2.005 38.769813030071575
2.015 38.57644778088828
2.025 38.00211929642712
2.035 37.06384362788854
2.045 35.78904815441266
2.0549999999999997 34.21423991282206
2.065 32.38326992600338
2.0749999999999997 30.34530860542574
2.085 28.152662399313513
2.0949999999999998 25.858566252376466
2.105 23.51508027406477
2.1149999999999998 21.17120342132507
2.125 18.87129395553365
2.135 16.65385846352184
2.145 14.550741130579473
2.155 12.586715459234636
2.165 10.779454153956173
2.175 9.13983131064377
2.185 7.672495562366138
2.195 6.376643929718922
2.205 5.246923627455255
2.215 4.274392252522067
2.225 3.4474744832319573
2.235 2.75286428861982
2.245 2.1763342595667754
2.255 1.703426701694171
2.265 1.320013454210242
2.275 1.0127221761182794
2.285 0.7692355335511719
2.295 0.5784760861594569
2.305 0.4306937187393666
2.315 0.3174744072864407
2.3249999999999997 0.2316892903028075
2.335 0.16740184978969727
2.3449999999999998 0.11974891888044074
2.355 0.08480862165689267
2.3649999999999998 0.059465553260936506
2.375 0.04128078791634822
2.385 0.02837184295495005
2.395 0.019305638588992396
2.405 0.01300582336235686
2.415 0.0
2.425 0.0
2.435 0.0
2.445 0.0
2.455 0.0
2.465 0.0
2.475 0.0
2.485 0.0
2.495 0.0
2.505 0.006195477773218882
2.515 0.009196469261768012
2.525 0.013515262933787547
2.535 0.01966459153496848
2.545 0.028327119570654598
2.555 0.040399589923185916
2.565 0.05704381373024563
2.5749999999999997 0.07974385094061823
2.585 0.11036793353033661
2.5949999999999998 0.15123268855102673
2.605 0.2051660465601759
2.6149999999999998 0.27556392504242816
2.625 0.36643444384153306
2.635 0.4824221856454351
2.645 0.6288040201729629
2.655 0.8114474550837911
2.665 1.0367225631609165
2.675 1.3113594608854824
2.685 1.6422452419600064
2.695 2.036157300980022
2.705 2.499434123160751
2.715 3.037589749884587
2.725 3.654884000604009
2.735 4.353866737876565
2.745 5.134920470438032
2.755 5.995830766948641
2.765 6.93141762322309
2.775 7.933262437479787
2.785 8.989564058803381
2.795 10.085153132922894
2.805 11.201686591799541
2.815 12.318033853019699
2.8249999999999997 13.410853683951183
2.835 14.455346635763751
2.8449999999999998 15.426153612956968
2.855 16.29835782031215
2.8649999999999998 17.04853635080762
2.875 17.655800251083182
2.885 18.102758962394592
2.895 18.37634712831605
2.905 18.468458951616324
2.915 18.37634712831605
2.925 18.102758962394592
2.935 17.655800251083182
2.945 17.04853635080762
2.955 16.29835782031215
2.965 15.426153612956968
2.975 14.455346635763751
2.985 13.410853683951183
2.995 12.318033853019699
3.005 11.201686591799541
3.015 10.085153132922894
3.025 8.989564058803381
3.035 7.933262437479787
3.045 6.93141762322309
3.055 5.995830766948641
3.065 5.134920470438032
3.075 4.353866737876565
3.085 3.654884000604009
3.0949999999999998 3.037589749884587
3.105 2.499434123160751
3.1149999999999998 2.036157300980022
3.125 1.6422452419600064
3.135 1.3113594608854824
3.145 1.0367225631609165
3.155 0.8114474550837911
3.165 0.6288040201729629
3.175 0.4824221856454351
3.185 0.36643444384153306
3.195 0.27556392504242816
3.205 0.2051660465601759
3.215 0.15123268855102673
3.225 0.11036793353033661
3.235 0.07974385094061823
3.245 0.05704381373024563
3.255 0.040399589923185916
3.265 0.028327119570654598
3.275 0.01966459153496848
3.285 0.013515262933787547
3.295 0.009196469261768012
3.305 0.006195477773218882
3.315 0.0
3.325 0.0
3.335 0.0
3.3449999999999998 0.0
3.355 0.003708065237017424
3.3649999999999998 0.0055041934167320734
3.375 0.008089041473211525
3.385 0.011769485896013334
3.395 0.016954109301921837
3.405 0.024179622696974625
3.415 0.0341413835094955
3.425 0.04772761881529212
3.435 0.06605648710005183
3.445 0.0905145164979568
3.455 0.12279425621614751
3.465 0.16492820221918392
3.475 0.21931526067741056
3.485 0.28873526814839967
3.495 0.37634649230429756
3.505 0.4856607044688304
3.515 0.6204904670154775
3.525 0.7848638326430446
3.535 0.9829028067362946
3.545 1.2186637384933283
3.555 1.495940284762292
3.565 1.8180326632041899
3.575 2.187490425121745
3.585 2.6058396928020375
3.5949999999999998 3.0733094021557275
3.605 3.5885741903663675
3.6149999999999998 4.148533764906049
3.625 4.7481494950584215
3.635 5.380358255255484
3.645 6.0360810111920244
3.655 6.704339224097577
3.665 7.372485995548166
3.675 8.026551327348223
3.685 8.65169246201065
3.695 9.232731687031361
3.705 9.754756011750027
3.715 10.20374655490257
3.725 10.567201035853362
3.735 10.834711003681857
3.745 10.998456691173143
3.755 11.053586684758868
3.765 10.998456691173143
3.775 10.834711003681857
3.785 10.567201035853362
3.795 10.20374655490257
3.805 9.754756011750027
3.815 9.232731687031361
3.825 8.65169246201065
3.835 8.026551327348223
3.8449999999999998 7.372485995548166
3.855 6.704339224097577
3.8649999999999998 6.0360810111920244
3.875 5.380358255255484
3.885 4.7481494950584215
3.895 4.148533764906049
3.905 3.5885741903663675
3.915 3.0733094021557275
3.925 2.6058396928020375
3.935 2.187490425121745
3.945 1.8180326632041899
3.955 1.495940284762292
3.965 1.221407831452745
3.975 0.98697609494367
3.985 0.7908499953279607
3.995 0.6292002823285383
4.005 0.4982073154356871
4.015 0.3942402261420244
4.025 0.3140010399524861
4.035 0.2546353034461581
4.045 0.2164584306934083
4.055 0.19634037010587357
4.065 0.19106939532176598
4.075 0.20225476573350154
4.085 0.23048879830456198
4.095 0.2771154249538851
4.1049999999999995 0.3442312416443232
4.115 0.434674726978843
4.125 0.552000933316102
4.135 0.7004378990160318
4.145 0.8848203657408884
4.155 1.1104961997337934
4.165 1.3807280791203689
4.175 1.7072663358479072
4.185 2.0925184042497538
4.195 2.542363535582317
4.205 3.0621868162038
4.215 3.65659057327324
4.225 4.329083766186556
4.235 5.081760811625865
4.245 5.914983820958055
4.255 6.827084303673103
4.265 7.8141018133257365
4.275 8.869577606096403
4.285 9.984421001527647
4.295 11.14686467823358
4.305 12.342522555358043
4.315 13.554560215488706
4.325 14.766324972045613
4.335 15.95351831943244
4.345 17.095858546479942
4.355 18.17092775731848
4.365 19.15643949883158
4.375 20.030998807071086
4.385 20.774885503036188
4.395 21.37082554485514
4.405 21.804712924149214
4.415 22.06624434462448
4.425 22.14943096360968
4.435 22.052955878598674
4.445 21.78035268381442
4.455 21.339988995946484
4.465 20.74484886011733
4.475 20.012118752679548
4.485 19.162592753974106
4.495 18.219922597468255
4.505 17.209746979912765
4.515 16.158741122386154
4.525 15.093631659877172
4.535 14.040223276024973
4.545 13.02248208602637
4.555 12.06171681648831
4.565 11.175892728236605
4.575 10.379105495966257
4.585 9.681233481570542
4.595 9.087777604573274
4.605 8.599888864166411
4.615 8.214574959836
4.625 7.925069746691197
4.635 7.721342701052675
4.645 7.590720327594005
4.655 7.518587611264735
4.665 7.489135261478574
4.675 7.48611764174686
4.685 7.493586934239713
4.695 7.49657124077378
4.705 7.481667916924305
4.715 7.437528365289461
4.725 7.357207173424071
4.735 7.23138558680085
4.745 7.057927138980942
4.755 6.838038814959677
4.765 6.570514854239972
4.775 6.258999520389178
4.785 5.9138919654070214
4.795 5.540212513897471
4.805 5.146836432896304
4.815 4.743335412133007
4.825 4.339586448562857
4.835 3.94542397410304
4.845 3.570349501850382
4.855 3.2215417062704326
4.865 2.9096004222747927
4.875 2.6434909472791874
4.885 2.42728279342379
4.895 2.2667721054764463
4.905 2.1668720522715734
4.915 2.1316385180198205
4.925 2.1642814509225454
4.935 2.2671494003337465
4.945 2.4416790100314776
4.955 2.6883065013190963
4.965 3.0063440114640203
4.975 3.3938295268690957
4.985 3.847364519616036
4.995 4.361957730299874
5.005 4.93089636739512
5.015 5.545666942230227
5.025 6.19594679727142
5.035 6.869684054505516
5.045 7.553278344716992
5.055 8.231867611387052
5.065 8.88971803511277
5.075 9.510705368520998
5.085 10.07886747886193
5.095 10.579000465620094
5.105 10.99726510226198
5.115 11.321767161407903
5.125 11.543074833979935
5.135 11.65307712369794
5.145 11.652056985458941
5.155 11.537702768607183
5.165 11.313339862325797
5.175 10.985428230027402
5.185 10.563253534123266
5.195 10.05849057710363
5.205 9.484667682298745
5.215 8.856566256514833
5.225 8.189592594329977
5.235 7.499158881264037
5.245 6.80010749050021
5.255 6.106207453764275
5.265 5.429745021207905
5.275 4.781222224615234
5.285 4.1691690752062875
5.295 3.6000671704943517
5.305 3.078375652491454
5.315 2.606645092063924
5.325 2.185701227363683
5.335 1.8148786270873563
5.345 1.492284181696395
5.355 1.2150716116176108
5.365 0.9797105919030238
5.375 0.7822372523927433
5.385 0.6184763429522834
5.395 0.4842289108252683
5.405 0.37542263843049245
5.415 0.28822482834809826
5.425 0.21912027218151486
5.435 0.16495785231493937
5.445 0.1229707161368416
5.455 0.09230044984664658
5.465 0.0686183381019319
5.475 0.051356494587391895
5.485 0.03926626067216011
5.495 0.03140672038496692
5.505 0.027117218580808934
5.515 0.025993135285867823
5.525 0.027866113074838276
5.535 0.03146150405917721
5.545 0.04014975995505316
5.555 0.05247363140313998
5.565 0.06930556692637871
5.575 0.09238711642817769
5.585 0.12196437674440153
5.595 0.1594579740494851
5.605 0.20647423691371306
5.615 0.26479398577576363
5.625 0.3363495417490448
5.635 0.42318829921001677
5.645 0.5274217642646603
5.655 0.6511597445697563
5.665 0.7964303619171855
5.675 0.9650876968421399
5.685 1.1587100862607222
5.695 1.3784932791339568
5.705 1.625143693920597
5.715 1.8987777932942982
5.725 2.198833984267465
5.735 2.524003378605044
5.745 2.872185161752962
5.755 3.240471221379519
5.765 3.6251631379347082
5.775 4.021822752778013
5.785 4.425355463151198
5.795 4.830123335273356
5.805 5.230083271893301
5.815 5.618943996100056
5.825 5.990334655363224
5.835 6.337977484908231
5.845 6.655857202763839
5.855 6.938380573196607
5.865 7.180520741503072
5.875 7.377942339081073
5.885 7.527104794425904
5.895 7.625342586390506
5.905 7.6709222028323225
5.915 7.663076241938021
5.925 7.602015405755324
5.935 7.488919144226954
5.945 7.325905526360268
5.955 7.115980688239519
5.965 6.862968084855265
5.975 6.571417879649339
5.985 6.246497219878133
5.995 5.893862881890737
6.005 5.5195187754282244
6.015 5.129661957533106
6.025 4.7305219700199155
6.035 4.328199307790756
6.045 3.9285094868173336
6.055 3.5368393843141255
6.065 3.1592731211685177
6.075 2.7980933690907537
6.085 2.457662519522338
6.095 2.140766237619625
6.105 1.8494447640157945
6.115 1.585021348319695
6.125 1.3481591312437855
6.135 1.1389419165913173
6.1450000000000005 0.9569731102383805
6.155 0.8014863712249338
6.165 0.6714612292737129
6.175 0.5669464577907773
6.185 0.4849143624429253
6.195 0.4251099390956647
6.205 0.38663137981619267
6.215 0.3687978584347455
6.225 0.37118837129546545
6.235 0.3936570009633573
6.245 0.4363243279301955
6.255 0.49954569542333316
6.265 0.5828407426347597
6.275 0.6892357579994695
6.285 0.8179231671824523
6.295 0.9695295148431222
6.305 1.1444892503471071
6.315 1.3429422548977112
6.325 1.564636048782141
6.335 1.8088387858422743
6.345 2.0742688049400573
6.355 2.359045792376616
6.365 2.660667522766859
6.375 2.9750346665966343
6.385 3.3007378929405524
6.3950000000000005 3.6321321068986316
6.405 3.9645948378517044
6.415 4.293169831356339
6.425 4.612695514802505
6.435 4.917943035288715
6.445 5.203757691832513
6.455 5.465197774522834
6.465 5.6976654472801345
6.475 5.897025262439355
6.485 6.059707033343992
6.495 6.182790960973122
6.505 6.264073967908617
6.515 6.3021170253791166
6.525 6.296273803023385
6.535 6.246701219660194
6.545 6.155436459646535
6.555 6.0225620441756895
6.565 5.851324208164959
6.575 5.644943135709511
6.585 5.407268421916933
6.595 5.143765436802814
6.605 4.858731655063474
6.615 4.556518714211904
6.625 4.2434147542901
6.635 3.925154885758564
6.6450000000000005 3.607525785770658
6.655 3.297347407713522
6.665 2.998569959099377
6.675 2.7173547293304314
6.685 2.4588795554507867
6.695 2.2280228645815408
6.705 2.0293418480565384
6.715 1.8670649295697483
6.725 1.7450939286717067
6.735 1.6670099009301338
6.745 1.636075748347194
6.755 1.6552284779038988
6.765 1.727054522556199
6.775 1.853742838664754
6.785 2.037012495440412
6.795 2.2780140452125255
6.805 2.577206917823327
6.815 2.9342181817461612
6.825 3.3476909937705686
6.835 3.815133645464824
6.845 4.332782049098757
6.855 4.895489564923679
6.865 5.496658088401612
6.875 6.127388860287487
6.885 6.780152943698507
6.8950000000000005 7.4429639536697225
6.905 8.103976168374544
6.915 8.750506118956938
6.925 9.369370547960639
6.935 9.947278098424544
6.945 10.471258510155103
6.955 10.929109461289238
6.965 11.309838751097455
6.975 11.604078517436387
6.985 11.803642101813608
6.995 11.90531689047495
