0.005 0.0
0.015 0.0
0.025 0.0
0.034999999999999996 0.0
0.045 0.0
0.055 0.0
0.065 0.0
0.07500000000000001 0.0
0.085 0.0
0.095 0.0
0.10500000000000001 0.0
0.115 0.0
0.125 0.0
0.135 0.0
0.14500000000000002 0.0
0.155 0.0
0.165 0.0
0.17500000000000002 0.0
0.185 0.0
0.195 0.0
0.20500000000000002 0.0
0.215 0.0
0.225 0.0
0.23500000000000001 0.0
0.245 0.0
0.255 0.0
0.265 0.0
0.275 0.0
0.28500000000000003 0.0
0.295 0.0
0.305 0.0
0.315 0.0
0.325 0.0
0.335 0.0
0.34500000000000003 0.0
0.35500000000000004 0.0
0.365 0.0
0.375 0.0
0.385 0.0
0.395 0.0
0.405 0.0
0.41500000000000004 0.0
0.425 0.0
0.435 0.0
0.445 0.0
0.455 0.0
0.465 0.0
0.47500000000000003 0.0
0.485 0.0
0.495 0.0
0.505 0.0
0.515 0.0
0.525 0.0
0.535 0.0
0.545 0.0
0.555 0.0
0.5650000000000001 0.0
0.5750000000000001 0.0
0.585 0.0
0.595 0.0
0.605 0.0
0.615 0.0
0.625 0.0
0.635 0.0
0.645 0.0
0.655 0.0
0.665 0.0
0.675 0.0
0.685 0.0
0.6950000000000001 0.0
0.7050000000000001 0.0
0.715 0.0
0.725 0.0
0.735 0.0
0.745 0.0
0.755 0.0
0.765 0.0
0.775 0.0
0.785 0.0
0.795 0.0
0.805 0.0
0.8150000000000001 0.0
0.8250000000000001 0.0
0.8350000000000001 0.0
0.845 0.0
0.855 0.0
0.865 0.0
0.875 0.0
0.885 0.0
0.895 0.0
0.905 0.0
0.915 0.0
0.925 0.0
0.935 0.0
0.9450000000000001 0.0
0.9550000000000001 0.0
0.965 0.0
0.975 0.0
0.985 0.0
0.995 0.0
1.005 0.0
1.015 0.0
1.025 0.0
1.035 0.0
1.045 0.0
1.055 0.0
1.065 0.0
1.075 0.0
1.085 0.0
1.095 0.0
1.105 0.0
1.115 0.0
1.125 0.0
1.135 0.0
1.145 0.0
1.155 0.0
1.1649999999999998 0.0
1.1749999999999998 0.0
1.1849999999999998 0.0
1.1949999999999998 0.0
1.2049999999999998 0.0
1.2149999999999999 0.0
1.2249999999999999 0.0
1.2349999999999999 0.0
1.2449999999999999 0.0
1.255 0.0
1.265 0.0
1.275 0.0
1.285 0.0
1.295 0.0
1.305 0.0
1.315 0.0
1.325 0.0
1.335 0.0
1.345 0.0
1.355 0.01697509013239722
1.365 0.025197555431988025
1.375 0.03703068832815672
1.385 0.05387933359487047
1.395 0.07761393479315556
1.405 0.1106914923046628
1.4149999999999998 0.1562952713271541
1.4249999999999998 0.21849147180753176
1.4349999999999998 0.3023988928670634
1.4449999999999998 0.41436489857418113
1.4549999999999998 0.562137781773872
1.4649999999999999 0.7550220719139216
1.4749999999999999 1.0039996816247336
1.4849999999999999 1.3217963784162878
1.4949999999999999 1.722870343299456
1.505 2.223298055768048
1.515 2.8405329816562452
1.525 3.593015076371971
1.535 4.499614399760466
1.545 5.578900445302818
1.555 6.848240131543443
1.565 8.322741469984624
1.575 10.014076009100982
1.585 11.929230158710126
1.595 14.069251960707117
1.605 16.428074058713555
1.615 18.991503675166452
1.625 21.73647454637118
1.635 24.63065250734695
1.645 27.632474798057203
1.655 30.69168294858876
1.665 33.750380933138445
1.6749999999999998 36.74461572948006
1.6849999999999998 39.60643892515269
1.6949999999999998 42.266368722698054
1.7049999999999998 44.65613519038049
1.7149999999999999 46.71156152498804
1.7249999999999999 48.37541374408381
1.7349999999999999 49.60004317343439
1.7449999999999999 50.34965183085696
1.755 50.60203051092271
1.765 50.34965183085696
1.775 49.60004317343439
1.785 48.37541374408381
1.795 46.71156152498804
1.805 44.65613519038049
1.815 42.266368722698054
1.825 39.60643892515269
1.835 36.74461572948006
1.845 33.750380933138445
1.855 30.69168294858876
1.865 27.632474798057203
1.875 24.63065250734695
1.885 21.73647454637118
1.895 18.991503675166452
1.905 16.428074058713555
1.915 14.069251960707117
1.9249999999999998 11.929230158710126
1.9349999999999998 10.014076009100982
1.9449999999999998 8.322741469984624
1.9549999999999998 6.848240131543443
1.9649999999999999 5.578900445302818
1.9749999999999999 4.499614399760466
1.9849999999999999 3.593015076371971
1.9949999999999999 2.8405329816562452
2.005 2.223298055768048
2.015 1.722870343299456
2.025 1.3217963784162878
2.035 1.0039996816247336
2.045 0.7550220719139216
2.0549999999999997 0.562137781773872
2.065 0.41436489857418113
2.0749999999999997 0.3023988928670634
2.085 0.21849147180753176
2.0949999999999998 0.1562952713271541
2.105 0.1106914923046628
2.1149999999999998 0.07761393479315556
2.125 0.05387933359487047
2.135 0.03703068832815672
2.145 0.025197555431988025
2.155 0.01697509013239722
2.165 0.0
2.175 0.0
2.185 0.0
2.195 0.0
2.205 0.0
2.215 0.0
2.225 0.0
2.235 0.0
2.245 0.0
2.255 0.0
2.265 0.0
2.275 0.0
2.285 0.0
2.295 0.0
2.305 0.0
2.315 0.0
2.3249999999999997 0.0
2.335 0.0
2.3449999999999998 0.0
2.355 0.0
2.3649999999999998 0.0
2.375 0.0
2.385 0.0
2.395 0.0
2.405 0.0
2.415 0.0
2.425 0.0
2.435 0.0
2.445 0.0
2.455 0.0
2.465 0.0
2.475 0.0
2.485 0.0
2.495 0.0
2.505 0.0
2.515 0.0
2.525 0.0
2.535 0.0
2.545 0.0
2.555 0.0
2.565 0.0
2.5749999999999997 0.0
2.585 0.0
2.5949999999999998 0.0
2.605 0.0
2.6149999999999998 0.0
2.625 0.0
2.635 0.0
2.645 0.0
2.655 0.0
2.665 0.0
2.675 0.0
2.685 0.0
2.695 0.0
2.705 0.0
2.715 0.0
2.725 0.0
2.735 0.0
2.745 0.0
2.755 0.0
2.765 0.0
2.775 0.0
2.785 0.0
2.795 0.0
2.805 0.0
2.815 0.0
2.8249999999999997 0.0
2.835 0.0
2.8449999999999998 0.0
2.855 0.0
2.8649999999999998 0.0
2.875 0.0
2.885 0.0
2.895 0.0
2.905 0.0
2.915 0.0
2.925 0.0
2.935 0.0
2.945 0.0
2.955 0.0
2.965 0.0
2.975 0.0
2.985 0.0
2.995 0.0
3.005 0.0
3.015 0.0
3.025 0.0
3.035 0.0
3.045 0.0
3.055 0.0
3.065 0.0
3.075 0.0
3.085 0.0
3.0949999999999998 0.0
3.105 0.0
3.1149999999999998 0.0
3.125 0.0
3.135 0.0
3.145 0.0
3.155 0.0
3.165 0.0
3.175 0.0
3.185 0.0
3.195 0.0
3.205 0.0
3.215 0.0
3.225 0.0
3.235 0.0
3.245 0.0
3.255 0.0
3.265 0.0
3.275 0.0
3.285 0.0
3.295 0.0
3.305 0.0
3.315 0.0
3.325 0.0
3.335 0.0
3.3449999999999998 0.0
3.355 0.0
3.3649999999999998 0.0
3.375 0.0
3.385 0.0
3.395 0.0
3.405 0.0
3.415 0.0
3.425 0.0
3.435 0.0
3.445 0.0
3.455 0.0
3.465 0.0
3.475 0.0
3.485 0.0
3.495 0.0
3.505 0.0
3.515 0.0
3.525 0.0
3.535 0.0
3.545 0.0
3.555 0.0
3.565 0.003325683318576794
3.575 0.004936591742104792
3.585 0.007254885923305296
3.5949999999999998 0.010555796732443647
3.605 0.018465357523559257
3.6149999999999998 0.02652465501823012
3.625 0.040958631347427193
3.635 0.057942374882207076
3.645 0.0811883887876016
3.655 0.11267910369653707
3.665 0.1580634619644425
3.675 0.21561676803677232
3.685 0.2913831203088264
3.695 0.39010943918959773
3.705 0.5174379637660379
3.715 0.6799697176032791
3.725 0.885299305061325
3.735 1.1420099002356014
3.745 1.4596167022352389
3.755 1.8484473094935598
3.765 2.3194486176854205
3.775 2.8839121373295504
3.785 3.553113157641925
3.795 4.337863956515426
3.805 5.247987156832609
3.815 6.291722105168692
3.825 7.475084408926458
3.835 8.80120599163579
3.8449999999999998 10.269689591730643
3.855 11.876016858814202
3.8649999999999998 13.611052416512017
3.875 15.460686856889925
3.885 17.405659146230967
3.895 19.421593105814107
3.905 21.47927350135334
3.915 23.54517514895928
3.925 25.582243948750673
3.935 27.550912795415684
3.945 29.41031901667048
3.955 31.119674619686513
3.965 32.63972747241584
3.975 33.934241807117395
3.985 34.97142108882289
3.995 35.72519600370703
4.005 36.17630535424448
4.015 36.31310782117608
4.025 36.13207724690687
4.035 35.63795229413107
4.045 34.843531707937316
4.055 33.769127434779904
4.065 32.4417079449952
4.075 30.893781769951833
4.085 29.162085223122563
4.095 27.286147579897953
4.1049999999999995 25.30681110506042
4.115 23.26478214372417
4.125 21.199283369789224
4.135 19.146866938405605
4.145 17.14043473823635
4.155 15.208496399408427
4.165 13.374679469334438
4.175 11.657490459590251
4.185 10.070311379710152
4.195 8.62160476208447
4.205 7.3152916152141705
4.215 6.151261484821431
4.225 5.125971824586236
4.235 4.233094895368543
4.245 3.4641739395202475
4.255 2.809255800666675
4.265 2.2574738055302057
4.275 1.7975619271762504
4.285 1.4182884065417318
4.295 1.108803624434397
4.305 0.8589027223198333
4.315 0.6592080381947099
4.325 0.5012797568223777
4.335 0.3776652896601885
4.345 0.2818989074753478
4.355 0.20846321900420506
4.365 0.1527234277988019
4.375 0.10862596831896454
4.385 0.07823212630275601
4.395 0.055807614027549204
4.405 0.039432434223421235
4.415 0.025422843984247198
4.425 0.017694115601108146
4.435 0.010042834672107294
4.445 0.006902332598809593
4.455 0.004696696608155649
4.465 0.0031640707553223226
4.475 0.0
4.485 0.002190979014192916
4.495 0.005434290866454377
4.505 0.008018540074906804
4.515 0.011714270271274425
4.525 0.01909901766790814
4.535 0.02961018684947333
4.545 0.0422906568422243
4.555 0.05981639309887693
4.565 0.0837859445871099
4.575 0.11622510181176988
4.585 0.15966480085759044
4.595 0.21722088813902757
4.605 0.29267107872545073
4.615 0.3905229101096944
4.625 0.5160649511569122
4.635 0.6753921223886382
4.645 0.8753949059717462
4.655 1.1237016870137526
4.665 1.428563698702518
4.675 1.7986732572523847
4.685 2.242908342258123
4.695 2.772014294501119
4.705 3.393121446654054
4.715 4.111802554262051
4.725 4.935272528042969
4.735 5.867385740861439
4.745 6.909435750379446
4.755 8.05965230330417
4.765 9.31277231418043
4.775 10.661677231010708
4.785 12.092311924621006
4.795 13.586163269602594
4.805 15.124109376653273
4.815 16.68257114509524
4.825 18.235512607643436
4.835 19.755349918836778
4.845 21.214029782373455
4.855 22.584224650403115
4.865 23.840578281148353
4.875 24.96092558729541
4.885 25.927406385391738
4.895 26.727394491251093
4.905 27.354171890050605
4.915 27.80729213337935
4.925 28.09259676461604
4.935 28.221871992071975
4.945 28.212158143523517
4.955 28.084749533448157
4.965 27.86394511038297
4.975 27.5756286634151
4.985 27.245769870074856
4.995 26.89894301462143
5.005 26.556958381578294
5.015 26.237692383801217
5.025 25.95418729008614
5.035 25.714071366732675
5.045 25.519327099881224
5.055 25.366410864831256
5.065 25.246703893716244
5.075 25.14725342126884
5.085 25.051745891541206
5.095 24.941642092103322
5.105 24.797397576986015
5.115 24.599690801684382
5.125 24.33058564958054
5.135 23.974563754581006
5.145 23.519374242524243
5.155 22.95666310075154
5.165 22.282360173885724
5.175 21.49681765224563
5.185 20.604708861356123
5.195 19.614709336973966
5.205 18.53899293721784
5.215 17.392583669544756
5.225 16.192608773526317
5.235 14.957500378493751
5.245 13.706191907634725
5.255 12.457351644254075
5.265 11.228689957840128
5.275 10.03636914943347
5.285 8.894536318888719
5.295 7.8135293698125885
5.305 6.804567829531627
5.315 5.875585694159895
5.325 5.0286203033719765
5.335 4.264025546893995
5.345 3.583346182467425
5.355 2.9855861714497958
5.365 2.464923104609491
5.375 2.016463191112557
5.385 1.6344482158051288
5.395 1.31258478647535
5.405 1.0443376649249632
5.415 0.8231796292923154
5.425 0.6427940041192695
5.435 0.4972292895998277
5.445 0.3810080556570163
5.455 0.2891943467995829
5.465 0.21742524599719618
5.475 0.16191300460500557
5.485 0.11942433957681543
5.495 0.08724323628591549
5.505 0.061779644103796875
5.515 0.04300728634428169
5.525 0.0306368052724277
5.535 0.021607897675178518
5.545 0.015088606671095838
5.555 0.010431657667810262
5.565 0.007140441452942965
5.575 0.00483909698336433
5.585 0.001944777178350561
5.595 0.0
5.605 0.0
5.615 0.0
5.625 0.0
5.635 0.0
5.645 0.0
5.655 0.0
5.665 0.0
5.675 0.0
5.685 0.0
5.695 0.0
5.705 0.0
5.715 0.0
5.725 0.0
5.735 0.0
5.745 0.0
5.755 0.0
5.765 0.0
5.775 0.0
5.785 0.0
5.795 0.0
5.805 0.0
5.815 0.0
5.825 0.0
5.835 0.0
5.845 0.0
5.855 0.0
5.865 0.0
5.875 0.0
5.885 0.0
5.895 0.0
5.905 0.0
5.915 0.0
5.925 0.0
5.935 0.0
5.945 0.0
5.955 0.0
5.965 0.0
5.975 0.0
5.985 0.0
5.995 0.0
6.005 0.0
6.015 0.0
6.025 0.0
6.035 0.0
6.045 0.0
6.055 0.0
6.065 0.0
6.075 0.0
6.085 0.0
6.095 0.0
6.105 0.0
6.115 0.0
6.125 0.0
6.135 0.0
6.1450000000000005 0.0
6.155 0.0
6.165 0.0
6.175 0.0
6.185 0.0
6.195 0.0
6.205 0.0
6.215 0.0
6.225 0.0
6.235 0.0
6.245 0.0
6.255 0.0
6.265 0.0
6.275 0.0
6.285 0.0
6.295 0.0
6.305 0.0011629736120812048
6.315 0.0017262996442315313
6.325 0.0025369946802614126
6.335 0.0036913054787124037
6.345 0.005317377250443165
6.355 0.007583540566098495
6.365 0.010707882834721846
6.375 0.014968981854888097
6.385 0.020717529626294924
6.3950000000000005 0.02838838787045806
6.405 0.039641441563061576
6.415 0.05452868528177416
6.425 0.07291862205129053
6.435 0.09771559016363406
6.445 0.12954737795886387
6.455 0.16892670194480278
6.465 0.21943871365376605
6.475 0.28246872018964275
6.485 0.35933604929126095
6.495 0.45444315195118223
6.505 0.570037024999389
6.515 0.7083116560026181
6.525 0.8734269390379079
6.535 1.0690494228882486
6.545 1.2990587884949372
6.555 1.5675164789247786
6.565 1.8786271370520287
6.575 2.2366914895805503
6.585 2.646048545532215
6.595 3.111004154918314
6.605 3.6357422390793617
6.615 4.2242145344460145
6.625 4.880004681502227
6.635 5.606163129637238
6.6450000000000005 6.405010768576538
6.655 7.2779115206727525
6.665 8.22501731805584
6.675 9.244992804754048
6.685 10.33473147501962
6.695 11.490175969087309
6.705 12.703314117349723
6.715 13.96333413082775
6.725 15.259674422637556
6.735 16.57678190162803
6.745 17.896323223070656
6.755 19.20063743432119
6.765 20.467872105200897
6.775 21.674662956290625
6.785 22.80006294499808
6.795 23.821046459219104
6.805 24.71555490766307
6.815 25.465566707168787
6.825 26.055528880968545
6.835 26.473993180791556
6.845 26.714377770129826
6.855 26.7755552056632
6.865 26.662221681431717
6.875 26.385013196059745
6.885 25.96034771152915
6.8950000000000005 25.411150538472477
6.905 24.76205861311161
6.915 24.04400474432593
6.925 23.28970228501079
6.935 22.53312071627347
6.945 21.808095368322704
6.955 21.146913115914984
6.965 20.578941966455154
6.975 20.129370581982204
6.985 19.818118489981075
6.995 19.658969427116272
