0.005 0.0
0.015 0.0
0.025 0.0
0.034999999999999996 0.0
0.045 0.0
0.055 0.0
0.065 0.0
0.07500000000000001 0.0
0.085 0.0
0.095 0.0
0.10500000000000001 0.0
0.115 0.0
0.125 0.0
0.135 0.0
0.14500000000000002 0.0
0.155 0.0
0.165 0.0
0.17500000000000002 0.0
0.185 0.0
0.195 0.0
0.20500000000000002 0.0
0.215 0.0
0.225 0.0
0.23500000000000001 0.0
0.245 0.0
0.255 0.0
0.265 0.0
0.275 0.0
0.28500000000000003 0.0
0.295 0.0
0.305 0.0
0.315 0.0
0.325 0.0
0.335 0.0
0.34500000000000003 0.0
0.35500000000000004 0.0
0.365 0.0
0.375 0.0
0.385 0.0
0.395 0.0
0.405 0.0
0.41500000000000004 0.0
0.425 0.0
0.435 0.0
0.445 0.0
0.455 0.0
0.465 0.0
0.47500000000000003 0.0
0.485 0.0
0.495 0.0
0.505 0.0
0.515 0.0
0.525 0.0
0.535 0.0
0.545 0.0
0.555 0.0
0.5650000000000001 0.0
0.5750000000000001 0.0
0.585 0.0
0.595 0.0
0.605 0.0
0.615 0.0
0.625 0.0
0.635 0.0
0.645 0.0
0.655 0.0
0.665 0.0
0.675 0.0
0.685 0.0
0.6950000000000001 0.0
0.7050000000000001 0.0
0.715 0.0
0.725 0.0
0.735 0.0
0.745 0.0
0.755 0.0
0.765 0.0
0.775 0.0
0.785 0.0
0.795 0.0
0.805 0.0
0.8150000000000001 0.0
0.8250000000000001 0.0
0.8350000000000001 0.0
0.845 0.0
0.855 0.0
0.865 0.0
0.875 0.0
0.885 0.0
0.895 0.0
0.905 0.0
0.915 0.0
0.925 0.0
0.935 0.0
0.9450000000000001 0.0
0.9550000000000001 0.0
0.965 0.0
0.975 0.0
0.985 0.0
0.995 0.0
1.005 0.0
1.015 0.0
1.025 0.0
1.035 0.0
1.045 0.0
1.055 0.0
1.065 0.0
1.075 0.0
1.085 0.0
1.095 0.0
1.105 0.0
1.115 0.0
1.125 0.0
1.135 0.0
1.145 0.0
1.155 0.0
1.1649999999999998 0.0
1.1749999999999998 0.0
1.1849999999999998 0.0
1.1949999999999998 0.0
1.2049999999999998 0.0
1.2149999999999999 0.0
1.2249999999999999 0.0
1.2349999999999999 0.0
1.2449999999999999 0.0
1.255 0.0
1.265 0.0
1.275 0.0
1.285 0.0
1.295 0.0
1.305 0.0
1.315 0.0
1.325 0.0
1.335 0.0
1.345 0.0
1.355 0.0
1.365 0.0
1.375 0.0
1.385 0.0
1.395 0.0
1.405 0.0
1.4149999999999998 0.0
1.4249999999999998 0.0
1.4349999999999998 0.0
1.4449999999999998 0.0
1.4549999999999998 0.0
1.4649999999999999 0.0
1.4749999999999999 0.0
1.4849999999999999 0.0
1.4949999999999999 0.0
1.505 0.0
1.515 0.0
1.525 0.0
1.535 0.0
1.545 0.0
1.555 0.0
1.565 0.0
1.575 0.013403936995903394
1.585 0.019896592172818958
1.595 0.029240316805048534
1.605 0.042544409912061924
1.615 0.061285818446767566
1.625 0.08740464865058702
1.635 0.1234144828267223
1.645 0.1725260896648197
1.655 0.2387813953273335
1.665 0.32719243023058237
1.6749999999999998 0.4438774316451774
1.6849999999999998 0.5961834784686038
1.6949999999999998 0.7927821514609257
1.7049999999999998 1.0437220208858573
1.7149999999999999 1.3604196121246241
1.7249999999999999 1.7555692977296107
1.7349999999999999 2.242952751587486
1.7449999999999999 2.837130603336578
1.755 3.5642613867741035
1.765 4.421944785574663
1.775 5.432093763331597
1.785 6.607569693576545
1.795 7.958829232664865
1.805 9.493018557890348
1.815 11.213076445360526
1.825 13.116908765916964
1.835 15.196703472378905
1.845 17.438456614261586
1.855 19.821775213931005
1.865 22.320011307586437
1.875 24.90076307143011
1.885 27.526754450962517
1.895 30.15707562032998
1.905 32.74873519206486
1.915 35.258444231329804
1.9249999999999998 37.64452498477656
1.9349999999999998 39.86881698668455
1.9449999999999998 41.89844264584111
1.9549999999999998 43.70729558325619
1.9649999999999999 45.27712884883704
1.9749999999999999 46.59814637149308
1.9849999999999999 47.66903790294172
1.9949999999999999 48.49644233088605
2.005 49.09387255987234
2.015 49.480182544904494
2.025 49.677698723748875
2.035 49.7101696301807
2.045 49.600705391562514
2.0549999999999997 49.36988096583627
2.065 49.03416282041738
2.0749999999999997 48.60478948121623
2.085 48.08719478068842
2.0949999999999998 47.48101282471657
2.105 46.78065066062294
2.1149999999999998 45.97636365548499
2.125 45.05572470091965
2.135 44.00534573644025
2.145 42.812691645525916
2.155 41.46782368469185
2.165 39.964921955758264
2.175 38.30346216175113
2.185 36.488957842095395
2.195 34.53322142271275
2.205 32.45414130327602
2.215 30.27501350585958
2.225 28.023501361976624
2.235 25.730322484050728
2.245 23.427777178420342
2.255 21.14823607536681
2.265 18.922697814535894
2.275 16.779511846638744
2.285 14.743339203216722
2.295 12.834398216115435
2.305 11.068015435127167
2.315 9.454476924391681
2.3249999999999997 7.99915374530473
2.335 6.7028591441975225
2.3449999999999998 5.562384452461523
2.355 4.571156010740153
2.3649999999999998 3.7199560236039386
2.375 2.997655199564061
2.385 2.3829730340138218
2.395 1.8839090161426728
2.405 1.4745441365696428
2.415 1.1426485783995934
2.425 0.8766467880796212
2.435 0.6658764621399869
2.445 0.5007485911450308
2.455 0.37282314348652734
2.465 0.27481665357808316
2.475 0.20055813624513857
2.485 0.1449087394325861
2.495 0.1036587403614679
2.505 0.07341322973882572
2.515 0.051475407073034364
2.525 0.0357340551926811
2.535 0.024559633021654592
2.545 0.016711617914536056
2.555 0.011258283412576734
2.565 0.0
2.5749999999999997 0.0
2.585 0.0
2.5949999999999998 0.0
2.605 0.0
2.6149999999999998 0.0
2.625 0.0
2.635 0.0
2.645 0.0
2.655 0.0
2.665 0.0
2.675 0.0
2.685 0.0
2.695 0.0
2.705 0.00542305390267179
2.715 0.008049895479637966
2.725 0.011830241682980292
2.735 0.017212900081594706
2.745 0.024795423688409958
2.755 0.035362753579123045
2.765 0.049931851585413155
2.775 0.06980175184018352
2.785 0.10176180951344213
2.795 0.14002827184656017
2.805 0.19083028900236548
2.815 0.25756693566171224
2.8249999999999997 0.3443145292658152
2.835 0.46088054741057694
2.8449999999999998 0.6052785300797096
2.855 0.7875177000362273
2.8649999999999998 1.0151415903438183
2.875 1.2965189418872347
2.885 1.6407538873827407
2.895 2.0575407958298917
2.905 2.5569589993734367
2.915 3.1492054420394435
2.925 3.844266799193769
2.935 4.651536642037318
2.945 5.579387507468172
2.955 6.6347119612367775
2.965 7.822450556062542
2.975 9.145127629801369
2.985 10.602417844315834
2.995 12.1907669940232
3.005 13.903089785582294
3.015 15.728565009474796
3.025 17.652544928355347
3.035 19.65659105524968
3.045 21.718643136115833
3.055 23.813322480423714
3.065 25.912365188982207
3.075 27.98517564394561
3.085 29.999486091453093
3.0949999999999998 31.922104386877876
3.105 33.71972899512561
3.1149999999999998 35.35980805994099
3.125 36.81141764074239
3.135 38.04613292622271
3.145 39.03886528464702
3.155 39.768637406875946
3.165 40.21926865742661
3.175 40.37994329589155
3.185 40.24563576392074
3.195 39.8173700668697
3.205 39.10229467524255
3.215 38.11356046340089
3.225 36.86999693793908
3.235 35.39559110743255
3.245 33.71878330301171
3.255 31.871604375277993
3.265 29.88868814075624
3.275 27.806200870059143
3.285 25.66073521152878
3.295 23.488218613129803
3.305 21.322885683476393
3.315 19.196359970924817
3.325 17.136883611223794
3.335 15.168723768581994
3.3449999999999998 13.311773573894467
3.355 11.581353291126302
3.3649999999999998 9.988205700128296
3.375 8.53866908660962
3.385 7.2350025354069345
3.395 6.0758319650897326
3.405 5.056681793119379
3.415 4.170556289118872
3.425 3.408536327776618
3.435 2.7603609704843217
3.445 2.214968537346539
3.455 1.7609779727800738
3.465 1.3870977614013549
3.475 1.082455883449952
3.485 0.8368498823575846
3.495 0.6409207503902264
3.505 0.48625785389103565
3.515 0.3618274229320296
3.525 0.2696663095036697
3.535 0.1990519357028326
3.545 0.14551760764742405
3.555 0.10535838401980258
3.565 0.075547852533694
3.575 0.05365000242274054
3.585 0.03773177009923931
3.5949999999999998 0.02284263510233026
3.605 0.015857280785265434
3.6149999999999998 0.014141906733196371
3.625 0.012230321524864368
3.635 0.012071272420471109
3.645 0.010294524900382445
3.655 0.014829407326241826
3.665 0.021149413843146152
3.675 0.029862759153402006
3.685 0.04174635703471255
3.695 0.05777823749409631
3.705 0.07917116789697015
3.715 0.10740558588623336
3.725 0.14425927347394277
3.735 0.1918305040700405
3.745 0.2525507429835264
3.755 0.3291824613605699
3.765 0.42479733265028846
3.775 0.5427301259865946
3.785 0.6865040954159506
3.795 0.8597246734481422
3.805 1.0659398644899414
3.815 1.3084679014048561
3.825 1.5901954160464835
3.835 1.9133524479936614
3.8449999999999998 2.2792738647184425
3.855 2.6881599117076487
3.8649999999999998 3.1388513216290863
3.875 3.6286363329913005
3.885 4.153107760142208
3.895 4.706087633824976
3.905 5.2796347112740145
3.915 5.864146292614329
3.925 6.448560398428253
3.935 7.020657761404266
3.945 7.567455729802834
3.955 8.075678673686962
3.965 8.532282509819003
3.975 8.925005213882548
3.985 9.242911300636164
3.995 9.476896714208372
4.005 9.6201216666067
4.015 9.66834272713054
4.025 9.6201216666067
4.035 9.476896714208372
4.045 9.242911300636164
4.055 8.925005213882548
4.065 8.532282509819003
4.075 8.075678673686962
4.085 7.567455729802834
4.095 7.020657761404266
4.1049999999999995 6.448560398428253
4.115 5.864146292614329
4.125 5.2796347112740145
4.135 4.706087633824976
4.145 4.153107760142208
4.155 3.6286363329913005
4.165 3.1388513216290863
4.175 2.6881599117076487
4.185 2.2792738647184425
4.195 1.9133524479936614
4.205 1.5926609334123332
4.215 1.3121276764051644
4.225 1.0713183222436466
4.235 0.8675502833036702
4.245 0.6977769960351492
4.255 0.5588073187673335
4.265 0.4499006703710394
4.275 0.366875349000901
4.285 0.30526413580858014
4.295 0.26485841137109234
4.305 0.24448379736681417
4.315 0.2436715853387266
4.325 0.26271533767658395
4.335 0.30270970388265883
4.345 0.3655717034691395
4.355 0.45635571003708875
4.365 0.5751050898858628
4.375 0.727814206499765
4.385 0.9196725031994819
4.395 1.156511155744023
4.405 1.444669593886632
4.415 1.7908202336461034
4.425 2.199585802208551
4.435 2.682663511818424
4.445 3.2430962556069587
4.455 3.886345744656046
4.465 4.6166929649925414
4.475 5.436869408701579
4.485 6.347693317051048
4.495 7.347731155802369
4.505 8.433006125793451
4.515 9.596775780740149
4.525 10.82939957353808
4.535 12.118314284292868
4.545 13.448130830906226
4.555 14.800860102438557
4.565 16.1562685042409
4.575 17.49235630418809
4.585 18.78594415641246
4.595 20.013345936719503
4.605 21.151099832551107
4.615 22.176725010668854
4.625 23.069468546419678
4.635 23.81100689323754
4.645 24.386068070329564
4.655 24.78294482771474
4.665 24.99387500588338
4.675 25.015272684585742
4.685 24.84780194680125
4.695 24.496293553832643
4.705 23.969512928217373
4.715 23.27979502975816
4.725 22.44256755397675
4.735 21.475788090846248
4.745 20.39932331902865
4.755 19.2342989921466
4.765 18.002448545006587
4.775 16.725485855213883
4.785 15.424524348014426
4.795 14.11956056315608
4.805 12.829035837334391
4.815 11.569485185672445
4.825 10.355278032155955
4.835 9.200359132519715
4.845 8.111463849917206
4.855 7.099097174815835
4.865 6.165444641693529
4.875 5.316689768231489
4.885 4.55114590516115
4.895 3.8697227575052127
4.905 3.270787609723846
4.915 2.751737344346279
4.925 2.3111675461277845
4.935 1.942709980417085
4.945 1.644111675537101
4.955 1.4121832041234512
4.965 1.2442791718973552
4.975 1.1385058198407136
4.985 1.093877840208834
4.995 1.11041749993085
5.005 1.189190065895264
5.015 1.3306261937385073
5.025 1.5415530463500633
5.035 1.823290648756073
5.045 2.1800762087862657
5.055 2.6162849777197006
5.065 3.1360547254881173
5.075 3.7412583553192054
5.085 4.436404783701782
5.095 5.223669248301288
5.105 6.099516129561233
5.115 7.0603075932570585
5.125 8.099580960348138
5.135 9.207816723563008
5.145 10.372332112486877
5.155 11.577322396926697
5.165 12.802522600301398
5.175 14.030273344322957
5.185 15.235060670350789
5.195 16.392337728634075
5.205 17.47702418201742
5.215 18.46440134193071
5.225 19.331046366962628
5.235 20.055756199316683
5.245 20.620410196139886
5.255 21.01072233386045
5.265 21.216839389537252
5.275 21.23375027402355
5.285 21.06310078378987
5.295 20.707480581969442
5.305 20.17787778265922
5.315 19.48855666033836
5.325 18.657524219417287
5.335 17.705783319368273
5.345 16.656495938558745
5.355 15.534104269986706
5.365 14.363456997930975
5.375 13.168984535986645
5.385 11.973960685920167
5.395 10.799879768791474
5.405 9.665968571866525
5.415 8.588842278411448
5.425 7.582303704491181
5.435 6.65881199271819
5.445 5.824134165574406
5.455 5.084799542729484
5.465 4.445398470996121
5.475 3.9045329586700173
5.485 3.462343135317616
5.495 3.1164083062991708
5.505 2.8630465552604045
5.515 2.6975739426967302
5.525 2.6145303724073683
5.535 2.607870426249022
5.545 2.671121770354067
5.555 2.797516969088554
5.565 2.980106455999177
5.575 3.21186089133515
5.585 3.485770219751013
5.595 3.794944613580001
5.605 4.132719464194846
5.615 4.492763089679186
5.625 4.8691823497275495
5.635 5.256618401394685
5.645 5.649050391508217
5.655 6.045363685916395
5.665 6.439021166077835
5.675 6.830216877489185
5.685 7.213626989939647
5.695 7.59037782122346
5.705 7.957048055075608
5.715 8.312082728477112
5.725 8.653710061996506
5.735 8.978516146537523
5.745 9.286617288457556
5.755 9.572778731633662
5.765 9.832859602363012
5.775 10.062011932496901
5.785 10.25480890527651
5.795 10.405455471829438
5.805 10.509428071941194
5.815 10.559034834838407
5.825 10.550240894594715
5.835 10.479106210390363
5.845 10.343031196277035
5.855 10.141040566532514
5.865 9.87398769381434
5.875 9.544662388755555
5.885 9.157792804095859
5.895 8.719940616381901
5.905 8.239296893087394
5.915 7.725393316037602
5.925 7.188749048787098
5.935 6.641779850499901
5.945 6.093808802799867
5.955 5.556866407299486
5.965 5.041555297490413
5.975 4.557602586685785
5.985 4.1148851788995
5.995 3.7187293952169718
6.005 3.3758893972037294
6.015 3.0907784393848594
6.025 2.8663243082876537
6.035 2.7040171674902806
6.045 2.6039953618716494
6.055 2.5651596216294834
6.065 2.585307170490413
6.075 2.6612787591605453
6.085 2.7891132560284175
6.095 2.9631268276624683
6.105 3.1807540968057824
6.115 3.435011527763968
6.125 3.72034150173661
6.135 4.031141801130617
6.1450000000000005 4.361899260453581
6.155 4.707305095085389
6.165 5.062346784120988
6.175 5.42237162715203
6.185 5.783118109547099
6.195 6.140713037476399
6.205 6.491634948080133
6.215 6.833842169972937
6.225 7.162482019478508
6.235 7.475473681023322
6.245 7.76892571305244
6.255 8.04229058247824
6.265 8.291000654743502
6.275 8.510834318320637
6.285 8.700806279538094
6.295 8.856015771049332
6.305 8.973121029138111
6.315 9.048993073910836
6.325 9.082077651820573
6.335 9.068553833702772
6.345 9.008057970071034
6.355 8.900543723065837
6.365 8.7472199269384
6.375 8.550660653519156
6.385 8.314845002454316
6.3950000000000005 8.04511812463382
6.405 7.748070877813975
6.415 7.431341693079989
6.425 7.1033501426645635
6.435 6.7729768301689415
6.445 6.449208151749539
6.455 6.140766907219197
6.465 5.855750526645413
6.475 5.601297825430349
6.485 5.383302853411594
6.495 5.206190822110944
6.505 5.072766624547734
6.515 4.984141498405785
6.525 4.939738332212434
6.535 4.937371359841871
6.545 4.9733918639771675
6.555 5.042888272833149
6.565 5.139926855518116
6.575 5.257818171760827
6.585 5.3893944863044965
6.595 5.5272844030098245
6.605 5.664172820420678
6.615 5.792130996451447
6.625 5.906751893998753
6.635 6.0008621666716575
6.6450000000000005 6.069433661532962
6.655 6.108325868445292
6.665 6.114351456608459
6.675 6.085310093236648
6.685 6.019994063057461
6.695 5.918169119691358
6.705 5.780533600731964
6.715 5.608658300838048
6.725 5.404909091647662
6.735 5.172353945679536
6.745 4.913787026622863
6.755 4.635380396013237
6.765 4.3403595354677496
6.775 4.033451761682822
6.785 3.7194477796552636
6.795 3.402211289090157
6.805 3.088261681069006
6.815 2.7805567023453195
6.825 2.4829023604695872
6.835 2.198590678006697
6.845 1.9303421747501206
6.855 1.6802725783538663
6.865 1.4498842502647091
6.875 1.2412373909521004
6.885 1.0529222396160023
6.8950000000000005 0.8856157796448462
6.905 0.7388092202030381
6.915 0.6116628347339181
6.925 0.5030951641120966
6.935 0.4118732020585383
6.945 0.33669957717780624
6.955 0.2762933719316777
6.965 0.22946191443245822
6.975 0.1951615613938976
6.985 0.17374092872595598
6.995 0.16277542756556285
