0.005 0.0
0.015 0.0
0.025 0.0
0.034999999999999996 0.0
0.045 0.0
0.055 0.0
0.065 0.0
0.07500000000000001 0.0
0.085 0.0
0.095 0.0
0.10500000000000001 0.0
0.115 0.0
0.125 0.0
0.135 0.0
0.14500000000000002 0.0
0.155 0.0
0.165 0.0
0.17500000000000002 0.0
0.185 0.0
0.195 0.0
0.20500000000000002 0.0
0.215 0.0
0.225 0.0
0.23500000000000001 0.0
0.245 0.0
0.255 0.0
0.265 0.0
0.275 0.0
0.28500000000000003 0.0
0.295 0.0
0.305 0.0
0.315 0.0
0.325 0.0
0.335 0.0
0.34500000000000003 0.0
0.35500000000000004 0.0
0.365 0.0
0.375 0.0
0.385 0.0
0.395 0.0
0.405 0.0
0.41500000000000004 0.0
0.425 0.0
0.435 0.0
0.445 0.0
0.455 0.0
0.465 0.0
0.47500000000000003 0.0
0.485 0.0
0.495 0.0
0.505 0.0
0.515 0.0
0.525 0.0
0.535 0.0
0.545 0.0
0.555 0.0
0.5650000000000001 0.0
0.5750000000000001 0.0
0.585 0.0
0.595 0.0
0.605 0.0
0.615 0.0
0.625 0.0
0.635 0.0
0.645 0.0
0.655 0.0
0.665 0.0
0.675 0.0
0.685 0.0
0.6950000000000001 0.0
0.7050000000000001 0.0
0.715 0.0
0.725 0.0
0.735 0.0
0.745 0.0
0.755 0.0
0.765 0.0
0.775 0.0
0.785 0.0
0.795 0.0
0.805 0.0
0.8150000000000001 0.0
0.8250000000000001 0.0
0.8350000000000001 0.0
0.845 0.0
0.855 0.0
0.865 0.0
0.875 0.0
0.885 0.0
0.895 0.0
0.905 0.0
0.915 0.0
0.925 0.0
0.935 0.0
0.9450000000000001 0.0
0.9550000000000001 0.0
0.965 0.0
0.975 0.0
0.985 0.0
0.995 0.0
1.005 0.0
1.015 0.0
1.025 0.0
1.035 0.0
1.045 0.0
1.055 0.0
1.065 0.0
1.075 0.0
1.085 0.0
1.095 0.0
1.105 0.0
1.115 0.0
1.125 0.0
1.135 0.0
1.145 0.0
1.155 0.0
1.1649999999999998 0.0
1.1749999999999998 0.0
1.1849999999999998 0.0
1.1949999999999998 0.0
1.2049999999999998 0.0
1.2149999999999999 0.0
1.2249999999999999 0.0
1.2349999999999999 0.0
1.2449999999999999 0.0
1.255 0.0
1.265 0.0
1.275 0.0
1.285 0.0
1.295 0.0
1.305 0.0
1.315 0.0
1.325 0.0
1.335 0.0
1.345 0.0
1.355 0.0
1.365 0.0
1.375 0.0
1.385 0.0
1.395 0.0
1.405 0.0
1.4149999999999998 0.0
1.4249999999999998 0.0
1.4349999999999998 0.0
1.4449999999999998 0.0
1.4549999999999998 0.01519422754137449
1.4649999999999999 0.02255407115567143
1.4749999999999999 0.03314578597717738
1.4849999999999999 0.048226834027565446
1.4949999999999999 0.06947142998539531
1.505 0.09907880947044116
1.515 0.13989828022493547
1.525 0.1955694557496069
1.535 0.2706741201752325
1.545 0.3708937334052056
1.555 0.5031637121958265
1.565 0.6758124445846502
1.575 0.8986697269406155
1.585 1.1831262620922298
1.595 1.5421234182678893
1.605 1.990051085924022
1.615 2.5425316817430597
1.625 3.216070619017982
1.635 4.02755829307345
1.645 4.993616065391441
1.655 6.129788885070797
1.665 7.449599776889177
1.6749999999999998 8.963495823124223
1.6849999999999998 10.677730486917405
1.6949999999999998 12.593241859725214
1.7049999999999998 14.704599113630458
1.7149999999999999 16.999098440284886
1.7249999999999999 19.45609346571511
1.7349999999999999 22.046642213398666
1.7449999999999999 24.733542286864164
1.755 27.471807849701545
1.765 30.209616768247084
1.775 32.889725354008725
1.785 35.45131368603443
1.795 37.832189326326485
1.805 39.971244565356656
1.815 41.811035410587955
1.825 43.300332316523836
1.835 44.39648544786446
1.845 45.067452401148856
1.855 45.29335394638968
1.865 45.067452401148856
1.875 44.39648544786446
1.885 43.300332316523836
1.895 41.811035410587955
1.905 39.971244565356656
1.915 37.832189326326485
1.9249999999999998 35.45131368603443
1.9349999999999998 32.889725354008725
1.9449999999999998 30.209616768247084
1.9549999999999998 27.471807849701545
1.9649999999999999 24.733542286864164
1.9749999999999999 22.046642213398666
1.9849999999999999 19.45609346571511
1.9949999999999999 16.999098440284886
2.005 14.704599113630458
2.015 12.593241859725214
2.025 10.677730486917405
2.035 8.963495823124223
2.045 7.449599776889177
2.0549999999999997 6.129788885070797
2.065 4.993616065391441
2.0749999999999997 4.02755829307345
2.085 3.216070619017982
2.0949999999999998 2.5425316817430597
2.105 1.990051085924022
2.1149999999999998 1.5421234182678893
2.125 1.1831262620922298
2.135 0.8986697269406155
2.145 0.6758124445846502
2.155 0.5031637121958265
2.165 0.3708937334052056
2.175 0.2706741201752325
2.185 0.1955694557496069
2.195 0.13989828022493547
2.205 0.09907880947044116
2.215 0.06947142998539531
2.225 0.048226834027565446
2.235 0.03314578597717738
2.245 0.02255407115567143
2.255 0.01519422754137449
2.265 0.0
2.275 0.0
2.285 0.0
2.295 0.0
2.305 0.0
2.315 0.0
2.3249999999999997 0.0
2.335 0.0
2.3449999999999998 0.0
2.355 0.0
2.3649999999999998 0.0
2.375 0.0
2.385 0.0
2.395 0.0
2.405 0.0
2.415 0.0
2.425 0.0
2.435 0.0
2.445 0.0
2.455 0.0
2.465 0.0
2.475 0.0
2.485 0.0
2.495 0.0
2.505 0.0
2.515 0.0
2.525 0.0
2.535 0.0
2.545 0.0
2.555 0.0
2.565 0.0
2.5749999999999997 0.0
2.585 0.0
2.5949999999999998 0.0
2.605 0.0
2.6149999999999998 0.0
2.625 0.0
2.635 0.0
2.645 0.0
2.655 0.0
2.665 0.0
2.675 0.0
2.685 0.0
2.695 0.0
2.705 0.0
2.715 0.0
2.725 0.0
2.735 0.0
2.745 0.0
2.755 0.0
2.765 0.0
2.775 0.0
2.785 0.0
2.795 0.0
2.805 0.0
2.815 0.0
2.8249999999999997 0.0
2.835 0.0
2.8449999999999998 0.0
2.855 0.0
2.8649999999999998 0.0
2.875 0.0
2.885 0.0
2.895 0.0
2.905 0.0
2.915 0.0
2.925 0.0
2.935 0.0
2.945 0.0
2.955 0.0
2.965 0.0
2.975 0.0
2.985 0.0
2.995 0.0
3.005 0.0
3.015 0.0
3.025 0.0
3.035 0.0
3.045 0.0
3.055 0.0
3.065 0.0
3.075 0.0
3.085 0.0
3.0949999999999998 0.0
3.105 0.0
3.1149999999999998 0.0
3.125 0.0
3.135 0.0
3.145 0.0
3.155 0.0
3.165 0.0
3.175 0.0
3.185 0.0
3.195 0.0
3.205 0.0
3.215 0.0
3.225 0.0
3.235 0.0
3.245 0.0
3.255 0.0
3.265 0.0
3.275 0.0
3.285 0.0
3.295 0.0
3.305 0.0
3.315 0.0
3.325 0.0
3.335 0.0
3.3449999999999998 0.0
3.355 0.0
3.3649999999999998 0.0
3.375 0.0
3.385 0.0
3.395 0.0
3.405 0.0
3.415 0.0
3.425 0.0
3.435 0.0
3.445 0.0
3.455 0.0035181835792568524
3.465 0.0052223360858064255
3.475 0.007674819903080017
3.485 0.01116679706772232
3.495 0.01608592760221359
3.505 0.022941438752449514
3.515 0.0323930802611317
3.525 0.04528359509878874
3.535 0.06267388337690738
3.545 0.08587947225104031
3.555 0.11650623930074046
3.565 0.1598082842748123
3.575 0.2130212125553918
3.585 0.2812046721921952
3.5949999999999998 0.36763043396317846
3.605 0.4759968881936339
3.6149999999999998 0.6104027290017828
3.625 0.7752933925942446
3.635 0.9753764373637737
3.645 1.2155033481182094
3.655 1.5005170641175722
3.665 1.8350668170082947
3.675 2.223394502886243
3.685 2.669099621692963
3.695 3.1748925611878565
3.705 3.742348409197633
3.715 4.371675263745944
3.725 5.061511915566215
3.735 5.808769598956466
3.745 6.6115742477661446
3.755 7.458535369366835
3.765 8.343272492927714
3.775 9.255742731686444
3.785 10.184485342851811
3.795 11.116909041293187
3.805 12.03964048662692
3.815 12.938918928881757
3.825 13.801019359850187
3.835 14.612685171331629
3.8449999999999998 15.361551296281077
3.855 16.039427786427577
3.8649999999999998 16.63250005034512
3.875 17.135370039064213
3.885 17.542942249549494
3.895 17.852524090004597
3.905 18.06392531450092
3.915 18.179480109565873
3.925 18.203990817656138
3.935 18.144593497639768
3.945 18.010546703835573
3.955 17.812946295639986
3.965 17.564371012004912
3.975 17.27846609668905
3.985 16.969475426190716
3.995 16.651736184124374
4.005 16.339153793643767
4.015 16.04467809602987
4.025 15.779804133667707
4.035 15.5541218804994
4.045 15.374938504182117
4.055 15.246994072911889
4.065 15.172287099527633
4.075 15.150020248340434
4.085 15.176669426793683
4.095 15.246171999876234
4.1049999999999995 15.350222713224827
4.115 15.478659765524712
4.125 15.619918877867251
4.135 15.761530514419714
4.145 15.890634725422156
4.155 15.994489281563114
4.165 16.060949514459935
4.175 16.078902095038597
4.185 16.03863933148416
4.195 15.932164933925149
4.205 15.753426151733194
4.215 15.498470465211849
4.225 15.165527499277285
4.235 14.755018575681841
4.245 14.269497510427671
4.255 13.713527142602167
4.265 13.09115035934067
4.275 12.41583821397315
4.285 11.693478788154298
4.295 10.934440559906722
4.305 10.149721062971176
4.315 9.350598436890154
4.325 8.548281517030144
4.335 7.753572870437095
4.345 6.976558946045133
4.355 6.2263403465378895
4.365 5.510813143091178
4.375 4.834291106289848
4.385 4.2070357375683285
4.395 3.629409197884876
4.405 3.103606464904182
4.415 2.6304227057148695
4.425 2.2093903789622953
4.435 1.8389497557466719
4.445 1.5166412023325846
4.455 1.2393074679703746
4.465 1.0055039985207634
4.475 0.8079235419522652
4.485 0.6440826253873262
4.495 0.5100873749786277
4.505 0.4022420733193763
4.515 0.3171587864357446
4.525 0.2518421107686821
4.535 0.20375094725469134
4.545 0.172978081633662
4.555 0.15485717169868107
4.565 0.151470199540315
4.575 0.16112990978803138
4.585 0.18435910928569604
4.595 0.2222781554567867
4.605 0.2766069161186984
4.615 0.34965724388372094
4.625 0.44431373453273515
4.635 0.5660620846179663
4.645 0.7156861739606248
4.655 0.8990095856251707
4.665 1.1189102698210507
4.675 1.384938914767559
4.685 1.7014646545194083
4.695 2.070557513773099
4.705 2.5005419530508024
4.715 2.9928891785204996
4.725 3.5528974597254837
4.735 4.18367137042865
4.745 4.887250851440301
4.755 5.664417793017938
4.765 6.514529340857373
4.775 7.435388681006302
4.785 8.423162944270453
4.795 9.472355996853372
4.805 10.575841311271848
4.815 11.724956960472937
4.825 12.909661225964802
4.835 14.11874358441709
4.845 15.34008220076646
4.855 16.560935794934565
4.865 17.77014127650583
4.875 18.95179760086173
4.885 20.09454394373018
4.895 21.18638096292015
4.905 22.216167446144397
4.915 23.17380645807458
4.925 24.050372717374245
4.935 24.838179930338313
4.945 25.530792052089986
4.955 26.122987421619897
4.965 26.610688882647494
4.975 26.99087585255556
4.985 27.263298431693627
4.995 27.42406514730937
5.005 27.474179546302537
5.015 27.414323052545463
5.025 27.246101298840454
5.035 26.972126330335104
5.045 26.596126714332065
5.055 26.123069141912083
5.065 25.55927084358596
5.075 24.91248012510237
5.085 24.191902938927676
5.095 23.40815671651366
5.105 22.57313844374857
5.115 21.69980160641895
5.125 20.801845356771313
5.135 19.893328098170016
5.145 18.98822566148357
5.155 18.09996045476892
5.165 17.240931712189152
5.175 16.422077844666475
5.185 15.652499837127175
5.195 14.93916991871497
5.205 14.286742923314298
5.215 13.697479644408418
5.225 13.17128296627758
5.235 12.705839510922598
5.245 12.296852747362658
5.255 11.938348531638255
5.265 11.623031185433666
5.275 11.341194133329271
5.285 11.087504368905343
5.295 10.850875644482361
5.305 10.62259265811364
5.315 10.39442025301863
5.325 10.158874910688295
5.335 9.909445953315931
5.345 9.64076544903623
5.355 9.34730143876191
5.365 9.028196718640636
5.375 8.683288192628032
5.385 8.31048255179636
5.395 7.911053669034952
5.405 7.487420081847629
5.415 7.043014057873761
5.425 6.582117800666225
5.435 6.109673118950956
5.445 5.6296966550211955
5.455 5.151030093447962
5.465 4.677312808033641
5.475 4.2140289156033255
5.485 3.76625912966296
5.495 3.337172791194273
5.505 2.9337545899535917
5.515 2.555762846134314
5.525 2.208603879309778
5.535 1.8917665609231116
5.545 1.6059145832252093
5.555 1.3509489568026685
5.565 1.1261001454113961
5.575 0.9300366163391413
5.585 0.7609824723532715
5.595 0.616837102077835
5.605 0.4952905510051763
5.615 0.393929443452953
5.625 0.3103296285684436
5.635 0.2421331350848303
5.645 0.18710837135490851
5.655 0.14319369838140641
5.665 0.10852546642842407
5.675 0.08019430432764107
5.685 0.059707192706782854
5.695 0.04401156736347498
5.705 0.03211915220100715
5.715 0.02320696604102063
5.725 0.016600826677832543
5.735 0.01175704333763225
5.745 0.008243726559000008
5.755 0.005722767368011653
5.765 0.00393319665704924
5.775 0.0026763461676069106
5.785 0.0018030009912369809
5.795 0.0
5.805 0.0
5.815 0.0
5.825 0.0
5.835 0.0
5.845 0.0
5.855 0.0
5.865 0.0
5.875 0.0
5.885 0.0
5.895 0.0
5.905 0.0
5.915 0.0
5.925 0.0
5.935 0.0
5.945 0.0
5.955 0.0
5.965 0.0
5.975 0.0
5.985 0.0
5.995 0.0
6.005 0.0
6.015 0.0
6.025 0.0
6.035 0.0
6.045 0.0
6.055 0.0
6.065 0.0
6.075 0.0
6.085 0.0
6.095 0.0
6.105 0.0
6.115 0.0
6.125 0.0
6.135 0.0
6.1450000000000005 0.0
6.155 0.0
6.165 0.0
6.175 0.0
6.185 0.0
6.195 0.0
6.205 0.0
6.215 0.0
6.225 0.0
6.235 0.0
6.245 0.0
6.255 0.0
6.265 0.0
6.275 0.0
6.285 0.0
6.295 0.0
6.305 0.0011629736120812048
6.315 0.0017262996442315313
6.325 0.0025369946802614126
6.335 0.0036913054787124037
6.345 0.005317377250443165
6.355 0.008729361413130996
6.365 0.0124087211856845
6.375 0.018607624093478093
6.385 0.026045203151726738
6.3950000000000005 0.037244549745065844
6.405 0.051280381623604376
6.415 0.06995526703623338
6.425 0.0945546366301652
6.435 0.12663423720251904
6.445 0.16804980729497118
6.455 0.2209815981512034
6.465 0.28795058336780066
6.475 0.3718227670636056
6.485 0.476900671663761
6.495 0.6050145524924947
6.505 0.7607173105047391
6.515 0.9480161505384864
6.525 1.1720948583458466
6.535 1.4353486846319985
6.545 1.7424135492678556
6.555 2.0968309782107393
6.565 2.5015772779654633
6.575 2.9588543601971367
6.585 3.4698789830738566
6.595 4.03468181699454
6.605 4.651929017241493
6.615 5.318779516209952
6.625 6.030790863273232
6.635 6.781885028969944
6.6450000000000005 7.56438311931578
6.655 8.369114478564239
6.665 9.185601361512786
6.675 10.00340575258528
6.685 10.808616166720288
6.695 11.589406050838429
6.705 12.333284558631888
6.715 13.029345190002351
6.725 13.664796258978601
6.735 14.230585527875025
6.745 14.718534394474778
6.755 15.122330027475758
6.765 15.437699096241507
6.775 15.662491914878492
6.785 15.79667640730979
6.795 15.842247411328529
6.805 15.804194606429718
6.815 15.686298422059645
6.825 15.497394517421752
6.835 15.243810425057044
6.845 14.936402609192793
6.855 14.58296188138983
6.865 14.194179879179288
6.875 13.780120242738715
6.885 13.350802355113819
6.8950000000000005 12.9172133010449
6.905 12.487092263603017
6.915 12.070355343828407
6.925 11.675633608615028
6.935 11.310956325334764
6.945 10.983657294981482
6.955 10.700278166846502
6.965 10.46646990624159
6.975 10.286896242753372
6.985 10.16514483963417
6.995 10.10365279553839
