0.005 0.0
0.015 0.0
0.025 0.0
0.034999999999999996 0.0
0.045 0.0
0.055 0.0
0.065 0.0
0.07500000000000001 0.0
0.085 0.0
0.095 0.0
0.10500000000000001 0.0
0.115 0.0
0.125 0.0
0.135 0.0
0.14500000000000002 0.0
0.155 0.0
0.165 0.0
0.17500000000000002 0.0
0.185 0.0
0.195 0.0
0.20500000000000002 0.0
0.215 0.0
0.225 0.0
0.23500000000000001 0.0
0.245 0.0
0.255 0.0
0.265 0.0
0.275 0.0
0.28500000000000003 0.0
0.295 0.0
0.305 0.0
0.315 0.0
0.325 0.0
0.335 0.0
0.34500000000000003 0.0
0.35500000000000004 0.0
0.365 0.0
0.375 0.0
0.385 0.0
0.395 0.0
0.405 0.0
0.41500000000000004 0.0
0.425 0.0
0.435 0.0
0.445 0.0
0.455 0.0
0.465 0.0
0.47500000000000003 0.0
0.485 0.0
0.495 0.0
0.505 0.0
0.515 0.0
0.525 0.0
0.535 0.0
0.545 0.0
0.555 0.0
0.5650000000000001 0.0
0.5750000000000001 0.0
0.585 0.0
0.595 0.0
0.605 0.0
0.615 0.0
0.625 0.0
0.635 0.0
0.645 0.0
0.655 0.0
0.665 0.0
0.675 0.0
0.685 0.0
0.6950000000000001 0.0
0.7050000000000001 0.0
0.715 0.0
0.725 0.0
0.735 0.0
0.745 0.0
0.755 0.0
0.765 0.0
0.775 0.0
0.785 0.0
0.795 0.0
0.805 0.0
0.8150000000000001 0.0
0.8250000000000001 0.0
0.8350000000000001 0.0
0.845 0.0
0.855 0.0
0.865 0.0
0.875 0.0
0.885 0.0
0.895 0.0
0.905 0.0
0.915 0.0
0.925 0.0
0.935 0.0
0.9450000000000001 0.0
0.9550000000000001 0.0
0.965 0.0
0.975 0.0
0.985 0.0
0.995 0.0
1.005 0.0
1.015 0.0
1.025 0.0
1.035 0.0
1.045 0.0
1.055 0.0
1.065 0.0
1.075 0.0
1.085 0.0
1.095 0.0
1.105 0.0
1.115 0.0
1.125 0.0
1.135 0.0
1.145 0.0
1.155 0.0
1.1649999999999998 0.0
1.1749999999999998 0.0
1.1849999999999998 0.0
1.1949999999999998 0.0
1.2049999999999998 0.0
1.2149999999999999 0.0
1.2249999999999999 0.0
1.2349999999999999 0.019558279029435386
1.2449999999999999 0.029032000192913913
1.255 0.042665843263588375
1.265 0.0620784356459669
1.275 0.08942485615200496
1.285 0.12753599985589373
1.295 0.18007954619125793
1.305 0.2517404701732941
1.315 0.34841652555344244
1.325 0.4774209882308911
1.335 0.6476812495939668
1.345 0.8699177583565222
1.355 1.1567836026510552
1.365 1.5229410970739923
1.375 1.9850486002121333
1.385 2.5616290341412107
1.395 3.272791850543259
1.405 4.139783109989716
1.4149999999999998 5.184344428747525
1.4249999999999998 6.427871117952339
1.4349999999999998 7.89037291163938
1.4449999999999998 9.589256887016303
1.4549999999999998 11.537970713579517
1.4649999999999999 13.744563959935787
1.4749999999999999 16.210244154036854
1.4849999999999999 18.928020637918944
1.4949999999999999 21.88154084428406
1.505 25.044228394568826
1.515 28.378828663557954
1.525 31.837454067050814
1.535 35.362198038985746
1.545 38.88635421029358
1.555 42.33623749042576
1.565 45.63355939901766
1.575 48.6982647274338
1.585 51.45169454875285
1.595 53.81990593750894
1.605 55.73695531462613
1.615 57.147943056080585
1.625 58.011623612142564
1.635 58.302408085586144
1.645 58.011623612142564
1.655 57.147943056080585
1.665 55.73695531462613
1.6749999999999998 53.81990593750894
1.6849999999999998 51.45169454875285
1.6949999999999998 48.6982647274338
1.7049999999999998 45.63355939901766
1.7149999999999999 42.33623749042576
1.7249999999999999 38.88635421029358
1.7349999999999999 35.362198038985746
1.7449999999999999 31.837454067050814
1.755 28.378828663557954
1.765 25.044228394568826
1.775 21.88154084428406
1.785 18.928020637918944
1.795 16.210244154036854
1.805 13.744563959935787
1.815 11.537970713579517
1.825 9.589256887016303
1.835 7.89037291163938
1.845 6.427871117952339
1.855 5.184344428747525
1.865 4.139783109989716
1.875 3.272791850543259
1.885 2.5616290341412107
1.895 1.9850486002121333
1.905 1.5229410970739923
1.915 1.1567836026510552
1.9249999999999998 0.8699177583565222
1.9349999999999998 0.6476812495939668
1.9449999999999998 0.4774209882308911
1.9549999999999998 0.34841652555344244
1.9649999999999999 0.2517404701732941
1.9749999999999999 0.18007954619125793
1.9849999999999999 0.12753599985589373
1.9949999999999999 0.08942485615200496
2.005 0.0620784356459669
2.015 0.042665843263588375
2.025 0.029032000192913913
2.035 0.019558279029435386
2.045 0.0
2.0549999999999997 0.0
2.065 0.0
2.0749999999999997 0.0
2.085 0.0
2.0949999999999998 0.0
2.105 0.0
2.1149999999999998 0.0
2.125 0.0
2.135 0.0
2.145 0.0
2.155 0.0
2.165 0.0
2.175 0.0
2.185 0.0
2.195 0.0
2.205 0.0
2.215 0.0
2.225 0.0
2.235 0.0
2.245 0.0
2.255 0.0
2.265 0.0
2.275 0.0
2.285 0.0
2.295 0.0
2.305 0.0
2.315 0.0
2.3249999999999997 0.0
2.335 0.0
2.3449999999999998 0.0
2.355 0.0
2.3649999999999998 0.0
2.375 0.0
2.385 0.0
2.395 0.0
2.405 0.0
2.415 0.0
2.425 0.0
2.435 0.0
2.445 0.0
2.455 0.0
2.465 0.0
2.475 0.0
2.485 0.0
2.495 0.0
2.505 0.0
2.515 0.0
2.525 0.0
2.535 0.0
2.545 0.0
2.555 0.0
2.565 0.0
2.5749999999999997 0.0
2.585 0.0
2.5949999999999998 0.0
2.605 0.0
2.6149999999999998 0.0
2.625 0.0
2.635 0.0
2.645 0.0
2.655 0.0
2.665 0.0
2.675 0.0
2.685 0.0
2.695 0.0
2.705 0.0
2.715 0.0
2.725 0.0
2.735 0.0
2.745 0.0
2.755 0.0
2.765 0.0
2.775 0.0
2.785 0.0
2.795 0.0
2.805 0.0
2.815 0.0
2.8249999999999997 0.005026986508269271
2.835 0.007461979300847629
2.8449999999999998 0.01096623164682306
2.855 0.01595577289684197
2.8649999999999998 0.022984514368748456
2.875 0.03278006974076377
2.885 0.046285128039961286
2.895 0.06470384972225468
2.905 0.08955211092853363
2.915 0.12270961381567709
2.925 0.16647093021158543
2.935 0.22359149432220404
2.945 0.29732347896060507
2.955 0.3914354804099945
2.965 0.5102091301850737
2.975 0.6584053011227775
2.985 0.8411926454415418
2.995 1.0640319534126246
3.005 1.3325113860126334
3.015 1.6521300947904995
3.025 2.0280311019353294
3.035 2.4646884791248804
3.045 2.9655586272533405
3.055 3.53271049485768
3.065 4.16645444803466
3.075 4.86499370582953
3.085 5.6241252330438005
3.0949999999999998 6.4370182090170385
3.105 7.294097225910651
3.1149999999999998 8.183053928816319
3.125 9.089004823849226
3.135 9.994804638829667
3.145 10.881514388610183
3.155 11.729011897105988
3.165 12.516720893106216
3.175 13.224423986124043
3.185 13.833115920730835
3.195 14.325847481618702
3.205 14.688508037230463
3.215 14.910496408305635
3.225 14.98523558257629
3.235 14.910496408305635
3.245 14.688508037230463
3.255 14.325847481618702
3.265 13.833115920730835
3.275 13.224423986124043
3.285 12.516720893106216
3.295 11.729011897105988
3.305 10.881514388610183
3.315 9.994804638829667
3.325 9.089004823849226
3.335 8.183053928816319
3.3449999999999998 7.294097225910651
3.355 6.4370182090170385
3.3649999999999998 5.6241252330438005
3.375 4.86499370582953
3.385 4.16645444803466
3.395 3.53271049485768
3.405 2.9655586272533405
3.415 2.4646884791248804
3.425 2.0280311019353294
3.435 1.6521300947904995
3.445 1.3325113860126334
3.455 1.0640319534126246
3.465 0.8411926454415418
3.475 0.6584053011227775
3.485 0.5102091301850737
3.495 0.3914354804099945
3.505 0.3007521450472501
3.515 0.2286809520571666
3.525 0.17395047018725582
3.535 0.13359228026557113
3.545 0.10522874439562149
3.555 0.087061561097277
3.565 0.07785399112833176
3.575 0.07691145836755571
3.585 0.0840637086779149
3.5949999999999998 0.10292603080314261
3.605 0.12937078732791044
3.6149999999999998 0.1671093356595059
3.625 0.21821491010703356
3.635 0.28195760189223196
3.645 0.36935084858838285
3.655 0.4792291461199978
3.665 0.6159024960579011
3.675 0.7840832882575735
3.685 0.9888078795676731
3.695 1.235322274818173
3.705 1.5289299090900608
3.715 1.8748016667991958
3.725 2.2777508643285747
3.735 2.741978831770303
3.745 3.2707997605299495
3.755 3.8663563947275765
3.765 4.529340664862604
3.775 5.258735218500482
3.785 6.051592747553778
3.795 6.902869854091027
3.805 7.805330828314067
3.815 8.749534127199356
3.825 9.723910644785244
3.835 10.714938266555762
3.8449999999999998 11.707412002488221
3.855 12.68480356043454
3.8649999999999998 13.629698945255114
3.875 14.524297930065115
3.885 15.35095537714361
3.895 16.092741643540567
3.905 16.733997850191642
3.915 17.260861680648148
3.925 17.66174056620497
3.935 17.927711486040742
3.945 18.052829981253666
3.955 18.034335130714073
3.965 17.872741929259362
3.975 17.571817510432176
3.985 17.13844274252126
3.995 16.58236568754049
4.005 15.91585804996781
4.015 15.155972158642228
4.025 14.314622682044025
4.035 13.410822944876283
4.045 12.462385307682371
4.055 11.489815842845836
4.065 10.50655422118853
4.075 9.53106378584439
4.085 8.57883944967924
4.095 7.663881603118242
4.1049999999999995 6.7985053016121855
4.115 5.993244455220298
4.125 5.2568478700511525
4.135 4.598900577188814
4.145 4.021034704972907
4.155 3.5292288400358287
4.165 3.1292009819141766
4.175 2.8195364642649716
4.185 2.6038697782173923
4.195 2.4838421955105514
4.205 2.4634109576152317
4.215 2.5402880579459217
4.225 2.7177083083008577
4.235 2.9972611772433666
4.245 3.3804303960427005
4.255 3.868423862855118
4.265 4.46195127893837
4.275 5.160966894986668
4.285 5.964397909519737
4.295 6.869880706015449
4.305 7.8735270409661515
4.315 8.967453586854049
4.325 10.1495892844206
4.335 11.407331852270707
4.345 12.729658163872802
4.355 14.103832430162392
4.365 15.515616087395472
4.375 16.949537596835498
4.385 18.389204582875124
4.395 19.817638171870165
4.405 21.215424055802984
4.415 22.570513580846043
4.425 23.86293235179385
4.435 25.07655401358616
4.445 26.196035113242473
4.455 27.206983675883407
4.465 28.096095003236176
4.475 28.851268046702046
4.485 29.461717436004772
4.495 29.91809547801422
4.505 30.212635204164112
4.515 30.339320202802185
4.525 30.294080188698086
4.535 30.07500391860053
4.545 29.68255414757232
4.555 29.119763799755816
4.565 28.39451015245797
4.575 27.51214402330415
4.585 26.48558016786454
4.595 25.32905745939803
4.605 24.06142548525259
4.615 22.698476929899307
4.625 21.262446132076956
4.635 19.7754553102449
4.645 18.26033456608198
4.655 16.740021274572598
4.665 15.236964327742854
4.675 13.772565880746043
4.685 12.366689599915464
4.695 11.037258261514836
4.705 9.799955571461687
4.715 8.66803810818832
4.725 7.65225423903936
4.735 6.7608586030454685
4.745 5.999704052836028
4.755 5.37238838590611
4.765 4.880431121453981
4.775 4.523456094544574
4.785 4.299358598432208
4.795 4.204440839743917
4.805 4.233506029681768
4.815 4.379908839407783
4.825 4.633778428647256
4.835 4.989767959573171
4.845 5.434275896556095
4.855 5.954874050398072
4.865 6.535899646926497
4.875 7.1661667182433995
4.885 7.826597889660922
4.895 8.49973891839981
4.905 9.167465698636205
4.915 9.811410094081488
4.925 10.41345768854272
4.935 10.956296537349136
4.945 11.422293450426574
4.955 11.801414626849184
4.965 12.079653833951784
4.975 12.246743709103772
4.985 12.301211788412145
4.995 12.238650854080383
5.005 12.060598880354739
5.015 11.770288085665618
5.025 11.379531843481328
5.035 10.89661390662502
5.045 10.334465770299506
5.055 9.707627450441041
5.065 9.03162593918298
5.075 8.322342683385171
5.085 7.59540561385606
5.095 6.865637396899229
5.105 6.146585680895129
5.115 5.450153798795654
5.125 4.788055156595693
5.135 4.165646681569109
5.145 3.590044270745467
5.155 3.0652343814907015
5.165 2.59336894707675
5.175 2.1749826607196168
5.185 1.8109312471047363
5.195 1.496785776945183
5.205 1.231104362649165
5.215 1.010873385642283
5.225 0.8328977637577788
5.235 0.6940428695149723
5.245 0.5914392210351876
5.255 0.5226457164783058
5.265 0.4857693307334766
5.275 0.47954081673330007
5.285 0.5033470852728469
5.295 0.5572216735899971
5.305 0.6417951948100716
5.315 0.7582080478739431
5.325 0.9079881162198867
5.335 1.092896821625627
5.345 1.314747809955416
5.355 1.575203752089403
5.365 1.8755582048018433
5.375 2.215096467796048
5.385 2.59701379581497
5.395 3.0181237014093765
5.405 3.476143428216487
5.415 3.9660490293464123
5.425 4.486036275520329
5.435 5.027577174359603
5.445 5.582817426438387
5.455 6.142623397914978
5.465 6.696791590641408
5.475 7.234329518923573
5.485 7.743799047647753
5.495 8.213708411873505
5.505 8.632934913677271
5.515 8.991157069566377
5.525 9.279273090305
5.535 9.48978224506768
5.545 9.617106997594274
5.555 9.65783676515397
5.565 9.610878559038957
5.575 9.477505304143389
5.585 9.26129888669745
5.595 8.967991458835964
5.605 8.605214730659991
5.615 8.182172425386817
5.625 7.709255352544
5.635 7.197621367152149
5.645 6.658763661717096
5.655 6.104090359223601
5.665 5.544536356639865
5.675 4.990225050602229
5.685 4.4501932954883525
5.695 3.932188092612447
5.705 3.4439413005079915
5.715 2.9881837665796285
5.725 2.569336306832625
5.735 2.190919264890907
5.745 1.8517350959609769
5.755 1.5526476891606507
5.765 1.292760520322913
5.775 1.0705552039515605
5.785 0.8841053612133307
5.795 0.7312824817722522
5.805 0.6099456882404022
5.815 0.518109079190729
5.825 0.4540819605219495
5.835 0.4165786655799526
5.845 0.40479576097045955
5.855 0.41845524575941506
5.865 0.4578129377892206
5.875 0.5236317037545767
5.885 0.617119655078023
5.895 0.7398340296012254
5.905 0.8935523236935984
5.915 1.0801134088415854
5.925 1.301232886863561
5.935 1.5571563822181667
5.945 1.851401243864292
5.955 2.182394073627308
5.965 2.5492911002605987
5.975 2.9500872251309365
5.985 3.381475164975847
5.995 3.837637995909706
6.005 4.315075293983957
6.015 4.804680432052436
6.025 5.297767221899213
6.035 5.784607708788313
6.045 6.254722220072449
6.055 6.698490371850541
6.065 7.103146480651198
6.075 7.459188821482574
6.085 7.757196907681971
6.095 7.990338341068448
6.105 8.150397353718233
6.115 8.23399066026203
6.125 8.239214018988243
6.135 8.16660028365569
6.1450000000000005 8.019140361110923
6.155 7.802193038521023
6.165 7.5232901751399215
6.175 7.193059642915701
6.185 6.820613516764228
6.195 6.418892607387387
6.205 6.0007316552448104
6.215 5.579227607004573
6.225 5.167318071277084
6.235 4.777394042440168
6.245 4.42095980293122
6.255 4.1083479723274845
6.265 3.8484928594789354
6.275 3.6487610772045542
6.285 3.514835168895516
6.295 3.450643993573123
6.305 3.4583328744725605
6.315 3.53826692800723
6.325 3.6890623093283006
6.335 3.907641994307837
6.345 4.189314774610381
6.355 4.527877987099087
6.365 4.91574580108562
6.375 5.344105412671256
6.385 5.803103132676457
6.3950000000000005 6.282061123313886
6.405 6.769723582891009
6.415 7.2545287423303995
6.425 7.724900432503561
6.435 8.169550540644767
6.445 8.577781710171429
6.455 8.940891038531646
6.465 9.248525688147552
6.475 9.494210265909048
6.485 9.672318041419226
6.495 9.778952505696845
6.505 9.812029628301577
6.515 9.770365305700905
6.525 9.657700612570745
6.535 9.477028257643857
6.545 9.23064224329258
6.555 8.927754310387792
6.565 8.574537819881733
6.575 8.180588958318992
6.585 7.75352223768356
6.595 7.303841599792605
6.605 6.841591968668621
6.615 6.376846242465689
6.625 5.920563226957157
6.635 5.480609527718063
6.6450000000000005 5.066694001435951
6.655 4.687102956649422
6.665 4.350372829549057
6.675 4.061360298913515
6.685 3.826331358463588
6.695 3.6497572406103607
6.705 3.5350043925662833
6.715 3.4843205950748874
6.725 3.4988409099702844
6.735 3.5786118411730414
6.745 3.7237445059132908
6.755 3.9305578884391785
6.765 4.196941355842252
6.775 4.5192161173941585
6.785 4.892967321904554
6.795 5.313139474900193
6.805 5.774134607611974
6.815 6.26991063174659
6.825 6.794077562666393
6.835 7.339989692042338
6.845 7.900832323465549
6.855 8.469702313194048
6.865 9.038845402387533
6.875 9.603356694367761
6.885 10.155277229011284
6.8950000000000005 10.68806994897069
6.905 11.19460021822207
6.915 11.670784104904726
6.925 12.109755406523023
6.935 12.506288471824233
6.945 12.85562396179197
6.955 13.153532725793688
6.965 13.396376822609504
6.975 13.581165531646231
6.985 13.704797210216842
6.995 13.767598364623304
