0.005 0.0
0.015 0.0
0.025 0.0
0.034999999999999996 0.0
0.045 0.0
0.055 0.0
0.065 0.0
0.07500000000000001 0.0
0.085 0.0
0.095 0.0
0.10500000000000001 0.0
0.115 0.0
0.125 0.0
0.135 0.0
0.14500000000000002 0.0
0.155 0.0
0.165 0.0
0.17500000000000002 0.0
0.185 0.0
0.195 0.0
0.20500000000000002 0.0
0.215 0.0
0.225 0.0
0.23500000000000001 0.0
0.245 0.0
0.255 0.0
0.265 0.0
0.275 0.0
0.28500000000000003 0.0
0.295 0.0
0.305 0.0
0.315 0.0
0.325 0.0
0.335 0.0
0.34500000000000003 0.0
0.35500000000000004 0.0
0.365 0.0
0.375 0.0
0.385 0.0
0.395 0.0
0.405 0.0
0.41500000000000004 0.0
0.425 0.0
0.435 0.0
0.445 0.0
0.455 0.0
0.465 0.0
0.47500000000000003 0.0
0.485 0.0
0.495 0.0
0.505 0.0
0.515 0.0
0.525 0.0
0.535 0.0
0.545 0.0
0.555 0.0
0.5650000000000001 0.0
0.5750000000000001 0.0
0.585 0.0
0.595 0.0
0.605 0.0
0.615 0.0
0.625 0.0
0.635 0.0
0.645 0.0
0.655 0.0
0.665 0.0
0.675 0.0
0.685 0.0
0.6950000000000001 0.0
0.7050000000000001 0.0
0.715 0.0
0.725 0.0
0.735 0.0
0.745 0.0
0.755 0.0
0.765 0.0
0.775 0.0
0.785 0.0
0.795 0.0
0.805 0.0
0.8150000000000001 0.0
0.8250000000000001 0.0
0.8350000000000001 0.0
0.845 0.0
0.855 0.0
0.865 0.0
0.875 0.0
0.885 0.0
0.895 0.0
0.905 0.0
0.915 0.0
0.925 0.0
0.935 0.0
0.9450000000000001 0.0
0.9550000000000001 0.0
0.965 0.0
0.975 0.0
0.985 0.0
0.995 0.0
1.005 0.0
1.015 0.0
1.025 0.0
1.035 0.0
1.045 0.0
1.055 0.0
1.065 0.0
1.075 0.0
1.085 0.0
1.095 0.0
1.105 0.0
1.115 0.0
1.125 0.0
1.135 0.0
1.145 0.0
1.155 0.0
1.1649999999999998 0.0
1.1749999999999998 0.0
1.1849999999999998 0.0
1.1949999999999998 0.0
1.2049999999999998 0.0
1.2149999999999999 0.0
1.2249999999999999 0.0
1.2349999999999999 0.0
1.2449999999999999 0.0
1.255 0.0
1.265 0.0
1.275 0.0
1.285 0.0
1.295 0.0
1.305 0.0
1.315 0.0
1.325 0.0
1.335 0.0
1.345 0.0
1.355 0.0
1.365 0.0
1.375 0.0
1.385 0.0
1.395 0.0
1.405 0.0
1.4149999999999998 0.0
1.4249999999999998 0.0
1.4349999999999998 0.0
1.4449999999999998 0.0
1.4549999999999998 0.0
1.4649999999999999 0.0
1.4749999999999999 0.0
1.4849999999999999 0.0
1.4949999999999999 0.0
1.505 0.0
1.515 0.0
1.525 0.0
1.535 0.0
1.545 0.0
1.555 0.0
1.565 0.0
1.575 0.0
1.585 0.0
1.595 0.0
1.605 0.0
1.615 0.0
1.625 0.0
1.635 0.0
1.645 0.0
1.655 0.0
1.665 0.0
1.6749999999999998 0.0
1.6849999999999998 0.0
1.6949999999999998 0.0
1.7049999999999998 0.0
1.7149999999999999 0.0
1.7249999999999999 0.011578407630702564
1.7349999999999999 0.017186805243052952
1.7449999999999999 0.025257975125010382
1.755 0.0367501369575302
1.765 0.05293908708872446
1.775 0.07550070186126134
1.785 0.10660622995593426
1.795 0.1490291541717136
1.805 0.20626091651824185
1.815 0.2826309413456448
1.825 0.3834242016526872
1.835 0.5149871517979664
1.845 0.6848103594313651
1.855 0.9015738446585136
1.865 1.175139276079502
1.875 1.5164721349609487
1.885 1.9374771205074253
1.895 2.450731798949196
1.905 3.069107103117831
1.915 3.805268954863688
1.9249999999999998 4.671063021021412
1.9349999999999998 5.676794208033234
1.9449999999999998 6.830423471915684
1.9549999999999998 8.136716118779805
1.9649999999999999 9.596386999396959
1.9749999999999999 11.205297677691581
1.9849999999999999 12.953767512043838
1.9949999999999999 14.82606341346918
2.005 16.800130822043275
2.015 18.84762051698396
2.025 20.934252088171966
2.035 23.020535684200414
2.045 25.062850083928492
2.0549999999999997 27.014848881464076
2.065 28.829139776229603
2.0749999999999997 30.459157059743365
2.085 31.861126873826837
2.0949999999999998 32.99601093510041
2.105 33.83130892874784
2.1149999999999998 34.342603686622354
2.125 34.514746703967695
2.135 34.342603686622354
2.145 33.83130892874784
2.155 32.99601093510041
2.165 31.861126873826837
2.175 30.459157059743365
2.185 28.829139776229603
2.195 27.014848881464076
2.205 25.062850083928492
2.215 23.020535684200414
2.225 20.934252088171966
2.235 18.855150703704474
2.245 16.811308512165894
2.255 14.842490306954012
2.265 12.977668501033115
2.275 11.239727387139254
2.285 9.645489984943763
2.295 8.206049039397481
2.305 6.927346761672556
2.315 5.810939011366018
2.3249999999999997 4.8548761868046535
2.335 4.054634491446961
2.3449999999999998 3.4040365282507725
2.355 2.8961082305915355
2.3649999999999998 2.5238288546276477
2.375 2.280741147914609
2.385 2.1613991053186057
2.395 2.1616404228522046
2.405 2.278679623375815
2.415 2.5110258376756076
2.425 2.858236513142584
2.435 3.3205250847789527
2.445 3.898247044825551
2.455 4.591294944446723
2.465 5.398438545807546
2.475 6.316651320551216
2.485 7.340468293458226
2.495 8.461422269004585
2.505 9.66760512635228
2.515 10.943397563589555
2.525 12.269404030732385
2.535 13.614896979469075
2.545 14.971742025102797
2.555 16.299991060935064
2.565 17.569502024143073
2.5749999999999997 18.74945263900062
2.585 19.809558216038784
2.5949999999999998 20.721349786460188
2.605 21.45943823178904
2.6149999999999998 22.00268649701331
2.625 22.335214519762083
2.635 22.447170248441587
2.645 22.335214519762083
2.655 22.00268649701331
2.665 21.45943823178904
2.675 20.721349786460188
2.685 19.809558216038784
2.695 18.74945263900062
2.705 17.569502024143073
2.715 16.299991060935064
2.725 14.971742025102797
2.735 13.614896979469075
2.745 12.257825623101683
2.755 10.926210758346501
2.765 9.64234715122727
2.775 8.424672132047055
2.785 7.287529206369502
2.795 6.241150618689955
2.805 5.291832315851612
2.815 4.44226579027501
2.8249999999999997 3.691986128307309
2.835 3.037894143433308
2.8449999999999998 2.474812311489897
2.855 1.996038685877641
2.8649999999999998 1.5938692639444498
2.875 1.260066578193691
2.885 0.9862598292391038
2.895 0.7642690129536601
2.905 0.5863517341202223
2.915 0.4453764316423395
2.925 0.3349294251329414
2.935 0.2493655365832733
2.945 0.1838131657832414
2.955 0.13414480333278317
2.965 0.09692328975687202
2.975 0.06933292061767551
2.985 0.04910298554680508
2.995 0.03442970944767407
3.005 0.02390098898927726
3.015 0.016426893484831336
3.025 0.01117769012261847
3.035 0.0075301867205172955
3.045 0.0
3.055 0.0
3.065 0.0
3.075 0.0
3.085 0.0
3.0949999999999998 0.0
3.105 0.0
3.1149999999999998 0.0
3.125 0.0
3.135 0.0
3.145 0.0
3.155 0.0
3.165 0.0
3.175 0.0
3.185 0.0
3.195 0.0
3.205 0.0
3.215 0.0
3.225 0.0
3.235 0.0
3.245 0.0
3.255 0.0
3.265 0.0
3.275 0.0
3.285 0.0
3.295 0.0
3.305 0.003808823230374267
3.315 0.005653756989179886
3.325 0.008308842241246731
3.335 0.012089294126431047
3.3449999999999998 0.017414797537759964
3.355 0.024836647346582027
3.3649999999999998 0.038757489541371475
3.375 0.05449949866099967
3.385 0.0758975464060014
3.395 0.10468108506856104
3.405 0.14299506999362008
3.415 0.19346108920560862
3.425 0.2592349020731109
3.435 0.34405539571230515
3.445 0.4522788829511595
3.455 0.5888917318436884
3.465 0.7594936724091831
3.475 0.9702439237680415
3.485 1.2277626770605792
3.495 1.5389815927283779
3.505 1.9109389243405135
3.515 2.350517706529054
3.525 2.8641291053116005
3.535 3.4573473955454164
3.545 4.134507871972277
3.555 4.898283988298284
3.565 5.749264740197883
3.575 6.68555729387509
3.585 7.7024426257206615
3.5949999999999998 8.79211302609008
3.605 9.943519361518629
3.6149999999999998 11.14235275198972
3.625 12.371179751914989
3.635 13.609742385972252
3.645 14.83542486735261
3.655 16.023878110001093
3.665 17.149782005046795
3.675 18.187714745359457
3.685 19.113089167754232
3.695 19.903109004892617
3.705 20.537693823073518
3.715 21.003408419156777
3.725 21.283317569234253
3.735 21.37221735094392
3.745 21.2680423127255
3.755 20.974045667882628
3.765 20.49869065127117
3.775 19.855320517234887
3.785 19.061628664813657
3.795 18.138961974747133
3.805 17.11149934471497
3.815 16.00535296744908
3.825 14.847641773904922
3.835 13.665584660571259
3.8449999999999998 12.485655965663497
3.855 11.332837772099296
3.8649999999999998 10.229993835817066
3.875 9.197379239393813
3.885 8.25228926080069
3.895 7.408841368795165
3.905 6.677876499353141
3.915 6.066960396130416
3.925 5.580463105030725
3.935 5.21969470155995
3.945 4.98307772414449
3.955 4.866341071433788
3.965 4.8627256031793165
3.975 4.963197569543422
3.985 5.1566714776826625
3.995 5.4302483579858105
4.005 5.769478041121776
4.015 6.158654644085967
4.025 6.581152888208374
4.035 7.019809301899029
4.045 7.45734721264963
4.055 7.876838326521901
4.065 8.262187382019818
4.075 8.598620648251527
4.085 8.873154667137765
4.095 9.075019232518034
4.1049999999999995 9.196008561243303
4.115 9.228196691019814
4.125 9.177657109247914
4.135 9.037388426766915
4.145 8.812756214466516
4.155 8.510076775544041
4.165 8.137993172789248
4.175 7.704599118641988
4.185 7.2276369404966125
4.195 6.718923969711566
4.205 6.190580895370323
4.215 5.65398857494375
4.225 5.123945753010761
4.235 4.6128598250388
4.245 4.132154478972999
4.255 3.6921251719975388
4.265 3.3018836275398993
4.275 2.9693810253155712
4.285 2.701493755209524
4.295 2.5041514463051895
4.305 2.3824846793149645
4.315 2.340969399079378
4.325 2.3835464762814276
4.335 2.5136979200584264
4.345 2.7344656254605635
4.355 3.048403905356107
4.365 3.4574630300192366
4.375 3.962807196567306
4.385 4.564576400786639
4.395 5.261607231999898
4.405 6.051132332080474
4.415 6.92848186234956
4.425 7.886812559548248
4.435 8.916890639272262
4.445 10.006953791148169
4.455 11.142674751229567
4.465 12.307244471902564
4.475 13.481586880322826
4.485 14.644709877389744
4.495 15.774188947836464
4.505 16.846771000119816
4.515 17.83907738947987
4.525 18.72631772101315
4.535 19.492034595574854
4.545 20.114221952354498
4.555 20.576942985641008
4.565 20.86791226339644
4.575 20.97903365144107
4.585 20.90677381350865
4.595 20.652347293642705
4.605 20.221699747542402
4.615 19.625287691558675
4.625 18.87766531418302
4.635 17.996900513831118
4.645 17.003852480517978
4.655 15.921351030770461
4.665 14.773322927978654
4.675 13.583912217964816
4.685 12.376640110340231
4.695 11.17364535761449
4.705 9.995038905426844
4.715 8.858397495784931
4.725 7.778410720777579
4.735 6.766685613736497
4.745 5.831703055470793
4.755 4.9789117755126835
4.765 4.210939076950844
4.775 3.52789293141746
4.785 2.9277278793663672
4.795 2.4066471235732054
4.805 1.9595150412960716
4.815 1.5821801249019396
4.825 1.2650866334636912
4.835 1.00275151675892
4.845 0.7884844641069098
4.855 0.615901077487053
4.865 0.47910049654089687
4.875 0.3727930684410852
4.885 0.29425541764022045
4.895 0.2367950330459315
4.905 0.19867416938889543
4.915 0.17769153531570753
4.925 0.17241411295368403
4.935 0.18044551040582377
4.945 0.20577942570918362
4.955 0.24661156874520124
4.965 0.3042721460069985
4.975 0.3806169720681717
4.985 0.4779591165582366
4.995 0.5989850818937665
5.005 0.7450013483298993
5.015 0.9213354281262749
5.025 1.1325531863475864
5.035 1.379283719963418
5.045 1.6642428840918182
5.055 1.991339807523383
5.065 2.359305213815996
5.075 2.7698591107896235
5.085 3.222449688292712
5.095 3.715274624007046
5.105 4.245168203385348
5.115 4.807538436720494
5.125 5.396364917588975
5.135 6.004265592482215
5.145 6.622637078513024
5.155 7.243563175925645
5.165 7.854141725504194
5.175 8.444892065704675
5.185 9.005247635149182
5.195 9.525111009181506
5.205 9.99528501264245
5.215 10.407885866662824
5.225 10.756713687709498
5.235 11.037556793997084
5.245 11.248409126350504
5.255 11.389584540449153
5.265 11.463717522280428
5.275 11.475646644689188
5.285 11.432184351198575
5.295 11.34178389563284
5.305 11.214120937981818
5.315 11.059612883959367
5.325 10.888903119198678
5.335 10.712339506873429
5.345 10.539476715396464
5.355 10.380208729265222
5.365 10.238848536565508
5.375 10.121365524883368
5.385 10.03065477288473
5.395 9.967542415478544
5.405 9.930850609437766
5.415 9.917566950235182
5.425 9.92310458174276
5.435 9.941634773004184
5.445 9.968001089811908
5.455 9.992751423124094
5.465 10.00983973841154
5.475 10.012605813812677
5.485 9.995171326884662
5.495 9.952764719504195
5.505 9.88198231344445
5.515 9.780975875566071
5.525 9.649560301655983
5.535 9.48923847130381
5.545 9.303143576763269
5.555 9.095902339490891
5.565 8.873425505301222
5.575 8.642634846262325
5.585 8.411138554047783
5.595 8.186869299459994
5.605 7.977701225373856
5.615 7.791063572548923
5.625 7.632287097218556
5.635 7.509830463743596
5.645 7.427280841022357
5.655 7.3848658925589525
5.665 7.384200154116156
5.675 7.424093259093789
5.685 7.50154236463675
5.695 7.610609156044045
5.705 7.748044818719025
5.715 7.904666157596788
5.725 8.072277108380465
5.735 8.242176061877451
5.745 8.405554896495083
5.755 8.55389839544177
5.765 8.679364873865467
5.775 8.775130080255945
5.785 8.835678506133975
5.795 8.857028975058842
5.805 8.836884617610817
5.815 8.774700914451575
5.825 8.671669263779506
5.835 8.530617379155085
5.845 8.355831636601202
5.855 8.15281015456997
5.865 7.926786890291622
5.875 7.687471329638142
5.885 7.440322585726697
5.895 7.192356612329272
5.905 6.95003305252415
5.915 6.718932735726245
5.925 6.503487265889704
5.935 6.306776505807351
5.945 6.1304059800568655
5.955 5.974471489810357
5.965 5.836482748402356
5.975 5.716406550514135
5.985 5.608824125224793
5.995 5.509169349589571
6.005 5.412357607536522
6.015 5.314399989098147
6.025 5.208278617725121
6.035 5.090311968125142
6.045 4.9567588204872335
6.055 4.804889017912445
6.065 4.633137591329752
6.075 4.44118376161912
6.085 4.229954502231758
6.095 4.001557615944674
6.105 3.7591538055874367
6.115 3.5067806425351633
6.125 3.2491434243459705
6.135 2.991388573411342
6.1450000000000005 2.738874517608678
6.155 2.496953100794726
6.165 2.270931993964502
6.175 2.0662090913990947
6.185 1.8864004150102005
6.195 1.7352825687989917
6.205 1.6159566632715876
6.215 1.5308073971056704
6.225 1.4814829081698115
6.235 1.4688903726710176
6.245 1.4932029770109914
6.255 1.55285440011931
6.265 1.6489903017736185
6.275 1.7782191727706924
6.285 1.9380342560078663
6.295 2.1265008783959485
6.305 2.338219370101827
6.315 2.5699554697891815
6.325 2.8173647372426958
6.335 3.0758882914263395
6.345 3.3408852798854913
6.355 3.6077754951687897
6.365 3.8721855447334352
6.375 4.130090456633811
6.385 4.377941812838856
6.3950000000000005 4.6127736067398954
6.405 4.8334071201461475
6.415 5.036521631357212
6.425 5.222029152903245
6.435 5.389773952661306
6.445 5.540218252457957
6.455 5.673391788164979
6.465 5.792916515566733
6.475 5.900181135055347
6.485 5.995358569228392
6.495 6.081123818400256
6.505 6.159356860092078
6.515 6.2318072209535185
6.525 6.300045750761141
6.535 6.365441380474853
6.545 6.4291602357449396
6.555 6.492182394294553
6.565 6.555330225250929
6.575 6.619301717354476
6.585 6.684702466075012
6.595 6.7520709241187005
6.605 6.8218929320924
6.615 6.894603207729055
6.625 6.970573157270935
6.635 7.050085891367882
6.6450000000000005 7.133300549343389
6.655 7.22020889857899
6.665 7.310587684892747
6.675 7.403950420987504
6.685 7.499502297220342
6.695 7.596101768450373
6.705 7.692232178524193
6.715 7.7859865600874105
6.725 7.876174650945589
6.735 7.958453430013602
6.745 8.03063195649906
6.755 8.089536874200501
6.765 8.131840686195957
6.775 8.15417447298151
6.785 8.153260256470913
6.795 8.127187710655146
6.805 8.071601731740211
6.815 7.9852345305645045
6.825 7.865946768211016
6.835 7.715298611235213
6.845 7.532622955999434
6.855 7.319576773294873
6.865 7.078912489678666
6.875 6.814471561555517
6.885 6.531126797147698
6.8950000000000005 6.234673261243922
6.905 5.932836921896158
6.915 5.630972808448307
6.925 5.337380392944876
6.935 5.059671253587748
6.945 4.805277968138567
6.955 4.581184089188877
6.965 4.393665323970705
6.975 4.247244362069701
6.985 4.147999278938228
6.995 4.097633733064676
