0.005 0.0
0.015 0.0
0.025 0.0
0.034999999999999996 0.0
0.045 0.0
0.055 0.0
0.065 0.0
0.07500000000000001 0.0
0.085 0.0
0.095 0.0
0.10500000000000001 0.0
0.115 0.0
0.125 0.0
0.135 0.0
0.14500000000000002 0.0
0.155 0.0
0.165 0.0
0.17500000000000002 0.0
0.185 0.0
0.195 0.0
0.20500000000000002 0.0
0.215 0.0
0.225 0.0
0.23500000000000001 0.0
0.245 0.0
0.255 0.0
0.265 0.0
0.275 0.0
0.28500000000000003 0.0
0.295 0.0
0.305 0.0
0.315 0.0
0.325 0.0
0.335 0.0
0.34500000000000003 0.0
0.35500000000000004 0.0
0.365 0.0
0.375 0.0
0.385 0.0
0.395 0.0
0.405 0.0
0.41500000000000004 0.0
0.425 0.0
0.435 0.0
0.445 0.0
0.455 0.0
0.465 0.0
0.47500000000000003 0.0
0.485 0.0
0.495 0.0
0.505 0.0
0.515 0.0
0.525 0.0
0.535 0.0
0.545 0.0
0.555 0.0
0.5650000000000001 0.0
0.5750000000000001 0.0
0.585 0.0
0.595 0.0
0.605 0.0
0.615 0.0
0.625 0.0
0.635 0.0
0.645 0.0
0.655 0.0
0.665 0.0
0.675 0.0
0.685 0.0
0.6950000000000001 0.0
0.7050000000000001 0.0
0.715 0.0
0.725 0.0
0.735 0.0
0.745 0.0
0.755 0.0
0.765 0.0
0.775 0.0
0.785 0.0
0.795 0.0
0.805 0.0
0.8150000000000001 0.0
0.8250000000000001 0.0
0.8350000000000001 0.0
0.845 0.0
0.855 0.0
0.865 0.0
0.875 0.0
0.885 0.0
0.895 0.0
0.905 0.0
0.915 0.0
0.925 0.0
0.935 0.0
0.9450000000000001 0.0
0.9550000000000001 0.0
0.965 0.0
0.975 0.0
0.985 0.0
0.995 0.0
1.005 0.0
1.015 0.0
1.025 0.0
1.035 0.0
1.045 0.0
1.055 0.0
1.065 0.0
1.075 0.0
1.085 0.0
1.095 0.0
1.105 0.0
1.115 0.0
1.125 0.0
1.135 0.0
1.145 0.0
1.155 0.0
1.1649999999999998 0.0
1.1749999999999998 0.0
1.1849999999999998 0.0
1.1949999999999998 0.0
1.2049999999999998 0.0
1.2149999999999999 0.0
1.2249999999999999 0.0
1.2349999999999999 0.0
1.2449999999999999 0.0
1.255 0.0
1.265 0.0
1.275 0.0
1.285 0.0
1.295 0.0
1.305 0.0
1.315 0.0
1.325 0.0
1.335 0.0
1.345 0.0
1.355 0.0
1.365 0.0
1.375 0.0
1.385 0.0
1.395 0.0
1.405 0.0
1.4149999999999998 0.0
1.4249999999999998 0.0
1.4349999999999998 0.0
1.4449999999999998 0.015359380571318587
1.4549999999999998 0.022799221702403134
1.4649999999999999 0.03350606273156342
1.4749999999999999 0.04875103361208365
1.4849999999999999 0.07022654682995977
1.4949999999999999 0.10015574250588108
1.505 0.14141889881513373
1.515 0.19769518988736512
1.525 0.2736162013670973
1.535 0.37492514755194983
1.545 0.5086328294247727
1.555 0.6831581600935931
1.565 0.9084377804937909
1.575 1.1959862042287348
1.585 1.5588854651953272
1.595 2.011681864171151
1.605 2.5701676250528003
1.615 3.251027566042678
1.625 4.071335671921193
1.635 5.0478939693738045
1.645 6.196416372682814
1.655 7.530572894586269
1.665 9.060924171491994
1.6749999999999998 10.793791638301302
1.6849999999999998 12.730123583017106
1.6949999999999998 14.864430147562024
1.7049999999999998 17.183869440066626
1.7149999999999999 19.66757067164668
1.7249999999999999 22.28627728215892
1.7349999999999999 25.002382505217017
1.7449999999999999 27.770411532716402
1.755 30.53797895244764
1.765 33.247218868006236
1.775 35.8366502788164
1.785 38.243404748739216
1.795 40.40571036051665
1.805 42.2654987365027
1.815 43.77098349376778
1.825 44.87905121638529
1.835 45.557311217310684
1.845 45.78566819008567
1.855 45.557311217310684
1.865 44.87905121638529
1.875 43.77098349376778
1.885 42.2654987365027
1.895 40.40571036051665
1.905 38.243404748739216
1.915 35.8366502788164
1.9249999999999998 33.247218868006236
1.9349999999999998 30.53797895244764
1.9449999999999998 27.770411532716402
1.9549999999999998 25.002382505217017
1.9649999999999999 22.28627728215892
1.9749999999999999 19.66757067164668
1.9849999999999999 17.183869440066626
1.9949999999999999 14.864430147562024
2.005 12.730123583017106
2.015 10.793791638301302
2.025 9.060924171491994
2.035 7.530572894586269
2.045 6.196416372682814
2.0549999999999997 5.0478939693738045
2.065 4.071335671921193
2.0749999999999997 3.251027566042678
2.085 2.5701676250528003
2.0949999999999998 2.011681864171151
2.105 1.5588854651953272
2.1149999999999998 1.1959862042287348
2.125 0.9084377804937909
2.135 0.6831581600935931
2.145 0.5086328294247727
2.155 0.37492514755194983
2.165 0.2736162013670973
2.175 0.19769518988736512
2.185 0.14141889881513373
2.195 0.10015574250588108
2.205 0.07022654682995977
2.215 0.04875103361208365
2.225 0.03350606273156342
2.235 0.022799221702403134
2.245 0.015359380571318587
2.255 0.0
2.265 0.0
2.275 0.0
2.285 0.0
2.295 0.0
2.305 0.0
2.315 0.0
2.3249999999999997 0.0
2.335 0.0
2.3449999999999998 0.0
2.355 0.0
2.3649999999999998 0.0
2.375 0.0
2.385 0.0
2.395 0.0
2.405 0.0
2.415 0.0
2.425 0.0
2.435 0.0
2.445 0.0
2.455 0.0
2.465 0.0
2.475 0.0
2.485 0.0
2.495 0.0
2.505 0.0
2.515 0.0
2.525 0.0
2.535 0.0
2.545 0.0
2.555 0.0
2.565 0.0
2.5749999999999997 0.0
2.585 0.0
2.5949999999999998 0.0
2.605 0.0
2.6149999999999998 0.005751650318193772
2.625 0.008537658804032075
2.635 0.012547065649983619
2.645 0.018255872799377106
2.655 0.026297840498492965
2.665 0.037505471368330726
2.675 0.05295734750446697
2.685 0.0740312147707546
2.695 0.10246147000190726
2.705 0.1403987832844545
2.715 0.1904684997953432
2.725 0.2558232625745572
2.735 0.34018406048179545
2.745 0.44786275072530596
2.755 0.58375818219267
2.765 0.7533175299901647
2.775 0.9624545319262957
2.785 1.2174171769402824
2.795 1.524599185764486
2.805 1.8902924385748685
2.815 2.3203813484610194
2.8249999999999997 2.8199849456305333
2.835 3.3930578874651536
2.8449999999999998 4.0419673711895845
2.855 4.767068503636966
2.8649999999999998 5.566305489405199
2.875 6.434869405952516
2.885 7.364944737609545
2.895 8.345575736344921
2.905 9.362679739850234
2.915 10.39922772841405
2.925 11.435602858023419
2.935 12.450135999515082
2.945 13.419804270235497
2.955 14.321065232451335
2.965 15.130787063501984
2.975 15.82722481076948
2.985 16.39098594963526
2.995 16.8059257344645
3.005 17.059914776016434
3.015 17.14542795469082
3.025 17.059914776016434
3.035 16.8059257344645
3.045 16.39098594963526
3.055 15.82722481076948
3.065 15.130787063501984
3.075 14.321065232451335
3.085 13.419804270235497
3.0949999999999998 12.450135999515082
3.105 11.435602858023419
3.1149999999999998 10.403459444807707
3.125 9.36896123276544
3.135 8.354807108293137
3.145 7.378376304539348
3.155 6.45421776626629
3.165 5.5938997465767715
3.175 4.806031316603943
3.185 4.096435060957991
3.195 3.4684428393204008
3.205 2.923281877816231
3.215 2.4605165493979753
3.225 2.0785117207330917
3.235 1.7748860401387727
3.245 1.5469274982401562
3.255 1.391948491547234
3.265 1.307563001277716
3.275 1.291874009056933
3.285 1.3435646694044543
3.295 1.4618919201803309
3.305 1.646586097342124
3.315 1.8976647388917742
3.325 2.215173128752296
3.335 2.5988682215726837
3.3449999999999998 3.047866312704989
3.355 3.5602779981905184
3.3649999999999998 4.132856351290306
3.375 4.760685511820257
3.385 5.436936714006497
3.395 6.1527168785266815
3.405 6.897031074051457
3.415 7.656874375998918
3.425 8.413624856951373
3.435 9.160056974560833
3.445 9.87348023407935
3.455 10.53657353387673
3.465 11.132317878055666
3.475 11.644714645806117
3.485 12.05949599054444
3.495 12.364783585008936
3.505 12.551653358288558
3.515 12.61456878256695
3.525 12.551653358288558
3.535 12.364783585008936
3.545 12.05949599054444
3.555 11.644714645806117
3.565 11.132317878055666
3.575 10.53657353387673
3.585 9.87348023407935
3.5949999999999998 9.163332897759247
3.605 8.418487585557768
3.6149999999999998 7.658269061281966
3.625 6.898891272193211
3.635 6.155148071461835
3.645 5.440042543836069
3.655 4.764550180100779
3.665 4.137516269063786
3.675 3.565678841458021
3.685 3.053800952210131
3.695 2.60489042886821
3.705 2.2204816319332408
3.715 1.9009522558587366
3.725 1.6458485742753073
3.735 1.4541945140522563
3.745 1.3247631855750552
3.755 1.2562936461211636
3.765 1.2506543603108238
3.775 1.3023220547849308
3.785 1.4127245021553057
3.795 1.581454973125607
3.805 1.8081568983520426
3.815 2.0923465428417547
3.825 2.4331996889897765
3.835 2.829321029526704
3.8449999999999998 3.2785169429553767
3.855 3.7775931015414517
3.8649999999999998 4.322197741617931
3.875 4.90672925643881
3.885 5.524322995850983
3.895 6.166926850643463
3.905 6.825468600273571
3.915 7.490110520845741
3.925 8.147756499032187
3.935 8.794685354213641
3.945 9.416840769815282
3.955 10.005134688437353
3.965 10.551605387585726
3.975 11.04973988412282
3.985 11.49470204018362
3.995 11.883446281294926
4.005 12.21470602372828
4.015 12.488856662650708
4.025 12.707664268625965
4.035 12.873941826776086
4.045 12.991143784857282
4.055 13.062935848996581
4.065 13.092779640271903
4.075 13.083570626494645
4.085 13.037362715435153
4.095 12.95779217125758
4.1049999999999995 12.840942386608834
4.115 12.687749570668945
4.125 12.496732254126346
4.135 12.266034519594204
4.145 11.993810780458608
4.155 11.678641715422634
4.165 11.319942867121608
4.175 10.918328942574815
4.185 10.475901772321505
4.195 9.996437516867546
4.205 9.487923640062377
4.215 8.953841939166773
4.225 8.404738460679773
4.235 7.850832330477749
4.245 7.30332572917491
4.255 6.77401410944406
4.265 6.274866909927704
4.275 5.817603721847489
4.285 5.413288076382951
4.295 5.071956892441168
4.305 4.80229881603091
4.315 4.611389829590122
4.325 4.5044901426905515
4.335 4.484902862887532
4.345 4.553892465536752
4.355 4.710659625392653
4.365 4.952368374809449
4.375 5.274221540860797
4.385 5.669580669187673
4.395 6.130126865688686
4.405 6.643873983622657
4.415 7.204882057531615
4.425 7.79793834758051
4.435 8.410366957841578
4.445 9.033513317447682
4.455 9.647394586036837
4.465 10.242209569640725
4.475 10.805763338003757
4.485 11.32674137246452
4.495 11.794990458728769
4.505 12.201771794622871
4.515 12.539982040714026
4.525 12.804339315272784
4.535 12.991532058726413
4.545 13.102467219574114
4.555 13.134822746398262
4.565 13.0932501238377
4.575 12.98116482270342
4.585 12.81083564565257
4.595 12.588935474583185
4.605 12.326968602856766
4.615 12.038018524565505
4.625 11.736436526800237
4.635 11.437456639536219
4.645 11.156740650592688
4.655 10.909862027717413
4.665 10.711743255565072
4.675 10.576066760973887
4.685 10.51468466705367
4.695 10.537056483976901
4.705 10.649745975074815
4.715 10.856008420544581
4.725 11.155497105139636
4.735 11.544113060263602
4.745 12.014015101031255
4.755 12.553798439675006
4.765 13.148840240925868
4.775 13.781800163135916
4.785 14.43325402244663
4.795 15.082430041998629
4.805 15.708010434514826
4.815 16.288956885986423
4.825 16.805317213313714
4.835 17.238972155389742
4.845 17.574285752925988
4.855 17.798629654707973
4.865 17.902760329685517
4.875 17.881037801671525
4.885 17.73148433887588
4.895 17.455690739003437
4.905 17.05685986691212
4.915 16.54880166401197
4.925 15.93668567325261
4.935 15.234458920729553
4.945 14.456386312320179
4.955 13.617762766986264
4.965 12.734406814229917
4.975 11.822189437985537
4.985 10.896613045042033
4.995 9.972450907932028
5.005 9.063453126307891
5.015 8.180476816719278
5.025 7.338464517057953
5.035 6.544624773994136
5.045 5.80707029527007
5.055 5.134126975548039
5.065 4.528212434539629
5.075 3.9942822880193534
5.085 3.5348545769085935
5.095 3.151301147110165
5.105 2.843967295928214
5.115 2.6122835723139914
5.125 2.454863518976196
5.135 2.369583388746383
5.145 2.3536424155941575
5.155 2.4036048704643025
5.165 2.5154276401861226
5.175 2.684479173590102
5.185 2.905557096280405
5.195 3.172912405621833
5.205 3.480287800889927
5.215 3.8209763640841734
5.225 4.187904584849024
5.235 4.573740833467597
5.245 4.971027142079177
5.255 5.369357813028266
5.265 5.768432606722423
5.275 6.157031794659684
5.285 6.528838756535656
5.295 6.8781220541985935
5.305 7.1998384340918475
5.315 7.489696417890044
5.325 7.744178315096909
5.335 7.960522463691246
5.345 8.136671400815803
5.355 8.269768904238717
5.365 8.362258140587851
5.375 8.413189413268451
5.385 8.420150857246576
5.395 8.384535990888018
5.405 8.306983852290216
5.415 8.188432956621075
5.425 8.030158993263234
5.435 7.833836463403266
5.445 7.601615300456004
5.455 7.336201070141019
5.465 7.040926257500822
5.475 6.719800501494522
5.485 6.377529339657265
5.495 6.019493821517612
5.505 5.651686868652323
5.515 5.28060606950773
5.525 4.913106267508857
5.535 4.556218458682449
5.545 4.216943889655215
5.555 3.90203369630394
5.565 3.617764938213135
5.575 3.3697235722175
5.585 3.1626039624583484
5.595 3.0000331802536557
5.605 2.884426838654301
5.615 2.816881726481295
5.625 2.797109177781621
5.635 2.823411974914749
5.645 2.8927065972581882
5.655 3.0020177565278754
5.665 3.1435794564645936
5.675 3.31319838256143
5.685 3.5013538663281505
5.695 3.702546052026244
5.705 3.906533159082144
5.715 4.1062850800915385
5.725 4.293005487725413
5.735 4.462759325607632
5.745 4.607989845087572
5.755 4.724321403661191
5.765 4.808959781024788
5.775 4.860884445615859
5.785 4.880970096467288
5.795 4.872028470392495
5.805 4.838764896277471
5.815 4.78764795238787
5.825 4.726694569766439
5.835 4.665176771512503
5.845 4.613259736255195
5.855 4.581583881922626
5.865 4.579634216820516
5.875 4.620343388733986
5.885 4.7112480231923275
5.895 4.860197007910172
5.905 5.073157825711404
5.915 5.353831757371392
5.925 5.703340064322893
5.935 6.1199990251371705
5.945 6.599199643998535
5.955 7.133404846179628
5.965 7.712272909636918
5.975 8.322910720927444
5.985 8.95025427797442
5.995 9.577566930623842
6.005 10.187038545170006
6.015 10.760461628593184
6.025 11.279954070819228
6.035 11.728693204612089
6.045 12.091622938620347
6.055 12.356095256221671
6.065 12.512409658041204
6.075 12.554219175929653
6.085 12.480022363176168
6.095 12.288869880760398
6.105 11.986183956043927
6.115 11.57990115005343
6.125 11.080895141894928
6.135 10.502450249240368
6.1450000000000005 9.85964929953065
6.155 9.168714358622427
6.165 8.446339872333951
6.175 7.710265226641242
6.185 6.973403342342966
6.195 6.253649637869265
6.205 5.56255393964692
6.215 4.911388170363164
6.225 4.309444044235809
6.235 3.764006495428186
6.245 3.2804207534119505
6.255 2.8622338856270293
6.265 2.511388863348317
6.275 2.2284484831879885
6.285 2.0128276286226194
6.295 1.8630150779914965
6.305 1.7767699565591109
6.315 1.7512825404141918
6.325 1.7832939942013297
6.335 1.8691743409532788
6.345 2.004962161056416
6.355 2.1863729215462873
6.365 2.408785262597206
6.375 2.6672159268494955
6.385 2.95629431140708
6.3950000000000005 3.270246934402234
6.405 3.6029005858124026
6.415 3.9477107712769213
6.425 4.297819481997882
6.435 4.646143566358748
6.445 4.985492263105195
6.455 5.3098226141772695
6.465 5.609538747907311
6.475 5.8810889206576356
6.485 6.116200821213969
6.495 6.311920008893912
6.505 6.461675994477243
6.515 6.564486730694913
6.525 6.616969098300567
6.535 6.619463031279506
6.545 6.570850891628329
6.555 6.473737672910955
6.565 6.331272668182704
6.575 6.1478018403155
6.585 5.928756744829634
6.595 5.680508986108656
6.605 5.410195212691684
6.615 5.125518533560053
6.625 4.834532862695086
6.635 4.545417061082882
6.6450000000000005 4.266245844163458
6.655 4.004764273359378
6.665 3.769259394749658
6.675 3.564538835542873
6.685 3.3969266129623463
6.695 3.270969231304313
6.705 3.190043980761296
6.715 3.1562757016849736
6.725 3.1704893035734973
6.735 3.2321994410767143
6.745 3.3407505545992677
6.755 3.4914701049978065
6.765 3.6810652022746266
6.775 3.9045424705390728
6.785 4.15612199211518
6.795 4.429435983407614
6.805 4.717748278421164
6.815 5.014187270853495
6.825 5.311983772018797
6.835 5.604704299734024
6.845 5.886469748073015
6.855 6.1521493139779935
6.865 6.397520062682732
6.875 6.619383649196984
6.885 6.815633477980423
6.8950000000000005 6.984438724915379
6.905 7.127800481148473
6.915 7.245543296007561
6.925 7.339544300084304
6.935 7.412306176922456
6.945 7.466741841459081
6.955 7.505940503704853
6.965 7.53292940248798
6.975 7.550445980228673
6.985 7.559928129860431
6.995 7.56484924341634
