0.005 0.0
0.015 0.0
0.025 0.0
0.034999999999999996 0.0
0.045 0.0
0.055 0.0
0.065 0.0
0.07500000000000001 0.0
0.085 0.0
0.095 0.0
0.10500000000000001 0.0
0.115 0.0
0.125 0.0
0.135 0.0
0.14500000000000002 0.0
0.155 0.0
0.165 0.0
0.17500000000000002 0.0
0.185 0.0
0.195 0.0
0.20500000000000002 0.0
0.215 0.0
0.225 0.0
0.23500000000000001 0.0
0.245 0.0
0.255 0.0
0.265 0.0
0.275 0.0
0.28500000000000003 0.0
0.295 0.0
0.305 0.0
0.315 0.0
0.325 0.0
0.335 0.0
0.34500000000000003 0.0
0.35500000000000004 0.0
0.365 0.0
0.375 0.0
0.385 0.0
0.395 0.0
0.405 0.0
0.41500000000000004 0.0
0.425 0.0
0.435 0.0
0.445 0.0
0.455 0.0
0.465 0.0
0.47500000000000003 0.0
0.485 0.0
0.495 0.0
0.505 0.0
0.515 0.0
0.525 0.0
0.535 0.0
0.545 0.0
0.555 0.0
0.5650000000000001 0.0
0.5750000000000001 0.0
0.585 0.0
0.595 0.0
0.605 0.0
0.615 0.0
0.625 0.0
0.635 0.0
0.645 0.0
0.655 0.0
0.665 0.0
0.675 0.0
0.685 0.0
0.6950000000000001 0.0
0.7050000000000001 0.0
0.715 0.0
0.725 0.0
0.735 0.0
0.745 0.0
0.755 0.0
0.765 0.0
0.775 0.0
0.785 0.0
0.795 0.0
0.805 0.0
0.8150000000000001 0.0
0.8250000000000001 0.0
0.8350000000000001 0.0
0.845 0.0
0.855 0.0
0.865 0.0
0.875 0.0
0.885 0.0
0.895 0.0
0.905 0.0
0.915 0.0
0.925 0.0
0.935 0.0
0.9450000000000001 0.0
0.9550000000000001 0.0
0.965 0.0
0.975 0.0
0.985 0.0
0.995 0.0
1.005 0.0
1.015 0.0
1.025 0.0
1.035 0.0
1.045 0.0
1.055 0.0
1.065 0.0
1.075 0.0
1.085 0.0
1.095 0.0
1.105 0.0
1.115 0.0
1.125 0.0
1.135 0.0
1.145 0.0
1.155 0.0
1.1649999999999998 0.0
1.1749999999999998 0.0
1.1849999999999998 0.0
1.1949999999999998 0.0
1.2049999999999998 0.0
1.2149999999999999 0.0
1.2249999999999999 0.0
1.2349999999999999 0.0
1.2449999999999999 0.0
1.255 0.0
1.265 0.0
1.275 0.0
1.285 0.0
1.295 0.0
1.305 0.0
1.315 0.0
1.325 0.0
1.335 0.0
1.345 0.0
1.355 0.0
1.365 0.0
1.375 0.0
1.385 0.0
1.395 0.0
1.405 0.0
1.4149999999999998 0.0
1.4249999999999998 0.0
1.4349999999999998 0.0
1.4449999999999998 0.0
1.4549999999999998 0.0
1.4649999999999999 0.0
1.4749999999999999 0.0
1.4849999999999999 0.0
1.4949999999999999 0.0
1.505 0.0
1.515 0.0
1.525 0.0
1.535 0.0
1.545 0.0
1.555 0.0
1.565 0.013540710682455789
1.575 0.020099616870871303
1.585 0.02953868480891253
1.595 0.042978532796080805
1.605 0.061911178542454905
1.615 0.08829652512101592
1.625 0.12467380341255667
1.635 0.17428654476969957
1.645 0.24121791914336052
1.655 0.33053109967586186
1.665 0.4606677725106998
1.6749999999999998 0.6204669927393112
1.6849999999999998 0.8276187670435967
1.6949999999999998 1.0932889132328492
1.7049999999999998 1.4303614623967986
1.7149999999999999 1.853434998850515
1.7249999999999999 2.37873108032019
1.7349999999999999 3.0238959078736967
1.7449999999999999 3.807679055666642
1.755 4.749477727715969
1.765 5.8687417400857465
1.775 7.18424308262677
1.785 8.713224108214254
1.795 10.470449499800335
1.805 12.467198328911254
1.815 14.710242735957868
1.825 17.200867955430375
1.835 19.93399354477241
1.845 22.897456892756693
1.855 26.071516813645932
1.865 29.428627103642043
1.875 32.93351762732382
1.885 36.54360455775624
1.895 40.20973296919226
1.905 43.877235531510976
1.915 47.48727218233479
1.9249999999999998 50.97839892202638
1.9349999999999998 54.288300636312044
1.9449999999999998 57.35561407489536
1.9549999999999998 60.121763296301914
1.9649999999999999 62.532731005579095
1.9749999999999999 64.54069475555329
1.9849999999999999 66.10546606617426
1.9949999999999999 67.19568202228852
2.005 67.78971166489534
2.015 67.87625243378439
2.025 67.45460423435841
2.035 66.53461989276711
2.045 65.13634066468927
2.0549999999999997 63.28933418094439
2.065 61.03176002198671
2.0749999999999997 58.40919532386383
2.085 55.473259648361854
2.0949999999999998 52.280084825700584
2.105 48.88868138365473
2.1149999999999998 45.35925806560194
2.125 41.751554201829876
2.135 38.123245672313075
2.145 34.52848330633447
2.155 31.016617437814094
2.165 27.631153920148595
2.175 24.408975510218212
2.185 21.379848826173152
2.195 18.566222031934938
2.205 15.983303154418532
2.215 13.639394698669696
2.225 11.53644809956091
2.235 9.670792423762212
2.245 8.033986185061234
2.255 6.613739368770865
2.265 5.394854621975086
2.275 4.360141581016256
2.285 3.4912657601172943
2.295 2.7695024575312823
2.305 2.1763758525344956
2.315 1.6941730300888977
2.3249999999999997 1.3063313759301463
2.335 0.9977051125020464
2.3449999999999998 0.754722380055485
2.355 0.5654480926962968
2.3649999999999998 0.41956987711087396
2.375 0.2992935892591355
2.385 0.2184211315813699
2.395 0.15781524218099396
2.405 0.11289125333901805
2.415 0.07995188334318233
2.425 0.05606013733474923
2.435 0.038916759585542485
2.445 0.026747071628429153
2.455 0.01820006190617428
2.465 0.012261018419283315
2.475 0.0
2.485 0.0
2.495 0.0
2.505 0.0
2.515 0.0
2.525 0.0
2.535 0.0
2.545 0.0
2.555 0.0
2.565 0.0
2.5749999999999997 0.0
2.585 0.0
2.5949999999999998 0.0
2.605 0.0
2.6149999999999998 0.0
2.625 0.0
2.635 0.0
2.645 0.0
2.655 0.0
2.665 0.0
2.675 0.0
2.685 0.0
2.695 0.0
2.705 0.0
2.715 0.0
2.725 0.0
2.735 0.0
2.745 0.0
2.755 0.0
2.765 0.0
2.775 0.0
2.785 0.0
2.795 0.0
2.805 0.0
2.815 0.0
2.8249999999999997 0.0
2.835 0.0
2.8449999999999998 0.0
2.855 0.0
2.8649999999999998 0.0
2.875 0.0
2.885 0.0
2.895 0.0
2.905 0.0
2.915 0.0
2.925 0.0
2.935 0.0
2.945 0.0
2.955 0.0
2.965 0.0
2.975 0.0
2.985 0.0
2.995 0.0
3.005 0.0
3.015 0.0
3.025 0.0
3.035 0.0
3.045 0.0
3.055 0.0
3.065 0.0
3.075 0.0
3.085 0.0
3.0949999999999998 0.0
3.105 0.0
3.1149999999999998 0.0
3.125 0.0
3.135 0.0
3.145 0.0
3.155 0.0
3.165 0.0
3.175 0.0
3.185 0.0
3.195 0.0
3.205 0.0
3.215 0.0
3.225 0.0
3.235 0.0
3.245 0.0
3.255 0.0
3.265 0.0
3.275 0.0
3.285 0.0
3.295 0.0
3.305 0.0
3.315 0.0
3.325 0.0
3.335 0.0
3.3449999999999998 0.0
3.355 0.0
3.3649999999999998 0.0
3.375 0.0
3.385 0.0
3.395 0.0036303098482010385
3.405 0.0053887745468141224
3.415 0.011511766355242606
3.425 0.016855110239470904
3.435 0.024435197552922262
3.445 0.03507478453590081
3.455 0.04985047929461989
3.465 0.07015184508217809
3.475 0.09774725054728604
3.485 0.13485465715821818
3.495 0.184214386265314
3.505 0.24915957206944742
3.515 0.3336785465722626
3.525 0.4424619222316847
3.535 0.5809257826897163
3.545 0.7552013450640429
3.555 0.9720809314137119
3.565 1.2422359904851499
3.575 1.568355216198746
3.585 1.9607344073456172
3.5949999999999998 2.427356269714488
3.605 2.9757480277558632
3.6149999999999998 3.615805769313351
3.625 4.3479287931194435
3.635 5.177970061008713
3.645 6.107381768595655
3.655 7.134951351362128
3.665 8.256449293946766
3.675 9.464388155162304
3.685 10.747926333982193
3.695 12.092944004954353
3.705 13.482309113826599
3.715 14.896338745197363
3.725 16.313446348370185
3.735 17.710949392141725
3.745 19.065996449426944
3.755 20.356559072013557
3.765 21.562423670111762
3.775 22.666113324913532
3.785 23.653670018505252
3.795 24.515234616306458
3.805 25.245374904233937
3.815 25.843130226134694
3.825 26.311763332595874
3.835 26.65823399614309
3.8449999999999998 26.892432526943452
3.855 27.02623223099331
3.8649999999999998 27.072435973309663
3.875 27.043701656432702
3.885 26.951533541507672
3.895 26.805420622483854
3.905 26.612190208294393
3.915 26.375625716761892
3.925 26.09637429538497
3.935 25.772144527483732
3.945 25.398169591345038
3.955 24.967889152818834
3.965 24.47378598637968
3.975 23.908302295743688
3.985 23.264756731769154
3.995 22.53818624727212
4.005 21.72604655343117
4.015 20.828719823026418
4.025 19.849796758268205
4.035 18.796120302049193
4.045 17.677598186471712
4.055 16.506809412379106
4.065 15.29844419902655
4.075 14.068626940501552
4.085 12.834176766837292
4.095 11.611860451218025
4.1049999999999995 10.41768810342938
4.115 9.266294178331094
4.125 8.17043588167396
4.135 7.140629257345294
4.145 6.184931253745878
4.155 5.308864926201034
4.165 4.515475458028837
4.175 3.8054974332158333
4.185 3.177609047521904
4.195 2.6287467165411202
4.205 2.1520322851716713
4.215 1.7476388040090238
4.225 1.4034768740782684
4.235 1.118685075541364
4.245 0.8832031978650907
4.255 0.6906506548401766
4.265 0.5349288388164427
4.275 0.4103629688125979
4.285 0.3117953741295327
4.295 0.23463637062946507
4.305 0.17487994014322458
4.315 0.12909176525817181
4.325 0.09437694095723095
4.335 0.06833403422653996
4.345 0.049001242958017846
4.355 0.0347993508955068
4.365 0.024475097161722945
4.375 0.014829407326241826
4.385 0.010294524900382445
4.395 0.007075316594279557
4.405 0.004814403677926397
4.415 0.00324336765870535
4.425 0.0
4.435 0.0
4.445 0.0
4.455 0.0
4.465 0.0
4.475 0.0
4.485 0.0
4.495 0.0
4.505 0.0
4.515 0.0
4.525 0.0
4.535 0.0
4.545 0.0
4.555 0.0
4.565 0.0
4.575 0.0
4.585 0.0
4.595 0.0
4.605 0.0
4.615 0.0
4.625 0.0
4.635 0.0
4.645 0.0
4.655 0.0
4.665 0.0
4.675 0.002029996419325242
4.685 0.0030132945924724506
4.695 0.004428380887818673
4.705 0.006443256172435496
4.715 0.009281600774487234
4.725 0.015227819428919619
4.735 0.02164563411798867
4.745 0.030471087199642533
4.755 0.04248105818636469
4.765 0.058653945052900724
4.775 0.08215676127251043
4.785 0.11151655295661686
4.795 0.14994533257994475
4.805 0.1997267593323997
4.815 0.26354928193110433
4.825 0.3445266155269871
4.835 0.44811096895886837
4.845 0.5753714615837602
4.855 0.7320351909975125
4.865 0.9229061554127072
4.875 1.1530477587562855
4.885 1.4276596461033708
4.895 1.7519207266419499
4.905 2.130799856990883
4.915 2.568838042065609
4.925 3.0699085561752026
4.935 3.6369639055653207
4.945 4.2717808277998
4.955 4.974716325047144
4.965 5.744488841355659
4.975 6.577998938850304
4.985 7.470203085179939
4.995 8.414052394773945
5.005 9.400505421500284
5.015 10.418620526335094
5.025 11.455729172778252
5.035 12.497687034123
5.045 13.529195368583366
5.055 14.534181074289265
5.065 15.496220489525443
5.075 16.39898960428112
5.085 17.22672205801376
5.095 17.964656171927015
5.105 18.599453251458964
5.115 19.11957134896408
5.125 19.515581375955204
5.135 19.780415632328094
5.145 19.90954219952999
5.155 19.901061970450982
5.165 19.755728154729002
5.175 19.47689076469981
5.185 19.070370787953483
5.195 18.544270488707046
5.205 17.908727605893674
5.215 17.175622215638167
5.225 16.358245790517813
5.235 15.470942592161354
5.245 14.528734018363817
5.255 13.54693688999958
5.265 12.540786864489036
5.275 11.52507812808
5.285 10.513830160967725
5.295 9.519991605517141
5.305 8.55519004311834
5.315 7.62953478697796
5.325 6.751477666799208
5.335 5.927734311752224
5.345 5.163265772917212
5.355 4.461317641261315
5.365 3.823511301654469
5.375 3.2499797989309265
5.385 2.739539131451889
5.395 2.289884738616464
5.405 1.897802562967748
5.415 1.5593843372131748
5.425 1.2702376081890985
5.435 1.0256823542872902
5.445 0.8209277393164491
5.455 0.6512244183433731
5.465 0.511989715333429
5.475 0.39890478989261513
5.485 0.30663052898915866
5.495 0.23472779194041737
5.505 0.17802576469244452
5.515 0.13376828993774753
5.525 0.0995769837756135
5.535 0.07210418502634615
5.545 0.05276650089545982
5.555 0.03824505027735906
5.565 0.027453894882532064
5.575 0.019518093108386255
5.585 0.012440451860707163
5.595 0.008722914466242527
5.605 0.006055418008360639
5.615 0.00416182387574405
5.625 0.002831915704021479
5.635 0.0019078050826346756
5.645 0.0
5.655 0.0
5.665 0.0
5.675 0.0
5.685 0.0
5.695 0.0
5.705 0.0
5.715 0.0
5.725 0.0
5.735 0.002778230475435931
5.745 0.004123961396471789
5.755 0.0060606327293253656
5.765 0.008818168588322484
5.775 0.012702695377699936
5.785 0.018116338404906437
5.795 0.02558008720901596
5.805 0.03711738715605421
5.815 0.05150787643803551
5.825 0.07077941913797711
5.835 0.09631252353938004
5.845 0.1297796459436435
5.855 0.17317469437818614
5.865 0.22883508386626808
5.875 0.2994523969405333
5.885 0.3880672795768988
5.895 0.4980440234800814
5.905 0.6330204439036126
5.915 0.7968292429038952
5.925 0.9933881153218139
5.935 1.2265574389373683
5.945 1.499966474457602
5.955 1.8168115118351773
5.965 2.179632201437908
5.975 2.590075205677999
5.985 3.048657051234849
5.995 3.5558188298769697
6.005 4.107237043004777
6.015 4.699759431028261
6.025 5.327623107864426
6.035 5.983302273502755
6.045 6.657590252594585
6.055 7.339774540394732
6.065 8.017905216782516
6.075 8.67915082606957
6.085 9.310229379592254
6.095 9.897896043718212
6.105 10.429463860960965
6.115 10.893330005817349
6.125 11.279477994808655
6.135 11.579926210230926
6.1450000000000005 11.789095151383151
6.155 11.904069909033126
6.165 11.924740209239435
6.175 11.85380758220356
6.185 11.696657258961425
6.195 11.461100696479079
6.205 11.157002579195446
6.215 10.795813177597466
6.225 10.390032577688809
6.235 9.95263715958556
6.245 9.496500566527024
6.255 9.033841182270116
6.265 8.575725885936478
6.275 8.13165577409455
6.285 7.709253940524679
6.295 7.314068685391222
6.305 6.94949814995457
6.315 6.616834834424498
6.325 6.315421249207903
6.335 6.042901537125056
6.345 5.795548689692776
6.355 5.568643281455149
6.365 5.356877671469526
6.375 5.15475945555258
6.385 4.956989550857303
6.3950000000000005 4.75879348131514
6.405 4.556188918338318
6.415 4.346177933383949
6.425 4.126858294469842
6.435 3.8974540219702756
6.445 3.658270862526694
6.455 3.410586953067814
6.465 3.1564924289292016
6.475 2.898693893329262
6.485 2.6403004471634937
6.495 2.384607438596274
6.505 2.134892400898284
6.515 1.8942350590340122
6.525 1.6653701089717994
6.535 1.4505780362139775
6.545 1.2497628399733773
6.555 1.0695438394457102
6.565 0.9062482504922069
6.575 0.7619402758738983
6.585 0.6348050823238159
6.595 0.5250686766212904
6.605 0.43198503418255574
6.615 0.35374839929594004
6.625 0.2925980760514897
6.635 0.24467623844127137
6.6450000000000005 0.21108688019792138
6.655 0.18970940709803152
6.665 0.18112926976675015
6.675 0.18557048991730213
6.685 0.20366415715761682
6.695 0.2364815851108258
6.705 0.28555175230376567
6.715 0.3528613223497935
6.725 0.4408351463886925
6.735 0.5522948986439344
6.745 0.6903934931577121
6.755 0.858523269808174
6.765 1.0601966868502566
6.775 1.298899444522982
6.785 1.5779175737861197
6.795 1.900141990264056
6.805 2.2670035182540955
6.815 2.6819522131401174
6.825 3.1441577953129816
6.835 3.6528017579595575
6.845 4.205622068369964
6.855 4.798775815274066
6.865 5.426754753544527
6.875 6.082365656192501
6.885 6.756784833974721
6.8950000000000005 7.439692659258045
6.905 8.119489603198417
6.915 8.783590420711317
6.925 9.418788023609617
6.935 10.011673642094808
6.945 10.549095477056069
6.955 11.018634559805264
6.965 11.409074278094497
6.975 11.710839229655718
6.985 11.916379851189788
6.995 12.020481643095987
