0.005 0.0
0.015 0.0
0.025 0.0
0.034999999999999996 0.0
0.045 0.0
0.055 0.0
0.065 0.0
0.07500000000000001 0.0
0.085 0.0
0.095 0.0
0.10500000000000001 0.0
0.115 0.0
0.125 0.0
0.135 0.0
0.14500000000000002 0.0
0.155 0.0
0.165 0.0
0.17500000000000002 0.0
0.185 0.0
0.195 0.0
0.20500000000000002 0.0
0.215 0.0
0.225 0.0
0.23500000000000001 0.0
0.245 0.0
0.255 0.0
0.265 0.0
0.275 0.0
0.28500000000000003 0.0
0.295 0.0
0.305 0.0
0.315 0.0
0.325 0.0
0.335 0.0
0.34500000000000003 0.0
0.35500000000000004 0.0
0.365 0.0
0.375 0.0
0.385 0.0
0.395 0.0
0.405 0.0
0.41500000000000004 0.0
0.425 0.0
0.435 0.0
0.445 0.0
0.455 0.0
0.465 0.0
0.47500000000000003 0.0
0.485 0.0
0.495 0.0
0.505 0.0
0.515 0.0
0.525 0.0
0.535 0.0
0.545 0.0
0.555 0.0
0.5650000000000001 0.0
0.5750000000000001 0.0
0.585 0.0
0.595 0.0
0.605 0.0
0.615 0.0
0.625 0.0
0.635 0.0
0.645 0.0
0.655 0.0
0.665 0.0
0.675 0.0
0.685 0.0
0.6950000000000001 0.0
0.7050000000000001 0.0
0.715 0.0
0.725 0.0
0.735 0.0
0.745 0.0
0.755 0.0
0.765 0.0
0.775 0.0
0.785 0.0
0.795 0.0
0.805 0.0
0.8150000000000001 0.0
0.8250000000000001 0.0
0.8350000000000001 0.0
0.845 0.0
0.855 0.0
0.865 0.0
0.875 0.0
0.885 0.0
0.895 0.0
0.905 0.0
0.915 0.0
0.925 0.0
0.935 0.0
0.9450000000000001 0.0
0.9550000000000001 0.0
0.965 0.0
0.975 0.0
0.985 0.0
0.995 0.0
1.005 0.0
1.015 0.0
1.025 0.0
1.035 0.0
1.045 0.0
1.055 0.0
1.065 0.0
1.075 0.0
1.085 0.0
1.095 0.0
1.105 0.0
1.115 0.0
1.125 0.0
1.135 0.0
1.145 0.0
1.155 0.0
1.1649999999999998 0.0
1.1749999999999998 0.0
1.1849999999999998 0.0
1.1949999999999998 0.0
1.2049999999999998 0.0
1.2149999999999999 0.0
1.2249999999999999 0.0
1.2349999999999999 0.0
1.2449999999999999 0.0
1.255 0.0
1.265 0.0
1.275 0.0
1.285 0.0
1.295 0.0
1.305 0.0
1.315 0.0
1.325 0.0
1.335 0.0
1.345 0.0
1.355 0.0
1.365 0.0
1.375 0.0
1.385 0.0
1.395 0.016226971615477072
1.405 0.02408706013253656
1.4149999999999998 0.035398688532189776
1.4249999999999998 0.0515047879030799
1.4349999999999998 0.07419336846114089
1.4449999999999998 0.1058131467752569
1.4549999999999998 0.14940709661497717
1.4649999999999999 0.2088622141969115
1.4749999999999999 0.28907170523592157
1.4849999999999999 0.39610319563373814
1.4949999999999999 0.5373634989673947
1.505 0.7217470796589937
1.515 0.9597518604380945
1.525 1.2635427645280197
1.535 1.6469407785064547
1.545 2.1253138665130984
1.555 2.7153462931070202
1.565 3.4346653362974227
1.575 4.3013094231620315
1.585 5.333029660839673
1.595 6.546427580872773
1.605 7.955945361294072
1.615 9.572740167357427
1.625 11.403490506977686
1.635 13.449198233220152
1.645 15.704063387500492
1.655 18.154518689947842
1.665 20.77851444283874
1.6749999999999998 23.54514149792943
1.6849999999999998 26.41466883039978
1.6949999999999998 29.339052938957167
1.7049999999999998 32.26294936533776
1.7149999999999999 35.125223596069496
1.7249999999999999 37.86092181048219
1.7349999999999999 40.40362438156038
1.7449999999999999 42.68807013921158
1.755 44.6529106513527
1.765 46.24343432580948
1.775 47.41409243923085
1.785 48.130664681960624
1.795 48.37192064265579
1.805 48.130664681960624
1.815 47.41409243923085
1.825 46.24343432580948
1.835 44.6529106513527
1.845 42.68807013921158
1.855 40.40362438156038
1.865 37.86092181048219
1.875 35.1353255179169
1.885 32.27794449842596
1.895 29.361090001295494
1.905 26.446732566905453
1.915 23.591329759519457
1.9249999999999998 20.844387247973334
1.9349999999999998 18.24753042677812
1.9449999999999998 15.843596075140866
1.9549999999999998 13.643269892916273
1.9649999999999999 11.670821229188435
1.9749999999999999 9.937447932362142
1.9849999999999999 8.448732943762742
1.9949999999999999 7.205909298231415
2.005 6.207175930198943
2.015 5.448972260985608
2.025 4.927130977724502
2.035 4.6378427649907525
2.045 4.578382716538721
2.0549999999999997 4.747564686629394
2.065 5.1459061849954395
2.0749999999999997 5.775502107176859
2.085 6.639620377215514
2.0949999999999998 7.74204635037418
2.105 9.086215500028835
2.1149999999999998 10.67418535637431
2.125 12.505507611210206
2.135 14.576069335410702
2.145 16.876977816908383
2.155 19.39356597611593
2.165 22.104594015708216
2.175 24.98171738793788
2.185 27.989281014719197
2.195 31.0844849955973
2.205 34.2071251857417
2.215 37.32752711693432
2.225 40.37072568593671
2.235 43.27524961528306
2.245 45.97888881258548
2.255 48.420859598731255
2.265 50.54403812238532
2.275 52.29714941378756
2.285 53.63679683953151
2.295 54.52922166917636
2.305 54.95169494419551
2.315 54.89346312888098
2.3249999999999997 54.35619384056447
2.335 53.35389656528412
2.3449999999999998 51.91232361546966
2.355 50.067886490341095
2.3649999999999998 47.8661501156522
2.375 45.35999025059978
2.385 42.607516121946574
2.395 39.669870047557716
2.405 36.60901798951172
2.415 33.485639774705305
2.425 30.35721584798562
2.435 27.27639007263683
2.445 24.28966682060992
2.455 21.436477167766686
2.465 18.748625246323922
2.475 16.25010342030963
2.485 13.957245408860606
2.495 11.87917090506326
2.505 10.018464327094827
2.515 8.372024358007952
2.525 6.932019728006605
2.535 5.686889756988432
2.545 4.622334720837602
2.555 3.7222501764573406
2.565 2.969569956118801
2.5749999999999997 2.3469936320258253
2.585 1.837584981479366
2.5949999999999998 1.4252376484550415
2.605 1.0950123009535389
2.6149999999999998 0.8333558407154482
2.625 0.6282175480397391
2.635 0.4690795240962682
2.645 0.346919639504907
2.655 0.2541247080042462
2.665 0.18437011475048148
2.675 0.1324799791210235
2.685 0.0875416853016594
2.695 0.06199880330750815
2.705 0.04347191438993649
2.715 0.030178057376748144
2.725 0.020741055289777814
2.735 0.01411326426748383
2.745 0.009507824425648154
2.755 0.0
2.765 0.0
2.775 0.0
2.785 0.0
2.795 0.0
2.805 0.0
2.815 0.0
2.8249999999999997 0.0
2.835 0.0
2.8449999999999998 0.0
2.855 0.0
2.8649999999999998 0.0
2.875 0.0
2.885 0.0
2.895 0.0
2.905 0.0
2.915 0.0
2.925 0.0
2.935 0.0
2.945 0.0
2.955 0.0
2.965 0.0
2.975 0.0
2.985 0.0
2.995 0.0
3.005 0.0
3.015 0.0
3.025 0.0
3.035 0.0
3.045 0.0
3.055 0.0
3.065 0.0
3.075 0.0
3.085 0.0
3.0949999999999998 0.0
3.105 0.0
3.1149999999999998 0.0
3.125 0.0
3.135 0.0
3.145 0.0
3.155 0.0
3.165 0.0
3.175 0.0
3.185 0.0
3.195 0.0
3.205 0.0
3.215 0.0
3.225 0.0
3.235 0.0
3.245 0.0
3.255 0.0
3.265 0.0
3.275 0.0
3.285 0.0
3.295 0.0
3.305 0.0
3.315 0.0
3.325 0.0
3.335 0.0
3.3449999999999998 0.0
3.355 0.0
3.3649999999999998 0.0
3.375 0.0
3.385 0.0
3.395 0.0
3.405 0.0
3.415 0.0
3.425 0.0
3.435 0.0035549747705180793
3.445 0.005276948348479738
3.455 0.007755078866431023
3.465 0.01128357317034419
3.475 0.016254145213857468
3.485 0.023181347455885442
3.495 0.03273182893202377
3.505 0.045757145546269196
3.515 0.06674046463900765
3.525 0.09184104279041104
3.535 0.12516597536787377
3.545 0.16894615102102217
3.555 0.22585730392399114
3.565 0.29905824119986707
3.575 0.3922165213893383
3.585 0.5095160392248423
3.5949999999999998 0.6556405836628415
3.605 0.8357274194868467
3.6149999999999998 1.055285404249191
3.625 1.3200731783486144
3.635 1.6359346082731205
3.645 2.0085909239315973
3.655 2.443391812149771
3.665 2.9450309836344255
3.675 3.517235225825075
3.685 4.162439434651781
3.695 4.881463285949547
3.705 5.673207743904975
3.715 6.534391201299762
3.725 7.459345439426121
3.735 8.43989059465735
3.745 9.465305836790257
3.755 10.522408536064123
3.765 11.595749484740626
3.775 12.667925531890969
3.785 13.720004177203307
3.795 14.735018720283247
3.805 15.688128038654856
3.815 16.561417719967363
3.825 17.33600241655726
3.835 17.99762205678206
3.8449999999999998 18.5270576702543
3.855 18.91460347886632
3.8649999999999998 19.152144571423506
3.875 19.235498545689524
3.885 19.164675733893155
3.895 18.94398995102415
3.905 18.582014417078
3.915 18.0913845767936
3.925 17.488456199016284
3.935 16.792832999187493
3.945 16.026782793824417
3.955 15.214564673103883
3.965 14.381691794199037
3.975 13.554155202599112
3.985 12.757633741249792
3.995 12.016713856874574
4.005 11.35683574713497
4.015 10.794123945811972
4.025 10.347584608451518
4.035 10.030777782992846
4.045 9.853188195567611
4.055 9.819914315572248
4.065 9.93148469133587
4.075 10.186422736870178
4.085 10.572167838456554
4.095 11.077752899601709
4.1049999999999995 11.686663891189628
4.115 12.379148777752576
4.125 13.132925301406734
4.135 13.924010259085385
4.145 14.72764300639907
4.155 15.51926750380393
4.165 16.275529765040623
4.175 16.97524198208889
4.185 17.60026174096564
4.195 18.136235297660626
4.205 18.57315827158797
4.215 18.905715403561942
4.225 19.13337289347765
4.235 19.26021156845458
4.245 19.292134600188923
4.255 19.246503529532564
4.265 19.134384304023914
4.275 18.972065901207422
4.285 18.776443419081286
4.295 18.563942204576637
4.305 18.349497612327664
4.315 18.14565570262541
4.325 17.959575978589186
4.335 17.80240320869627
4.345 17.672791447790416
4.355 17.56891058490128
4.365 17.48529616350723
4.375 17.41333288761869
4.385 17.341922079770697
4.395 17.258283621723805
4.405 17.148836003094175
4.415 17.000095500736254
4.425 16.799537158269192
4.435 16.536365752785635
4.445 16.202153678539297
4.455 15.79131380376084
4.465 15.301387911023156
4.475 14.733144326441414
4.485 14.090490836397617
4.495 13.380220151698445
4.505 12.611614340208328
4.515 11.795941339765841
4.525 10.945880628303046
4.535 10.074916327655409
4.545 9.196734611987992
4.555 8.324658613441265
4.565 7.4711485321666675
4.575 6.647387918702993
4.585 5.862969695853448
4.595 5.125688007842901
4.605 4.439453365202741
4.615 3.8128866247161066
4.625 3.2452705910514346
4.635 2.7371550262382973
4.645 2.285652119383988
4.655 1.8931180256142395
4.665 1.5535494005287476
4.675 1.2631012859500148
4.685 1.0174266993525296
4.695 0.8119069897076203
4.705 0.6418510646005691
4.715 0.5026596750131119
4.725 0.3899535971784023
4.735 0.2996667832769743
4.745 0.22810728373664063
4.755 0.17198994782116003
4.765 0.12844560720409592
4.775 0.09501169627037585
4.785 0.06960914338252865
4.795 0.05050997115767373
4.805 0.03629946371080368
4.815 0.024038922390967755
4.825 0.0170248541127162
4.835 0.011937375578336837
4.845 0.008286886146754012
4.855 0.007588798897078791
4.865 0.006685899194624583
4.875 0.006741051142901978
4.885 0.006009413113750572
4.895 0.008656643771113299
4.905 0.01234593787736807
4.915 0.017432339831686846
4.925 0.02436937185963726
4.935 0.03372795747703891
4.945 0.04621604777247425
4.955 0.06269784594826865
4.965 0.08421112952597119
4.975 0.11198076238885558
4.985 0.1474261086799908
4.995 0.1921597566919683
5.005 0.24797479108725756
5.015 0.3168178782306094
5.025 0.40074571226524736
5.035 0.501862958886258
5.045 0.6222407602217164
5.055 0.7638161296138996
5.065 0.9282741339778362
5.075 1.1169165554956995
5.085 1.3305226210059586
5.095 1.5692092235042716
5.105 1.8322996424643543
5.115 2.1182108912767417
5.125 2.424370282079814
5.135 2.7471714347999265
5.145 3.081978661158427
5.155 3.4231863998385363
5.165 3.7643372373296904
5.175 4.098298195089135
5.185 4.4174906700856695
5.195 4.714165033714897
5.205 4.980706822402859
5.215 5.209958098270809
5.225 5.395535288589454
5.235 5.532123914713905
5.245 5.6173719998922
5.255 5.646315718007912
5.265 5.619310487507421
5.275 5.537331658699925
5.285 5.403037116752171
5.295 5.220657060468219
5.305 4.99742005805896
5.315 4.7376680049036075
5.325 4.450223579148584
5.335 4.1434476983044535
5.345 3.8260159137971366
5.355 3.506638678407345
5.365 3.1938116778905523
5.375 2.8956071414943203
5.385 2.619512504827698
5.395 2.3723180113741145
5.405 2.160050264492496
5.415 1.9879447969700237
5.425 1.860447748695831
5.435 1.7812349687783038
5.445 1.7532364011128798
5.455 1.7786544644748705
5.465 1.8589671773705962
5.475 1.9949097830482212
5.485 2.1864323035038105
5.495 2.4326344446531456
5.505 2.731683217040101
5.515 3.080722162026028
5.525 3.4757838495340043
5.535 3.9117190648416122
5.545 4.3821566324040795
5.555 4.87950703396188
5.565 5.395020872905364
5.575 5.918909934480158
5.585 6.440534315741837
5.595 6.948654167122352
5.605 7.4317393870092925
5.615 7.878325571033702
5.625 8.277400073609316
5.635 8.618798592643538
5.645 8.8935905707169
5.655 9.094431145320812
5.665 9.214595682203377
5.675 9.253684118369797
5.685 9.208754069952443
5.695 9.08102337091088
5.705 8.873922280606626
5.715 8.592941510912308
5.725 8.245392080069072
5.735 7.840091529433295
5.745 7.386995140837085
5.755 6.896793489081556
5.765 6.380498795214443
5.775 5.84904208915063
5.785 5.3129012572759
5.795 4.781776872642493
5.805 4.264328603649643
5.815 3.7679803488185533
5.825 3.2987974449162576
5.835 2.8614347178474833
5.845 2.4591501127224684
5.855 2.0938753969064736
5.865 1.766333131941675
5.875 1.4761878158391681
5.885 1.223542375720868
5.895 1.0044676638194456
5.905 0.8174842106796001
5.915 0.659910062461293
5.925 0.5289074592082647
5.935 0.4229298158074939
5.945 0.33726350292223467
5.955 0.27032722139228077
5.965 0.21998354799947772
5.975 0.18447036178659604
5.985 0.16244550959397336
5.995 0.15301581429869002
6.005 0.15575233594295795
6.015 0.1706932596979
6.025 0.19833507513384233
6.035 0.2396119386734708
6.045 0.2971210866868711
6.055 0.36955607556659187
6.065 0.46238359487521347
6.075 0.576323376146833
6.085 0.7138695740267864
6.095 0.8775448897596417
6.105 1.0710132821974736
6.115 1.2935265814324541
6.125 1.5503058191569816
6.135 1.8411772682306946
6.1450000000000005 2.1669044501128774
6.155 2.527453343355271
6.165 2.9218849496460906
6.175 3.348278509474594
6.185 3.8036942203328916
6.195 4.284182574533673
6.205 4.784844841308928
6.215 5.299945895740027
6.225 5.823076767797714
6.235 6.34854789681306
6.245 6.867451993049704
6.255 7.373573550777978
6.265 7.8602165464457325
6.275 8.321248286859506
6.285 8.751320660954601
6.295 9.146045810444349
6.305 9.502114327777281
6.315 9.817348493025861
6.325 10.090688260737537
6.335 10.32211321406816
6.345 10.512508972884278
6.355 10.663491036960988
6.365 10.777202295310529
6.375 10.856102093844664
6.385 10.90276465100203
6.3950000000000005 10.91970276336755
6.405 10.909229364464409
6.415 10.874490709895355
6.425 10.815464958810194
6.435 10.735442006426055
6.445 10.63387832197374
6.455 10.512552248406317
6.465 10.372425267790717
6.475 10.214494079277646
6.485 10.039888786138357
6.495 9.849953409312986
6.505 9.646301716302386
6.515 9.430845093471588
6.525 9.205792920668017
6.535 8.9736291272242
6.545 8.737070906013338
6.555 8.499016670126919
6.565 8.262490167037342
6.575 8.030586318977365
6.585 7.806422109927343
6.595 7.593093096433506
6.605 7.393633363687777
6.615 7.210974467903306
6.625 7.047897524505472
6.635 6.906972415798289
6.6450000000000005 6.790479226115039
6.655 6.700309396838787
6.665 6.63784746694267
6.675 6.603838204636421
6.685 6.598247911387269
6.695 6.619249308877629
6.705 6.666941317147057
6.715 6.736979723633153
6.725 6.82521075576288
6.735 6.926389685032019
6.745 7.033423645595157
6.755 7.141325782240105
6.765 7.242389363165858
6.775 7.327144243349636
6.785 7.389856086282704
6.795 7.421702156217959
6.805 7.417243449442811
6.815 7.371509936848219
6.825 7.281043433180393
6.835 7.144118442962804
6.845 6.960877349804141
6.855 6.732532234359815
6.865 6.464954218869102
6.875 6.162543796517525
6.885 5.8324372203321
6.8950000000000005 5.482965100854155
6.905 5.123324514951479
6.915 4.762401741422956
6.925 4.411989463413389
6.935 4.080562895098011
6.945 3.7773046052334314
6.955 3.5105841183081408
6.965 3.2889011698813144
6.975 3.1165090785046092
6.985 2.9989088996842685
6.995 2.939300068662318
