0.005 0.0
0.015 0.0
0.025 0.0
0.034999999999999996 0.0
0.045 0.0
0.055 0.0
0.065 0.0
0.07500000000000001 0.0
0.085 0.0
0.095 0.0
0.10500000000000001 0.0
0.115 0.0
0.125 0.0
0.135 0.0
0.14500000000000002 0.0
0.155 0.0
0.165 0.0
0.17500000000000002 0.0
0.185 0.0
0.195 0.0
0.20500000000000002 0.0
0.215 0.0
0.225 0.0
0.23500000000000001 0.0
0.245 0.0
0.255 0.0
0.265 0.0
0.275 0.0
0.28500000000000003 0.0
0.295 0.0
0.305 0.0
0.315 0.0
0.325 0.0
0.335 0.0
0.34500000000000003 0.0
0.35500000000000004 0.0
0.365 0.0
0.375 0.0
0.385 0.0
0.395 0.0
0.405 0.0
0.41500000000000004 0.0
0.425 0.0
0.435 0.0
0.445 0.0
0.455 0.0
0.465 0.0
0.47500000000000003 0.0
0.485 0.0
0.495 0.0
0.505 0.0
0.515 0.0
0.525 0.0
0.535 0.0
0.545 0.0
0.555 0.0
0.5650000000000001 0.0
0.5750000000000001 0.0
0.585 0.0
0.595 0.0
0.605 0.0
0.615 0.0
0.625 0.0
0.635 0.0
0.645 0.0
0.655 0.0
0.665 0.0
0.675 0.0
0.685 0.0
0.6950000000000001 0.0
0.7050000000000001 0.0
0.715 0.0
0.725 0.0
0.735 0.0
0.745 0.0
0.755 0.0
0.765 0.0
0.775 0.0
0.785 0.0
0.795 0.0
0.805 0.0
0.8150000000000001 0.0
0.8250000000000001 0.0
0.8350000000000001 0.0
0.845 0.0
0.855 0.0
0.865 0.0
0.875 0.0
0.885 0.0
0.895 0.0
0.905 0.0
0.915 0.0
0.925 0.0
0.935 0.0
0.9450000000000001 0.0
0.9550000000000001 0.0
0.965 0.0
0.975 0.0
0.985 0.0
0.995 0.0
1.005 0.0
1.015 0.0
1.025 0.0
1.035 0.0
1.045 0.0
1.055 0.0
1.065 0.0
1.075 0.0
1.085 0.0
1.095 0.0
1.105 0.0
1.115 0.0
1.125 0.0
1.135 0.0
1.145 0.0
1.155 0.0
1.1649999999999998 0.0
1.1749999999999998 0.0
1.1849999999999998 0.0
1.1949999999999998 0.0
1.2049999999999998 0.0
1.2149999999999999 0.0
1.2249999999999999 0.0
1.2349999999999999 0.0
1.2449999999999999 0.0
1.255 0.0
1.265 0.0
1.275 0.0
1.285 0.0
1.295 0.0
1.305 0.0
1.315 0.0
1.325 0.0
1.335 0.0
1.345 0.0
1.355 0.0
1.365 0.0
1.375 0.0
1.385 0.0
1.395 0.0
1.405 0.0
1.4149999999999998 0.0
1.4249999999999998 0.0
1.4349999999999998 0.0
1.4449999999999998 0.0
1.4549999999999998 0.0
1.4649999999999999 0.0
1.4749999999999999 0.0
1.4849999999999999 0.0
1.4949999999999999 0.0
1.505 0.014407099258054348
1.515 0.02138567037568429
1.525 0.03142868745772528
1.535 0.04572847042370901
1.545 0.06587250221658995
1.555 0.09394608831041457
1.565 0.132650929686513
1.575 0.1854380917460824
1.585 0.2566520019087683
1.595 0.3516797952912428
1.605 0.47709760334421036
1.615 0.6408023667176589
1.625 0.8521146547915145
1.635 1.121835081537263
1.645 1.4622345949905207
1.655 1.886957625547881
1.665 2.4108172795144585
1.6749999999999998 3.0494639166706135
1.6849999999999998 3.818912935054024
1.6949999999999998 4.734924636004312
1.7049999999999998 5.812238671406945
1.7149999999999999 7.063677513461336
1.7249999999999999 8.499147039312026
1.7349999999999999 10.124576755012574
1.7449999999999999 11.940856154727134
1.755 13.942835751478269
1.765 16.118469850456545
1.775 18.44818165130515
1.785 20.90452850007224
1.795 23.452235249196594
1.805 26.048646527840738
1.815 28.64462481838988
1.825 31.185891908953582
1.835 33.614778619862335
1.845 35.87231435686291
1.855 37.90055706043249
1.865 39.64503859127241
1.875 41.057183321243365
1.885 42.09655086541421
1.895 42.732758758742115
1.905 42.94695760340006
1.915 42.732758758742115
1.9249999999999998 42.09655086541421
1.9349999999999998 41.057183321243365
1.9449999999999998 39.64503859127241
1.9549999999999998 37.90055706043249
1.9649999999999999 35.87231435686291
1.9749999999999999 33.614778619862335
1.9849999999999999 31.185891908953582
1.9949999999999999 28.64462481838988
2.005 26.048646527840738
2.015 23.452235249196594
2.025 20.90452850007224
2.035 18.44818165130515
2.045 16.118469850456545
2.0549999999999997 13.942835751478269
2.065 11.940856154727134
2.0749999999999997 10.124576755012574
2.085 8.499147039312026
2.0949999999999998 7.063677513461336
2.105 5.820570713751068
2.1149999999999998 4.747292587938012
2.125 3.837089054342686
2.135 3.075910014186693
2.145 2.4489132534472513
2.155 1.9412893665768416
2.165 1.5389504656414068
2.175 1.2290792953076397
2.185 1.0005439332538268
2.195 0.8441889675492713
2.205 0.7530169513088221
2.215 0.7222743444140435
2.225 0.7494545611610669
2.235 0.8342277776550021
2.245 0.9783035030657178
2.255 1.1852282788486737
2.265 1.4601178875691858
2.275 1.8093216841215771
2.285 2.240016531093379
2.295 2.7597295838019686
2.305 3.375792889478177
2.315 4.08512908068498
2.3249999999999997 4.915302640182068
2.335 5.855335673621623
2.3449999999999998 6.905742601214668
2.355 8.063545325651122
2.3649999999999998 9.321777473102438
2.375 10.669117213503187
2.385 12.089693666069785
2.395 13.563106192345396
2.405 15.064685957219202
2.415 16.566015312549947
2.425 18.035703597960136
2.435 19.440399058294155
2.445 20.745997292688568
2.455 21.91898873167332
2.465 22.927872874355522
2.475 23.74455702953485
2.485 24.345653352536697
2.495 24.71359078476548
2.505 24.837468174084815
2.515 24.71359078476548
2.525 24.345653352536697
2.535 23.74455702953485
2.545 22.927872874355522
2.555 21.91898873167332
2.565 20.745997292688568
2.5749999999999997 19.440399058294155
2.585 18.035703597960136
2.5949999999999998 16.566015312549947
2.605 15.064685957219202
2.6149999999999998 13.563106192345396
2.625 12.089693666069785
2.635 10.669117213503187
2.645 9.321777473102438
2.655 8.063545325651122
2.665 6.905742601214668
2.675 5.855335673621623
2.685 4.915302640182068
2.695 4.090587235138017
2.705 3.369487788401815
2.715 2.750250725986389
2.725 2.225912153686074
2.735 1.7885491250070196
2.745 1.429837023271672
2.755 1.141537224504456
2.765 0.9159061149212782
2.775 0.7460227403918311
2.785 0.6260370574902969
2.795 0.5513438006954579
2.805 0.5186884320646645
2.815 0.5262117104696913
2.8249999999999997 0.5734384379183463
2.835 0.6612143171948994
2.8449999999999998 0.7915930282312181
2.855 0.9676740338769211
2.8649999999999998 1.1933906490107826
2.875 1.4732478630117454
2.885 1.812010500789965
2.895 2.2143446176192696
2.905 2.6844184761458205
2.915 3.2199165445257645
2.925 3.8357134014738543
2.935 4.5238139910473265
2.945 5.28226742120516
2.955 6.106510159650783
2.965 6.989125501735339
2.975 7.919716750581307
2.985 8.884919855570711
2.995 9.86857475574247
3.005 10.852065617626124
3.015 11.81482904684046
3.025 12.73501697500071
3.035 13.59028829055789
3.045 14.358691544123205
3.055 15.019591386988587
3.065 15.554584858482452
3.075 15.948351048882389
3.085 16.19368439467487
3.0949999999999998 16.276919215825806
3.105 16.198770497944157
3.1149999999999998 15.962014857464355
3.125 15.574267766149443
3.135 15.04766276912326
3.145 14.398328052728502
3.155 13.645697766666451
3.165 12.811705388012696
3.175 11.91991205881265
3.185 10.9946238590588
3.195 10.06004848745866
3.205 9.13953435338962
3.215 8.254924547225913
3.225 7.426045727204335
3.235 6.670338942001653
3.245 6.00262709053499
3.255 5.4350032534241555
3.265 4.976816413498466
3.275 4.634726689648286
3.285 4.412801349103783
3.295 4.312625382652776
3.305 4.333405838388107
3.315 4.472056655328807
3.325 4.723259474495182
3.335 5.079504795830295
3.3449999999999998 5.531125867194777
3.355 6.066343914162807
3.3649999999999998 6.671347015820206
3.375 7.3304256327930855
3.385 8.02618533830251
3.395 8.739851858638831
3.405 9.451675582173701
3.415 10.141433009809411
3.425 10.789012166588051
3.435 11.375058860230531
3.445 11.881651948192406
3.455 12.292969440257194
3.465 12.595904080079105
3.475 12.780587471427207
3.485 12.840785935198397
3.495 12.774138813320139
3.505 12.578579770028684
3.515 12.268013528948043
3.525 11.84606031027333
3.535 11.324803826264334
3.545 10.718758625045979
3.555 10.0441999553265
3.565 9.318441083935703
3.575 8.559102607066174
3.585 7.783416254202457
3.5949999999999998 7.0076005231550065
3.605 6.246337856364173
3.6149999999999998 5.512373810738284
3.625 4.816248709614444
3.635 4.166162502982335
3.645 3.5679647994171924
3.655 3.0252548898331404
3.665 2.5395714568868044
3.675 2.1106487169672072
3.685 1.736714915302086
3.695 1.4148101451225212
3.705 1.1411030120246115
3.715 0.9111892623768286
3.725 0.7203596693298303
3.735 0.5638287823508696
3.745 0.4369202254689964
3.755 0.3352077966446064
3.765 0.25461449781890716
3.775 0.19147373171618953
3.785 0.14255824143267623
3.795 0.1050830119721907
3.805 0.07668841301198684
3.815 0.05540947610856109
3.825 0.03963650860529598
3.835 0.028071382134672224
3.8449999999999998 0.01968290766699172
3.855 0.01366380858196615
3.8649999999999998 0.009390989145837414
3.875 0.0063901045388754405
3.885 0.004304885876553977
3.895 0.0
3.905 0.0
3.915 0.0
3.925 0.0
3.935 0.0
3.945 0.0
3.955 0.0027567094565964195
3.965 0.004092015936333906
3.975 0.006013685223601707
3.985 0.008749860370556821
3.995 0.012604296433136793
4.005 0.017976003733768765
4.015 0.02538193606798969
4.025 0.03548243348457754
4.035 0.049108775336628906
4.045 0.06993796351963805
4.055 0.09521766721019546
4.065 0.12838620179646126
4.075 0.17144599860690923
4.085 0.22675526746055266
4.095 0.29704499448078364
4.1049999999999995 0.3854221888709232
4.115 0.4953551173718217
4.125 0.6306363372143977
4.135 0.7953197715447001
4.145 0.9936289198223613
4.155 1.2298345846008603
4.165 1.5081022112604465
4.175 1.83231101816673
4.185 2.2058494315023447
4.195 2.63139377504814
4.205 3.110679506004787
4.215 3.644276316338026
4.225 4.231379915452355
4.235 4.8696340756674585
4.245 5.554996403451108
4.255 6.281660209427155
4.265 7.042042783334319
4.275 7.826847419570594
4.285 8.625202853589231
4.295 9.42487960050409
4.305 10.21257832640438
4.315 10.974281143680109
4.325 11.69565290900842
4.335 12.362476483634513
4.345 12.961103695895762
4.355 13.478902554687025
4.365 13.904681146902432
4.375 14.229069581307469
4.385 14.444843219809734
4.395 14.547173120390234
4.405 14.533792930053195
4.415 14.405075224339695
4.425 14.166260114017426
4.435 13.819450208253397
4.445 13.37410269176964
4.455 12.840264641204664
4.465 12.229742743270847
4.475 11.555726360982714
4.485 10.832378946053524
4.495 10.074415979038301
4.505 9.296687731484583
4.515 8.513784231870366
4.525 7.739677889530279
4.535 6.989563179593661
4.545 6.27206139573463
4.555 5.599254633803158
4.565 4.980363229470878
4.575 4.423131830003911
4.585 3.933839044762539
4.595 3.5173519262946153
4.605 3.1772125306320653
4.615 2.9157428499493414
4.625 2.73415470021937
4.635 2.6326526324794646
4.645 2.610520456319927
4.655 2.6661852559143577
4.665 2.797256505193515
4.675 3.0005416710859283
4.685 3.272043150582744
4.695 3.6069441736984165
4.705 4.001599355609167
4.715 4.446474633912571
4.725 4.935707331563899
4.735 5.461347321531795
4.745 6.014777799165182
4.755 6.586835545707447
4.765 7.1661296491468995
4.775 7.747211339822754
4.785 8.317681466577707
4.795 8.868125234592442
4.805 9.389603431296889
4.815 9.873894162789576
4.825 10.313717668689815
4.835 10.702934402573039
4.845 11.036707987049454
4.855 11.309861409213319
4.865 11.524610822387919
4.875 11.678006053836649
4.885 11.771215370646562
4.895 11.806807704333906
4.905 11.788629426779167
4.915 11.721632505786424
4.925 11.611658636613063
4.935 11.465185755126925
4.945 11.289045408855312
4.955 11.090121706177616
4.965 10.875044786976375
4.975 10.649893676029762
4.985 10.421727657421288
4.995 10.192017943627611
5.005 9.965056909328528
5.015 9.742646616732955
5.025 9.525290347779329
5.035 9.312267719281287
5.045 9.101794329975991
5.055 8.891257913210186
5.065 8.677516743581592
5.075 8.457240632279511
5.085 8.227270812978453
5.095 7.9849728119547
5.105 7.728556275572401
5.115 7.457337744594163
5.125 7.171926348452101
5.135 6.8743179786512005
5.145 6.567890175151245
5.155 6.25729712362516
5.165 5.948271200004112
5.175 5.64734384775625
5.185 5.361503774484415
5.195 5.097814190856143
5.205 4.8630129260379436
5.215 4.663119729151609
5.225 4.503074021915367
5.235 4.384926109744215
5.245 4.314095545866913
5.255 4.288531249548806
5.265 4.306545046627214
5.275 4.364597008561379
5.285 4.4574186643960605
5.295 4.578222507970245
5.305 4.718987526929817
5.315 4.870806474872034
5.325 5.024277278651947
5.335 5.169918496439979
5.345 5.297155415361922
5.355 5.400932525232317
5.365 5.471862704673321
5.375 5.504080943685468
5.385 5.493328297287025
5.395 5.437096502424983
5.405 5.334681076652013
5.415 5.187143058380947
5.425 4.997185053559673
5.435 4.768952308089169
5.445 4.507773736057776
5.455 4.219860878330543
5.465 3.911984427281427
5.475 3.5911481430020005
5.485 3.2657883954536158
5.495 2.9401888249754373
5.505 2.6214323010871614
5.515 2.313520779257858
5.525 2.024075811863431
5.535 1.7547440571231956
5.545 1.5082585840388807
5.555 1.286488490506828
5.565 1.0905334474213622
5.575 0.9208466269136859
5.585 0.7773750488740225
5.595 0.6597065040650852
5.605 0.5672129555151012
5.615 0.49918152357722123
5.625 0.4549256662185757
5.635 0.43387083684700833
5.645 0.4356106315721293
5.655 0.4599311573798083
5.665 0.506803027622472
5.675 0.5763420122098013
5.685 0.6687409400561632
5.695 0.784176971660188
5.705 0.922699815395383
5.715 1.0841078116594456
5.725 1.2678199836352988
5.735 1.4727530530462605
5.745 1.6985975235796353
5.755 1.9408654185954015
5.765 2.1974286282721534
5.775 2.4645067764185713
5.785 2.737633582871841
5.795 3.0105474347312415
5.805 3.2805531097087477
5.815 3.540136423992111
5.825 3.7835356831847737
5.835 4.005197177282236
5.845 4.200045478788615
5.855 4.36374954197557
5.865 4.4929675884071765
5.875 4.5855539959196845
5.885 4.64071293827476
5.895 4.659086284927472
5.905 4.642767084939504
5.915 4.595234548657883
5.925 4.521211457631518
5.935 4.426449993503966
5.945 4.317456697259198
5.955 4.2011713039358725
5.965 4.085907799633475
5.975 3.9764592987255627
5.985 3.879894058384558
5.995 3.801511516469529
6.005 3.745445080256509
6.015 3.714469741604822
6.025 3.7098864225794044
6.035 3.7314897013931594
6.045 3.777620681141147
6.055 3.8453017540012455
6.065 3.931696075825333
6.075 4.029979593140983
6.085 4.135609576315803
6.095 4.243050511535529
6.105 4.346961150478924
6.115 4.442531911001722
6.125 4.525786307577881
6.135 4.593827806442245
6.1450000000000005 4.645016779115023
6.155 4.679066556901333
6.165 4.697052704766117
6.175 4.701335199148348
6.185 4.695398824036056
6.195 4.683622386475861
6.205 4.670991905395346
6.215 4.662776405891561
6.225 4.664187097935787
6.235 4.680041384930018
6.245 4.714452307721434
6.255 4.770561782770052
6.265 4.850332553438676
6.275 4.95440944842594
6.285 5.082055701326134
6.295 5.230158229074242
6.305 5.398844331315149
6.315 5.5803620376309215
6.325 5.770128303274681
6.335 5.962102864576275
6.345 6.149838744371051
6.355 6.32676788353983
6.365 6.486483970232864
6.375 6.623010298803745
6.385 6.731042382030122
6.3950000000000005 6.806157150307939
6.405 6.844982688633622
6.415 6.845324422723089
6.425 6.806245368643167
6.435 6.728099472251088
6.445 6.612518213657709
6.455 6.462351613186993
6.465 6.281565650716319
6.475 6.075099004521052
6.485 5.8486830135020345
6.495 5.608629913998884
6.505 5.361595694841663
6.515 5.114325293363059
6.525 4.873389213180763
6.535 4.64492183749719
6.545 4.434372576884078
6.555 4.245357873699901
6.565 4.083479976712409
6.575 3.9495994744630964
6.585 3.8446189954027377
6.595 3.768074353081534
6.605 3.71817338535435
6.615 3.691897755488621
6.625 3.6851638902151027
6.635 3.6930355860907866
6.6450000000000005 3.7099774967533437
6.655 3.730135987792334
6.665 3.747631946735498
6.675 3.7568492395405
6.685 3.7527027124249783
6.695 3.7308709605022328
6.705 3.687981440527375
6.715 3.621738722603564
6.725 3.5309905071973766
6.735 3.4157301767353436
6.745 3.277038775835047
6.755 3.1169730954173147
6.765 2.9384096833445423
6.775 2.743996131859766
6.785 2.539679947752679
6.795 2.3283598487766124
6.805 2.1142232737250257
6.815 1.9012744697848685
6.825 1.6931802834515313
6.835 1.4931493726000604
6.845 1.3038481664548855
6.855 1.1273540619939129
6.865 0.9651438174582038
6.875 0.8172787171565943
6.885 0.6860703570423543
6.8950000000000005 0.5713589863739392
6.905 0.47090334083004015
6.915 0.38475081220412805
6.925 0.3119625883200859
6.935 0.25147699637703913
6.945 0.20219015980329744
6.955 0.16302736688358468
6.965 0.13300386300527162
6.975 0.11127459274956214
6.985 0.09717300858001562
6.995 0.09023941203164151
