0.005 0.0
0.015 0.0
0.025 0.0
0.034999999999999996 0.0
0.045 0.0
0.055 0.0
0.065 0.0
0.07500000000000001 0.0
0.085 0.0
0.095 0.0
0.10500000000000001 0.0
0.115 0.0
0.125 0.0
0.135 0.0
0.14500000000000002 0.0
0.155 0.0
0.165 0.0
0.17500000000000002 0.0
0.185 0.0
0.195 0.0
0.20500000000000002 0.0
0.215 0.0
0.225 0.0
0.23500000000000001 0.0
0.245 0.0
0.255 0.0
0.265 0.0
0.275 0.0
0.28500000000000003 0.0
0.295 0.0
0.305 0.0
0.315 0.0
0.325 0.0
0.335 0.0
0.34500000000000003 0.0
0.35500000000000004 0.0
0.365 0.0
0.375 0.0
0.385 0.0
0.395 0.0
0.405 0.0
0.41500000000000004 0.0
0.425 0.0
0.435 0.0
0.445 0.0
0.455 0.0
0.465 0.0
0.47500000000000003 0.0
0.485 0.0
0.495 0.0
0.505 0.0
0.515 0.0
0.525 0.0
0.535 0.0
0.545 0.0
0.555 0.0
0.5650000000000001 0.0
0.5750000000000001 0.0
0.585 0.0
0.595 0.0
0.605 0.0
0.615 0.0
0.625 0.0
0.635 0.0
0.645 0.0
0.655 0.0
0.665 0.0
0.675 0.0
0.685 0.0
0.6950000000000001 0.0
0.7050000000000001 0.0
0.715 0.0
0.725 0.0
0.735 0.0
0.745 0.0
0.755 0.0
0.765 0.0
0.775 0.0
0.785 0.0
0.795 0.0
0.805 0.0
0.8150000000000001 0.0
0.8250000000000001 0.0
0.8350000000000001 0.0
0.845 0.0
0.855 0.0
0.865 0.0
0.875 0.0
0.885 0.0
0.895 0.0
0.905 0.0
0.915 0.0
0.925 0.0
0.935 0.0
0.9450000000000001 0.0
0.9550000000000001 0.0
0.965 0.0
0.975 0.0
0.985 0.0
0.995 0.0
1.005 0.0
1.015 0.0
1.025 0.0
1.035 0.0
1.045 0.0
1.055 0.0
1.065 0.0
1.075 0.0
1.085 0.0
1.095 0.0
1.105 0.0
1.115 0.0
1.125 0.0
1.135 0.0
1.145 0.0
1.155 0.0
1.1649999999999998 0.0
1.1749999999999998 0.0
1.1849999999999998 0.0
1.1949999999999998 0.0
1.2049999999999998 0.0
1.2149999999999999 0.0
1.2249999999999999 0.0
1.2349999999999999 0.0
1.2449999999999999 0.0
1.255 0.0
1.265 0.0
1.275 0.0
1.285 0.0
1.295 0.0
1.305 0.0
1.315 0.0
1.325 0.0
1.335 0.0
1.345 0.0
1.355 0.0
1.365 0.0
1.375 0.0
1.385 0.0
1.395 0.0
1.405 0.01604766989619126
1.4149999999999998 0.02382090749502376
1.4249999999999998 0.035007546804411635
1.4349999999999998 0.05093568004726377
1.4449999999999998 0.07337356062268999
1.4549999999999998 0.1046439526958299
1.4649999999999999 0.14775620636069114
1.4749999999999999 0.2065543680388749
1.4849999999999999 0.28587757542699
1.4949999999999999 0.3917264095226443
1.505 0.5314258414962745
1.515 0.7137720554006816
1.525 0.9491469760060434
1.535 1.2495811088697986
1.545 1.6287427240483776
1.555 2.1018299756603955
1.565 2.6853427736366293
1.575 3.396713621426477
1.585 4.25378162851071
1.595 5.2741017592046715
1.605 6.474092104590126
1.615 7.868035262254802
1.625 9.466965115119924
1.635 11.277486376187788
1.645 13.300589828437337
1.655 15.530539600568705
1.665 17.95391832587194
1.6749999999999998 20.548919947199604
1.6849999999999998 23.284976850363282
1.6949999999999998 26.122797022900055
1.7049999999999998 29.014867825503526
1.7149999999999999 31.906456334628402
1.7249999999999999 34.73710354937718
1.7349999999999999 37.44257336351194
1.7449999999999999 39.95718006103896
1.755 42.216383582389504
1.765 44.159513371772384
1.775 45.732462378807995
1.785 46.89018517580642
1.795 47.59883957421141
1.805 47.83742975046043
1.815 47.59883957421141
1.825 46.89018517580642
1.835 45.732462378807995
1.845 44.159513371772384
1.855 42.216383582389504
1.865 39.95718006103896
1.875 37.44257336351194
1.885 34.73710354937718
1.895 31.906456334628402
1.905 29.014867825503526
1.915 26.122797022900055
1.9249999999999998 23.284976850363282
1.9349999999999998 20.548919947199604
1.9449999999999998 17.95391832587194
1.9549999999999998 15.530539600568705
1.9649999999999999 13.300589828437337
1.9749999999999999 11.277486376187788
1.9849999999999999 9.466965115119924
1.9949999999999999 7.868035262254802
2.005 6.474092104590126
2.015 5.2741017592046715
2.025 4.25378162851071
2.035 3.396713621426477
2.045 2.6853427736366293
2.0549999999999997 2.1018299756603955
2.065 1.6287427240483776
2.0749999999999997 1.2495811088697986
2.085 0.9491469760060434
2.0949999999999998 0.7137720554006816
2.105 0.5314258414962745
2.1149999999999998 0.3917264095226443
2.125 0.28587757542699
2.135 0.2065543680388749
2.145 0.14775620636069114
2.155 0.1046439526958299
2.165 0.07337356062268999
2.175 0.05093568004726377
2.185 0.035007546804411635
2.195 0.02382090749502376
2.205 0.01604766989619126
2.215 0.0
2.225 0.0
2.235 0.0
2.245 0.0
2.255 0.0
2.265 0.0
2.275 0.0
2.285 0.0
2.295 0.0
2.305 0.0
2.315 0.0
2.3249999999999997 0.0
2.335 0.0
2.3449999999999998 0.0
2.355 0.0
2.3649999999999998 0.0
2.375 0.0
2.385 0.0
2.395 0.0
2.405 0.0
2.415 0.0
2.425 0.0
2.435 0.0
2.445 0.0
2.455 0.0
2.465 0.0
2.475 0.00632544916228911
2.485 0.009389396736975888
2.495 0.013798791914352524
2.505 0.020077123767485976
2.515 0.028921378030409114
2.525 0.04124710984213092
2.535 0.05824050331251353
2.545 0.08141675163624551
2.555 0.11268327936076732
2.565 0.15440531273325986
2.5749999999999997 0.20947010785093553
2.585 0.2813448232114487
2.5949999999999998 0.37412166271513353
2.605 0.49254264509695145
2.6149999999999998 0.6419953405111782
2.625 0.828470347708898
2.635 1.0584713735911513
2.645 1.3388697219081958
2.655 1.676696966767118
2.665 2.0788726818531202
2.675 2.5518683238419273
2.685 3.1013136100402283
2.695 3.731557724219395
2.705 4.445204021046975
2.715 5.2426430336910075
2.725 6.121613875521629
2.735 7.076827874004783
2.745 8.099689818321183
2.755 9.178150987951772
2.765 10.296723799407735
2.775 11.436680375904283
2.785 12.576446848610072
2.795 13.69219232250708
2.805 14.758597095294613
2.815 15.749770077493979
2.8249999999999997 16.640271758673194
2.835 17.411183811850577
2.8449999999999998 18.03360711661445
2.855 18.4934249406352
2.8649999999999998 18.777711298114493
2.875 18.878740837054455
2.885 18.79443174160498
2.895 18.528525819843786
2.905 18.090495643282168
2.915 17.495187177905436
2.925 16.762223908149565
2.935 15.915213412643974
2.945 14.98080839960354
2.955 13.987680477196434
2.965 12.965466068318637
2.975 11.94374007704556
2.985 10.951064883221829
2.995 10.014151102738245
3.005 9.157153694176294
3.015 8.401113907290434
3.025 7.763545668876837
3.035 7.2581554649944655
3.045 6.894678422216696
3.055 6.678810492327547
3.065 6.612217319449364
3.075 6.692603999177359
3.085 6.913835657990544
3.0949999999999998 7.26610548796282
3.105 7.73615337718336
3.1149999999999998 8.307543451395897
3.125 8.96101175884246
3.135 9.674895375014385
3.145 10.425651155507284
3.155 11.188466423365972
3.165 11.93795564291924
3.175 12.648927537836528
3.185 13.297197312039883
3.195 13.864455341823525
3.205 14.324838395578206
3.215 14.664904116414307
3.225 14.872544139877153
3.235 14.940152620099397
3.245 14.864913529479717
3.255 14.64888533473543
3.265 14.298876513446768
3.275 13.826119220009387
3.285 13.241542727260876
3.295 12.5734251365934
3.305 11.836546377665488
3.315 11.053616233131832
3.325 10.248116743552304
3.335 9.443491523205669
3.3449999999999998 8.662393969161155
3.355 7.926022998796926
3.3649999999999998 7.25356481123998
3.375 6.6617488642574685
3.385 6.164516908079223
3.395 5.7727964520143376
3.405 5.494365101925974
3.415 5.333790090865768
3.425 5.292427957708917
3.435 5.368472292701861
3.445 5.557042068782989
3.455 5.850308433643098
3.465 6.237662999862244
3.475 6.705934738733282
3.485 7.239664818703844
3.495 7.821448646110583
3.505 8.432351792880537
3.515 9.052401600232828
3.525 9.661149517928765
3.535 10.238291430419217
3.545 10.764325267584995
3.555 11.221218098966276
3.565 11.593049612733353
3.575 11.866596159930658
3.585 12.031819908276212
3.5949999999999998 12.082231270847096
3.605 12.015099464785724
3.6149999999999998 11.831495280722072
3.625 11.536161086065636
3.635 11.137214732911415
3.645 10.642373118108626
3.655 10.072848095269222
3.665 9.438938213619839
3.675 8.756913445543473
3.685 8.043332573171972
3.695 7.314388944969307
3.705 6.58532373488975
3.715 5.86993462394681
3.725 5.180199124007132
3.735 4.526022400357448
3.745 3.9151102754277813
3.755 3.3529598613984026
3.765 2.8429535565391957
3.775 2.389536860550895
3.785 1.9879138589972507
3.795 1.6386041851842583
3.805 1.3390745351394264
3.815 1.0860549053339785
3.825 0.875840599359382
3.835 0.7045686578996181
3.8449999999999998 0.5684605077989484
3.855 0.46402607436450516
3.8649999999999998 0.38822747167251725
3.875 0.3386025221726074
3.885 0.3133497090344775
3.895 0.3113767787237735
3.905 0.3323152133947261
3.915 0.37650236775183177
3.925 0.4449324332175807
3.935 0.5391767848239549
3.945 0.6612739020776286
3.955 0.813589118556573
3.965 0.9986450765517486
3.975 1.2189250027522713
3.985 1.476652756944117
3.995 1.7735559286266747
4.005 2.10792263408864
4.015 2.4860694494201314
4.025 2.9028787844756514
4.035 3.355842742545389
4.045 3.8408854613415957
4.055 4.352293418926093
4.065 4.882722379212339
4.075 5.423291554012399
4.085 5.963770581300338
4.095 6.492858813735508
4.1049999999999995 6.998549609257094
4.115 7.468565373119174
4.125 7.890842650059445
4.135 8.254041250118108
4.145 8.548047795867395
4.155 8.764442656068356
4.165 8.896900244250281
4.175 8.941496142308594
4.185 8.896900244250281
4.195 8.764442656068356
4.205 8.548047795867395
4.215 8.256496094265312
4.225 7.894486581902729
4.235 7.47392054754242
4.245 7.006341342066701
4.255 6.504082913995503
4.265 5.979778175952857
4.275 5.445894116299883
4.285 4.9143194138435184
4.295 4.39602468317776
4.305 3.9008086333623635
4.315 3.4371360159682056
4.325 3.012065922793727
4.335 2.6312623599147553
4.345 2.2990735545281216
4.355 2.018662485173397
4.365 1.792168852437533
4.375 1.620882165713027
4.385 1.5054067202214143
4.395 1.4458017795352733
4.405 1.4416839868601818
4.415 1.4922835778500945
4.425 1.5964510066762245
4.435 1.7526157655838097
4.445 1.9587041228360504
4.455 2.2120268892765758
4.465 2.5113608733426735
4.475 2.8490568798202203
4.485 3.221447543356223
4.495 3.622395560527397
4.505 4.044764619945491
4.515 4.48048476263626
4.525 4.92069313006909
4.535 5.355951830440111
4.545 5.776538175768978
4.555 6.17279593867754
4.565 6.535530099051632
4.575 6.856422353623794
4.585 7.126440332534615
4.595 7.34489554398872
4.605 7.5054930386594965
4.615 7.60711313422033
4.625 7.650938545008804
4.635 7.6404574982111955
4.645 7.58133739649019
4.655 7.481171662849815
4.665 7.3491110067296415
4.675 7.195398352314815
4.685 7.03083345689611
4.695 6.866198309350385
4.705 6.711677370480545
4.715 6.576307398716479
4.725 6.4674899705053175
4.735 6.390595993752511
4.745 6.348685809327754
4.755 6.342361281719622
4.765 6.369758082400169
4.775 6.426677707003065
4.785 6.506850197428549
4.795 6.602310607196178
4.805 6.703865455102504
4.815 6.801620190341312
4.825 6.885535376838763
4.835 6.94597811067617
4.845 6.974236188263551
4.855 6.962965669921187
4.865 6.906547506684442
4.875 6.803214429191022
4.885 6.64857416524925
4.895 6.446425300296721
4.905 6.19666465530049
4.915 5.905217816014477
4.925 5.578371002145707
4.935 5.22368804124958
4.945 4.849652638181558
4.955 4.465305094107483
4.965 4.079896819583747
4.975 3.70258221533023
4.985 3.343965374948636
4.995 3.0095654303931267
5.005 2.7082645417365283
5.015 2.447023336657624
5.025 2.230431783059264
5.035 2.067838657727423
5.045 1.9617240165928418
5.055 1.916389466090708
5.065 1.9355507343920588
5.075 2.022358482840077
5.085 2.1793819137696926
5.095 2.408549070877978
5.105 2.711042910250991
5.115 3.087157660239564
5.125 3.5361252306119484
5.135 4.055926021741319
5.145 4.643102003113415
5.155 5.292592024748091
5.165 5.997609742707224
5.175 6.749583156656264
5.185 7.538171598873406
5.195 8.351371264699145
5.205 9.17571437289984
5.215 9.996560262225394
5.225 10.798469733972578
5.235 11.565647349437189
5.245 12.282430778626637
5.255 12.933802186152406
5.265 13.505894409869171
5.275 13.984991165316117
5.285 14.364336485502518
5.295 14.633965339473832
5.305 14.7887164086449
5.315 14.826162009227446
5.325 14.746636233482194
5.335 14.553155701187222
5.345 14.251242154465118
5.355 13.848660836835226
5.365 13.355091942495097
5.375 12.781754304302147
5.385 12.141000959305522
5.395 11.445905463893881
5.405 10.709856087039341
5.415 9.946172591163004
5.425 9.167757515693273
5.435 8.386790971961924
5.445 7.614475143988458
5.455 6.8608321036192645
5.465 6.134556260615406
5.475 5.442920796140885
5.485 4.79173575483057
5.495 4.185354064347262
5.505 3.6267205817608774
5.515 3.1174583154965902
5.525 2.657985239267142
5.535 2.247654614556006
5.545 1.8849114932326216
5.555 1.567458102943993
5.565 1.292421135619662
5.575 1.0565145563865586
5.585 0.8561923972915084
5.595 0.6877870468634265
5.605 0.5476297247186614
5.615 0.43215106169172823
5.625 0.33796090993459216
5.635 0.261907610101357
5.645 0.20111788377131312
5.655 0.15301925687649662
5.665 0.11534743314180804
5.675 0.08614132491666379
5.685 0.06247529265966798
5.695 0.045876381048379426
5.705 0.03211915220100715
5.715 0.02320696604102063
5.725 0.016600826677832543
5.735 0.01175704333763225
5.745 0.008243726559000008
5.755 0.005722767368011653
5.765 0.00393319665704924
5.775 0.004047523063281914
5.785 0.003838354298132971
5.795 0.0029911843690069414
5.805 0.004352147576445261
5.815 0.00626932954940206
5.825 0.008941196518672452
5.835 0.013969793299621638
5.845 0.019645197706536256
5.855 0.027360412268692208
5.865 0.03773945454382904
5.875 0.05155639204245534
5.885 0.06975747069057232
5.895 0.0934819694242535
5.905 0.12407998224738345
5.915 0.16312493633293296
5.925 0.21241831582383858
5.935 0.27398382580409697
5.945 0.35004815443432186
5.955 0.44300562876712757
5.965 0.5553644606756052
5.975 0.6896729798821719
5.985 0.8484252666801807
5.995 1.033946915036718
6.005 1.248263231247054
6.015 1.4929539216491898
6.025 1.7690001269457412
6.035 2.0766313718243743
6.045 2.4151814475992204
6.055 2.7829632567980265
6.065 3.177173057236285
6.075 3.5938342145591675
6.085 4.027789420943536
6.095 4.472748343311805
6.105 4.921394883074287
6.115 5.365554797640169
6.125 5.796420564487606
6.135 6.204826337329238
6.1450000000000005 6.5827824975399665
6.155 6.919523417682576
6.165 7.208876062503277
6.175 7.441803924903578
6.185 7.613308052401152
6.195 7.720390981328091
6.205 7.758852745146108
6.215 7.7291532724958
6.225 7.633000217518892
6.235 7.474136520865672
6.245 7.258246644850091
6.255 6.992789570406828
6.265 6.686768635884755
6.275 6.350451079650588
6.285 5.995051759405344
6.295 5.632395892149368
6.305 5.274574852267344
6.315 4.933607267655804
6.325 4.621115154217626
6.335 4.348021985600046
6.345 4.12427679306318
6.355 3.9586059961613467
6.365 3.8582929808879345
6.375 3.8289846679549435
6.385 3.8745245198765974
6.3950000000000005 3.9968125488539714
6.405 4.195694697263046
6.415 4.468886141459287
6.425 4.811935211029669
6.435 5.218236282989307
6.445 5.679100793135437
6.455 6.183895076307593
6.465 6.7202519065747985
6.475 7.274359327812583
6.485 7.831325800121693
6.495 8.375615173813499
6.505 8.891539028966664
6.515 9.363788078477043
6.525 9.77797926071839
6.535 10.121191447539205
6.545 10.382460863542434
6.555 10.553207685469204
6.565 10.627567985169904
6.575 10.602610080373719
6.585 10.477506575705824
6.595 10.257453891664039
6.605 9.94696904272141
6.615 9.554409957685499
6.625 9.090200034850549
6.635 8.566345146229757
6.6450000000000005 7.995004406359339
6.655 7.391832945468488
6.665 6.769049176730822
6.675 6.139671607566669
6.685 5.515746476194076
6.695 4.908002078687685
6.705 4.325595976058892
6.715 3.775959278390702
6.725 3.264735695179751
6.735 2.79580741031172
6.745 2.3713954351647306
6.755 1.9922191138376726
6.765 1.6576979499599684
6.775 1.3661788091133371
6.785 1.1151726302668021
6.795 0.9015867853347463
6.805 0.7219418522642709
6.815 0.5725645057709607
6.825 0.44975119972008043
6.835 0.3499000833693069
6.845 0.269610988548028
6.855 0.2057552398887061
6.865 0.1555184309781766
6.875 0.11642018447803386
6.885 0.0863153235288709
6.8950000000000005 0.06338090206072769
6.905 0.046093263986678255
6.915 0.03319881916414026
6.925 0.023681624461051688
6.935 0.016730215592100927
6.945 0.011705507912492842
6.955 0.007296948885953425
6.965 0.005028572967595088
6.975 0.0026223310570642954
6.985 0.0017843668361184474
6.995 0.001202092320190654
