0.005 0.0
0.015 0.0
0.025 0.0
0.034999999999999996 0.0
0.045 0.0
0.055 0.0
0.065 0.0
0.07500000000000001 0.0
0.085 0.0
0.095 0.0
0.10500000000000001 0.0
0.115 0.0
0.125 0.0
0.135 0.0
0.14500000000000002 0.0
0.155 0.0
0.165 0.0
0.17500000000000002 0.0
0.185 0.0
0.195 0.0
0.20500000000000002 0.0
0.215 0.0
0.225 0.0
0.23500000000000001 0.0
0.245 0.0
0.255 0.0
0.265 0.0
0.275 0.0
0.28500000000000003 0.0
0.295 0.0
0.305 0.0
0.315 0.0
0.325 0.0
0.335 0.0
0.34500000000000003 0.0
0.35500000000000004 0.0
0.365 0.0
0.375 0.0
0.385 0.0
0.395 0.0
0.405 0.0
0.41500000000000004 0.0
0.425 0.0
0.435 0.0
0.445 0.0
0.455 0.0
0.465 0.0
0.47500000000000003 0.0
0.485 0.0
0.495 0.0
0.505 0.0
0.515 0.0
0.525 0.0
0.535 0.0
0.545 0.0
0.555 0.0
0.5650000000000001 0.0
0.5750000000000001 0.0
0.585 0.0
0.595 0.0
0.605 0.0
0.615 0.0
0.625 0.0
0.635 0.0
0.645 0.0
0.655 0.0
0.665 0.0
0.675 0.0
0.685 0.0
0.6950000000000001 0.0
0.7050000000000001 0.0
0.715 0.0
0.725 0.0
0.735 0.0
0.745 0.0
0.755 0.0
0.765 0.0
0.775 0.0
0.785 0.0
0.795 0.0
0.805 0.0
0.8150000000000001 0.0
0.8250000000000001 0.0
0.8350000000000001 0.0
0.845 0.0
0.855 0.0
0.865 0.0
0.875 0.0
0.885 0.0
0.895 0.0
0.905 0.0
0.915 0.0
0.925 0.0
0.935 0.0
0.9450000000000001 0.0
0.9550000000000001 0.0
0.965 0.0
0.975 0.0
0.985 0.0
0.995 0.0
1.005 0.0
1.015 0.0
1.025 0.0
1.035 0.0
1.045 0.0
1.055 0.0
1.065 0.0
1.075 0.0
1.085 0.0
1.095 0.0
1.105 0.0
1.115 0.0
1.125 0.0
1.135 0.0
1.145 0.0
1.155 0.0
1.1649999999999998 0.0
1.1749999999999998 0.0
1.1849999999999998 0.0
1.1949999999999998 0.0
1.2049999999999998 0.0
1.2149999999999999 0.0
1.2249999999999999 0.0
1.2349999999999999 0.0
1.2449999999999999 0.0
1.255 0.0
1.265 0.0
1.275 0.0
1.285 0.0
1.295 0.0
1.305 0.0
1.315 0.0
1.325 0.0
1.335 0.0
1.345 0.0
1.355 0.0
1.365 0.0
1.375 0.0
1.385 0.0
1.395 0.0
1.405 0.0
1.4149999999999998 0.0
1.4249999999999998 0.0
1.4349999999999998 0.0
1.4449999999999998 0.0
1.4549999999999998 0.0
1.4649999999999999 0.0
1.4749999999999999 0.0
1.4849999999999999 0.0
1.4949999999999999 0.0
1.505 0.0
1.515 0.0
1.525 0.0
1.535 0.0
1.545 0.0
1.555 0.0
1.565 0.0
1.575 0.0
1.585 0.0
1.595 0.0
1.605 0.0
1.615 0.012877053891185628
1.625 0.019114495221712578
1.635 0.028090935924947144
1.645 0.04087207059938809
1.655 0.05887679024048228
1.665 0.08396893922716452
1.6749999999999998 0.11856329575394255
1.6849999999999998 0.1657444193395117
1.6949999999999998 0.22939535576616898
1.7049999999999998 0.314331122128886
1.7149999999999999 0.42642945950304956
1.7249999999999999 0.5727486471788881
1.7349999999999999 0.7616194026764287
1.7449999999999999 1.0026953061978734
1.755 1.3069441213658846
1.765 1.6865612292481142
1.775 2.154786572512424
1.785 2.7256084303188577
1.795 3.413341352732356
1.805 4.232071884591441
1.815 5.194974315061948
1.825 6.313509359626749
1.835 7.596530883421702
1.845 9.049338674255036
1.855 10.67272776130525
1.865 12.462095537195752
1.875 14.406675569458809
1.885 16.488970129461027
1.895 18.684450994863873
1.905 20.961589266752352
1.915 23.282259608500105
1.9249999999999998 25.602542945831935
1.9349999999999998 27.873925456005924
1.9449999999999998 30.04486247196846
1.9549999999999998 32.06264612334311
1.9649999999999999 33.87548784327978
1.9749999999999999 35.434704052069705
1.9849999999999999 36.69687789180526
1.9949999999999999 37.625863778506556
2.005 38.194505889013364
2.015 38.38595664649656
2.025 38.194505889013364
2.035 37.625863778506556
2.045 36.69687789180526
2.0549999999999997 35.434704052069705
2.065 33.87548784327978
2.0749999999999997 32.06264612334311
2.085 30.04486247196846
2.0949999999999998 27.873925456005924
2.105 25.602542945831935
2.1149999999999998 23.282259608500105
2.125 20.961589266752352
2.135 18.684450994863873
2.145 16.488970129461027
2.155 14.406675569458809
2.165 12.462095537195752
2.175 10.67272776130525
2.185 9.049338674255036
2.195 7.596530883421702
2.205 6.313509359626749
2.215 5.194974315061948
2.225 4.232071884591441
2.235 3.413341352732356
2.245 2.7256084303188577
2.255 2.154786572512424
2.265 1.6865612292481142
2.275 1.3069441213658846
2.285 1.0026953061978734
2.295 0.7616194026764287
2.305 0.5727486471788881
2.315 0.42642945950304956
2.3249999999999997 0.314331122128886
2.335 0.22939535576616898
2.3449999999999998 0.1657444193395117
2.355 0.11856329575394255
2.3649999999999998 0.08396893922716452
2.375 0.05887679024048228
2.385 0.04087207059938809
2.395 0.028090935924947144
2.405 0.019114495221712578
2.415 0.01947502258352456
2.425 0.009793920419099041
2.435 0.014393285710962815
2.445 0.02094210713759773
2.455 0.03016739869187121
2.465 0.043024160404343176
2.475 0.06074968079309698
2.485 0.08492443217004389
2.495 0.11753801671585438
2.505 0.16105756179631867
2.515 0.2184947152561058
2.525 0.2934660112941283
2.535 0.3902399583631994
2.545 0.5137628757442154
2.555 0.6696544464499836
2.565 0.8641633623905837
2.5749999999999997 1.1040735298810078
2.585 1.3965522892723632
2.5949999999999998 1.7489341562055323
2.605 2.1684368205817295
2.6149999999999998 2.6618105490531345
2.625 3.2349276042185364
2.635 3.89232454587385
2.645 4.636716889099638
2.655 5.4685119924170005
2.665 6.38535156334456
2.675 7.381719077299086
2.685 8.448649015716647
2.695 9.573573562663885
2.705 10.74033788259356
2.715 11.929407245001995
2.725 13.118278313371931
2.735 14.282093485467508
2.745 15.39444220943807
2.755 16.428317929162766
2.765 17.357185122962072
2.775 18.156099208211437
2.785 18.802814174945002
2.795 19.27880968198217
2.805 19.570171578420116
2.815 19.668267471679002
2.8249999999999997 19.570171578420116
2.835 19.27880968198217
2.8449999999999998 18.802814174945002
2.855 18.156099208211437
2.8649999999999998 17.357185122962072
2.875 16.428317929162766
2.885 15.39444220943807
2.895 14.282093485467508
2.905 13.118278313371931
2.915 11.929407245001995
2.925 10.74033788259356
2.935 9.573573562663885
2.945 8.448649015716647
2.955 7.381719077299086
2.965 6.38535156334456
2.975 5.4685119924170005
2.985 4.636716889099638
2.995 3.89232454587385
3.005 3.2349276042185364
3.015 2.6618105490531345
3.025 2.1684368205817295
3.035 1.7489341562055323
3.045 1.3965522892723632
3.055 1.1040735298810078
3.065 0.8641633623905837
3.075 0.6696544464499836
3.085 0.5137628757442154
3.0949999999999998 0.3902399583631994
3.105 0.2934660112941283
3.1149999999999998 0.2184947152561058
3.125 0.16105756179631867
3.135 0.11753801671585438
3.145 0.08492443217004389
3.155 0.06074968079309698
3.165 0.043024160404343176
3.175 0.03016739869187121
3.185 0.02094210713759773
3.195 0.014393285710962815
3.205 0.009793920419099041
3.215 0.006597968692338932
3.225 0.0
3.235 0.0
3.245 0.0
3.255 0.0
3.265 0.0
3.275 0.0
3.285 0.0
3.295 0.0
3.305 0.0
3.315 0.0
3.325 0.0
3.335 0.0
3.3449999999999998 0.0
3.355 0.0
3.3649999999999998 0.0
3.375 0.0
3.385 0.0036495177921241594
3.395 0.0054172865151136985
3.405 0.007961321845961085
3.415 0.011583654934885708
3.425 0.01668641719926966
3.435 0.023797845398868155
3.445 0.03360231781301121
3.455 0.046974037107888646
3.465 0.06501350692275493
3.475 0.08908536319887214
3.485 0.12085543111748043
3.495 0.16232411512428163
3.505 0.21585244454068836
3.515 0.2841763644829783
3.525 0.3704042760511978
3.535 0.4779925024512781
3.545 0.6106934086838919
3.555 0.7724714476516343
3.565 0.9673835415037564
3.575 1.199421992862594
3.585 1.47232055970692
3.5949999999999998 1.7893273518465296
3.605 2.152951665166601
3.6149999999999998 2.5679388933376948
3.625 3.02959865825362
3.635 3.5389887320750195
3.645 4.093326191956598
3.655 4.688009341943349
3.665 5.316556027657454
3.675 5.970638780334437
3.685 6.640229317507239
3.695 7.313858455376412
3.705 7.978989538438083
3.715 8.622494602359755
3.725 9.23121336083838
3.735 9.792566561062058
3.745 10.29518813422734
3.755 10.729535672060697
3.765 11.088436738375917
3.775 11.367529803089683
3.785 11.565563306699355
3.795 11.68452435055123
3.805 11.72957927021557
3.815 11.708821112104983
3.825 11.632832807290297
3.835 11.51408850498568
3.8449999999999998 11.36622795208288
3.855 11.206136735261197
3.8649999999999998 11.04295630734622
3.875 10.891016221926805
3.885 10.760756687912043
3.895 10.660067359296018
3.905 10.593872192711586
3.915 10.563915222494082
3.925 10.568761895764608
3.935 10.604015361098622
3.945 10.662731856791822
3.955 10.736005235990552
3.965 10.813678740984598
3.975 10.88513327231308
3.985 10.940096229849988
3.995 10.969413891635138
4.005 10.965733295053175
4.015 10.924046439912903
4.025 10.844729986215524
4.035 10.724328451659456
4.045 10.568224607182291
4.055 10.382681322877014
4.065 10.176210731295004
4.075 9.959011969791483
4.085 9.742300375126804
4.095 9.537576907588882
4.1049999999999995 9.355889799331274
4.115 9.207139837898527
4.125 9.099476421780965
4.135 9.038823931913274
4.145 9.031098695024028
4.155 9.073173264620142
4.165 9.164965765353536
4.175 9.302339842514495
4.185 9.479170142876173
4.195 9.687880867380489
4.205 9.921878773910507
4.215 10.17059247584127
4.225 10.425755252048594
4.235 10.679970221324123
4.245 10.927178836751882
4.255 11.163005518954142
4.265 11.384959733627042
4.275 11.59248855754258
4.285 11.786884626515935
4.295 11.971065255131677
4.305 12.149247493657569
4.315 12.326550174723359
4.325 12.50855711924649
4.335 12.700875478590143
4.345 12.908719909105333
4.355 13.136547461482795
4.365 13.387760542478723
4.375 13.664487055607825
4.385 13.967438873232975
4.395 14.295843064609052
4.405 14.647435519596023
4.415 15.018504179405042
4.425 15.401805824441617
4.435 15.796060013770731
4.445 16.19065035396962
4.455 16.57717894266492
4.465 16.946390806415348
4.475 17.288362781742237
4.485 17.59272032356171
4.495 17.84888860682902
4.505 18.046381685342173
4.515 18.175129035679884
4.525 18.22583312460491
4.535 18.190345491247086
4.545 18.062043129393345
4.555 17.83618256306372
4.565 17.5102066544175
4.575 17.083979341517797
4.585 16.559926334555897
4.595 15.943065127106447
4.605 15.240915017077041
4.615 14.463286447627482
4.625 13.621957988478336
4.635 12.730257760824005
4.645 11.802573215628303
4.655 10.85381822705159
4.665 9.896962923242466
4.675 8.950868510476123
4.685 8.02607945991123
4.695 7.134583525677494
4.705 6.288626562071553
4.715 5.493455496267959
4.725 4.756765899796795
4.735 4.082903097822086
4.745 3.474299632475475
4.755 2.931651628842455
4.765 2.4541545939883638
4.775 2.0397795226105595
4.785 1.6855701103870309
4.795 1.389880352768169
4.805 1.1458512404641596
4.815 0.9508929151420609
4.825 0.8013121494421371
4.835 0.6920170541836359
4.845 0.624393605605108
4.855 0.5937075307998947
4.865 0.5985522524310422
4.875 0.6381908201875804
4.885 0.712522281201106
4.895 0.8220059432373938
4.905 0.9675479270411478
4.915 1.150355155106214
4.925 1.3717627354974682
4.935 1.6330415942427714
4.945 1.9351941594500999
4.955 2.277058680500261
4.965 2.6624339814788196
4.975 3.087858068568704
4.985 3.5513559228608296
4.995 4.049792515170529
5.005 4.577148734827806
5.015 5.131667202752052
5.025 5.704110676101612
5.035 6.288338233810712
5.045 6.872763091026845
5.055 7.448986087083929
5.065 8.006936485812522
5.075 8.536354931153909
5.085 9.0271228486223
5.095 9.469605563815193
5.105 9.854994817248548
5.115 10.175636019947145
5.125 10.425325960304086
5.135 10.599567678464894
5.145 10.695770782285116
5.155 10.713387489659521
5.165 10.653977047871987
5.175 10.521193813440501
5.185 10.320697100395726
5.195 10.059983856150467
5.205 9.748148241014961
5.215 9.395575203739003
5.225 9.013578080857663
5.235 8.613993001075052
5.245 8.208745323517554
5.255 7.809405336679066
5.265 7.426751838312701
5.275 7.071986290442068
5.285 6.750662291272617
5.295 6.470113162284571
5.305 6.234541160207225
5.315 6.045981737959177
5.325 5.904286403536427
5.335 5.807210051869286
5.345 5.750600308116258
5.355 5.728680675876846
5.365 5.734413695636125
5.375 5.761492972280315
5.385 5.799294257403689
5.395 5.840811868142023
5.405 5.87858882446812
5.415 5.906190189296037
5.425 5.918566069256487
5.435 5.91232890476873
5.445 5.885929151732592
5.455 5.839719643885141
5.465 5.77590577989269
5.475 5.69838571962949
5.485 5.614001142276903
5.495 5.526888792110927
5.505 5.445263905344196
5.515 5.3752823127958465
5.525 5.327415983217731
5.535 5.306492281579157
5.545 5.318375460442713
5.555 5.36765023675505
5.565 5.457388993178339
5.575 5.589006874230968
5.585 5.7622092498779605
5.595 5.975030032861253
5.605 6.222661644237996
5.615 6.503256455731686
5.625 6.808964264493778
5.635 7.133037940621456
5.645 7.468208790993119
5.655 7.80699832246032
5.665 8.142011827160143
5.675 8.466198982676964
5.685 8.773069944392116
5.695 9.056859225772241
5.705 9.312633717486115
5.715 9.536345194558578
5.725 9.724831332539889
5.735 9.875772369617453
5.745 9.9876129349834
5.755 10.059460097601857
5.765 10.090969319194748
5.775 10.082229727376593
5.785 10.033659023059656
5.795 9.947278852736188
5.805 9.821862623730691
5.815 9.660738068867284
5.825 9.463085001679453
5.835 9.231313162649748
5.845 8.966019492805803
5.855 8.67208643790299
5.865 8.350345363495206
5.875 8.003884382060143
5.885 7.636352041797597
5.895 7.252010919655628
5.905 6.855763931662532
5.915 6.45314793297696
5.925 6.050291280353441
5.935 5.653834249915864
5.945 5.270813348303373
5.955 4.9085124616086855
5.965 4.574285342159022
5.975 4.275355090587436
5.985 4.018597068498807
5.995 3.810312150525389
6.005 3.655997505304434
6.015 3.5601223036596505
6.025 3.525915988997396
6.035 3.555177061552707
6.045 3.648110709170973
6.055 3.8032039727271587
6.065 4.01714730668581
6.075 4.284811181753233
6.085 4.598202766928402
6.095 4.951273477368735
6.105 5.332380055333958
6.115 5.730251674106319
6.125 6.132694355510509
6.135 6.526978558553406
6.1450000000000005 6.900273202733324
6.155 7.240108234955112
6.165 7.534844062132754
6.175 7.774123664267551
6.185 7.948236738711033
6.195 8.054202878283293
6.205 8.084346371376053
6.215 8.037686809312511
6.225 7.914941360026
6.235 7.719260449708404
6.245 7.456051450888668
6.255 7.132704519643006
6.265 6.758239090095594
6.275 6.342894121826791
6.285 5.897687857282175
6.295 5.432966501128766
6.305 4.962349989181598
6.315 4.495170981502467
6.325 4.041463730112173
6.335 3.610204311499751
6.345 3.2091337459086304
6.355 2.844653377690552
6.365 2.5217863841253334
6.375 2.2441952767440316
6.385 2.0142426687552493
6.3950000000000005 1.833081512202927
6.405 1.7018904552019196
6.415 1.6180152338473797
6.425 1.5815708677553646
6.435 1.588328828314932
6.445 1.6359021084156433
6.455 1.7216939702991136
6.465 1.8398146344151136
6.475 1.9864570108249848
6.485 2.1567687847390875
6.495 2.3457013029520493
6.505 2.54813527852193
6.515 2.759027605290538
6.525 2.973578264164042
6.535 3.1874127167354054
6.545 3.3967716004310855
6.555 3.5986963619408945
6.565 3.7911970707851435
6.575 3.97338736461434
6.585 4.145571525815023
6.595 4.309270194975902
6.605 4.466265533075578
6.615 4.62242006649818
6.625 4.780091654077663
6.635 4.946567346530875
6.6450000000000005 5.125926404988718
6.655 5.323418583804466
6.665 5.54370413608687
6.675 5.790447245948835
6.685 6.065937128412539
6.695 6.3707646315129205
6.705 6.703580104021961
6.715 7.0609541793836215
6.725 7.437357177968459
6.735 7.825265410992786
6.745 8.216506918284258
6.755 8.598700928025405
6.765 8.961005217349573
6.775 9.292551230594661
6.785 9.57981973782186
6.795 9.813703933992162
6.805 9.982865046936913
6.815 10.080371512144843
6.825 10.10086562511151
6.835 10.041639623798613
6.845 9.90282971094194
6.855 9.687472146909208
6.865 9.401421340341663
6.875 9.053138301086406
6.885 8.65336517595548
6.8950000000000005 8.214707314715417
6.905 7.751148044750245
6.915 7.277522915799904
6.925 6.808979681596831
6.935 6.36044798902149
6.945 5.946139087883235
6.955 5.579091400984684
6.965 5.270773085042607
6.975 5.030748311393287
6.985 4.866410341956424
6.995 4.782781859051134
