0.005 0.0
0.015 0.0
0.025 0.0
0.034999999999999996 0.0
0.045 0.0
0.055 0.0
0.065 0.0
0.07500000000000001 0.0
0.085 0.0
0.095 0.0
0.10500000000000001 0.0
0.115 0.0
0.125 0.0
0.135 0.0
0.14500000000000002 0.0
0.155 0.0
0.165 0.0
0.17500000000000002 0.0
0.185 0.0
0.195 0.0
0.20500000000000002 0.0
0.215 0.0
0.225 0.0
0.23500000000000001 0.0
0.245 0.0
0.255 0.0
0.265 0.0
0.275 0.0
0.28500000000000003 0.0
0.295 0.0
0.305 0.0
0.315 0.0
0.325 0.0
0.335 0.0
0.34500000000000003 0.0
0.35500000000000004 0.0
0.365 0.0
0.375 0.0
0.385 0.0
0.395 0.0
0.405 0.0
0.41500000000000004 0.0
0.425 0.0
0.435 0.0
0.445 0.0
0.455 0.0
0.465 0.0
0.47500000000000003 0.0
0.485 0.0
0.495 0.0
0.505 0.0
0.515 0.0
0.525 0.0
0.535 0.0
0.545 0.0
0.555 0.0
0.5650000000000001 0.0
0.5750000000000001 0.0
0.585 0.0
0.595 0.0
0.605 0.0
0.615 0.0
0.625 0.0
0.635 0.0
0.645 0.0
0.655 0.0
0.665 0.0
0.675 0.0
0.685 0.0
0.6950000000000001 0.0
0.7050000000000001 0.0
0.715 0.0
0.725 0.0
0.735 0.0
0.745 0.0
0.755 0.0
0.765 0.0
0.775 0.0
0.785 0.0
0.795 0.0
0.805 0.0
0.8150000000000001 0.0
0.8250000000000001 0.0
0.8350000000000001 0.0
0.845 0.0
0.855 0.0
0.865 0.0
0.875 0.0
0.885 0.0
0.895 0.0
0.905 0.0
0.915 0.0
0.925 0.0
0.935 0.0
0.9450000000000001 0.0
0.9550000000000001 0.0
0.965 0.0
0.975 0.0
0.985 0.0
0.995 0.0
1.005 0.0
1.015 0.0
1.025 0.0
1.035 0.0
1.045 0.0
1.055 0.0
1.065 0.0
1.075 0.0
1.085 0.0
1.095 0.0
1.105 0.0
1.115 0.0
1.125 0.0
1.135 0.0
1.145 0.0
1.155 0.0
1.1649999999999998 0.0
1.1749999999999998 0.0
1.1849999999999998 0.0
1.1949999999999998 0.0
1.2049999999999998 0.0
1.2149999999999999 0.0
1.2249999999999999 0.0
1.2349999999999999 0.0
1.2449999999999999 0.0
1.255 0.0
1.265 0.0
1.275 0.0
1.285 0.0
1.295 0.0
1.305 0.0
1.315 0.0
1.325 0.0
1.335 0.0
1.345 0.0
1.355 0.0
1.365 0.0
1.375 0.0
1.385 0.0
1.395 0.0
1.405 0.0
1.4149999999999998 0.0
1.4249999999999998 0.0
1.4349999999999998 0.0
1.4449999999999998 0.0
1.4549999999999998 0.0
1.4649999999999999 0.0
1.4749999999999999 0.0
1.4849999999999999 0.0
1.4949999999999999 0.0
1.505 0.0
1.515 0.0
1.525 0.0
1.535 0.0
1.545 0.0
1.555 0.0
1.565 0.0
1.575 0.0
1.585 0.0
1.595 0.0
1.605 0.0
1.615 0.0
1.625 0.0
1.635 0.0
1.645 0.0
1.655 0.0
1.665 0.0
1.6749999999999998 0.0
1.6849999999999998 0.0
1.6949999999999998 0.0
1.7049999999999998 0.0
1.7149999999999999 0.0
1.7249999999999999 0.0
1.7349999999999999 0.011470199004904046
1.7449999999999999 0.017026182069596357
1.755 0.025021921008943245
1.765 0.03640668024526722
1.775 0.05244433288351677
1.785 0.07479509298516973
1.795 0.10560991733566487
1.805 0.14763636852353224
1.815 0.20433325849787665
1.825 0.27998954999489845
1.835 0.3798408241035403
1.845 0.5101742229585826
1.855 0.6784103094167018
1.865 0.8931479824935223
1.875 1.1641567463360134
1.885 1.5022996018268815
1.895 1.9193699901132388
1.905 2.4278279309369992
1.915 3.0404240689174973
1.9249999999999998 3.7793780568661304
1.9349999999999998 4.641765662748312
1.9449999999999998 5.644839869402109
1.9549999999999998 6.797287687392912
1.9649999999999999 8.104895632922862
1.9749999999999999 9.569771830901372
1.9849999999999999 11.189630289602
1.9949999999999999 12.957197688140347
2.005 14.859804574993333
2.015 16.879219120799487
2.025 18.99177188771295
2.035 21.168804395644663
2.045 23.377453152209906
2.0549999999999997 25.590430412020723
2.065 27.756913124849607
2.0749999999999997 29.845430088763305
2.085 31.820513385559416
2.0949999999999998 33.65026087753337
2.105 35.32467064678792
2.1149999999999998 36.79849709744102
2.125 38.07166137470426
2.135 39.14175982155272
2.145 40.015436276036766
2.155 40.70812942470791
2.165 41.243323250897184
2.175 41.65135351416667
2.185 41.96785834549724
2.195 42.23198817083986
2.205 42.48450632029474
2.215 42.76591500822256
2.225 43.11473143922275
2.235 43.566016659145305
2.245 44.15022790264288
2.255 44.89242723291002
2.265 45.81183963696981
2.275 46.921717101396524
2.285 48.22943591966001
2.295 49.73673610662597
2.305 51.440006562100336
2.315 53.330528182124155
2.3249999999999997 55.39460839879366
2.335 57.613571947973305
2.3449999999999998 59.963610000571194
2.355 62.415528264140036
2.3649999999999998 64.93446910567779
2.375 67.47970835769641
2.385 70.00464040390925
2.395 72.45706301731788
2.405 74.77985565522297
2.415 76.91211282618306
2.425 78.7907508496713
2.435 80.35255639999812
2.445 81.53659416266598
2.455 82.28684452310353
2.465 82.55490585033976
2.475 82.30257399547297
2.485 81.50410691439382
2.495 80.14799578995009
2.505 78.238094638671
2.515 75.79400526702636
2.525 72.85066922340928
2.535 69.45717772698404
2.545 65.66721837465926
2.555 61.56978002184353
2.565 57.23167960753855
2.5749999999999997 52.73475328622717
2.585 48.1611973464133
2.5949999999999998 43.590515999379306
2.605 39.09677659935112
2.6149999999999998 34.74631015379292
2.625 30.595954069685355
2.635 26.6918893594374
2.645 23.069080157711852
2.655 19.75128307756597
2.665 16.75156057849073
2.675 14.07320806422262
2.685 11.710989753980975
2.695 9.652573352844916
2.705 7.880057208868376
2.715 6.371494377821602
2.725 5.102333834801961
2.735 4.040266796299228
2.745 3.174334521732065
2.755 2.4698372415423573
2.765 1.9030606870361242
2.775 1.4521162091773487
2.785 1.0972622106421788
2.795 0.8210616688629904
2.805 0.6084060761242525
2.815 0.4464367464078617
2.8249999999999997 0.3243928568483005
2.835 0.23341245667731095
2.8449999999999998 0.16630860896729696
2.855 0.1173383707722344
2.8649999999999998 0.07619194786558553
2.875 0.05289219503215908
2.885 0.03635223857732406
2.895 0.024735903867401092
2.905 0.016664084688246993
2.915 0.0
2.925 0.0
2.935 0.0
2.945 0.0
2.955 0.0
2.965 0.0
2.975 0.0
2.985 0.0
2.995 0.0
3.005 0.0
3.015 0.0
3.025 0.0
3.035 0.0
3.045 0.0
3.055 0.0
3.065 0.0
3.075 0.0
3.085 0.0
3.0949999999999998 0.0
3.105 0.0
3.1149999999999998 0.0
3.125 0.0
3.135 0.0
3.145 0.0
3.155 0.0
3.165 0.0
3.175 0.0
3.185 0.0
3.195 0.0
3.205 0.0
3.215 0.0
3.225 0.0
3.235 0.0
3.245 0.0
3.255 0.0
3.265 0.0
3.275 0.0
3.285 0.0
3.295 0.0
3.305 0.0
3.315 0.0
3.325 0.0
3.335 0.0
3.3449999999999998 0.0
3.355 0.0
3.3649999999999998 0.0
3.375 0.0
3.385 0.0
3.395 0.0
3.405 0.0
3.415 0.0
3.425 0.0
3.435 0.0
3.445 0.0
3.455 0.0
3.465 0.0
3.475 0.0
3.485 0.0
3.495 0.0
3.505 0.0
3.515 0.0
3.525 0.0
3.535 0.0
3.545 0.0
3.555 0.0
3.565 0.0
3.575 0.0
3.585 0.0
3.5949999999999998 0.0
3.605 0.0
3.6149999999999998 0.0
3.625 0.006454543148821895
3.635 0.009581021809728113
3.645 0.014080406865616395
3.655 0.02048687110380303
3.665 0.035839766318820306
3.675 0.05148230159414484
3.685 0.07323377955693582
3.695 0.10316402836510771
3.705 0.1439166829561019
3.715 0.19882118552592223
3.725 0.2720104062147472
3.735 0.36853810172169815
3.745 0.49448822879327703
3.755 0.6570658174225934
3.765 0.8646568759116273
3.775 1.1268428973977307
3.785 1.454354266467098
3.795 1.8589465581370699
3.805 2.353184714876388
3.815 2.9501226782209695
3.825 3.6628704537743904
3.835 4.504046882304799
3.8449999999999998 5.48512447563623
3.855 6.615682238350354
3.8649999999999998 7.902592885046996
3.875 9.349181500939082
3.885 10.954402513682203
3.895 12.712089758413288
3.905 14.610339315680214
3.915 16.63108567210978
3.925 18.74992781632205
3.935 20.936252716314225
3.945 23.15368927135765
3.955 25.36090686218991
3.965 27.512750148633565
3.975 29.56167738227684
3.985 31.459445183333337
3.995 33.15896064257787
4.005 34.61620390122174
4.015 35.79211293341333
4.025 36.65431853446026
4.035 37.17862227279064
4.045 37.35012338885305
4.055 37.16392150087286
4.065 36.625348929629624
4.075 35.74971729222777
4.085 34.56159515056406
4.095 33.093664212714884
4.1049999999999995 31.385228300456724
4.115 29.4804698485953
4.125 27.426561549231547
4.135 25.271745115811203
4.145 23.063485049515304
4.155 20.84679354782962
4.165 18.662804754494793
4.175 16.5476543266971
4.185 14.531695943531425
4.195 12.639062060360652
4.205 10.887553881082443
4.215 9.288826751173632
4.225 7.848823054231101
4.235 6.5683957690309125
4.245 5.444062132187703
4.255 4.468827913826874
4.265 3.63302785823414
4.275 2.9251358512998458
4.285 2.332508241597124
4.295 1.8420343790651905
4.305 1.4406788859017832
4.315 1.115909671817899
4.325 0.856013711361797
4.335 0.6503088090832538
4.345 0.4892638978263288
4.355 0.3645429331389854
4.365 0.26898838054287594
4.375 0.19655994180209221
4.385 0.14224286639804318
4.395 0.10193827676251509
4.405 0.07234569952024555
4.415 0.050845687968494396
4.425 0.03538823120221629
4.435 0.020085669344214588
4.445 0.013804665197619186
4.455 0.009393393216311299
4.465 0.006328141510644645
4.475 0.0
4.485 0.0
4.495 0.0
4.505 0.0
4.515 0.0
4.525 0.0
4.535 0.0
4.545 0.0
4.555 0.0
4.565 0.0
4.575 0.0
4.585 0.0
4.595 0.0
4.605 0.0
4.615 0.0
4.625 0.0
4.635 0.0
4.645 0.0
4.655 0.0
4.665 0.0
4.675 0.0
4.685 0.0
4.695 0.0
4.705 0.0
4.715 0.0
4.725 0.0
4.735 0.0
4.745 0.0
4.755 0.0
4.765 0.0
4.775 0.0
4.785 0.0
4.795 0.0019372972753648686
4.805 0.0067354143341995035
4.815 0.009955468940087232
4.825 0.014568900983076505
4.835 0.026832019136611963
4.845 0.03877602530608083
4.855 0.055491350376614526
4.865 0.07863951502506943
4.875 0.11035991040429713
4.885 0.15336924081934064
4.895 0.2110683099419962
4.905 0.28765176048052304
4.915 0.38821441834299814
4.925 0.518845754145113
4.935 0.6922126718045729
4.945 0.9082221633056606
4.955 1.1802379137621875
4.965 1.519079656235011
4.975 1.9365757775486823
4.985 2.445354214123147
4.995 3.0585373660076396
5.005 3.7893356472622406
5.015 4.650540398901093
5.025 5.65392440447115
5.035 6.809566776532791
5.045 8.125127934315
5.055 9.605109004249922
5.065 11.250137361128107
5.075 13.056325263333894
5.085 15.014750757487274
5.095 17.11110854621062
5.105 19.325572921730476
5.115 21.632905136583588
5.125 24.006249681292953
5.135 26.405727873176584
5.145 28.795628976416793
5.155 31.13561568494718
5.165 33.38429957237508
5.175 35.50063827757529
5.185 37.44536656157604
5.195 39.18238494132052
5.205 40.68003183378253
5.215 41.91217307126999
5.225 42.85905548996139
5.235 43.507887748402624
5.245 43.853129943449886
5.255 43.89649215029618
5.265 43.646658989494874
5.275 43.11877127621752
5.285 42.33370575398848
5.295 41.317199435563666
5.305 40.098866323512226
5.315 38.711151928813344
5.325 37.18826608536955
5.335 35.56512829428544
5.345 33.876353426692134
5.355 32.15530006154353
5.365 30.43319967597605
5.375 28.738382550671183
5.385 27.095615379202535
5.395 25.525565596342727
5.405 24.044407553905017
5.415 22.663584998225538
5.425 21.3897420737983
5.435 20.224830785086702
5.445 19.166396349656623
5.455 18.20803343487754
5.465 17.33999653649338
5.475 16.549937679027916
5.485 15.823735311524375
5.495 15.146370863300145
5.505 14.502804888599279
5.515 13.878803752967903
5.525 13.261670698648931
5.535 12.640841742377205
5.545 12.008316662095066
5.555 11.358907426956744
5.565 10.69029968777593
5.575 10.002936141924387
5.585 9.299742528854043
5.595 8.585726684507614
5.605 7.866195613853124
5.615 7.149248265050534
5.625 6.447184756560831
5.635 5.764446062215521
5.645 5.104981897704079
5.655 4.484588248922085
5.665 3.903413618624751
5.675 3.3659223996417804
5.685 2.8751075707163483
5.695 2.4325131631300474
5.705 2.038330139481003
5.715 1.6915493541134436
5.725 1.3901537222102835
5.735 1.131331852878415
5.745 0.9080212808083395
5.755 0.7250697197041217
5.765 0.5732189843465567
5.775 0.4486611004544443
5.785 0.3476748887355227
5.795 0.2667382432950866
5.805 0.20260693380494715
5.815 0.15236330224526384
5.825 0.11343929129221444
5.835 0.08361875318591193
5.845 0.06102403575532875
5.855 0.04409153506285686
5.865 0.03154035431621083
5.875 0.02233752088232649
5.885 0.015662476429804242
5.895 0.010872838682025395
5.905 0.00747278545617982
5.915 0.0050848616178779445
5.925 0.003425569774307076
5.935 0.0
5.945 0.0
5.955 0.0
5.965 0.0
5.975 0.0
5.985 0.0
5.995 0.0
6.005 0.0
6.015 0.0
6.025 0.0
6.035 0.0
6.045 0.0
6.055 0.0
6.065 0.0
6.075 0.0
6.085 0.0
6.095 0.0
6.105 0.0
6.115 0.0
6.125 0.0
6.135 0.0
6.1450000000000005 0.0
6.155 0.0
6.165 0.0
6.175 0.0
6.185 0.0
6.195 0.0
6.205 0.0
6.215 0.0
6.225 0.0
6.235 0.0
6.245 0.0
6.255 0.0
6.265 0.0
6.275 0.0
6.285 0.0
6.295 0.0
6.305 0.0
6.315 0.0
6.325 0.0
6.335 0.0
6.345 0.0
6.355 0.0
6.365 0.0
6.375 0.0
6.385 0.0
6.3950000000000005 0.0
6.405 0.0
6.415 0.0
6.425 0.0
6.435 0.0
6.445 0.0
6.455 0.0
6.465 0.0
6.475 0.0
6.485 0.0
6.495 0.0
6.505 0.0
6.515 0.0
6.525 0.0
6.535 0.0
6.545 0.0
6.555 0.0
6.565 0.0
6.575 0.0
6.585 0.0
6.595 0.0
6.605 0.0
6.615 0.0
6.625 0.0
6.635 0.0
6.6450000000000005 0.0
6.655 0.0
6.665 0.0
6.675 0.0
6.685 0.0
6.695 0.0
6.705 0.0
6.715 0.0
6.725 0.0
6.735 0.0
6.745 0.0
6.755 0.0
6.765 0.0
6.775 0.0
6.785 0.0
6.795 0.0
6.805 0.0
6.815 0.0
6.825 0.0
6.835 0.0
6.845 0.0
6.855 0.0
6.865 0.0
6.875 0.0
6.885 0.0
6.8950000000000005 0.0
6.905 0.0
6.915 0.0
6.925 0.0
6.935 0.0
6.945 0.0
6.955 0.0
6.965 0.0
6.975 0.0
6.985 0.0
6.995 0.0
