0.005 0.0
0.015 0.0
0.025 0.0
0.034999999999999996 0.0
0.045 0.0
0.055 0.0
0.065 0.0
0.07500000000000001 0.0
0.085 0.0
0.095 0.0
0.10500000000000001 0.0
0.115 0.0
0.125 0.0
0.135 0.0
0.14500000000000002 0.0
0.155 0.0
0.165 0.0
0.17500000000000002 0.0
0.185 0.0
0.195 0.0
0.20500000000000002 0.0
0.215 0.0
0.225 0.0
0.23500000000000001 0.0
0.245 0.0
0.255 0.0
0.265 0.0
0.275 0.0
0.28500000000000003 0.0
0.295 0.0
0.305 0.0
0.315 0.0
0.325 0.0
0.335 0.0
0.34500000000000003 0.0
0.35500000000000004 0.0
0.365 0.0
0.375 0.0
0.385 0.0
0.395 0.0
0.405 0.0
0.41500000000000004 0.0
0.425 0.0
0.435 0.0
0.445 0.0
0.455 0.0
0.465 0.0
0.47500000000000003 0.0
0.485 0.0
0.495 0.0
0.505 0.0
0.515 0.0
0.525 0.0
0.535 0.0
0.545 0.0
0.555 0.0
0.5650000000000001 0.0
0.5750000000000001 0.0
0.585 0.0
0.595 0.0
0.605 0.0
0.615 0.0
0.625 0.0
0.635 0.0
0.645 0.0
0.655 0.0
0.665 0.0
0.675 0.0
0.685 0.0
0.6950000000000001 0.0
0.7050000000000001 0.0
0.715 0.0
0.725 0.0
0.735 0.0
0.745 0.0
0.755 0.0
0.765 0.0
0.775 0.0
0.785 0.0
0.795 0.0
0.805 0.0
0.8150000000000001 0.0
0.8250000000000001 0.0
0.8350000000000001 0.0
0.845 0.0
0.855 0.0
0.865 0.0
0.875 0.0
0.885 0.0
0.895 0.0
0.905 0.0
0.915 0.0
0.925 0.0
0.935 0.0
0.9450000000000001 0.0
0.9550000000000001 0.0
0.965 0.0
0.975 0.0
0.985 0.0
0.995 0.0
1.005 0.0
1.015 0.0
1.025 0.0
1.035 0.0
1.045 0.0
1.055 0.0
1.065 0.0
1.075 0.0
1.085 0.0
1.095 0.0
1.105 0.0
1.115 0.0
1.125 0.0
1.135 0.0
1.145 0.0
1.155 0.0
1.1649999999999998 0.0
1.1749999999999998 0.0
1.1849999999999998 0.0
1.1949999999999998 0.0
1.2049999999999998 0.0
1.2149999999999999 0.0
1.2249999999999999 0.0
1.2349999999999999 0.0
1.2449999999999999 0.0
1.255 0.0
1.265 0.0
1.275 0.0
1.285 0.0
1.295 0.0
1.305 0.0
1.315 0.0
1.325 0.0
1.335 0.0
1.345 0.0
1.355 0.0
1.365 0.0
1.375 0.0
1.385 0.0
1.395 0.0
1.405 0.0
1.4149999999999998 0.0
1.4249999999999998 0.0
1.4349999999999998 0.0
1.4449999999999998 0.0
1.4549999999999998 0.0
1.4649999999999999 0.0
1.4749999999999999 0.0
1.4849999999999999 0.0
1.4949999999999999 0.0
1.505 0.0
1.515 0.0
1.525 0.0
1.535 0.013963831521572049
1.545 0.020727690755304673
1.555 0.030461711184398974
1.565 0.04432152824787974
1.575 0.06384578230365195
1.585 0.09105561957893533
1.595 0.1285696169745498
1.605 0.17973265988130716
1.615 0.2487555093593643
1.625 0.3408595528515194
1.635 0.46241859191189255
1.645 0.6210865995434556
1.655 0.8258973762479752
1.665 1.0873192301231447
1.6749999999999998 1.4172455651019953
1.6849999999999998 1.8289010091164357
1.6949999999999998 2.336642908989083
1.7049999999999998 2.955640104977823
1.7149999999999999 3.701415244351435
1.7249999999999999 4.589243726320668
1.7349999999999999 5.6334117032836355
1.7449999999999999 6.846347134420428
1.755 8.237651119650065
1.765 9.813070730055696
1.775 11.573468092455851
1.785 13.51385215575222
1.795 15.622547838801374
1.805 17.880580666796302
1.815 20.261352322516835
1.825 22.730672979918133
1.835 25.24719965932081
1.845 27.763306672508854
1.855 30.226385802341923
1.865 32.5805421948686
1.875 34.768619622584005
1.885 36.73445874746336
1.895 38.42526726851414
1.905 39.79396409916631
1.915 40.80135309648149
1.9249999999999998 41.41798658223738
1.9349999999999998 41.62559510393524
1.9449999999999998 41.41798658223738
1.9549999999999998 40.80135309648149
1.9649999999999999 39.79396409916631
1.9749999999999999 38.42526726851414
1.9849999999999999 36.73445874746336
1.9949999999999999 34.768619622584005
2.005 32.5805421948686
2.015 30.226385802341923
2.025 27.763306672508854
2.035 25.24719965932081
2.045 22.730672979918133
2.0549999999999997 20.261352322516835
2.065 17.880580666796302
2.0749999999999997 15.622547838801374
2.085 13.51385215575222
2.0949999999999998 11.573468092455851
2.105 9.813070730055696
2.1149999999999998 8.237651119650065
2.125 6.846347134420428
2.135 5.6334117032836355
2.145 4.589243726320668
2.155 3.701415244351435
2.165 2.955640104977823
2.175 2.336642908989083
2.185 1.8289010091164357
2.195 1.4172455651019953
2.205 1.0873192301231447
2.215 0.8258973762479752
2.225 0.6210865995434556
2.235 0.46241859191189255
2.245 0.3408595528515194
2.255 0.2487555093593643
2.265 0.17973265988130716
2.275 0.1285696169745498
2.285 0.09105561957893533
2.295 0.06384578230365195
2.305 0.04432152824787974
2.315 0.030461711184398974
2.3249999999999997 0.020727690755304673
2.335 0.013963831521572049
2.3449999999999998 0.0
2.355 0.0
2.3649999999999998 0.0
2.375 0.0
2.385 0.0
2.395 0.0
2.405 0.0
2.415 0.0
2.425 0.0
2.435 0.0
2.445 0.0
2.455 0.0
2.465 0.0
2.475 0.0
2.485 0.0
2.495 0.0
2.505 0.0
2.515 0.0
2.525 0.0
2.535 0.0
2.545 0.0
2.555 0.0
2.565 0.0
2.5749999999999997 0.0
2.585 0.0
2.5949999999999998 0.0
2.605 0.0
2.6149999999999998 0.0
2.625 0.0
2.635 0.0
2.645 0.0
2.655 0.0
2.665 0.0
2.675 0.0
2.685 0.0
2.695 0.0
2.705 0.0
2.715 0.0
2.725 0.0
2.735 0.0
2.745 0.0
2.755 0.0
2.765 0.0
2.775 0.0
2.785 0.0
2.795 0.0
2.805 0.0
2.815 0.0
2.8249999999999997 0.0
2.835 0.0
2.8449999999999998 0.0
2.855 0.0
2.8649999999999998 0.0
2.875 0.0
2.885 0.0
2.895 0.0
2.905 0.0
2.915 0.0
2.925 0.0
2.935 0.0
2.945 0.0
2.955 0.0
2.965 0.0
2.975 0.0
2.985 0.0
2.995 0.0
3.005 0.0
3.015 0.0
3.025 0.0
3.035 0.0
3.045 0.0
3.055 0.0
3.065 0.0
3.075 0.0
3.085 0.0
3.0949999999999998 0.0
3.105 0.0
3.1149999999999998 0.0
3.125 0.0
3.135 0.0
3.145 0.0
3.155 0.0
3.165 0.0
3.175 0.0
3.185 0.0
3.195 0.0
3.205 0.004023061660669993
3.215 0.005971769128198574
3.225 0.008776197435140727
3.235 0.012769291921124035
3.245 0.018394343886525787
3.255 0.026233657399163907
3.265 0.03704165980363432
3.275 0.05178203217517213
3.285 0.07166791944159956
3.295 0.1020331011200893
3.305 0.13890990573445655
3.315 0.18729256412388712
3.325 0.2501006907512408
3.335 0.33077222610453805
3.3449999999999998 0.4332880124398834
3.355 0.5621762659482243
3.3649999999999998 0.7224907299636668
3.375 0.9197564031916943
3.385 1.1598773742748758
3.395 1.4490025384378074
3.405 1.793346859709918
3.415 2.1989683522369075
3.425 2.671503997491201
3.435 3.2158712296015737
3.445 3.8359451789915178
3.455 4.534225280180973
3.465 5.31150780495289
3.475 6.166583055711076
3.485 7.0994411139461615
3.495 8.098899369730885
3.505 9.15897787717995
3.515 10.268875102774022
3.525 11.415392094589413
3.535 12.583163042142793
3.545 13.755001746210914
3.555 14.912356354390656
3.565 16.035858078964402
3.575 17.105943499544164
3.585 18.103524868211935
3.5949999999999998 19.010678909433434
3.605 19.811322177106483
3.6149999999999998 20.491840232578248
3.625 21.041638781156394
3.635 21.45679870526655
3.645 21.729097401668184
3.655 21.861451488450623
3.665 21.858630221232264
3.675 21.729237416426614
3.685 21.485385947637454
3.695 21.14221785941944
3.705 20.71728967016185
3.715 20.229850298207523
3.725 19.700045877686044
3.735 19.148090999289597
3.745 18.593449097757137
3.755 18.05406536631964
3.765 17.545693401377626
3.775 17.08135166317197
3.785 16.67093792840225
3.795 16.321019637124145
3.805 16.034806101881642
3.815 15.812295886775534
3.825 15.650580365739946
3.835 15.544273664756986
3.8449999999999998 15.486030932553449
3.855 15.467112009786199
3.8649999999999998 15.477946598285257
3.875 15.508660090085467
3.885 15.549525987858207
3.895 15.591320607368443
3.905 15.625567431458979
3.915 15.64467079489685
3.925 15.641950160553119
3.935 15.611595832945913
3.945 15.548573525563441
3.955 15.448508105883102
3.965 15.307575888282068
3.975 15.122430300783957
3.985 14.89017831552014
3.995 14.60841573575911
4.005 14.275319500029479
4.015 13.887102568198804
4.025 13.449823836012957
4.035 12.960425191402056
4.045 12.421034927453892
4.055 11.835056023412614
4.065 11.20720997282517
4.075 10.5435007733198
4.085 9.851094797174806
4.095 9.138120688630227
4.1049999999999995 8.410847091244518
4.115 7.684449082628712
4.125 6.9644521230933085
4.135 6.259859723403242
4.145 5.579007328957214
4.155 4.929285851446751
4.165 4.316922351075905
4.175 3.7468291021497055
4.185 3.2225260706333474
4.195 2.7461358131308913
4.205 2.318444526432784
4.215 1.939018842088301
4.225 1.6063652061861926
4.235 1.318117372515718
4.245 1.0712375757641417
4.255 0.8622181291695591
4.265 0.6872722197287955
4.275 0.5425052320213496
4.285 0.42406070383655975
4.295 0.32592727944692085
4.305 0.25005334805112106
4.315 0.18993355249870209
4.325 0.14283273885254275
4.335 0.10634348579998731
4.345 0.07838826909745483
4.355 0.05720688666053143
4.365 0.04133354042893572
4.375 0.02956745571261105
4.385 0.020940273935928927
4.395 0.014682763977386002
4.405 0.0101927255787332
4.415 0.007005351011921837
4.425 0.0047667955528986625
4.435 0.0032112950151681
4.445 0.0
4.455 0.0
4.465 0.0
4.475 0.0
4.485 0.0
4.495 0.0
4.505 0.0
4.515 0.0
4.525 0.0
4.535 0.0
4.545 0.0
4.555 0.0
4.565 0.0
4.575 0.0
4.585 0.0
4.595 0.0
4.605 0.0
4.615 0.0
4.625 0.0
4.635 0.0
4.645 0.0
4.655 0.002046091466405895
4.665 0.0030371858259111
4.675 0.0044634917866370055
4.685 0.006494342228775699
4.695 0.009355190954266396
4.705 0.013342192356083839
4.715 0.02083741198633571
4.725 0.02930220652270051
4.735 0.040809022969264266
4.745 0.05628832403398159
4.755 0.07689424531489665
4.765 0.10403755495012121
4.775 0.13941670295942793
4.785 0.18504427717463326
4.795 0.2432655976821514
4.805 0.31676567732274447
4.815 0.4085604264593196
4.825 0.5219678678887972
4.835 0.6605553348200794
4.845 0.8280592248089079
4.855 1.0301682401810353
4.865 1.2677264753504018
4.875 1.5455743823613877
4.885 1.866881576856411
4.895 2.23420445755746
4.905 2.6492718067068997
4.915 3.112772441489634
4.925 3.6241581648451753
4.935 4.181476521845476
4.945 4.781248165002887
4.955 5.41840277527442
4.965 6.086285364394781
4.975 6.776741395897739
4.985 7.480284629598437
4.995 8.186346171114174
5.005 8.883597269990828
5.015 9.560332431102657
5.025 10.204893918043146
5.035 10.806114278312293
5.045 11.35375060606695
5.055 11.838883273269005
5.065 12.25425304341143
5.075 12.59451387885694
5.085 12.856384193969815
5.095 13.038686409863203
5.105 13.142272864214085
5.115 13.169844714605333
5.125 13.125678668730655
5.135 13.015283410178437
5.145 12.845012785373083
5.155 12.621665662674829
5.165 12.352102581762349
5.175 12.0429068557875
5.185 11.70011291581083
5.195 11.329017888797727
5.205 10.934084363944212
5.215 10.51893383442184
5.225 10.086422241206868
5.235 9.638782170014828
5.245 9.177811193815838
5.255 8.70508303297138
5.265 8.222157792421086
5.275 7.730769439507301
5.285 7.2329725765780255
5.295 6.73123591840503
5.305 6.228476062708891
5.315 5.728031457104032
5.325 5.233582268832351
5.335 4.749026612561887
5.345 4.278326902545747
5.355 3.8253417722174876
5.365 3.393659042172526
5.375 2.986443784752225
5.385 2.6063129342184
5.395 2.255244516624172
5.405 1.9345258469480395
5.415 1.6447413691082402
5.425 1.3857975433530847
5.435 1.1569795719330989
5.445 0.9570329501405783
5.455 0.7842618829033221
5.465 0.6352717752217012
5.475 0.5109999605422999
5.485 0.40708858821393823
5.495 0.3211772688668458
5.505 0.2509411412191489
5.515 0.19415812756524675
5.525 0.1474261086799908
5.535 0.11198076238885558
5.545 0.08421112952597119
5.555 0.06417220707563742
5.565 0.048404566121648784
5.575 0.03694423538572255
5.585 0.029049028603798134
5.595 0.024173450924980536
5.605 0.023409891230495274
5.615 0.024383799636570554
5.625 0.02814929789088941
5.635 0.03499692895260771
5.645 0.0454291321332008
5.655 0.06017205415395709
5.665 0.0789267942105047
5.675 0.10586402215409291
5.685 0.14063293322858894
5.695 0.1850314379949758
5.705 0.2411176623390237
5.715 0.3112022539217005
5.725 0.3978248134395474
5.735 0.503711247748667
5.745 0.6317093306422931
5.755 0.7847006124195699
5.765 0.9654880613567467
5.775 1.1766604338897184
5.785 1.420436298546377
5.795 1.698492777931907
5.805 2.0117862742722648
5.815 2.360374518889956
5.825 2.7432510196574107
5.835 3.15820414987145
5.845 3.601713518790322
5.855 4.068895720127649
5.865 4.553509967230218
5.875 5.048031476355467
5.885 5.543796837628882
5.895 6.031221208315374
5.905 6.501397482231312
5.915 6.941813125535445
5.925 7.342992527181076
5.935 7.695102288002041
5.945 7.989243395088057
5.955 8.217846036776693
5.965 8.375021463266666
5.975 8.456849920751708
5.985 8.461587110698527
5.995 8.389776383297209
6.005 8.245534057257078
6.015 8.031977513815772
6.025 7.757102824828241
6.035 7.429827968090997
6.045 7.060506032252874
6.055 6.660538562725376
6.065 6.241960022546009
6.075 5.817014534490287
6.085 5.39774482871357
6.095 4.995610836617649
6.105 4.621151978418845
6.115 4.283703275950256
6.125 3.9911713786602703
6.135 3.7498727785798724
6.1450000000000005 3.5644331958263304
6.155 3.4377445299925564
6.165 3.3709739781233083
6.175 3.363618898784699
6.185 3.413600651551636
6.195 3.5173908017948703
6.205 3.670163564849569
6.215 3.8659689881934023
6.225 4.09792198142695
6.235 4.358402795046369
6.245 4.639264868372066
6.255 4.932046115005019
6.265 5.228179732792643
6.275 5.519200581674787
6.285 5.796943141100761
6.295 6.053727103506361
6.305 6.282526824556594
6.315 6.477121150208514
6.325 6.632220564748882
6.335 6.743569123209898
6.345 6.808019207608628
6.355 6.823577743506532
6.365 6.788439742944819
6.375 6.705243186826538
6.385 6.57401594844861
6.3950000000000005 6.397293992017397
6.405 6.178554473403957
6.415 5.921131276441445
6.425 5.632272793802013
6.435 5.316090540032563
6.445 4.9784924325699835
6.455 4.625561099863746
6.465 4.263380753762469
6.475 3.8978693538203766
6.485 3.5346226154277067
6.495 3.178775943957805
6.505 2.835986099486494
6.515 2.5084883000059897
6.525 2.200257410681149
6.535 1.9138119518619567
6.545 1.650954483649627
6.555 1.4128092982533689
6.565 1.199885105760897
6.575 1.0121578753856926
6.585 0.8491682148370326
6.595 0.7122643514771998
6.605 0.5993343912146623
6.615 0.5075697257327895
6.625 0.43755792624771417
6.635 0.38862919434320814
6.6450000000000005 0.36037636092360203
6.655 0.3527346981858609
6.665 0.3660448678054557
6.675 0.4010974063460773
6.685 0.4591574757611271
6.695 0.54306538795455
6.705 0.6533636321724389
6.715 0.7925983996858882
6.725 0.9658938951650697
6.735 1.1753476511010739
6.745 1.424553712306993
6.755 1.7171627216328895
6.765 2.0567340408065737
6.775 2.4465664398704563
6.785 2.8895101884791092
6.795 3.3877646936986165
6.805 3.9426673293262144
6.815 4.553630678470197
6.825 5.221626051224627
6.835 5.942935046759819
6.845 6.713475808964077
6.855 7.52741497058677
6.865 8.37710721984714
6.875 9.253099613522002
6.885 10.144210372423874
6.8950000000000005 11.037688990795182
6.905 11.919460581595398
6.915 12.774452619121913
6.925 13.586996899210044
6.935 14.341293991530932
6.945 15.021922163829746
6.955 15.61436820826425
6.965 16.105554275591995
6.975 16.48433313353491
6.985 16.741924496213866
6.995 16.872267338860667
