0.005 0.0
0.015 0.0
0.025 0.0
0.034999999999999996 0.0
0.045 0.0
0.055 0.0
0.065 0.0
0.07500000000000001 0.0
0.085 0.0
0.095 0.0
0.10500000000000001 0.0
0.115 0.0
0.125 0.0
0.135 0.0
0.14500000000000002 0.0
0.155 0.0
0.165 0.0
0.17500000000000002 0.0
0.185 0.0
0.195 0.0
0.20500000000000002 0.0
0.215 0.0
0.225 0.0
0.23500000000000001 0.0
0.245 0.0
0.255 0.0
0.265 0.0
0.275 0.0
0.28500000000000003 0.0
0.295 0.0
0.305 0.0
0.315 0.0
0.325 0.0
0.335 0.0
0.34500000000000003 0.0
0.35500000000000004 0.0
0.365 0.0
0.375 0.0
0.385 0.0
0.395 0.0
0.405 0.0
0.41500000000000004 0.0
0.425 0.0
0.435 0.0
0.445 0.0
0.455 0.0
0.465 0.0
0.47500000000000003 0.0
0.485 0.0
0.495 0.0
0.505 0.0
0.515 0.0
0.525 0.0
0.535 0.0
0.545 0.0
0.555 0.0
0.5650000000000001 0.0
0.5750000000000001 0.0
0.585 0.0
0.595 0.0
0.605 0.0
0.615 0.0
0.625 0.0
0.635 0.0
0.645 0.0
0.655 0.0
0.665 0.0
0.675 0.0
0.685 0.0
0.6950000000000001 0.0
0.7050000000000001 0.0
0.715 0.0
0.725 0.0
0.735 0.0
0.745 0.0
0.755 0.0
0.765 0.0
0.775 0.0
0.785 0.0
0.795 0.0
0.805 0.0
0.8150000000000001 0.0
0.8250000000000001 0.0
0.8350000000000001 0.0
0.845 0.0
0.855 0.0
0.865 0.0
0.875 0.0
0.885 0.0
0.895 0.0
0.905 0.0
0.915 0.0
0.925 0.0
0.935 0.0
0.9450000000000001 0.0
0.9550000000000001 0.0
0.965 0.0
0.975 0.0
0.985 0.0
0.995 0.0
1.005 0.0
1.015 0.0
1.025 0.0
1.035 0.0
1.045 0.0
1.055 0.0
1.065 0.0
1.075 0.0
1.085 0.0
1.095 0.0
1.105 0.0
1.115 0.0
1.125 0.0
1.135 0.0
1.145 0.0
1.155 0.0
1.1649999999999998 0.0
1.1749999999999998 0.0
1.1849999999999998 0.0
1.1949999999999998 0.0
1.2049999999999998 0.0
1.2149999999999999 0.0
1.2249999999999999 0.0
1.2349999999999999 0.0
1.2449999999999999 0.0
1.255 0.0
1.265 0.0
1.275 0.0
1.285 0.0
1.295 0.0
1.305 0.0
1.315 0.0
1.325 0.0
1.335 0.0
1.345 0.0
1.355 0.0
1.365 0.0
1.375 0.0
1.385 0.0
1.395 0.0
1.405 0.0
1.4149999999999998 0.0
1.4249999999999998 0.0
1.4349999999999998 0.0
1.4449999999999998 0.0
1.4549999999999998 0.0
1.4649999999999999 0.0
1.4749999999999999 0.0
1.4849999999999999 0.0
1.4949999999999999 0.0
1.505 0.0
1.515 0.0
1.525 0.0
1.535 0.0
1.545 0.0
1.555 0.0
1.565 0.0
1.575 0.0
1.585 0.0
1.595 0.0
1.605 0.0
1.615 0.0
1.625 0.0
1.635 0.0
1.645 0.0
1.655 0.0
1.665 0.0
1.6749999999999998 0.0
1.6849999999999998 0.0
1.6949999999999998 0.011912382402530555
1.7049999999999998 0.01768255211452084
1.7149999999999999 0.025986531827129237
1.7249999999999999 0.037810180704175675
1.7349999999999999 0.05446609495501826
1.7449999999999999 0.0776784909391052
1.755 0.1096812461810121
1.765 0.15332784353796428
1.775 0.21221043433868433
1.785 0.29078332353481073
1.795 0.39448392716457226
1.805 0.5298417606528143
1.815 0.7045634542291389
1.825 0.9275793998833509
1.835 1.20903572230187
1.845 1.5602141978948962
1.855 1.9933629123953862
1.865 2.521422227155859
1.875 3.1576343321783655
1.885 3.9150304930198314
1.895 4.805798060276991
1.905 5.8405391815056635
1.915 7.027444443475932
1.9249999999999998 8.37141660574424
1.9349999999999998 9.873191138681026
1.9449999999999998 11.528510234593474
1.9549999999999998 13.32741401742993
1.9649999999999999 15.253715583227885
1.9749999999999999 17.284724216656024
1.9849999999999999 19.39127297442282
1.9949999999999999 21.538092640995263
2.005 23.68455429519679
2.015 25.78577847832561
2.025 27.794081940009207
2.035 29.660705366754534
2.045 31.337739879899566
2.0549999999999997 32.780148980947395
2.065 33.94776834205701
2.0749999999999997 34.80716018917157
2.085 35.333203050200204
2.0949999999999998 35.51031146751878
2.105 35.333203050200204
2.1149999999999998 34.80716018917157
2.125 33.94776834205701
2.135 32.780148980947395
2.145 31.337739879899566
2.155 29.660705366754534
2.165 27.794081940009207
2.175 25.78577847832561
2.185 23.68455429519679
2.195 21.538092640995263
2.205 19.39127297442282
2.215 17.284724216656024
2.225 15.253715583227885
2.235 13.32741401742993
2.245 11.528510234593474
2.255 9.873191138681026
2.265 8.37141660574424
2.275 7.027444443475932
2.285 5.8405391815056635
2.295 4.805798060276991
2.305 3.9150304930198314
2.315 3.1576343321783655
2.3249999999999997 2.521422227155859
2.335 1.9933629123953862
2.3449999999999998 1.5602141978948962
2.355 1.20903572230187
2.3649999999999998 0.9275793998833509
2.375 0.7045634542291389
2.385 0.5298417606528143
2.395 0.39448392716457226
2.405 0.29078332353481073
2.415 0.21221043433868433
2.425 0.15332784353796428
2.435 0.1096812461810121
2.445 0.0776784909391052
2.455 0.05446609495501826
2.465 0.037810180704175675
2.475 0.025986531827129237
2.485 0.01768255211452084
2.495 0.011912382402530555
2.505 0.0
2.515 0.0
2.525 0.0
2.535 0.0
2.545 0.0
2.555 0.0
2.565 0.0
2.5749999999999997 0.0
2.585 0.0
2.5949999999999998 0.0
2.605 0.0
2.6149999999999998 0.0
2.625 0.0
2.635 0.0
2.645 0.0
2.655 0.0
2.665 0.0
2.675 0.0055293856689439865
2.685 0.008207732672485113
2.695 0.012062201482044527
2.705 0.017550399597769727
2.715 0.025281596469203665
2.725 0.03605612379372926
2.735 0.05091088333903493
2.745 0.07117037986698656
2.755 0.0985019868220009
2.765 0.13497326459061018
2.775 0.18310810548099635
2.785 0.24593732296063328
2.795 0.32703811337089767
2.805 0.4305557081036216
2.815 0.5611996467404501
2.8249999999999997 0.7242066057659744
2.835 0.9252617946903778
2.8449999999999998 1.1703717574773915
2.855 1.465683138278333
2.8649999999999998 1.8172446761769443
2.875 2.2307133891780926
2.885 2.711010489577878
2.895 3.2619378124397143
2.905 3.8857710778936014
2.915 4.582851670155457
2.925 5.351203237220938
2.935 6.186202690773739
2.945 7.0803365350436245
2.955 8.023072391877218
2.965 9.000871804163806
2.975 9.99736381533624
2.985 10.993689647451776
2.995 11.969017545166253
3.005 12.901214313594782
3.015 13.76764728026719
3.025 14.546078520128894
3.035 15.215603384474582
3.045 15.757578746240132
3.055 16.156483751374378
3.065 16.40065773427171
3.075 16.482866373272643
3.085 16.40065773427171
3.0949999999999998 16.156483751374378
3.105 15.757578746240132
3.1149999999999998 15.215603384474582
3.125 14.546078520128894
3.135 13.76764728026719
3.145 12.901214313594782
3.155 11.969017545166253
3.165 10.993689647451776
3.175 9.99736381533624
3.185 9.009007953280943
3.195 8.035149563001672
3.205 7.098085318690618
3.215 6.21202701860003
3.225 5.388403543205747
3.235 4.635906026884345
3.245 3.9606832947892423
3.255 3.3666606257846756
3.265 2.8559500725806264
3.275 2.429318202313833
3.285 2.0866769313942686
3.295 1.8275647021410095
3.305 1.651588119779195
3.315 1.5587978969089131
3.325 1.549977185671504
3.335 1.6268248877544864
3.3449999999999998 1.7920212279122485
3.355 2.0491677877043144
3.3649999999999998 2.4025994343564685
3.375 2.857071282031068
3.385 3.4173300865943825
3.395 4.087586294182703
3.405 4.8709101777073975
3.415 5.768582758240189
3.425 6.779438988101807
3.435 7.899246282758412
3.445 9.120165151841125
3.455 10.43033961920349
3.465 11.813662672184593
3.475 13.249755700760009
3.485 14.71050269412389
3.495 16.17653455094973
3.505 17.61166924565529
3.515 18.98333915051413
3.525 20.25824168741691
3.535 21.40365512466818
3.545 22.3888195642809
3.555 23.186302797527897
3.565 23.773266847363214
3.575 24.132553765354142
3.585 24.253518694493597
3.5949999999999998 24.132553765354142
3.605 23.773266847363214
3.6149999999999998 23.186302797527897
3.625 22.3888195642809
3.635 21.40365512466818
3.645 20.25824168741691
3.655 18.98333915051413
3.665 17.61166924565529
3.675 16.17653455094973
3.685 14.71050269412389
3.695 13.244226315091066
3.705 11.805454939512108
3.715 10.418277417721447
3.725 9.102614752243355
3.735 7.8739646862892085
3.745 6.743382864308078
3.755 5.717671874901154
3.765 4.799739797840411
3.775 3.989084307360702
3.785 3.282356822003772
3.795 2.673963176550072
3.805 2.156662111395835
3.815 1.7221296743334167
3.825 1.361465519808627
3.835 1.0656252410140363
3.8449999999999998 0.8257705799055298
3.855 0.6335361022185352
3.8649999999999998 0.4812163623018035
3.875 0.36188156386267656
3.885 0.26943225521732445
3.895 0.19860481313574055
3.905 0.1449395830027484
3.915 0.10472281334496124
3.925 0.07491221689564091
3.935 0.053054356728887316
3.945 0.03720030598480979
3.955 0.025824327826291005
3.965 0.017748783646993182
3.975 0.012077171124454084
3.985 0.008136149117137522
3.995 0.0
4.005 0.0
4.015 0.0
4.025 0.0
4.035 0.0
4.045 0.0
4.055 0.0
4.065 0.0026225537477385192
4.075 0.0038928773229834506
4.085 0.005721028265469947
4.095 0.00832404700904683
4.1049999999999995 0.011990906321024545
4.115 0.01710119862234673
4.125 0.024146720068988034
4.135 0.0337556751551002
4.145 0.04671888889042975
4.155 0.06401699249967678
4.165 0.08684705264232341
4.175 0.11664656557811923
4.185 0.15511217361656432
4.195 0.20420993461159911
4.205 0.2661735543344335
4.215 0.3434867563599113
4.225 0.43884600072903684
4.235 0.5551001544455197
4.245 0.6951645331737367
4.255 0.8619080168043158
4.265 1.0580136943200016
4.275 1.2858156665636855
4.285 1.5471171206145105
4.295 1.8429974165882408
4.305 2.1736184709270416
4.315 2.538042911983109
4.325 2.934078037290752
4.335 3.358160241836573
4.345 3.8052940831876323
4.355 4.269058354077866
4.365 4.74168841010195
4.375 5.21423964841742
4.385 5.676831695087504
4.395 6.118966911374358
4.405 6.5299107593814165
4.415 6.899115927492965
4.425 7.216667468897609
4.435 7.473723062643456
4.445 7.662921262740478
4.455 7.778731486929442
4.465 7.817722540767355
4.475 7.780931463791442
4.485 7.666186873614824
4.495 7.478522251152648
4.505 7.223650246975618
4.515 6.909174717130134
4.525 6.544256410567433
4.535 6.139222826240082
4.545 5.705148256517928
4.555 5.253430637225923
4.565 4.795390227422413
4.575 4.341911582161679
4.585 3.9031451741423853
4.595 3.488278906998464
4.605 3.1053832513492106
4.615 2.761327434299248
4.625 2.4617585775109556
4.635 2.211131357948977
4.645 2.012772971109906
4.655 1.868967066066712
4.665 1.7810408947262375
4.675 1.7494420279531253
4.685 1.7737943678061838
4.695 1.852927461547167
4.705 1.984877870130079
4.715 2.1668661044400084
4.725 2.3952569662348315
4.735 2.6655146071697087
4.745 2.9721659088550876
4.755 3.308786647869777
4.765 3.6680242199740354
4.775 4.041668469818599
4.785 4.420778558529607
4.795 4.795869088248431
4.805 5.157153292757409
4.815 5.49483548489017
4.825 5.79943965616346
4.835 6.064064482220744
4.845 6.2780213295054095
4.855 6.436235434538582
4.865 6.534008215880439
4.875 6.566761512553736
4.885 6.537770695985047
4.895 6.445746525963284
4.905 6.294024316442653
4.915 6.087818791044569
4.925 5.834018603280591
4.935 5.5409121138283615
4.945 5.217862378169515
4.955 4.874951441087752
4.965 4.522614394785404
4.975 4.171282307672755
4.985 3.8310503225210844
4.995 3.511383350959352
5.005 3.2208673451352405
5.015 2.9670096293392083
5.025 2.756087718920151
5.035 2.593042850786712
5.045 2.48141238014056
5.055 2.423294386159496
5.065 2.419338234481872
5.075 2.468756272129781
5.085 2.5693539617173133
5.095 2.7175781952234326
5.105 2.9085858317025086
5.115 3.139774274286898
5.125 3.3988160879337688
5.135 3.680176940109056
5.145 3.9753725346744138
5.155 4.275510595325639
5.165 4.571578338473938
5.175 4.854762259066051
5.185 5.116789878747016
5.195 5.350279314463846
5.205 5.549079489246957
5.215 5.7085818987325805
5.225 5.825984330721133
5.235 5.900487936802469
5.245 5.933411552258946
5.255 5.928210988841956
5.265 5.890395902101661
5.275 5.827342395889829
5.285 5.746538033502678
5.295 5.661571372958534
5.305 5.581216094590203
5.315 5.516662315959178
5.325 5.480374057480279
5.335 5.479934087915362
5.345 5.5251067846380115
5.355 5.622743275879037
5.365 5.777438972321889
5.375 5.991221447327788
5.385 6.263352168279205
5.395 6.590256919994643
5.405 6.965594037160951
5.415 7.380462940768708
5.425 7.823748161017546
5.435 8.28258633110538
5.445 8.742935962147206
5.455 9.190222662073982
5.465 9.610026406108911
5.475 9.988773081332642
5.485 10.314390339871693
5.495 10.576888210657717
5.505 10.768828158759014
5.515 10.885650327472364
5.525 10.925837271425282
5.535 10.890903047790395
5.545 10.785208310405961
5.555 10.615614119910592
5.565 10.390998539947368
5.575 10.121669759597554
5.585 9.81871661750068
5.595 9.493341372537246
5.605 9.156220022281204
5.615 8.816932386936854
5.625 8.48349784918328
5.635 8.162043656258602
5.645 7.855349404423103
5.655 7.568339059640525
5.665 7.299124097618627
5.675 7.045960632915875
5.685 6.805692257338504
5.695 6.574169342132619
5.705 6.346701923406933
5.715 6.118510974298225
5.725 5.885145557853936
5.735 5.642838441252918
5.745 5.38877963557054
5.755 5.121295290470206
5.765 4.839927662965564
5.775 4.545419768349132
5.785 4.239615180624118
5.795 3.9252887975304045
5.805 3.605927919153856
5.815 3.2854845982237952
5.825 2.9681199771834157
5.835 2.657959462850353
5.845 2.358874454454987
5.855 2.07430235845535
5.865 1.8084443056358914
5.875 1.5614964082917357
5.885 1.3359517334292281
5.895 1.132756641407714
5.905 0.9522492532445171
5.915 0.794239359645579
5.925 0.6558162553040794
5.935 0.5414129012538059
5.945 0.44657322550252193
5.955 0.3701632905597128
5.965 0.31104608233074976
5.975 0.26817846208137147
5.985 0.24068933654033026
5.995 0.22793715937663386
6.005 0.22954572963168302
6.015 0.24541791380783357
6.025 0.2769939799935217
6.035 0.32276933904417543
6.045 0.38427283078026314
6.055 0.46233832128166974
6.065 0.5578716976451153
6.075 0.6717608031232452
6.085 0.804776920104311
6.095 0.9574725299344696
6.105 1.130080906089203
6.115 1.3224237509299002
6.125 1.5338334310682813
6.135 1.7620323082974145
6.1450000000000005 2.007720165674765
6.155 2.266989793049241
6.165 2.5369760765791147
6.175 2.8143353148657955
6.185 3.0953512433768218
6.195 3.3760676764596504
6.205 3.6524401920836596
6.215 3.920497039528939
6.225 4.176497936312015
6.235 4.4170788733186095
6.245 4.639371615453374
6.255 4.841088303939286
6.265 5.021741315460498
6.275 5.178503423929667
6.285 5.311763577398823
6.295 5.421640954314052
6.305 5.508661853027705
6.315 5.573634620694364
6.325 5.617521331077026
6.335 5.641320237840098
6.345 5.645971846853911
6.355 5.632298839899997
6.365 5.600986296336385
6.375 5.552604092469004
6.385 5.48766850048394
6.3950000000000005 5.406735389494643
6.405 5.310513558531718
6.415 5.19998403288452
6.425 5.076509930290003
6.435 4.943041045920456
6.445 4.800227282802116
6.455 4.651746100156969
6.465 4.501016986440334
6.475 4.351850058199362
6.485 4.2083013491887735
6.495 4.074490687190964
6.505 3.9543954007698616
6.515 3.8516357004474395
6.525 3.769268757823895
6.535 3.7096081672192893
6.545 3.6740836603296563
6.555 3.6631528260183366
6.565 3.676272444300854
6.575 3.7130069173196247
6.585 3.7693440250682864
6.595 3.842956872422208
6.605 3.930287193064774
6.615 4.027484092081571
6.625 4.131711996566663
6.635 4.2375996477616065
6.6450000000000005 4.342559459254296
6.655 4.443849308519123
6.665 4.539414434422309
6.675 4.627070005621775
6.685 4.708371567151199
6.695 4.782241664127035
6.705 4.849571848061144
6.715 4.911772518738628
6.725 4.970630646396772
6.735 5.02815709533413
6.745 5.0864367907436385
6.755 5.1474930953116775
6.765 5.214293971374828
6.775 5.286731884236775
6.785 5.366893247760273
6.795 5.455793068991365
6.805 5.554116671430863
6.815 5.6622289161283765
6.825 5.780189395083212
6.835 5.906921506960309
6.845 6.043885345673594
6.855 6.189051703834896
6.865 6.341346297129274
6.875 6.499367506209063
6.885 6.661369397700554
6.8950000000000005 6.825251102408714
6.905 6.988560633477064
6.915 7.148520381909847
6.925 7.30207944502734
6.935 7.447171842142145
6.945 7.578687274512371
6.955 7.694203447820995
6.965 7.790728734156093
6.975 7.865639486041394
6.985 7.91682265648011
6.995 7.942796192704217
