0.005 0.0
0.015 0.0
0.025 0.0
0.034999999999999996 0.0
0.045 0.0
0.055 0.0
0.065 0.0
0.07500000000000001 0.0
0.085 0.0
0.095 0.0
0.10500000000000001 0.0
0.115 0.0
0.125 0.0
0.135 0.0
0.14500000000000002 0.0
0.155 0.0
0.165 0.0
0.17500000000000002 0.0
0.185 0.0
0.195 0.0
0.20500000000000002 0.0
0.215 0.0
0.225 0.0
0.23500000000000001 0.0
0.245 0.0
0.255 0.0
0.265 0.0
0.275 0.0
0.28500000000000003 0.0
0.295 0.0
0.305 0.0
0.315 0.0
0.325 0.0
0.335 0.0
0.34500000000000003 0.0
0.35500000000000004 0.0
0.365 0.0
0.375 0.0
0.385 0.0
0.395 0.0
0.405 0.0
0.41500000000000004 0.0
0.425 0.0
0.435 0.0
0.445 0.0
0.455 0.0
0.465 0.0
0.47500000000000003 0.0
0.485 0.0
0.495 0.0
0.505 0.0
0.515 0.0
0.525 0.0
0.535 0.0
0.545 0.0
0.555 0.0
0.5650000000000001 0.0
0.5750000000000001 0.0
0.585 0.0
0.595 0.0
0.605 0.0
0.615 0.0
0.625 0.0
0.635 0.0
0.645 0.0
0.655 0.0
0.665 0.0
0.675 0.0
0.685 0.0
0.6950000000000001 0.0
0.7050000000000001 0.0
0.715 0.0
0.725 0.0
0.735 0.0
0.745 0.0
0.755 0.0
0.765 0.0
0.775 0.0
0.785 0.0
0.795 0.0
0.805 0.0
0.8150000000000001 0.0
0.8250000000000001 0.0
0.8350000000000001 0.0
0.845 0.0
0.855 0.0
0.865 0.0
0.875 0.0
0.885 0.0
0.895 0.0
0.905 0.0
0.915 0.0
0.925 0.0
0.935 0.0
0.9450000000000001 0.0
0.9550000000000001 0.0
0.965 0.0
0.975 0.0
0.985 0.0
0.995 0.0
1.005 0.0
1.015 0.0
1.025 0.0
1.035 0.0
1.045 0.0
1.055 0.0
1.065 0.0
1.075 0.0
1.085 0.0
1.095 0.0
1.105 0.0
1.115 0.0
1.125 0.0
1.135 0.0
1.145 0.0
1.155 0.0
1.1649999999999998 0.0
1.1749999999999998 0.0
1.1849999999999998 0.0
1.1949999999999998 0.0
1.2049999999999998 0.0
1.2149999999999999 0.0
1.2249999999999999 0.0
1.2349999999999999 0.0
1.2449999999999999 0.0
1.255 0.0
1.265 0.0
1.275 0.0
1.285 0.0
1.295 0.0
1.305 0.0
1.315 0.0
1.325 0.0
1.335 0.0
1.345 0.0
1.355 0.0
1.365 0.0
1.375 0.0
1.385 0.0
1.395 0.0
1.405 0.0
1.4149999999999998 0.0
1.4249999999999998 0.0
1.4349999999999998 0.0
1.4449999999999998 0.0
1.4549999999999998 0.0
1.4649999999999999 0.0
1.4749999999999999 0.0
1.4849999999999999 0.0
1.4949999999999999 0.0
1.505 0.0
1.515 0.0
1.525 0.0
1.535 0.0
1.545 0.0
1.555 0.0
1.565 0.0
1.575 0.0
1.585 0.0
1.595 0.0
1.605 0.0
1.615 0.0
1.625 0.0
1.635 0.0
1.645 0.0
1.655 0.0
1.665 0.0
1.6749999999999998 0.0
1.6849999999999998 0.0
1.6949999999999998 0.0
1.7049999999999998 0.0
1.7149999999999999 0.0
1.7249999999999999 0.0
1.7349999999999999 0.0
1.7449999999999999 0.0
1.755 0.0
1.765 0.0
1.775 0.0
1.785 0.0
1.795 0.0
1.805 0.0
1.815 0.0
1.825 0.0
1.835 0.0
1.845 0.0
1.855 0.0
1.865 0.0
1.875 0.0
1.885 0.0
1.895 0.0
1.905 0.0
1.915 0.0
1.9249999999999998 0.0
1.9349999999999998 0.0
1.9449999999999998 0.0
1.9549999999999998 0.0
1.9649999999999999 0.0
1.9749999999999999 0.0
1.9849999999999999 0.0
1.9949999999999999 0.0
2.005 0.0
2.015 0.0
2.025 0.0
2.035 0.0
2.045 0.0
2.0549999999999997 0.0
2.065 0.0
2.0749999999999997 0.0
2.085 0.0
2.0949999999999998 0.0
2.105 0.0
2.1149999999999998 0.0
2.125 0.0
2.135 0.0
2.145 0.0
2.155 0.0
2.165 0.0
2.175 0.0
2.185 0.0
2.195 0.0
2.205 0.0
2.215 0.0
2.225 0.0
2.235 0.0
2.245 0.0
2.255 0.0
2.265 0.0
2.275 0.0
2.285 0.0
2.295 0.0
2.305 0.0
2.315 0.0
2.3249999999999997 0.0
2.335 0.0
2.3449999999999998 0.0
2.355 0.0
2.3649999999999998 0.0
2.375 0.006789551090272157
2.385 0.010078302301849841
2.395 0.014811217398611787
2.405 0.021550194155023877
2.415 0.031043356558647258
2.425 0.04427343456790484
2.435 0.0625136433189473
2.445 0.08739034662294909
2.455 0.12095091788904203
2.465 0.1657341214062551
2.475 0.22483905295099463
2.485 0.30198725848054037
2.495 0.40157118930392716
2.505 0.5286807888616926
2.515 0.6890989165012739
2.525 0.889255704729986
2.535 1.1361320412520617
2.545 1.4371033814181322
2.555 1.7997172100660683
2.565 2.2314007940749834
2.5749999999999997 2.7391004047057805
2.585 3.3288588149374028
2.5949999999999998 4.00534431071431
2.605 4.771351256368256
2.6149999999999998 5.62729883871567
2.625 6.570760288543976
2.635 7.596058900302561
2.645 8.693968827495475
2.655 9.851557327887708
2.665 11.0522004848744
2.675 12.275796346328468
2.685 13.499188155964758
2.695 14.696796531971719
2.705 15.841444050588532
2.715 16.905339977862834
2.725 17.861178291509404
2.735 18.683290103715613
2.745 19.348783456628848
2.755 19.83860024183448
2.765 20.138422289174745
2.775 20.23936655097466
2.785 20.138422289174745
2.795 19.83860024183448
2.805 19.348783456628848
2.815 18.683290103715613
2.8249999999999997 17.861178291509404
2.835 16.905339977862834
2.8449999999999998 15.841444050588532
2.855 14.696796531971719
2.8649999999999998 13.499188155964758
2.875 12.275796346328468
2.885 11.0522004848744
2.895 9.851557327887708
2.905 8.693968827495475
2.915 7.596058900302561
2.925 6.570760288543976
2.935 5.62729883871567
2.945 4.771351256368256
2.955 4.00534431071431
2.965 3.3288588149374028
2.975 2.7391004047057805
2.985 2.2314007940749834
2.995 1.7997172100660683
3.005 1.4371033814181322
3.015 1.1361320412520617
3.025 0.889255704729986
3.035 0.6890989165012739
3.045 0.5286807888616926
3.055 0.40157118930392716
3.065 0.30198725848054037
3.075 0.22483905295099463
3.085 0.1657341214062551
3.0949999999999998 0.12095091788904203
3.105 0.09164624418752926
3.1149999999999998 0.06883103038198893
3.125 0.05355755706983782
3.135 0.04455167509122339
3.145 0.04100911622774146
3.155 0.0425631556118925
3.165 0.049263759310241906
3.175 0.06156848395570217
3.185 0.07581572183987734
3.195 0.10388719876801769
3.205 0.14093597134097013
3.215 0.1892948179951107
3.225 0.25171706109006364
3.235 0.3313932323125958
3.245 0.4319482041595545
3.255 0.5574125796728726
3.265 0.712162192038579
3.275 0.9008202014696362
3.285 1.1281176015049572
3.295 1.39871002940274
3.305 1.7169516197072467
3.315 2.0866301667015548
3.325 2.5106718943020376
3.335 2.9908283952422847
3.3449999999999998 3.5273624285953824
3.355 4.118752821452507
3.3649999999999998 4.761441241752157
3.375 5.449644647712743
3.385 6.175256402319605
3.395 6.927856127958416
3.405 7.694843308341205
3.415 8.461702582825243
3.425 9.212400015247763
3.435 9.929899968044902
3.445 10.596782362131423
3.455 11.195930950468771
3.465 11.711255691804615
3.475 12.128407209224626
3.485 12.438903358010291
3.495 12.628518890849412
3.505 12.694208584742775
3.515 12.63437189999927
3.525 12.451277755114289
3.535 12.150995708221844
3.545 11.743150424689109
3.555 11.240517885643888
3.565 10.658492046824142
3.575 10.01445823807132
3.585 9.327113878576553
3.5949999999999998 8.615777796368876
3.605 7.899726676786235
3.6149999999999998 7.1975913672865035
3.625 6.5268376685188265
3.635 5.903346778360733
3.645 5.341100753714497
3.655 4.851969221013099
3.665 4.445585981649523
3.675 4.129298791570908
3.685 3.908172841513986
3.695 3.7850284214780414
3.705 3.7604957185350103
3.715 3.8330742056118234
3.725 3.9991899593634743
3.735 4.256308547654621
3.745 4.592243526604323
3.755 4.999783928465892
3.765 5.46796131690626
3.775 5.984255201201972
3.785 6.534821472804072
3.795 7.104794006874722
3.805 7.678664034974402
3.815 8.240734282637304
3.825 8.775636416433581
3.835 9.268891935514944
3.8449999999999998 9.707489181621488
3.855 10.08044347667014
3.8649999999999998 10.379304224585985
3.875 10.59857260344458
3.885 10.735996415703237
3.895 10.792714646818078
3.905 10.773232901617792
3.915 10.682382901444594
3.925 10.537265207143497
3.935 10.346475884625773
3.945 10.124416030125287
3.955 9.88628450570265
3.965 9.647271477297066
3.975 9.421744689984868
3.985 9.222477225121231
3.995 9.059963142890368
4.005 8.941862021612156
4.015 8.872605368485551
4.025 8.853187765631509
4.035 8.881154118339445
4.045 8.950782247190206
4.055 9.053448093299528
4.065 9.178149746434917
4.075 9.312157057042887
4.085 9.441746352149448
4.095 9.552975201835924
4.1049999999999995 9.632450569426643
4.115 9.668045123129797
4.125 9.64952087936123
4.135 9.569026367342842
4.145 9.42144263359811
4.155 9.204563962897293
4.165 8.919110384817532
4.175 8.568580019050934
4.185 8.158959268266289
4.195 7.698317072292818
4.205 7.196315332299871
4.215 6.66367085226556
4.225 6.111604622216183
4.235 5.551312121774302
4.245 4.99348391180698
4.255 4.447899638863471
4.265 3.923111345925051
4.275 3.4262243493565263
4.285 2.9627765627291445
4.295 2.5344001435262093
4.305 2.1489019253353825
4.315 1.803910808167254
4.325 1.499238000354955
4.335 1.2336249873666583
4.345 1.004969285416313
4.355 0.8105493747936524
4.365 0.6472368218780045
4.375 0.5139796515144772
4.385 0.4039032185266011
4.395 0.31535589575583656
4.405 0.24538343322629877
4.415 0.1913425234771174
4.425 0.1509606106009669
4.435 0.1223753191547842
4.445 0.10415767900644031
4.455 0.09532307047981436
4.465 0.0953331717223524
4.475 0.10409126578037634
4.485 0.1219321712308001
4.495 0.1496069092810707
4.505 0.18826112019822608
4.515 0.23940529561229787
4.525 0.30487419658846276
4.535 0.3867724667926824
4.545 0.48536398268448133
4.555 0.6078323411371308
4.565 0.7536281595196052
4.575 0.9250974554723835
4.585 1.1242811012092822
4.595 1.35275575286208
4.605 1.6114651725975548
4.615 1.90055093560462
4.625 2.219193430444528
4.635 2.565475419672709
4.645 2.9362809871645417
4.655 3.3272422583750343
4.665 3.7327447100378186
4.675 4.145999155188136
4.685 4.559184684347975
4.695 4.963662176079592
4.705 5.350252789941714
4.715 5.709570547523004
4.725 6.032393175813053
4.735 6.310051323823676
4.745 6.534813514488953
4.755 6.700243106212907
4.765 6.801504313218128
4.775 6.83559699546344
4.785 6.801504313218128
4.795 6.700243106212907
4.805 6.534813514488953
4.815 6.310051323823676
4.825 6.032393175813053
4.835 5.709570547523004
4.845 5.350252789941714
4.855 4.963662176079592
4.865 4.559184684347975
4.875 4.145999155188136
4.885 3.7327447100378186
4.895 3.3272422583750343
4.905 2.9362809871645417
4.915 2.565475419672709
4.925 2.219193430444528
4.935 1.90055093560462
4.945 1.6114651725975548
4.955 1.35275575286208
4.965 1.1242811012092822
4.975 0.9250974554723835
4.985 0.7536281595196052
4.995 0.6078323411371308
5.005 0.48536398268448133
5.015 0.3837146161700573
5.025 0.3003351714660404
5.035 0.23273467928700478
5.045 0.1785554307147126
5.055 0.13562572762132302
5.065 0.10199248042367291
5.075 0.07593662335942288
5.085 0.05597466005060392
5.095 0.040849684145923354
5.105 0.029515014183068507
5.115 0.021113213764384894
5.125 0.014952807715053893
5.135 0.010484511671200038
5.145 0.007278312888238152
5.155 0.005002306415772238
5.165 0.0034038225831025076
5.175 0.0022930873313806804
5.185 0.0016761814675273665
5.195 0.002488097271512239
5.205 0.003656543383353024
5.215 0.00532023922995764
5.225 0.007663879137458979
5.235 0.010930076162595437
5.245 0.015433157362784524
5.255 0.021574633948929948
5.265 0.029859954561135774
5.275 0.04091588076214916
5.285 0.05712523841223049
5.295 0.07695493070963436
5.305 0.10266757696052327
5.315 0.13565364738863595
5.325 0.17751904867332713
5.335 0.2300853831616756
5.345 0.2953794350563191
5.355 0.37560954205492275
5.365 0.47312682495451625
5.375 0.5903698081827236
5.385 0.7297917785547267
5.395 0.8937712801268205
5.405 1.0845073833901748
5.415 1.3039027213211876
5.425 1.5534386506482454
5.435 1.835583779227072
5.445 2.1482725618197485
5.455 2.4921031134783194
5.465 2.8658080524386382
5.475 3.2672222079052786
5.485 3.6932602196362465
5.495 4.13993299356502
5.505 4.602405723381277
5.515 5.0750978101983
5.525 5.551822455142154
5.535 6.025961156555306
5.545 6.490666010438715
5.555 6.93908076783514
5.565 7.364570188918246
5.575 7.7609464460121185
5.585 8.122681209207892
5.595 8.445092590112246
5.605 8.724497269675426
5.615 8.958319811630705
5.625 9.145153262032128
5.635 9.28476754890419
5.645 9.378064815818755
5.655 9.42698354388256
5.665 9.434356033153906
5.675 9.403726416639024
5.685 9.339138746056342
5.695 9.244906681957843
5.705 9.125377792290287
5.715 8.98470626049749
5.725 8.826647787743898
5.735 8.654389540564562
5.745 8.470426102175102
5.755 8.27648957154921
5.765 8.073538353653086
5.775 7.861805029184389
5.785 7.642266047214009
5.795 7.41198653693729
5.805 7.1708100285045475
5.815 6.91761394124068
5.825 6.651437787138418
5.835 6.371688426516135
5.845 6.079659210779937
5.855 5.773955791274903
5.865 5.456966595090378
5.875 5.131024507766365
5.885 4.799289173076082
5.895 4.465684678556096
5.905 4.134793729824087
5.915 3.811717841327057
5.925 3.5019144983100383
5.935 3.2110224625645873
5.945 2.944685491633785
5.955 2.7083829336954026
5.965 2.507273259179038
5.975 2.3460539580349553
5.985 2.228838735762589
5.995 2.157932933896322
6.005 2.1385923266812594
6.015 2.1709700002160557
6.025 2.2559408877369975
6.035 2.393363166917708
6.045 2.582022303744904
6.055 2.8195841887555595
6.065 3.1025619782999367
6.075 3.4263028902631527
6.085 3.785002206814843
6.095 4.170672899128158
6.105 4.577917880574568
6.115 4.996372567469989
6.125 5.416581110593096
6.135 5.8286131245113175
6.1450000000000005 6.222338791696078
6.155 6.587735859628413
6.165 6.915216265807809
6.175 7.195957300715689
6.185 7.422220394001663
6.195 7.587640008984972
6.205 7.687465869796604
6.215 7.71874381588814
6.225 7.6804238479708395
6.235 7.573388153138601
6.245 7.399372513643211
6.255 7.165277058363843
6.265 6.875657379046585
6.275 6.53786176648246
6.285 6.160188226850991
6.295 5.751548988278098
6.305 5.321125601930942
6.315 4.878032992700298
6.325 4.431009207243482
6.335 3.9881449606705104
6.345 3.5566636652325014
6.355 3.142758749369759
6.365 2.7514910723884225
6.375 2.3867454213748407
6.385 2.0512417117357855
6.3950000000000005 1.7465938060626538
6.405 1.473406946830024
6.415 1.231403716117506
6.425 1.0195681645547992
6.435 0.8362982031012653
6.445 0.6795573890298895
6.455 0.5470186971498772
6.465 0.43619457493023506
6.475 0.34454936936350555
6.485 0.26959193890019106
6.495 0.20894781090835118
6.505 0.16041153454915796
6.515 0.12198086727733617
6.525 0.09296536426286744
6.535 0.07015864236824355
6.545 0.0541063307653417
6.555 0.04213215629501385
6.565 0.03421308686722403
6.575 0.02983411620973764
6.585 0.028704741728101883
6.595 0.029843333273692416
6.605 0.03553226343531528
6.615 0.04482071391337204
6.625 0.05833916313597703
6.635 0.0769428178168472
6.6450000000000005 0.1017208478212383
6.655 0.13419234137873204
6.665 0.17637612242170053
6.675 0.2306564955350962
6.685 0.29751500345714266
6.695 0.3800760807675164
6.705 0.48091334767666516
6.715 0.6027203958311139
6.725 0.7482350992436477
6.735 0.9201449181511857
6.745 1.120974967681983
6.755 1.3529622686333864
6.765 1.6179212803134968
6.775 1.917107373090752
6.785 2.251086149657543
6.795 2.6196172874694907
6.805 3.021561691549927
6.815 3.4548201051663456
6.825 3.9163098836774513
6.835 4.40198443832581
6.845 4.906897040004855
6.855 5.42530746571051
6.865 5.950826672250226
6.875 6.476591634748427
6.885 6.99546003597513
6.8950000000000005 7.500212938709261
6.905 7.9837531334629155
6.915 8.439287622251854
6.925 8.860484626065205
6.935 9.241598392248989
6.945 9.577558601106585
6.955 9.864024908641268
6.965 10.097410654350785
6.975 10.274882570392577
6.985 10.394345094848193
6.995 10.454418395208325
