0.005 0.0
0.015 0.0
0.025 0.0
0.034999999999999996 0.0
0.045 0.0
0.055 0.0
0.065 0.0
0.07500000000000001 0.0
0.085 0.0
0.095 0.0
0.10500000000000001 0.0
0.115 0.0
0.125 0.0
0.135 0.0
0.14500000000000002 0.0
0.155 0.0
0.165 0.0
0.17500000000000002 0.0
0.185 0.0
0.195 0.0
0.20500000000000002 0.0
0.215 0.0
0.225 0.0
0.23500000000000001 0.0
0.245 0.0
0.255 0.0
0.265 0.0
0.275 0.0
0.28500000000000003 0.0
0.295 0.0
0.305 0.0
0.315 0.0
0.325 0.0
0.335 0.0
0.34500000000000003 0.0
0.35500000000000004 0.0
0.365 0.0
0.375 0.0
0.385 0.0
0.395 0.0
0.405 0.0
0.41500000000000004 0.0
0.425 0.0
0.435 0.0
0.445 0.0
0.455 0.0
0.465 0.0
0.47500000000000003 0.0
0.485 0.0
0.495 0.0
0.505 0.0
0.515 0.0
0.525 0.0
0.535 0.0
0.545 0.0
0.555 0.0
0.5650000000000001 0.0
0.5750000000000001 0.0
0.585 0.0
0.595 0.0
0.605 0.0
0.615 0.0
0.625 0.0
0.635 0.0
0.645 0.0
0.655 0.0
0.665 0.0
0.675 0.0
0.685 0.0
0.6950000000000001 0.0
0.7050000000000001 0.0
0.715 0.0
0.725 0.0
0.735 0.0
0.745 0.0
0.755 0.0
0.765 0.0
0.775 0.0
0.785 0.0
0.795 0.0
0.805 0.0
0.8150000000000001 0.0
0.8250000000000001 0.0
0.8350000000000001 0.0
0.845 0.0
0.855 0.0
0.865 0.0
0.875 0.0
0.885 0.0
0.895 0.0
0.905 0.0
0.915 0.0
0.925 0.0
0.935 0.0
0.9450000000000001 0.0
0.9550000000000001 0.0
0.965 0.0
0.975 0.0
0.985 0.0
0.995 0.0
1.005 0.0
1.015 0.0
1.025 0.0
1.035 0.0
1.045 0.0
1.055 0.0
1.065 0.0
1.075 0.0
1.085 0.0
1.095 0.0
1.105 0.0
1.115 0.0
1.125 0.0
1.135 0.0
1.145 0.0
1.155 0.0
1.1649999999999998 0.0
1.1749999999999998 0.0
1.1849999999999998 0.0
1.1949999999999998 0.0
1.2049999999999998 0.0
1.2149999999999999 0.0
1.2249999999999999 0.0
1.2349999999999999 0.0
1.2449999999999999 0.0
1.255 0.0
1.265 0.0
1.275 0.0
1.285 0.0
1.295 0.0
1.305 0.0
1.315 0.0
1.325 0.0
1.335 0.0
1.345 0.0
1.355 0.0
1.365 0.0
1.375 0.0
1.385 0.0
1.395 0.0
1.405 0.0
1.4149999999999998 0.0
1.4249999999999998 0.0
1.4349999999999998 0.015527240992344217
1.4449999999999998 0.02304839105765491
1.4549999999999998 0.03387224558450568
1.4649999999999999 0.04928382651929504
1.4749999999999999 0.07099404247624033
1.4849999999999999 0.10125032994885168
1.4949999999999999 0.142964445250803
1.505 0.19985577166702384
1.515 0.2766065127632926
1.525 0.37902264958524723
1.535 0.5141916031330128
1.545 0.6906242955831027
1.555 0.9183659639645508
1.565 1.209056962313704
1.575 1.5759222961601818
1.585 2.0336672406725946
1.595 2.5982566106498783
1.605 3.2865575702292342
1.615 4.115830703270409
1.625 5.103061663348008
1.635 6.264136099812366
1.645 7.612873422968901
1.655 9.15994968487423
1.665 10.911755406465987
1.6749999999999998 12.869249239447802
1.6849999999999998 15.0268813278873
1.6949999999999998 17.371669432759393
1.7049999999999998 19.88251467138446
1.7149999999999999 22.52984074295778
1.7249999999999999 25.275629882250353
1.7349999999999999 28.073910293639194
1.7449999999999999 30.87172405241619
1.755 33.61057285426896
1.765 36.22830378176974
1.775 38.66136131884756
1.785 40.84729845200658
1.795 42.72741218280508
1.805 44.24935016251808
1.815 45.36952779500987
1.825 46.055200400160516
1.835 46.286053052850214
1.845 46.055200400160516
1.855 45.36952779500987
1.865 44.24935016251808
1.875 42.72741218280508
1.885 40.84729845200658
1.895 38.66136131884756
1.905 36.22830378176974
1.915 33.61057285426896
1.9249999999999998 30.87172405241619
1.9349999999999998 28.073910293639194
1.9449999999999998 25.275629882250353
1.9549999999999998 22.52984074295778
1.9649999999999999 19.88251467138446
1.9749999999999999 17.371669432759393
1.9849999999999999 15.0268813278873
1.9949999999999999 12.869249239447802
2.005 10.911755406465987
2.015 9.15994968487423
2.025 7.612873422968901
2.035 6.264136099812366
2.045 5.103061663348008
2.0549999999999997 4.115830703270409
2.065 3.2865575702292342
2.0749999999999997 2.5982566106498783
2.085 2.0336672406725946
2.0949999999999998 1.5759222961601818
2.105 1.209056962313704
2.1149999999999998 0.9183659639645508
2.125 0.6906242955831027
2.135 0.5141916031330128
2.145 0.37902264958524723
2.155 0.2766065127632926
2.165 0.19985577166702384
2.175 0.142964445250803
2.185 0.10125032994885168
2.195 0.07099404247624033
2.205 0.04928382651929504
2.215 0.03387224558450568
2.225 0.02304839105765491
2.235 0.015527240992344217
2.245 0.0
2.255 0.0
2.265 0.0
2.275 0.0
2.285 0.0
2.295 0.0
2.305 0.0
2.315 0.0
2.3249999999999997 0.0
2.335 0.0
2.3449999999999998 0.0
2.355 0.0
2.3649999999999998 0.0
2.375 0.0
2.385 0.0
2.395 0.0
2.405 0.0
2.415 0.0
2.425 0.0
2.435 0.0
2.445 0.0
2.455 0.0
2.465 0.0
2.475 0.0
2.485 0.0
2.495 0.0
2.505 0.0
2.515 0.0
2.525 0.0
2.535 0.0
2.545 0.0
2.555 0.0
2.565 0.0
2.5749999999999997 0.0
2.585 0.0
2.5949999999999998 0.0
2.605 0.0
2.6149999999999998 0.0
2.625 0.0
2.635 0.0
2.645 0.0
2.655 0.0
2.665 0.0
2.675 0.0
2.685 0.0
2.695 0.0
2.705 0.0
2.715 0.0
2.725 0.0
2.735 0.0
2.745 0.0
2.755 0.0
2.765 0.0
2.775 0.0
2.785 0.0
2.795 0.0
2.805 0.0
2.815 0.0
2.8249999999999997 0.0
2.835 0.0
2.8449999999999998 0.0
2.855 0.0
2.8649999999999998 0.0
2.875 0.0
2.885 0.0
2.895 0.0
2.905 0.0
2.915 0.0
2.925 0.0
2.935 0.0
2.945 0.0
2.955 0.0
2.965 0.0
2.975 0.0
2.985 0.0
2.995 0.0
3.005 0.0
3.015 0.0
3.025 0.0
3.035 0.0
3.045 0.0
3.055 0.0
3.065 0.0
3.075 0.0
3.085 0.0
3.0949999999999998 0.0
3.105 0.0
3.1149999999999998 0.0
3.125 0.0
3.135 0.0
3.145 0.0
3.155 0.0
3.165 0.0
3.175 0.0
3.185 0.0
3.195 0.0
3.205 0.0
3.215 0.0
3.225 0.0
3.235 0.0
3.245 0.0
3.255 0.0
3.265 0.0
3.275 0.0
3.285 0.0
3.295 0.0
3.305 0.0
3.315 0.0
3.325 0.0
3.335 0.0
3.3449999999999998 0.0
3.355 0.0
3.3649999999999998 0.0
3.375 0.0
3.385 0.0
3.395 0.0
3.405 0.0
3.415 0.0
3.425 0.0
3.435 0.0
3.445 0.0
3.455 0.0
3.465 0.0
3.475 0.0
3.485 0.0
3.495 0.0
3.505 0.0
3.515 0.0
3.525 0.0
3.535 0.0
3.545 0.0
3.555 0.0
3.565 0.0
3.575 0.0
3.585 0.0
3.5949999999999998 0.0
3.605 0.0
3.6149999999999998 0.0
3.625 0.0
3.635 0.0
3.645 0.0
3.655 0.0
3.665 0.0
3.675 0.0
3.685 0.0
3.695 0.0
3.705 0.0
3.715 0.0
3.725 0.0
3.735 0.0
3.745 0.0
3.755 0.0
3.765 0.0
3.775 0.0
3.785 0.0
3.795 0.0
3.805 0.0
3.815 0.0
3.825 0.0
3.835 0.0
3.8449999999999998 0.0
3.855 0.0
3.8649999999999998 0.0028742810763349716
3.875 0.004266537389974779
3.885 0.0062701644512710595
3.895 0.009123035444843636
3.905 0.013141860355139073
3.915 0.018742666999768096
3.925 0.026464456871360235
3.935 0.03699573303345269
3.945 0.05120322828882096
3.955 0.07016170031381364
3.965 0.09518311689914918
3.975 0.12784295320916444
3.985 0.1700007047404572
3.995 0.2238111425399254
4.005 0.29172237591088657
4.015 0.3764565300628532
4.025 0.48096888630345735
4.035 0.6083817617729365
4.045 0.7618903003850755
4.055 0.9446387531154822
4.065 1.162190300532556
4.075 1.4131282995697143
4.085 1.7013390747938757
4.095 2.0282226297556476
4.1049999999999995 2.394245395307256
4.115 2.7987596180655414
4.125 3.239853923914523
4.135 3.7142508576598257
4.145 4.219797354650734
4.155 4.746600406511433
4.165 5.289190550235599
4.175 5.839411593489901
4.185 6.388410320719515
4.195 6.927013876196382
4.205 7.446165702582421
4.215 7.937396106194884
4.225 8.39329813860731
4.235 8.807976024001793
4.245 9.177432336022243
4.255 9.499861852902667
4.265 9.775824564220736
4.275 10.00827746313898
4.285 10.20245406281592
4.295 10.365591320289262
4.305 10.506514960992408
4.315 10.635105111429219
4.325 10.761673714903843
4.335 10.898624572908144
4.345 11.05157700395829
4.355 11.229825791891765
4.365 11.43904481408714
4.375 11.6824168689445
4.385 11.960358541115575
4.395 12.270414775518013
4.405 12.607330997764059
4.415 12.96329877868628
4.425 13.328359682484384
4.435 13.690941851106956
4.445 14.038495709064996
4.455 14.35818938990959
4.465 14.63762135763011
4.475 14.865507297725962
4.485 15.032300581281264
4.495 15.130710210598926
4.505 15.156086772281085
4.515 15.106655108342636
4.525 14.98358167328708
4.535 14.790874354843254
4.545 14.535122371309624
4.555 14.225093200090669
4.565 13.871211841841138
4.575 13.484954619697746
4.585 13.07819474357024
4.595 12.662539701229015
4.605 12.248700938755928
4.615 11.845934160094673
4.625 11.461583960392787
4.635 11.100759633084511
4.645 10.76616025402645
4.655 10.460103199714386
4.665 10.177468064820259
4.675 9.91379695422628
4.685 9.668099807865062
4.695 9.431049400239711
4.705 9.195649607933818
4.715 8.954939150042733
4.725 8.702546108355214
4.735 8.433183707524242
4.745 8.143057513591405
4.755 7.830161585822828
4.765 7.4944497746648215
4.775 7.137877509532962
4.785 6.764318270603393
4.795 6.379366773257601
4.805 5.990047146501709
4.815 5.604448692793725
4.825 5.231314037836187
4.835 4.879604699601444
4.845 4.558067603426428
4.855 4.274823262235184
4.865 4.036992719989774
4.875 3.8486272358054667
4.885 3.718039270174474
4.895 3.6451381481080687
4.905 3.6305360239076494
4.915 3.6728810540447587
4.925 3.768882623502545
4.935 3.9134046714033826
4.945 4.099624558908723
4.955 4.31756547646105
4.965 4.561699197050281
4.975 4.819235075100802
4.985 5.079390633075699
4.995 5.331257653598544
5.005 5.564209512826246
5.015 5.7683021187171954
5.025 5.9346505493495
5.035 6.0557632418082985
5.045 6.125816621878118
5.055 6.14085547226908
5.065 6.098908040036618
5.075 6.000009653445722
5.085 5.8461340904270145
5.095 5.641037654634921
5.105 5.390026367455255
5.115 5.099661387191851
5.125 4.7774213042825755
5.135 4.431342036915502
5.145 4.068100132407997
5.155 3.6994201551184616
5.165 3.330678685003037
5.175 2.968854216043834
5.185 2.6200046498839002
5.195 2.2891397513002016
5.205 1.9801569169206523
5.215 1.6958364374500055
5.225 1.43788903847674
5.235 1.2070460484363843
5.245 1.0031811416622596
5.255 0.8254522116679115
5.265 0.6724524290611309
5.275 0.5423607505857064
5.285 0.4330838557611958
5.295 0.34238347180961737
5.305 0.26798509720439423
5.315 0.20766607303138904
5.325 0.15932264683780223
5.335 0.12101704113641126
5.345 0.09100653995013636
5.355 0.06775724365885473
5.365 0.049945448085290736
5.375 0.03644963233302793
5.385 0.02633585639080917
5.395 0.01883904111305727
5.405 0.013342192356083839
5.415 0.009355190954266396
5.425 0.006494342228775699
5.435 0.0044634917866370055
5.445 0.0030371858259111
5.455 0.002046091466405895
5.465 0.0
5.475 0.0
5.485 0.0
5.495 0.0
5.505 0.0014994348407743815
5.515 0.0022257373729615087
5.525 0.003270975519071025
5.535 0.004759241297674656
5.545 0.006855753757462595
5.555 0.009777543379410725
5.565 0.013805792690841196
5.575 0.01929967515253606
5.585 0.026711341868583146
5.595 0.036601464903581536
5.605 0.04965446243485348
5.615 0.06669221732264928
5.625 0.08868477816688419
5.635 0.11675623085053335
5.645 0.15218368790571518
5.655 0.19638720856522324
5.665 0.2509084833037425
5.675 0.3173763406803742
5.685 0.39745760101588073
5.695 0.49279253515912996
5.705 0.6049151887345801
5.715 0.7351600747636442
5.725 0.8845581584012718
5.735 1.0537265595691099
5.745 1.2427578533592367
5.755 1.4511161012008282
5.765 1.6775476340412125
5.775 1.920014974661685
5.785 2.1756619984030303
5.795 2.4408174051430405
5.805 2.7110417898332555
5.815 2.9812211108070583
5.825 3.2457063029372026
5.835 3.498495382362363
5.845 3.7334509190544227
5.855 3.9445425288785487
5.865 4.126101379801746
5.875 4.273071909428008
5.885 4.38124523982473
5.895 4.447459282231512
5.905 4.469752264655034
5.915 4.447459282231512
5.925 4.38124523982473
5.935 4.274374698709877
5.945 4.128035219615853
5.955 3.9473845275647337
5.965 3.737586002743178
5.975 3.504452028340884
5.985 3.2542015561961732
5.995 2.993216322773749
6.005 2.727810381070796
6.015 2.464025649305721
6.025 2.2074633110579067
6.035 1.9631574305377084
6.045 1.7354934037067593
6.055 1.5281701853923455
6.065 1.3442019188212015
6.075 1.1859518968011233
6.085 1.0551898814061604
6.095 0.9531628007835624
6.105 0.8806687484848488
6.115 0.8381249821051622
6.125 0.82562214377032
6.135 0.8429590488399465
6.1450000000000005 0.8896549228390966
6.155 0.9649387031800711
6.165 1.067717748137426
6.175 1.1965308014337133
6.185 1.3494921517072018
6.195 1.524235431620951
6.205 1.7178662859809104
6.215 1.9269331121425857
6.225 2.147424205107629
6.235 2.3747979538699724
6.245 2.6040503331167626
6.255 2.8298209814634623
6.265 3.046535880474467
6.275 3.248581319765013
6.285 3.430500748200892
6.295 3.587203561906765
6.305 3.714173125537579
6.315 3.80666047264467
6.325 3.864190778337852
6.335 3.883560115218976
6.345 3.864190778337852
6.355 3.80666047264467
6.365 3.7126736906968048
6.375 3.5849778245338033
6.385 3.427229772681821
6.3950000000000005 3.243822078467338
6.405 3.0408091714999643
6.415 2.8217193743107183
6.425 2.5927075203064534
6.435 2.3590818932979873
6.445 2.125875110242138
6.455 1.8976939440474359
6.465 1.678607312425164
6.475 1.4720754880265365
6.485 1.2809204857359753
6.495 1.1073347498416026
6.505 0.9529228885010206
6.515 0.8187694153837526
6.525 0.7055243237050562
6.535 0.6134978410717421
6.545 0.5427558502318337
6.555 0.49320813133125435
6.565 0.4646826858255877
6.575 0.4569808342616312
6.585 0.469909436628544
6.595 0.5032883709651045
6.605 0.5569332400506113
6.615 0.6306150822962384
6.625 0.7240005703206394
6.635 0.8365777172129009
6.6450000000000005 0.9675734000185637
6.655 1.1158699717528504
6.665 1.279928785249195
6.675 1.457728518541372
6.685 1.646725713151259
6.695 1.8438438835529396
6.705 2.0454959390999985
6.715 2.2476425398469546
6.725 2.445886500309639
6.735 2.6356006275423307
6.745 2.8112147110154226
6.755 2.9701625187610263
6.765 3.1068727430806806
6.775 3.2175386454667017
6.785 3.298991024068698
6.795 3.349977933365085
6.805 3.3673109997177924
6.815 3.3513118684626573
6.825 3.3025746386492494
6.835 3.2227008924697933
6.845 3.1142350398891123
6.855 2.9805580076401332
6.865 2.8257469847436574
6.875 2.65441095045612
6.885 2.471512839753954
6.8950000000000005 2.2821893694300797
6.905 2.091578776180148
6.915 1.9046651217441204
6.925 1.726145592804458
6.935 1.560324614052076
6.945 1.4110358783968766
6.955 1.281590853665489
6.965 1.1747501956054003
6.975 1.0927129749605327
6.985 1.0371178343881837
6.995 1.0090501726933676
