0.005 0.0
0.015 0.0
0.025 0.0
0.034999999999999996 0.0
0.045 0.0
0.055 0.0
0.065 0.0
0.07500000000000001 0.0
0.085 0.0
0.095 0.0
0.10500000000000001 0.0
0.115 0.0
0.125 0.0
0.135 0.0
0.14500000000000002 0.0
0.155 0.0
0.165 0.0
0.17500000000000002 0.0
0.185 0.0
0.195 0.0
0.20500000000000002 0.0
0.215 0.0
0.225 0.0
0.23500000000000001 0.0
0.245 0.0
0.255 0.0
0.265 0.0
0.275 0.0
0.28500000000000003 0.0
0.295 0.0
0.305 0.0
0.315 0.0
0.325 0.0
0.335 0.0
0.34500000000000003 0.0
0.35500000000000004 0.0
0.365 0.0
0.375 0.0
0.385 0.0
0.395 0.0
0.405 0.0
0.41500000000000004 0.0
0.425 0.0
0.435 0.0
0.445 0.0
0.455 0.0
0.465 0.0
0.47500000000000003 0.0
0.485 0.0
0.495 0.0
0.505 0.0
0.515 0.0
0.525 0.0
0.535 0.0
0.545 0.0
0.555 0.0
0.5650000000000001 0.0
0.5750000000000001 0.0
0.585 0.0
0.595 0.0
0.605 0.0
0.615 0.0
0.625 0.0
0.635 0.0
0.645 0.0
0.655 0.0
0.665 0.0
0.675 0.0
0.685 0.0
0.6950000000000001 0.0
0.7050000000000001 0.0
0.715 0.0
0.725 0.0
0.735 0.0
0.745 0.0
0.755 0.0
0.765 0.0
0.775 0.0
0.785 0.0
0.795 0.0
0.805 0.0
0.8150000000000001 0.0
0.8250000000000001 0.0
0.8350000000000001 0.0
0.845 0.0
0.855 0.0
0.865 0.0
0.875 0.0
0.885 0.0
0.895 0.0
0.905 0.0
0.915 0.0
0.925 0.0
0.935 0.0
0.9450000000000001 0.0
0.9550000000000001 0.0
0.965 0.0
0.975 0.0
0.985 0.0
0.995 0.0
1.005 0.0
1.015 0.0
1.025 0.0
1.035 0.0
1.045 0.0
1.055 0.0
1.065 0.0
1.075 0.0
1.085 0.0
1.095 0.0
1.105 0.0
1.115 0.0
1.125 0.0
1.135 0.0
1.145 0.0
1.155 0.0
1.1649999999999998 0.0
1.1749999999999998 0.0
1.1849999999999998 0.0
1.1949999999999998 0.0
1.2049999999999998 0.0
1.2149999999999999 0.0
1.2249999999999999 0.0
1.2349999999999999 0.0
1.2449999999999999 0.0
1.255 0.0
1.265 0.0
1.275 0.0
1.285 0.0
1.295 0.0
1.305 0.0
1.315 0.0
1.325 0.0
1.335 0.0
1.345 0.0
1.355 0.0
1.365 0.0
1.375 0.0
1.385 0.0
1.395 0.0
1.405 0.0
1.4149999999999998 0.0
1.4249999999999998 0.0
1.4349999999999998 0.0
1.4449999999999998 0.0
1.4549999999999998 0.01519422754137449
1.4649999999999999 0.02255407115567143
1.4749999999999999 0.03314578597717738
1.4849999999999999 0.048226834027565446
1.4949999999999999 0.06947142998539531
1.505 0.09907880947044116
1.515 0.13989828022493547
1.525 0.1955694557496069
1.535 0.2706741201752325
1.545 0.3708937334052056
1.555 0.5031637121958265
1.565 0.6758124445846502
1.575 0.8986697269406155
1.585 1.1831262620922298
1.595 1.5421234182678893
1.605 1.990051085924022
1.615 2.5425316817430597
1.625 3.216070619017982
1.635 4.02755829307345
1.645 4.993616065391441
1.655 6.129788885070797
1.665 7.449599776889177
1.6749999999999998 8.963495823124223
1.6849999999999998 10.677730486917405
1.6949999999999998 12.593241859725214
1.7049999999999998 14.704599113630458
1.7149999999999999 16.999098440284886
1.7249999999999999 19.45609346571511
1.7349999999999999 22.046642213398666
1.7449999999999999 24.733542286864164
1.755 27.471807849701545
1.765 30.209616768247084
1.775 32.889725354008725
1.785 35.45131368603443
1.795 37.832189326326485
1.805 39.971244565356656
1.815 41.811035410587955
1.825 43.300332316523836
1.835 44.39648544786446
1.845 45.067452401148856
1.855 45.29335394638968
1.865 45.067452401148856
1.875 44.39648544786446
1.885 43.300332316523836
1.895 41.811035410587955
1.905 39.971244565356656
1.915 37.832189326326485
1.9249999999999998 35.45131368603443
1.9349999999999998 32.889725354008725
1.9449999999999998 30.209616768247084
1.9549999999999998 27.471807849701545
1.9649999999999999 24.733542286864164
1.9749999999999999 22.046642213398666
1.9849999999999999 19.45609346571511
1.9949999999999999 16.999098440284886
2.005 14.704599113630458
2.015 12.593241859725214
2.025 10.677730486917405
2.035 8.963495823124223
2.045 7.449599776889177
2.0549999999999997 6.129788885070797
2.065 4.993616065391441
2.0749999999999997 4.02755829307345
2.085 3.216070619017982
2.0949999999999998 2.5425316817430597
2.105 1.990051085924022
2.1149999999999998 1.5421234182678893
2.125 1.1831262620922298
2.135 0.8986697269406155
2.145 0.6758124445846502
2.155 0.5031637121958265
2.165 0.3708937334052056
2.175 0.2706741201752325
2.185 0.1955694557496069
2.195 0.13989828022493547
2.205 0.09907880947044116
2.215 0.06947142998539531
2.225 0.048226834027565446
2.235 0.03314578597717738
2.245 0.02255407115567143
2.255 0.01519422754137449
2.265 0.0
2.275 0.0
2.285 0.0
2.295 0.0
2.305 0.0
2.315 0.0
2.3249999999999997 0.0
2.335 0.0
2.3449999999999998 0.0
2.355 0.0
2.3649999999999998 0.0
2.375 0.0
2.385 0.0
2.395 0.0
2.405 0.0
2.415 0.0
2.425 0.0
2.435 0.0
2.445 0.0
2.455 0.0
2.465 0.0
2.475 0.0
2.485 0.0
2.495 0.0
2.505 0.0
2.515 0.0
2.525 0.0
2.535 0.0
2.545 0.0
2.555 0.0
2.565 0.0
2.5749999999999997 0.0
2.585 0.0
2.5949999999999998 0.0
2.605 0.0
2.6149999999999998 0.0
2.625 0.0
2.635 0.0
2.645 0.0
2.655 0.0
2.665 0.0
2.675 0.0
2.685 0.0
2.695 0.0
2.705 0.00542305390267179
2.715 0.008049895479637966
2.725 0.011830241682980292
2.735 0.017212900081594706
2.745 0.024795423688409958
2.755 0.035362753579123045
2.765 0.049931851585413155
2.775 0.06980175184018352
2.785 0.09660776368995731
2.795 0.13237768770689734
2.805 0.1795868809833265
2.815 0.24120787352296108
2.8249999999999997 0.3207490710947607
2.835 0.422275991031548
2.8449999999999998 0.5504076070380284
2.855 0.7102798927190628
2.8649999999999998 0.907468729278755
2.875 1.1478651530155919
2.885 1.437497606246476
2.895 1.7822985089649284
2.905 2.187816093000949
2.915 2.6588769342430916
2.925 3.1992097573114813
2.935 3.8110465195466423
2.945 4.494722040242306
2.955 5.248297973243599
2.965 6.067240133627059
2.975 6.944179512428753
2.985 7.86878627232699
2.995 8.827782304854358
3.005 9.80511147191208
3.015 10.782277655586654
3.025 11.73884970151799
3.035 12.653120042883028
3.045 13.502891240379126
3.055 14.26635301100651
3.065 14.92300270880542
3.075 15.45455571970906
3.085 15.850094546281547
3.0949999999999998 16.091658207968663
3.105 16.175286834473123
3.1149999999999998 16.098931912011754
3.125 15.865472568071985
3.135 15.482627101843732
3.145 14.962639217410716
3.155 14.321762487115071
3.165 13.579579653391113
3.175 12.758203054855219
3.185 11.881407942950666
3.195 10.973751387302844
3.205 10.059725969730987
3.215 9.162990101498965
3.225 8.305706497795986
3.235 7.508008294779622
3.245 6.787599802956889
3.255 6.1594872356204275
3.265 5.6358250522669175
3.275 5.2258566646691635
3.285 4.9359246726135675
3.295 4.769525651210299
3.305 4.727387549887753
3.315 4.807553398798069
3.325 5.0054624056636685
3.335 5.3140276559979265
3.3449999999999998 5.7237174388932
3.355 6.222653703457347
3.3649999999999998 6.7967454634022015
3.375 7.429876514186555
3.385 8.104165325297219
3.395 8.800310480589136
3.405 9.498027964919029
3.415 10.176577643033397
3.425 10.815366388735937
3.435 11.394605578104517
3.445 11.895992161858743
3.455 12.303376282527166
3.465 12.603375193717094
3.475 12.785893558948697
3.485 12.844514178699686
3.495 12.776730554346742
3.505 12.584002823931355
3.515 12.268013528948043
3.525 11.84606031027333
3.535 11.324803826264334
3.545 10.718758625045979
3.555 10.0441999553265
3.565 9.318441083935703
3.575 8.559102607066174
3.585 7.783416254202457
3.5949999999999998 7.0076005231550065
3.605 6.246337856364173
3.6149999999999998 5.512373810738284
3.625 4.819475981188855
3.635 4.170953013887199
3.645 3.5750050028500007
3.655 3.035498325385042
3.665 2.554327269290892
3.675 2.1316931711561242
3.685 1.7664294724817442
3.695 1.4563493246329677
3.705 1.1985945094759654
3.715 0.9899675220604066
3.725 0.8272322261098893
3.735 0.7073721303823627
3.745 0.6277987190707012
3.755 0.5865051886437738
3.765 0.5821633026829411
3.775 0.6141628933560087
3.785 0.6825949232044146
3.795 0.7881801461826767
3.805 0.9351033624486226
3.815 1.1204484894467606
3.825 1.3480611616321905
3.835 1.6197602667110367
3.8449999999999998 1.9370594006195596
3.855 2.300907514459803
3.8649999999999998 2.711435257168003
3.875 3.1677230611247147
3.885 3.6676079974032647
3.895 4.204675066364841
3.905 4.7806511867848105
3.915 5.384950396530636
3.925 6.009930591036224
3.935 6.646801390336254
3.945 7.285922639026498
3.955 7.917176477183141
3.965 8.530393377914507
3.975 9.115806048531397
3.985 9.66450029397876
3.995 10.168829519315537
4.005 10.622759993485193
4.015 11.022117537261
4.025 11.364712846102261
4.035 11.650331791140044
4.045 11.880588022363028
4.055 12.058647038516353
4.065 12.18884244342389
4.075 12.276215199227543
4.085 12.326014232781095
4.095 12.343200897761289
4.1049999999999995 12.332000019911026
4.115 12.295536436722209
4.125 12.235588393283596
4.135 12.155020799494123
4.145 12.048884677219522
4.155 11.916694678400674
4.165 11.755384069982563
4.175 11.561410694899676
4.185 11.331227909004571
4.195 11.061775096627933
4.205 10.750946111370578
4.215 10.397997106610662
4.225 10.003861626105031
4.235 9.571349716105395
4.245 9.105218182670262
4.255 8.612109852494259
4.265 8.100369748448214
4.275 7.582146805845712
4.285 7.0646091238318585
4.295 6.560897690085453
4.305 6.082751586901036
4.315 5.641651635629825
4.325 5.248390600523929
4.335 4.9126846485249995
4.345 4.642840272811231
4.355 4.4454859948080685
4.365 4.3253737850731815
4.375 4.285251601884916
4.385 4.325805855329505
4.395 4.445670896939759
4.405 4.643766139943676
4.415 4.911465854543719
4.425 5.243561691606166
4.435 5.629798294046006
4.445 6.066009939434943
4.455 6.5390917304138565
4.465 7.038697133642345
4.475 7.554370122607011
4.485 8.075898100497131
4.495 8.593642962999239
4.505 9.098834773426036
4.515 9.583813604721144
4.525 10.0443630493583
4.535 10.474384721709008
4.545 10.868639978567671
4.555 11.22669437280804
4.565 11.5480519562309
4.575 11.833445169921625
4.585 12.084655190992603
4.595 12.304311160145668
4.605 12.495684929848977
4.615 12.660524179180126
4.625 12.807438764190298
4.635 12.937697097981943
4.645 13.055522164945346
4.655 13.165065017713161
4.665 13.270359534803614
4.675 13.375293159234756
4.685 13.483583440892035
4.695 13.598749846606204
4.705 13.724071323537155
4.715 13.862522306433698
4.725 14.016682945729048
4.735 14.188622945037547
4.745 14.379762171031865
4.755 14.59071480492046
4.765 14.821126965752239
4.775 15.069520235090327
4.785 15.333155188444394
4.795 15.607929771649736
4.805 15.88832706085763
4.815 16.167425549094318
4.825 16.436982577977
4.835 16.6875978961325
4.845 16.908959665180227
4.855 17.09016973718108
4.865 17.22013899750064
4.875 17.288037425116332
4.885 17.283777787717288
4.895 17.19850713630069
4.905 17.025077061392416
4.915 16.758462507525543
4.925 16.39610014534562
4.935 15.93995793935105
4.945 15.388489075417233
4.955 14.752704521246882
4.965 14.038608137141576
4.975 13.257080144293226
4.985 12.422744928986397
4.995 11.547150828051457
5.005 10.64681245579188
5.015 9.737438334540528
5.025 8.834592638169955
5.035 7.9531991668219035
5.045 7.107116848794021
5.055 6.308806313253131
5.065 5.569098633031338
5.075 4.897068464754551
5.085 4.298409768592045
5.095 3.7824158531156007
5.105 3.350724108261886
5.115 3.0058974285033795
5.125 2.749220021739624
5.135 2.580879511143012
5.145 2.5001233279990664
5.155 2.505374258608148
5.165 2.594295807088135
5.175 2.763804467071248
5.185 3.0100325003573993
5.195 3.3282508596890015
5.205 3.712766978379458
5.215 4.155305476849516
5.225 4.65146770169904
5.235 5.189902050356574
5.245 5.760265469141908
5.255 6.3510267047794775
5.265 6.949612465468615
5.275 7.542636492426029
5.285 8.116209093592744
5.295 8.656317531654159
5.305 9.149260929695046
5.315 9.582117645634801
5.325 9.94321889274102
5.335 10.221162463784353
5.345 10.410020676346498
5.355 10.505627225349262
5.365 10.503177686208122
5.375 10.40274366308057
5.385 10.2071225051
5.395 9.921708255781299
5.405 9.554245308865898
5.415 9.11448041765105
5.425 8.613734802527599
5.435 8.06442246454586
5.445 7.481073520279169
5.455 6.874450218296591
5.465 6.258357127464009
5.475 5.644798579548928
5.485 5.044659344225162
5.495 4.467449779745859
5.505 3.921142137246207
5.515 3.4120977585043417
5.525 2.9450792799710777
5.535 2.5233372687329845
5.545 2.148757204840461
5.555 1.8220505007009882
5.565 1.5429723072378867
5.575 1.3105490964023494
5.585 1.1233002580220064
5.595 0.979439992340563
5.605 0.877048391252951
5.615 0.8142035644039836
5.625 0.7890697900309478
5.635 0.7999397972061784
5.645 0.8452322918884752
5.655 0.9248746913514918
5.665 1.0352118348240427
5.675 1.1756896605820144
5.685 1.344615083218594
5.695 1.5413991857855909
5.705 1.761502997553696
5.715 2.0030505981794158
5.725 2.26270840727292
5.735 2.536618754254035
5.745 2.819217791230647
5.755 3.1086468069283217
5.765 3.3995366639891196
5.775 3.684824912891469
5.785 3.9606954989508982
5.795 4.22165131453448
5.805 4.466912794056864
5.815 4.692092924205547
5.825 4.895758161757728
5.835 5.077794672741244
5.845 5.239507933072617
5.855 5.383639746952316
5.865 5.514294719480945
5.875 5.636774164542862
5.885 5.757321899206325
5.895 5.882792866182092
5.905 6.020261510508032
5.915 6.176591817734748
5.925 6.357994474246213
5.935 6.5695984240299214
5.945 6.815063998508316
5.955 7.096262770189906
5.965 7.413045465532031
5.975 7.763113948188995
5.985 8.142006847879655
5.995 8.543201341019595
6.005 8.958326405954393
6.015 9.37747609404704
6.025 9.78960544922176
6.035 10.182987062748987
6.045 10.545703147317987
6.055 10.86614660750654
6.065 11.13350489167701
6.075 11.338202324218063
6.085 11.472279916652809
6.095 11.529696035153696
6.105 11.506536399294003
6.115 11.401127320001763
6.125 11.215279505096232
6.135 10.949893467145666
6.1450000000000005 10.611863161943045
6.155 10.206002874710041
6.165 9.741391774339649
6.175 9.227524144007898
6.185 8.674785443745744
6.195 8.094110075509565
6.205 7.496650367320287
6.215 6.893470190576755
6.225 6.295274011586674
6.235 5.712179154319982
6.245 5.153535788794496
6.255 4.62677511062954
6.265 4.1417547555331335
6.275 3.7034388227918416
6.285 3.317275410432386
6.295 2.987688027818704
6.305 2.7181119264110967
6.315 2.5110348909705875
6.325 2.3680331687119285
6.335 2.289794864041015
6.345 2.2761255754718213
6.355 2.32593412870826
6.365 2.4371997225355404
6.375 2.60692534931533
6.385 2.8310856386885197
6.3950000000000005 3.1045799516011288
6.405 3.4212032970156554
6.415 3.7736481917882942
6.425 4.1535497665660905
6.435 4.5515841916576605
6.445 4.957626951568146
6.455 5.36097287406397
6.465 5.7496633375695545
6.475 6.114941646532307
6.485 6.444834094415642
6.495 6.7295471528097135
6.505 6.959479982127247
6.515 7.129645943172185
6.525 7.234365697094094
6.535 7.268610403368081
6.545 7.231922687742623
6.555 7.125306646272161
6.565 6.951899513431993
6.575 6.71590109537639
6.585 6.426315141620131
6.595 6.090095896906773
6.605 5.7166261424206555
6.615 5.315954432626149
6.625 4.898402670730771
6.635 4.47419080946066
6.6450000000000005 4.0530981031211075
6.655 3.644176013938842
6.665 3.2555226956543883
6.675 2.89521372434481
6.685 2.567374757857235
6.695 2.2773357955117293
6.705 2.0284964482062144
6.715 1.8231141655568819
6.725 1.662393007805412
6.735 1.5465880577968014
6.745 1.4751148151642623
6.755 1.4466551911358074
6.765 1.4592545185243582
6.775 1.5104069466267882
6.785 1.5971293558474091
6.795 1.7160261986308742
6.805 1.8633492223853527
6.815 2.035056721055027
6.825 2.226876763916346
6.835 2.434377836983252
6.845 2.653048673105674
6.855 2.878386985976266
6.865 3.105994653302882
6.875 3.3316749223821476
6.885 3.5515257227803754
6.8950000000000005 3.7620223950377283
6.905 3.9600832245748347
6.915 4.143112143151298
6.925 4.309014748374224
6.935 4.4553671452462655
6.945 4.582931522907871
6.955 4.688940630331517
6.965 4.774874067826347
6.975 4.839343687713335
6.985 4.882306969114444
6.995 4.903778284749778
