0.005 0.0
0.015 0.0
0.025 0.0
0.034999999999999996 0.0
0.045 0.0
0.055 0.0
0.065 0.0
0.07500000000000001 0.0
0.085 0.0
0.095 0.0
0.10500000000000001 0.0
0.115 0.0
0.125 0.0
0.135 0.0
0.14500000000000002 0.0
0.155 0.0
0.165 0.0
0.17500000000000002 0.0
0.185 0.0
0.195 0.0
0.20500000000000002 0.0
0.215 0.0
0.225 0.0
0.23500000000000001 0.0
0.245 0.0
0.255 0.0
0.265 0.0
0.275 0.0
0.28500000000000003 0.0
0.295 0.0
0.305 0.0
0.315 0.0
0.325 0.0
0.335 0.0
0.34500000000000003 0.0
0.35500000000000004 0.0
0.365 0.0
0.375 0.0
0.385 0.0
0.395 0.0
0.405 0.0
0.41500000000000004 0.0
0.425 0.0
0.435 0.0
0.445 0.0
0.455 0.0
0.465 0.0
0.47500000000000003 0.0
0.485 0.0
0.495 0.0
0.505 0.0
0.515 0.0
0.525 0.0
0.535 0.0
0.545 0.0
0.555 0.0
0.5650000000000001 0.0
0.5750000000000001 0.0
0.585 0.0
0.595 0.0
0.605 0.0
0.615 0.0
0.625 0.0
0.635 0.0
0.645 0.0
0.655 0.0
0.665 0.0
0.675 0.0
0.685 0.0
0.6950000000000001 0.0
0.7050000000000001 0.0
0.715 0.0
0.725 0.0
0.735 0.0
0.745 0.0
0.755 0.0
0.765 0.0
0.775 0.0
0.785 0.0
0.795 0.0
0.805 0.0
0.8150000000000001 0.0
0.8250000000000001 0.0
0.8350000000000001 0.0
0.845 0.0
0.855 0.0
0.865 0.0
0.875 0.0
0.885 0.0
0.895 0.0
0.905 0.0
0.915 0.0
0.925 0.0
0.935 0.0
0.9450000000000001 0.0
0.9550000000000001 0.0
0.965 0.0
0.975 0.0
0.985 0.0
0.995 0.0
1.005 0.0
1.015 0.0
1.025 0.0
1.035 0.0
1.045 0.0
1.055 0.0
1.065 0.0
1.075 0.0
1.085 0.0
1.095 0.0
1.105 0.0
1.115 0.0
1.125 0.0
1.135 0.0
1.145 0.0
1.155 0.0
1.1649999999999998 0.0
1.1749999999999998 0.0
1.1849999999999998 0.0
1.1949999999999998 0.0
1.2049999999999998 0.0
1.2149999999999999 0.0
1.2249999999999999 0.0
1.2349999999999999 0.0
1.2449999999999999 0.0
1.255 0.0
1.265 0.0
1.275 0.0
1.285 0.0
1.295 0.0
1.305 0.0
1.315 0.0
1.325 0.0
1.335 0.0
1.345 0.0
1.355 0.0
1.365 0.0
1.375 0.0
1.385 0.0
1.395 0.0
1.405 0.0
1.4149999999999998 0.0
1.4249999999999998 0.0
1.4349999999999998 0.0
1.4449999999999998 0.0
1.4549999999999998 0.0
1.4649999999999999 0.0
1.4749999999999999 0.0
1.4849999999999999 0.0
1.4949999999999999 0.0
1.505 0.0
1.515 0.0
1.525 0.0
1.535 0.0
1.545 0.0
1.555 0.0
1.565 0.0
1.575 0.0
1.585 0.0
1.595 0.0
1.605 0.0
1.615 0.0
1.625 0.0
1.635 0.0
1.645 0.0
1.655 0.0
1.665 0.0
1.6749999999999998 0.0
1.6849999999999998 0.0
1.6949999999999998 0.0
1.7049999999999998 0.0
1.7149999999999999 0.0
1.7249999999999999 0.0
1.7349999999999999 0.0
1.7449999999999999 0.0
1.755 0.011258283412576734
1.765 0.016711617914536056
1.775 0.024559633021654592
1.785 0.0357340551926811
1.795 0.051475407073034364
1.805 0.07341322973882572
1.815 0.1036587403614679
1.825 0.1449087394325861
1.835 0.20055813624513857
1.845 0.27481665357808316
1.855 0.37282314348652734
1.865 0.5007485911450308
1.875 0.6658764621399869
1.885 0.8766467880796212
1.895 1.1426485783995934
1.905 1.4745441365696428
1.915 1.8839090161426728
1.9249999999999998 2.3829730340138218
1.9349999999999998 2.9842512625681574
1.9449999999999998 3.7000594314311197
1.9549999999999998 4.541915693935104
1.9649999999999999 5.519840042549461
1.9749999999999999 6.6415733257507545
1.9849999999999999 7.911749096654143
1.9949999999999999 9.331062441564958
2.005 10.895489345462348
2.015 12.595616820788102
2.025 14.41614677298614
2.035 16.335634414993567
2.045 18.32651433606729
2.0549999999999997 20.355453923905884
2.065 22.384055157534483
2.0749999999999997 24.369902871926104
2.085 26.267932064247013
2.0949999999999998 28.032060754272095
2.105 29.61701069993944
2.1149999999999998 30.98021831935122
2.125 32.08372467443527
2.135 32.89592803144119
2.145 33.3930863173744
2.155 33.56046985910002
2.165 33.3930863173744
2.175 32.90381322744219
2.185 32.095429334721466
2.195 30.997419655735428
2.205 29.64203849669842
2.215 28.068113646096517
2.225 26.319350001097906
2.235 24.442504480449674
2.245 22.485547878121693
2.255 20.495922959542543
2.265 18.518993340049573
2.275 16.596756244349663
2.285 14.766866384822695
2.295 13.069189066764846
2.305 11.520170048345236
2.315 10.147066375656772
2.3249999999999997 8.96735456579101
2.335 7.993959241486038
2.3449999999999998 7.235792905108957
2.355 6.698337369483342
2.3649999999999998 6.384201960265789
2.375 6.293604619728873
2.385 6.424736828811573
2.395 6.773990292738015
2.405 7.336041006471559
2.415 8.103803082895428
2.425 9.068279200220362
2.435 10.218345565274943
2.445 11.540516076801845
2.455 13.018732464016647
2.465 14.634224535265012
2.475 16.365477679796715
2.485 18.188334194176054
2.495 20.07624195851267
2.505 22.0006498105487
2.515 23.9315351151083
2.525 25.83803692503101
2.535 27.68915900904965
2.545 29.454501777873254
2.555 31.10498121861285
2.565 32.60598727014076
2.5749999999999997 33.95055469606343
2.585 35.10630311272272
2.5949999999999998 36.055416006706054
2.605 36.783657944785496
2.6149999999999998 37.28053710451762
2.625 37.539372171590074
2.635 37.55728409559144
2.645 37.33513279110864
2.655 36.877415267550106
2.665 36.19213570583487
2.675 35.290650845515096
2.685 34.18748702562152
2.695 32.900119605496606
2.705 31.44870229788803
2.715 29.855733793632407
2.725 28.145652074288
2.735 26.34435262598089
2.745 24.478634582149418
2.755 22.575587530512358
2.765 20.66194008537324
2.775 18.763398168189106
2.785 16.904005295614184
2.795 15.105558430928562
2.805 13.387110915139788
2.815 11.764588884845905
2.8249999999999997 10.250540001796272
2.835 8.854024129771297
2.8449999999999998 7.580645803688701
2.855 6.432718952898737
2.8649999999999998 5.409546254033548
2.875 4.507789371002678
2.885 3.72190258994053
2.895 3.0446010851234604
2.905 2.467336101206013
2.915 1.9807523359618555
2.925 1.575107240547868
2.935 1.2406372392183556
2.945 0.9678614321593307
2.955 0.7478186752885609
2.965 0.5722386298491493
2.975 0.43365117340165105
2.985 0.3201820840095112
2.995 0.2383856752857445
3.005 0.17571965337325493
3.015 0.1282382480222165
3.025 0.09265564197918777
3.035 0.06628010962316011
3.045 0.046940922665198996
3.055 0.03291372837254488
3.065 0.022848600004128177
3.075 0.01570359781822066
3.085 0.010685523126109216
3.0949999999999998 0.007198623638991943
3.105 0.0
3.1149999999999998 0.0
3.125 0.0
3.135 0.0
3.145 0.0
3.155 0.0
3.165 0.0
3.175 0.0
3.185 0.0
3.195 0.0
3.205 0.0
3.215 0.0
3.225 0.0
3.235 0.0
3.245 0.0
3.255 0.0
3.265 0.0
3.275 0.0
3.285 0.0
3.295 0.0
3.305 0.0
3.315 0.0
3.325 0.0
3.335 0.0
3.3449999999999998 0.0
3.355 0.0
3.3649999999999998 0.0
3.375 0.0
3.385 0.0
3.395 0.0
3.405 0.0
3.415 0.0
3.425 0.0
3.435 0.0
3.445 0.0
3.455 0.0
3.465 0.0
3.475 0.0
3.485 0.0
3.495 0.0
3.505 0.0
3.515 0.0
3.525 0.0
3.535 0.0
3.545 0.0
3.555 0.0
3.565 0.0
3.575 0.0
3.585 0.0
3.5949999999999998 0.0
3.605 0.0032595844632984585
3.6149999999999998 0.004838475646291662
3.625 0.007110693103734427
3.635 0.010345997417918442
3.645 0.014903554208787135
3.655 0.021255160692607553
3.665 0.030012072638878118
3.675 0.04195508838611793
3.685 0.05806712808121834
3.695 0.07956702291382195
3.705 0.10794261269965996
3.715 0.14498056834237733
3.725 0.19278965459716363
3.735 0.2538134940742995
3.745 0.3308283702469814
3.755 0.42994979859374016
3.765 0.5499392042952157
3.775 0.6965431619450236
3.785 0.873635766046982
3.795 1.0851164621858431
3.805 1.3347584216941524
3.815 1.62603062799705
3.825 1.9618997114872938
3.835 2.344620446205508
3.8449999999999998 2.775526496331564
3.855 3.2548351519019185
3.8649999999999998 3.7814810906484366
3.875 4.352994346809093
3.885 4.965436433937867
3.895 5.613405851323169
3.905 6.290120050491036
3.915 6.987575571757247
3.925 7.696781878272414
3.935 8.408057965709965
3.945 9.111374763358972
3.955 9.796721356529597
3.965 10.454469793741497
3.975 11.075712204432302
3.985 11.652545440579308
3.995 12.178282493874141
4.005 12.647576254516022
4.015 13.056449203985851
4.025 13.402231567738255
4.035 13.683419335470543
4.045 13.899471385195163
4.055 14.050570804105295
4.065 14.137378668503885
4.075 14.160808612753598
4.085 14.121847432770611
4.095 14.021441061490403
4.1049999999999995 13.86045719471846
4.115 13.6397265718178
4.125 13.360155509250784
4.135 13.022893838598005
4.145 12.629535879614705
4.155 12.182328202128083
4.165 11.684357085996716
4.175 11.139690793167311
4.185 10.553456676508407
4.195 9.931840118449486
4.205 9.282000458889007
4.215 8.61190748081086
4.225 7.932553983475613
4.235 7.2490804830332385
4.245 6.572097498292983
4.255 5.910306360561004
4.265 5.271845224327181
4.275 4.66404551592771
4.285 4.093245050207672
4.295 3.5646681439203096
4.305 3.0823768875058066
4.315 2.651643486127776
4.325 2.270764587850302
4.335 1.9423874486252464
4.345 1.6668821769449766
4.355 1.4441109467382023
4.365 1.2736329043854853
4.375 1.1548972870880083
4.385 1.089693895955374
4.395 1.074254051353705
4.405 1.1102010535629474
4.415 1.195807345679593
4.425 1.3369407490101544
4.435 1.5315009257959487
4.445 1.780780324772798
4.455 2.0860646494211963
4.465 2.448461460338488
4.475 2.8687090743000097
4.485 3.346978602910502
4.495 3.8826823384564335
4.505 4.474301276925429
4.515 5.119243356885815
4.525 5.813742031136248
4.535 6.5528021832259595
4.545 7.330197327151666
4.555 8.1385187186077
4.565 8.967253805142624
4.575 9.81169408101901
4.585 10.658710755822337
4.595 11.49761532262703
4.605 12.319445781395649
4.615 13.109860975277858
4.625 13.85930289736443
4.635 14.55718383306845
4.645 15.193494462885573
4.655 15.759005503402035
4.665 16.245454782011493
4.675 16.645720706818054
4.685 16.953983431553027
4.695 17.165874448836867
4.705 17.278613933958745
4.715 17.291133101942513
4.725 17.204176443794907
4.735 17.020376360331355
4.745 16.744290827114295
4.755 16.38239368714028
4.765 15.943007284450141
4.775 15.436168604733703
4.785 14.873422910473806
4.795 14.267542919432685
4.805 13.632176595011146
4.815 12.981432187234013
4.825 12.329414789064923
4.835 11.689733821946772
4.845 11.075005019524966
4.855 10.496373188256737
4.865 9.963082947511776
4.875 9.48212359390402
4.885 9.05797116443473
4.895 8.69244583170219
4.905 8.384696256293264
4.915 8.131314891847666
4.925 7.926580039251845
4.935 7.7628122931084
4.945 7.630825544321634
4.955 7.520446486384613
4.965 7.421072118856844
4.975 7.322232414091506
4.985 7.214125308008091
4.995 7.088093498653745
5.005 6.937017000243459
5.015 6.755601638953186
5.025 6.5405511759070105
5.035 6.288988635667069
5.045 6.005466039009972
5.055 5.69017053870414
5.065 5.347267537707003
5.075 4.982139623766484
5.085 4.601028029472294
5.095 4.21065819906661
5.105 3.817873947676543
5.115 3.429301689846019
5.125 3.049493313818559
5.135 2.6875042292549205
5.145 2.3455459858783887
5.155 2.0271660220278025
5.165 1.7348699369990348
5.175 1.470151192747452
5.185 1.2335668209632749
5.195 1.023324831993646
5.205 0.8420271382137242
5.215 0.6859551484913936
5.225 0.5532512533613008
5.235 0.441780098857952
5.245 0.3492584681031979
5.255 0.27336618800377577
5.265 0.21183596906885635
5.275 0.16414525371702754
5.285 0.1258568462123944
5.295 0.09637541890632806
5.305 0.07427062616611699
5.315 0.058371066715213464
5.325 0.04776767858880304
5.335 0.04181220470531258
5.345 0.04011308031298178
5.355 0.042530466058615254
5.365 0.04917144081713689
5.375 0.0603856248277861
5.385 0.0767607693954018
5.395 0.0991171650898468
5.405 0.12849912643863998
5.415 0.16476925112606178
5.425 0.21262839487814994
5.435 0.2716585690888691
5.445 0.34362330614194064
5.455 0.43032727209450367
5.465 0.5335463878953218
5.475 0.6549415644620739
5.485 0.7959576787995305
5.495 0.9577109566928322
5.505 1.1408695537685383
5.515 1.3455337010619492
5.525 1.5711231379802284
5.535 1.8162805172688088
5.545 2.0787998627147846
5.555 2.355588848670789
5.565 2.6426725591644225
5.575 2.9352444511597895
5.585 3.22776755267762
5.595 3.514125621935448
5.605 3.7878203121018177
5.615 4.0422066288052045
5.625 4.270755476243208
5.635 4.467329211008115
5.645 4.627884962992261
5.655 4.745697258375161
5.665 4.818384574126657
5.675 4.8439413107945235
5.685 4.8218052308467385
5.695 4.752903320855694
5.705 4.6396279001783665
5.715 4.485745291199318
5.725 4.296243895606671
5.735 4.077132372759567
5.745 3.8352014495988986
5.755 3.5791445789626675
5.765 3.3144406872507743
5.775 3.049665898993763
5.785 2.792269314757755
5.795 2.549295021429145
5.805 2.3272204275832493
5.815 2.1318335098897965
5.825 1.9681476911090374
5.835 1.8403502886260075
5.845 1.7517785132632098
5.855 1.7049159895391077
5.865 1.7014027243360517
5.875 1.742052275716216
5.885 1.8268713801625116
5.895 1.955079232475533
5.905 2.1251256931294233
5.915 2.334709640628613
5.925 2.580800244178564
5.935 2.8596649204742195
5.945 3.1669080552052447
5.955 3.4975242030904674
5.965 3.8459685058716335
5.975 4.206245636106271
5.985 4.5720168880716585
5.995 4.936723321146703
6.005 5.293721333481905
6.015 5.6364258855838125
6.025 5.9584559255728315
6.035 6.2537764371813225
6.045 6.516831907963276
6.055 6.742666800370365
6.065 6.927029654596707
6.075 7.06645858823529
6.085 7.157264222633563
6.095 7.200274266366492
6.105 7.193138929589981
6.115 7.136049830652663
6.125 7.030108049689599
6.135 6.877296112956565
6.1450000000000005 6.680430782137743
6.155 6.443096847406146
6.165 6.1695622263821495
6.175 5.864675063732265
6.185 5.5337442212485355
6.195 5.182405495933249
6.205 4.816476997874157
6.215 4.441808215096431
6.225 4.065319457604904
6.235 3.690667397634009
6.245 3.323779747924086
6.255 2.9692956452313606
6.265 2.631272417522282
6.275 2.313125713444004
6.285 2.0175998398084793
6.295 1.7467687542653774
6.305 1.5020662334546997
6.315 1.2843419220391792
6.325 1.0950944755046157
6.335 0.9324993314242543
6.345 0.797011304128149
6.355 0.6881254584353694
6.365 0.6052506135219775
6.375 0.5489399466304614
6.385 0.5169617024212785
6.3950000000000005 0.5097752553152658
6.405 0.5272707967122522
6.415 0.5695417267127948
6.425 0.6368732403759038
6.435 0.7297081235651501
6.445 0.84859230499613
6.455 0.993149516470849
6.465 1.1661395574852014
6.475 1.3665641858133908
6.485 1.5946104719969065
6.495 1.8501364255178934
6.505 2.1325958716896958
6.515 2.4420697845926176
6.525 2.77537679124614
6.535 3.131250698765545
6.545 3.507174248845103
6.555 3.9001274359398863
6.565 4.305704897489585
6.575 4.722164674688729
6.585 5.143932160697875
6.595 5.56653295390681
6.605 5.985298877033722
6.615 6.395456635725969
6.625 6.792217102895048
6.635 7.17086411623815
6.6450000000000005 7.526842376350536
6.655 7.855844475322348
6.665 8.153897150813012
6.675 8.417446491607254
6.685 8.644534450150323
6.695 8.831033691245329
6.705 8.975922992678719
6.715 9.078187034369023
6.725 9.137594143911462
6.735 9.154723246202943
6.745 9.130964377737943
6.755 9.068489056211504
6.765 8.970188709041171
6.775 8.839581813532812
6.785 8.68069312088144
6.795 8.497910994893026
6.805 8.29583114287
6.815 8.079096529841653
6.825 7.8533828731737305
6.835 7.621256843903113
6.845 7.387484665264447
6.855 7.155657990431001
6.865 6.928910196724804
6.875 6.711061888826139
6.885 6.50257483503707
6.8950000000000005 6.306094574086507
6.905 6.123163710225581
6.915 5.955057980936423
6.925 5.8028481531918175
6.935 5.667451681130069
6.945 5.549669265507848
6.955 5.450204169344962
6.965 5.369664890333077
6.975 5.309745400474284
6.985 5.269017245567288
6.995 5.248575690182902
