0.005 0.0
0.015 0.0
0.025 0.0
0.034999999999999996 0.0
0.045 0.0
0.055 0.0
0.065 0.0
0.07500000000000001 0.0
0.085 0.0
0.095 0.0
0.10500000000000001 0.0
0.115 0.0
0.125 0.0
0.135 0.0
0.14500000000000002 0.0
0.155 0.0
0.165 0.0
0.17500000000000002 0.0
0.185 0.0
0.195 0.0
0.20500000000000002 0.0
0.215 0.0
0.225 0.0
0.23500000000000001 0.0
0.245 0.0
0.255 0.0
0.265 0.0
0.275 0.0
0.28500000000000003 0.0
0.295 0.0
0.305 0.0
0.315 0.0
0.325 0.0
0.335 0.0
0.34500000000000003 0.0
0.35500000000000004 0.0
0.365 0.0
0.375 0.0
0.385 0.0
0.395 0.0
0.405 0.0
0.41500000000000004 0.0
0.425 0.0
0.435 0.0
0.445 0.0
0.455 0.0
0.465 0.0
0.47500000000000003 0.0
0.485 0.0
0.495 0.0
0.505 0.0
0.515 0.0
0.525 0.0
0.535 0.0
0.545 0.0
0.555 0.0
0.5650000000000001 0.0
0.5750000000000001 0.0
0.585 0.0
0.595 0.0
0.605 0.0
0.615 0.0
0.625 0.0
0.635 0.0
0.645 0.0
0.655 0.0
0.665 0.0
0.675 0.0
0.685 0.0
0.6950000000000001 0.0
0.7050000000000001 0.0
0.715 0.0
0.725 0.0
0.735 0.0
0.745 0.0
0.755 0.0
0.765 0.0
0.775 0.0
0.785 0.0
0.795 0.0
0.805 0.0
0.8150000000000001 0.0
0.8250000000000001 0.0
0.8350000000000001 0.0
0.845 0.0
0.855 0.0
0.865 0.0
0.875 0.0
0.885 0.0
0.895 0.0
0.905 0.0
0.915 0.0
0.925 0.0
0.935 0.0
0.9450000000000001 0.0
0.9550000000000001 0.0
0.965 0.0
0.975 0.0
0.985 0.0
0.995 0.0
1.005 0.0
1.015 0.0
1.025 0.0
1.035 0.0
1.045 0.0
1.055 0.0
1.065 0.0
1.075 0.0
1.085 0.0
1.095 0.0
1.105 0.0
1.115 0.0
1.125 0.0
1.135 0.0
1.145 0.0
1.155 0.0
1.1649999999999998 0.0
1.1749999999999998 0.0
1.1849999999999998 0.0
1.1949999999999998 0.0
1.2049999999999998 0.0
1.2149999999999999 0.0
1.2249999999999999 0.0
1.2349999999999999 0.019558279029435386
1.2449999999999999 0.029032000192913913
1.255 0.042665843263588375
1.265 0.0620784356459669
1.275 0.08942485615200496
1.285 0.12753599985589373
1.295 0.18007954619125793
1.305 0.2517404701732941
1.315 0.34841652555344244
1.325 0.4774209882308911
1.335 0.6476812495939668
1.345 0.8699177583565222
1.355 1.1567836026510552
1.365 1.5229410970739923
1.375 1.9850486002121333
1.385 2.5616290341412107
1.395 3.272791850543259
1.405 4.139783109989716
1.4149999999999998 5.184344428747525
1.4249999999999998 6.427871117952339
1.4349999999999998 7.89037291163938
1.4449999999999998 9.589256887016303
1.4549999999999998 11.537970713579517
1.4649999999999999 13.744563959935787
1.4749999999999999 16.210244154036854
1.4849999999999999 18.928020637918944
1.4949999999999999 21.88154084428406
1.505 25.044228394568826
1.515 28.378828663557954
1.525 31.837454067050814
1.535 35.362198038985746
1.545 38.88635421029358
1.555 42.33623749042576
1.565 45.63355939901766
1.575 48.6982647274338
1.585 51.45169454875285
1.595 53.81990593750894
1.605 55.73695531462613
1.615 57.147943056080585
1.625 58.011623612142564
1.635 58.302408085586144
1.645 58.011623612142564
1.655 57.147943056080585
1.665 55.73695531462613
1.6749999999999998 53.832049062433065
1.6849999999999998 51.46971961141859
1.6949999999999998 48.72475461767225
1.7049999999999998 45.672101961888785
1.7149999999999999 42.391758592151575
1.7249999999999999 38.96553733147934
1.7349999999999999 35.474003807907856
1.7449999999999999 31.993751866727884
1.755 28.595149608210377
1.765 25.340644183133822
1.775 22.283665914337142
1.785 19.4681254189958
1.795 16.92845498311972
1.805 14.690110547445487
1.815 12.770425424781191
1.825 11.179692391286046
1.835 9.922347209172166
1.845 8.998133224741418
1.855 8.403142051646647
1.865 8.130647636667272
1.875 8.171678087912367
1.885 8.515299299979226
1.895 9.148614450508392
1.905 10.066352490414443
1.915 11.23582552882185
1.9249999999999998 12.643202084478492
1.9349999999999998 14.26448145068124
1.9449999999999998 16.071594415487606
1.9549999999999998 18.032114650842637
1.9649999999999999 20.109228238694932
1.9749999999999999 22.262026751953755
1.9849999999999999 24.446163967876178
1.9949999999999999 26.614885786937705
2.005 28.72040944047477
2.015 30.715594207999594
2.025 32.555814493487965
2.035 34.20092010537682
2.045 35.60410564645257
2.0549999999999997 36.7702482314326
2.065 37.6642995041991
2.0749999999999997 38.28106199508504
2.085 38.62609020828057
2.0949999999999998 38.71553382720279
2.105 38.575348024024315
2.1149999999999998 38.23989918043898
2.125 37.750038905107154
2.135 37.15075961887249
2.145 36.48857773925939
2.155 35.80881281455615
2.165 35.15294089026349
2.175 34.55619703211894
2.185 34.04558548398545
2.195 33.63842768489338
2.205 33.3415405367156
2.215 33.151092879466
2.225 33.053140562594024
2.235 33.02479346674464
2.245 33.03592490440912
2.255 33.0512982048608
2.265 33.03295953857281
2.275 32.94273190849948
2.285 32.744643530941076
2.295 32.407134347200184
2.305 31.904905977771914
2.315 31.220311021833844
2.3249999999999997 30.344214508533263
2.335 29.276300382332053
2.3449999999999998 28.024835860244497
2.355 26.60594318364741
2.3649999999999998 25.04245896886707
2.375 23.362483955580352
2.385 21.597739188378835
2.395 19.78184816138965
2.405 17.94865869917945
2.415 16.13070460144913
2.425 14.35788720316901
2.435 12.656433226998058
2.445 11.04815998850416
2.455 9.550054402031517
2.465 8.174150254309646
2.475 6.9276703246718325
2.485 5.805287860148634
2.495 4.82479960956427
2.505 3.9700123369246274
2.515 3.2341598963958558
2.525 2.6084839806028683
2.535 2.0829167648854106
2.545 1.6466932765213962
2.555 1.2888743006256684
2.565 0.9987699593528804
2.5749999999999997 0.7662622554726733
2.585 0.5820314483365318
2.5949999999999998 0.4376959456112271
2.605 0.32587845721331926
2.6149999999999998 0.24021262802261967
2.625 0.17530450338983922
2.635 0.12666229891579817
2.645 0.090606366519443
2.655 0.06416927292283298
2.665 0.04499379004349338
2.675 0.031234538358500076
2.685 0.021467163341782478
2.695 0.014607344953423678
2.705 0.009840676721544216
2.715 0.0
2.725 0.0
2.735 0.0
2.745 0.0
2.755 0.0
2.765 0.0
2.775 0.0
2.785 0.0
2.795 0.0
2.805 0.0
2.815 0.0
2.8249999999999997 0.0
2.835 0.0
2.8449999999999998 0.0
2.855 0.0
2.8649999999999998 0.0
2.875 0.0
2.885 0.0
2.895 0.0
2.905 0.0
2.915 0.0
2.925 0.0
2.935 0.0
2.945 0.0
2.955 0.0
2.965 0.0
2.975 0.0
2.985 0.0
2.995 0.0
3.005 0.0
3.015 0.0
3.025 0.0
3.035 0.0
3.045 0.0
3.055 0.0
3.065 0.0
3.075 0.0
3.085 0.0
3.0949999999999998 0.0
3.105 0.0
3.1149999999999998 0.0
3.125 0.0
3.135 0.0
3.145 0.0
3.155 0.0
3.165 0.0
3.175 0.0
3.185 0.0
3.195 0.0
3.205 0.0
3.215 0.0
3.225 0.0
3.235 0.0
3.245 0.003935248552549315
3.255 0.00584142073874861
3.265 0.008584635575228271
3.275 0.012490571059583119
3.285 0.01799284258111268
3.295 0.025661044004714972
3.305 0.036233135462805745
3.315 0.05065176334669249
3.325 0.07010359274478697
3.335 0.09606010069008175
3.3449999999999998 0.1303175343874603
3.355 0.17503291543480318
3.3649999999999998 0.23275212461659833
3.375 0.30642531169836296
3.385 0.39940424303018807
3.395 0.5154158468442461
3.405 0.6585062710917544
3.415 0.8329503565695588
3.425 1.0466962401536384
3.435 1.2986326075945038
3.445 1.5953882569300817
3.455 1.9407613485908317
3.465 2.337851402928417
3.475 2.7887952901366897
3.485 3.294506111758669
3.495 3.8544333178174903
3.505 4.466364276023923
3.515 5.126287895918842
3.525 5.831733292873048
3.535 6.569880251850044
3.545 7.3338612957588385
3.555 8.113214575497574
3.565 8.899857556204767
3.575 9.676873283642578
3.585 10.43488702948752
3.5949999999999998 11.16304227584328
3.605 11.85182360243499
3.6149999999999998 12.493622374009576
3.625 13.083221275835605
3.635 13.618158852209813
3.645 14.098941999902362
3.655 14.529084256911597
3.665 14.914959912021246
3.675 15.265477371839065
3.685 15.591588625233229
3.695 15.905663780973551
3.705 16.22076938419254
3.715 16.54989565752593
3.725 16.905180439717107
3.735 17.297176303363763
3.745 17.734202443905758
3.755 18.22181513752934
3.765 18.762420835210584
3.775 19.355045404060906
3.785 19.99824796867867
3.795 20.679708208625513
3.805 21.39065746806434
3.815 22.117598576527048
3.825 22.844762849686298
3.835 23.554660614993754
3.8449999999999998 24.228695884935632
3.855 24.847825802459496
3.8649999999999998 25.393246471402414
3.875 25.84708715182589
3.885 26.19309425255736
3.895 26.417285093235396
3.905 26.508549335905258
3.915 26.459173849806465
3.925 26.26526527506173
3.935 25.929826632022788
3.945 25.453118433701917
3.955 24.845871235916604
3.965 24.121032436437694
3.975 23.29523655646614
3.985 22.388242309706314
3.995 21.42221143363337
4.005 20.42086009206387
4.015 19.408523823586695
4.025 18.40918477943596
4.035 17.445514493375548
4.045 16.537986070692753
4.055 15.701481526467898
4.065 14.956077189397828
4.075 14.30791972766995
4.085 13.76287804157328
4.095 13.322640878675927
4.1049999999999995 12.984955245401991
4.115 12.74404610099457
4.125 12.591181211841647
4.135 12.515336327214698
4.145 12.503910953276769
4.155 12.543444299240605
4.165 12.620284419828339
4.175 12.721170778556175
4.185 12.833700663930967
4.195 12.946662090599006
4.205 13.050228818766671
4.215 13.136025676038152
4.225 13.19708327847786
4.235 13.225326020097226
4.245 13.221736196231006
4.255 13.179162735832625
4.265 13.094712619435004
4.275 12.966041898232842
4.285 12.791274658473172
4.295 12.568984637523247
4.305 12.298237984532264
4.315 11.97868670635631
4.325 11.610695219105525
4.335 11.1932142679536
4.345 10.733728880129657
4.355 10.232208451844066
4.365 9.69308482324752
4.375 9.11961878938402
4.385 8.523431769255637
4.395 7.908526142150274
4.405 7.282763561419522
4.415 6.654279292347475
4.425 6.031195740653124
4.435 5.421331134111053
4.445 4.831924496632812
4.455 4.269395597779685
4.465 3.7391545725403965
4.475 3.2454709275461036
4.485 2.7914062697167292
4.495 2.378809876066442
4.505 2.008371648422026
4.515 1.679723416020967
4.525 1.3915771652704463
4.535 1.1418876424543811
4.545 0.9280268119532765
4.555 0.7469586762743077
4.565 0.595404724820417
4.575 0.4699924970611278
4.585 0.3673821495360646
4.595 0.28237719233516145
4.605 0.21872863869867187
4.615 0.16765298729475256
4.625 0.1283006846249898
4.635 0.09875871973152965
4.645 0.07745714601843451
4.655 0.06317305901537663
4.665 0.05502791837434107
4.675 0.05248135642238365
4.685 0.0553237889890687
4.695 0.06366921066183184
4.705 0.0779485799497289
4.715 0.09890323710969322
4.725 0.12757690171708377
4.735 0.1653040207769369
4.745 0.21183596906885635
4.755 0.27336618800377577
4.765 0.3492584681031979
4.775 0.441780098857952
4.785 0.5532512533613008
4.795 0.6859551484913936
4.805 0.8420271382137242
4.815 1.023324831993646
4.825 1.2312833080953305
4.835 1.466761582346511
4.845 1.729888517009706
4.855 2.019918098710722
4.865 2.3351052508101424
4.875 2.67261385488411
4.885 3.0284682553068967
4.895 3.397558092158638
4.905 3.773703822260487
4.915 4.149786824771965
4.925 4.517943739289396
4.935 4.869819951168488
4.945 5.198702395958557
4.955 5.493423216311359
4.965 5.74742442586245
4.975 5.953820262087568
4.985 6.106953722814582
4.995 6.202688147591221
5.005 6.238635986287336
5.015 6.214310085454064
5.025 6.131187835170485
5.035 5.992684284659386
5.045 5.8040363291253945
5.055 5.572105746868855
5.065 5.3051137192660525
5.075 5.012323089370616
5.085 4.703686743767675
5.095 4.389481043396806
5.105 4.079942264627576
5.115 3.7849217832318716
5.125 3.5135726050658342
5.135 3.274076254202714
5.145 3.0751158732527135
5.155 2.9197186842576768
5.165 2.813217590092718
5.175 2.758251601677515
5.185 2.7558670905951614
5.195 2.8055271976089826
5.205 2.9051616589751115
5.215 3.0512559426881998
5.225 3.238979253591967
5.235 3.4623511847739445
5.245 3.7144463158754553
5.255 3.987634757292362
5.265 4.273854526091123
5.275 4.564908877365134
5.285 4.852778601033275
5.295 5.129936227195449
5.305 5.389646513660972
5.315 5.62623596126206
5.325 5.835313792956803
5.335 6.013928095974512
5.345 6.1606437519490145
5.355 6.275533269055908
5.365 6.3600773934173525
5.375 6.416978956897934
5.385 6.449900232036261
5.395 6.46314046387109
5.405 6.461275588639946
5.415 6.4473937639088525
5.425 6.42877952122325
5.435 6.406673049881734
5.445 6.383365322844548
5.455 6.359951489672911
5.465 6.336266944280478
5.475 6.310923442491985
5.485 6.281441649557753
5.495 6.244468690654793
5.505 6.196062539021238
5.515 6.132020001154356
5.525 6.048222072663867
5.535 5.940969760137911
5.545 5.807285086793626
5.555 5.645155697450445
5.565 5.453706837444564
5.575 5.233290946241656
5.585 4.98549204674788
5.595 4.713048881271334
5.605 4.421156665325162
5.615 4.1121650343372655
5.625 3.792235606355807
5.635 3.466889859820689
5.645 3.1417222093900072
5.655 2.8221649436399425
5.665 2.5132864737642264
5.675 2.219633324612602
5.685 1.945121883817522
5.695 1.692981468269371
5.705 1.4657461380656842
5.715 1.2652891803118274
5.725 1.0928915022947434
5.735 0.9493334245305558
5.745 0.8363831678669084
5.755 0.7508133039524104
5.765 0.6963833238477259
5.775 0.6712130565893372
5.785 0.6765734139981069
5.795 0.71028916056155
5.805 0.7732515590434124
5.815 0.8654474500155456
5.825 0.9868314335597074
5.835 1.1372674796952753
5.845 1.3164586239527665
5.855 1.523872860732566
5.865 1.7586737564688477
5.875 2.019664008432835
5.885 2.306572743325011
5.895 2.6153915348803984
5.905 2.944692107230516
5.915 3.2918486830747704
5.925 3.6540017561809486
5.935 4.028160831790974
5.945 4.411320490299413
5.955 4.799445099219485
5.965 5.192500744669996
5.975 5.586458288978862
5.985 5.979335804124096
5.995 6.370801126499192
6.005 6.757657999576681
6.015 7.139867948879042
6.025 7.516754071789567
6.035 7.887729110448344
6.045 8.252154527949513
6.055 8.609198204721046
6.065 8.957706523603372
6.075 9.296105792335261
6.085 9.622345482235838
6.095 9.933891861218944
6.105 10.227775662811286
6.115 10.500691986383673
6.125 10.749145261356375
6.135 10.969627419555069
6.1450000000000005 11.158813918755564
6.155 11.313760322122379
6.165 11.432081956431734
6.175 11.512100739429425
6.185 11.552946381971712
6.195 11.555805561403387
6.205 11.519685294626772
6.215 11.447067899476338
6.225 11.340321690247633
6.235 11.202355266577205
6.245 11.036446001747045
6.255 10.84605953456826
6.265 10.635852351143424
6.275 10.40737956109307
6.285 10.164573724696108
6.295 9.91026047493774
6.305 9.64691093059826
6.315 9.376654510079902
6.325 9.101333506712152
6.335 8.822592171489351
6.345 8.541990087858775
6.355 8.261127495046079
6.365 7.981769057995388
6.375 7.705952469052205
6.385 7.436069211897893
6.3950000000000005 7.17490677024456
6.405 6.925644405490024
6.415 6.690831121466317
6.425 6.476476326873402
6.435 6.2850015220770175
6.445 6.120149872198732
6.455 5.985319979513314
6.465 5.8833357002883995
6.475 5.816218654368038
6.485 5.784980660386545
6.495 5.789452719799888
6.505 5.8281652924001826
6.515 5.8982915712685475
6.525 5.99566148927204
6.535 6.114849564302961
6.545 6.249334762600688
6.555 6.3908022042985895
6.565 6.533430241064259
6.575 6.667624794195622
6.585 6.786303912861841
6.595 6.879181584223675
6.605 6.94215461047067
6.615 6.969074064737816
6.625 6.9537540145042005
6.635 6.893899065407996
6.6450000000000005 6.788131131609605
6.655 6.636758952338358
6.665 6.441759508582869
6.675 6.206690452873735
6.685 5.936541444495947
6.695 5.636652227268863
6.705 5.31630665121428
6.715 4.982176496508898
6.725 4.642705702820738
6.735 4.3065173649256385
6.745 3.9821543931436967
6.755 3.677838330134766
6.765 3.401251832935854
6.775 3.1593477843116338
6.785 2.958185760013164
6.795 2.802794874018334
6.805 2.6962083081572823
6.815 2.6430731188594487
6.825 2.6435002179948013
6.835 2.697512449200149
6.845 2.803739286214693
6.855 2.9594122678883092
6.865 3.160386806184561
6.875 3.4011954529203727
6.885 3.675137981845001
6.8950000000000005 3.9744130165719413
6.905 4.290294341007899
6.915 4.6133525185162165
6.925 4.9337191951278365
6.935 5.242564733316684
6.945 5.528287324319091
6.955 5.782454447132587
6.965 5.996738019841821
6.975 6.164021087028665
6.985 6.278681321682829
6.995 6.336819563527225
