0.005 0.0
0.015 0.0
0.025 0.0
0.034999999999999996 0.0
0.045 0.0
0.055 0.0
0.065 0.0
0.07500000000000001 0.0
0.085 0.0
0.095 0.0
0.10500000000000001 0.0
0.115 0.0
0.125 0.0
0.135 0.0
0.14500000000000002 0.0
0.155 0.0
0.165 0.0
0.17500000000000002 0.0
0.185 0.0
0.195 0.0
0.20500000000000002 0.0
0.215 0.0
0.225 0.0
0.23500000000000001 0.0
0.245 0.0
0.255 0.0
0.265 0.0
0.275 0.0
0.28500000000000003 0.0
0.295 0.0
0.305 0.0
0.315 0.0
0.325 0.0
0.335 0.0
0.34500000000000003 0.0
0.35500000000000004 0.0
0.365 0.0
0.375 0.0
0.385 0.0
0.395 0.0
0.405 0.0
0.41500000000000004 0.0
0.425 0.0
0.435 0.0
0.445 0.0
0.455 0.0
0.465 0.0
0.47500000000000003 0.0
0.485 0.0
0.495 0.0
0.505 0.0
0.515 0.0
0.525 0.0
0.535 0.0
0.545 0.0
0.555 0.0
0.5650000000000001 0.0
0.5750000000000001 0.0
0.585 0.0
0.595 0.0
0.605 0.0
0.615 0.0
0.625 0.0
0.635 0.0
0.645 0.0
0.655 0.0
0.665 0.0
0.675 0.0
0.685 0.0
0.6950000000000001 0.0
0.7050000000000001 0.0
0.715 0.0
0.725 0.0
0.735 0.0
0.745 0.0
0.755 0.0
0.765 0.0
0.775 0.0
0.785 0.0
0.795 0.0
0.805 0.0
0.8150000000000001 0.0
0.8250000000000001 0.0
0.8350000000000001 0.0
0.845 0.0
0.855 0.0
0.865 0.0
0.875 0.0
0.885 0.0
0.895 0.0
0.905 0.0
0.915 0.0
0.925 0.0
0.935 0.0
0.9450000000000001 0.0
0.9550000000000001 0.0
0.965 0.0
0.975 0.0
0.985 0.0
0.995 0.0
1.005 0.0
1.015 0.0
1.025 0.0
1.035 0.0
1.045 0.0
1.055 0.0
1.065 0.0
1.075 0.0
1.085 0.0
1.095 0.0
1.105 0.0
1.115 0.0
1.125 0.0
1.135 0.0
1.145 0.0
1.155 0.0
1.1649999999999998 0.0
1.1749999999999998 0.0
1.1849999999999998 0.0
1.1949999999999998 0.0
1.2049999999999998 0.0
1.2149999999999999 0.0
1.2249999999999999 0.0
1.2349999999999999 0.0
1.2449999999999999 0.0
1.255 0.0
1.265 0.0
1.275 0.0
1.285 0.0
1.295 0.0
1.305 0.0
1.315 0.0
1.325 0.0
1.335 0.0
1.345 0.0
1.355 0.0
1.365 0.0
1.375 0.0
1.385 0.0
1.395 0.0
1.405 0.0
1.4149999999999998 0.0
1.4249999999999998 0.0
1.4349999999999998 0.0
1.4449999999999998 0.0
1.4549999999999998 0.0
1.4649999999999999 0.0
1.4749999999999999 0.0
1.4849999999999999 0.0
1.4949999999999999 0.0
1.505 0.0
1.515 0.0
1.525 0.0
1.535 0.0
1.545 0.0
1.555 0.0
1.565 0.0
1.575 0.013403936995903394
1.585 0.019896592172818958
1.595 0.029240316805048534
1.605 0.042544409912061924
1.615 0.061285818446767566
1.625 0.08740464865058702
1.635 0.1234144828267223
1.645 0.1725260896648197
1.655 0.2387813953273335
1.665 0.32719243023058237
1.6749999999999998 0.4438774316451774
1.6849999999999998 0.5961834784686038
1.6949999999999998 0.7927821514609257
1.7049999999999998 1.0437220208858573
1.7149999999999999 1.3604196121246241
1.7249999999999999 1.7555692977296107
1.7349999999999999 2.242952751587486
1.7449999999999999 2.837130603336578
1.755 3.553003103361527
1.765 4.405233167660127
1.775 5.4075341303099425
1.785 6.571835638383864
1.795 7.90735382559183
1.805 9.419605328151523
1.815 11.109417704999059
1.825 12.972000026484379
1.835 14.996145336133766
1.845 17.163639960683504
1.855 19.448952070444477
1.865 21.819262716441408
1.875 24.234886609290122
1.885 26.650107662882895
1.895 29.014427041930386
1.905 31.274191055495223
1.915 33.37453521518713
1.9249999999999998 35.26155195076274
1.9349999999999998 36.88456572411639
1.9449999999999998 38.198383214409986
1.9549999999999998 39.16537988932109
1.9649999999999999 39.757288806287576
1.9749999999999999 39.956573045742324
1.9849999999999999 39.757288806287576
1.9949999999999999 39.16537988932109
2.005 38.198383214409986
2.015 36.88456572411639
2.025 35.26155195076274
2.035 33.37453521518713
2.045 31.274191055495223
2.0549999999999997 29.014427041930386
2.065 26.650107662882895
2.0749999999999997 24.234886609290122
2.085 21.819262716441408
2.0949999999999998 19.448952070444477
2.105 17.163639960683504
2.1149999999999998 14.996145336133766
2.125 12.972000026484379
2.135 11.109417704999059
2.145 9.419605328151523
2.155 7.90735382559183
2.165 6.571835638383864
2.175 5.4075341303099425
2.185 4.405233167660127
2.195 3.553003103361527
2.205 2.837130603336578
2.215 2.242952751587486
2.225 1.7555692977296107
2.235 1.3604196121246241
2.245 1.0437220208858573
2.255 0.7927821514609257
2.265 0.5961834784686038
2.275 0.4438774316451774
2.285 0.32719243023058237
2.295 0.2387813953273335
2.305 0.1725260896648197
2.315 0.1234144828267223
2.3249999999999997 0.08740464865058702
2.335 0.061285818446767566
2.3449999999999998 0.042544409912061924
2.355 0.029240316805048534
2.3649999999999998 0.019896592172818958
2.375 0.013403936995903394
2.385 0.0
2.395 0.0
2.405 0.0
2.415 0.0
2.425 0.0
2.435 0.0
2.445 0.0
2.455 0.0
2.465 0.0
2.475 0.0
2.485 0.0
2.495 0.0
2.505 0.0
2.515 0.0
2.525 0.0
2.535 0.0
2.545 0.0
2.555 0.0
2.565 0.0
2.5749999999999997 0.0
2.585 0.0
2.5949999999999998 0.0
2.605 0.0
2.6149999999999998 0.0
2.625 0.0
2.635 0.0
2.645 0.0
2.655 0.0
2.665 0.0
2.675 0.0
2.685 0.0
2.695 0.0
2.705 0.0
2.715 0.0
2.725 0.0
2.735 0.0
2.745 0.0
2.755 0.0
2.765 0.0
2.775 0.0
2.785 0.0
2.795 0.0
2.805 0.0
2.815 0.0
2.8249999999999997 0.0
2.835 0.0
2.8449999999999998 0.0
2.855 0.0
2.8649999999999998 0.0
2.875 0.0
2.885 0.0
2.895 0.0
2.905 0.0
2.915 0.0
2.925 0.0
2.935 0.0
2.945 0.0
2.955 0.0
2.965 0.0
2.975 0.0
2.985 0.0045629934321567795
2.995 0.006773235313969482
3.005 0.009954043619900464
3.015 0.014483048007690255
3.025 0.02086303353577541
3.035 0.02975445481834865
3.045 0.042012990268715085
3.055 0.05873165580059532
3.065 0.0812864115172171
3.075 0.11138346223574885
3.085 0.15110558979041636
3.0949999999999998 0.20295390059234417
3.105 0.2698803904668396
3.1149999999999998 0.3553058125948455
3.125 0.46311660201022575
3.135 0.597634200883261
3.145 0.763550192548625
3.155 0.9658213339224435
3.165 1.2095199962538041
3.175 1.4996377569736254
3.185 1.840842935050284
3.195 2.2371966433686117
3.205 2.691836255492897
3.215 3.2066397550958903
3.225 3.7818888613464727
3.235 4.415952636966005
3.245 5.105015988762117
3.255 5.84287858383984
3.265 6.620848828735404
3.275 7.427754435137528
3.285 8.250085662223901
3.295 9.072279754013412
3.305 9.877145802056752
3.315 10.646418916013644
3.325 11.361422023598536
3.335 12.003803808400495
3.3449999999999998 12.556313208465275
3.355 13.003565428547672
3.3649999999999998 13.33275225461865
3.375 13.534251000948077
3.385 13.602091716406697
3.395 13.534251000948077
3.405 13.33275225461865
3.415 13.003565428547672
3.425 12.556313208465275
3.435 12.003803808400495
3.445 11.361422023598536
3.455 10.646418916013644
3.465 9.877145802056752
3.475 9.072279754013412
3.485 8.250085662223901
3.495 7.427754435137528
3.505 6.620848828735404
3.515 5.84287858383984
3.525 5.105015988762117
3.535 4.415952636966005
3.545 3.7818888613464727
3.555 3.2066397550958903
3.565 2.691836255492897
3.575 2.2371966433686117
3.585 1.840842935050284
3.5949999999999998 1.4996377569736254
3.605 1.2127795807171027
3.6149999999999998 0.9706598095687352
3.625 0.7706608856523595
3.635 0.6079801983011794
3.645 0.4780201562190129
3.655 0.3765609732874531
3.665 0.2998924631057177
3.675 0.24490898897846208
3.685 0.2091727178716347
3.695 0.19095048514957083
3.705 0.18922902421687707
3.715 0.20371222414297263
3.725 0.2348026448658787
3.735 0.28356794889264814
3.745 0.3516914037827568
3.755 0.4414043629073464
3.765 0.5553978145971562
3.775 0.6967098440738353
3.785 0.8685862813145158
3.795 1.0712695527366751
3.805 1.3150102273161615
3.815 1.5981463766036894
3.825 1.9258481532903127
3.835 2.2950179166393037
3.8449999999999998 2.7079901347495046
3.855 3.1638421425754717
3.8649999999999998 3.6601713550911255
3.875 4.192972493315334
3.885 4.756585953954606
3.895 5.343732389626258
3.905 5.945644309047082
3.915 6.552299627458726
3.925 7.152754908708049
3.935 7.735568035778582
3.945 8.289291872255482
3.955 8.803012879184715
3.965 9.266902405700328
3.975 9.672744201624356
3.985 10.014400195061087
3.995 10.288178116921351
4.005 10.493069249436381
4.015 10.63083224119064
4.025 10.705909083367013
4.035 10.725171232069561
4.045 10.697506538748218
4.055 10.633270047899293
4.065 10.543632756219274
4.075 10.439871107438357
4.085 10.332645515605746
4.095 10.231318025621913
4.1049999999999995 10.143357111452595
4.115 10.073871699956268
4.125 10.025307244453078
4.135 9.997324802051837
4.145 9.986870562459352
4.155 9.988429241855378
4.165 9.994441341361291
4.175 9.995852561920957
4.185 9.982754595763488
4.195 9.94754703247193
4.205 9.876913741628604
4.215 9.764240288230118
4.225 9.602998458472078
4.235 9.388827470925161
4.245 9.119818809380266
4.255 8.796645458720736
4.265 8.422536464574636
4.275 8.003108623867082
4.285 7.546076257726864
4.295 7.063238643792806
4.305 6.561694200208824
4.315 6.054652382052183
4.325 5.554103343340048
4.335 5.074296454278737
4.345 4.623156620032352
4.355 4.213062029134621
4.365 3.8538544258346237
4.375 3.554226533689817
4.385 3.3261868320582026
4.395 3.168956570828446
4.405 3.0907017420377856
4.415 3.093185745776947
4.425 3.1843159040294338
4.435 3.3627173461872957
4.445 3.629279185668784
4.455 3.9839758539570833
4.465 4.425940455651371
4.475 4.953530897414431
4.485 5.56439029634276
4.495 6.255503314118251
4.505 7.023249243385429
4.515 7.86345112199862
4.525 8.771418231019249
4.535 9.741977487763496
4.545 10.769487939210919
4.555 11.847832207642208
4.565 12.970379638154869
4.575 14.12991817599734
4.585 15.318555585921146
4.595 16.527595228752503
4.605 17.74739675189135
4.615 18.967237104706278
4.625 20.175191556393823
4.635 21.35610363366874
4.645 22.500052018389113
4.655 23.588497998076026
4.665 24.604772384401276
4.675 25.531448877131933
4.685 26.35076079900764
4.695 27.045123997749076
4.705 27.597747149061302
4.715 27.9933008064989
4.725 28.2186083222554
4.735 28.26331612191608
4.745 28.120498452596117
4.755 27.787153034196553
4.765 27.26454907343571
4.775 26.558397531704763
4.785 25.67882471525007
4.795 24.64014325044762
4.805 23.460428208024844
4.815 22.160919369594186
4.825 20.765282259713498
4.835 19.300677436077766
4.845 17.790162793155314
4.855 16.26088079329987
4.865 14.737698323496682
4.875 13.243731567392977
4.885 11.799724133639533
4.895 10.423576083886822
4.905 9.130037844608482
4.915 7.930571583071684
4.925 6.835215775757009
4.935 5.8462655456884445
4.945 4.967328550370118
4.955 4.198364849065204
4.965 3.53735129504809
4.975 2.9807419529295016
4.985 2.523924373920795
4.995 2.1616453430137925
5.005 1.8867329058479643
5.015 1.6975692658688066
5.025 1.5865419213742573
5.035 1.548901394758759
5.045 1.580353481125493
5.055 1.6770500971082738
5.065 1.8355124119339685
5.075 2.0524992998021347
5.085 2.3248363452774914
5.095 2.6492219152016334
5.105 3.020445196147226
5.115 3.4380619755394477
5.125 3.8949509306112615
5.135 4.385534472759334
5.145 4.901781117049795
5.155 5.439940125387724
5.165 5.989495684929953
5.175 6.54147656487924
5.185 7.08629040423733
5.195 7.610892719237501
5.205 8.112260736616854
5.215 8.57595765501661
5.225 8.994153466006996
5.235 9.355558908224534
5.245 9.653584808109148
5.255 9.881833247482387
5.265 10.035435141011522
5.275 10.111237358413046
5.285 10.107933950752535
5.295 10.026136336283855
5.305 9.868379862205158
5.315 9.639066730791484
5.325 9.3443477506725
5.335 8.991947648875929
5.345 8.590940672291214
5.355 8.151484847817242
5.365 7.6845245035282534
5.375 7.203039144066411
5.385 6.716202563818704
5.395 6.236514942132509
5.405 5.774953604426745
5.415 5.341728047969695
5.425 4.946018628921724
5.435 4.595751494773365
5.445 4.297415338678875
5.455 4.055924171055921
5.465 3.874528981335045
5.475 3.7547799159337423
5.485 3.696539407395326
5.495 3.69804550383001
5.505 3.7560234010208315
5.515 3.865841809633482
5.525 4.021709261239292
5.535 4.216903780535337
5.545 4.444027599109566
5.555 4.695276894370686
5.565 4.9627150968458
5.575 5.238537344029109
5.585 5.515313394095131
5.595 5.786196935004336
5.605 6.0450908444402485
5.615 6.286760576107515
5.625 6.506891343676246
5.635 6.7020888922739665
5.645 6.868555564419239
5.655 7.00751700675505
5.665 7.116022232418368
5.675 7.193512029371027
5.685 7.239769243343167
5.695 7.254789087210137
5.705 7.2386751177969035
5.715 7.191570959984487
5.725 7.113633466048549
5.735 7.00381824926881
5.745 6.865270004951354
5.755 6.696636743357439
5.765 6.498658306171146
5.775 6.272431149759363
5.785 6.019505465079923
5.795 5.741958014145009
5.805 5.442430507412363
5.815 5.124126977552501
5.825 4.790767839114882
5.835 4.446502668025293
5.845 4.095787711139986
5.855 3.7432373367110663
5.865 3.3934607687685094
5.875 3.050896360128592
5.885 2.7196553452471295
5.895 2.4047050038248745
5.905 2.107122206109701
5.915 1.830298923747592
5.925 1.5760917283082903
5.935 1.345707215386978
5.945 1.1397413609483138
5.955 0.95954227547759
5.965 0.8027492180335253
5.975 0.6695594323579801
5.985 0.5590996866466514
5.995 0.4704097265769717
6.005 0.4025570715314442
6.015 0.35474104133090467
6.025 0.3263813998798458
6.035 0.31608581990270324
6.045 0.32648049897523124
6.055 0.35637580018253584
6.065 0.4065793301997508
6.075 0.4782200448301344
6.085 0.5726975833063431
6.095 0.6916051477297258
6.105 0.8366275078474396
6.115 1.0094167280746429
6.125 1.2114494139907055
6.135 1.4438706208052476
6.1450000000000005 1.7073309745123488
6.155 2.0018249068293734
6.165 2.3265390479964934
6.175 2.6797205937039856
6.185 3.05753008442937
6.195 3.45851711463356
6.205 3.876151255849988
6.215 4.304379314105037
6.225 4.736160816711853
6.235 5.163629293006142
6.245 5.579492718381523
6.255 5.973135366509764
6.265 6.336555646079191
6.275 6.661270664560391
6.285 6.939446400495657
6.295 7.164228998710899
6.305 7.33004883906341
6.315 7.432880190869641
6.325 7.4704413916305015
6.335 7.442323692450859
6.345 7.350040956474787
6.355 7.196996968614476
6.365 6.988371858064749
6.375 6.730933683426054
6.385 6.432785244445757
6.3950000000000005 6.103059385017447
6.405 5.7527072901806395
6.415 5.390168951383849
6.425 5.026383724626129
6.435 4.671177416440406
6.445 4.334813930298169
6.455 4.0237941751290585
6.465 3.7459372359618346
6.475 3.506980257428678
6.485 3.3112112550244226
6.495 3.1614174538683395
6.505 3.058892251923731
6.515 3.003497725045132
6.525 2.993777932254875
6.535 3.0271168011038503
6.545 3.099933006209716
6.555 3.2079029563249253
6.565 3.3462017800395514
6.575 3.509751108381261
6.585 3.693461611925944
6.595 3.8924578221606883
6.605 4.1022729328068355
6.615 4.319002204847367
6.625 4.539405409021301
6.635 4.760951470136207
6.6450000000000005 4.981802061184704
6.655 5.200735146583999
6.665 5.417014094281637
6.675 5.630212575905787
6.685 5.840009608454233
6.695 6.045972311072145
6.705 6.246465848665177
6.715 6.442289290165311
6.725 6.630263347481101
6.735 6.807795652139325
6.745 6.971557994239117
6.755 7.11867340352786
6.765 7.242073598883005
6.775 7.339765673349309
6.785 7.405709806953067
6.795 7.436544583406872
6.805 7.426633318158046
6.815 7.373734530825655
6.825 7.276000567606501
6.835 7.132943155468645
6.845 6.9455766721641705
6.855 6.716482436185867
6.865 6.449790277156238
6.875 6.151079650026419
6.885 5.827207999629811
6.8950000000000005 5.486078496727734
6.905 5.1363623222702905
6.915 4.787192210590218
6.925 4.44784398818093
6.935 4.127421539194208
6.945 3.834558299668702
6.955 3.578329493068306
6.965 3.363851207500466
6.975 3.1977155056712148
6.985 3.0844077388779247
6.995 3.0269811609162156
