0.005 0.0
0.015 0.0
0.025 0.0
0.034999999999999996 0.0
0.045 0.0
0.055 0.0
0.065 0.0
0.07500000000000001 0.0
0.085 0.0
0.095 0.0
0.10500000000000001 0.0
0.115 0.0
0.125 0.0
0.135 0.0
0.14500000000000002 0.0
0.155 0.0
0.165 0.0
0.17500000000000002 0.0
0.185 0.0
0.195 0.0
0.20500000000000002 0.0
0.215 0.0
0.225 0.0
0.23500000000000001 0.0
0.245 0.0
0.255 0.0
0.265 0.0
0.275 0.0
0.28500000000000003 0.0
0.295 0.0
0.305 0.0
0.315 0.0
0.325 0.0
0.335 0.0
0.34500000000000003 0.0
0.35500000000000004 0.0
0.365 0.0
0.375 0.0
0.385 0.0
0.395 0.0
0.405 0.0
0.41500000000000004 0.0
0.425 0.0
0.435 0.0
0.445 0.0
0.455 0.0
0.465 0.0
0.47500000000000003 0.0
0.485 0.0
0.495 0.0
0.505 0.0
0.515 0.0
0.525 0.0
0.535 0.0
0.545 0.0
0.555 0.0
0.5650000000000001 0.0
0.5750000000000001 0.0
0.585 0.0
0.595 0.0
0.605 0.0
0.615 0.0
0.625 0.0
0.635 0.0
0.645 0.0
0.655 0.0
0.665 0.0
0.675 0.0
0.685 0.0
0.6950000000000001 0.0
0.7050000000000001 0.0
0.715 0.0
0.725 0.0
0.735 0.0
0.745 0.0
0.755 0.0
0.765 0.0
0.775 0.0
0.785 0.0
0.795 0.0
0.805 0.0
0.8150000000000001 0.0
0.8250000000000001 0.0
0.8350000000000001 0.0
0.845 0.0
0.855 0.0
0.865 0.0
0.875 0.0
0.885 0.0
0.895 0.0
0.905 0.0
0.915 0.0
0.925 0.0
0.935 0.0
0.9450000000000001 0.0
0.9550000000000001 0.0
0.965 0.0
0.975 0.0
0.985 0.0
0.995 0.0
1.005 0.0
1.015 0.0
1.025 0.0
1.035 0.0
1.045 0.0
1.055 0.0
1.065 0.0
1.075 0.0
1.085 0.0
1.095 0.0
1.105 0.0
1.115 0.0
1.125 0.0
1.135 0.0
1.145 0.0
1.155 0.0
1.1649999999999998 0.0
1.1749999999999998 0.0
1.1849999999999998 0.0
1.1949999999999998 0.0
1.2049999999999998 0.0
1.2149999999999999 0.0
1.2249999999999999 0.0
1.2349999999999999 0.0
1.2449999999999999 0.019321211900858757
1.255 0.028680101495067747
1.265 0.04214868789753716
1.275 0.061325979028338654
1.285 0.08834093185378689
1.295 0.12599012799106948
1.305 0.17789679070102823
1.315 0.24868910812243597
1.325 0.3441933469630721
1.335 0.47163413844560187
1.345 0.6398306644866023
1.355 0.859373430567711
1.365 1.142762155945428
1.375 1.5044814323800124
1.385 1.9609877014475177
1.395 2.5305793677217663
1.405 3.233122134957875
1.4149999999999998 4.089604538892623
1.4249999999999998 5.121504664296588
1.4349999999999998 6.349958488395299
1.4449999999999998 7.794733205980923
1.4549999999999998 9.473024901984937
1.4649999999999999 11.398118245857129
1.4749999999999999 13.577965236877592
1.4849999999999999 16.013758766475913
1.4949999999999999 18.698592910892586
1.505 21.61631331332494
1.515 24.740665729163435
1.525 28.034847098844995
1.535 31.45155028658491
1.545 34.93357061544589
1.555 38.41501026844809
1.565 41.82307729665367
1.575 45.080432159285856
1.585 48.12125922712219
1.595 50.84774195554644
1.605 53.19649792395784
1.615 55.103481009924295
1.625 56.515919134603536
1.635 57.394987296015906
1.645 57.717895081949244
1.655 57.47925325239789
1.665 56.69163085143069
1.6749999999999998 55.385268270320495
1.6849999999999998 53.60696786686712
1.6949999999999998 51.41823706283659
1.7049999999999998 48.892804560972834
1.7149999999999999 46.11366460035993
1.7249999999999999 43.16982446552872
1.7349999999999999 40.15293580290056
1.7449999999999999 37.153981319025355
1.755 34.26016725573095
1.765 31.552141930388522
1.775 29.101625571189917
1.785 26.96950082671031
1.795 25.204380508649464
1.805 23.84164237165105
1.815 22.90290196562438
1.825 22.3958844561602
1.835 22.31465417181826
1.845 22.640164788620286
1.855 23.341101014296797
1.865 24.37499153335984
1.875 25.68958003793479
1.885 27.22444410516728
1.895 28.912849018443957
1.905 30.68381492842797
1.915 32.464361668939816
1.9249999999999998 34.181877744244034
1.9349999999999998 35.76654092256342
1.9449999999999998 37.153700371614015
1.9549999999999998 38.28611725168828
1.9649999999999999 39.11595465778646
1.9749999999999999 39.60641055290153
1.9849999999999999 39.732899635200575
1.9949999999999999 39.48371157277016
2.005 38.86010224267717
2.015 37.87580909227102
2.025 36.55601839502495
2.035 34.935847593490784
2.045 33.058436800199466
2.0549999999999997 30.9598802365598
2.065 28.722827226980453
2.0749999999999997 26.38226965072219
2.085 23.991321970209405
2.0949999999999998 21.599975499042166
2.105 19.253486869063252
2.1149999999999998 16.9911425259015
2.125 14.845431582639362
2.135 12.841629269833321
2.145 10.997766210303071
2.155 9.32493672874679
2.165 7.827883605175138
2.175 6.505787597756879
2.185 5.353187513385367
2.195 4.360959842026483
2.205 3.517294831543528
2.215 2.8086169691460374
2.225 2.2204107035794673
2.235 1.7379255344524684
2.245 1.3467471688750468
2.255 1.0332324410740743
2.265 0.7848145590515518
2.275 0.5901917354041477
2.285 0.4394163896697101
2.295 0.3311027155553152
2.305 0.2470671257368637
2.315 0.186495771602241
2.3249999999999997 0.14502274676278315
2.335 0.11943994577458641
2.3449999999999998 0.10761080844880191
2.355 0.10839694114328678
2.3649999999999998 0.12160208873961652
2.375 0.14793487613621245
2.385 0.18898887857416208
2.395 0.2383856752857445
2.405 0.3201820840095112
2.415 0.42576597740064775
2.425 0.5605339695629472
2.435 0.7306173389043549
2.445 0.9428336354003513
2.455 1.2045843473939342
2.465 1.5236893036969752
2.475 1.9081507274382865
2.485 2.3658433806188044
2.495 2.904132049486802
2.505 3.5294235859582486
2.515 4.2466675416465804
2.525 5.058826642196993
2.535 5.966345330560984
2.545 6.966650623931923
2.555 8.053723793497705
2.565 9.217783132663532
2.5749999999999997 10.445116697483167
2.585 11.718098975245491
2.5949999999999998 13.015416865003484
2.605 14.312518408758702
2.6149999999999998 15.582283059050608
2.625 16.795895943948743
2.635 17.92389192920276
2.645 18.937319796257015
2.655 19.808964098885703
2.665 20.514553631710207
2.675 21.033882029401806
2.685 21.351768447631567
2.695 21.45879463236042
2.705 21.351768447631567
2.715 21.033882029401806
2.725 20.514553631710207
2.735 19.808964098885703
2.745 18.937319796257015
2.755 17.92389192920276
2.765 16.795895943948743
2.775 15.582283059050608
2.785 14.317672454582187
2.795 13.023067449143147
2.805 11.72934238326453
2.815 10.461475759621917
2.8249999999999997 9.241348590834587
2.835 8.087332394050541
2.8449999999999998 7.014105629126666
2.855 6.032684598803658
2.8649999999999998 5.150642222476791
2.875 4.372478695415893
2.885 3.700102142818759
2.895 3.1333749180686876
2.905 2.6706818424766374
2.915 2.309479913353587
2.925 2.0467941961028937
2.935 1.8796311347346144
2.945 1.8052877983172908
2.955 1.8215431722081779
2.965 1.926725172289864
2.975 2.119654393631988
2.985 2.3994725721842616
2.995 2.7653702496681136
3.005 3.216234091188358
3.015 3.7502395686247088
3.025 4.364419075461337
3.035 5.058669812774298
3.045 5.819795904807568
3.055 6.642296799621481
3.065 7.515371856044834
3.075 8.42584793477258
3.085 9.362618409548915
3.0949999999999998 10.301815297601063
3.105 11.222974783881968
3.1149999999999998 12.118068906655248
3.125 12.960933936689267
3.135 13.73348716477148
3.145 14.419479069805828
3.155 15.005429909180714
3.165 15.481492420019663
3.175 15.842181282558705
3.185 16.08691476777084
3.195 16.220323007161234
3.205 16.252290015997666
3.215 16.197712079148967
3.225 16.07597224259326
3.235 15.91014819211901
3.245 15.725987489993676
3.255 15.550698836778075
3.265 15.41161978661114
3.275 15.334829489374076
3.285 15.343779168821756
3.295 15.458013059459386
3.305 15.692048552458823
3.315 16.054476678567088
3.325 16.54733326829981
3.335 17.165777762678875
3.3449999999999998 17.898101353985933
3.355 18.726069614371426
3.3649999999999998 19.625587757565576
3.375 20.567659948010952
3.385 21.519598426657296
3.395 22.446424484992733
3.405 23.312392297531005
3.415 24.082559066127402
3.425 24.724321461190527
3.435 25.208839393214546
3.445 25.512273875906857
3.455 25.616775992360424
3.465 25.5111782427549
3.475 25.19135698914421
3.485 24.660254178157306
3.495 23.927566663109992
3.505 23.00913081369478
3.515 21.92604728022137
3.525 20.703604526357413
3.535 19.370069105450515
3.545 17.955415057532665
3.555 16.490064104890145
3.565 15.003702816759109
3.575 13.5242332847969
3.585 12.076901098634934
3.5949999999999998 10.680192105154173
3.605 9.360305136427545
3.6149999999999998 8.126415506433073
3.625 6.988789961074459
3.635 5.95380474074003
3.645 5.024262751110195
3.655 4.1998195371189055
3.665 3.4774803777258754
3.675 2.8521321693893222
3.685 2.3170773785441234
3.695 1.8645425926861074
3.705 1.4861404216925993
3.715 1.1732700602303856
3.725 0.9174481650991018
3.735 0.7105673929772334
3.745 0.5450846852874409
3.755 0.4141450160114296
3.765 0.3116487980318816
3.775 0.2352720766802751
3.785 0.17590525354866265
3.795 0.13188650853078465
3.805 0.10027350148266712
3.815 0.07879040832065579
3.825 0.06577343957524504
3.835 0.060120241130053015
3.8449999999999998 0.06119228622468759
3.855 0.07140522926553408
3.8649999999999998 0.08893961410409838
3.875 0.11779120702346711
3.885 0.15523162308787736
3.895 0.2025696290930297
3.905 0.26935930477593856
3.915 0.3548607944135179
3.925 0.46320385211303994
3.935 0.5990939373717794
3.945 0.7677990782234028
3.955 0.9751066962568569
3.965 1.227244858000672
3.975 1.5307632983018324
3.985 1.892370982776382
3.995 2.31872894318912
4.005 2.816199590467012
4.015 3.390556593166181
4.025 4.049332743978915
4.035 4.792088597182574
4.045 5.622769164274395
4.055 6.541644421345794
4.065 7.546788844250878
4.075 8.6338291527792
4.085 9.795761033603773
4.095 11.022853435596765
4.1049999999999995 12.302656470665251
4.115 13.62012506436584
4.125 14.957865378829553
4.135 16.296504865409045
4.145 17.61517987739666
4.155 18.892127450581192
4.165 20.105360580008124
4.175 21.233399576979785
4.185 22.256026400122842
4.195 23.15750099144467
4.205 23.918542197481777
4.215 24.52870758364553
4.225 24.97970360473952
4.235 25.26735843222149
4.245 25.391764779087385
4.255 25.357232486748913
4.265 25.17205065529396
4.275 24.848071333330925
4.285 24.400138655646387
4.295 23.845397800485884
4.305 23.202526256739805
4.315 22.49093482630297
4.325 21.73232885604576
4.335 20.941758674469302
4.345 20.13815296545
4.355 19.337072125766127
4.365 18.551955142496354
4.375 17.793962112131286
4.385 17.07196580849285
4.395 16.392672086465733
4.405 15.760839841743849
4.415 15.179565592316793
4.425 14.650595946417347
4.435 14.17463327132312
4.445 13.751605337420912
4.455 13.380877766582417
4.465 13.061397681683037
4.475 12.791766829929152
4.485 12.570251462966226
4.495 12.394743406290303
4.505 12.26269134099279
4.515 12.171023025695424
4.525 12.116078072321704
4.535 12.093567383188514
4.545 12.098570165458685
4.555 12.12557343288016
4.565 12.168552985972429
4.575 12.221089834282601
4.585 12.274511863771618
4.595 12.32673270963838
4.605 12.368147515213199
4.615 12.392341683282485
4.625 12.393239770949727
4.635 12.365235620505107
4.645 12.303304015824704
4.655 12.2011608315002
4.665 12.059743496639872
4.675 11.87551602408471
4.685 11.641699436382993
4.695 11.363378818386506
4.705 11.038088122529116
4.715 10.667283733370441
4.725 10.255515832369488
4.735 9.803445227124088
4.745 9.317299614295528
4.755 8.803065855174285
4.765 8.267732966750946
4.775 7.719169144948183
4.785 7.1679086249659765
4.795 6.620127907435428
4.805 6.086694899898081
4.815 5.577331435577684
4.825 5.101702669473285
4.835 4.667437724765946
4.845 4.287675848548893
4.855 3.96820528815079
4.865 3.7186026473630345
4.875 3.5428141692110193
4.885 3.448027753188442
4.895 3.4391252441113522
4.905 3.5198559552279036
4.915 3.692751817495333
4.925 3.959039770963681
4.935 4.318551682085089
4.945 4.769635127465106
4.955 5.309071401144858
4.965 5.932009645005025
4.975 6.631927682904206
4.985 7.4006306655028435
4.995 8.228297841811454
5.005 9.101934046402448
5.015 10.012701431685203
5.025 10.944369716695503
5.035 11.882313753766049
5.045 12.811376691704186
5.055 13.71624413376116
5.065 14.581836917682924
5.075 15.393704242283793
5.085 16.138398186682373
5.095 16.80381155797655
5.105 17.379463379947595
5.115 17.856719964480195
5.125 18.228944026748827
5.135 18.49000729054761
5.145 18.641071325612373
5.155 18.679387601339766
5.165 18.60641983320141
5.175 18.42534710602241
5.185 18.1408785454646
5.195 17.75905120088755
5.205 17.287023146402
5.215 16.73287137084982
5.225 16.105401045202825
5.235 15.413969622490287
5.245 14.6683263241254
5.255 13.878465223956123
5.265 13.054488591110065
5.275 12.206476512166496
5.285 11.34435907592592
5.295 10.477788447915334
5.305 9.616009771276467
5.315 8.767731730022652
5.325 7.940999502577812
5.335 7.143074438756497
5.345 6.381910002589349
5.355 5.66049245436309
5.365 4.984313940963834
5.375 4.356756773844806
5.385 3.7801523528503473
5.395 3.2558177092567755
5.405 2.784125330806285
5.415 2.3646032057075654
5.425 1.9960600779083055
5.435 1.676729330734259
5.445 1.4044238164358513
5.455 1.1766933758054279
5.465 0.9909767435481015
5.475 0.844739968567628
5.485 0.7342403625401415
5.495 0.6604937722319753
5.505 0.6211810061676678
5.515 0.6125466053492052
5.525 0.6345027706223348
5.535 0.6849310008878217
5.545 0.7663820221863928
5.555 0.8765210022580263
5.565 1.0150228462376962
5.575 1.181464194439174
5.585 1.3752002140681674
5.595 1.5939480278113878
5.605 1.8393098529523952
5.615 2.1074414920875646
5.625 2.3972840660475585
5.635 2.7049819111625624
5.645 3.025722298127946
5.655 3.3564793194679945
5.665 3.6929479750806555
5.675 4.029409086875988
5.685 4.364381942596955
5.695 4.691863937617914
5.705 5.0081783169233915
5.715 5.310289953997808
5.725 5.595977438383977
5.735 5.863961938018692
5.745 6.113982110839641
5.755 6.3468080240999845
5.765 6.5655670199189045
5.775 6.770796002307558
5.785 6.966821845226789
5.795 7.157574252618778
5.805 7.3472669746482
5.815 7.541499017089466
5.825 7.742242637806198
5.835 7.954045811750293
5.845 8.179906846768075
5.855 8.4220067979207
5.865 8.681583266920393
5.875 8.958852497383779
5.885 9.252981116631965
5.895 9.562106540843526
5.905 9.883403211916171
5.915 10.213190431781314
5.925 10.54707648139646
5.935 10.880132795296852
5.945 11.207091055927616
5.955 11.522555079178602
5.965 11.821218279529829
5.975 12.098076432803538
5.985 12.349907062762412
5.995 12.570930349281666
6.005 12.75904415868023
6.015 12.912201185147929
6.025 13.029299339949384
6.035 13.110159003754813
6.045 13.155443310168481
6.055 13.16652712804127
6.065 13.14532525142123
6.075 13.094094531277484
6.085 13.015227719476574
6.095 12.912297559233236
6.105 12.785533647894837
6.115 12.63760078369705
6.125 12.469953836698666
6.135 12.28367011584062
6.1450000000000005 12.0795173949262
6.155 11.857019643816031
6.165 11.619204584696007
6.175 11.365253965993753
6.185 11.096260960204624
6.195 10.81381077019521
6.205 10.52010197269233
6.215 10.218008739629013
6.225 9.91107399823418
6.235 9.603430438086038
6.245 9.299653411145922
6.255 9.004556430663458
6.265 8.722945464936053
6.275 8.459352004913313
6.285 8.217766633630534
6.295 8.001394451513777
6.305 7.812451361230677
6.315 7.651016151774808
6.325 7.5192885299399155
6.335 7.414446577649857
6.345 7.333979846267864
6.355 7.27431304466622
6.365 7.230980530434849
6.375 7.198839328452026
6.385 7.172306446840061
6.3950000000000005 7.145606164241331
6.405 7.113013964667799
6.415 7.069085611996819
6.425 7.008862159698303
6.435 6.928202672672011
6.445 6.823200185140269
6.455 6.692915670152823
6.465 6.5344492447022295
6.475 6.347334272487672
6.485 6.132106783767463
6.495 5.890276904463741
6.505 5.624269893506871
6.515 5.337340278591199
6.525 5.0334629370303
6.535 4.717205344520208
6.545 4.393585586652671
6.555 4.067921036935552
6.565 3.7456727744841927
6.575 3.431373259471501
6.585 3.1335303155273797
6.595 2.8541782450521445
6.605 2.5986920637738145
6.615 2.372279193201455
6.625 2.175938573984337
6.635 2.01541125367636
6.6450000000000005 1.891597008800895
6.655 1.806005623272532
6.665 1.759397625949544
6.675 1.7517944431725594
6.685 1.7825039349083112
6.695 1.8501611218260101
6.705 1.9527841014813747
6.715 2.0878451383208763
6.725 2.252356579910577
6.735 2.442970536912168
6.745 2.65609017275368
6.755 2.8879890651475852
6.765 3.1360527409633625
6.775 3.394963070877262
6.785 3.6621328263271593
6.795 3.933705283317058
6.805 4.209081330624166
6.815 4.484857080681137
6.825 4.759336447356604
6.835 5.031213620581389
6.845 5.299501143934012
6.855 5.563426918252289
6.865 5.822309387658677
6.875 6.075422996838568
6.885 6.3218678031726405
6.8950000000000005 6.56045757316058
6.905 6.788812972007507
6.915 7.006911168889164
6.925 7.211203233183374
6.935 7.399037707292022
6.945 7.567534246938164
6.955 7.713734845586194
6.965 7.834780278048864
6.975 7.928095591828862
6.985 7.991566956483681
6.995 8.023692564929812
