0.005 0.0
0.015 0.0
0.025 0.0
0.034999999999999996 0.0
0.045 0.0
0.055 0.0
0.065 0.0
0.07500000000000001 0.0
0.085 0.0
0.095 0.0
0.10500000000000001 0.0
0.115 0.0
0.125 0.0
0.135 0.0
0.14500000000000002 0.0
0.155 0.0
0.165 0.0
0.17500000000000002 0.0
0.185 0.0
0.195 0.0
0.20500000000000002 0.0
0.215 0.0
0.225 0.0
0.23500000000000001 0.0
0.245 0.0
0.255 0.0
0.265 0.0
0.275 0.0
0.28500000000000003 0.0
0.295 0.0
0.305 0.0
0.315 0.0
0.325 0.0
0.335 0.0
0.34500000000000003 0.0
0.35500000000000004 0.0
0.365 0.0
0.375 0.0
0.385 0.0
0.395 0.0
0.405 0.0
0.41500000000000004 0.0
0.425 0.0
0.435 0.0
0.445 0.0
0.455 0.0
0.465 0.0
0.47500000000000003 0.0
0.485 0.0
0.495 0.0
0.505 0.0
0.515 0.0
0.525 0.0
0.535 0.0
0.545 0.0
0.555 0.0
0.5650000000000001 0.0
0.5750000000000001 0.0
0.585 0.0
0.595 0.0
0.605 0.0
0.615 0.0
0.625 0.0
0.635 0.0
0.645 0.0
0.655 0.0
0.665 0.0
0.675 0.0
0.685 0.0
0.6950000000000001 0.0
0.7050000000000001 0.0
0.715 0.0
0.725 0.0
0.735 0.0
0.745 0.0
0.755 0.0
0.765 0.0
0.775 0.0
0.785 0.0
0.795 0.0
0.805 0.0
0.8150000000000001 0.0
0.8250000000000001 0.0
0.8350000000000001 0.0
0.845 0.0
0.855 0.0
0.865 0.0
0.875 0.0
0.885 0.0
0.895 0.0
0.905 0.0
0.915 0.0
0.925 0.0
0.935 0.0
0.9450000000000001 0.0
0.9550000000000001 0.0
0.965 0.0
0.975 0.0
0.985 0.0
0.995 0.0
1.005 0.0
1.015 0.0
1.025 0.0
1.035 0.0
1.045 0.0
1.055 0.0
1.065 0.0
1.075 0.0
1.085 0.0
1.095 0.0
1.105 0.0
1.115 0.0
1.125 0.0
1.135 0.0
1.145 0.0
1.155 0.0
1.1649999999999998 0.0
1.1749999999999998 0.0
1.1849999999999998 0.0
1.1949999999999998 0.0
1.2049999999999998 0.0
1.2149999999999999 0.0
1.2249999999999999 0.0
1.2349999999999999 0.0
1.2449999999999999 0.0
1.255 0.0
1.265 0.0
1.275 0.0
1.285 0.0
1.295 0.0
1.305 0.0
1.315 0.0
1.325 0.0
1.335 0.0
1.345 0.0
1.355 0.0
1.365 0.0
1.375 0.0
1.385 0.0
1.395 0.0
1.405 0.0
1.4149999999999998 0.0
1.4249999999999998 0.0
1.4349999999999998 0.0
1.4449999999999998 0.0
1.4549999999999998 0.0
1.4649999999999999 0.0
1.4749999999999999 0.0
1.4849999999999999 0.0
1.4949999999999999 0.0
1.505 0.0
1.515 0.0
1.525 0.0
1.535 0.0
1.545 0.0
1.555 0.0
1.565 0.0
1.575 0.0
1.585 0.0
1.595 0.0
1.605 0.0
1.615 0.0
1.625 0.0
1.635 0.0
1.645 0.0
1.655 0.0
1.665 0.0
1.6749999999999998 0.0
1.6849999999999998 0.0
1.6949999999999998 0.0
1.7049999999999998 0.0
1.7149999999999999 0.0
1.7249999999999999 0.0
1.7349999999999999 0.0
1.7449999999999999 0.0
1.755 0.0
1.765 0.0
1.775 0.0
1.785 0.01095125432581605
1.795 0.016255868791995608
1.805 0.023889857584184916
1.815 0.03475953768144057
1.825 0.05007160094690567
1.835 0.07141114859937915
1.845 0.1008318219742126
1.855 0.14095687605331397
1.865 0.19508863621949687
1.875 0.2673220202416681
1.885 0.36265573651398275
1.895 0.48709247884071544
1.905 0.6477170825459458
1.915 0.852739407807501
1.9249999999999998 1.1114869584031994
1.9349999999999998 1.4343312619200712
1.9449999999999998 1.8325321904251437
1.9549999999999998 2.3179860366540574
1.9649999999999999 2.902866569517424
1.9749999999999999 3.599153651521237
1.9849999999999999 4.418051319896065
1.9949999999999999 5.369306307945144
2.005 6.46044836041355
2.015 7.695984666962154
2.025 9.076591357923538
2.035 10.598354158777397
2.045 12.252116787261324
2.0549999999999997 14.022998349188832
2.065 15.890138886741987
2.0749999999999997 17.826724736364763
2.085 19.800332312570855
2.0949999999999998 21.773610761958047
2.105 23.705301640191653
2.1149999999999998 25.55156892990204
2.125 27.267587370719713
2.135 28.809313521377952
2.145 30.13534456820624
2.155 31.208756766302056
2.165 31.99881020525857
2.175 32.48241029151677
2.185 32.64522905066662
2.195 32.48241029151677
2.205 31.99881020525857
2.215 31.208756766302056
2.225 30.13534456820624
2.235 28.809313521377952
2.245 27.267587370719713
2.255 25.55156892990204
2.265 23.705301640191653
2.275 21.773610761958047
2.285 19.800332312570855
2.295 17.826724736364763
2.305 15.890138886741987
2.315 14.022998349188832
2.3249999999999997 12.252116787261324
2.335 10.598354158777397
2.3449999999999998 9.076591357923538
2.355 7.695984666962154
2.3649999999999998 6.46044836041355
2.375 5.369306307945144
2.385 4.418051319896065
2.395 3.599153651521237
2.405 2.902866569517424
2.415 2.3179860366540574
2.425 1.8325321904251437
2.435 1.4343312619200712
2.445 1.1114869584031994
2.455 0.852739407807501
2.465 0.6477170825459458
2.475 0.48709247884071544
2.485 0.36265573651398275
2.495 0.2673220202416681
2.505 0.19508863621949687
2.515 0.14095687605331397
2.525 0.1008318219742126
2.535 0.07141114859937915
2.545 0.05007160094690567
2.555 0.03475953768144057
2.565 0.023889857584184916
2.5749999999999997 0.016255868791995608
2.585 0.01095125432581605
2.5949999999999998 0.0
2.605 0.0
2.6149999999999998 0.0
2.625 0.0
2.635 0.0
2.645 0.0
2.655 0.0
2.665 0.0
2.675 0.0
2.685 0.0
2.695 0.0
2.705 0.0
2.715 0.0
2.725 0.0
2.735 0.0
2.745 0.0
2.755 0.0
2.765 0.0
2.775 0.0
2.785 0.0
2.795 0.0
2.805 0.0
2.815 0.0
2.8249999999999997 0.0
2.835 0.0
2.8449999999999998 0.0
2.855 0.0
2.8649999999999998 0.0
2.875 0.0
2.885 0.0
2.895 0.0
2.905 0.0
2.915 0.0
2.925 0.0
2.935 0.0
2.945 0.0
2.955 0.0
2.965 0.0
2.975 0.0
2.985 0.0
2.995 0.0
3.005 0.0
3.015 0.0
3.025 0.0
3.035 0.0
3.045 0.0
3.055 0.0
3.065 0.0
3.075 0.0
3.085 0.0
3.0949999999999998 0.0
3.105 0.0
3.1149999999999998 0.0
3.125 0.0
3.135 0.0
3.145 0.0
3.155 0.0
3.165 0.0
3.175 0.0
3.185 0.0
3.195 0.0
3.205 0.0
3.215 0.0
3.225 0.0
3.235 0.0
3.245 0.0
3.255 0.0
3.265 0.0
3.275 0.0
3.285 0.0
3.295 0.0
3.305 0.0
3.315 0.0
3.325 0.0
3.335 0.0
3.3449999999999998 0.0
3.355 0.0
3.3649999999999998 0.0
3.375 0.0
3.385 0.0
3.395 0.0
3.405 0.0
3.415 0.0
3.425 0.0
3.435 0.0
3.445 0.0
3.455 0.0
3.465 0.0
3.475 0.0
3.485 0.0
3.495 0.0
3.505 0.0
3.515 0.0
3.525 0.0
3.535 0.0
3.545 0.0
3.555 0.0
3.565 0.0
3.575 0.0
3.585 0.0
3.5949999999999998 0.0
3.605 0.0
3.6149999999999998 0.0
3.625 0.0
3.635 0.0
3.645 0.0
3.655 0.0
3.665 0.0
3.675 0.0
3.685 0.0
3.695 0.0
3.705 0.0
3.715 0.0
3.725 0.0
3.735 0.0
3.745 0.0
3.755 0.0
3.765 0.00301395862034416
3.775 0.007473410321407692
3.785 0.01102733362005318
3.795 0.01610978374578339
3.805 0.023301100738680115
3.815 0.03336804127163538
3.825 0.047309957628153244
3.835 0.06641130146525988
3.8449999999999998 0.09229943198621482
3.855 0.1270058390860346
3.8649999999999998 0.17302784042803793
3.875 0.2333866137237619
3.885 0.31167614978514024
3.895 0.4149307299675494
3.905 0.5464915580349732
3.915 0.7095563616781386
3.925 0.9123540235803725
3.935 1.161788434187374
3.945 1.465189478592717
3.955 1.8301284187750824
3.965 2.2641780059738146
3.975 2.7746199054276386
3.985 3.3681065399507966
3.995 4.050289331371677
4.005 4.825430120068268
4.015 5.6960167707824985
4.025 6.6624070892647556
4.035 7.722526665278178
4.045 8.871645703822843
4.055 10.10225705400542
4.065 11.404072465443681
4.075 12.764146832669837
4.085 14.167131340728432
4.095 15.595646759327824
4.1049999999999995 17.030758588933153
4.115 18.45252736148766
4.125 19.84060111949534
4.135 21.17481374355735
4.145 22.4357528775967
4.155 23.605264833305572
4.165 24.666870729959612
4.175 25.606077514222008
4.185 26.410578334944354
4.195 27.070347732582974
4.205 27.577646904093967
4.215 27.926961715479642
4.225 28.11490024951854
4.235 28.140077022128196
4.245 28.0030076094425
4.255 27.706030838346628
4.265 27.253266880457467
4.275 26.650609827527273
4.285 25.905744009285094
4.295 25.028165760829083
4.305 24.0291876137347
4.315 22.92190062692758
4.325 21.72107295679239
4.335 20.44296845900128
4.345 19.1050773463069
4.355 17.72576060700372
4.365 16.323819768193818
4.375 14.918012431260642
4.385 13.526540756454189
4.395 12.166543978092752
4.405 10.853626725748732
4.415 9.601452450625066
4.425 8.421426022804296
4.435 7.322482277991616
4.445 6.310988835362518
4.455 5.390762820839026
4.465 4.56319309052254
4.475 3.8274528766355154
4.485 3.180782968943887
4.495 2.618822840947276
4.505 2.135966527374247
4.515 1.725721340292234
4.525 1.381050300489183
4.535 1.0946829914107228
4.545 0.8593839205400589
4.555 0.6681719336549745
4.565 0.5144883806643386
4.575 0.39030504779889297
4.585 0.29291951175120157
4.595 0.21933635883236596
4.605 0.1626075267849392
4.615 0.11935437157404524
4.625 0.08673685516145259
4.635 0.06240748079227734
4.645 0.04445670319342919
4.655 0.031354902805395934
4.665 0.021894813514346176
4.675 0.015137167257470035
4.685 0.010361330275326548
4.695 0.007021888906902815
4.705 0.002821116354983326
4.715 0.0
4.725 0.0
4.735 0.0
4.745 0.0
4.755 0.0
4.765 0.0
4.775 0.0
4.785 0.0
4.795 0.0
4.805 0.0
4.815 0.0019224663505162834
4.825 0.002853678658283794
4.835 0.006101612107639491
4.845 0.008933868919968986
4.855 0.012951772960387593
4.865 0.01859147334499847
4.875 0.026423698233971102
4.885 0.03905696970438022
4.895 0.05645653222250914
4.905 0.07833521694876737
4.915 0.10950973066089251
4.925 0.15114654110040254
4.935 0.20439000432860444
4.945 0.27567418411487277
4.955 0.3662516525678048
4.965 0.4821884408005373
4.975 0.6291138059744086
4.985 0.8134654051647747
4.995 1.0424837809686545
5.005 1.32416882146704
5.015 1.668973588833632
5.025 2.083393937425734
5.035 2.5782556399101333
5.045 3.1633018972324027
5.055 3.848072201967305
5.065 4.6415365297225755
5.075 5.55168154412129
5.085 6.585060292733969
5.095 7.746320888411662
5.105 9.037733357846104
5.115 10.45873690130908
5.125 12.005531957475876
5.135 13.670742448698817
5.145 15.443173190396788
5.155 17.307685548952676
5.165 19.245210976506172
5.175 21.232917084970527
5.185 23.244534593600537
5.195 25.25084604428221
5.205 27.220328972343424
5.215 29.119937678464183
5.225 30.915999365552626
5.235 32.57519272012682
5.245 34.06557057578328
5.255 35.3575836113431
5.265 36.42505954990146
5.275 37.2460923625558
5.285 37.803798711070414
5.295 38.08690426864152
5.305 38.09013041378942
5.315 37.814361671562764
5.325 37.266585568415145
5.335 36.459608521933035
5.345 35.411563174237344
5.355 34.14523336221509
5.365 32.687231933943465
5.375 31.06707324818725
5.385 29.31618601551899
5.395 27.466912979428244
5.405 25.551541870448197
5.415 23.60140740926665
5.425 21.646097395172447
5.435 19.71278773874699
5.445 17.825722391614086
5.455 16.005845192202692
5.465 14.270582312101553
5.475 12.633766755558689
5.485 11.105690582033898
5.495 9.693266369026777
5.505 8.40027693257314
5.515 7.227691365331412
5.525 6.1740258275449005
5.535 5.235728964328624
5.545 4.407574030290196
5.555 3.683042494189103
5.565 3.0546868182286833
5.575 2.514463049991761
5.585 2.054026671869493
5.595 1.6649877138757063
5.605 1.3391233842803627
5.615 1.0685483756075786
5.625 0.8445623125258792
5.635 0.6633062212301227
5.645 0.5154057466967492
5.655 0.3982864599256319
5.665 0.30518709918666276
5.675 0.23185984410299137
5.685 0.1746379116474093
5.695 0.12914944008827234
5.705 0.0944453988677488
5.715 0.06944399566866853
5.725 0.04936140255735139
5.735 0.034480800876539555
5.745 0.024780625460509208
5.755 0.016417393588597267
5.765 0.011627132290336354
5.775 0.008152636382656711
5.785 0.005659532872666253
5.795 0.0038897362663485886
5.805 0.0026467735171049524
5.815 0.0017830784868861289
5.825 0.0
5.835 0.0
5.845 0.0
5.855 0.0
5.865 0.0
5.875 0.0
5.885 0.0
5.895 0.0
5.905 0.0
5.915 0.0
5.925 0.0
5.935 0.0
5.945 0.0
5.955 0.0
5.965 0.0
5.975 0.0
5.985 0.0
5.995 0.0
6.005 0.0
6.015 0.0
6.025 0.0
6.035 0.0
6.045 0.0
6.055 0.0
6.065 0.0
6.075 0.0
6.085 0.0
6.095 0.0
6.105 0.0
6.115 0.0
6.125 0.0
6.135 0.0
6.1450000000000005 0.0
6.155 0.0
6.165 0.0
6.175 0.0
6.185 0.0
6.195 0.0
6.205 0.0
6.215 0.0
6.225 0.0
6.235 0.0
6.245 0.0
6.255 0.0
6.265 0.0
6.275 0.0
6.285 0.0
6.295 0.0
6.305 0.0
6.315 0.0
6.325 0.0
6.335 0.0
6.345 0.0
6.355 0.0
6.365 0.0
6.375 0.0
6.385 0.0
6.3950000000000005 0.0
6.405 0.0
6.415 0.0
6.425 0.0
6.435 0.0
6.445 0.0
6.455 0.0
6.465 0.0
6.475 0.0
6.485 0.0
6.495 0.0
6.505 0.0
6.515 0.0
6.525 0.0
6.535 0.0
6.545 0.0
6.555 0.0
6.565 0.0
6.575 0.0
6.585 0.0
6.595 0.0
6.605 0.0
6.615 0.0
6.625 0.0
6.635 0.0
6.6450000000000005 0.0
6.655 0.0
6.665 0.0
6.675 0.0
6.685 0.0
6.695 0.0
6.705 0.0
6.715 0.0
6.725 0.0
6.735 0.0
6.745 0.0
6.755 0.0
6.765 0.0
6.775 0.0
6.785 0.0
6.795 0.0
6.805 0.0
6.815 0.0
6.825 0.0
6.835 0.0
6.845 0.0
6.855 0.0
6.865 0.0
6.875 0.0
6.885 0.0
6.8950000000000005 0.0
6.905 0.0
6.915 0.0
6.925 0.0
6.935 0.0
6.945 0.0
6.955 0.0
6.965 0.0
6.975 0.0
6.985 0.0
6.995 0.0
