0.005 0.0
0.015 0.0
0.025 0.0
0.034999999999999996 0.0
0.045 0.0
0.055 0.0
0.065 0.0
0.07500000000000001 0.0
0.085 0.0
0.095 0.0
0.10500000000000001 0.0
0.115 0.0
0.125 0.0
0.135 0.0
0.14500000000000002 0.0
0.155 0.0
0.165 0.0
0.17500000000000002 0.0
0.185 0.0
0.195 0.0
0.20500000000000002 0.0
0.215 0.0
0.225 0.0
0.23500000000000001 0.0
0.245 0.0
0.255 0.0
0.265 0.0
0.275 0.0
0.28500000000000003 0.0
0.295 0.0
0.305 0.0
0.315 0.0
0.325 0.0
0.335 0.0
0.34500000000000003 0.0
0.35500000000000004 0.0
0.365 0.0
0.375 0.0
0.385 0.0
0.395 0.0
0.405 0.0
0.41500000000000004 0.0
0.425 0.0
0.435 0.0
0.445 0.0
0.455 0.0
0.465 0.0
0.47500000000000003 0.0
0.485 0.0
0.495 0.0
0.505 0.0
0.515 0.0
0.525 0.0
0.535 0.0
0.545 0.0
0.555 0.0
0.5650000000000001 0.0
0.5750000000000001 0.0
0.585 0.0
0.595 0.0
0.605 0.0
0.615 0.0
0.625 0.0
0.635 0.0
0.645 0.0
0.655 0.0
0.665 0.0
0.675 0.0
0.685 0.0
0.6950000000000001 0.0
0.7050000000000001 0.0
0.715 0.0
0.725 0.0
0.735 0.0
0.745 0.0
0.755 0.0
0.765 0.0
0.775 0.0
0.785 0.0
0.795 0.0
0.805 0.0
0.8150000000000001 0.0
0.8250000000000001 0.0
0.8350000000000001 0.0
0.845 0.0
0.855 0.0
0.865 0.0
0.875 0.0
0.885 0.0
0.895 0.0
0.905 0.0
0.915 0.0
0.925 0.0
0.935 0.0
0.9450000000000001 0.0
0.9550000000000001 0.0
0.965 0.0
0.975 0.0
0.985 0.0
0.995 0.0
1.005 0.0
1.015 0.0
1.025 0.0
1.035 0.0
1.045 0.0
1.055 0.0
1.065 0.0
1.075 0.0
1.085 0.0
1.095 0.0
1.105 0.0
1.115 0.0
1.125 0.0
1.135 0.0
1.145 0.0
1.155 0.0
1.1649999999999998 0.0
1.1749999999999998 0.0
1.1849999999999998 0.0
1.1949999999999998 0.0
1.2049999999999998 0.0
1.2149999999999999 0.0
1.2249999999999999 0.0
1.2349999999999999 0.0
1.2449999999999999 0.0
1.255 0.0
1.265 0.0
1.275 0.0
1.285 0.0
1.295 0.0
1.305 0.0
1.315 0.0
1.325 0.0
1.335 0.0
1.345 0.0
1.355 0.0
1.365 0.0
1.375 0.0
1.385 0.0
1.395 0.0
1.405 0.0
1.4149999999999998 0.0
1.4249999999999998 0.0
1.4349999999999998 0.0
1.4449999999999998 0.0
1.4549999999999998 0.0
1.4649999999999999 0.0
1.4749999999999999 0.0
1.4849999999999999 0.0
1.4949999999999999 0.0
1.505 0.0
1.515 0.0
1.525 0.0
1.535 0.0
1.545 0.0
1.555 0.0
1.565 0.0
1.575 0.0
1.585 0.0
1.595 0.0
1.605 0.0
1.615 0.0
1.625 0.0
1.635 0.0
1.645 0.0
1.655 0.0
1.665 0.0
1.6749999999999998 0.0
1.6849999999999998 0.0
1.6949999999999998 0.0
1.7049999999999998 0.0
1.7149999999999999 0.0
1.7249999999999999 0.0
1.7349999999999999 0.0
1.7449999999999999 0.0
1.755 0.0
1.765 0.0
1.775 0.0
1.785 0.0
1.795 0.0
1.805 0.0
1.815 0.0
1.825 0.0
1.835 0.0
1.845 0.0
1.855 0.0
1.865 0.0
1.875 0.0
1.885 0.0
1.895 0.0
1.905 0.0
1.915 0.0
1.9249999999999998 0.0
1.9349999999999998 0.0
1.9449999999999998 0.0
1.9549999999999998 0.0
1.9649999999999999 0.0
1.9749999999999999 0.0
1.9849999999999999 0.0
1.9949999999999999 0.0
2.005 0.0
2.015 0.0
2.025 0.0
2.035 0.0
2.045 0.0
2.0549999999999997 0.0
2.065 0.0
2.0749999999999997 0.0
2.085 0.0
2.0949999999999998 0.0
2.105 0.0
2.1149999999999998 0.0
2.125 0.0
2.135 0.0
2.145 0.0
2.155 0.0
2.165 0.0
2.175 0.0
2.185 0.0
2.195 0.0
2.205 0.0
2.215 0.0
2.225 0.0
2.235 0.0075301867205172955
2.245 0.01117769012261847
2.255 0.016426893484831336
2.265 0.02390098898927726
2.275 0.03442970944767407
2.285 0.04910298554680508
2.295 0.06933292061767551
2.305 0.09692328975687202
2.315 0.13414480333278317
2.3249999999999997 0.1838131657832414
2.335 0.2493655365832733
2.3449999999999998 0.3349294251329414
2.355 0.4453764316423395
2.3649999999999998 0.5863517341202223
2.375 0.7642690129536601
2.385 0.9862598292391038
2.395 1.260066578193691
2.405 1.5938692639444498
2.415 1.996038685877641
2.425 2.474812311489897
2.435 3.037894143433308
2.445 3.691986128307309
2.455 4.44226579027501
2.465 5.291832315851612
2.475 6.241150618689955
2.485 7.287529206369502
2.495 8.424672132047055
2.505 9.64234715122727
2.515 10.926210758346501
2.525 12.257825623101683
2.535 13.614896979469075
2.545 14.971742025102797
2.555 16.299991060935064
2.565 17.569502024143073
2.5749999999999997 18.74945263900062
2.585 19.809558216038784
2.5949999999999998 20.721349786460188
2.605 21.45943823178904
2.6149999999999998 22.00268649701331
2.625 22.335214519762083
2.635 22.447170248441587
2.645 22.335214519762083
2.655 22.00268649701331
2.665 21.45943823178904
2.675 20.721349786460188
2.685 19.809558216038784
2.695 18.74945263900062
2.705 17.569502024143073
2.715 16.299991060935064
2.725 14.971742025102797
2.735 13.614896979469075
2.745 12.257825623101683
2.755 10.926210758346501
2.765 9.64234715122727
2.775 8.424672132047055
2.785 7.287529206369502
2.795 6.241150618689955
2.805 5.291832315851612
2.815 4.44226579027501
2.8249999999999997 3.691986128307309
2.835 3.037894143433308
2.8449999999999998 2.474812311489897
2.855 1.996038685877641
2.8649999999999998 1.5938692639444498
2.875 1.260066578193691
2.885 0.9862598292391038
2.895 0.7642690129536601
2.905 0.5863517341202223
2.915 0.4453764316423395
2.925 0.3349294251329414
2.935 0.2493655365832733
2.945 0.1838131657832414
2.955 0.13414480333278317
2.965 0.09692328975687202
2.975 0.06933292061767551
2.985 0.04910298554680508
2.995 0.03442970944767407
3.005 0.02390098898927726
3.015 0.016426893484831336
3.025 0.01117769012261847
3.035 0.0075301867205172955
3.045 0.0
3.055 0.0
3.065 0.0
3.075 0.0
3.085 0.0
3.0949999999999998 0.0
3.105 0.0
3.1149999999999998 0.0
3.125 0.0
3.135 0.0
3.145 0.0
3.155 0.0
3.165 0.0
3.175 0.0
3.185 0.0
3.195 0.0
3.205 0.0
3.215 0.0
3.225 0.0
3.235 0.0
3.245 0.0
3.255 0.0
3.265 0.0
3.275 0.0
3.285 0.0
3.295 0.0
3.305 0.0
3.315 0.0
3.325 0.0
3.335 0.0
3.3449999999999998 0.0
3.355 0.0
3.3649999999999998 0.0
3.375 0.0
3.385 0.0
3.395 0.0
3.405 0.0
3.415 0.0
3.425 0.0
3.435 0.0
3.445 0.0
3.455 0.0035181835792568524
3.465 0.0052223360858064255
3.475 0.007674819903080017
3.485 0.01116679706772232
3.495 0.01608592760221359
3.505 0.022941438752449514
3.515 0.0323930802611317
3.525 0.04528359509878874
3.535 0.06267388337690738
3.545 0.08587947225104031
3.555 0.11650623930074046
3.565 0.1564826009562355
3.575 0.20808462081328702
3.585 0.2739497862688899
3.5949999999999998 0.3570746372307348
3.605 0.4607911151333731
3.6149999999999998 0.5887165496298443
3.625 0.7446727259249627
3.635 0.9325705708043491
3.645 1.1562587169722032
3.655 1.4193365566655443
3.665 1.7249353108421404
3.675 2.0754739740326613
3.685 2.472400519243823
3.695 2.9159321590946345
3.705 3.404811399609306
3.715 3.9360967072480038
3.725 4.505007468209428
3.735 5.104842243656012
3.745 5.726986916152817
3.755 6.361025133139234
3.765 6.994957615336255
3.775 7.615529736648514
3.785 8.208658803724045
3.795 8.759944320484866
3.805 9.255236956888185
3.815 9.681235706961814
3.825 10.02607850366431
3.835 10.279889889371956
3.8449999999999998 10.43525052951251
3.855 10.487557440464768
3.8649999999999998 10.43525052951251
3.875 10.279889889371956
3.885 10.02607850366431
3.895 9.681235706961814
3.905 9.255236956888185
3.915 8.759944320484866
3.925 8.208658803724045
3.935 7.615529736648514
3.945 6.994957615336255
3.955 6.361025133139234
3.965 5.726986916152817
3.975 5.104842243656012
3.985 4.505007468209428
3.995 3.9360967072480038
4.005 3.404811399609306
4.015 2.9159321590946345
4.025 2.472400519243823
4.035 2.0754739740326613
4.045 1.7249353108421404
4.055 1.4193365566655443
4.065 1.1562587169722032
4.075 0.9325705708043491
4.085 0.7446727259249627
4.095 0.5887165496298443
4.1049999999999995 0.4607911151333731
4.115 0.3570746372307348
4.125 0.2739497862688899
4.135 0.20808462081328702
4.145 0.1564826009562355
4.155 0.11650623930074046
4.165 0.08587947225104031
4.175 0.06267388337690738
4.185 0.04528359509878874
4.195 0.0323930802611317
4.205 0.022941438752449514
4.215 0.01608592760221359
4.225 0.01116679706772232
4.235 0.007674819903080017
4.245 0.0052223360858064255
4.255 0.0035181835792568524
4.265 0.0
4.275 0.0
4.285 0.0
4.295 0.0
4.305 0.0
4.315 0.0
4.325 0.0
4.335 0.0
4.345 0.0
4.355 0.002312417795821697
4.365 0.003432516418921911
4.375 0.005044475287829515
4.385 0.007339668235045623
4.395 0.010572894907751054
4.405 0.015078858177185735
4.415 0.021291195746284505
4.425 0.02976382238340791
4.435 0.0411940423201644
4.445 0.05644652004516187
4.455 0.07657676042595857
4.465 0.10285226539090911
4.475 0.13676903702310336
4.485 0.1822516116272139
4.495 0.2379488606773678
4.505 0.30764652263112485
4.515 0.39390350528060225
4.525 0.4994731951035357
4.535 0.6272432762350957
4.545 0.7801542275794094
4.555 0.9610966688544965
4.565 1.172789361242181
4.575 1.417641507730365
4.585 1.6997088581840831
4.595 2.0171463273590344
4.605 2.3720771866545247
4.615 2.7643846762977238
4.625 3.1930245642448063
4.635 3.655971680448478
4.645 4.150211441045533
4.655 4.6717814569657214
4.665 5.215864896190109
4.675 5.776933296189547
4.685 6.3489323455135676
4.695 6.925500176850398
4.705 7.500204364499872
4.715 8.06678149393643
4.725 8.619362186115048
4.735 9.15266500471673
4.745 9.662144783157334
4.755 10.144084441164079
4.765 10.595624016290945
4.775 11.014725978880247
4.785 11.400081409435138
4.795 11.750966749669717
4.805 12.067065085724039
4.815 12.348268874459421
4.825 12.594482414333752
4.835 12.80544209291837
4.845 12.980570588398308
4.855 13.120771303358431
4.865 13.221729007586688
4.875 13.282937573210368
4.885 13.302304332867791
4.895 13.27755234204092
4.905 13.206405314659126
4.915 13.08680523848012
4.925 12.917147648781825
4.935 12.696518378262127
4.945 12.424915493997883
4.955 12.103440997288345
4.965 11.734448575559853
4.975 11.321636109307759
4.985 10.870074592310539
4.995 10.38616845818881
5.005 9.877545859969096
5.015 9.352881063280304
5.025 8.82165463304268
5.035 8.293860367833094
5.045 7.779670823678979
5.055 7.289075641286801
5.065 6.8315086381186445
5.075 6.415480664162513
5.085 6.048235490906565
5.095 5.7354454803823
5.105 5.480962468844162
5.115 5.286637230243173
5.125 5.152218118034085
5.135 5.075336106612589
5.145 5.051579579807729
5.155 5.074657986732991
5.165 5.135106750784412
5.175 5.228983811175868
5.185 5.341340137699489
5.195 5.462787226518881
5.205 5.582776348747578
5.215 5.691182327398816
5.225 5.778744243795471
5.235 5.837463562673602
5.245 5.860940176898268
5.255 5.844630139461177
5.265 5.786013192107853
5.275 5.684663319341895
5.285 5.542221074855488
5.295 5.3608105880636785
5.305 5.149174880983448
5.315 4.91197897318736
5.325 4.657187235292556
5.335 4.393509293470057
5.345 4.130018161398463
5.355 3.875767884061072
5.365 3.639427112431271
5.375 3.4289424596005915
5.385 3.251242541054218
5.395 3.110587320024928
5.405 3.014464308665915
5.415 2.9634460960061406
5.425 2.958514404849077
5.435 3.0004751044740483
5.445 3.084598057543108
5.455 3.208018208442263
5.465 3.3654420695029774
5.475 3.5503732592583725
5.485 3.755359644145866
5.495 3.9722804251514394
5.505 4.192665217309426
5.515 4.408034873436082
5.525 4.611740837278228
5.535 4.7940739087554265
5.545 4.949676146121527
5.555 5.073523008059537
5.565 5.162157440334712
5.575 5.213864280244305
5.585 5.228766997597827
5.595 5.208839246129894
5.605 5.157828240991194
5.615 5.081091919627201
5.625 4.985356800802697
5.635 4.878408042341909
5.645 4.768727062614529
5.655 4.6650949563716155
5.665 4.574918826355353
5.675 4.5093070647095335
5.685 4.473686412328185
5.695 4.4741281802659145
5.705 4.515181820623105
5.715 4.599670279001407
5.725 4.728561603582861
5.735 4.900920578117345
5.745 5.113940217857518
5.755 5.363049330420861
5.765 5.642089153873792
5.775 5.943549451860685
5.785 6.258852435885057
5.795 6.578671523653379
5.805 6.893271221483292
5.815 7.192854302214274
5.825 7.467902880535341
5.835 7.709500892774044
5.845 7.90962678665189
5.855 8.061406833930528
5.865 8.159321313140133
5.875 8.199357795109059
5.885 8.179107834407674
5.895 8.097805468523305
5.905 7.956308005374782
5.915 7.757021595409573
5.925 7.503775994298664
5.935 7.20165467959489
5.945 6.856788036163086
5.955 6.476118609704404
5.965 6.067148379297956
5.975 5.63767855345403
5.985 5.19443050546845
5.995 4.747671086314808
6.005 4.302991766262468
6.015 3.8670374857040826
6.025 3.445674967593704
6.035 3.043883188905413
6.045 2.665685874789233
6.055 2.314125785979314
6.065 1.9912784063160964
6.075 1.6983007489930595
6.085 1.4355095068698136
6.095 1.203721149210455
6.105 1.0000106562703475
6.115 0.8237344160734321
6.125 0.6730741007882795
6.135 0.5459910413038258
6.1450000000000005 0.44034564770158346
6.155 0.35400491065181566
6.165 0.28493555944174065
6.175 0.23128153866269155
6.185 0.19142536951028127
6.195 0.16403363109888502
6.205 0.14808721210954506
6.215 0.14289715488331486
6.225 0.1481068822166976
6.235 0.16368142352876913
6.245 0.1888597913623083
6.255 0.226563921106215
6.265 0.27604763927657944
6.275 0.33823959172603174
6.285 0.4141388302212956
6.295 0.5047340688679673
6.305 0.6109128130803129
6.315 0.733363125871786
6.325 0.8724718465745233
6.335 1.0272307875552515
6.345 1.1994542069811769
6.355 1.3866165259946905
6.365 1.5870336197903538
6.375 1.7983446912304855
6.385 2.0175151406899903
6.3950000000000005 2.240875473317656
6.405 2.464198557468657
6.415 2.682815025249702
6.425 2.8917637954718063
6.435 3.085971830725223
6.445 3.2604545749056877
6.455 3.410526321318182
6.465 3.532008275736986
6.475 3.6214214909305475
6.485 3.6761522679237344
6.495 3.6945790578490363
6.505 3.6761522679237344
6.515 3.6214214909305475
6.525 3.532008275736986
6.535 3.410526321318182
6.545 3.2604545749056877
6.555 3.085971830725223
6.565 2.8917637954718063
6.575 2.682815025249702
6.585 2.464198557468657
6.595 2.240875473317656
6.605 2.0175151406899903
6.615 1.7983446912304855
6.625 1.5870336197903538
6.635 1.3866165259946905
6.6450000000000005 1.1994542069811769
6.655 1.0272307875552515
6.665 0.8709825174133691
6.675 0.7311523892098911
6.685 0.6076638828210572
6.695 0.500006903234057
6.705 0.40732928190680634
6.715 0.3285279456555121
6.725 0.2623348929216256
6.735 0.2073943191843129
6.745 0.16232847483114424
6.755 0.12579101323551378
6.765 0.09650761380777777
6.775 0.07330449312734905
6.785 0.0551260237374237
6.795 0.04104306596390747
6.805 0.03025380327869365
6.815 0.02207888903711533
6.825 0.015952601267343894
6.835 0.011411503262927204
6.845 0.00808185887446926
6.855 0.005666784814537365
6.865 0.00393386303949803
6.875 0.002703701891279063
6.885 0.001839735672028384
6.8950000000000005 0.0012393931997396242
6.905 0.0
6.915 0.0
6.925 0.0
6.935 0.0
6.945 0.0
6.955 0.0
6.965 0.0
6.975 0.0
6.985 0.0
6.995 0.0
