0.005 0.0
0.015 0.0
0.025 0.0
0.034999999999999996 0.0
0.045 0.0
0.055 0.0
0.065 0.0
0.07500000000000001 0.0
0.085 0.0
0.095 0.0
0.10500000000000001 0.0
0.115 0.0
0.125 0.0
0.135 0.0
0.14500000000000002 0.0
0.155 0.0
0.165 0.0
0.17500000000000002 0.0
0.185 0.0
0.195 0.0
0.20500000000000002 0.0
0.215 0.0
0.225 0.0
0.23500000000000001 0.0
0.245 0.0
0.255 0.0
0.265 0.0
0.275 0.0
0.28500000000000003 0.0
0.295 0.0
0.305 0.0
0.315 0.0
0.325 0.0
0.335 0.0
0.34500000000000003 0.0
0.35500000000000004 0.0
0.365 0.0
0.375 0.0
0.385 0.0
0.395 0.0
0.405 0.0
0.41500000000000004 0.0
0.425 0.0
0.435 0.0
0.445 0.0
0.455 0.0
0.465 0.0
0.47500000000000003 0.0
0.485 0.0
0.495 0.0
0.505 0.0
0.515 0.0
0.525 0.0
0.535 0.0
0.545 0.0
0.555 0.0
0.5650000000000001 0.0
0.5750000000000001 0.0
0.585 0.0
0.595 0.0
0.605 0.0
0.615 0.0
0.625 0.0
0.635 0.0
0.645 0.0
0.655 0.0
0.665 0.0
0.675 0.0
0.685 0.0
0.6950000000000001 0.0
0.7050000000000001 0.0
0.715 0.0
0.725 0.0
0.735 0.0
0.745 0.0
0.755 0.0
0.765 0.0
0.775 0.0
0.785 0.0
0.795 0.0
0.805 0.0
0.8150000000000001 0.0
0.8250000000000001 0.0
0.8350000000000001 0.0
0.845 0.0
0.855 0.0
0.865 0.0
0.875 0.0
0.885 0.0
0.895 0.0
0.905 0.0
0.915 0.0
0.925 0.0
0.935 0.0
0.9450000000000001 0.0
0.9550000000000001 0.0
0.965 0.0
0.975 0.0
0.985 0.0
0.995 0.0
1.005 0.0
1.015 0.0
1.025 0.0
1.035 0.0
1.045 0.0
1.055 0.0
1.065 0.0
1.075 0.0
1.085 0.0
1.095 0.0
1.105 0.0
1.115 0.0
1.125 0.0
1.135 0.0
1.145 0.0
1.155 0.0
1.1649999999999998 0.0
1.1749999999999998 0.0
1.1849999999999998 0.0
1.1949999999999998 0.0
1.2049999999999998 0.0
1.2149999999999999 0.0
1.2249999999999999 0.0
1.2349999999999999 0.0
1.2449999999999999 0.0
1.255 0.0
1.265 0.0
1.275 0.0
1.285 0.0
1.295 0.0
1.305 0.0
1.315 0.0
1.325 0.0
1.335 0.0
1.345 0.0
1.355 0.0
1.365 0.0
1.375 0.0
1.385 0.0
1.395 0.0
1.405 0.0
1.4149999999999998 0.0
1.4249999999999998 0.0
1.4349999999999998 0.0
1.4449999999999998 0.0
1.4549999999999998 0.0
1.4649999999999999 0.0
1.4749999999999999 0.0
1.4849999999999999 0.0
1.4949999999999999 0.0
1.505 0.0
1.515 0.0
1.525 0.0
1.535 0.0
1.545 0.0
1.555 0.0
1.565 0.0
1.575 0.0
1.585 0.0
1.595 0.0
1.605 0.0
1.615 0.0
1.625 0.0
1.635 0.0
1.645 0.0
1.655 0.0
1.665 0.0
1.6749999999999998 0.0
1.6849999999999998 0.0
1.6949999999999998 0.0
1.7049999999999998 0.0
1.7149999999999999 0.0
1.7249999999999999 0.0
1.7349999999999999 0.0
1.7449999999999999 0.0
1.755 0.0
1.765 0.0
1.775 0.0
1.785 0.0
1.795 0.0
1.805 0.0
1.815 0.0
1.825 0.0
1.835 0.0
1.845 0.0
1.855 0.0
1.865 0.0
1.875 0.0
1.885 0.0
1.895 0.0
1.905 0.0
1.915 0.0
1.9249999999999998 0.0
1.9349999999999998 0.0
1.9449999999999998 0.0
1.9549999999999998 0.0
1.9649999999999999 0.0
1.9749999999999999 0.0
1.9849999999999999 0.0
1.9949999999999999 0.0
2.005 0.0
2.015 0.0
2.025 0.0
2.035 0.0
2.045 0.0
2.0549999999999997 0.0
2.065 0.0
2.0749999999999997 0.0
2.085 0.0
2.0949999999999998 0.0
2.105 0.0
2.1149999999999998 0.0
2.125 0.0
2.135 0.0
2.145 0.0
2.155 0.0
2.165 0.0
2.175 0.0
2.185 0.0
2.195 0.0
2.205 0.0
2.215 0.0
2.225 0.0
2.235 0.0
2.245 0.0
2.255 0.007417165017064193
2.265 0.011009922492781734
2.275 0.016180339773349033
2.285 0.02354225545582825
2.295 0.033912948767547905
2.305 0.048365991461915815
2.315 0.06829229239895718
2.3249999999999997 0.09546855354392354
2.335 0.13213140383224448
2.3449999999999998 0.18105428637095208
2.355 0.2456227717922825
2.3649999999999998 0.3299024190877987
2.375 0.4386917098883717
2.385 0.5775510928781689
2.395 0.7527979845520549
2.405 0.9714569073348895
2.415 1.2411540496711595
2.425 1.5699466407773888
2.435 1.9660798414546328
2.445 2.4376674818126745
2.455 2.9922979339707294
2.465 3.6365725540051503
2.475 4.375591155841266
2.485 5.212406409838403
2.495 6.1474762516905574
2.505 7.178149585991173
2.515 8.298224962708813
2.525 9.497623714642552
2.535 10.762217620058014
2.545 12.073846077311766
2.555 13.41054894587179
2.565 14.747028900429937
2.5749999999999997 16.055342046992596
2.585 17.305798729484934
2.5949999999999998 18.468039288346343
2.605 19.512233581560626
2.6149999999999998 20.41033993535886
2.625 21.137350300357664
2.635 21.67244487077829
2.645 21.999981930490968
2.655 22.110257298824
2.665 21.999981930490968
2.675 21.67244487077829
2.685 21.137350300357664
2.695 20.41033993535886
2.705 19.512233581560626
2.715 18.468039288346343
2.725 17.305798729484934
2.735 16.055342046992596
2.745 14.747028900429937
2.755 13.41054894587179
2.765 12.073846077311766
2.775 10.762217620058014
2.785 9.497623714642552
2.795 8.298224962708813
2.805 7.178149585991173
2.815 6.1474762516905574
2.8249999999999997 5.212406409838403
2.835 4.375591155841266
2.8449999999999998 3.6365725540051503
2.855 2.9922979339707294
2.8649999999999998 2.4376674818126745
2.875 1.9660798414546328
2.885 1.5699466407773888
2.895 1.2411540496711595
2.905 0.9714569073348895
2.915 0.7527979845520549
2.925 0.5775510928781689
2.935 0.4386917098883717
2.945 0.3299024190877987
2.955 0.2456227717922825
2.965 0.18105428637095208
2.975 0.13213140383224448
2.985 0.09546855354392354
2.995 0.06829229239895718
3.005 0.048365991461915815
3.015 0.033912948767547905
3.025 0.02354225545582825
3.035 0.016180339773349033
3.045 0.011009922492781734
3.055 0.007417165017064193
3.065 0.0
3.075 0.0
3.085 0.0
3.0949999999999998 0.0
3.105 0.0
3.1149999999999998 0.0
3.125 0.0
3.135 0.0
3.145 0.0
3.155 0.0
3.165 0.0
3.175 0.0
3.185 0.0
3.195 0.0
3.205 0.0
3.215 0.0
3.225 0.0
3.235 0.003956930308058843
3.245 0.005873604793858366
3.255 0.008631933723539622
3.265 0.01255938945930347
3.275 0.018091976449928257
3.285 0.025802426810603827
3.295 0.03643276655953514
3.305 0.05093083571895676
3.315 0.07048983746044728
3.325 0.09658935610802322
3.335 0.1310355355204162
3.3449999999999998 0.17599728168204287
3.355 0.23403450223337965
3.3649999999999998 0.3081136011676192
3.375 0.40160481182049707
3.385 0.5182555964122306
3.395 0.6621343956639758
3.405 0.837539603155017
3.415 1.048869870741347
3.425 1.3004537876079143
3.435 1.5963396201150157
3.445 1.9400490784946218
3.455 2.3343028259974714
3.465 2.7807294098970234
3.475 3.279573131030936
3.485 3.829419675474734
3.495 4.426960676011718
3.505 5.066819336572173
3.515 5.741458493205842
3.525 6.441189776449438
3.535 7.154297828017085
3.545 7.867286958788432
3.555 8.565249580646707
3.565 9.232346771350322
3.575 9.852382173290762
3.585 10.409441917386504
3.5949999999999998 10.888566251687894
3.605 11.276413810818424
3.6149999999999998 11.561877585522625
3.625 11.736612988551661
3.635 11.795443005975493
3.645 11.736612988551661
3.655 11.561877585522625
3.665 11.276413810818424
3.675 10.888566251687894
3.685 10.409441917386504
3.695 9.852382173290762
3.705 9.232346771350322
3.715 8.565249580646707
3.725 7.867286958788432
3.735 7.154297828017085
3.745 6.441189776449438
3.755 5.741458493205842
3.765 5.066819336572173
3.775 4.426960676011718
3.785 3.829419675474734
3.795 3.279573131030936
3.805 2.7807294098970234
3.815 2.3343028259974714
3.825 1.9400490784946218
3.835 1.5963396201150157
3.8449999999999998 1.3004537876079143
3.855 1.048869870741347
3.8649999999999998 0.837539603155017
3.875 0.6621343956639758
3.885 0.5182555964122306
3.895 0.40160481182049707
3.905 0.3081136011676192
3.915 0.23403450223337965
3.925 0.17599728168204287
3.935 0.1310355355204162
3.945 0.09658935610802322
3.955 0.07048983746044728
3.965 0.05093083571895676
3.975 0.03643276655953514
3.985 0.025802426810603827
3.995 0.018091976449928257
4.005 0.01255938945930347
4.015 0.008631933723539622
4.025 0.005873604793858366
4.035 0.003956930308058843
4.045 0.002646206864926939
4.055 0.003927987636203941
4.065 0.0057726268846090625
4.075 0.0083991225569004
4.085 0.012099053699377088
4.095 0.017255436321164386
4.1049999999999995 0.0243645021449513
4.115 0.03406012151426684
4.125 0.047140251981573636
4.135 0.06459436919861032
4.145 0.08763033630824983
4.155 0.11769861451615343
4.165 0.15651114834608773
4.175 0.2060517277563813
4.185 0.2685742045703189
4.195 0.34658470335446084
4.205 0.44280400383645235
4.215 0.5601066672827616
4.225 0.7014343029287209
4.235 0.869681665426271
4.245 1.067556042849668
4.255 1.2974125875687033
4.265 1.561070749816452
4.275 1.8596196245830654
4.285 2.1932225886539274
4.295 2.560933816117349
4.305 2.9605408282691448
4.315 3.3884478795279445
4.325 3.839614472984658
4.335 4.307561487758265
4.345 4.784454249212712
4.355 5.261267482092468
4.365 5.728031700219383
4.375 6.174154585431221
4.385 6.588804783785972
4.395 6.961339856238068
4.405 7.281755431917961
4.415 7.541129439952955
4.425 7.732034040615681
4.435 7.848888770682445
4.445 7.888231489368609
4.455 7.848888770682445
4.465 7.732034040615681
4.475 7.541129439952955
4.485 7.281755431917961
4.495 6.961339856238068
4.505 6.590977931922048
4.515 6.177380372168942
4.525 5.732772362607052
4.535 5.26816510516613
4.545 4.794390371873255
4.555 4.321732193675299
4.565 3.859623366894085
4.575 3.416419120387564
4.585 2.999253882824967
4.595 2.613980739578051
4.605 2.2651873713532726
4.615 1.9562774211236862
4.625 1.6896026173780607
4.635 1.4666287339115838
4.645 1.288117609594824
4.655 1.1543079023504892
4.665 1.0650788495204058
4.675 1.0200838429684802
4.685 1.018843869877454
4.695 1.060794584392133
4.705 1.145284735188431
4.715 1.273526038461093
4.725 1.441477796795546
4.735 1.649236010219106
4.745 1.8951164424800153
4.755 2.176850602715226
4.765 2.4914603200040686
4.775 2.835159537912219
4.785 3.2032980547278083
4.795 3.590359659574895
4.805 3.9900236367392057
4.815 4.395294073084828
4.825 4.800611176187465
4.835 5.195374876466135
4.845 5.573364068651615
4.855 5.925772127483928
4.865 6.250497387418465
4.875 6.539898440601586
4.885 6.79040526534574
4.895 7.000115208948891
4.905 7.168948621101801
4.915 7.300553255678007
4.925 7.395740383453276
4.935 7.46112494835904
4.945 7.503504409026137
4.955 7.530741765575047
4.965 7.551348878495022
4.975 7.574031632297381
4.985 7.607226910615114
4.995 7.65866174853858
5.005 7.734962928153349
5.015 7.841340885592496
5.025 7.981365523904563
5.035 8.156843973691752
5.045 8.367802225010074
5.055 8.612564621989076
5.065 8.887918181743302
5.075 9.189343178374665
5.085 9.51128786048766
5.095 9.847463778537456
5.105 10.19113899437414
5.115 10.535409221127136
5.125 10.873431302902045
5.135 11.19860885978327
5.145 11.504725788422277
5.155 11.7860290077242
5.165 12.037266814217409
5.175 12.253693014222865
5.185 12.431049331203464
5.195 12.56553931851788
5.205 12.655470424861296
5.215 12.695395126130355
5.225 12.68404507906259
5.235 12.619559741022876
5.245 12.500667287085395
5.255 12.326776191997165
5.265 12.098079666937409
5.275 11.815662728661746
5.285 11.481600333896886
5.295 11.099034799779199
5.305 10.672221617665084
5.315 10.205085182510981
5.325 9.707466966558052
5.335 9.184698725882168
5.345 8.645106708091905
5.355 8.097654178819893
5.365 7.551715066681268
5.375 7.01681458019952
5.385 6.502347612728039
5.395 6.017286871757033
5.405 5.5698931039642385
5.415 5.167439599597061
5.425 4.817503352849947
5.435 4.52233420014672
5.445 4.286020247422325
5.455 4.109919234512825
5.465 3.9936373057530217
5.475 3.935043412332762
5.485 3.9303487891397224
5.495 3.9742509191169413
5.505 4.060138910653237
5.515 4.180354529793247
5.525 4.3251674382675755
5.535 4.488903131111333
5.545 4.660804850843527
5.555 4.832435775451174
5.565 4.99604291335728
5.575 5.144886348622381
5.585 5.273517216651168
5.595 5.377987790441568
5.605 5.455980012240301
5.615 5.5068430100446255
5.625 5.531535382772132
5.635 5.531196650666145
5.645 5.512453708423263
5.655 5.4780050554058155
5.665 5.432998950336296
5.675 5.382733196793076
5.685 5.332265576023865
5.695 5.286046380455925
5.705 5.247598233578354
5.715 5.219265094385876
5.725 5.200812937853284
5.735 5.194718745728116
5.745 5.197401234362861
5.755 5.205862473601114
5.765 5.216056714520391
5.775 5.2231782564854266
5.785 5.221996332505066
5.795 5.207212811195065
5.805 5.1738174632829015
5.815 5.118770051104477
5.825 5.036521842014313
5.835 4.9256727282967745
5.845 4.7851974688626076
5.855 4.615411215457648
5.865 4.417951572277216
5.875 4.1956865106758885
5.885 3.952559507417506
5.895 3.693386861655738
5.905 3.423624235056151
5.915 3.1491199727619437
5.925 2.8758717721294094
5.935 2.609800978573067
5.945 2.3565555184817493
5.955 2.121348613951853
5.965 1.9088363783002653
5.975 1.723033567705718
5.985 1.5672635152769223
5.995 1.4441358710343084
6.005 1.3555443850563464
6.015 1.3015666505927865
6.025 1.2852955340413674
6.035 1.3049379991418733
6.045 1.3596797172611734
6.055 1.448027786807651
6.065 1.5678127654441454
6.075 1.7161900107486447
6.085 1.8896463561647168
6.095 2.084019166101286
6.105 2.2945349173034177
6.115 2.515873595774084
6.125 2.7422634320801254
6.135 2.9676079728273876
6.1450000000000005 3.185644438007309
6.155 3.390129042849903
6.165 3.5750418045393384
6.175 3.734800646204919
6.185 3.864472656530519
6.195 3.959969398973349
6.205 4.018213330530323
6.215 4.037263713687979
6.225 4.016392795370958
6.235 3.9550785340779107
6.245 3.8574272971366748
6.255 3.7247526909349578
6.265 3.5608541929848823
6.275 3.37029560768808
6.285 3.158194355928273
6.295 2.929994242272055
6.305 2.691235704752422
6.315 2.4473369101763893
6.325 2.203397435262304
6.335 1.9640338753639623
6.345 1.7332538115799159
6.355 1.5143714341713068
6.365 1.3099650506082658
6.375 1.1218739513140088
6.385 0.9512298600993808
6.3950000000000005 0.7985165844257363
6.405 0.663650554043197
6.415 0.5472004105083889
6.425 0.44652929139901454
6.435 0.36125238678125493
6.445 0.29007803351441375
6.455 0.2316495528588996
6.465 0.1846251976648398
6.475 0.14774568062432955
6.485 0.11988892994789499
6.495 0.10011247895228656
6.505 0.0876843776385601
6.515 0.08210372277618476
6.525 0.08311186975130054
6.535 0.09069516620689332
6.545 0.1050797000759339
6.555 0.12671815667011158
6.565 0.15626850674473186
6.575 0.19456397203937673
6.585 0.24257359983618515
6.595 0.3013528725040962
6.605 0.37198411150901234
6.615 0.45550701396082643
6.625 0.5519376532343431
6.635 0.664101562172367
6.6450000000000005 0.791108473384189
6.655 0.933027889663586
6.665 1.0894574432988005
6.675 1.2594559145764428
6.685 1.4414936225015655
6.695 1.633426268443345
6.705 1.8324975427988388
6.715 2.0353744642374285
6.725 2.2382175530962356
6.735 2.436785649039801
6.745 2.6265726302031216
6.755 2.802970685521786
6.765 2.9614523709985794
6.775 3.0977616858572397
6.785 3.209228788841673
6.795 3.290987591992384
6.805 3.3414839814739925
6.815 3.3593382784825514
6.825 3.344175332862871
6.835 3.296657277041889
6.845 3.2184680586344614
6.855 3.1122513429775625
6.865 2.981506500502859
6.875 2.8304500431981627
6.885 2.6638518138934453
6.8950000000000005 2.4868563032845823
6.905 2.304799607834145
6.915 2.123031781695601
6.925 1.9467528056274588
6.935 1.780868300106424
6.945 1.6298687046165452
6.955 1.497733207754459
6.965 1.3878575102983388
6.975 1.3030027627884335
6.985 1.245261903551511
6.995 1.2160392154067101
