0.005 0.0
0.015 0.0
0.025 0.0
0.034999999999999996 0.0
0.045 0.0
0.055 0.0
0.065 0.0
0.07500000000000001 0.0
0.085 0.0
0.095 0.0
0.10500000000000001 0.0
0.115 0.0
0.125 0.0
0.135 0.0
0.14500000000000002 0.0
0.155 0.0
0.165 0.0
0.17500000000000002 0.0
0.185 0.0
0.195 0.0
0.20500000000000002 0.0
0.215 0.0
0.225 0.0
0.23500000000000001 0.0
0.245 0.0
0.255 0.0
0.265 0.0
0.275 0.0
0.28500000000000003 0.0
0.295 0.0
0.305 0.0
0.315 0.0
0.325 0.0
0.335 0.0
0.34500000000000003 0.0
0.35500000000000004 0.0
0.365 0.0
0.375 0.0
0.385 0.0
0.395 0.0
0.405 0.0
0.41500000000000004 0.0
0.425 0.0
0.435 0.0
0.445 0.0
0.455 0.0
0.465 0.0
0.47500000000000003 0.0
0.485 0.0
0.495 0.0
0.505 0.0
0.515 0.0
0.525 0.0
0.535 0.0
0.545 0.0
0.555 0.0
0.5650000000000001 0.0
0.5750000000000001 0.0
0.585 0.0
0.595 0.0
0.605 0.0
0.615 0.0
0.625 0.0
0.635 0.0
0.645 0.0
0.655 0.0
0.665 0.0
0.675 0.0
0.685 0.0
0.6950000000000001 0.0
0.7050000000000001 0.0
0.715 0.0
0.725 0.0
0.735 0.0
0.745 0.0
0.755 0.0
0.765 0.0
0.775 0.0
0.785 0.0
0.795 0.0
0.805 0.0
0.8150000000000001 0.0
0.8250000000000001 0.0
0.8350000000000001 0.0
0.845 0.0
0.855 0.0
0.865 0.0
0.875 0.0
0.885 0.0
0.895 0.0
0.905 0.0
0.915 0.0
0.925 0.0
0.935 0.0
0.9450000000000001 0.0
0.9550000000000001 0.0
0.965 0.0
0.975 0.0
0.985 0.0
0.995 0.0
1.005 0.0
1.015 0.0
1.025 0.0
1.035 0.0
1.045 0.0
1.055 0.0
1.065 0.0
1.075 0.0
1.085 0.0
1.095 0.0
1.105 0.0
1.115 0.0
1.125 0.0
1.135 0.0
1.145 0.0
1.155 0.0
1.1649999999999998 0.0
1.1749999999999998 0.0
1.1849999999999998 0.0
1.1949999999999998 0.0
1.2049999999999998 0.0
1.2149999999999999 0.0
1.2249999999999999 0.0
1.2349999999999999 0.0
1.2449999999999999 0.0
1.255 0.0
1.265 0.0
1.275 0.0
1.285 0.0
1.295 0.0
1.305 0.0
1.315 0.0
1.325 0.0
1.335 0.0
1.345 0.0
1.355 0.01697509013239722
1.365 0.025197555431988025
1.375 0.03703068832815672
1.385 0.05387933359487047
1.395 0.07761393479315556
1.405 0.1106914923046628
1.4149999999999998 0.1562952713271541
1.4249999999999998 0.21849147180753176
1.4349999999999998 0.3023988928670634
1.4449999999999998 0.41436489857418113
1.4549999999999998 0.562137781773872
1.4649999999999999 0.7550220719139216
1.4749999999999999 1.0039996816247336
1.4849999999999999 1.3217963784162878
1.4949999999999999 1.722870343299456
1.505 2.223298055768048
1.515 2.8405329816562452
1.525 3.593015076371971
1.535 4.499614399760466
1.545 5.578900445302818
1.555 6.848240131543443
1.565 8.322741469984624
1.575 10.014076009100982
1.585 11.929230158710126
1.595 14.069251960707117
1.605 16.44107988207591
1.615 19.010809313755445
1.625 21.76484638932613
1.635 24.6719332952633
1.645 27.691940351318138
1.655 30.776491570245653
1.665 33.870129852018884
1.6749999999999998 36.91201757926976
1.6849999999999998 39.8381282154555
1.6949999999999998 42.583843129984494
1.7049999999999998 45.08682890911986
1.7149999999999999 47.2900376111475
1.7249999999999999 49.14464927763498
1.7349999999999999 50.612765349552674
1.7449999999999999 51.669665285067204
1.755 52.30545721261688
1.765 52.525986090423736
1.775 52.35290746205421
1.785 51.822888227315765
1.795 50.98595377751011
1.805 49.90305881783574
1.815 48.64301265241698
1.825 47.278934487518825
1.835 45.88444704012383
1.845 44.52983508709462
1.855 43.278398407823396
1.865 42.18321592863668
1.875 41.284510970868794
1.885 40.60776850190483
1.895 40.16270709649152
1.905 39.94315433277832
1.915 39.92781821308358
1.9249999999999998 40.08189255802364
1.9349999999999998 40.35938461452672
1.9449999999999998 40.706011395988
1.9549999999999998 41.0624800443655
1.9649999999999999 41.367948599715476
1.9749999999999999 41.563458027649006
1.9849999999999999 41.59513437279909
1.9949999999999999 41.416980762544526
2.005 40.99311108583962
2.015 40.299318124187735
2.025 39.323915674843406
2.035 38.06784330951327
2.045 36.54407022632658
2.0549999999999997 34.77637769459593
2.065 32.79763482457756
2.0749999999999997 30.647707498292803
2.085 28.371153871121045
2.0949999999999998 26.01486152370362
2.105 23.625771766369432
2.1149999999999998 21.248817356118227
2.125 18.92517328912852
2.135 16.690889151849994
2.145 14.575938686011462
2.155 12.603690549367034
2.165 10.779454153956173
2.175 9.13983131064377
2.185 7.672495562366138
2.195 6.376643929718922
2.205 5.246923627455255
2.215 4.274392252522067
2.225 3.4474744832319573
2.235 2.75286428861982
2.245 2.1763342595667754
2.255 1.703426701694171
2.265 1.320013454210242
2.275 1.0127221761182794
2.285 0.7692355335511719
2.295 0.5784760861594569
2.305 0.4306937187393666
2.315 0.3174744072864407
2.3249999999999997 0.2316892903028075
2.335 0.16740184978969727
2.3449999999999998 0.11974891888044074
2.355 0.08480862165689267
2.3649999999999998 0.059465553260936506
2.375 0.04128078791634822
2.385 0.02837184295495005
2.395 0.019305638588992396
2.405 0.01300582336235686
2.415 0.0
2.425 0.0
2.435 0.0
2.445 0.0
2.455 0.0
2.465 0.0
2.475 0.0
2.485 0.0
2.495 0.0
2.505 0.0
2.515 0.0
2.525 0.0
2.535 0.0
2.545 0.0
2.555 0.0
2.565 0.0
2.5749999999999997 0.0
2.585 0.0
2.5949999999999998 0.0
2.605 0.0
2.6149999999999998 0.0
2.625 0.0
2.635 0.0
2.645 0.0
2.655 0.0
2.665 0.0
2.675 0.0
2.685 0.0
2.695 0.0
2.705 0.0
2.715 0.0
2.725 0.0
2.735 0.0
2.745 0.0
2.755 0.0
2.765 0.0
2.775 0.0
2.785 0.0
2.795 0.0
2.805 0.0
2.815 0.0
2.8249999999999997 0.0
2.835 0.004995955826191552
2.8449999999999998 0.007415917846937969
2.855 0.010898539074491021
2.8649999999999998 0.015857280785265434
2.875 0.02284263510233026
2.885 0.03257772427575449
2.895 0.045999418283077714
2.905 0.06430444451465504
2.915 0.08899932188105143
2.925 0.12195214947636955
2.935 0.16544333514999526
2.945 0.22221130430892644
2.955 0.295488154689356
2.965 0.389019219708566
2.975 0.5070597011412759
2.985 0.6543410838140941
2.995 0.8360001147864716
3.005 1.057463875855112
3.015 1.3242860332856503
3.025 1.6419317933552073
3.035 2.015512431303458
3.045 2.4494744011697214
3.055 2.9472527681081524
3.065 3.510903709409136
3.075 4.140735675335431
3.085 4.834962976137423
3.0949999999999998 5.589408521195701
3.105 6.397283655275165
3.1149999999999998 7.249072077804746
3.125 8.132541411133563
3.135 9.032900034503207
3.145 9.933108510410332
3.155 10.814344760650838
3.165 11.656610819707792
3.175 12.439457429985593
3.185 13.142791999306622
3.195 13.747726588260113
3.205 14.237416605990777
3.215 14.597838523327937
3.225 14.818456600180824
3.235 14.892734422993358
3.245 14.818456600180824
3.255 14.597838523327937
3.265 14.237416605990777
3.275 13.747726588260113
3.285 13.142791999306622
3.295 12.439457429985593
3.305 11.656610819707792
3.315 10.814344760650838
3.325 9.936876543348944
3.335 9.038493243028155
3.3449999999999998 8.140761270484631
3.355 7.26103190258992
3.3649999999999998 6.414511950413218
3.375 5.613979182427845
3.385 4.869656502116779
3.395 4.189235156407738
3.405 3.578028477527372
3.415 3.0392311066179944
3.425 2.5742545149271434
3.435 2.183107891130924
3.445 1.864793871919329
3.455 1.6176907959800744
3.465 1.4398967319919258
3.475 1.3295150381918333
3.485 1.2848662683414611
3.495 1.304616535956867
3.505 1.3878177614022134
3.515 1.5338604092805777
3.525 1.7423442865746128
3.535 2.012877649422883
3.545 2.3448191833341716
3.555 2.736981265996493
3.565 3.1873161278764175
3.575 3.6926088729847573
3.585 4.24820255122439
3.5949999999999998 4.847780318569687
3.605 5.483227952950138
3.6149999999999998 6.144596469536094
3.625 6.820179289927472
3.635 7.4967115258133195
3.645 8.156358599895109
3.655 8.7916096637585
3.665 9.382045591543163
3.675 9.912512216202524
3.685 10.368763939833338
3.695 10.738096291982238
3.705 11.009932493816688
3.715 11.176326315010444
3.725 11.232347883795907
3.735 11.176326315010444
3.745 11.009932493816688
3.755 10.738096291982238
3.765 10.368763939833338
3.775 9.912512216202524
3.785 9.382045591543163
3.795 8.7916096637585
3.805 8.156358599895109
3.815 7.491715569987128
3.825 6.812763372080534
3.835 6.1336979304616035
3.8449999999999998 5.470272100951211
3.855 4.829244518488881
3.8649999999999998 4.2219542133763515
3.875 3.6558186576138083
3.885 3.136277669160572
3.895 2.666901636421677
3.905 2.2495814486774206
3.915 1.8847794736168177
3.925 1.5718198272767199
3.935 1.3091966352215816
3.945 1.0948806672792233
3.955 0.9266072702881832
3.965 0.8021315533313604
3.975 0.7194399719384648
3.985 0.676910562599092
3.995 0.6734169410866665
4.005 0.7083737369554681
4.015 0.781723413848728
4.025 0.8965366826530974
4.035 1.049502820904516
4.045 1.24346960952164
4.055 1.4795204116617862
4.065 1.758535429632068
4.075 2.080959044203831
4.085 2.4465685254371796
4.095 2.854259834481642
4.1049999999999995 3.3018668992208586
4.115 3.7860304208035345
4.125 4.302130722386323
4.135 4.841783053214427
4.145 5.403835443274459
4.155 5.9791458178858985
4.165 6.5552381592704725
4.175 7.124862692584199
4.185 7.679097377457766
4.195 8.209451601583504
4.205 8.708289090800962
4.215 9.16922079134612
4.225 9.587437902646942
4.235 9.959958108479693
4.245 10.285763547631708
4.255 10.565816810944147
4.265 10.802950608141103
4.275 11.001636860692646
4.285 11.167650866518372
4.295 11.307654852729915
4.305 11.428731788228916
4.315 11.537904082759667
4.325 11.641672363538998
4.335 11.745606854506343
4.345 11.854018304900288
4.355 11.969727564577827
4.365 12.093943670159959
4.375 12.226250711893826
4.385 12.364694828516061
4.395 12.505955340464219
4.405 12.64557896531922
4.415 12.77825363986027
4.425 12.898098732266682
4.435 12.998951063399936
4.445 13.074630586945897
4.455 13.119175037364307
4.465 13.12703850317154
4.475 13.093253930451308
4.485 13.013563373403676
4.495 12.884521988109494
4.505 12.703582195084428
4.515 12.46916327731728
4.525 12.180709332283705
4.535 11.838735519992628
4.545 11.444859572112419
4.555 11.001813143232809
4.565 10.51342626375477
4.575 9.984578173508531
4.585 9.423213187940778
4.595 8.832814309223854
4.605 8.222246697992283
4.615 7.601550738906978
4.625 6.975815596348053
4.635 6.354838871351093
4.645 5.746885076935196
4.655 5.157929176223757
4.665 4.599876769149604
4.675 4.076629354250456
4.685 3.594205489043505
4.695 3.1578098257461025
4.705 2.7718519950108846
4.715 2.4400080766977648
4.725 2.1653147026083897
4.735 1.9502825984264494
4.745 1.797014296356592
4.755 1.7073100073902645
4.765 1.682746296882434
4.775 1.724714222353663
4.785 1.8344068408217313
4.795 2.014687565960445
4.805 2.263153200934278
4.815 2.5811758652789685
4.825 2.9680840563424677
4.835 3.4204372999123147
4.845 3.9395131501818366
4.855 4.5183850135858465
4.865 5.151136028579055
4.875 5.830079558536341
4.885 6.545735725628525
4.895 7.286910876101588
4.905 8.04089043187377
4.915 8.793747377863633
4.925 9.53075939917882
4.935 10.236918138558071
4.945 10.897505023520107
4.955 11.498700482501954
4.965 12.02650720435878
4.975 12.474601638507671
4.985 12.832821226160341
4.995 13.096379695784524
5.005 13.263550221234178
5.015 13.335697663384689
5.025 13.317134447910316
5.035 13.214807787086896
5.045 13.037838897182876
5.055 12.796946348356323
5.065 12.503794634042734
5.075 12.170314612065678
5.085 11.808044120306093
5.095 11.427534653620128
5.105 11.03786374822286
5.115 10.646283265613896
5.125 10.258022013100135
5.135 9.876248199078177
5.145 9.502184301607802
5.155 9.135355193174114
5.165 8.773940822399243
5.175 8.415198162737399
5.185 8.055913939293257
5.195 7.692849931404703
5.205 7.323146175989005
5.215 6.944653626283231
5.225 6.556175992481991
5.235 6.157609714864515
5.245 5.749980375337283
5.255 5.335382483127209
5.265 4.916836763058453
5.275 4.4980843229309135
5.285 4.083340108618305
5.295 3.677028840315781
5.305 3.2835253476303707
5.315 2.906918246707989
5.325 2.552406913874388
5.335 2.2205430921855944
5.345 1.9147258877858555
5.355 1.6365478978319052
5.365 1.3868732515590663
5.375 1.1658954850171686
5.385 0.9732301696268364
5.395 0.8066288377765725
5.405 0.6682002210408403
5.415 0.5545405839697292
5.425 0.4644228722318015
5.435 0.3974175394974425
5.445 0.3514464390389075
5.455 0.3257285004316202
5.465 0.3198003022646636
5.475 0.3335608940654657
5.485 0.36728934128390933
5.495 0.4216352741348055
5.505 0.49758330921525046
5.515 0.5963927730306962
5.525 0.7195147575669747
5.535 0.8684892266444569
5.545 1.044825682969549
5.555 1.2498717776855197
5.565 1.4846751386364323
5.575 1.7498445221606322
5.585 2.0454170486707834
5.595 2.3707386529889134
5.605 2.7230727348597688
5.615 3.1031353392018173
5.625 3.505842687982819
5.635 3.9271255234076943
5.645 4.362033449025821
5.655 4.804815317801617
5.665 5.249036833638088
5.675 5.6877316873154395
5.685 6.1135806339316305
5.695 6.5191113826357165
5.705 6.896911116999545
5.715 7.23984294853825
5.725 7.541257622547173
5.735 7.795192288503074
5.745 7.996549021084588
5.755 8.14124691460223
5.765 8.226342852985415
5.775 8.250117374808458
5.785 8.21212333271039
5.795 8.113196249361177
5.805 7.955426392817657
5.815 7.74209365373539
5.825 7.477567338809752
5.835 7.167174028701342
5.845 6.817037695840282
5.855 6.433897320417341
5.865 6.024908231596838
5.875 5.59743425693636
5.885 5.158838389762312
5.895 4.716279983404475
5.905 4.276526370160656
5.915 3.845786231508801
5.925 3.4295710089706746
5.935 3.032589187078967
5.945 2.65867649441309
5.955 2.3120576901206324
5.965 1.9927984539899715
5.975 1.703003503910965
5.985 1.443140943815126
5.995 1.2130016045894239
6.005 1.0130873389589223
6.015 0.8402554953646924
6.025 0.6939143331929448
6.035 0.5724682265345911
6.045 0.474295888597316
6.055 0.39786810579338916
6.065 0.3431022868822856
6.075 0.30705138400687887
6.085 0.289925319700737
6.095 0.2915233520204127
6.105 0.3121008935902369
6.115 0.35238045804307827
6.125 0.4135402616060264
6.135 0.49611580999013877
6.1450000000000005 0.6045591213570183
6.155 0.7395708788961388
6.165 0.9036084830017982
6.175 1.099167521165143
6.185 1.3286377195573869
6.195 1.594142005099008
6.205 1.8973639530229742
6.215 2.2393703583308833
6.225 2.620437012737646
6.235 3.0388590881981115
6.245 3.495271478263278
6.255 3.9852132132344735
6.265 4.504483084245486
6.275 5.047585273850771
6.285 5.607770195798281
6.295 6.177133193499059
6.305 6.74677156188883
6.315 7.3069969939772434
6.325 7.847597148281423
6.335 8.358136834325155
6.345 8.82828656090158
6.355 9.248164097326564
6.365 9.608673425191506
6.375 9.901825109240956
6.385 10.12102272364985
6.3950000000000005 10.261301496437401
6.405 10.319507677219372
6.415 10.294410134705512
6.425 10.186739152980051
6.435 9.999151098682729
6.445 9.736121346765906
6.455 9.403771361093195
6.465 9.009638930196092
6.475 8.562403092949712
6.485 8.071577128929892
6.495 7.547184054096231
6.505 6.999429322043374
6.515 6.439478309753594
6.525 5.8753206652458445
6.535 5.3167181041512634
6.545 4.771832591555949
6.555 4.247799627416129
6.565 3.750626361965599
6.575 3.285144007663099
6.585 2.855011977428095
6.595 2.4638372743489487
6.605 2.112576966873574
6.615 1.8009890359370602
6.625 1.5297738982920364
6.635 1.298361032436491
6.6450000000000005 1.1057928296367407
6.655 0.9508911201809567
6.665 0.8324109469776252
6.675 0.749174619789037
6.685 0.7012738247430312
6.695 0.6863047519373675
6.705 0.7046190636015691
6.715 0.7561777010732684
6.725 0.8412664208913696
6.735 0.9604511575849559
6.745 1.1145051499021035
6.755 1.3043115522107542
6.765 1.5298827217497846
6.775 1.793975743301536
6.785 2.0957959434551805
6.795 2.435410622661709
6.805 2.8123209890022434
6.815 3.2244897412508466
6.825 3.671925369457213
6.835 4.150540721628171
6.845 4.656586271159788
6.855 5.185361114203074
6.865 5.731234379039676
6.875 6.28686997803411
6.885 6.84694424495081
6.8950000000000005 7.402330292285261
6.905 7.944665995848405
6.915 8.465300697471106
6.925 8.955514153145142
6.935 9.406749490602856
6.945 9.81085191367966
6.955 10.160304287655295
6.965 10.448450529819905
6.975 10.669697942089556
6.985 10.819690265232023
6.995 10.89544429035105
