0.005 0.0
0.015 0.0
0.025 0.0
0.034999999999999996 0.0
0.045 0.0
0.055 0.0
0.065 0.0
0.07500000000000001 0.0
0.085 0.0
0.095 0.0
0.10500000000000001 0.0
0.115 0.0
0.125 0.0
0.135 0.0
0.14500000000000002 0.0
0.155 0.0
0.165 0.0
0.17500000000000002 0.0
0.185 0.0
0.195 0.0
0.20500000000000002 0.0
0.215 0.0
0.225 0.0
0.23500000000000001 0.0
0.245 0.0
0.255 0.0
0.265 0.0
0.275 0.0
0.28500000000000003 0.0
0.295 0.0
0.305 0.0
0.315 0.0
0.325 0.0
0.335 0.0
0.34500000000000003 0.0
0.35500000000000004 0.0
0.365 0.0
0.375 0.0
0.385 0.0
0.395 0.0
0.405 0.0
0.41500000000000004 0.0
0.425 0.0
0.435 0.0
0.445 0.0
0.455 0.0
0.465 0.0
0.47500000000000003 0.0
0.485 0.0
0.495 0.0
0.505 0.0
0.515 0.0
0.525 0.0
0.535 0.0
0.545 0.0
0.555 0.0
0.5650000000000001 0.0
0.5750000000000001 0.0
0.585 0.0
0.595 0.0
0.605 0.0
0.615 0.0
0.625 0.0
0.635 0.0
0.645 0.0
0.655 0.0
0.665 0.0
0.675 0.0
0.685 0.0
0.6950000000000001 0.0
0.7050000000000001 0.0
0.715 0.0
0.725 0.0
0.735 0.0
0.745 0.0
0.755 0.0
0.765 0.0
0.775 0.0
0.785 0.0
0.795 0.0
0.805 0.0
0.8150000000000001 0.0
0.8250000000000001 0.0
0.8350000000000001 0.0
0.845 0.0
0.855 0.0
0.865 0.0
0.875 0.0
0.885 0.0
0.895 0.0
0.905 0.0
0.915 0.0
0.925 0.0
0.935 0.0
0.9450000000000001 0.0
0.9550000000000001 0.0
0.965 0.0
0.975 0.0
0.985 0.0
0.995 0.0
1.005 0.0
1.015 0.0
1.025 0.0
1.035 0.0
1.045 0.0
1.055 0.0
1.065 0.0
1.075 0.0
1.085 0.0
1.095 0.0
1.105 0.0
1.115 0.0
1.125 0.0
1.135 0.0
1.145 0.0
1.155 0.0
1.1649999999999998 0.0
1.1749999999999998 0.0
1.1849999999999998 0.0
1.1949999999999998 0.0
1.2049999999999998 0.0
1.2149999999999999 0.0
1.2249999999999999 0.0
1.2349999999999999 0.0
1.2449999999999999 0.0
1.255 0.0
1.265 0.0
1.275 0.0
1.285 0.0
1.295 0.0
1.305 0.0
1.315 0.0
1.325 0.0
1.335 0.0
1.345 0.0
1.355 0.0
1.365 0.0
1.375 0.0
1.385 0.0
1.395 0.0
1.405 0.0
1.4149999999999998 0.0
1.4249999999999998 0.0
1.4349999999999998 0.0
1.4449999999999998 0.0
1.4549999999999998 0.0
1.4649999999999999 0.0
1.4749999999999999 0.0
1.4849999999999999 0.0
1.4949999999999999 0.0
1.505 0.0
1.515 0.0
1.525 0.0
1.535 0.0
1.545 0.0
1.555 0.0
1.565 0.0
1.575 0.0
1.585 0.0
1.595 0.0
1.605 0.0
1.615 0.0
1.625 0.0
1.635 0.0
1.645 0.0
1.655 0.0
1.665 0.0
1.6749999999999998 0.0
1.6849999999999998 0.0
1.6949999999999998 0.0
1.7049999999999998 0.0
1.7149999999999999 0.0
1.7249999999999999 0.0
1.7349999999999999 0.0
1.7449999999999999 0.0
1.755 0.0
1.765 0.0
1.775 0.0
1.785 0.0
1.795 0.0
1.805 0.0
1.815 0.0
1.825 0.0
1.835 0.0
1.845 0.0
1.855 0.0
1.865 0.0
1.875 0.0
1.885 0.0
1.895 0.0
1.905 0.0
1.915 0.0
1.9249999999999998 0.0
1.9349999999999998 0.0
1.9449999999999998 0.0
1.9549999999999998 0.0
1.9649999999999999 0.0
1.9749999999999999 0.0
1.9849999999999999 0.0
1.9949999999999999 0.0
2.005 0.0
2.015 0.0
2.025 0.0
2.035 0.0
2.045 0.0
2.0549999999999997 0.0
2.065 0.0
2.0749999999999997 0.0
2.085 0.0
2.0949999999999998 0.0
2.105 0.0
2.1149999999999998 0.0
2.125 0.0
2.135 0.0
2.145 0.0
2.155 0.0
2.165 0.0
2.175 0.0
2.185 0.0
2.195 0.0
2.205 0.0
2.215 0.0
2.225 0.0
2.235 0.0
2.245 0.0
2.255 0.0
2.265 0.0
2.275 0.0
2.285 0.0
2.295 0.0
2.305 0.0
2.315 0.0
2.3249999999999997 0.0
2.335 0.0
2.3449999999999998 0.0
2.355 0.0
2.3649999999999998 0.0
2.375 0.0
2.385 0.0
2.395 0.0
2.405 0.0
2.415 0.006597968692338932
2.425 0.009793920419099041
2.435 0.014393285710962815
2.445 0.02094210713759773
2.455 0.03016739869187121
2.465 0.043024160404343176
2.475 0.06074968079309698
2.485 0.08492443217004389
2.495 0.11753801671585438
2.505 0.16105756179631867
2.515 0.2184947152561058
2.525 0.2934660112941283
2.535 0.3902399583631994
2.545 0.5137628757442154
2.555 0.6696544464499836
2.565 0.8641633623905837
2.5749999999999997 1.1040735298810078
2.585 1.3965522892723632
2.5949999999999998 1.7489341562055323
2.605 2.1684368205817295
2.6149999999999998 2.6618105490531345
2.625 3.2349276042185364
2.635 3.89232454587385
2.645 4.636716889099638
2.655 5.4685119924170005
2.665 6.38535156334456
2.675 7.381719077299086
2.685 8.448649015716647
2.695 9.573573562663885
2.705 10.74033788259356
2.715 11.929407245001995
2.725 13.118278313371931
2.735 14.282093485467508
2.745 15.39444220943807
2.755 16.428317929162766
2.765 17.357185122962072
2.775 18.156099208211437
2.785 18.802814174945002
2.795 19.27880968198217
2.805 19.570171578420116
2.815 19.668267471679002
2.8249999999999997 19.570171578420116
2.835 19.27880968198217
2.8449999999999998 18.802814174945002
2.855 18.156099208211437
2.8649999999999998 17.357185122962072
2.875 16.428317929162766
2.885 15.39444220943807
2.895 14.282093485467508
2.905 13.118278313371931
2.915 11.929407245001995
2.925 10.74033788259356
2.935 9.573573562663885
2.945 8.448649015716647
2.955 7.381719077299086
2.965 6.38535156334456
2.975 5.4685119924170005
2.985 4.636716889099638
2.995 3.89232454587385
3.005 3.2349276042185364
3.015 2.6618105490531345
3.025 2.1684368205817295
3.035 1.7489341562055323
3.045 1.3965522892723632
3.055 1.1040735298810078
3.065 0.8641633623905837
3.075 0.6696544464499836
3.085 0.5137628757442154
3.0949999999999998 0.3902399583631994
3.105 0.2934660112941283
3.1149999999999998 0.2184947152561058
3.125 0.16105756179631867
3.135 0.11753801671585438
3.145 0.08492443217004389
3.155 0.06074968079309698
3.165 0.043024160404343176
3.175 0.03016739869187121
3.185 0.02094210713759773
3.195 0.014393285710962815
3.205 0.009793920419099041
3.215 0.006597968692338932
3.225 0.0
3.235 0.0
3.245 0.0
3.255 0.0
3.265 0.0
3.275 0.0
3.285 0.0
3.295 0.0
3.305 0.0
3.315 0.0
3.325 0.0
3.335 0.0
3.3449999999999998 0.0
3.355 0.0
3.3649999999999998 0.0
3.375 0.0
3.385 0.0
3.395 0.0
3.405 0.0
3.415 0.0
3.425 0.0
3.435 0.0
3.445 0.0
3.455 0.0
3.465 0.0
3.475 0.0
3.485 0.0
3.495 0.0
3.505 0.0
3.515 0.0
3.525 0.0
3.535 0.0
3.545 0.0
3.555 0.0
3.565 0.0
3.575 0.0
3.585 0.0
3.5949999999999998 0.0
3.605 0.0
3.6149999999999998 0.0
3.625 0.0
3.635 0.0
3.645 0.0
3.655 0.0
3.665 0.0
3.675 0.0
3.685 0.0
3.695 0.0
3.705 0.0
3.715 0.0
3.725 0.0
3.735 0.0
3.745 0.0
3.755 0.0
3.765 0.0
3.775 0.0
3.785 0.0
3.795 0.0
3.805 0.0
3.815 0.0
3.825 0.0
3.835 0.0
3.8449999999999998 0.0
3.855 0.0
3.8649999999999998 0.0
3.875 0.0
3.885 0.0
3.895 0.0
3.905 0.0
3.915 0.0
3.925 0.0
3.935 0.0
3.945 0.0
3.955 0.0
3.965 0.0
3.975 0.0
3.985 0.0
3.995 0.0
4.005 0.0
4.015 0.0
4.025 0.0
4.035 0.002658153602535829
4.045 0.003945721184643657
4.055 0.00579868836136604
4.065 0.008437041781834074
4.075 0.012153676874072206
4.085 0.017333338836190003
4.095 0.02447449971088423
4.1049999999999995 0.03421389155396065
4.115 0.04735307442894355
4.125 0.0648859911386996
4.135 0.08802595792360013
4.145 0.11822998433579646
4.155 0.15721774375513878
4.165 0.20698198228711764
4.175 0.26978672714103885
4.185 0.34814941719641707
4.195 0.4448031155900023
4.205 0.5651008786353536
4.215 0.7082608188509244
4.225 0.8814306846719364
4.235 1.0838295019864173
4.245 1.3198749133895629
4.255 1.5919537293977262
4.265 1.9018916345249912
4.275 2.250797114299082
4.285 2.63892190154003
4.295 3.0655509321467878
4.305 3.5289346691720227
4.315 4.0262752354833395
4.325 4.553774983141635
4.335 5.1067519559630785
4.345 5.679821369453302
4.355 6.267136109681764
4.365 6.862672866735188
4.375 7.4605445152109215
4.385 8.057597952135389
4.395 8.645674971517918
4.405 9.22271587393849
4.415 9.786316421859683
4.425 10.335318445911346
4.435 10.869764822721306
4.445 11.390737851080896
4.455 11.900087974770422
4.465 12.400071055128056
4.475 12.892922748822372
4.485 13.380406806156905
4.495 13.863379218836489
4.505 14.341411332108539
4.515 14.812511898677467
4.525 15.272980654180186
4.535 15.717414881336612
4.545 16.13887659350968
4.555 16.52921275412446
4.565 16.87950591656717
4.575 17.180619422208082
4.585 17.423791291671513
4.595 17.60122532893103
4.605 17.706627413220964
4.615 17.73563961574892
4.625 17.686134208407065
4.635 17.558342860902616
4.645 17.354811958455954
4.655 17.080191357897007
4.665 16.740879306356813
4.675 16.344559071376008
4.685 15.899671781392218
4.695 15.414874211611629
4.705 14.898529472408754
4.715 14.358273025765946
4.725 13.800686942535727
4.735 13.231102997559123
4.745 12.653541512765575
4.755 12.070779310418907
4.765 11.484528141344862
4.775 10.895695663763632
4.785 10.304695253869044
4.795 9.71176897994185
4.805 9.11728987260911
4.815 8.522014678987091
4.825 7.927265789640119
4.835 7.3350299723196635
4.845 6.746197943303152
4.855 6.168190187223488
4.865 5.602180220088733
4.875 5.052262735844357
4.885 4.522588083979391
4.895 4.0171462398923925
4.905 3.5395622767373145
4.915 3.092920154627076
4.925 2.6796271531138265
4.935 2.301326238447549
4.945 1.9588586473852265
4.955 1.6522744659116695
4.965 1.3808853393955443
4.975 1.1433508810346464
4.985 0.9377889150947599
4.995 0.7618993414700066
5.005 0.613091982061735
5.015 0.48696560502357716
5.025 0.3845567098773404
5.035 0.2990811642250082
5.045 0.23176292838736628
5.055 0.17780989764261557
5.065 0.13505944148281582
5.075 0.10156662517549203
5.085 0.07735741801114888
5.095 0.06005213155171743
5.105 0.047040477045411054
5.115 0.03868508009629649
5.125 0.034466875327990795
5.135 0.03413960875017072
5.145 0.037732807750052916
5.155 0.045559247843787024
5.165 0.05822722799735554
5.175 0.07665709830197745
5.185 0.10210058393142141
5.195 0.1346374882808582
5.205 0.1798021389974131
5.215 0.23773405399584818
5.225 0.31121150448544627
5.235 0.40335515228508556
5.245 0.517591704770195
5.255 0.6575893220621611
5.265 0.8271608235554115
5.275 1.0301321302335282
5.285 1.270175388007652
5.295 1.5506088146412083
5.305 1.8741683944323924
5.315 2.2427599264894718
5.325 2.657203352285606
5.335 3.11698441973137
5.345 3.620031217595937
5.355 4.164113180781621
5.365 4.7411745947922
5.375 5.347947298948004
5.385 5.9719872567473855
5.395 6.602330348760912
5.405 7.228149417878363
5.415 7.836735417868207
5.425 8.415048072019529
5.435 8.950300774691648
5.445 9.430593754322437
5.455 9.845561504475587
5.465 10.186996555247232
5.475 10.449410239895112
5.485 10.630492445496103
5.495 10.731436414429751
5.505 10.757101235960619
5.515 10.717487639870244
5.525 10.623765307699276
5.535 10.489753238993465
5.545 10.334118814766054
5.555 10.176355881275011
5.565 10.036952011080698
5.575 9.93648239653993
5.585 9.894666698453005
5.595 9.929434381205478
5.605 10.05604441993431
5.615 10.286303478620523
5.625 10.627922838306496
5.635 11.084048632984913
5.645 11.6529924760618
5.655 12.328180512576276
5.665 13.098328550886142
5.675 13.947839546840173
5.685 14.857407795524253
5.695 15.804802336665455
5.705 16.76579104128177
5.715 17.715157455722355
5.725 18.627755594148788
5.735 19.479544276249918
5.745 20.2485429029258
5.755 20.915655056938967
5.765 21.465314941657745
5.775 21.885923944412248
5.785 22.170059637268132
5.795 22.314456068010614
5.805 22.319770781368863
5.815 22.190169108517306
5.825 21.932768442119748
5.835 21.556993324483294
5.845 21.073895490265908
5.855 20.495491310641302
5.865 19.834162714552168
5.875 19.102157448645894
5.885 18.311211711278098
5.895 17.471145119096324
5.905 16.59361697029561
5.915 15.688865292010101
5.925 14.7636647184815
5.935 13.825818049975021
5.945 12.882587765749745
5.955 11.940851010329325
5.965 11.00722263523155
5.975 10.088129760597493
5.985 9.189829706968773
5.995 8.318371499035836
6.005 7.479508503971003
6.015 6.678575403477389
6.025 5.920346164869023
6.035 5.2088908342481535
6.045 4.547447973044401
6.055 3.9383267790473986
6.065 3.382848911368532
6.075 2.881335381968765
6.085 2.433139178259448
6.095 2.036720054267735
6.105 1.6897545550529822
6.115 1.3892720497746
6.125 1.1318064170286068
6.135 0.9135529881161031
6.1450000000000005 0.7305212397029208
6.155 0.5786752987796145
6.165 0.45300341230491703
6.175 0.3521876167150204
6.185 0.2690820927013197
6.195 0.20435450137591998
6.205 0.15455397898989698
6.215 0.1157294455478594
6.225 0.08579761971062391
6.235 0.06297588444350619
6.245 0.04576579014057397
6.255 0.032928753465656234
6.265 0.023457257524688385
6.275 0.016544238519786855
6.285 0.011552711109584727
6.295 0.00798709057053957
6.305 0.005467148256364263
6.315 0.0037051058492495173
6.325 0.0014893291611542264
6.335 0.0
6.345 0.0
6.355 0.0
6.365 0.0
6.375 0.0
6.385 0.0
6.3950000000000005 0.0
6.405 0.0
6.415 0.0
6.425 0.0
6.435 0.0
6.445 0.0
6.455 0.0
6.465 0.0
6.475 0.0
6.485 0.0
6.495 0.0
6.505 0.0
6.515 0.0
6.525 0.0
6.535 0.0
6.545 0.0
6.555 0.0
6.565 0.0
6.575 0.0
6.585 0.0
6.595 0.0
6.605 0.0
6.615 0.0
6.625 0.0
6.635 0.0
6.6450000000000005 0.0
6.655 0.0
6.665 0.0
6.675 0.0
6.685 0.0
6.695 0.0
6.705 0.0
6.715 0.0
6.725 0.0
6.735 0.0
6.745 0.0
6.755 0.0
6.765 0.0
6.775 0.0
6.785 0.0
6.795 0.0
6.805 0.0
6.815 0.0
6.825 0.0
6.835 0.0
6.845 0.0
6.855 0.0
6.865 0.0
6.875 0.0
6.885 0.0
6.8950000000000005 0.0
6.905 0.0
6.915 0.0
6.925 0.0
6.935 0.0
6.945 0.0
6.955 0.0
6.965 0.0
6.975 0.0
6.985 0.0
6.995 0.0
