0.005 0.0
0.015 0.0
0.025 0.0
0.034999999999999996 0.0
0.045 0.0
0.055 0.0
0.065 0.0
0.07500000000000001 0.0
0.085 0.0
0.095 0.0
0.10500000000000001 0.0
0.115 0.0
0.125 0.0
0.135 0.0
0.14500000000000002 0.0
0.155 0.0
0.165 0.0
0.17500000000000002 0.0
0.185 0.0
0.195 0.0
0.20500000000000002 0.0
0.215 0.0
0.225 0.0
0.23500000000000001 0.0
0.245 0.0
0.255 0.0
0.265 0.0
0.275 0.0
0.28500000000000003 0.0
0.295 0.0
0.305 0.0
0.315 0.0
0.325 0.0
0.335 0.0
0.34500000000000003 0.0
0.35500000000000004 0.0
0.365 0.0
0.375 0.0
0.385 0.0
0.395 0.0
0.405 0.0
0.41500000000000004 0.0
0.425 0.0
0.435 0.0
0.445 0.0
0.455 0.0
0.465 0.0
0.47500000000000003 0.0
0.485 0.0
0.495 0.0
0.505 0.0
0.515 0.0
0.525 0.0
0.535 0.0
0.545 0.0
0.555 0.0
0.5650000000000001 0.0
0.5750000000000001 0.0
0.585 0.0
0.595 0.0
0.605 0.0
0.615 0.0
0.625 0.0
0.635 0.0
0.645 0.0
0.655 0.0
0.665 0.0
0.675 0.0
0.685 0.0
0.6950000000000001 0.0
0.7050000000000001 0.0
0.715 0.0
0.725 0.0
0.735 0.0
0.745 0.0
0.755 0.0
0.765 0.0
0.775 0.0
0.785 0.0
0.795 0.0
0.805 0.0
0.8150000000000001 0.0
0.8250000000000001 0.0
0.8350000000000001 0.0
0.845 0.0
0.855 0.0
0.865 0.0
0.875 0.0
0.885 0.0
0.895 0.0
0.905 0.0
0.915 0.0
0.925 0.0
0.935 0.0
0.9450000000000001 0.0
0.9550000000000001 0.0
0.965 0.0
0.975 0.0
0.985 0.0
0.995 0.0
1.005 0.0
1.015 0.0
1.025 0.0
1.035 0.0
1.045 0.0
1.055 0.0
1.065 0.0
1.075 0.0
1.085 0.0
1.095 0.0
1.105 0.0
1.115 0.0
1.125 0.0
1.135 0.0
1.145 0.0
1.155 0.0
1.1649999999999998 0.0
1.1749999999999998 0.0
1.1849999999999998 0.0
1.1949999999999998 0.0
1.2049999999999998 0.0
1.2149999999999999 0.0
1.2249999999999999 0.0
1.2349999999999999 0.0
1.2449999999999999 0.0
1.255 0.0
1.265 0.0
1.275 0.0
1.285 0.0
1.295 0.0
1.305 0.0
1.315 0.0
1.325 0.0
1.335 0.0
1.345 0.0
1.355 0.0
1.365 0.0
1.375 0.0
1.385 0.0
1.395 0.0
1.405 0.01604766989619126
1.4149999999999998 0.02382090749502376
1.4249999999999998 0.035007546804411635
1.4349999999999998 0.05093568004726377
1.4449999999999998 0.07337356062268999
1.4549999999999998 0.1046439526958299
1.4649999999999999 0.14775620636069114
1.4749999999999999 0.2065543680388749
1.4849999999999999 0.28587757542699
1.4949999999999999 0.3917264095226443
1.505 0.5314258414962745
1.515 0.7137720554006816
1.525 0.9491469760060434
1.535 1.2495811088697986
1.545 1.6287427240483776
1.555 2.1018299756603955
1.565 2.6853427736366293
1.575 3.396713621426477
1.585 4.25378162851071
1.595 5.2741017592046715
1.605 6.474092104590126
1.615 7.868035262254802
1.625 9.466965115119924
1.635 11.277486376187788
1.645 13.300589828437337
1.655 15.530539600568705
1.665 17.95391832587194
1.6749999999999998 20.548919947199604
1.6849999999999998 23.284976850363282
1.6949999999999998 26.122797022900055
1.7049999999999998 29.014867825503526
1.7149999999999999 31.906456334628402
1.7249999999999999 34.73710354937718
1.7349999999999999 37.44257336351194
1.7449999999999999 39.95718006103896
1.755 42.216383582389504
1.765 44.159513371772384
1.775 45.732462378807995
1.785 46.89018517580642
1.795 47.59883957421141
1.805 47.83742975046043
1.815 47.59883957421141
1.825 46.89018517580642
1.835 45.732462378807995
1.845 44.159513371772384
1.855 42.216383582389504
1.865 39.95718006103896
1.875 37.44257336351194
1.885 34.73710354937718
1.895 31.906456334628402
1.905 29.014867825503526
1.915 26.122797022900055
1.9249999999999998 23.284976850363282
1.9349999999999998 20.548919947199604
1.9449999999999998 17.95391832587194
1.9549999999999998 15.539966850695365
1.9649999999999999 13.314583489489207
1.9749999999999999 11.29805166087901
1.9849999999999999 9.49688742778483
1.9949999999999999 7.9111387728048195
2.005 6.535565497468178
2.015 5.360901570276251
2.025 4.375122589837352
2.035 3.5646532305153142
2.045 2.915463586669087
2.0549999999999997 2.414017624332348
2.065 2.0480501838359677
2.0749999999999997 1.8071602470034078
2.085 1.6832170150251908
2.0949999999999998 1.670581682649074
2.105 1.7661519439420208
2.1149999999999998 1.96923879397773
2.125 2.2812868233089607
2.135 2.70545069726079
2.145 3.2460425494313023
2.155 3.907868097248109
2.165 4.695473647580082
2.175 5.612331736790222
2.185 6.6599995584823475
2.195 7.837290897585916
2.205 9.139508107681802
2.215 10.547081283854975
2.225 12.071522496915307
2.235 13.678827043540975
2.245 15.345912717289304
2.255 17.044868080685784
2.265 18.743540119382384
2.275 20.406412018317745
2.285 21.99574809096636
2.295 23.47296107335613
2.305 24.800136720697633
2.315 25.941633939394933
2.3249999999999997 26.865667386102604
2.335 27.545774993951007
2.3449999999999998 27.962076071324645
2.355 28.102236560904316
2.3649999999999998 27.962076071324645
2.375 27.545774993951007
2.385 26.865667386102604
2.395 25.941633939394933
2.405 24.800136720697633
2.415 23.47296107335613
2.425 21.99574809096636
2.435 20.406412018317745
2.445 18.743540119382384
2.455 17.044868080685784
2.465 15.345912717289304
2.475 13.678827043540975
2.485 12.071522496915307
2.495 10.547081283854975
2.505 9.123460437785612
2.515 7.813469990090892
2.525 6.624992011677936
2.535 5.561396056742958
2.545 4.622100086957392
2.555 3.8032241445522788
2.565 3.0982863430706113
2.5749999999999997 2.498896329221915
2.585 1.9954092478819707
2.5949999999999998 1.5775123844550858
2.605 1.2347261024457463
2.6149999999999998 0.9568096272483926
2.625 0.7340700390191474
2.635 0.5575791381336093
2.645 0.41930745978759015
2.655 0.3121876486719525
2.665 0.23012081303245766
2.675 0.1679396090888373
2.685 0.12134096132664167
2.695 0.08679981107157984
2.705 0.06147339287805255
2.715 0.04310351055001741
2.725 0.03527617366495575
2.735 0.02851247132008331
2.745 0.025672960336811386
2.755 0.0264205303150055
2.765 0.024479058155717666
2.775 0.03491155917671584
2.785 0.04929476963740371
2.795 0.0689111492563649
2.805 0.09537514242056272
2.815 0.1357469841311018
2.8249999999999997 0.1898309844827281
2.835 0.25662683140071374
2.8449999999999998 0.34367804149723113
2.855 0.4559716518693166
2.8649999999999998 0.5993537610017096
2.875 0.7805709886007619
2.885 1.0072824250561172
2.895 1.2880334240401314
2.905 1.6321828005986025
2.915 2.0497758531420036
2.925 2.5513571972417424
2.935 3.14771969607673
2.945 3.8495887487323412
2.955 4.66724473948416
2.965 5.610090382671887
2.975 6.686173791947798
2.985 7.9016821001812385
2.995 9.260424088146106
3.005 10.76332329225734
3.015 12.407945237206675
3.025 14.188083615241734
3.035 16.0934303086665
3.045 18.109353084848834
3.055 20.216802592815377
3.065 22.392367001318966
3.075 24.60848830219159
3.085 26.83384902797821
3.0949999999999998 29.033931970366666
3.105 31.17174851880724
3.1149999999999998 33.20872358300424
3.125 35.10571689756321
3.135 36.82415210565442
3.145 38.327216774611976
3.155 39.58108893203561
3.165 40.5561394613366
3.175 41.22805546465554
3.185 41.57882818915249
3.195 41.59755092364144
3.205 41.28097781152067
3.215 40.63380390465269
3.225 39.6686397496277
3.235 38.4056697078636
3.245 36.87200104690912
3.255 35.10072928640612
3.265 33.1297628462912
3.275 31.00046521430302
3.285 28.756184261166688
3.295 26.440744930567213
3.305 24.09698269959544
3.315 21.765390839631706
3.325 19.482945031703338
3.335 17.28215520720459
3.3449999999999998 15.190377870483768
3.355 13.22940411587767
3.3649999999999998 11.415320637728612
3.375 9.758624698782775
3.385 8.264560469554969
3.395 6.93363422268575
3.405 5.76225999572608
3.415 4.743485543353967
3.425 3.8677503357208236
3.435 3.123632382590986
3.445 2.498547943042112
3.455 1.979376806881064
3.465 1.5529949166866113
3.475 1.206704853318251
3.485 0.9285625112309452
3.495 0.7076047163198119
3.505 0.5339873614977172
3.515 0.39904680987516095
3.525 0.29529894844219196
3.535 0.21281968002228538
3.545 0.15465909860130622
3.555 0.11127735769227554
3.565 0.07926943431672487
3.575 0.05590778934468821
3.585 0.03903969986023778
3.5949999999999998 0.02699032975414295
3.605 0.018474702880609203
3.6149999999999998 0.012520286496323673
3.625 0.005026986508269271
3.635 0.0
3.645 0.0
3.655 0.0031796957644139013
3.665 0.004719890124634184
3.675 0.006936418122791029
3.685 0.010092428816863046
3.695 0.014538285086940038
3.705 0.02073422093742284
3.715 0.02927651095580316
3.725 0.04092681700352525
3.735 0.05664396897532506
3.745 0.07761692589799844
3.755 0.10529706232970597
3.765 0.1414272599072599
3.775 0.18806459996594074
3.785 0.24759281471186922
3.795 0.3227201440756046
3.805 0.41645796021213727
3.815 0.5320755660208593
3.825 0.6730270490883015
3.835 0.842847062184857
3.8449999999999998 1.0450139573727888
3.855 1.2827808259114604
3.8649999999999998 1.5589776309885683
3.875 1.8757906333520349
3.885 2.2345284951375106
3.895 2.6353875307296994
3.905 3.077231230853711
3.915 3.5574010697314593
3.925 4.071576380998371
3.935 4.613700477671731
3.945 5.175988014812878
3.955 5.749024807126627
3.965 6.3219660374964315
3.975 6.882832320110014
3.985 7.41889587104308
3.995 7.917141679750249
4.005 8.364781736796303
4.015 8.749794738744557
4.025 9.061459879395116
4.035 9.290851828369277
4.045 9.431265072386493
4.055 9.478539485292371
4.065 9.431265072386493
4.075 9.290851828369277
4.085 9.061459879395116
4.095 8.749794738744557
4.1049999999999995 8.364781736796303
4.115 7.917141679750249
4.125 7.41889587104308
4.135 6.885374537860669
4.145 6.325739665335383
4.155 5.754570584642539
4.165 5.184057073485913
4.175 4.625324069722816
4.185 4.088153723114887
4.195 3.5808081096948627
4.205 3.109952877317069
4.215 2.6806752922219346
4.225 2.2965844719946458
4.235 1.9599773231423998
4.245 1.6720509930965524
4.255 1.433141489234687
4.265 1.2429683829312594
4.275 1.100866992250181
4.285 1.005991866257909
4.295 0.9622223105054022
4.305 0.9615954961163005
4.315 1.0069383482259104
4.325 1.0981551550430262
4.335 1.235358150456145
4.345 1.418788319955486
4.355 1.6486994656817482
4.365 1.9252171282469788
4.375 2.248185863670501
4.385 2.6170194514955623
4.395 3.0305687087045206
4.405 3.4870205736335262
4.415 3.9838399317904316
4.425 4.5177622976028475
4.435 5.084841076132155
4.445 5.682775279840644
4.455 6.303225791872338
4.465 6.940476063792131
4.475 7.594397272075655
4.485 8.257020287424368
4.495 8.923909565041587
4.505 9.59113335587699
4.515 10.255350931087413
4.525 10.913825161008631
4.535 11.564355679188246
4.545 12.205136265996133
4.555 12.8345488217856
4.565 13.45091435848082
4.575 14.052227803132464
4.585 14.635907182611325
4.595 15.198588301067122
4.605 15.735993041891476
4.615 16.24289305334591
4.625 16.71318137146382
4.635 17.140053438361242
4.645 17.51628721335593
4.655 17.834601009134122
4.665 18.088058641869587
4.675 18.270485581318784
4.685 18.376857784555188
4.695 18.40362708986703
4.705 18.348953218356527
4.715 18.212821872894658
4.725 17.999030608215758
4.735 17.708066689263646
4.745 17.346353245466386
4.755 16.922157744912923
4.765 16.439660011707407
4.775 15.907963062861205
4.785 15.335077408664405
4.795 14.72896596933678
4.805 14.097351343400375
4.815 13.447608896149298
4.825 12.78674629374582
4.835 12.121460003812278
4.845 11.458250746573738
4.855 10.803573746796438
4.865 10.165882531205215
4.875 9.549135553427973
4.885 8.961865737841922
4.895 8.411757930643113
4.905 7.906867342818337
4.915 7.455498104863768
4.925 7.066001999894693
4.935 6.746506546460061
4.945 6.5028920596655935
4.955 6.345787109410463
4.965 6.278103445087575
4.975 6.303617946726057
4.985 6.424109297158038
4.995 6.6408906853984835
5.005 6.948308719688656
5.015 7.342201159576714
5.025 7.814719718260239
5.035 8.355663072964228
5.045 8.952724014066401
5.055 9.59184182227706
5.065 10.257646400031401
5.075 10.933974694174847
5.085 11.606172712357985
5.095 12.255569456666272
5.105 12.865156936083462
5.115 13.428830459679755
5.125 13.930460000217877
5.135 14.360961730672464
5.145 14.713833902666932
5.155 14.985310936213677
5.165 15.174388466945215
5.175 15.282723570350427
5.185 15.314421452376017
5.195 15.275725790883733
5.205 15.174634205053135
5.215 15.020462779762802
5.225 14.823384146670367
5.235 14.593962488617704
5.245 14.34270631636743
5.255 14.07817083801315
5.265 13.813041308100498
5.275 13.55323552460072
5.285 13.3054996299008
5.295 13.075011220457268
5.305 12.865275275668226
5.315 12.678084342273436
5.325 12.513540422615907
5.335 12.370135058922008
5.345 12.244883293792409
5.355 12.133506351226059
5.365 12.03065691133629
5.375 11.930179708774226
5.385 11.82539891067914
5.395 11.70942243251666
5.405 11.577003722985204
5.415 11.419391447293362
5.425 11.232000209701095
5.435 11.010183193881115
5.445 10.750490673437056
5.455 10.450844329990467
5.465 10.110654816759435
5.475 9.73087777519687
5.485 9.314006449875611
5.495 8.86400211249685
5.505 8.386166485698169
5.515 7.886963041578787
5.525 7.373796252322367
5.535 6.853431774918073
5.545 6.337486060669644
5.555 5.832679761379199
5.565 5.347721792499282
5.575 4.891587617790693
5.585 4.47091631418065
5.595 4.092473839529596
5.605 3.7619963148541267
5.615 3.4840551169600418
5.625 3.2619580702373803
5.635 3.097687253836315
5.645 2.991873161718651
5.655 2.9438045293956305
5.665 2.951472959315539
5.675 3.0103933752610343
5.685 3.119174448494446
5.695 3.270691210061131
5.705 3.4602955071211587
5.715 3.679198526421109
5.725 3.921366397745783
5.735 4.179697346088586
5.745 4.447199192279702
5.755 4.717225358154501
5.765 4.983693704926557
5.775 5.241276630952821
5.785 5.485551583952135
5.795 5.713102942694022
5.805 5.92037092910276
5.815 6.108840526542064
5.825 6.27643255506921
5.835 6.423707858391779
5.845 6.551917972921604
5.855 6.662822867560217
5.865 6.758494032626638
5.875 6.841117978286305
5.885 6.912814226210071
5.895 6.9743204786416
5.905 7.031217026755897
5.915 7.080956848337351
5.925 7.125198754019709
5.935 7.164268242649219
5.945 7.198071088380536
5.955 7.2261528371877155
5.965 7.247773026183106
5.975 7.2619861708184805
5.985 7.267722973439877
5.995 7.263867239067343
6.005 7.249326230932548
6.015 7.223094240002035
6.025 7.184310617649073
6.035 7.132314181499308
6.045 7.066695656788598
6.055 6.98734873153761
6.065 6.897020454448904
6.075 6.79255868426356
6.085 6.676852244019423
6.095 6.551617684987704
6.105 6.4190755794184025
6.115 6.281931749350488
6.125 6.143327962629592
6.135 6.006760526504227
6.1450000000000005 5.875968425900378
6.155 5.754796106052799
6.165 5.6470392160211915
6.175 5.556284143332763
6.185 5.485753584705531
6.195 5.438170448020024
6.205 5.415650973394176
6.215 5.418600354201229
6.225 5.450175681240596
6.235 5.508921034920949
6.245 5.594277213971637
6.255 5.7051120585183455
6.265 5.839817376997807
6.275 5.99640763673198
6.285 6.17260721483334
6.295 6.365914864623562
6.305 6.573637500384384
6.315 6.792890056024017
6.325 7.020563476740296
6.335 7.253268196500217
6.345 7.487265051637242
6.355 7.719544676663338
6.365 7.943752167838955
6.375 8.154648967130614
6.385 8.349092332519634
6.3950000000000005 8.519913223852575
6.405 8.661249979321237
6.415 8.767303119272746
6.425 8.8326053467167
6.435 8.852320524840565
6.445 8.822550193852816
6.455 8.740623553846241
6.465 8.605346525735756
6.475 8.417187563484982
6.485 8.178382118969186
6.495 7.892943614596678
6.505 7.566575843368462
6.515 7.205553545379598
6.525 6.820512303814532
6.535 6.4194360630492815
6.545 6.012201364435671
6.555 5.608758896480274
6.565 5.2187141999757785
6.575 4.850928432642959
6.585 4.513160492420468
6.595 4.211768172929586
6.605 3.9514816010860683
6.615 3.735257408513312
6.625 3.5642172938027827
6.635 3.4376701433038948
6.6450000000000005 3.353212903451416
6.655 3.306902056480596
6.665 3.2934848868881934
6.675 3.3066777290037273
6.685 3.3394770209515277
6.695 3.3844882179517994
6.705 3.4342574110865187
6.715 3.4807136279082576
6.725 3.5192691883959846
6.735 3.54282023489784
6.745 3.546580994293602
6.755 3.526921447871367
6.765 3.4814579307191003
6.775 3.4090799916878973
6.785 3.3099154228789853
6.795 3.1852386239174026
6.805 3.0373303912233287
6.815 2.869299600750951
6.825 2.6848789053190094
6.835 2.4882073743015622
6.845 2.2847587383205616
6.855 2.0771072279470832
6.865 1.8701971539403457
6.875 1.6662091901714358
6.885 1.4724538807028915
6.8950000000000005 1.289400720482709
6.905 1.119447140783076
6.915 0.9644245865170584
6.925 0.8256365916854365
6.935 0.7039211515734842
6.945 0.5997305340135906
6.955 0.5132212123898404
6.965 0.4443466361908082
6.975 0.39294600362941584
6.985 0.3588229745343602
6.995 0.34180927012913487
