0.005 0.0
0.015 0.0
0.025 0.0
0.034999999999999996 0.0
0.045 0.0
0.055 0.0
0.065 0.0
0.07500000000000001 0.0
0.085 0.0
0.095 0.0
0.10500000000000001 0.0
0.115 0.0
0.125 0.0
0.135 0.0
0.14500000000000002 0.0
0.155 0.0
0.165 0.0
0.17500000000000002 0.0
0.185 0.0
0.195 0.0
0.20500000000000002 0.0
0.215 0.0
0.225 0.0
0.23500000000000001 0.0
0.245 0.0
0.255 0.0
0.265 0.0
0.275 0.0
0.28500000000000003 0.0
0.295 0.0
0.305 0.0
0.315 0.0
0.325 0.0
0.335 0.0
0.34500000000000003 0.0
0.35500000000000004 0.0
0.365 0.0
0.375 0.0
0.385 0.0
0.395 0.0
0.405 0.0
0.41500000000000004 0.0
0.425 0.0
0.435 0.0
0.445 0.0
0.455 0.0
0.465 0.0
0.47500000000000003 0.0
0.485 0.0
0.495 0.0
0.505 0.0
0.515 0.0
0.525 0.0
0.535 0.0
0.545 0.0
0.555 0.0
0.5650000000000001 0.0
0.5750000000000001 0.0
0.585 0.0
0.595 0.0
0.605 0.0
0.615 0.0
0.625 0.0
0.635 0.0
0.645 0.0
0.655 0.0
0.665 0.0
0.675 0.0
0.685 0.0
0.6950000000000001 0.0
0.7050000000000001 0.0
0.715 0.0
0.725 0.0
0.735 0.0
0.745 0.0
0.755 0.0
0.765 0.0
0.775 0.0
0.785 0.0
0.795 0.0
0.805 0.0
0.8150000000000001 0.0
0.8250000000000001 0.0
0.8350000000000001 0.0
0.845 0.0
0.855 0.0
0.865 0.0
0.875 0.0
0.885 0.0
0.895 0.0
0.905 0.0
0.915 0.0
0.925 0.0
0.935 0.0
0.9450000000000001 0.0
0.9550000000000001 0.0
0.965 0.0
0.975 0.0
0.985 0.0
0.995 0.0
1.005 0.0
1.015 0.0
1.025 0.0
1.035 0.0
1.045 0.0
1.055 0.0
1.065 0.0
1.075 0.0
1.085 0.0
1.095 0.0
1.105 0.0
1.115 0.0
1.125 0.0
1.135 0.0
1.145 0.0
1.155 0.0
1.1649999999999998 0.0
1.1749999999999998 0.0
1.1849999999999998 0.0
1.1949999999999998 0.0
1.2049999999999998 0.0
1.2149999999999999 0.0
1.2249999999999999 0.0
1.2349999999999999 0.0
1.2449999999999999 0.0
1.255 0.0
1.265 0.0
1.275 0.0
1.285 0.0
1.295 0.0
1.305 0.0
1.315 0.0
1.325 0.0
1.335 0.0
1.345 0.0
1.355 0.0
1.365 0.0
1.375 0.0
1.385 0.0
1.395 0.0
1.405 0.0
1.4149999999999998 0.0
1.4249999999999998 0.0
1.4349999999999998 0.0
1.4449999999999998 0.0
1.4549999999999998 0.0
1.4649999999999999 0.0
1.4749999999999999 0.0
1.4849999999999999 0.0
1.4949999999999999 0.0
1.505 0.0
1.515 0.0
1.525 0.0
1.535 0.0
1.545 0.0
1.555 0.0
1.565 0.0
1.575 0.0
1.585 0.0
1.595 0.0
1.605 0.0
1.615 0.0
1.625 0.0
1.635 0.0
1.645 0.0
1.655 0.0
1.665 0.012261018419283315
1.6749999999999998 0.01820006190617428
1.6849999999999998 0.026747071628429153
1.6949999999999998 0.038916759585542485
1.7049999999999998 0.05606013733474923
1.7149999999999999 0.07995188334318233
1.7249999999999999 0.11289125333901805
1.7349999999999999 0.15781524218099396
1.7449999999999999 0.2184211315813699
1.755 0.2992935892591355
1.765 0.4060291664284182
1.775 0.5453484758254256
1.785 0.7251836952465724
1.795 0.9547265797059656
1.805 1.2444201973876914
1.815 1.6058765049678818
1.825 2.051702049121939
1.835 2.595215912761583
1.845 3.250047840973934
1.855 4.029610481340394
1.865 4.94644786788367
1.875 6.011472437937728
1.885 7.233114489646067
1.895 8.616420270114904
1.905 10.162146774498861
1.915 11.865911583162363
1.9249999999999998 13.71746332743736
1.9349999999999998 15.700141366242237
1.9449999999999998 17.79059090208788
1.9549999999999998 19.95879137176138
1.9649999999999999 22.168441346491267
1.9749999999999999 24.37772283101275
1.9849999999999999 26.540442893366787
1.9949999999999999 28.60752275221871
2.005 30.528776070306314
2.015 32.25489183461195
2.025 33.73951547734629
2.035 34.94130719368975
2.045 35.825850596579095
2.0549999999999997 36.36728899155829
2.065 36.54958078622834
2.0749999999999997 36.36728899155829
2.085 35.825850596579095
2.0949999999999998 34.94130719368975
2.105 33.73951547734629
2.1149999999999998 32.25489183461195
2.125 30.528776070306314
2.135 28.60752275221871
2.145 26.540442893366787
2.155 24.37772283101275
2.165 22.168441346491267
2.175 19.95879137176138
2.185 17.79059090208788
2.195 15.700141366242237
2.205 13.71746332743736
2.215 11.865911583162363
2.225 10.162146774498861
2.235 8.616420270114904
2.245 7.233114489646067
2.255 6.011472437937728
2.265 4.94644786788367
2.275 4.029610481340394
2.285 3.250047840973934
2.295 2.595215912761583
2.305 2.051702049121939
2.315 1.6058765049678818
2.3249999999999997 1.2444201973876914
2.335 0.9547265797059656
2.3449999999999998 0.7251836952465724
2.355 0.5453484758254256
2.3649999999999998 0.4060291664284182
2.375 0.2992935892591355
2.385 0.2184211315813699
2.395 0.15781524218099396
2.405 0.11289125333901805
2.415 0.07995188334318233
2.425 0.05606013733474923
2.435 0.038916759585542485
2.445 0.026747071628429153
2.455 0.01820006190617428
2.465 0.012261018419283315
2.475 0.0
2.485 0.0
2.495 0.0
2.505 0.0
2.515 0.0
2.525 0.0
2.535 0.0
2.545 0.0
2.555 0.0
2.565 0.0
2.5749999999999997 0.0
2.585 0.0
2.5949999999999998 0.0
2.605 0.0
2.6149999999999998 0.005751650318193772
2.625 0.008537658804032075
2.635 0.012547065649983619
2.645 0.018255872799377106
2.655 0.026297840498492965
2.665 0.04307099668465454
2.675 0.061218725298188156
2.685 0.08617225389124311
2.695 0.12012657768676177
2.705 0.16584561835995176
2.715 0.22676028369270884
2.725 0.3070668956043945
2.735 0.411819604579725
2.745 0.547008539098346
2.755 0.719613621853
2.765 0.9376224162277718
2.775 1.2099992826667014
2.785 1.546592786735669
2.795 1.9579689734783674
2.805 2.4551600438476373
2.815 3.0493213139399047
2.8249999999999997 3.7512941815731913
2.835 4.571079106410951
2.8449999999999998 5.517230103831437
2.855 6.596190553853629
2.8649999999999998 7.811598652922989
2.875 9.16359885546597
2.885 10.648202329383627
2.895 12.2567439207096
2.905 13.97548458261286
2.915 15.785406026090104
2.925 17.662238102655788
2.935 19.576749079735173
2.945 21.495314857692705
2.955 23.380766055350534
2.965 25.19349289414444
2.975 26.892768383964523
2.985 28.438232090067487
2.995 29.79146141104244
3.005 30.917546359739482
3.015 31.78657854610411
3.025 32.37496619575373
3.035 32.66649482602409
3.045 32.65306725933371
3.055 32.335076006087476
3.065 31.7213842072804
3.075 30.828916427769336
3.085 29.681885579933947
3.0949999999999998 28.310705091074674
3.105 26.75065427776071
3.1149999999999998 25.04037831982734
3.125 23.220311323573284
3.135 21.331111412922866
3.145 19.412190878041773
3.155 17.50041297914756
3.165 15.629011320047656
3.175 13.826769326536166
3.185 12.117477958646795
3.195 10.519670967685247
3.205 9.046620190262903
3.215 7.706559646137073
3.225 6.503097281337494
3.235 5.435767370129164
3.245 4.500674768714365
3.255 3.6911839814397496
3.265 2.998610693507955
3.275 2.4128802324093326
3.285 1.9231254833671583
3.295 1.518205279427593
3.305 1.1871324985172151
3.315 0.9194084652742284
3.325 0.7052663885572235
3.335 0.5358312577157887
3.3449999999999998 0.4032068245661413
3.355 0.3005020982448728
3.3649999999999998 0.22181035760593787
3.375 0.16215328015882308
3.385 0.11740166117241715
3.395 0.08418260974791315
3.405 0.05978129183386941
3.415 0.042043434215559415
3.425 0.025446835075497273
3.435 0.0176651076848545
3.445 0.01214103912048851
3.455 0.008261377793721188
3.465 0.005565525316323816
3.475 0.0
3.485 0.0
3.495 0.0
3.505 0.0
3.515 0.0
3.525 0.0
3.535 0.0
3.545 0.0
3.555 0.0
3.565 0.003325683318576794
3.575 0.004936591742104792
3.585 0.007254885923305296
3.5949999999999998 0.010555796732443647
3.605 0.015205773060260797
3.6149999999999998 0.02168617937193846
3.625 0.03062066666928182
3.635 0.04280586655942458
3.645 0.05924463114600626
3.655 0.081180507452028
3.665 0.11329557692147656
3.675 0.15261722546173762
3.685 0.20360143504794975
3.695 0.2690032367653292
3.705 0.3520038536150242
3.715 0.4562108895773238
3.725 0.5856370936841024
3.735 0.744653058129809
3.745 0.9379098383865526
3.755 1.1702286025947362
3.765 1.446456041844131
3.775 1.7712863669298655
3.785 2.1490531879878274
3.795 2.5834972695682645
3.805 3.0775188709790937
3.815 3.6329258773319735
3.825 4.250190941035631
3.835 4.928232137657723
3.8449999999999998 5.664231986512364
3.855 6.453508958026331
3.8649999999999998 7.289453744381171
3.875 8.163539673333545
3.885 9.065412873851162
3.895 9.983063429917888
3.905 10.903074129945162
3.915 11.810938911456017
3.925 12.691439081984583
3.935 13.529062182452108
3.945 14.308446174434657
3.955 15.014830590460646
3.965 15.634496378845725
3.975 16.15517728286928
3.985 16.566427514342198
3.995 16.859932961255414
4.005 17.029755948439334
4.015 17.07250642064396
4.025 16.987435171504703
4.035 16.776447307479906
4.045 16.444036495222704
4.055 15.99714273359665
4.065 15.44493848667907
4.075 14.798550076982284
4.085 14.070723299505875
4.095 13.27544425096874
4.1049999999999995 12.427528282823527
4.115 11.542191630610306
4.125 10.634621457190638
4.135 9.719560578528773
4.145 8.810922853021102
4.155 7.921454007861412
4.165 7.062450536715144
4.175 6.243546321464566
4.185 5.472572994179165
4.195 4.755496030315706
4.205 4.096424466014422
4.215 3.497688288465785
4.225 2.959974259165869
4.235 2.4825084353756495
4.245 2.0632721100056375
4.255 1.701650188467153
4.265 1.3901903304768808
4.275 1.1263228082638197
4.285 0.9056083479375171
4.295 0.7235576978073583
4.305 0.5781771160983403
4.315 0.4618193136993757
4.325 0.372548678999973
4.335 0.3074113717201476
4.345 0.26409191046674124
4.355 0.24097211038245753
4.365 0.23717016973954508
4.375 0.250343672760898
4.385 0.2863198027974372
4.395 0.3455408557655515
4.405 0.42674037375420215
4.415 0.5343958539501485
4.425 0.6720865912346976
4.435 0.8439225930925198
4.445 1.0544261314373993
4.455 1.308380328408457
4.465 1.6106438762195547
4.475 1.9638226718485323
4.485 2.3771810602100523
4.495 2.8513255714368517
4.505 3.3890565794471232
4.515 3.9919299229456495
4.525 4.6599956410828245
4.535 5.391566644317285
4.545 6.183034646552768
4.555 7.028749817002817
4.565 7.920978345342914
4.575 8.849948486437667
4.585 9.803990838536624
4.595 10.7697729273434
4.605 11.73262205128387
4.615 12.676924303462133
4.625 13.586582263752376
4.635 14.445509559192114
4.645 15.23813774007143
4.655 15.94990998758683
4.665 16.567737151917505
4.675 17.08039441764013
4.685 17.478841221330413
4.695 17.756452465843367
4.705 17.909155048648515
4.715 17.935469674452072
4.725 17.836463316377625
4.735 17.615622084171875
4.745 17.278657357354383
4.755 16.83325972401292
4.765 16.288815585152904
4.775 15.656100446108713
4.785 14.946961237318279
4.795 14.173997859709853
4.805 13.35025190577187
4.815 12.488908481547133
4.825 11.603015467667237
4.835 10.705223512851164
4.845 9.80754953691771
4.855 8.92116641795635
4.865 8.056221667312892
4.875 7.2216880457487225
4.885 6.425249046464023
4.895 5.6732218151639735
4.905 4.970519314976818
4.915 4.3225031829346685
4.925 3.728518093696175
4.935 3.190778357477613
4.945 2.7091299111772953
4.955 2.2824323456573197
4.965 1.9087282181532363
4.975 1.587236176550675
4.985 1.3121781903191339
4.995 1.0815806611785976
5.005 0.8922237027398192
5.015 0.7410217060424806
5.025 0.6251775500660783
5.035 0.5423130871450114
5.045 0.49057246008578165
5.055 0.46869564918327145
5.065 0.4744510284396088
5.075 0.5116280185217881
5.085 0.5785375750717796
5.095 0.6764428973848614
5.105 0.8070587157300626
5.115 0.9708533371037893
5.125 1.173729567621878
5.135 1.4156085544100665
5.145 1.6985321971351115
5.155 2.0240817917297456
5.165 2.393149072678372
5.175 2.805708938655486
5.185 3.2606065594099305
5.195 3.755372629400763
5.205 4.284564156476689
5.215 4.846259664649188
5.225 5.431225870697841
5.235 6.03097683919053
5.245 6.63564501129938
5.255 7.234207590285162
5.265 7.814790048511993
5.275 8.365037084454283
5.285 8.87253613650544
5.295 9.325273998803246
5.305 9.712103605631937
5.315 10.023196010619102
5.325 10.250452233737837
5.335 10.387851095244818
5.345 10.431712359438334
5.355 10.380859274963523
5.365 10.236670583042505
5.375 10.003018818501488
5.385 9.686098727283218
5.395 9.295713221298975
5.405 8.839446013170438
5.415 8.329655911921158
5.425 7.778524437230422
5.435 7.198637304152303
5.445 6.602541471650886
5.455 6.003863932581421
5.465 5.411598956067503
5.475 4.83708573862109
5.485 4.289398146471599
5.495 3.7762487096121538
5.505 3.303955353674112
5.515 2.87748058590149
5.525 2.5005314974779895
5.535 2.1757059114497235
5.545 1.904668164771786
5.555 1.6883373861488875
5.565 1.527071660094969
5.575 1.4208330305928203
5.585 1.3693207285846236
5.595 1.3720631123178637
5.605 1.4284623809967316
5.615 1.5377899498734273
5.625 1.6991342517283243
5.635 1.911306454951006
5.645 2.1727129695124545
5.655 2.4812064661973547
5.665 2.833929292100841
5.675 3.2271644769470456
5.685 3.656209870039529
5.695 4.115290247993882
5.705 4.597520465081066
5.715 5.09492992431164
5.725 5.597320502720777
5.735 6.097786057598233
5.745 6.584140650491776
5.755 7.045720704386291
5.765 7.4718757395543625
5.775 7.852339846289436
5.785 8.176406767946014
5.795 8.438539682416607
5.805 8.630104667565274
5.815 8.746026044334979
5.825 8.78319849066472
5.835 8.740624209362032
5.845 8.619457053679916
5.855 8.422950914734972
5.865 8.156315567703464
5.875 7.826488815087959
5.885 7.44183871915576
5.895 7.011813610170288
5.905 6.546560118438537
5.915 6.056530553618124
5.925 5.552100522578877
5.935 5.043215843928952
5.945 4.5390848019578
5.955 4.049222492328624
5.965 3.578714470205574
5.975 3.1342618571622842
5.985 2.721673686991692
5.995 2.342242385135619
6.005 1.9989240169405067
6.015 1.6927542570678107
6.025 1.423866861130685
6.035 1.1916798378472466
6.045 0.9950929003011644
6.055 0.832685214483041
6.065 0.7029036900955662
6.075 0.6042335182605956
6.085 0.5365874132367019
6.095 0.49705116883930733
6.105 0.4858833619949746
6.115 0.502969247904876
6.125 0.5486656648018342
6.135 0.6237796791465635
6.1450000000000005 0.7295107343969294
6.155 0.8673579455312852
6.165 1.0389953960296028
6.175 1.2461196755706396
6.185 1.4902754288059117
6.195 1.7738683913234652
6.205 2.094706175072294
6.215 2.4560360345492667
6.225 2.8554934698406904
6.235 3.291243242829559
6.245 3.7603275087293593
6.255 4.258620366927885
6.265 4.779822697654526
6.275 5.319951100101363
6.285 5.87022273261835
6.295 6.422619717266797
6.305 6.9686175197144715
6.315 7.4994775709487245
6.325 8.006563526045477
6.335 8.481663182871992
6.345 8.917296877163428
6.355 9.30699345583257
6.365 9.645516738241472
6.375 9.929028586245659
6.385 10.155179058623423
6.3950000000000005 10.32311925064893
6.405 10.433437867639181
6.415 10.48802787891233
6.425 10.489894296355388
6.435 10.442917839792653
6.445 10.351591714527757
6.455 10.22074978619493
6.465 10.055304078329344
6.475 9.86000784664244
6.485 9.639257711703564
6.495 9.39694474352821
6.505 9.136360313958338
6.515 8.861251711939577
6.525 8.573084465482188
6.535 8.272477412268827
6.545 7.9613349707797
6.555 7.640562777994366
6.565 7.310954399147803
6.575 6.973355743071224
6.585 6.6288222244107775
6.595 6.278757767514264
6.605 5.92502658319391
6.615 5.5700309147328415
6.625 5.216750443495706
6.635 4.8687415634983235
6.6450000000000005 4.530097088251906
6.655 4.205368983590918
6.665 3.899458315614062
6.675 3.6185679647028826
6.685 3.367304016553318
6.695 3.1498463545445805
6.705 2.9718186517931438
6.715 2.837675343184978
6.725 2.751260035817964
6.735 2.7156447364094074
6.745 2.7329846790521195
6.755 2.8043943135920464
6.765 2.9289866699417155
6.775 3.1075559479487325
6.785 3.3363945583434145
6.795 3.611009884497694
6.805 3.9286085103391626
6.815 4.282112209451528
6.825 4.664832932310551
6.835 5.06939944231012
6.845 5.48800198796255
6.855 5.912661726267027
6.865 6.335510837515061
6.875 6.749066857117517
6.885 7.146483570175785
6.8950000000000005 7.520931984623441
6.905 7.869353006099709
6.915 8.186632100080606
6.925 8.46998710828616
6.935 8.71766757097448
6.945 8.928829347670039
6.955 9.103354280463048
6.965 9.241633141055424
6.975 9.344333742653363
6.985 9.412177625102725
6.995 9.445747887404615
