0.005 0.0
0.015 0.0
0.025 0.0
0.034999999999999996 0.0
0.045 0.0
0.055 0.0
0.065 0.0
0.07500000000000001 0.0
0.085 0.0
0.095 0.0
0.10500000000000001 0.0
0.115 0.0
0.125 0.0
0.135 0.0
0.14500000000000002 0.0
0.155 0.0
0.165 0.0
0.17500000000000002 0.0
0.185 0.0
0.195 0.0
0.20500000000000002 0.0
0.215 0.0
0.225 0.0
0.23500000000000001 0.0
0.245 0.0
0.255 0.0
0.265 0.0
0.275 0.0
0.28500000000000003 0.0
0.295 0.0
0.305 0.0
0.315 0.0
0.325 0.0
0.335 0.0
0.34500000000000003 0.0
0.35500000000000004 0.0
0.365 0.0
0.375 0.0
0.385 0.0
0.395 0.0
0.405 0.0
0.41500000000000004 0.0
0.425 0.0
0.435 0.0
0.445 0.0
0.455 0.0
0.465 0.0
0.47500000000000003 0.0
0.485 0.0
0.495 0.0
0.505 0.0
0.515 0.0
0.525 0.0
0.535 0.0
0.545 0.0
0.555 0.0
0.5650000000000001 0.0
0.5750000000000001 0.0
0.585 0.0
0.595 0.0
0.605 0.0
0.615 0.0
0.625 0.0
0.635 0.0
0.645 0.0
0.655 0.0
0.665 0.0
0.675 0.0
0.685 0.0
0.6950000000000001 0.0
0.7050000000000001 0.0
0.715 0.0
0.725 0.0
0.735 0.0
0.745 0.0
0.755 0.0
0.765 0.0
0.775 0.0
0.785 0.0
0.795 0.0
0.805 0.0
0.8150000000000001 0.0
0.8250000000000001 0.0
0.8350000000000001 0.0
0.845 0.0
0.855 0.0
0.865 0.0
0.875 0.0
0.885 0.0
0.895 0.0
0.905 0.0
0.915 0.0
0.925 0.0
0.935 0.0
0.9450000000000001 0.0
0.9550000000000001 0.0
0.965 0.0
0.975 0.0
0.985 0.0
0.995 0.0
1.005 0.0
1.015 0.0
1.025 0.0
1.035 0.0
1.045 0.0
1.055 0.0
1.065 0.0
1.075 0.0
1.085 0.0
1.095 0.0
1.105 0.0
1.115 0.0
1.125 0.0
1.135 0.0
1.145 0.0
1.155 0.0
1.1649999999999998 0.0
1.1749999999999998 0.0
1.1849999999999998 0.0
1.1949999999999998 0.0
1.2049999999999998 0.0
1.2149999999999999 0.0
1.2249999999999999 0.0
1.2349999999999999 0.0
1.2449999999999999 0.0
1.255 0.0
1.265 0.0
1.275 0.0
1.285 0.0
1.295 0.0
1.305 0.0
1.315 0.0
1.325 0.0
1.335 0.0
1.345 0.0
1.355 0.0
1.365 0.0
1.375 0.0
1.385 0.0
1.395 0.0
1.405 0.0
1.4149999999999998 0.0
1.4249999999999998 0.0
1.4349999999999998 0.0
1.4449999999999998 0.0
1.4549999999999998 0.0
1.4649999999999999 0.0
1.4749999999999999 0.0
1.4849999999999999 0.0
1.4949999999999999 0.0
1.505 0.0
1.515 0.0
1.525 0.0
1.535 0.0
1.545 0.0
1.555 0.0
1.565 0.0
1.575 0.0
1.585 0.0
1.595 0.0
1.605 0.0
1.615 0.0
1.625 0.0
1.635 0.0
1.645 0.0
1.655 0.0
1.665 0.0
1.6749999999999998 0.0
1.6849999999999998 0.0
1.6949999999999998 0.0
1.7049999999999998 0.0
1.7149999999999999 0.0
1.7249999999999999 0.0
1.7349999999999999 0.0
1.7449999999999999 0.0
1.755 0.0
1.765 0.0
1.775 0.0
1.785 0.0
1.795 0.0
1.805 0.0
1.815 0.0
1.825 0.0
1.835 0.01046674698761889
1.845 0.015536673758790571
1.855 0.022832918263477456
1.865 0.03322170004403882
1.875 0.047856324287969355
1.885 0.06825176388452286
1.895 0.09637080260448344
1.905 0.1347206369171099
1.915 0.18645749013932592
1.9249999999999998 0.2554951119610839
1.9349999999999998 0.3466110570322808
1.9449999999999998 0.4655424469121687
1.9549999999999998 0.619060668382559
1.9649999999999999 0.8150123595296913
1.9749999999999999 1.0623123550532163
1.9849999999999999 1.3708733235752706
1.9949999999999999 1.7514569759037846
2.005 2.2154332868790902
2.015 2.7744374313662923
2.025 3.439919256667458
2.035 4.222587109008808
2.045 5.1317565049883145
2.0549999999999997 6.174624057047193
2.065 7.355497546961118
2.0749999999999997 8.675023191584458
2.085 10.129459892425183
2.0949999999999998 11.710056461086369
2.105 13.402590366544127
2.1149999999999998 15.187124540937827
2.125 17.03803161557506
2.135 18.92432249499518
2.145 20.810298808883555
2.155 22.656527476324886
2.165 24.421111880812774
2.175 26.061209929105377
2.185 27.53472675768409
2.195 28.80209130351157
2.205 29.828013408562818
2.215 30.58311316300486
2.225 31.0453177283872
2.235 31.200933031087473
2.245 31.0453177283872
2.255 30.58311316300486
2.265 29.828013408562818
2.275 28.80209130351157
2.285 27.53472675768409
2.295 26.061209929105377
2.305 24.421111880812774
2.315 22.656527476324886
2.3249999999999997 20.810298808883555
2.335 18.92432249499518
2.3449999999999998 17.03803161557506
2.355 15.187124540937827
2.3649999999999998 13.402590366544127
2.375 11.710056461086369
2.385 10.129459892425183
2.395 8.675023191584458
2.405 7.355497546961118
2.415 6.174624057047193
2.425 5.1317565049883145
2.435 4.222587109008808
2.445 3.439919256667458
2.455 2.7744374313662923
2.465 2.2154332868790902
2.475 1.7514569759037846
2.485 1.3708733235752706
2.495 1.0623123550532163
2.505 0.8150123595296913
2.515 0.619060668382559
2.525 0.4655424469121687
2.535 0.3466110570322808
2.545 0.2554951119610839
2.555 0.18645749013932592
2.565 0.1347206369171099
2.5749999999999997 0.09637080260448344
2.585 0.06825176388452286
2.5949999999999998 0.047856324287969355
2.605 0.03322170004403882
2.6149999999999998 0.022832918263477456
2.625 0.015536673758790571
2.635 0.01046674698761889
2.645 0.0
2.655 0.0
2.665 0.0
2.675 0.0
2.685 0.0
2.695 0.0
2.705 0.0
2.715 0.0
2.725 0.0
2.735 0.0
2.745 0.0
2.755 0.0
2.765 0.0
2.775 0.0
2.785 0.0
2.795 0.0
2.805 0.0
2.815 0.0
2.8249999999999997 0.0
2.835 0.0
2.8449999999999998 0.0
2.855 0.0
2.8649999999999998 0.0
2.875 0.0
2.885 0.0
2.895 0.0
2.905 0.0
2.915 0.0
2.925 0.0
2.935 0.0
2.945 0.0
2.955 0.0
2.965 0.0
2.975 0.0
2.985 0.0
2.995 0.0
3.005 0.0
3.015 0.0
3.025 0.0
3.035 0.0
3.045 0.0
3.055 0.0
3.065 0.0
3.075 0.0
3.085 0.0
3.0949999999999998 0.0
3.105 0.0
3.1149999999999998 0.0
3.125 0.0
3.135 0.0
3.145 0.0
3.155 0.0
3.165 0.0
3.175 0.0
3.185 0.0
3.195 0.0
3.205 0.0
3.215 0.0
3.225 0.0
3.235 0.0
3.245 0.0
3.255 0.0
3.265 0.0
3.275 0.0
3.285 0.0
3.295 0.0
3.305 0.0
3.315 0.0
3.325 0.0
3.335 0.0
3.3449999999999998 0.0
3.355 0.0
3.3649999999999998 0.0
3.375 0.0
3.385 0.0
3.395 0.0
3.405 0.0
3.415 0.0
3.425 0.0
3.435 0.0
3.445 0.0
3.455 0.0
3.465 0.0
3.475 0.0
3.485 0.0
3.495 0.0
3.505 0.0
3.515 0.0
3.525 0.0
3.535 0.0
3.545 0.0
3.555 0.0
3.565 0.0
3.575 0.0
3.585 0.0
3.5949999999999998 0.0
3.605 0.0
3.6149999999999998 0.0
3.625 0.0
3.635 0.0
3.645 0.0
3.655 0.0
3.665 0.0
3.675 0.0
3.685 0.0
3.695 0.0
3.705 0.0
3.715 0.0
3.725 0.0
3.735 0.0
3.745 0.0
3.755 0.0
3.765 0.0
3.775 0.0
3.785 0.002985220217696318
3.795 0.0044312136975659016
3.805 0.00651217511130902
3.815 0.012418036102074552
3.825 0.018017459520460247
3.835 0.02588588612024596
3.8449999999999998 0.03682667147773401
3.855 0.05187916135832426
3.8649999999999998 0.0723694985344923
3.875 0.09996578832855219
3.885 0.1367355713187441
3.895 0.18520254937887143
3.905 0.24839839658932447
3.915 0.32990433063587826
3.925 0.43387602559816085
3.935 0.565044546321826
3.945 0.7286854353665685
3.955 0.9305480571565194
3.965 1.1767379692295385
3.975 1.473546592345894
3.985 1.8272248860188156
3.995 2.2437011257359076
4.005 2.728247146946565
4.015 3.285102378149943
4.025 3.9170703189706355
4.035 4.625107402577878
4.045 5.407928898226674
4.055 6.261660091992595
4.065 7.179562870143659
4.075 8.151867529419663
4.085 9.165736801748396
4.095 10.205383562445329
4.1049999999999995 11.252355599923142
4.115 12.285990550780216
4.125 13.28403231155433
4.135 14.223387828248349
4.145 15.080991201189125
4.155 15.834731652887486
4.165 16.464394161789876
4.175 16.95255735867938
4.185 17.285393219632553
4.195 17.45331740122844
4.205 17.451447562898487
4.215 17.27983910371416
4.225 16.943482435872138
4.235 16.452061982118593
4.245 15.819493132858003
4.255 15.063268045987208
4.265 14.203653181123219
4.275 13.262789866941834
4.285 12.263753411091235
4.295 11.22962609938601
4.305 10.182635135515527
4.315 9.143398756746656
4.325 8.130313323963753
4.335 7.159102199851439
4.345 6.242534823716925
4.355 5.390312626606893
4.365 4.6091082018180325
4.375 3.902736112084624
4.385 3.2724282583771247
4.395 2.7171839592590272
4.405 2.2341646436456752
4.415 1.819104989696223
4.425 1.4667159555938676
4.435 1.1710598817248734
4.445 0.9258831319721095
4.455 0.72489706941625
4.465 0.5620031048802823
4.475 0.4314618061551254
4.485 0.32800942354320173
4.495 0.24692760018495336
4.505 0.1840735173688652
4.515 0.13587837331821404
4.525 0.09932205446015897
4.535 0.07189129988756082
4.545 0.051527753705903526
4.555 0.03657120318227895
4.565 0.025702145186457727
4.575 0.01788671109022738
4.585 0.012325981443579298
4.595 0.006419805046295792
4.605 0.004368360428061391
4.615 0.0029428772246295996
4.625 0.0
4.635 0.0
4.645 0.0
4.655 0.0
4.665 0.0
4.675 0.0
4.685 0.0
4.695 0.0
4.705 0.0
4.715 0.0
4.725 0.0
4.735 0.0
4.745 0.0
4.755 0.0
4.765 0.0
4.775 0.0
4.785 0.0
4.795 0.0
4.805 0.0
4.815 0.0
4.825 0.0
4.835 0.0019078050826346756
4.845 0.002831915704021479
4.855 0.0060551347695973765
4.865 0.008865818767694862
4.875 0.012853119671149169
4.885 0.018449864974457737
4.895 0.02622243639454258
4.905 0.036901868784102766
4.915 0.05141850074719358
4.925 0.07093922529779315
4.935 0.09874274009418799
4.945 0.13379860029903493
4.955 0.1795431404516546
4.965 0.23859639303882885
4.975 0.31401056493487256
4.985 0.40927771552570247
4.995 0.5283164783516401
5.005 0.6754323999750216
5.015 0.8552468542088549
5.025 1.0725904112818265
5.035 1.3323580585203672
5.045 1.6393257922355307
5.055 1.9979307785881517
5.065 2.41202039237203
5.075 2.884578792012927
5.085 3.417443015343055
5.095 4.011023572600115
5.105 4.664046835335407
5.115 5.373337847045286
5.125 6.133662236216091
5.135 6.93764450490742
5.145 7.775777026398928
5.155 8.636529688159108
5.165 9.506564488421489
5.175 10.371052906559953
5.185 11.214087006229999
5.195 12.019168555744223
5.205 12.76975453968349
5.215 13.449832823250294
5.225 14.044498848351243
5.235 14.540503369315624
5.245 14.9267424753749
5.255 15.194664401684374
5.265 15.338572623517775
5.275 15.355811031796105
5.285 15.246824072886962
5.295 15.015092028108402
5.305 14.666948550541065
5.315 14.21129367965164
5.325 13.659220439461764
5.335 13.02357655085014
5.345 12.318484653471964
5.355 11.558844772228557
5.365 10.759841723708632
5.375 9.936477967611133
5.385 9.10314934301886
5.395 8.273277482049243
5.405 7.459008746314648
5.415 6.6709855380985195
5.425 5.918192011164626
5.435 5.207872714005395
5.445 4.545519665702768
5.455 3.9349208762116947
5.465 3.3782614287812995
5.475 2.8762669622926085
5.485 2.428378718929408
5.495 2.0329492273084666
5.505 1.6874481205301697
5.515 1.388668470304828
5.525 1.1329252632635396
5.535 0.9162391521385385
5.545 0.7345002741961766
5.555 0.5836086334769077
5.565 0.45958919034314893
5.575 0.3586813034759051
5.585 0.2774034567463634
5.595 0.21259522983418544
5.605 0.16143921443049736
5.615 0.12146603756325997
5.625 0.09054585009206854
5.635 0.06686960721503545
5.645 0.04765079275616009
5.655 0.034617330091000084
5.665 0.023643998991046807
5.675 0.016913452991977284
5.685 0.011978451656339173
5.695 0.00839897219218276
5.705 0.005830538366630552
5.715 0.004007266508964606
5.725 0.002726747045466301
5.735 0.0018369550566114726
5.745 0.0
5.755 0.0
5.765 0.0
5.775 0.0
5.785 0.0
5.795 0.0
5.805 0.0
5.815 0.0
5.825 0.0
5.835 0.0
5.845 0.0
5.855 0.0
5.865 0.0
5.875 0.0
5.885 0.0
5.895 0.0
5.905 0.0
5.915 0.0
5.925 0.0
5.935 0.0013027892818687394
5.945 0.0019338398141071664
5.955 0.002841998686184974
5.965 0.004135083688755345
5.975 0.005956645978521407
5.985 0.009777718530807092
5.995 0.013898883141609478
6.005 0.019566253659516076
6.015 0.027278818967654772
6.025 0.03766503268266103
6.035 0.052767793113652796
6.045 0.07162805477893414
6.055 0.09631543462219644
6.065 0.1282978159326476
6.075 0.16930348902806136
6.085 0.22133441221584954
6.095 0.2866698167916526
6.105 0.3678570433059836
6.115 0.46768648223270126
6.125 0.5891477210909859
6.135 0.7353645169964134
6.1450000000000005 0.909507046971918
6.155 1.114681042875699
6.165 1.3537948685251768
6.175 1.6294072848871495
6.185 1.9435604818733605
6.195 2.29760480739169
6.205 2.6920233460676752
6.215 3.126265927656466
6.225 3.598603114866517
6.235 4.106011084598
6.245 4.644097960795505
6.255 5.207081014623256
6.265 5.787822211870488
6.275 6.37792691870908
6.285 6.967907303236869
6.295 7.547408281600713
6.305 8.105489993344493
6.315 8.630957021980388
6.325 9.112721184377753
6.335 9.540181963186726
6.345 9.903606779760226
6.355 10.194492472797588
6.365 10.405889658535704
6.375 10.532673116816733
6.385 10.571743902820145
6.3950000000000005 10.522152374154789
6.405 10.385135524444712
6.415 10.16406665102503
6.425 9.864320146928277
6.435 9.493058778134937
6.445 9.058954883522414
6.455 8.571860252659578
6.465 8.042441789014203
6.475 7.481801319612036
6.485 6.901098015041562
6.495 6.311190868675688
6.505 5.722316663746087
6.515 5.143816013053895
6.525 4.583916622619414
6.535 4.049579173270399
6.545 3.5464074079847245
6.555 3.0786204191560014
6.565 2.649081976239365
6.575 2.259379197398016
6.585 1.9099410643262607
6.595 1.600186256783264
6.605 1.3286895275265602
6.615 1.0933562773093957
6.625 0.8915960064690427
6.635 0.7204867674566188
6.6450000000000005 0.5769244606223727
6.655 0.45775264444235864
6.665 0.35987032686210085
6.675 0.2803168473143083
6.685 0.21633436137695622
6.695 0.1654095478523508
6.705 0.12529694970736555
6.715 0.09402684278984402
6.725 0.0699007290435175
6.735 0.0514775191834201
6.745 0.03668432685955348
6.755 0.02656311076902
6.765 0.019049134908776563
6.775 0.013528968404038447
6.785 0.009515737384611589
6.795 0.0057729517561877775
6.805 0.004007563774825704
6.815 0.002754355616508784
6.825 0.0018742030315870802
6.835 0.0012626131718799316
6.845 0.0
6.855 0.0
6.865 0.0
6.875 0.0
6.885 0.0
6.8950000000000005 0.0
6.905 0.0
6.915 0.0
6.925 0.0
6.935 0.0
6.945 0.0
6.955 0.0
6.965 0.0
6.975 0.0
6.985 0.0
6.995 0.0
