0.005 0.0
0.015 0.0
0.025 0.0
0.034999999999999996 0.0
0.045 0.0
0.055 0.0
0.065 0.0
0.07500000000000001 0.0
0.085 0.0
0.095 0.0
0.10500000000000001 0.0
0.115 0.0
0.125 0.0
0.135 0.0
0.14500000000000002 0.0
0.155 0.0
0.165 0.0
0.17500000000000002 0.0
0.185 0.0
0.195 0.0
0.20500000000000002 0.0
0.215 0.0
0.225 0.0
0.23500000000000001 0.0
0.245 0.0
0.255 0.0
0.265 0.0
0.275 0.0
0.28500000000000003 0.0
0.295 0.0
0.305 0.0
0.315 0.0
0.325 0.0
0.335 0.0
0.34500000000000003 0.0
0.35500000000000004 0.0
0.365 0.0
0.375 0.0
0.385 0.0
0.395 0.0
0.405 0.0
0.41500000000000004 0.0
0.425 0.0
0.435 0.0
0.445 0.0
0.455 0.0
0.465 0.0
0.47500000000000003 0.0
0.485 0.0
0.495 0.0
0.505 0.0
0.515 0.0
0.525 0.0
0.535 0.0
0.545 0.0
0.555 0.0
0.5650000000000001 0.0
0.5750000000000001 0.0
0.585 0.0
0.595 0.0
0.605 0.0
0.615 0.0
0.625 0.0
0.635 0.0
0.645 0.0
0.655 0.0
0.665 0.0
0.675 0.0
0.685 0.0
0.6950000000000001 0.0
0.7050000000000001 0.0
0.715 0.0
0.725 0.0
0.735 0.0
0.745 0.0
0.755 0.0
0.765 0.0
0.775 0.0
0.785 0.0
0.795 0.0
0.805 0.0
0.8150000000000001 0.0
0.8250000000000001 0.0
0.8350000000000001 0.0
0.845 0.0
0.855 0.0
0.865 0.0
0.875 0.0
0.885 0.0
0.895 0.0
0.905 0.0
0.915 0.0
0.925 0.0
0.935 0.0
0.9450000000000001 0.0
0.9550000000000001 0.0
0.965 0.0
0.975 0.0
0.985 0.0
0.995 0.0
1.005 0.0
1.015 0.0
1.025 0.0
1.035 0.0
1.045 0.0
1.055 0.0
1.065 0.0
1.075 0.0
1.085 0.0
1.095 0.0
1.105 0.0
1.115 0.0
1.125 0.0
1.135 0.0
1.145 0.0
1.155 0.0
1.1649999999999998 0.0
1.1749999999999998 0.0
1.1849999999999998 0.0
1.1949999999999998 0.0
1.2049999999999998 0.0
1.2149999999999999 0.0
1.2249999999999999 0.0
1.2349999999999999 0.0
1.2449999999999999 0.0
1.255 0.0
1.265 0.0
1.275 0.0
1.285 0.0
1.295 0.0
1.305 0.0
1.315 0.0
1.325 0.0
1.335 0.0
1.345 0.0
1.355 0.0
1.365 0.0
1.375 0.0
1.385 0.0
1.395 0.0
1.405 0.0
1.4149999999999998 0.0
1.4249999999999998 0.0
1.4349999999999998 0.0
1.4449999999999998 0.0
1.4549999999999998 0.0
1.4649999999999999 0.0
1.4749999999999999 0.0
1.4849999999999999 0.0
1.4949999999999999 0.0
1.505 0.0
1.515 0.0
1.525 0.0
1.535 0.0
1.545 0.0
1.555 0.0
1.565 0.0
1.575 0.0
1.585 0.0
1.595 0.0
1.605 0.0
1.615 0.0
1.625 0.012750187396447659
1.635 0.018926176602565983
1.645 0.027814180185255288
1.655 0.04046939337419013
1.665 0.05829672805682196
1.6749999999999998 0.0831416657625479
1.6849999999999998 0.11739519396109534
1.6949999999999998 0.16411148266923983
1.7049999999999998 0.22713532137156697
1.7149999999999999 0.3112342889565995
1.7249999999999999 0.4222282181913866
1.7349999999999999 0.5671058492339919
1.7449999999999999 0.7654793244892324
1.755 1.0096844151390394
1.765 1.3188570899121357
1.775 1.7060130134348288
1.785 2.18551380288143
1.795 2.7728546932956655
1.805 3.4843401538690504
1.815 4.336639950927209
1.825 5.346225215926018
1.835 6.528692817510641
1.845 7.897996269689518
1.855 9.465611803552488
1.865 11.239678150407016
1.875 13.224156958230228
1.885 15.418066492615447
1.895 17.81484336538684
1.905 20.401884745117062
1.915 23.160316473333264
1.9249999999999998 26.065020864266835
1.9349999999999998 29.084942369432827
1.9449999999999998 32.18367092974633
1.9549999999999998 35.32028333983807
1.9649999999999999 38.45040420680446
1.9749999999999999 41.527432048869684
1.9849999999999999 44.50386450599743
1.9949999999999999 47.33265084673217
2.005 49.96850063955991
2.015 52.369084537834766
2.025 54.49607574517535
2.035 56.31599732739687
2.045 57.80085905936059
2.0549999999999997 58.92858565488218
2.065 59.6832538286743
2.0749999999999997 60.05516688545051
2.085 60.040801284483514
2.0949999999999998 59.6426595680646
2.105 58.8690587055048
2.1149999999999998 57.73387359010577
2.125 56.25624398890038
2.135 54.460241799899165
2.145 52.37448606802134
2.155 50.03168751758484
2.165 47.46810341676546
2.175 44.722887665137335
2.185 41.83732956123981
2.195 38.85398654009338
2.205 35.815729555490385
2.215 32.77237859204563
2.225 29.752799363453775
2.235 26.800306479008995
2.245 23.949671064997172
2.255 21.23150266594522
2.265 18.671717064365076
2.275 16.29121865483708
2.285 14.105811473957184
2.295 12.126336801733537
2.305 10.359019413163727
2.315 8.80599049581791
2.3249999999999997 7.465944086910074
2.335 6.334876364762753
2.3449999999999998 5.406853591013149
2.355 4.674754902006671
2.3649999999999998 4.130940147372678
2.375 3.767800017262246
2.385 3.5781551193972154
2.395 3.5554817631744062
2.405 3.693954306160864
2.415 3.994904366052997
2.425 4.443319665457435
2.435 5.030297820875282
2.445 5.77033712466406
2.455 6.644534920884142
2.465 7.644884732186325
2.475 8.761044348607582
2.485 9.979955817758096
2.495 11.285618356789955
2.505 12.659056656399718
2.515 14.078514317743721
2.525 15.51988594695266
2.535 16.957382624902213
2.545 18.36440534728517
2.555 19.707001989167843
2.565 20.98384150755369
2.5749999999999997 22.152424425833075
2.585 23.198470634238316
2.5949999999999998 24.108345228553933
2.605 24.873797315608176
2.6149999999999998 25.492434650749622
2.625 25.96785432687735
2.635 26.309407943997503
2.645 26.53160773116535
2.655 26.653208761999544
2.665 26.69602899139313
2.675 26.683590727240873
2.685 26.639682100314424
2.695 26.586943509257182
2.705 26.545581129852923
2.715 26.532297560889926
2.725 26.55950964805909
2.735 26.63489743713095
2.745 26.761298653472657
2.755 26.93693304786885
2.765 27.15591339525682
2.775 27.408977606353986
2.785 27.68436145116084
2.795 27.968725116697726
2.805 28.24804958415949
2.815 28.508429971550086
2.8249999999999997 28.736710991744502
2.835 28.920932243758806
2.8449999999999998 29.050575458092318
2.855 29.116629203210444
2.8649999999999998 29.111506292255
2.875 29.028863092848464
2.885 28.863376787859313
2.895 28.61053591638361
2.905 28.266491729865646
2.915 27.828004358656884
2.925 27.2925004785531
2.935 26.658240452632008
2.945 25.924575227795856
2.955 25.092258776675255
2.965 24.163772280823952
2.975 23.143612547291532
2.985 22.03849955443925
2.995 20.857465985956775
3.005 19.611803933873034
3.015 18.314858968989064
3.025 16.976578023165825
3.035 15.62516147024542
3.045 14.27013179468722
3.055 12.928614449823392
3.065 11.617080837498271
3.075 10.350769738635824
3.085 9.143181282457366
3.0949999999999998 8.005674973394049
3.105 6.947192758352788
3.1149999999999998 5.9741166837290605
3.125 5.090259571454669
3.135 4.296977366882671
3.145 3.5933841375466717
3.155 2.9766455716541795
3.165 2.442324358687971
3.175 1.9847508664890032
3.185 1.597394672201491
3.195 1.2732162270193035
3.205 1.004982642661378
3.215 0.7855366979984966
3.225 0.6036124722401821
3.235 0.46309508018230366
3.245 0.35175411330910944
3.255 0.26452410722392555
3.265 0.1969465534744317
3.275 0.14517390807187433
3.285 0.10594630294501264
3.295 0.07654910189502125
3.305 0.05475848806159162
3.315 0.03878107577034273
3.325 0.02719226042922374
3.335 0.018876776119768922
3.3449999999999998 0.012973805845254632
3.355 0.008828034441398305
3.3649999999999998 0.005947270588971569
3.375 0.0
3.385 0.0
3.395 0.0
3.405 0.003611253147466322
3.415 0.005360487081512398
3.425 0.007877848584890868
3.435 0.01146220205667836
3.445 0.016511462626881933
3.455 0.02354832857235069
3.465 0.033250002569181085
3.475 0.04648152140020902
3.485 0.06433185008969942
3.495 0.08815131657650038
3.505 0.11958828011559738
3.515 0.16062217121321679
3.525 0.21358926415376178
3.535 0.2811968180808307
3.545 0.36652064297686965
3.555 0.472980823019305
3.565 0.6042903802266525
3.575 0.764372200809626
3.585 0.9572406706994641
3.5949999999999998 1.1868462338265025
3.605 1.4568835002791805
3.6149999999999998 1.7705665239249029
3.625 2.130378291059237
3.635 2.537805079177417
3.645 2.9930698470126624
3.655 3.4948818350080337
3.665 4.040221694680202
3.675 4.624182346495697
3.685 5.239885072630527
3.695 5.8784878789138935
3.705 6.529298859957066
3.715 7.180001309116556
3.725 7.81698996415204
3.735 8.425809589983707
3.745 8.991678741693988
3.755 9.50007378471394
3.765 9.937341849999228
3.775 10.291307072938512
3.785 10.551832751843856
3.795 10.711303282036733
3.805 10.764993913169311
3.815 10.711303282036733
3.825 10.551832751843856
3.835 10.291307072938512
3.8449999999999998 9.937341849999228
3.855 9.50007378471394
3.8649999999999998 8.991678741693988
3.875 8.425809589983707
3.885 7.81698996415204
3.895 7.182835577505373
3.905 6.533506003146253
3.915 5.887478812451576
3.925 5.253049340288956
3.935 4.643266955363109
3.945 4.067616280587252
3.955 3.5338169446394505
3.965 3.047861387757785
3.975 2.6141502080209382
3.985 2.235706600504914
3.995 1.9144480731256355
4.005 1.6514918859776837
4.015 1.4474704014876911
4.025 1.3028335155299158
4.035 1.2181172987780116
4.045 1.1941606616092153
4.055 1.2322550622868114
4.065 1.3342158717222095
4.075 1.502367921996127
4.085 1.7394419857812278
4.095 2.048383469223733
4.1049999999999995 2.432079447575262
4.115 2.89301527483566
4.125 3.4328772151806906
4.135 4.052122629526834
4.145 4.749543852577215
4.155 5.5218555727470555
4.165 6.363337788962829
4.175 7.265566782332791
4.185 8.217264602755478
4.195 9.204293076549448
4.205 10.209811252238657
4.215 11.212197118645129
4.225 12.196001567313633
4.235 13.135432979344166
4.245 14.007852403764861
4.255 14.791050648404369
4.265 15.46417820776555
4.275 16.00866309408063
4.285 16.40906048230003
4.295 16.653780037617658
4.305 16.73564316195911
4.315 16.65223278056854
4.325 16.40601188709119
4.335 16.004202734728196
4.345 15.458434941613849
4.355 14.784186434016942
4.365 14.004660166523324
4.375 13.133742602060698
4.385 12.197005360470015
4.395 11.2174680390922
4.405 10.217809928823005
4.415 9.219604486715351
4.425 8.242686069234367
4.435 7.304674726376291
4.445 6.420671799248785
4.455 5.603126055737203
4.465 4.861858156894591
4.475 4.204221192424433
4.485 3.6353674332870347
4.495 3.158586636802605
4.505 2.7756792697656363
4.515 2.48732874200543
4.525 2.295595395047164
4.535 2.1966154588947258
4.545 2.1910548751615813
4.555 2.2779793928038177
4.565 2.4563026079073484
4.575 2.7247008028692905
4.585 3.081443538206074
4.595 3.5241584237928145
4.605 4.049554483263642
4.615 4.6531329417160565
4.625 5.3289167528009225
4.635 6.069230438453558
4.645 6.86455964586154
4.655 7.703515180492948
4.665 8.574957307278522
4.675 9.461048180637151
4.685 10.347298685948452
4.695 11.217143216055026
4.705 12.051978000112364
4.715 12.83999724467602
4.725 13.563488015896805
4.735 14.210568002502995
4.745 14.769048193869141
4.755 15.2310303311116
4.765 15.591771598534692
4.775 15.849864541974394
4.785 16.007240923155102
4.795 16.06900189953099
4.805 16.04308991265959
4.815 15.939829060533867
4.825 15.771369392612993
4.835 15.551075683066358
4.845 15.292902401911578
4.855 15.010793869156407
4.865 14.718142446206087
4.875 14.427328972608095
4.885 14.1493596347695
4.895 13.893603303966264
4.905 13.66762429521922
4.915 13.477098460159464
4.925 13.32579619217913
4.935 13.217451503245961
4.945 13.149368868203078
4.955 13.121251268246674
4.965 13.129989872977688
4.975 13.171008610743879
4.985 13.240202689918986
4.995 13.327758781446926
5.005 13.42692751369966
5.015 13.530828200865942
5.025 13.627670714655292
5.035 13.709578174174457
5.045 13.767813149793657
5.055 13.794385906625177
5.065 13.782486297464416
5.075 13.726904478704766
5.085 13.6244129462644
5.095 13.474081348774174
5.105 13.27749707633879
5.115 13.038868684739256
5.125 12.76499548116049
5.135 12.465094545210022
5.145 12.15218587586664
5.155 11.836666118733618
5.165 11.53383929449685
5.175 11.25528050057111
5.185 11.022603129499771
5.195 10.84484221624261
5.205 10.733965006638917
5.215 10.699639944322422
5.225 10.748701701197165
5.235 10.884737860974077
5.245 11.107821869993403
5.255 11.414409074512587
5.265 11.797403931748283
5.275 12.24639726126509
5.285 12.748063159763937
5.295 13.286696409889869
5.305 13.844863343058005
5.315 14.404132619756744
5.325 14.945847681260414
5.335 15.450462359671821
5.345 15.90451310474761
5.355 16.29102249812579
5.365 16.59762557045751
5.375 16.814821314170338
5.385 16.937782988774067
5.395 16.96094703298808
5.405 16.886917968977908
5.415 16.716266810253643
5.425 16.45714766815955
5.435 16.11495088696218
5.445 15.700174641959244
5.455 15.223454416744868
5.465 14.696097705841701
5.475 14.128281752479815
5.485 13.534585624301851
5.495 12.924024767648783
5.505 12.307049520823206
5.515 11.693437170244621
5.525 11.092306436147085
5.535 10.510868655587977
5.545 9.96030682700836
5.555 9.446436369828353
5.565 8.976817206188336
5.575 8.558829985977734
5.585 8.199674876192717
5.595 7.906288759391825
5.605 7.685175907599258
5.615 7.542156446151051
5.625 7.482045993272559
5.635 7.508288006668402
5.645 7.622566925207032
5.655 7.8244346256459645
5.665 8.110984641125782
5.675 8.476607805198311
5.685 8.912859473964568
5.695 9.40846241013535
5.705 9.949461141513162
5.715 10.519533658401087
5.725 11.100455362541187
5.735 11.672699007970813
5.745 12.214918620723912
5.755 12.710048907249845
5.765 13.137382546893257
5.775 13.479831012908503
5.785 13.722825798406483
5.795 13.853745252159403
5.805 13.86761591778814
5.815 13.758845308364165
5.825 13.526490954135117
5.835 13.177538942997383
5.845 12.71815415396075
5.855 12.159514107018897
5.865 11.515450678313583
5.875 10.801773490597057
5.885 10.035535595397455
5.895 9.234286397923384
5.905 8.415354694241504
5.915 7.595199635481204
5.925 6.788860016121591
5.935 6.009523283618801
5.945 5.268225946717078
5.955 4.572553309486617
5.965 3.9315221210734377
5.975 3.347567822940425
5.985 2.8226958163097264
5.995 2.3570244701843546
6.005 1.9490755289226467
6.015 1.596088718119261
6.025 1.2943399375558307
6.035 1.0394456676367954
6.045 0.8266401135791805
6.055 0.6510157482186107
6.065 0.5077219229680177
6.075 0.3921198102006088
6.085 0.2998949237194917
6.095 0.22713073345529503
6.105 0.17034842514557613
6.115 0.12651870144460703
6.125 0.0930517714589787
6.135 0.06777145307264323
6.1450000000000005 0.04887874888528617
6.155 0.03490948007345315
6.165 0.024689685999288224
6.175 0.017291612595929585
6.185 0.011992287133075482
6.195 0.0071939462023306346
6.205 0.004912978911870436
6.215 0.0022872933106378498
6.225 0.00154090384728418
6.235 0.0
6.245 0.0
6.255 0.0
6.265 0.0
6.275 0.0
6.285 0.0
6.295 0.0
6.305 0.0
6.315 0.0
6.325 0.0
6.335 0.0011526361220391065
6.345 0.0028601757438412156
6.355 0.004220329077778608
6.365 0.0061654875774869436
6.375 0.008917765986850323
6.385 0.012770628446410985
6.3950000000000005 0.0181065638035306
6.405 0.025417182046081697
6.415 0.03532534141368252
6.425 0.048608583113354434
6.435 0.06622274806132855
6.445 0.08932419164148676
6.455 0.11928852416107236
6.465 0.15772332606219047
6.475 0.20647187119614593
6.485 0.2676046036425816
6.495 0.3433950265882183
6.505 0.43627685002785216
6.515 0.5487797745130351
6.525 0.6834422099077146
6.535 0.8427005608171093
6.545 1.0287564335578423
6.555 1.2434251640606342
6.565 1.4879713097251126
6.575 1.762939017244856
6.585 2.0690588608809115
6.595 2.4033322243776216
6.605 2.7640124847184757
6.615 3.1485027935807732
6.625 3.5502858718052392
6.635 3.9640708476225583
6.6450000000000005 4.382813605575296
6.655 4.7986268148368385
6.665 5.2030452666030325
6.675 5.587352547738851
6.685 5.942954897830793
6.695 6.261783221125658
6.705 6.53670040411258
6.715 6.761888747318429
6.725 6.933191768088623
6.735 7.048386030704615
6.745 7.107361997713606
6.755 7.112197979453185
6.765 7.067117731637396
6.775 6.978329627966057
6.785 6.853753048310345
6.795 6.7026450786678184
6.805 6.535147251846725
6.815 6.361777382663403
6.825 6.192895201983267
6.835 6.038172246523406
6.845 5.906096242770426
6.855 5.804687324828644
6.865 5.738264354856797
6.875 5.70862233876884
6.885 5.717076382655565
6.8950000000000005 5.761907723219332
6.905 5.839274007323695
6.915 5.943468245665091
6.925 6.067280353167646
6.935 6.202440654787857
6.945 6.340120134507735
6.955 6.47145900127839
6.965 6.588093518565114
6.975 6.682651097261344
6.985 6.749185401392877
6.995 6.783526584181923
