0.005 0.0
0.015 0.0
0.025 0.0
0.034999999999999996 0.0
0.045 0.0
0.055 0.0
0.065 0.0
0.07500000000000001 0.0
0.085 0.0
0.095 0.0
0.10500000000000001 0.0
0.115 0.0
0.125 0.0
0.135 0.0
0.14500000000000002 0.0
0.155 0.0
0.165 0.0
0.17500000000000002 0.0
0.185 0.0
0.195 0.0
0.20500000000000002 0.0
0.215 0.0
0.225 0.0
0.23500000000000001 0.0
0.245 0.0
0.255 0.0
0.265 0.0
0.275 0.0
0.28500000000000003 0.0
0.295 0.0
0.305 0.0
0.315 0.0
0.325 0.0
0.335 0.0
0.34500000000000003 0.0
0.35500000000000004 0.0
0.365 0.0
0.375 0.0
0.385 0.0
0.395 0.0
0.405 0.0
0.41500000000000004 0.0
0.425 0.0
0.435 0.0
0.445 0.0
0.455 0.0
0.465 0.0
0.47500000000000003 0.0
0.485 0.0
0.495 0.0
0.505 0.0
0.515 0.0
0.525 0.0
0.535 0.0
0.545 0.0
0.555 0.0
0.5650000000000001 0.0
0.5750000000000001 0.0
0.585 0.0
0.595 0.0
0.605 0.0
0.615 0.0
0.625 0.0
0.635 0.0
0.645 0.0
0.655 0.0
0.665 0.0
0.675 0.0
0.685 0.0
0.6950000000000001 0.0
0.7050000000000001 0.0
0.715 0.0
0.725 0.0
0.735 0.0
0.745 0.0
0.755 0.0
0.765 0.0
0.775 0.0
0.785 0.0
0.795 0.0
0.805 0.0
0.8150000000000001 0.0
0.8250000000000001 0.0
0.8350000000000001 0.0
0.845 0.0
0.855 0.0
0.865 0.0
0.875 0.0
0.885 0.0
0.895 0.0
0.905 0.0
0.915 0.0
0.925 0.0
0.935 0.0
0.9450000000000001 0.0
0.9550000000000001 0.0
0.965 0.0
0.975 0.0
0.985 0.0
0.995 0.0
1.005 0.0
1.015 0.0
1.025 0.0
1.035 0.0
1.045 0.0
1.055 0.0
1.065 0.0
1.075 0.0
1.085 0.0
1.095 0.0
1.105 0.0
1.115 0.0
1.125 0.0
1.135 0.0
1.145 0.0
1.155 0.0
1.1649999999999998 0.0
1.1749999999999998 0.0
1.1849999999999998 0.0
1.1949999999999998 0.0
1.2049999999999998 0.0
1.2149999999999999 0.0
1.2249999999999999 0.0
1.2349999999999999 0.0
1.2449999999999999 0.0
1.255 0.0
1.265 0.0
1.275 0.0
1.285 0.0
1.295 0.0
1.305 0.0
1.315 0.0
1.325 0.0
1.335 0.0
1.345 0.0
1.355 0.0
1.365 0.0
1.375 0.0
1.385 0.0
1.395 0.0
1.405 0.0
1.4149999999999998 0.0
1.4249999999999998 0.0
1.4349999999999998 0.0
1.4449999999999998 0.0
1.4549999999999998 0.0
1.4649999999999999 0.0
1.4749999999999999 0.0
1.4849999999999999 0.0
1.4949999999999999 0.0
1.505 0.0
1.515 0.0
1.525 0.0
1.535 0.0
1.545 0.0
1.555 0.0
1.565 0.0
1.575 0.0
1.585 0.0
1.595 0.0
1.605 0.0
1.615 0.0
1.625 0.0
1.635 0.0
1.645 0.0
1.655 0.0
1.665 0.0
1.6749999999999998 0.0
1.6849999999999998 0.0
1.6949999999999998 0.0
1.7049999999999998 0.0
1.7149999999999999 0.0
1.7249999999999999 0.0
1.7349999999999999 0.0
1.7449999999999999 0.0
1.755 0.0
1.765 0.01115452116972815
1.775 0.01655759488163712
1.785 0.024333278566674516
1.795 0.03540471140402451
1.805 0.061754476149160194
1.815 0.08869893054732826
1.825 0.12616181470697624
1.835 0.1777050244381118
1.845 0.24787708084314217
1.855 0.3424053846925553
1.865 0.46839798177443565
1.875 0.6345448657153923
1.885 0.8513050649028817
1.895 1.131061793751552
1.905 1.4882241246349093
1.915 1.9392503870720383
1.9249999999999998 2.5025663435697703
1.9349999999999998 3.1983506987736825
1.9449999999999998 4.04816224462469
1.9549999999999998 5.074387438077668
1.9649999999999999 6.299494813174958
1.9749999999999999 7.74509347893253
1.9849999999999999 9.430806871589796
1.9949999999999999 11.37298936570117
2.005 13.5833313527875
2.015 16.067416629242796
2.025 18.8233127329807
2.035 21.840288362235857
2.045 25.09776029692289
2.0549999999999997 28.56457359415489
2.065 32.198711916985374
2.0749999999999997 35.947518970025484
2.085 39.748487245963894
2.0949999999999998 43.530637629974095
2.105 47.21647478649277
2.1149999999999998 50.724461420556395
2.125 53.971912851105614
2.135 56.87817557561711
2.145 59.3679233255966
2.155 61.37438475533914
2.165 62.84231079837858
2.175 63.73049816221794
2.185 64.01370837384462
2.195 63.683857805274116
2.205 62.750400474391554
2.215 61.23987836010926
2.225 59.19466904771406
2.235 56.67101306653251
2.245 53.73644889533623
2.255 50.466818598899195
2.265 46.94302880263001
2.275 43.24775890087764
2.285 39.46230111042638
2.295 35.66369662563728
2.305 31.922301213901925
2.315 28.299875403330947
2.3249999999999997 24.84825265414053
2.335 21.608597269889742
2.3449999999999998 18.611225632854406
2.355 15.875932325693281
2.3649999999999998 13.412738671254235
2.375 11.222966100255839
2.385 9.300530559155257
2.395 7.633356131384317
2.405 6.20481479800893
2.415 4.995113061669888
2.425 3.9825630978942934
2.435 3.1446943280047095
2.445 2.459179191216387
2.455 1.9045631239512446
2.465 1.4608024163067355
2.475 1.1096241928839337
2.485 0.8347301079921845
2.495 0.6218696069064894
2.505 0.45881016170499883
2.515 0.3352312570340694
2.525 0.24256665210082962
2.535 0.17381614754177327
2.545 0.12334425042276129
2.555 0.08667918036674531
2.565 0.060321914707565684
2.5749999999999997 0.03413183992636642
2.585 0.023458447646801286
2.5949999999999998 0.01596231562563794
2.605 0.010753493417182585
2.6149999999999998 0.0
2.625 0.0
2.635 0.0
2.645 0.0
2.655 0.0
2.665 0.0
2.675 0.0
2.685 0.0
2.695 0.0
2.705 0.0
2.715 0.0
2.725 0.0
2.735 0.0
2.745 0.0
2.755 0.0
2.765 0.0
2.775 0.0
2.785 0.0
2.795 0.0
2.805 0.0
2.815 0.0
2.8249999999999997 0.0
2.835 0.0
2.8449999999999998 0.0
2.855 0.0
2.8649999999999998 0.0
2.875 0.0
2.885 0.0
2.895 0.0
2.905 0.0
2.915 0.0
2.925 0.0
2.935 0.0
2.945 0.0
2.955 0.0
2.965 0.0
2.975 0.0
2.985 0.0
2.995 0.0
3.005 0.0
3.015 0.0
3.025 0.0
3.035 0.0
3.045 0.0
3.055 0.004379969627639723
3.065 0.006501557671982165
3.075 0.009554782266420541
3.085 0.013902126166188127
3.0949999999999998 0.020026207485451752
3.105 0.028560989694378272
3.1149999999999998 0.040327829544194005
3.125 0.056375901568196544
3.135 0.07802597546517834
3.145 0.10691581937766285
3.155 0.1450446737846347
3.165 0.19481332454719527
3.175 0.25905536155496534
3.185 0.3410543299760342
3.195 0.44454077811410003
3.205 0.5736628130692173
3.215 0.7329238365703028
3.225 0.9270817876911288
3.235 1.1610055824933638
3.245 1.4394865838984092
3.255 1.7670058624135179
3.265 2.14746163778291
3.275 2.5838654420472187
3.285 3.0818702115531846
3.295 3.635910821134056
3.305 4.247225985536706
3.315 4.912472282769814
3.325 5.62612233105136
3.335 6.380390456115658
3.3449999999999998 7.1652745216200096
3.355 7.96872896174159
3.3649999999999998 8.776976292794535
3.375 9.57862372551101
3.385 10.352335835483174
3.395 11.084967260702062
3.405 11.76169730874277
3.415 12.369257581305872
3.425 12.896690809265795
3.435 13.336036988152179
3.445 13.682897027364211
3.455 13.93682931446855
3.465 14.101543579656031
3.475 14.184868646942268
3.485 14.198485180323475
3.495 14.15743023959828
3.505 14.079396088139587
3.515 13.983859974267727
3.525 13.891093387070825
3.535 13.821107640426607
3.545 13.79259694787678
3.555 13.821940154973227
3.565 13.922318101302185
3.575 14.102995639468782
3.585 14.368806374219991
3.5949999999999998 14.719865135035896
3.605 15.151519100719476
3.6149999999999998 15.654534405409748
3.625 16.215501942211645
3.635 16.81743475812893
3.645 17.440520508227824
3.655 18.062986276227385
3.665 18.662029799659624
3.675 19.214770664423696
3.685 19.699177075112033
3.695 20.09492794854871
3.705 20.38417582504468
3.715 20.552182928633492
3.725 20.587810142935886
3.735 20.483846273358253
3.745 20.237172391067695
3.755 19.84876303891948
3.765 19.323532442557898
3.775 18.67003949052145
3.785 17.900070042902033
3.795 17.028119033087307
3.805 16.07079777632508
3.815 15.046193821539688
3.825 13.973211506506185
3.835 12.870921040263871
3.8449999999999998 11.75794241081857
3.855 10.654775530452646
3.8649999999999998 9.570247084178487
3.875 8.527546853703532
3.885 7.534771572752133
3.895 6.602105354892691
3.905 5.737401913968698
3.915 4.94624672170007
3.925 4.232108082895657
3.935 3.596562096464241
3.945 3.0395735672255455
3.955 2.55981320901087
3.965 2.1549909372766365
3.975 1.8221856080657035
3.985 1.5581530739953682
3.995 1.3595967130881483
4.005 1.2233874472305966
4.015 1.1494058110794536
4.025 1.1312053428143987
4.035 1.1688032604074767
4.045 1.260886031163921
4.055 1.40650698985448
4.065 1.6049423679478618
4.075 1.855506018736714
4.085 2.1573367854671868
4.095 2.50660654896793
4.1049999999999995 2.9074469792336037
4.115 3.353445775931938
4.125 3.841042797977383
4.135 4.365593796788983
4.145 4.921350936398138
4.155 5.5015177785777585
4.165 6.0983810690767015
4.175 6.703515349262333
4.185 7.305602859043587
4.195 7.901365667599595
4.205 8.478455024575888
4.215 9.028697359461425
4.225 9.544743278859318
4.235 10.022764742190251
4.245 10.454087171680616
4.255 10.836870450691407
4.265 11.169076706806091
4.275 11.45001201592097
4.285 11.680162094490765
4.295 11.86096405720896
4.305 11.994539406099953
4.315 12.0834171704124
4.325 12.130276796455322
4.335 12.137737818330788
4.345 12.108217724380804
4.355 12.043871332778046
4.365 11.946615270795874
4.375 11.818230891469831
4.385 11.660529317258698
4.395 11.475554378194971
4.405 11.265793933031052
4.415 11.034368054585542
4.425 10.785164087951378
4.435 10.522893521254272
4.445 10.253053435614596
4.455 9.981785200797326
4.465 9.715634012728
4.475 9.461223683181034
4.485 9.224870667744527
4.495 9.012168673731951
4.505 8.827579582658402
4.515 8.6740674188909
4.525 8.552809607618743
4.535 8.463014044252375
4.545 8.401862103655269
4.555 8.364587454452145
4.565 8.344689373228722
4.575 8.33426820108596
4.585 8.324460641332212
4.595 8.30594462698664
4.605 8.271565329927517
4.615 8.209532352241762
4.625 8.113847700168343
4.635 7.97869473811852
4.645 7.800161846764765
4.655 7.576457101153969
4.665 7.30607104745917
4.675 6.996099020047165
4.685 6.648356065163337
4.695 6.269287914578065
4.705 5.8667636508595065
4.715 5.449704276972277
4.725 5.027686335520708
4.735 4.610545994059859
4.745 4.208005519891822
4.755 3.8293391375440624
4.765 3.4850493864168133
4.775 3.1797494542717724
4.785 2.9213196482808197
4.795 2.715124134569209
4.805 2.56525347176394
4.815 2.47449683114161
4.825 2.442552994137739
4.835 2.4738141287071547
4.845 2.5646444593379703
4.855 2.7128647876825753
4.865 2.9151347394336735
4.875 3.1670301624051893
4.885 3.4631379383743095
4.895 3.797173246178674
4.905 4.162123530256672
4.915 4.550421416235596
4.925 4.954145784937424
4.935 5.365246533277078
4.945 5.775784693370163
4.955 6.179999344855119
4.965 6.568130491676464
4.975 6.935303117049356
4.985 7.276423123857184
4.995 7.587513514133693
5.005 7.865772070709203
5.015 8.109562402431733
5.025 8.31833998452983
5.035 8.492520816760816
5.045 8.631682534331876
5.055 8.741405932270444
5.065 8.82149128854045
5.075 8.874324608428447
5.085 8.904021016518751
5.095 8.91019764643664
5.105 8.896179514185476
5.115 8.86396630529332
5.125 8.817151948183799
5.135 8.754990418232008
5.145 8.680658632467692
5.155 8.596422550997055
5.165 8.504889611949054
5.175 8.409087165691805
5.185 8.312495136597565
5.195 8.219024253519777
5.205 8.132937673047604
5.215 8.0587204748224
5.225 8.000907513800293
5.235 7.963884741729977
5.245 7.951681816780459
5.255 7.967774317826008
5.265 8.014912168667701
5.275 8.094987243066987
5.285 8.208948094227019
5.295 8.356764034881806
5.305 8.537435166580309
5.315 8.749040172239994
5.325 8.988810370204241
5.335 9.253217095595062
5.345 9.538060074489277
5.355 9.838546951831642
5.365 10.149358122228943
5.375 10.46469587985936
5.385 10.778321908456402
5.395 11.083591507857737
5.405 11.375047553109574
5.415 11.641637078198528
5.425 11.880233154706108
5.435 12.081363675437093
5.445 12.23778330215363
5.455 12.342630102332702
5.465 12.389706000726488
5.475 12.373779905796356
5.485 12.290894436941254
5.495 12.13865380310273
5.505 11.916469197210528
5.515 11.625739265577156
5.525 11.269946697818593
5.535 10.854657410321582
5.545 10.387415603447547
5.555 9.877535464035148
5.565 9.335797719803585
5.575 8.772758748859905
5.585 8.203979606496791
5.595 7.640225930314326
5.605 7.095323836484256
5.615 6.5786321198694
5.625 6.101509984753029
5.635 5.672752373495433
5.645 5.299265073102617
5.655 4.985860622584173
5.665 4.735148974736989
5.675 4.547524999467468
5.685 4.421250448220778
5.695 4.352623993459233
5.705 4.33622945917597
5.715 4.3652493683164675
5.725 4.431828438045497
5.735 4.527469658161099
5.745 4.643444132856731
5.755 4.771195036728908
5.765 4.901499882075156
5.775 5.030081647374846
5.785 5.1492102914605296
5.795 5.254314591908318
5.805 5.342273300137751
5.815 5.411436767039576
5.825 5.461556064759779
5.835 5.4936257532726565
5.845 5.509652209710385
5.855 5.512364637392523
5.865 5.5048900274468195
5.875 5.490416043243741
5.885 5.471866728893761
5.895 5.45177523694003
5.905 5.432445651676224
5.915 5.413812567252837
5.925 5.396979606592785
5.935 5.377653844165551
5.945 5.357438180976398
5.955 5.332099575553184
5.965 5.298724759743719
5.975 5.254309407325255
5.985 5.19607664657238
5.995 5.121788332033849
6.005 5.0300262169587135
6.015 4.920422824942973
6.025 4.79382587150903
6.035 4.652385107177996
6.045 4.499555963209326
6.055 4.3400199007578255
6.065 4.17952646685173
6.075 4.024666411938478
6.085 3.882588607512183
6.095 3.7606758285047026
6.105 3.6661957604497757
6.115 3.6059439748727105
6.125 3.585895263943631
6.135 3.6108788306380895
6.1450000000000005 3.6842915668696583
6.155 3.807862143266946
6.165 3.9814769385492155
6.175 4.203076944931194
6.185 4.468632637035244
6.195 4.773403390192054
6.205 5.107852744508417
6.215 5.462558575320724
6.225 5.829530741350773
6.235 6.196008853468555
6.245 6.550350747569029
6.255 6.880950553104807
6.265 7.176723240913153
6.275 7.427580906761469
6.285 7.624876492908436
6.295 7.761791096893723
6.305 7.833643119385313
6.315 7.838101219514561
6.325 7.7764442389719335
6.335 7.650637590317325
6.345 7.464655662163958
6.355 7.226390798245692
6.365 6.944768554462442
6.375 6.630122446602086
6.385 6.293748194253318
6.3950000000000005 5.947431246946243
6.405 5.60297308280253
6.415 5.270773482313721
6.425 4.963621095954007
6.435 4.689454255715898
6.445 4.456193608427162
6.455 4.270108690437654
6.465 4.135717876550921
6.475 4.055769017882069
6.485 4.031293520894647
6.495 4.06172295530403
6.505 4.145054581538682
6.515 4.278050553004029
6.525 4.456455010777625
6.535 4.676300945361831
6.545 4.9313810380473635
6.555 5.214797448226383
6.565 5.521136121125036
6.575 5.844187903294191
6.585 6.177772523425363
6.595 6.515810523691522
6.605 6.852372916330519
6.615 7.18171777127959
6.625 7.498324239592431
6.635 7.796934481938586
6.6450000000000005 8.072612516464329
6.655 8.321910177038955
6.665 8.540250732758901
6.675 8.723396695285551
6.685 8.86963796842563
6.695 8.977530256865156
6.705 9.045893099641276
6.715 9.0777553276055
6.725 9.074162901424575
6.735 9.0379718410518
6.745 8.976263879697399
6.755 8.894002698785313
6.765 8.798422488360163
6.775 8.697439106041337
6.785 8.599305898358232
6.795 8.512226946610722
6.805 8.44395188612181
6.815 8.401378861801774
6.825 8.390192253521931
6.835 8.414559501198529
6.845 8.476906907462237
6.855 8.57778815109738
6.865 8.717004675155
6.875 8.890775513698404
6.885 9.093315142218472
6.8950000000000005 9.319237401713284
6.905 9.561280365680664
6.915 9.811418773880963
6.925 10.061223287898187
6.935 10.302217795179612
6.945 10.526217770025715
6.955 10.725636527471305
6.965 10.893750423292893
6.975 11.0249180811241
6.985 11.114752072858
6.995 11.160243800071115
