0.005 0.0
0.015 0.0
0.025 0.0
0.034999999999999996 0.0
0.045 0.0
0.055 0.0
0.065 0.0
0.07500000000000001 0.0
0.085 0.0
0.095 0.0
0.10500000000000001 0.0
0.115 0.0
0.125 0.0
0.135 0.0
0.14500000000000002 0.0
0.155 0.0
0.165 0.0
0.17500000000000002 0.0
0.185 0.0
0.195 0.0
0.20500000000000002 0.0
0.215 0.0
0.225 0.0
0.23500000000000001 0.0
0.245 0.0
0.255 0.0
0.265 0.0
0.275 0.0
0.28500000000000003 0.0
0.295 0.0
0.305 0.0
0.315 0.0
0.325 0.0
0.335 0.0
0.34500000000000003 0.0
0.35500000000000004 0.0
0.365 0.0
0.375 0.0
0.385 0.0
0.395 0.0
0.405 0.0
0.41500000000000004 0.0
0.425 0.0
0.435 0.0
0.445 0.0
0.455 0.0
0.465 0.0
0.47500000000000003 0.0
0.485 0.0
0.495 0.0
0.505 0.0
0.515 0.0
0.525 0.0
0.535 0.0
0.545 0.0
0.555 0.0
0.5650000000000001 0.0
0.5750000000000001 0.0
0.585 0.0
0.595 0.0
0.605 0.0
0.615 0.0
0.625 0.0
0.635 0.0
0.645 0.0
0.655 0.0
0.665 0.0
0.675 0.0
0.685 0.0
0.6950000000000001 0.0
0.7050000000000001 0.0
0.715 0.0
0.725 0.0
0.735 0.0
0.745 0.0
0.755 0.0
0.765 0.0
0.775 0.0
0.785 0.0
0.795 0.0
0.805 0.0
0.8150000000000001 0.0
0.8250000000000001 0.0
0.8350000000000001 0.0
0.845 0.0
0.855 0.0
0.865 0.0
0.875 0.0
0.885 0.0
0.895 0.0
0.905 0.0
0.915 0.0
0.925 0.0
0.935 0.0
0.9450000000000001 0.0
0.9550000000000001 0.0
0.965 0.0
0.975 0.0
0.985 0.0
0.995 0.0
1.005 0.0
1.015 0.0
1.025 0.0
1.035 0.0
1.045 0.0
1.055 0.0
1.065 0.0
1.075 0.0
1.085 0.0
1.095 0.0
1.105 0.0
1.115 0.0
1.125 0.0
1.135 0.0
1.145 0.0
1.155 0.0
1.1649999999999998 0.0
1.1749999999999998 0.0
1.1849999999999998 0.0
1.1949999999999998 0.0
1.2049999999999998 0.0
1.2149999999999999 0.0
1.2249999999999999 0.0
1.2349999999999999 0.0
1.2449999999999999 0.0
1.255 0.0
1.265 0.0
1.275 0.0
1.285 0.0
1.295 0.0
1.305 0.0
1.315 0.0
1.325 0.0
1.335 0.0
1.345 0.0
1.355 0.0
1.365 0.0
1.375 0.0
1.385 0.0
1.395 0.0
1.405 0.0
1.4149999999999998 0.0
1.4249999999999998 0.0
1.4349999999999998 0.0
1.4449999999999998 0.0
1.4549999999999998 0.0
1.4649999999999999 0.0
1.4749999999999999 0.0
1.4849999999999999 0.0
1.4949999999999999 0.0
1.505 0.0
1.515 0.0
1.525 0.0
1.535 0.0
1.545 0.0
1.555 0.0
1.565 0.0
1.575 0.0
1.585 0.0
1.595 0.0
1.605 0.0
1.615 0.0
1.625 0.0
1.635 0.0
1.645 0.0
1.655 0.0
1.665 0.0
1.6749999999999998 0.0
1.6849999999999998 0.0
1.6949999999999998 0.0
1.7049999999999998 0.0
1.7149999999999999 0.0
1.7249999999999999 0.0
1.7349999999999999 0.0
1.7449999999999999 0.0
1.755 0.0
1.765 0.0
1.775 0.0
1.785 0.0
1.795 0.0
1.805 0.0
1.815 0.0
1.825 0.0
1.835 0.0
1.845 0.0
1.855 0.0
1.865 0.0
1.875 0.0
1.885 0.0
1.895 0.0
1.905 0.0
1.915 0.0
1.9249999999999998 0.0
1.9349999999999998 0.0
1.9449999999999998 0.0
1.9549999999999998 0.0
1.9649999999999999 0.0
1.9749999999999999 0.0
1.9849999999999999 0.0
1.9949999999999999 0.0
2.005 0.0
2.015 0.0
2.025 0.0
2.035 0.0
2.045 0.0
2.0549999999999997 0.0
2.065 0.0
2.0749999999999997 0.0
2.085 0.0
2.0949999999999998 0.0
2.105 0.0
2.1149999999999998 0.0
2.125 0.0
2.135 0.0
2.145 0.0
2.155 0.0
2.165 0.0
2.175 0.0
2.185 0.0
2.195 0.0
2.205 0.0
2.215 0.0
2.225 0.0
2.235 0.0
2.245 0.0
2.255 0.0
2.265 0.0
2.275 0.0
2.285 0.0
2.295 0.0
2.305 0.0
2.315 0.0
2.3249999999999997 0.0
2.335 0.0
2.3449999999999998 0.0
2.355 0.0
2.3649999999999998 0.0
2.375 0.0
2.385 0.0
2.395 0.0
2.405 0.0
2.415 0.0
2.425 0.0
2.435 0.0
2.445 0.0
2.455 0.0
2.465 0.0
2.475 0.0
2.485 0.0
2.495 0.0
2.505 0.0
2.515 0.006153043160415669
2.525 0.009133479993375073
2.535 0.013422693002860184
2.545 0.01952990308021737
2.555 0.028133098964849643
2.565 0.040122881488654914
2.5749999999999997 0.056653104210000846
2.585 0.07919766232337715
2.5949999999999998 0.10961199174558911
2.605 0.15019685228193502
2.6149999999999998 0.2037608051785054
2.625 0.27367650830238976
2.635 0.36392462872938924
2.645 0.4791179370620514
2.655 0.6244971602177088
2.665 0.8058896176050613
2.675 1.0296217515427624
2.685 1.3023775820045589
2.695 1.630997031003342
2.705 2.022211072805818
2.715 2.482314778515219
2.725 3.0167844222553684
2.735 3.629850646747635
2.745 4.324045849806041
2.755 5.099749920253793
2.765 5.954763594029568
2.775 6.883942346289602
2.785 7.878925236682143
2.795 8.92799194377555
2.805 10.016077012578046
2.815 11.124963012010312
2.8249999999999997 12.2336640891075
2.835 13.318998882066655
2.8449999999999998 14.356337800629772
2.855 15.320495441049976
2.8649999999999998 16.18672567042005
2.875 16.931766011958974
2.885 17.534870586768314
2.895 17.978767949052614
2.905 18.250482230777664
2.915 18.341963153653563
2.925 18.250482230777664
2.935 17.978767949052614
2.945 17.534870586768314
2.955 16.931766011958974
2.965 16.18672567042005
2.975 15.320495441049976
2.985 14.356337800629772
2.995 13.318998882066655
3.005 12.2336640891075
3.015 11.124963012010312
3.025 10.016077012578046
3.035 8.92799194377555
3.045 7.878925236682143
3.055 6.883942346289602
3.065 5.954763594029568
3.075 5.099749920253793
3.085 4.324045849806041
3.0949999999999998 3.629850646747635
3.105 3.0167844222553684
3.1149999999999998 2.482314778515219
3.125 2.022211072805818
3.135 1.630997031003342
3.145 1.3023775820045589
3.155 1.0296217515427624
3.165 0.8058896176050613
3.175 0.6244971602177088
3.185 0.4791179370620514
3.195 0.36392462872938924
3.205 0.27367650830238976
3.215 0.2037608051785054
3.225 0.15019685228193502
3.235 0.10961199174558911
3.245 0.07919766232337715
3.255 0.056653104210000846
3.265 0.040122881488654914
3.275 0.028133098964849643
3.285 0.01952990308021737
3.295 0.013422693002860184
3.305 0.009133479993375073
3.315 0.006153043160415669
3.325 0.0
3.335 0.0
3.3449999999999998 0.0
3.355 0.0
3.3649999999999998 0.0
3.375 0.0
3.385 0.0
3.395 0.0
3.405 0.0
3.415 0.0
3.425 0.0
3.435 0.0
3.445 0.0
3.455 0.0
3.465 0.0
3.475 0.0
3.485 0.0
3.495 0.0
3.505 0.0
3.515 0.0
3.525 0.0
3.535 0.0
3.545 0.0
3.555 0.0
3.565 0.0
3.575 0.0
3.585 0.0
3.5949999999999998 0.0
3.605 0.0
3.6149999999999998 0.0
3.625 0.0
3.635 0.0
3.645 0.0
3.655 0.0
3.665 0.0
3.675 0.0
3.685 0.0
3.695 0.0
3.705 0.0
3.715 0.0
3.725 0.0
3.735 0.0
3.745 0.0
3.755 0.0
3.765 0.0
3.775 0.0
3.785 0.0
3.795 0.0
3.805 0.0
3.815 0.0
3.825 0.0
3.835 0.0
3.8449999999999998 0.0
3.855 0.0
3.8649999999999998 0.0
3.875 0.0
3.885 0.0
3.895 0.0
3.905 0.0
3.915 0.0
3.925 0.0
3.935 0.0
3.945 0.0
3.955 0.0
3.965 0.0
3.975 0.0
3.985 0.0
3.995 0.0
4.005 0.0
4.015 0.0
4.025 0.0
4.035 0.0
4.045 0.0
4.055 0.0
4.065 0.0
4.075 0.0
4.085 0.0
4.095 0.0
4.1049999999999995 0.0
4.115 0.0
4.125 0.0
4.135 0.0
4.145 0.0
4.155 0.0
4.165 0.0
4.175 0.0
4.185 0.0
4.195 0.0
4.205 0.0
4.215 0.002454844147204168
4.225 0.0036439318432845984
4.235 0.005355174423246477
4.245 0.0077917328096066005
4.255 0.011224100259994159
4.265 0.016007594652519407
4.275 0.024994798771629526
4.285 0.035148032649190086
4.295 0.05132176055498702
4.305 0.07103699566447362
4.315 0.09740534871127819
4.325 0.1323149419345297
4.335 0.1780638785873267
4.345 0.23973101068695568
4.355 0.31705384124690966
4.365 0.41551122120335593
4.375 0.5396265348291268
4.385 0.6945205003440822
4.395 0.8858884123172647
4.405 1.1199446564774291
4.415 1.403329013683141
4.425 1.7429703150676714
4.435 2.1459046163984907
4.445 2.619047224324683
4.455 3.1689205798012527
4.465 3.801343081026989
4.475 4.521087253332359
4.485 5.331519042693648
4.495 6.234233182136759
4.505 7.228702294129365
4.515 8.31195938322116
4.525 9.478334397822099
4.535 10.719265396755663
4.545 12.023203407213387
4.555 13.375627249119034
4.565 14.759180463254774
4.575 16.153937152711023
4.585 17.53779726313661
4.595 18.887004909664054
4.605 20.176776202629114
4.615 21.382016075297642
4.625 22.478097341083007
4.635 23.441670060782418
4.645 24.251465693265132
4.655 24.88905876917278
4.665 25.339549192082377
4.675 25.592130828594513
4.685 25.640516743023184
4.695 25.483198054949305
4.705 25.123521592499916
4.715 24.569580795986912
4.725 23.83392411333964
4.735 22.93309478265656
4.745 21.887024773189648
4.755 20.718313153926086
4.765 19.451424773182524
4.775 18.111848495786255
4.785 16.72525515874795
4.795 15.316693860654665
4.805 13.909861369514635
4.815 12.526473662622465
4.825 11.185761380462484
4.835 9.904102856298495
4.845 8.69479998475433
4.855 7.567994112804255
4.865 6.530711907391741
4.875 5.587025202404952
4.885 4.738304447293727
4.895 3.98354271597574
4.905 3.3197262870835456
4.915 2.7422284423981313
4.925 2.2452051104496613
4.935 1.821973993946251
4.945 1.4653625120859544
4.955 1.1680139078394913
4.965 0.9226448890972521
4.975 0.7222519151271775
4.985 0.560266496283266
4.995 0.43066250858015537
5.005 0.32802047084841107
5.015 0.2475549904355492
5.025 0.1834748818248373
5.035 0.13606294114690803
5.045 0.09995960605220548
5.055 0.07274814347961857
5.065 0.05244731681568471
5.075 0.037455875792988994
5.085 0.024901840905016404
5.095 0.017514380717798594
5.105 0.01061750621262319
5.115 0.007370637253479157
5.125 0.005065759962173563
5.135 0.0034469995891207262
5.145 0.0023221748184896825
5.155 0.0
5.165 0.0
5.175 0.0
5.185 0.0
5.195 0.0
5.205 0.0
5.215 0.0
5.225 0.0016524272094465859
5.235 0.002452836826350073
5.245 0.005245463121221351
5.255 0.00768032968126758
5.265 0.01113449592844986
5.275 0.015982922928333067
5.285 0.022716272211877917
5.295 0.03196784797244064
5.305 0.04454361649215476
5.315 0.06145447843590969
5.325 0.08554465118116243
5.335 0.11591566846642866
5.345 0.15713140902250036
5.355 0.2090610933383787
5.365 0.275503121828056
5.375 0.3596144575511572
5.385 0.46496525207670303
5.395 0.5955158136099773
5.405 0.7555681034004502
5.415 0.9496880219502999
5.425 1.1825958565849717
5.435 1.4590238460505396
5.445 1.7835418375172793
5.455 2.1603543746032416
5.465 2.593075115472709
5.475 3.0844870434985454
5.485 3.6362992710155466
5.495 4.248913107348785
5.505 4.921211235708552
5.515 5.650384129971024
5.525 6.43478577722037
5.535 7.26340121056683
5.545 8.130034116687074
5.555 9.024787057441388
5.565 9.93770026800291
5.575 10.855310830601539
5.585 11.762828907286664
5.595 12.647252347315717
5.605 13.49455807613494
5.615 14.291158885487466
5.625 15.024394081681244
5.635 15.683010823053332
5.645 16.257616139954063
5.655 16.74108029667738
5.665 17.1288733914639
5.675 17.41931877686548
5.685 17.613748947132862
5.695 17.716551977945596
5.705 17.73509948017945
5.715 17.679550455478243
5.725 17.56252954218379
5.735 17.398683007124585
5.745 17.204121480199255
5.755 16.995764726825946
5.765 16.790610436949564
5.775 16.60495564934117
5.785 16.453605461842496
5.795 16.349108450909437
5.805 16.30106107060791
5.815 16.315523624484257
5.825 16.39458776218758
5.835 16.536129639175968
5.845 16.733773975812987
5.855 16.97708266200602
5.865 17.251967982367503
5.875 17.541315951102924
5.885 17.82579078989574
5.895 18.08477847145644
5.905 18.29741665147815
5.915 18.443651216054732
5.925 18.505256793976596
5.935 18.46676027639316
5.945 18.316212596780364
5.955 18.045764290126
5.965 17.652013842063212
5.975 17.136113438505106
5.985 16.503633137973942
5.995 15.764200365319889
6.005 14.930945700122933
6.015 14.019797138951049
6.025 13.048672576474813
6.035 12.035521631224515
6.045 11.002256627134821
6.055 9.965000655075972
6.065 8.943945090062384
6.075 7.9533170098977575
6.085 7.006718610027567
6.095 6.115208963083751
6.105 5.287176181159826
6.115 4.528348265497531
6.125 3.8419242788762222
6.135 3.2277384109447818
6.1450000000000005 2.6871759187279585
6.155 2.2148731728694595
6.165 1.809277468368703
6.175 1.4638804408169885
6.185 1.173131637254592
6.195 0.9311616904918434
6.205 0.7320438725647771
6.215 0.5700056531881272
6.225 0.43958979295580175
6.235 0.33576755141682235
6.245 0.25400882739236325
6.255 0.1903154795942319
6.265 0.1412247715307295
6.275 0.10378996198092215
6.285 0.07554466094846968
6.295 0.05445683661659438
6.305 0.03887742834615384
6.315 0.027487512373713677
6.325 0.019246974324119627
6.335 0.011360037372773843
6.345 0.007853884056099401
6.355 0.0053759690184880995
6.365 0.0036433136032469225
6.375 0.0014645074488160693
6.385 0.0
6.3950000000000005 0.0
6.405 0.0
6.415 0.0
6.425 0.0
6.435 0.0
6.445 0.0
6.455 0.0
6.465 0.0
6.475 0.0
6.485 0.0
6.495 0.0
6.505 0.0
6.515 0.0
6.525 0.0
6.535 0.0
6.545 0.0
6.555 0.0
6.565 0.0
6.575 0.0
6.585 0.0
6.595 0.0
6.605 0.0
6.615 0.0
6.625 0.0
6.635 0.0
6.6450000000000005 0.0
6.655 0.0
6.665 0.0
6.675 0.0
6.685 0.0
6.695 0.0
6.705 0.0
6.715 0.0
6.725 0.0
6.735 0.0
6.745 0.0
6.755 0.0
6.765 0.0
6.775 0.0
6.785 0.0
6.795 0.0
6.805 0.0
6.815 0.0
6.825 0.0
6.835 0.0
6.845 0.0
6.855 0.0
6.865 0.0
6.875 0.0
6.885 0.0
6.8950000000000005 0.0
6.905 0.0
6.915 0.0
6.925 0.0
6.935 0.0
6.945 0.0
6.955 0.0
6.965 0.0
6.975 0.0
6.985 0.0
6.995 0.0
