0.005 0.0
0.015 0.0
0.025 0.0
0.034999999999999996 0.0
0.045 0.0
0.055 0.0
0.065 0.0
0.07500000000000001 0.0
0.085 0.0
0.095 0.0
0.10500000000000001 0.0
0.115 0.0
0.125 0.0
0.135 0.0
0.14500000000000002 0.0
0.155 0.0
0.165 0.0
0.17500000000000002 0.0
0.185 0.0
0.195 0.0
0.20500000000000002 0.0
0.215 0.0
0.225 0.0
0.23500000000000001 0.0
0.245 0.0
0.255 0.0
0.265 0.0
0.275 0.0
0.28500000000000003 0.0
0.295 0.0
0.305 0.0
0.315 0.0
0.325 0.0
0.335 0.0
0.34500000000000003 0.0
0.35500000000000004 0.0
0.365 0.0
0.375 0.0
0.385 0.0
0.395 0.0
0.405 0.0
0.41500000000000004 0.0
0.425 0.0
0.435 0.0
0.445 0.0
0.455 0.0
0.465 0.0
0.47500000000000003 0.0
0.485 0.0
0.495 0.0
0.505 0.0
0.515 0.0
0.525 0.0
0.535 0.0
0.545 0.0
0.555 0.0
0.5650000000000001 0.0
0.5750000000000001 0.0
0.585 0.0
0.595 0.0
0.605 0.0
0.615 0.0
0.625 0.0
0.635 0.0
0.645 0.0
0.655 0.0
0.665 0.0
0.675 0.0
0.685 0.0
0.6950000000000001 0.0
0.7050000000000001 0.0
0.715 0.0
0.725 0.0
0.735 0.0
0.745 0.0
0.755 0.0
0.765 0.0
0.775 0.0
0.785 0.0
0.795 0.0
0.805 0.0
0.8150000000000001 0.0
0.8250000000000001 0.0
0.8350000000000001 0.0
0.845 0.0
0.855 0.0
0.865 0.0
0.875 0.0
0.885 0.0
0.895 0.0
0.905 0.0
0.915 0.0
0.925 0.0
0.935 0.0
0.9450000000000001 0.0
0.9550000000000001 0.0
0.965 0.0
0.975 0.0
0.985 0.0
0.995 0.0
1.005 0.0
1.015 0.0
1.025 0.0
1.035 0.0
1.045 0.0
1.055 0.0
1.065 0.0
1.075 0.0
1.085 0.0
1.095 0.0
1.105 0.0
1.115 0.0
1.125 0.0
1.135 0.0
1.145 0.0
1.155 0.0
1.1649999999999998 0.0
1.1749999999999998 0.0
1.1849999999999998 0.0
1.1949999999999998 0.0
1.2049999999999998 0.0
1.2149999999999999 0.0
1.2249999999999999 0.0
1.2349999999999999 0.0
1.2449999999999999 0.0
1.255 0.0
1.265 0.0
1.275 0.0
1.285 0.0
1.295 0.0
1.305 0.0
1.315 0.0
1.325 0.0
1.335 0.0
1.345 0.0
1.355 0.0
1.365 0.0
1.375 0.0
1.385 0.0
1.395 0.0
1.405 0.0
1.4149999999999998 0.0
1.4249999999999998 0.0
1.4349999999999998 0.0
1.4449999999999998 0.0
1.4549999999999998 0.0
1.4649999999999999 0.0
1.4749999999999999 0.0
1.4849999999999999 0.0
1.4949999999999999 0.0
1.505 0.0
1.515 0.0
1.525 0.0
1.535 0.0
1.545 0.0
1.555 0.0
1.565 0.0
1.575 0.0
1.585 0.0
1.595 0.0
1.605 0.0
1.615 0.0
1.625 0.0
1.635 0.0
1.645 0.0
1.655 0.0
1.665 0.0
1.6749999999999998 0.0
1.6849999999999998 0.0
1.6949999999999998 0.0
1.7049999999999998 0.0
1.7149999999999999 0.0
1.7249999999999999 0.0
1.7349999999999999 0.0
1.7449999999999999 0.0
1.755 0.0
1.765 0.0
1.775 0.0
1.785 0.0
1.795 0.0
1.805 0.0
1.815 0.0
1.825 0.0
1.835 0.0
1.845 0.0
1.855 0.0
1.865 0.0
1.875 0.0
1.885 0.0
1.895 0.0
1.905 0.0
1.915 0.0
1.9249999999999998 0.0
1.9349999999999998 0.0
1.9449999999999998 0.0
1.9549999999999998 0.0
1.9649999999999999 0.0
1.9749999999999999 0.0
1.9849999999999999 0.0
1.9949999999999999 0.0
2.005 0.0
2.015 0.0
2.025 0.0
2.035 0.0
2.045 0.0
2.0549999999999997 0.0
2.065 0.0
2.0749999999999997 0.0
2.085 0.0
2.0949999999999998 0.0
2.105 0.0
2.1149999999999998 0.0
2.125 0.0
2.135 0.0
2.145 0.0
2.155 0.0
2.165 0.0
2.175 0.0
2.185 0.0
2.195 0.0
2.205 0.0
2.215 0.0
2.225 0.0
2.235 0.0
2.245 0.0
2.255 0.0
2.265 0.0
2.275 0.0
2.285 0.0
2.295 0.0
2.305 0.0
2.315 0.0
2.3249999999999997 0.0
2.335 0.0
2.3449999999999998 0.006938767372511815
2.355 0.010299796592234381
2.3649999999999998 0.015136728579878352
2.375 0.02202381012912896
2.385 0.031725607003828864
2.395 0.04524644695419778
2.405 0.0638875270001047
2.415 0.08931095410543712
2.425 0.1236090975037054
2.435 0.16937651677344367
2.445 0.22978041757695666
2.455 0.30862413555755
2.465 0.4103966564262443
2.475 0.5402997870482589
2.485 0.7042434786451569
2.495 0.9087991809415916
2.505 1.1611012029941217
2.515 1.4686870930535738
2.525 1.8392702096087852
2.535 2.280441051118714
2.545 2.799298549419197
2.555 3.4020182815739166
2.565 4.0933711300412705
2.5749999999999997 4.876212871851916
2.585 5.750971906434059
2.5949999999999998 6.715168130639647
2.605 7.763000080022172
2.6149999999999998 8.885039148507573
2.625 10.06806836656955
2.635 11.295098468112668
2.645 12.545585713545215
2.655 13.795864422643522
2.665 15.019793046789255
2.675 16.189596874701326
2.685 17.276874405979644
2.695 18.253719504565048
2.705 19.09389914873418
2.715 19.77401827626147
2.725 20.274599932177285
2.735 20.581011271010134
2.745 20.684174019313637
2.755 20.581011271010134
2.765 20.274599932177285
2.775 19.77401827626147
2.785 19.09389914873418
2.795 18.253719504565048
2.805 17.276874405979644
2.815 16.189596874701326
2.8249999999999997 15.019793046789255
2.835 13.795864422643522
2.8449999999999998 12.545585713545215
2.855 11.295098468112668
2.8649999999999998 10.06806836656955
2.875 8.885039148507573
2.885 7.763000080022172
2.895 6.715168130639647
2.905 5.750971906434059
2.915 4.876212871851916
2.925 4.0933711300412705
2.935 3.4020182815739166
2.945 2.799298549419197
2.955 2.280441051118714
2.965 1.8392702096087852
2.975 1.4686870930535738
2.985 1.1611012029941217
2.995 0.9087991809415916
3.005 0.7042434786451569
3.015 0.5402997870482589
3.025 0.4103966564262443
3.035 0.30862413555755
3.045 0.22978041757695666
3.055 0.16937651677344367
3.065 0.1236090975037054
3.075 0.08931095410543712
3.085 0.0638875270001047
3.0949999999999998 0.04524644695419778
3.105 0.031725607003828864
3.1149999999999998 0.02202381012912896
3.125 0.015136728579878352
3.135 0.010299796592234381
3.145 0.006938767372511815
3.155 0.0
3.165 0.0
3.175 0.0
3.185 0.0
3.195 0.0
3.205 0.0
3.215 0.0
3.225 0.0
3.235 0.003956930308058843
3.245 0.005873604793858366
3.255 0.008631933723539622
3.265 0.01255938945930347
3.275 0.018091976449928257
3.285 0.025802426810603827
3.295 0.03643276655953514
3.305 0.05093083571895676
3.315 0.07048983746044728
3.325 0.09658935610802322
3.335 0.1310355355204162
3.3449999999999998 0.17599728168204287
3.355 0.23403450223337965
3.3649999999999998 0.3081136011676192
3.375 0.40160481182049707
3.385 0.5182555964122306
3.395 0.6621343956639758
3.405 0.837539603155017
3.415 1.048869870741347
3.425 1.3004537876079143
3.435 1.5963396201150157
3.445 1.9400490784946218
3.455 2.3343028259974714
3.465 2.7807294098970234
3.475 3.279573131030936
3.485 3.829419675474734
3.495 4.426960676011718
3.505 5.066819336572173
3.515 5.741458493205842
3.525 6.441189776449438
3.535 7.154297828017085
3.545 7.867286958788432
3.555 8.565249580646707
3.565 9.232346771350322
3.575 9.852382173290762
3.585 10.409441917386504
3.5949999999999998 10.888566251687894
3.605 11.276413810818424
3.6149999999999998 11.561877585522625
3.625 11.736612988551661
3.635 11.795443005975493
3.645 11.736612988551661
3.655 11.561877585522625
3.665 11.276413810818424
3.675 10.888566251687894
3.685 10.409441917386504
3.695 9.852382173290762
3.705 9.232346771350322
3.715 8.565249580646707
3.725 7.867286958788432
3.735 7.154297828017085
3.745 6.441189776449438
3.755 5.741458493205842
3.765 5.066819336572173
3.775 4.426960676011718
3.785 3.829419675474734
3.795 3.279573131030936
3.805 2.7807294098970234
3.815 2.3343028259974714
3.825 1.9400490784946218
3.835 1.5963396201150157
3.8449999999999998 1.3004537876079143
3.855 1.048869870741347
3.8649999999999998 0.837539603155017
3.875 0.6621343956639758
3.885 0.5182555964122306
3.895 0.40160481182049707
3.905 0.3081136011676192
3.915 0.23403450223337965
3.925 0.17599728168204287
3.935 0.1310355355204162
3.945 0.09658935610802322
3.955 0.07048983746044728
3.965 0.05093083571895676
3.975 0.03643276655953514
3.985 0.025802426810603827
3.995 0.018091976449928257
4.005 0.01255938945930347
4.015 0.008631933723539622
4.025 0.005873604793858366
4.035 0.003956930308058843
4.045 0.0
4.055 0.0
4.065 0.0
4.075 0.0
4.085 0.0
4.095 0.0
4.1049999999999995 0.0
4.115 0.0025647900413592016
4.125 0.003807133790424994
4.135 0.005595018342051083
4.145 0.008140703652315688
4.155 0.011726797647352235
4.165 0.01672453194132734
4.175 0.023614870512313983
4.185 0.033012181180962885
4.195 0.045689870445121676
4.205 0.06507248775969664
4.215 0.08859395639907142
4.225 0.11945579554382575
4.235 0.15952132191801693
4.245 0.21098495879535162
4.255 0.27638807564398826
4.265 0.35862203797351877
4.275 0.4609145023980453
4.285 0.5867950585487173
4.295 0.7400367219093688
4.305 0.9245705704299791
4.315 1.1443720162079256
4.325 1.403318798520755
4.335 1.70502271981584
4.345 2.052639319785058
4.355 2.4486619487705257
4.365 2.8947088796460543
4.375 3.3913139850250005
4.385 3.937732899895236
4.395 4.531777303876956
4.405 5.169689849393616
4.415 5.846071250922128
4.425 6.553869130888646
4.435 7.2844354668882625
4.445 8.02765605953974
4.455 8.774369704211646
4.465 9.508838148972774
4.475 10.219630126659919
4.485 10.89358532708767
4.495 11.517712146378267
4.505 12.079623170564082
4.515 12.567969730641742
4.525 12.975012624153402
4.535 13.289422038574102
4.545 13.50686116089429
4.555 13.624013872768815
4.565 13.640211569367803
4.575 13.557535967725801
4.585 13.380830079411028
4.595 13.117615077518026
4.605 12.777914040653926
4.615 12.37398673891958
4.625 11.91998267436238
4.635 11.43152244091188
4.645 10.925220064405153
4.655 10.418161254559298
4.665 9.927354374825333
4.675 9.469172337941199
4.685 9.058804492958437
4.695 8.709737821485243
4.705 8.433286360426337
4.715 8.238186689338917
4.725 8.130275559324305
4.735 8.11226331787159
4.745 8.18361374522619
4.755 8.340537331792909
4.765 8.57610098638211
4.775 8.880452790670223
4.785 9.241155851319029
4.795 9.64362071966493
4.805 10.071621446587478
4.815 10.507876333990442
4.825 10.934671062195935
4.835 11.334499339965301
4.845 11.690694746626768
4.855 11.988027180321929
4.865 12.213238399731665
4.875 12.355493578836988
4.885 12.406729525604565
4.895 12.361885091014809
4.905 12.219005067651153
4.915 11.979215220834112
4.925 11.646705831085063
4.935 11.231246124811886
4.945 10.737943251101758
4.955 10.179243236858843
4.965 9.567813154209507
4.975 8.919085486452522
4.985 8.244407175595695
4.995 7.559191085310364
5.005 6.877273156054294
5.015 6.210137526777336
5.025 5.573794237757653
5.035 4.976880009606
5.045 4.429242916129022
5.055 3.9394683849914487
5.065 3.514933300985071
5.075 3.16190624613521
5.085 2.8856743768226996
5.095 2.69067592423184
5.105 2.580617444598329
5.115 2.5585567556282434
5.125 2.626935888628376
5.135 2.787553175227345
5.145 3.041469489673169
5.155 3.388850310605846
5.165 3.828752201734777
5.175 4.358869032991807
5.185 4.975259234466408
5.195 5.672080058568955
5.205 6.441357728250377
5.215 7.272823066920504
5.225 8.153840471938505
5.235 9.069453821095426
5.245 10.002566215642318
5.255 10.934261717309772
5.265 11.84278755722392
5.275 12.710562984044218
5.285 13.514322423795349
5.295 14.233681899063674
5.305 14.84971619295553
5.315 15.345735608945462
5.325 15.707997224237593
5.335 15.9248682258504
5.345 15.993516916924404
5.355 15.909934905960366
5.365 15.676597562907704
5.375 15.300186705336248
5.385 14.791272972232333
5.395 14.163823404416313
5.405 13.434566190920062
5.415 12.622252793250798
5.425 11.746862659449391
5.435 10.828797207814798
5.445 9.888107750887666
5.455 8.943796910436811
5.465 8.013225467556689
5.475 7.111647300523705
5.485 6.25188497463124
5.495 5.444148542624512
5.505 4.695990978618884
5.515 4.012386030125995
5.525 3.3959085573646575
5.535 2.8469938425863646
5.545 2.364250889704441
5.555 1.9448052086654746
5.565 1.5846486634637307
5.575 1.278977243760237
5.585 1.022501649016791
5.595 0.8111746669356071
5.605 0.6373049883492453
5.615 0.49666225996186364
5.625 0.3858485568596342
5.635 0.29830535769295086
5.645 0.23123243199086757
5.655 0.18145934720618884
5.665 0.14642394850501964
5.675 0.12417379870337764
5.685 0.1133565661129737
5.695 0.11320353124637629
5.705 0.12350899887749309
5.715 0.14460692385962554
5.725 0.17734459957030305
5.735 0.2218221079397087
5.745 0.28146630937893347
5.755 0.3595310236539917
5.765 0.45816255297902075
5.775 0.5781074075758257
5.785 0.722121714802585
5.795 0.8961150784056227
5.805 1.1013251898708247
5.815 1.3405269855139965
5.825 1.6173999464030624
5.835 1.9316003622825941
5.845 2.2849960665838247
5.855 2.6775895716002696
5.865 3.1082696164487467
5.875 3.5746996974205567
5.885 4.073256660106948
5.895 4.5990307348969175
5.905 5.145895312980372
5.915 5.70665047283728
5.925 6.273239017105005
5.935 6.837027945999062
5.945 7.389142371146088
5.955 7.920833431839505
5.965 8.42385740106764
5.975 8.890840400101526
5.985 9.31560240212224
5.995 9.69341574691432
6.005 10.021177240933998
6.015 10.297478870836972
6.025 10.52256977037683
6.035 10.698210707232072
6.045 10.827431215068753
6.055 10.914207744726637
6.065 10.963088035426333
6.075 10.978791621807726
6.085 10.965818504222714
6.095 10.928097283125794
6.105 10.868700543357491
6.115 10.789649300959294
6.125 10.691820469173951
6.135 10.57496231873697
6.1450000000000005 10.437813657429114
6.155 10.278313800274923
6.165 10.093883128130418
6.175 9.881748762369353
6.185 9.639287023254752
6.195 9.364354046588389
6.205 9.055578111881562
6.215 8.71259156067678
6.225 8.337377377445229
6.235 7.930150879898383
6.245 7.495011397923287
6.255 7.037580129731779
6.265 6.561479551674626
6.275 6.073732959255907
6.285 5.581098726479093
6.295 5.090594641462024
6.305 4.60924008383179
6.315 4.143820670609069
6.325 3.7006891603166734
6.335 3.28561208590299
6.345 2.903666840356938
6.355 2.55918919109124
6.365 2.255766838672887
6.375 1.9962709863378285
6.385 1.782915191456311
6.3950000000000005 1.6173291813365254
6.405 1.4996646095364712
6.415 1.4328720230457779
6.425 1.4158289426655013
6.435 1.4475167841560945
6.445 1.529725295593435
6.455 1.6601601666085755
6.465 1.8374383753166816
6.475 2.0595560189135975
6.485 2.3237832868071653
6.495 2.62655921644898
6.505 2.963400612038827
6.515 3.3288397741693236
6.525 3.7164046820919276
6.535 4.118652980810432
6.545 4.527267651014641
6.555 4.9332177907912325
6.565 5.326982828875985
6.575 5.697915608551778
6.585 6.038548840442628
6.595 6.338405436508491
6.605 6.589198592177267
6.615 6.783804401172577
6.625 6.916572390562484
6.635 6.982677971993272
6.6450000000000005 6.9822047757467605
6.655 6.9138175831312605
6.665 6.779505040421231
6.675 6.583134385930737
6.685 6.3302665403681395
6.695 6.027894655085687
6.705 5.6841232611603285
6.715 5.307808532551792
6.725 4.908181868669479
6.735 4.4944789439064
6.745 4.075594659710587
6.755 3.6597813130137284
6.765 3.25440312256464
6.775 2.865755461421231
6.785 2.498952180315151
6.795 2.1578796976240326
6.805 1.8452124360394835
6.815 1.5624809676025309
6.825 1.3101820412057685
6.835 1.0879185515640817
6.845 0.8945574062188306
6.855 0.7283940160611618
6.865 0.5873135781188681
6.875 0.4689412119829601
6.885 0.3707751266350113
6.8950000000000005 0.2902991263608842
6.905 0.22507274315272152
6.915 0.17279898455071138
6.925 0.13137103489335133
6.935 0.09890021489723616
6.945 0.07490861322896544
6.955 0.056178285795089766
6.965 0.042359871721946024
6.975 0.03373601332985434
6.985 0.02780714838900717
6.995 0.024946935841672034
