0.005 0.0
0.015 0.0
0.025 0.0
0.034999999999999996 0.0
0.045 0.0
0.055 0.0
0.065 0.0
0.07500000000000001 0.0
0.085 0.0
0.095 0.0
0.10500000000000001 0.0
0.115 0.0
0.125 0.0
0.135 0.0
0.14500000000000002 0.0
0.155 0.0
0.165 0.0
0.17500000000000002 0.0
0.185 0.0
0.195 0.0
0.20500000000000002 0.0
0.215 0.0
0.225 0.0
0.23500000000000001 0.0
0.245 0.0
0.255 0.0
0.265 0.0
0.275 0.0
0.28500000000000003 0.0
0.295 0.0
0.305 0.0
0.315 0.0
0.325 0.0
0.335 0.0
0.34500000000000003 0.0
0.35500000000000004 0.0
0.365 0.0
0.375 0.0
0.385 0.0
0.395 0.0
0.405 0.0
0.41500000000000004 0.0
0.425 0.0
0.435 0.0
0.445 0.0
0.455 0.0
0.465 0.0
0.47500000000000003 0.0
0.485 0.0
0.495 0.0
0.505 0.0
0.515 0.0
0.525 0.0
0.535 0.0
0.545 0.0
0.555 0.0
0.5650000000000001 0.0
0.5750000000000001 0.0
0.585 0.0
0.595 0.0
0.605 0.0
0.615 0.0
0.625 0.0
0.635 0.0
0.645 0.0
0.655 0.0
0.665 0.0
0.675 0.0
0.685 0.0
0.6950000000000001 0.0
0.7050000000000001 0.0
0.715 0.0
0.725 0.0
0.735 0.0
0.745 0.0
0.755 0.0
0.765 0.0
0.775 0.0
0.785 0.0
0.795 0.0
0.805 0.0
0.8150000000000001 0.0
0.8250000000000001 0.0
0.8350000000000001 0.0
0.845 0.0
0.855 0.0
0.865 0.0
0.875 0.0
0.885 0.0
0.895 0.0
0.905 0.0
0.915 0.0
0.925 0.0
0.935 0.0
0.9450000000000001 0.0
0.9550000000000001 0.0
0.965 0.0
0.975 0.0
0.985 0.0
0.995 0.0
1.005 0.0
1.015 0.0
1.025 0.0
1.035 0.0
1.045 0.0
1.055 0.0
1.065 0.0
1.075 0.0
1.085 0.0
1.095 0.0
1.105 0.0
1.115 0.0
1.125 0.0
1.135 0.0
1.145 0.0
1.155 0.0
1.1649999999999998 0.0
1.1749999999999998 0.0
1.1849999999999998 0.0
1.1949999999999998 0.0
1.2049999999999998 0.0
1.2149999999999999 0.0
1.2249999999999999 0.0
1.2349999999999999 0.0
1.2449999999999999 0.0
1.255 0.0
1.265 0.0
1.275 0.0
1.285 0.0
1.295 0.0
1.305 0.0
1.315 0.0
1.325 0.01757066062489368
1.335 0.026081610855628753
1.345 0.03832990883968686
1.355 0.055769688284842675
1.365 0.08033701720443111
1.375 0.11457509975963814
1.385 0.16177888590552544
1.395 0.22615723808363175
1.405 0.31300854831811153
1.4149999999999998 0.4289028777420255
1.4249999999999998 0.5818603678061532
1.4349999999999998 0.7815119970753363
1.4449999999999998 1.0392249782321625
1.4549999999999998 1.3681715619312782
1.4649999999999999 1.7833171940003012
1.4749999999999999 2.3013023967001223
1.4849999999999999 2.9401929901535633
1.4949999999999999 3.719075895012223
1.505 4.657483226565397
1.515 5.7746359883769856
1.525 7.088510416771165
1.535 8.614744587348895
1.545 10.365419544488445
1.555 12.347766815971651
1.565 14.562871214209826
1.575 17.004452509820762
1.585 19.657819972096174
1.595 22.499098058220003
1.605 25.494818160070835
1.615 28.60195928951014
1.625 31.768499659820847
1.635 34.94713715155797
1.645 38.05254002041192
1.655 41.02357105805138
1.665 43.78935555064588
1.6749999999999998 46.2806194564482
1.6849999999999998 48.43276171988427
1.6949999999999998 50.188907852685006
1.7049999999999998 51.50276165582529
1.7149999999999999 52.341076271839725
1.7249999999999999 52.68558412433507
1.7349999999999999 52.53425650859592
1.7449999999999999 51.90180512902918
1.755 50.819386174086105
1.765 49.33351835906263
1.775 47.50427535124922
1.785 45.40285603236653
1.795 43.108669824166256
1.805 40.706096583693245
1.815 38.28109044122973
1.825 35.91779479771403
1.835 33.69532307320387
1.845 31.68483912458273
1.855 29.947045427497734
1.865 28.53015909727624
1.875 27.46842822093197
1.885 26.781215758099492
1.895 26.472656591876486
1.905 26.53187546791932
1.915 26.933739108557628
1.9249999999999998 27.640103773141107
1.9349999999999998 28.601508789012904
1.9449999999999998 29.759256036621867
1.9549999999999998 31.057231607833188
1.9649999999999999 32.41138992497334
1.9749999999999999 33.757387988112356
1.9849999999999999 35.0261434541722
1.9949999999999999 36.152897910045816
2.005 37.079807697375124
2.015 37.75823662336782
2.025 38.15064596175515
2.035 38.231993216805506
2.045 37.99057399397292
2.0549999999999997 37.42826970197649
2.065 36.56019567195803
2.0749999999999997 35.413777075457766
2.085 34.027311003730574
2.0949999999999998 32.44809962225425
2.105 30.730259285053343
2.1149999999999998 28.932322458005018
2.125 27.114752718563334
2.135 25.325769129857832
2.145 23.649879699440554
2.155 22.12221866576101
2.165 20.78855601038827
2.175 19.686285832647794
2.185 18.8433365555676
2.195 18.2774457012021
2.205 17.995799562965676
2.215 17.995028653132707
2.225 18.261543461427202
2.235 18.772190827234706
2.245 19.49520785518249
2.255 20.391446556922933
2.265 21.41583731000879
2.275 22.519052278771746
2.285 23.649321210496186
2.295 24.754342164264767
2.305 25.783219917829292
2.315 26.688356530747015
2.3249999999999997 27.42721341882168
2.335 27.96386375312652
2.3449999999999998 28.27025906828331
2.355 28.327145083323643
2.3649999999999998 28.12457863083983
2.375 27.662019263901993
2.385 26.9479939440559
2.395 25.999359135502555
2.405 24.84020935850682
2.415 23.500502567695257
2.425 22.014488718311444
2.435 20.41903720488313
2.445 18.743540119382384
2.455 17.044868080685784
2.465 15.345912717289304
2.475 13.678827043540975
2.485 12.071522496915307
2.495 10.547081283854975
2.505 9.123460437785612
2.515 7.813469990090892
2.525 6.624992011677936
2.535 5.561396056742958
2.545 4.622100086957392
2.555 3.8032241445522788
2.565 3.0982863430706113
2.5749999999999997 2.498896329221915
2.585 1.9954092478819707
2.5949999999999998 1.5775123844550858
2.605 1.2347261024457463
2.6149999999999998 0.9568096272483926
2.625 0.7340700390191474
2.635 0.5575791381336093
2.645 0.41930745978759015
2.655 0.3121876486719525
2.665 0.23012081303245766
2.675 0.1679396090888373
2.685 0.12134096132664167
2.695 0.08679981107157984
2.705 0.06147339287805255
2.715 0.04310351055001741
2.725 0.029922312664905734
2.735 0.02056528469122104
2.745 0.013993661051869813
2.755 0.009427250126659011
2.765 0.0
2.775 0.0
2.785 0.0
2.795 0.0
2.805 0.0
2.815 0.0
2.8249999999999997 0.0
2.835 0.0
2.8449999999999998 0.0
2.855 0.0
2.8649999999999998 0.0
2.875 0.0
2.885 0.0
2.895 0.0
2.905 0.0
2.915 0.0
2.925 0.0
2.935 0.0
2.945 0.0
2.955 0.0
2.965 0.0
2.975 0.0
2.985 0.0
2.995 0.0
3.005 0.0
3.015 0.0
3.025 0.0
3.035 0.004431122087942608
3.045 0.006577487575382476
3.055 0.009666369939883282
3.065 0.014064485273053632
3.075 0.02026008805324211
3.085 0.028894545635573244
3.0949999999999998 0.04079880717080656
3.105 0.057034300212974474
3.1149999999999998 0.07893721936682319
3.125 0.10816445981844448
3.135 0.14673861062636379
3.145 0.1970884957692714
3.155 0.26208079785355687
3.165 0.3450374096679879
3.175 0.44973244756358627
3.185 0.5803624632420376
3.195 0.7455289266247594
3.205 0.943913958790255
3.215 1.1833897370596234
3.225 1.4691383815472001
3.235 1.8061390568333249
3.245 2.1989210569914217
3.255 2.65128971518793
3.265 3.1660377907823856
3.275 3.744658764586152
3.285 4.387081526563247
3.295 5.091447800198869
3.305 5.853953882762062
3.315 6.668776559905889
3.325 7.528099207457604
3.335 8.422248167335805
3.3449999999999998 9.339941768916932
3.355 10.268645404022832
3.3649999999999998 11.195016619351113
3.375 12.105415193535343
3.385 12.98644561622189
3.395 13.825494238374127
3.405 14.611221403385224
3.415 15.333970600254698
3.425 15.986062229766802
3.435 16.561948641007938
3.445 17.058218948655387
3.455 17.47345567785453
3.465 17.807959134875517
3.475 18.06336808564203
3.485 18.24221541916984
3.495 18.347463795442884
3.505 18.38206803655827
3.515 18.348607928574125
3.525 18.24902742450918
3.535 18.084504773902566
3.545 17.855464092424256
3.555 17.56172386451012
3.565 17.202763493023063
3.575 16.778076835238643
3.585 16.28757298260945
3.5949999999999998 15.731980217743931
3.605 15.113209464063829
3.6149999999999998 14.43463843734237
3.625 13.701286419678713
3.635 12.91986101484292
3.645 12.098671069801629
3.655 11.247412742554989
3.665 10.37684713445891
3.675 9.498396897965588
3.685 8.62369503641401
3.695 7.764121392532894
3.705 6.930361144557738
3.715 6.132015421800367
3.725 5.3772876197764035
3.735 4.672761010983812
3.745 4.0232747352462255
3.755 3.431897080765226
3.765 2.89998785675217
3.775 2.4273361299284226
3.785 2.0123559381524108
3.795 1.6523208647321486
3.805 1.3436184172148533
3.815 1.0820067130016504
3.825 0.8628586435401978
3.835 0.6813820430801225
3.8449999999999998 0.5298525580275916
3.855 0.41059148870246165
3.8649999999999998 0.3150082331419729
3.875 0.23927147248099426
3.885 0.17993555795769556
3.895 0.1339677066078072
3.905 0.09875072795425446
3.915 0.0720671825869852
3.925 0.05207051071901443
3.935 0.037248019493140244
3.945 0.026379805531407296
3.955 0.01849681907562939
3.965 0.012840429854197841
3.975 0.008825089773857703
3.985 0.006005037951184071
3.995 0.004045474202644627
4.005 0.0
4.015 0.0
4.025 0.0
4.035 0.0
4.045 0.0
4.055 0.0
4.065 0.0
4.075 0.0
4.085 0.0
4.095 0.0
4.1049999999999995 0.0
4.115 0.0
4.125 0.0
4.135 0.0
4.145 0.0
4.155 0.0
4.165 0.0
4.175 0.0
4.185 0.0
4.195 0.0024762603439474366
4.205 0.003675721707159958
4.215 0.00540189326247437
4.225 0.007859708319584114
4.235 0.011322019934327852
4.245 0.016147245797727666
4.255 0.022799748296787423
4.265 0.031872688916986296
4.275 0.04411277823092009
4.285 0.06044594510309939
4.295 0.08200248045720623
4.305 0.11013969297972998
4.315 0.1464595815134022
4.325 0.19516040673015783
4.335 0.2548018891954506
4.345 0.32943483712595373
4.355 0.4217991061487882
4.365 0.5371454130822816
4.375 0.6750753735874906
4.385 0.8404141129604488
4.395 1.036446592316285
4.405 1.2663366281078225
4.415 1.5329957992960495
4.425 1.8389440264291617
4.435 2.1861694343550013
4.445 2.575996380409142
4.455 3.008971156877868
4.465 3.486983699661577
4.475 4.005449275567703
4.485 4.5638113515776535
4.495 5.159191490337605
4.505 5.787952051620466
4.515 6.445826215894371
4.525 7.1280797287754
4.535 7.8296917337178815
4.545 8.545539387234383
4.555 9.270569681041502
4.565 9.999942319379777
4.575 10.72912972844976
4.585 11.453964205791262
4.595 12.170627526263324
4.605 12.87558448478797
4.615 13.567547065733082
4.625 14.24001666335778
4.635 14.891012767282039
4.645 15.518958912438471
4.655 16.116724113183682
4.665 16.681323885518992
4.675 17.207970831212165
4.685 17.691514643611235
4.695 18.12860145772013
4.705 18.510807837519998
4.715 18.834498033386154
4.725 19.09531246045257
4.735 19.28984494714786
4.745 19.415966936126303
4.755 19.475084168731122
4.765 19.465450922369968
4.775 19.391688264263202
4.785 19.259161782902407
4.795 19.07526902068223
4.805 18.849315025608554
4.815 18.592291325294205
4.825 18.31656596529318
4.835 18.03549600168147
4.845 17.76297675240813
4.855 17.512944320778367
4.865 17.29884958116981
4.875 17.133123117453486
4.885 17.026651612312417
4.895 16.9882868794568
4.905 17.024408979062056
4.915 17.13856444109364
4.925 17.331199283411603
4.935 17.599504015919575
4.945 17.93738401954782
4.955 18.335563571363714
4.965 18.78182552003571
4.975 19.261381542814586
4.985 19.757360532044718
4.995 20.25139556153004
5.005 20.722632086340298
5.015 21.155597565583783
5.025 21.529136861902273
5.035 21.82581241810966
5.045 22.030064084716127
5.055 22.128758616644237
5.065 22.111629933598074
5.075 21.97159414149618
5.085 21.704930583034475
5.095 21.31132749592238
5.105 20.79379767350994
5.115 20.158475415607892
5.125 19.41431073553594
5.135 18.57111813173016
5.145 17.6459035581653
5.155 16.65123574192014
5.165 15.602976174030024
5.175 14.51589804492491
5.185 13.40986646549368
5.195 12.298437491953754
5.205 11.196558770613155
5.215 10.117929084493795
5.225 9.074725649718685
5.235 8.077401342087775
5.245 7.134553778966563
5.255 6.252865311196576
5.265 5.437110294853901
5.275 4.688750229879199
5.285 4.012449358292525
5.295 3.4057346589318183
5.305 2.86696685427611
5.315 2.3933562846414818
5.325 1.9811969956278452
5.335 1.6260998367878245
5.345 1.323215523467018
5.355 1.0674401178242492
5.365 0.8535971453620355
5.375 0.6765924435572426
5.385 0.5315397044618924
5.395 0.4138564024506721
5.405 0.3193312944374431
5.415 0.24416587578043336
5.425 0.18360648392777446
5.435 0.1379610857788314
5.445 0.10269771184434456
5.455 0.07436282049224355
5.465 0.05441926631768591
5.475 0.039442884942745504
5.485 0.0283136915342525
5.495 0.02012931751631345
5.505 0.012829572452862365
5.515 0.008995755491667349
5.525 0.006244823334432663
5.535 0.00429200012569926
5.545 0.0029204942161222295
5.555 0.0019674786581433154
5.565 0.0
5.575 0.0
5.585 0.0
5.595 0.0
5.605 0.0
5.615 0.0
5.625 0.0
5.635 0.0
5.645 0.0
5.655 0.0
5.665 0.0
5.675 0.0
5.685 0.0
5.695 0.0
5.705 0.0
5.715 0.0
5.725 0.0
5.735 0.0
5.745 0.0
5.755 0.0
5.765 0.0
5.775 0.0
5.785 0.0
5.795 0.0
5.805 0.0
5.815 0.0
5.825 0.0
5.835 0.0
5.845 0.0
5.855 0.0
5.865 0.0
5.875 0.0
5.885 0.0
5.895 0.0
5.905 0.0
5.915 0.0
5.925 0.0
5.935 0.0
5.945 0.0
5.955 0.0
5.965 0.0
5.975 0.0
5.985 0.0
5.995 0.0
6.005 0.0
6.015 0.0
6.025 0.0
6.035 0.0
6.045 0.0
6.055 0.0
6.065 0.0012509223744433722
6.075 0.0018568493966929927
6.085 0.0027288524661393727
6.095 0.003970456909992493
6.105 0.005719498797597037
6.115 0.008157038537319085
6.125 0.011517656189035172
6.135 0.01610099672975976
6.1450000000000005 0.02228427290482337
6.155 0.030535232435740956
6.165 0.04142485979493281
6.175 0.05563882109545765
6.185 0.07519213767561488
6.195 0.09919514448006632
6.205 0.12959145732537622
6.215 0.16766556506133048
6.225 0.2148365005621215
6.235 0.27382529812198664
6.245 0.34444862282573907
6.255 0.42922869784342077
6.265 0.5310841729433076
6.275 0.6510997104480075
6.285 0.7899363840995224
6.295 0.9499447038380164
6.305 1.1324932390268834
6.315 1.3386965790021477
6.325 1.5693704496447767
6.335 1.8250010613265062
6.345 2.105732363256184
6.355 2.411373607974393
6.365 2.7414278659831703
6.375 3.095139986058132
6.385 3.47156015123751
6.3950000000000005 3.8696168706939864
6.405 4.28819124788688
6.415 4.72618295882848
6.425 5.182557819301327
6.435 5.65636731394469
6.445 6.146732106862215
6.455 6.652784336852115
6.465 7.173567271391603
6.475 7.70789537113909
6.485 8.254182605942521
6.495 8.810251488733316
6.505 9.373139245976603
6.515 9.938920334239379
6.525 10.502565731482665
6.535 11.058945910996535
6.545 11.598998603386693
6.555 12.114979096194318
6.565 12.597488324074273
6.575 13.036466421116547
6.585 13.421546805554566
6.595 13.742480079302236
6.605 13.989605168273332
6.615 14.154339843115217
6.625 14.22965949397715
6.635 14.210532140336083
6.6450000000000005 14.094279276929626
6.655 13.880836198876434
6.665 13.57397871322452
6.675 13.177507694859834
6.685 12.700292782142817
6.695 12.152869042296068
6.705 11.547788538269472
6.715 10.899151200121917
6.725 10.222066856695363
6.735 9.532078765683435
6.745 8.844580309201248
6.755 8.174255644109053
6.765 7.534572217448371
6.775 6.937348529366249
6.785 6.392414801027107
6.795 5.9073777847784985
6.805 5.487494339709431
6.815 5.135652046753888
6.825 4.852449438859413
6.835 4.6363636661929615
6.845 4.483989797892243
6.855 4.390333579771722
6.865 4.349138337214045
6.875 4.352392444146396
6.885 4.394288679977992
6.8950000000000005 4.465594851652623
6.905 4.55834264461976
6.915 4.6648248293403025
6.925 4.778967974232954
6.935 4.893532248377699
6.945 5.001657310003759
6.955 5.0991269212770725
6.965 5.182960678424298
6.975 5.248024828782262
6.985 5.292668401477419
6.995 5.314462227446158
