0.005 0.0
0.015 0.0
0.025 0.0
0.034999999999999996 0.0
0.045 0.0
0.055 0.0
0.065 0.0
0.07500000000000001 0.0
0.085 0.0
0.095 0.0
0.10500000000000001 0.0
0.115 0.0
0.125 0.0
0.135 0.0
0.14500000000000002 0.0
0.155 0.0
0.165 0.0
0.17500000000000002 0.0
0.185 0.0
0.195 0.0
0.20500000000000002 0.0
0.215 0.0
0.225 0.0
0.23500000000000001 0.0
0.245 0.0
0.255 0.0
0.265 0.0
0.275 0.0
0.28500000000000003 0.0
0.295 0.0
0.305 0.0
0.315 0.0
0.325 0.0
0.335 0.0
0.34500000000000003 0.0
0.35500000000000004 0.0
0.365 0.0
0.375 0.0
0.385 0.0
0.395 0.0
0.405 0.0
0.41500000000000004 0.0
0.425 0.0
0.435 0.0
0.445 0.0
0.455 0.0
0.465 0.0
0.47500000000000003 0.0
0.485 0.0
0.495 0.0
0.505 0.0
0.515 0.0
0.525 0.0
0.535 0.0
0.545 0.0
0.555 0.0
0.5650000000000001 0.0
0.5750000000000001 0.0
0.585 0.0
0.595 0.0
0.605 0.0
0.615 0.0
0.625 0.0
0.635 0.0
0.645 0.0
0.655 0.0
0.665 0.0
0.675 0.0
0.685 0.0
0.6950000000000001 0.0
0.7050000000000001 0.0
0.715 0.0
0.725 0.0
0.735 0.0
0.745 0.0
0.755 0.0
0.765 0.0
0.775 0.0
0.785 0.0
0.795 0.0
0.805 0.0
0.8150000000000001 0.0
0.8250000000000001 0.0
0.8350000000000001 0.0
0.845 0.0
0.855 0.0
0.865 0.0
0.875 0.0
0.885 0.0
0.895 0.0
0.905 0.0
0.915 0.0
0.925 0.0
0.935 0.0
0.9450000000000001 0.0
0.9550000000000001 0.0
0.965 0.0
0.975 0.0
0.985 0.0
0.995 0.0
1.005 0.0
1.015 0.0
1.025 0.0
1.035 0.0
1.045 0.0
1.055 0.0
1.065 0.0
1.075 0.0
1.085 0.0
1.095 0.0
1.105 0.0
1.115 0.0
1.125 0.0
1.135 0.0
1.145 0.0
1.155 0.0
1.1649999999999998 0.0
1.1749999999999998 0.0
1.1849999999999998 0.0
1.1949999999999998 0.0
1.2049999999999998 0.0
1.2149999999999999 0.0
1.2249999999999999 0.0
1.2349999999999999 0.0
1.2449999999999999 0.0
1.255 0.0
1.265 0.0
1.275 0.0
1.285 0.0
1.295 0.0
1.305 0.0
1.315 0.0
1.325 0.0
1.335 0.0
1.345 0.0
1.355 0.0
1.365 0.0
1.375 0.0
1.385 0.0
1.395 0.0
1.405 0.0
1.4149999999999998 0.0
1.4249999999999998 0.0
1.4349999999999998 0.0
1.4449999999999998 0.0
1.4549999999999998 0.0
1.4649999999999999 0.0
1.4749999999999999 0.0
1.4849999999999999 0.0
1.4949999999999999 0.0
1.505 0.0
1.515 0.0
1.525 0.0
1.535 0.0
1.545 0.0
1.555 0.0
1.565 0.0
1.575 0.0
1.585 0.0
1.595 0.0
1.605 0.0
1.615 0.0
1.625 0.0
1.635 0.0
1.645 0.0
1.655 0.0
1.665 0.0
1.6749999999999998 0.0
1.6849999999999998 0.0
1.6949999999999998 0.0
1.7049999999999998 0.0
1.7149999999999999 0.0
1.7249999999999999 0.0
1.7349999999999999 0.0
1.7449999999999999 0.0
1.755 0.0
1.765 0.0
1.775 0.0
1.785 0.0
1.795 0.0
1.805 0.0
1.815 0.0
1.825 0.0
1.835 0.0
1.845 0.0
1.855 0.0
1.865 0.0
1.875 0.0
1.885 0.0
1.895 0.0
1.905 0.0
1.915 0.0
1.9249999999999998 0.0
1.9349999999999998 0.0
1.9449999999999998 0.0
1.9549999999999998 0.0
1.9649999999999999 0.0
1.9749999999999999 0.0
1.9849999999999999 0.0
1.9949999999999999 0.0
2.005 0.0
2.015 0.0
2.025 0.0
2.035 0.0
2.045 0.0
2.0549999999999997 0.0
2.065 0.0
2.0749999999999997 0.0
2.085 0.0
2.0949999999999998 0.0
2.105 0.0
2.1149999999999998 0.0
2.125 0.0
2.135 0.0
2.145 0.0
2.155 0.0
2.165 0.0
2.175 0.0
2.185 0.0
2.195 0.0
2.205 0.0
2.215 0.0
2.225 0.0
2.235 0.0
2.245 0.0
2.255 0.0
2.265 0.0
2.275 0.0
2.285 0.0
2.295 0.0
2.305 0.0
2.315 0.0
2.3249999999999997 0.0
2.335 0.0
2.3449999999999998 0.0
2.355 0.0
2.3649999999999998 0.0
2.375 0.0
2.385 0.006740880682305693
2.395 0.01000605671769875
2.405 0.014705044253482463
2.415 0.021395713140397697
2.425 0.030820824493085142
2.435 0.043956063641042854
2.445 0.062065518769422595
2.455 0.08676389521755887
2.465 0.12008388994576426
2.475 0.16454606829411883
2.485 0.2232273103941712
2.495 0.29982248456905447
2.505 0.39869255515696517
2.515 0.5248909787054957
2.525 0.6841591605513674
2.535 0.8828811392601532
2.545 1.1279877605453834
2.555 1.4268016093372329
2.565 1.786816066872127
2.5749999999999997 2.2154051582015124
2.585 2.719465360741071
2.5949999999999998 3.304996130286882
2.605 3.9766322885118517
2.6149999999999998 4.737148168548286
2.625 5.5869599523021165
2.635 6.523658266681076
2.645 7.541607099189418
2.655 8.631646738147301
2.665 9.780937148750933
2.675 10.97297358174428
2.685 12.18779818439622
2.695 13.402420197961142
2.705 14.591443604583628
2.715 15.72788579990761
2.725 16.784155265855404
2.735 17.7331417213958
2.745 18.54936028428963
2.755 19.210083096035326
2.765 19.69638866489575
2.775 19.994061459484634
2.785 20.094282109614447
2.795 19.994061459484634
2.805 19.69638866489575
2.815 19.210083096035326
2.8249999999999997 18.54936028428963
2.835 17.7331417213958
2.8449999999999998 16.784155265855404
2.855 15.72788579990761
2.8649999999999998 14.591443604583628
2.875 13.402420197961142
2.885 12.18779818439622
2.895 10.97297358174428
2.905 9.780937148750933
2.915 8.631646738147301
2.925 7.541607099189418
2.935 6.523658266681076
2.945 5.5869599523021165
2.955 4.737148168548286
2.965 3.9766322885118517
2.975 3.304996130286882
2.985 2.719465360741071
2.995 2.2154051582015124
3.005 1.786816066872127
3.015 1.4268016093372329
3.025 1.1279877605453834
3.035 0.8828811392601532
3.045 0.6841591605513674
3.055 0.5248909787054957
3.065 0.39869255515696517
3.075 0.29982248456905447
3.085 0.2232273103941712
3.0949999999999998 0.16454606829411883
3.105 0.12008388994576426
3.1149999999999998 0.08676389521755887
3.125 0.062065518769422595
3.135 0.043956063641042854
3.145 0.030820824493085142
3.155 0.021395713140397697
3.165 0.014705044253482463
3.175 0.01000605671769875
3.185 0.006740880682305693
3.195 0.0
3.205 0.0
3.215 0.0
3.225 0.0
3.235 0.0
3.245 0.0
3.255 0.0
3.265 0.0
3.275 0.0
3.285 0.0
3.295 0.0
3.305 0.0
3.315 0.0
3.325 0.0
3.335 0.0
3.3449999999999998 0.0
3.355 0.0
3.3649999999999998 0.0
3.375 0.0
3.385 0.0
3.395 0.0
3.405 0.0
3.415 0.0
3.425 0.0
3.435 0.0
3.445 0.0
3.455 0.0
3.465 0.0
3.475 0.0
3.485 0.0
3.495 0.0
3.505 0.0
3.515 0.0
3.525 0.0
3.535 0.0
3.545 0.0
3.555 0.0
3.565 0.0
3.575 0.0
3.585 0.0
3.5949999999999998 0.0
3.605 0.0
3.6149999999999998 0.0
3.625 0.0
3.635 0.0
3.645 0.0
3.655 0.0
3.665 0.0
3.675 0.0
3.685 0.0
3.695 0.0
3.705 0.0
3.715 0.0
3.725 0.0
3.735 0.0
3.745 0.0
3.755 0.0
3.765 0.0
3.775 0.0
3.785 0.0
3.795 0.0
3.805 0.0
3.815 0.0
3.825 0.002928962937493394
3.835 0.004347706280208473
3.8449999999999998 0.006389451414813982
3.855 0.009296596952674461
3.8649999999999998 0.013391878138444878
3.875 0.019099237525545175
3.885 0.026967930859408063
3.895 0.03769955965425376
3.905 0.05217734590146672
3.915 0.0714964940425087
3.925 0.0969939314453528
3.935 0.13027510595686306
3.945 0.17323488911093812
3.955 0.22806904547184095
3.965 0.29727225848420286
3.975 0.38361844052406907
3.985 0.4901190957519719
3.995 0.619955941940105
4.005 0.776384909129718
4.015 0.9626100662093956
4.025 1.1816279840578972
4.035 1.436045470969275
4.045 1.7278763915320925
4.055 2.0583262141864185
4.065 2.4275757730747305
4.075 2.8345781776166374
4.085 3.2768845383430496
4.095 3.7505148922056954
4.1049999999999995 4.249890148306979
4.115 4.767838869984264
4.125 5.295689221357879
4.135 5.823451546262048
4.145 6.340091085506672
4.155 6.83388369623258
4.165 7.292840658026601
4.175 7.705182351561862
4.185 8.059835405410668
4.195 8.346924395524292
4.205 8.558227792605283
4.215 8.687568842230968
4.225 8.731115462270134
4.235 8.687568842230968
4.245 8.558227792605283
4.255 8.349337232434912
4.265 8.063416982376063
4.275 7.71044588836355
4.285 7.3004990588835845
4.295 6.844915729947086
4.305 6.355824758567682
4.315 5.84566733402354
4.325 5.3267455682591995
4.335 4.810821805847901
4.345 4.308787916386395
4.355 3.8304170770034927
4.365 3.384203268861593
4.375 2.977286550366397
4.385 2.615455723360232
4.395 2.3032147611162412
4.405 2.0438956627363583
4.415 1.8397984272433203
4.425 1.692338638850765
4.435 1.6021846206077255
4.445 1.5693690293972549
4.455 1.5933638256862814
4.465 1.6731123912044188
4.475 1.807017788159884
4.485 1.992891346083866
4.495 2.2278705293425705
4.505 2.508319012382438
4.515 2.831889066576081
4.525 3.1898260230632967
4.535 3.577215349335276
4.545 3.9867229896111773
4.555 4.410106765194152
4.565 4.838355404856564
4.575 5.261901277551595
4.585 5.670903042178568
4.595 6.0555879540672795
4.605 6.406637477484955
4.615 6.71559469832901
4.625 6.975268309963517
4.635 7.1781525027190956
4.645 7.325220667029857
4.655 7.412230436389439
4.665 7.440161611548865
4.675 7.412309440470266
4.685 7.334181820163722
4.695 7.215287083052466
4.705 7.061713017212077
4.715 6.885276026723724
4.725 6.697191140591651
4.735 6.508872280662228
4.745 6.331377865556348
4.755 6.174877391432501
4.765 6.04817000107038
4.775 5.958282800764568
4.785 5.910171700274097
4.795 5.9065411701881825
4.805 5.947791936461796
4.815 6.03209771000083
4.825 6.155604049651632
4.835 6.312734854951327
4.845 6.49658524452228
4.855 6.6993741316189315
4.865 6.912926043492116
4.875 7.129149952345267
4.885 7.340483293173505
4.895 7.540272003174923
4.905 7.723062234695631
4.915 7.884786100725751
4.925 8.022831967050418
4.935 8.13599881204519
4.945 8.224343322365195
4.955 8.288936911529031
4.965 8.331556983662413
4.975 8.354341852817775
4.985 8.361244272258162
4.995 8.351370592819737
5.005 8.32729592925264
5.015 8.289666899449262
5.025 8.238321612786951
5.035 8.17230951133864
5.045 8.090010553760216
5.055 7.9893416100987755
5.065 7.866420843048605
5.075 7.722866799678146
5.085 7.554651772867189
5.095 7.360902506040288
5.105 7.141758690765449
5.115 6.898574347293682
5.125 6.634032145739156
5.135 6.352160801186536
5.145 6.058253357197977
5.155 5.758691603850442
5.165 5.460688456605301
5.175 5.171965393238597
5.185 4.900385725052462
5.195 4.653566463817623
5.205 4.438491899037857
5.215 4.261150910970784
5.225 4.126217785239378
5.235 4.036793170292159
5.245 3.9942181254849594
5.255 3.997970200390677
5.265 4.0456463631627395
5.275 4.133033497626574
5.285 4.254263210290862
5.295 4.402043900715783
5.305 4.56795952254775
5.315 4.742821289020526
5.325 4.9156123310577895
5.335 5.080158393574515
5.345 5.225239725973486
5.355 5.342589352014661
5.365 5.425075441095492
5.375 5.466988257252488
5.385 5.46425340061786
5.395 5.414561444481961
5.405 5.317408904759543
5.415 5.1740507411888945
5.425 4.987369885976207
5.435 4.761674206731274
5.445 4.502435438888749
5.455 4.215987636885059
5.465 3.9092043648286956
5.475 3.58917407571332
5.485 3.264401593345202
5.495 2.9392249326520354
5.505 2.6194260934753837
5.515 2.313520779257858
5.525 2.024075811863431
5.535 1.7547440571231956
5.545 1.5082585840388807
5.555 1.286488490506828
5.565 1.0905334474213622
5.575 0.9208466269136859
5.585 0.7773750488740225
5.595 0.6597065040650852
5.605 0.5672129555151012
5.615 0.49918152357722123
5.625 0.4549256662185757
5.635 0.43387083684700833
5.645 0.4370414179481143
5.655 0.4620549940569053
5.665 0.5099242484195358
5.675 0.580883361672657
5.685 0.6752828175733078
5.695 0.7935068708178185
5.705 0.935873538957473
5.715 1.1025238918506481
5.725 1.2933084029987618
5.735 1.5076787970006227
5.745 1.744594063282938
5.755 2.0024489981964013
5.765 2.279032699048596
5.775 2.571522823430395
5.785 2.876519168368722
5.795 3.1889147569838094
5.805 3.5072258267795418
5.815 3.8251607845357674
5.825 4.1381309220619045
5.835 4.441629971921214
5.845 4.731414318476089
5.855 5.003667393742462
5.865 5.255135428274817
5.875 5.483223670651476
5.885 5.686045328911962
5.895 5.862419569442199
5.905 6.011819551647001
5.915 6.134276208606068
5.925 6.230247795117707
5.935 6.301771417115182
5.945 6.3477263734632885
5.955 6.369889033422475
5.965 6.369048222141031
5.975 6.345799511753946
5.985 6.3005178775429815
5.995 6.233380856968091
6.005 6.14444008322701
6.015 6.033733935977244
6.025 5.901429669936709
6.035 5.74798019563161
6.045 5.574279001865827
6.055 5.3817966598569
6.065 5.172683886711316
6.075 4.949829057191769
6.085 4.716861992414631
6.095 4.478100394473824
6.105 4.238439981927484
6.115 4.003193783870882
6.125 3.7778898125393754
6.135 3.568039200794094
6.1450000000000005 3.3788887222647355
6.155 3.215172382209815
6.165 3.080876545816535
6.175 2.9790319957853515
6.185 2.911544558159351
6.195 2.879073687977956
6.205 2.8809658329064742
6.215 2.9152466333257876
6.225 2.9786731794560364
6.235 3.0668447121618647
6.245 3.1743673929192173
6.255 3.2962466643458126
6.265 3.423986551831335
6.275 3.5514841629148597
6.285 3.6719075639646315
6.295 3.7777714364260486
6.305 3.8655878902526197
6.315 3.928940652531408
6.325 3.964010065925141
6.335 3.9682289766468077
6.345 3.94038847839493
6.355 3.880679485868616
6.365 3.790669310463467
6.375 3.6732159860241445
6.385 3.532326408057328
6.3950000000000005 3.3729671482663193
6.405 3.2008388835451487
6.415 3.0221266079358675
6.425 2.8432381420244397
6.435 2.6705429740211386
6.445 2.5101222989920626
6.455 2.3665851640198707
6.465 2.2470079548442152
6.475 2.1539613925508165
6.485 2.0904128935636965
6.495 2.058205612143738
6.505 2.058006855302276
6.515 2.0892952536711302
6.525 2.1503862544776986
6.535 2.2384950260557135
6.545 2.3498353730918997
6.555 2.479752627812908
6.565 2.622887612200387
6.575 2.773367626751336
6.585 2.9250190492301638
6.595 3.0715946290627634
6.605 3.207007103811097
6.615 3.325559543007473
6.625 3.422162046958514
6.635 3.492524273698907
6.6450000000000005 3.533313860774803
6.655 3.542272196969513
6.665 3.5182811393574673
6.675 3.461377029789574
6.685 3.3727115305519377
6.695 3.254462104794477
6.705 3.1096981220378876
6.715 2.942211290516935
6.725 2.7563211660393825
6.735 2.5566676900132865
6.745 2.347134052450118
6.755 2.1344201808668757
6.765 1.9216708303374603
6.775 1.7129123178961412
6.785 1.5116398149423442
6.795 1.320743759056282
6.805 1.1424727950705653
6.815 0.9784310415605584
6.825 0.8296055200233792
6.835 0.696418178252515
6.845 0.5787961312981584
6.855 0.4762535167808665
6.865 0.38797864937703147
6.875 0.3129208586266052
6.885 0.24987238080145432
6.8950000000000005 0.1975418203889607
6.905 0.15461687931099954
6.915 0.11981517064135087
6.925 0.09192291181341684
6.935 0.06982208129913858
6.945 0.05368771484456459
6.955 0.04084560624350129
6.965 0.0313918220728557
6.975 0.02477698723258761
6.985 0.02059233299688962
6.995 0.018567308194687555
