0.005 0.0
0.015 0.0
0.025 0.0
0.034999999999999996 0.0
0.045 0.0
0.055 0.0
0.065 0.0
0.07500000000000001 0.0
0.085 0.0
0.095 0.0
0.10500000000000001 0.0
0.115 0.0
0.125 0.0
0.135 0.0
0.14500000000000002 0.0
0.155 0.0
0.165 0.0
0.17500000000000002 0.0
0.185 0.0
0.195 0.0
0.20500000000000002 0.0
0.215 0.0
0.225 0.0
0.23500000000000001 0.0
0.245 0.0
0.255 0.0
0.265 0.0
0.275 0.0
0.28500000000000003 0.0
0.295 0.0
0.305 0.0
0.315 0.0
0.325 0.0
0.335 0.0
0.34500000000000003 0.0
0.35500000000000004 0.0
0.365 0.0
0.375 0.0
0.385 0.0
0.395 0.0
0.405 0.0
0.41500000000000004 0.0
0.425 0.0
0.435 0.0
0.445 0.0
0.455 0.0
0.465 0.0
0.47500000000000003 0.0
0.485 0.0
0.495 0.0
0.505 0.0
0.515 0.0
0.525 0.0
0.535 0.0
0.545 0.0
0.555 0.0
0.5650000000000001 0.0
0.5750000000000001 0.0
0.585 0.0
0.595 0.0
0.605 0.0
0.615 0.0
0.625 0.0
0.635 0.0
0.645 0.0
0.655 0.0
0.665 0.0
0.675 0.0
0.685 0.0
0.6950000000000001 0.0
0.7050000000000001 0.0
0.715 0.0
0.725 0.0
0.735 0.0
0.745 0.0
0.755 0.0
0.765 0.0
0.775 0.0
0.785 0.0
0.795 0.0
0.805 0.0
0.8150000000000001 0.0
0.8250000000000001 0.0
0.8350000000000001 0.0
0.845 0.0
0.855 0.0
0.865 0.0
0.875 0.0
0.885 0.0
0.895 0.0
0.905 0.0
0.915 0.0
0.925 0.0
0.935 0.0
0.9450000000000001 0.0
0.9550000000000001 0.0
0.965 0.0
0.975 0.0
0.985 0.0
0.995 0.0
1.005 0.0
1.015 0.0
1.025 0.0
1.035 0.0
1.045 0.0
1.055 0.0
1.065 0.0
1.075 0.0
1.085 0.0
1.095 0.0
1.105 0.0
1.115 0.0
1.125 0.0
1.135 0.0
1.145 0.0
1.155 0.0
1.1649999999999998 0.0
1.1749999999999998 0.0
1.1849999999999998 0.0
1.1949999999999998 0.0
1.2049999999999998 0.0
1.2149999999999999 0.0
1.2249999999999999 0.0
1.2349999999999999 0.0
1.2449999999999999 0.0
1.255 0.0
1.265 0.0
1.275 0.0
1.285 0.0
1.295 0.0
1.305 0.0
1.315 0.0
1.325 0.0
1.335 0.0
1.345 0.0
1.355 0.0
1.365 0.0
1.375 0.0
1.385 0.0
1.395 0.0
1.405 0.0
1.4149999999999998 0.0
1.4249999999999998 0.0
1.4349999999999998 0.0
1.4449999999999998 0.0
1.4549999999999998 0.0
1.4649999999999999 0.0
1.4749999999999999 0.0
1.4849999999999999 0.0
1.4949999999999999 0.0
1.505 0.0
1.515 0.0
1.525 0.0
1.535 0.0
1.545 0.0
1.555 0.0
1.565 0.0
1.575 0.0
1.585 0.0
1.595 0.0
1.605 0.0
1.615 0.0
1.625 0.0
1.635 0.0
1.645 0.0
1.655 0.0
1.665 0.0
1.6749999999999998 0.0
1.6849999999999998 0.0
1.6949999999999998 0.0
1.7049999999999998 0.0
1.7149999999999999 0.0
1.7249999999999999 0.0
1.7349999999999999 0.0
1.7449999999999999 0.0
1.755 0.0
1.765 0.0
1.775 0.0
1.785 0.0
1.795 0.0
1.805 0.0
1.815 0.0
1.825 0.0
1.835 0.0
1.845 0.0
1.855 0.0
1.865 0.0
1.875 0.0
1.885 0.0
1.895 0.0
1.905 0.0
1.915 0.0
1.9249999999999998 0.0
1.9349999999999998 0.0
1.9449999999999998 0.0
1.9549999999999998 0.0
1.9649999999999999 0.0
1.9749999999999999 0.0
1.9849999999999999 0.0
1.9949999999999999 0.0
2.005 0.0
2.015 0.0
2.025 0.0
2.035 0.0
2.045 0.0
2.0549999999999997 0.0
2.065 0.0
2.0749999999999997 0.0
2.085 0.0
2.0949999999999998 0.0
2.105 0.0
2.1149999999999998 0.0
2.125 0.0
2.135 0.0
2.145 0.0
2.155 0.0
2.165 0.0
2.175 0.0
2.185 0.0
2.195 0.0
2.205 0.0
2.215 0.0
2.225 0.0
2.235 0.0
2.245 0.0
2.255 0.0
2.265 0.0
2.275 0.0
2.285 0.0
2.295 0.0
2.305 0.0
2.315 0.0
2.3249999999999997 0.0
2.335 0.0
2.3449999999999998 0.0
2.355 0.0
2.3649999999999998 0.0
2.375 0.0
2.385 0.0
2.395 0.0
2.405 0.0
2.415 0.0
2.425 0.0
2.435 0.0
2.445 0.0
2.455 0.0
2.465 0.0
2.475 0.0
2.485 0.0
2.495 0.0
2.505 0.0
2.515 0.0
2.525 0.0
2.535 0.0
2.545 0.0
2.555 0.0
2.565 0.0
2.5749999999999997 0.0
2.585 0.0
2.5949999999999998 0.0
2.605 0.0
2.6149999999999998 0.0
2.625 0.005713685767919822
2.635 0.008481304825790003
2.645 0.012464247036488884
2.655 0.018135372427771683
2.665 0.02612425802520817
2.675 0.037257911403009616
2.685 0.052607795328920286
2.695 0.07354256166781552
2.705 0.10178515913218598
2.715 0.1394720620181175
2.725 0.18921128655461283
2.735 0.2541346663324428
2.745 0.33793862931820323
2.755 0.44490657172013304
2.765 0.5799050069073819
2.775 0.7483451551660044
2.785 0.9561017198737053
2.795 1.2093814492688486
2.805 1.514535861460418
2.815 1.8778153062134422
2.8249999999999997 2.3050653557485052
2.835 2.801371251418018
2.8449999999999998 3.3706615473497576
2.855 4.015287815761155
2.8649999999999998 4.735602819554398
2.875 5.5295643328845685
2.885 6.392395175157257
2.895 7.316331418077344
2.905 8.290489628518563
2.915 9.30088009870062
2.925 10.330586211273
2.935 11.360120605869971
2.945 12.367957183362792
2.955 13.33122502676648
2.965 14.22653709341025
2.975 15.030914245375387
2.985 15.722755060561463
2.995 16.282795017346466
3.005 16.69499593568516
3.015 16.947308488020337
3.025 17.03225722532724
3.035 16.947308488020337
3.045 16.69499593568516
3.055 16.282795017346466
3.065 15.722755060561463
3.075 15.030914245375387
3.085 14.22653709341025
3.0949999999999998 13.33122502676648
3.105 12.367957183362792
3.1149999999999998 11.360120605869971
3.125 10.330586211273
3.135 9.30088009870062
3.145 8.290489628518563
3.155 7.316331418077344
3.165 6.392395175157257
3.175 5.5295643328845685
3.185 4.735602819554398
3.195 4.015287815761155
3.205 3.3706615473497576
3.215 2.801371251418018
3.225 2.3050653557485052
3.235 1.8778153062134422
3.245 1.514535861460418
3.255 1.2093814492688486
3.265 0.9561017198737053
3.275 0.7483451551660044
3.285 0.5799050069073819
3.295 0.44490657172013304
3.305 0.33793862931820323
3.315 0.2541346663324428
3.325 0.18921128655461283
3.335 0.1394720620181175
3.3449999999999998 0.10178515913218598
3.355 0.07354256166781552
3.3649999999999998 0.052607795328920286
3.375 0.037257911403009616
3.385 0.02612425802520817
3.395 0.018135372427771683
3.405 0.012464247036488884
3.415 0.008481304825790003
3.425 0.005713685767919822
3.435 0.0
3.445 0.0
3.455 0.0
3.465 0.0
3.475 0.0
3.485 0.0
3.495 0.0
3.505 0.0
3.515 0.0
3.525 0.0
3.535 0.0
3.545 0.0
3.555 0.0
3.565 0.0
3.575 0.0
3.585 0.0
3.5949999999999998 0.0
3.605 0.0
3.6149999999999998 0.0
3.625 0.0
3.635 0.0
3.645 0.0
3.655 0.0
3.665 0.0
3.675 0.0
3.685 0.0
3.695 0.0
3.705 0.0
3.715 0.0
3.725 0.0
3.735 0.0
3.745 0.0
3.755 0.0
3.765 0.0
3.775 0.0
3.785 0.0
3.795 0.0
3.805 0.0
3.815 0.0
3.825 0.0
3.835 0.0
3.8449999999999998 0.0
3.855 0.0
3.8649999999999998 0.0
3.875 0.0
3.885 0.0
3.895 0.0
3.905 0.0
3.915 0.0
3.925 0.0
3.935 0.0
3.945 0.0
3.955 0.0
3.965 0.0
3.975 0.0
3.985 0.0
3.995 0.0
4.005 0.0
4.015 0.0
4.025 0.0
4.035 0.0
4.045 0.0
4.055 0.0
4.065 0.0
4.075 0.0
4.085 0.0
4.095 0.0
4.1049999999999995 0.0
4.115 0.0
4.125 0.0
4.135 0.0
4.145 0.0
4.155 0.0
4.165 0.0
4.175 0.0
4.185 0.0
4.195 0.0
4.205 0.0
4.215 0.0
4.225 0.0
4.235 0.0
4.245 0.0
4.255 0.0
4.265 0.0
4.275 0.0
4.285 0.0
4.295 0.0
4.305 0.0
4.315 0.0
4.325 0.0
4.335 0.0
4.345 0.00928869927395873
4.355 0.013787998356482905
4.365 0.02026303984869425
4.375 0.02948254901391663
4.385 0.04247002485049276
4.395 0.060569927828626524
4.405 0.08552412752901825
4.415 0.11955763178373115
4.425 0.16547142634956627
4.435 0.22673876265282822
4.445 0.3075994745655205
4.455 0.41314496220699953
4.465 0.5493844828525494
4.475 0.7232815239716661
4.485 0.9427475425528544
4.495 1.2165795218366904
4.505 1.5543279263071652
4.515 1.9660830234723452
4.525 2.4621704322136004
4.535 3.0527513027381024
4.545 3.747328741210015
4.555 4.554169789181264
4.565 5.479661069815356
4.575 6.5276255177355695
4.585 7.69863661714221
4.595 8.98937433566153
4.605 10.392072443976538
4.615 11.894109177774812
4.625 13.477791415403471
4.635 15.12037618607625
4.645 16.794362262444622
4.655 18.468069178092883
4.665 20.10650210315639
4.675 21.67247994672078
4.685 23.127982555928533
4.695 24.43565290584484
4.705 25.560373714573096
4.715 26.470826783095738
4.725 27.14093895349108
4.735 27.551121717626476
4.745 27.689222289935977
4.755 27.551121717626476
4.765 27.14093895349108
4.775 26.470826783095738
4.785 25.560373714573096
4.795 24.43565290584484
4.805 23.127982555928533
4.815 21.67247994672078
4.825 20.10650210315639
4.835 18.468069178092883
4.845 16.794362262444622
4.855 15.12037618607625
4.865 13.477791415403471
4.875 11.894109177774812
4.885 10.392072443976538
4.895 8.98937433566153
4.905 7.69863661714221
4.915 6.5276255177355695
4.925 5.479661069815356
4.935 4.554169789181264
4.945 3.747328741210015
4.955 3.0527513027381024
4.965 2.4621704322136004
4.975 1.9660830234723452
4.985 1.5543279263071652
4.995 1.2165795218366904
5.005 0.9427475425528544
5.015 0.7232815239716661
5.025 0.5493844828525494
5.035 0.41314496220699953
5.045 0.3075994745655205
5.055 0.22673876265282822
5.065 0.16547142634956627
5.075 0.11955763178373115
5.085 0.08552412752901825
5.095 0.060569927828626524
5.105 0.04247002485049276
5.115 0.02948254901391663
5.125 0.02026303984869425
5.135 0.013787998356482905
5.145 0.00928869927395873
5.155 0.0
5.165 0.0
5.175 0.0
5.185 0.0
5.195 0.0
5.205 0.0
5.215 0.0
5.225 0.0
5.235 0.0
5.245 0.0
5.255 0.0
5.265 0.0
5.275 0.0
5.285 0.0
5.295 0.0
5.305 0.0
5.315 0.0
5.325 0.0
5.335 0.0
5.345 0.006336469097435361
5.355 0.009405754554491958
5.365 0.013822831597241661
5.375 0.020112101299699814
5.385 0.02897176365553364
5.395 0.041318968845937394
5.405 0.05834196750152563
5.415 0.08155859252371939
5.425 0.11287959149588425
5.435 0.15467431126425768
5.445 0.20983503798385914
5.455 0.2818349704920573
5.465 0.37477344195707385
5.475 0.4934007324622078
5.485 0.6431137981629774
5.495 0.8299136743831165
5.505 1.06031539851205
5.515 1.3412022452004024
5.525 1.679618038671995
5.535 2.0824944076062755
5.545 2.556314082982348
5.555 3.1067165899668687
5.565 3.7380586892987684
5.575 4.452948271102108
5.585 5.251776548915611
5.595 6.132278697286512
5.605 7.0891568299748435
5.615 8.113800761941565
5.625 9.194140781886523
5.635 10.31466232449538
5.645 11.4623280315572
5.655 12.606852359337834
5.665 13.728531175197388
5.675 14.802474308807984
5.685 15.803376183679509
5.695 16.70658134651095
5.705 17.489207088734023
5.715 18.131260002099133
5.725 18.616679569842557
5.735 18.93424311696015
5.745 19.078272715631353
5.755 19.049095559850173
5.765 18.853224022238464
5.775 18.503238852666854
5.785 18.017377308144592
5.795 17.418845885961247
5.805 16.734893341908055
5.815 15.995692645566644
5.825 15.233089660886677
5.835 14.479281281745742
5.845 13.76548657169106
5.855 13.120671603555927
5.865 12.570382889621591
5.875 12.1357363991483
5.885 11.832600044396578
5.895 11.670997929656135
5.905 11.654755150139419
5.915 11.781392809617081
5.925 12.042274281503042
5.935 12.422995482731567
5.945 12.904003898209
5.955 13.46142314301845
5.965 14.068051953660058
5.975 14.694498816447682
5.985 15.310406339797082
5.995 15.885713516670096
6.005 16.391899886404428
6.015 16.80315399511438
6.025 17.097410074176977
6.035 17.257201890679887
6.045 17.270291338955115
6.055 17.13004123145209
6.065 16.835516223715786
6.075 16.39131185517589
6.085 15.807128055742975
6.095 15.097118811132917
6.105 14.279062704940566
6.115 13.37340867254698
6.125 12.402256746585305
6.135 11.388334489966667
6.1450000000000005 10.354026284324087
6.155 9.316278892764698
6.165 8.304215592204274
6.175 7.328444538514973
6.185 6.402978601223807
6.195 5.538719232369624
6.205 4.7434432144217356
6.215 4.0219356372067345
6.225 3.376242107735069
6.235 2.806009279060546
6.245 2.3088816856377994
6.255 1.880924269116296
6.265 1.5170433688775438
6.275 1.2113837346100829
6.285 0.9576846682971241
6.295 0.7495841360808171
6.305 0.5808651136589291
6.315 0.4456431713325321
6.325 0.33849812984975985
6.335 0.25455541870747267
6.345 0.18952454998832385
6.355 0.1397029758174481
6.365 0.10195367745385264
6.375 0.07366432076480953
6.385 0.05269489424836
6.3950000000000005 0.03731959663052187
6.405 0.026167510068578044
6.415 0.01816539785142268
6.425 0.01248488318825537
6.435 0.008495346708388321
6.445 0.0057231455039397855
6.455 0.0
6.465 0.0
6.475 0.0
6.485 0.0
6.495 0.0
6.505 0.0
6.515 0.0
6.525 0.0
6.535 0.0
6.545 0.0
6.555 0.0
6.565 0.0
6.575 0.0
6.585 0.0
6.595 0.0
6.605 0.0
6.615 0.0
6.625 0.0
6.635 0.0
6.6450000000000005 0.0
6.655 0.0
6.665 0.0
6.675 0.0
6.685 0.0
6.695 0.0
6.705 0.0
6.715 0.0
6.725 0.0
6.735 0.0
6.745 0.0
6.755 0.0
6.765 0.0
6.775 0.0
6.785 0.0
6.795 0.0
6.805 0.0
6.815 0.0
6.825 0.0
6.835 0.0
6.845 0.0
6.855 0.0
6.865 0.0
6.875 0.0
6.885 0.0
6.8950000000000005 0.0
6.905 0.0
6.915 0.0
6.925 0.0
6.935 0.0
6.945 0.0
6.955 0.0
6.965 0.0
6.975 0.0
6.985 0.0
6.995 0.0
