0.005 0.0
0.015 0.0
0.025 0.0
0.034999999999999996 0.0
0.045 0.0
0.055 0.0
0.065 0.0
0.07500000000000001 0.0
0.085 0.0
0.095 0.0
0.10500000000000001 0.0
0.115 0.0
0.125 0.0
0.135 0.0
0.14500000000000002 0.0
0.155 0.0
0.165 0.0
0.17500000000000002 0.0
0.185 0.0
0.195 0.0
0.20500000000000002 0.0
0.215 0.0
0.225 0.0
0.23500000000000001 0.0
0.245 0.0
0.255 0.0
0.265 0.0
0.275 0.0
0.28500000000000003 0.0
0.295 0.0
0.305 0.0
0.315 0.0
0.325 0.0
0.335 0.0
0.34500000000000003 0.0
0.35500000000000004 0.0
0.365 0.0
0.375 0.0
0.385 0.0
0.395 0.0
0.405 0.0
0.41500000000000004 0.0
0.425 0.0
0.435 0.0
0.445 0.0
0.455 0.0
0.465 0.0
0.47500000000000003 0.0
0.485 0.0
0.495 0.0
0.505 0.0
0.515 0.0
0.525 0.0
0.535 0.0
0.545 0.0
0.555 0.0
0.5650000000000001 0.0
0.5750000000000001 0.0
0.585 0.0
0.595 0.0
0.605 0.0
0.615 0.0
0.625 0.0
0.635 0.0
0.645 0.0
0.655 0.0
0.665 0.0
0.675 0.0
0.685 0.0
0.6950000000000001 0.0
0.7050000000000001 0.0
0.715 0.0
0.725 0.0
0.735 0.0
0.745 0.0
0.755 0.0
0.765 0.0
0.775 0.0
0.785 0.0
0.795 0.0
0.805 0.0
0.8150000000000001 0.0
0.8250000000000001 0.0
0.8350000000000001 0.0
0.845 0.0
0.855 0.0
0.865 0.0
0.875 0.0
0.885 0.0
0.895 0.0
0.905 0.0
0.915 0.0
0.925 0.0
0.935 0.0
0.9450000000000001 0.0
0.9550000000000001 0.0
0.965 0.0
0.975 0.0
0.985 0.0
0.995 0.0
1.005 0.0
1.015 0.0
1.025 0.0
1.035 0.0
1.045 0.0
1.055 0.0
1.065 0.0
1.075 0.0
1.085 0.0
1.095 0.0
1.105 0.0
1.115 0.0
1.125 0.0
1.135 0.0
1.145 0.0
1.155 0.0
1.1649999999999998 0.0
1.1749999999999998 0.0
1.1849999999999998 0.0
1.1949999999999998 0.0
1.2049999999999998 0.0
1.2149999999999999 0.0
1.2249999999999999 0.0
1.2349999999999999 0.0
1.2449999999999999 0.0
1.255 0.0
1.265 0.0
1.275 0.0
1.285 0.0
1.295 0.0
1.305 0.0
1.315 0.0
1.325 0.0
1.335 0.0
1.345 0.0
1.355 0.0
1.365 0.0
1.375 0.0
1.385 0.0
1.395 0.0
1.405 0.0
1.4149999999999998 0.0
1.4249999999999998 0.0
1.4349999999999998 0.0
1.4449999999999998 0.0
1.4549999999999998 0.0
1.4649999999999999 0.0
1.4749999999999999 0.0
1.4849999999999999 0.0
1.4949999999999999 0.0
1.505 0.0
1.515 0.0
1.525 0.0
1.535 0.0
1.545 0.0
1.555 0.0
1.565 0.0
1.575 0.0
1.585 0.0
1.595 0.0
1.605 0.0
1.615 0.0
1.625 0.0
1.635 0.012625186565384432
1.645 0.018740627345083753
1.655 0.027541494339126633
1.665 0.04007263780918504
1.6749999999999998 0.05772519610762097
1.6849999999999998 0.08232655795329366
1.6949999999999998 0.11624426995098595
1.7049999999999998 0.16250255951518575
1.7149999999999999 0.22490852241932807
1.7249999999999999 0.30818299695866486
1.7349999999999999 0.4180887591755157
1.7449999999999999 0.5615460327190741
1.755 0.7467225913520835
1.765 0.9830831971316576
1.775 1.2813810909086352
1.785 1.653573119529829
1.795 2.1126402604540013
1.805 2.683050684043589
1.815 3.362540791862788
1.825 4.1727535855399855
1.835 5.127495623620096
1.845 6.239188358049731
1.855 7.51806895476284
1.865 8.97135009703615
1.875 10.602387147248958
1.885 12.409910213258517
1.895 14.387384418017215
1.905 16.5225627180757
1.915 18.79729094360348
1.9249999999999998 21.18761377705682
1.9349999999999998 23.664213194312406
1.9449999999999998 26.193188216444856
1.9549999999999998 28.737158157067906
1.9649999999999999 31.256643069450266
1.9749999999999999 33.711647483086544
1.9849999999999999 36.0633497154112
1.9949999999999999 38.275781934557116
2.005 40.31737820139095
2.015 42.16227064150803
2.025 43.791228353541314
2.035 45.19215908652641
2.045 46.360128286384
2.0549999999999997 47.296890838347196
2.065 48.00997385543373
2.0749999999999997 48.511389838745686
2.085 48.81609412398607
2.0949999999999998 48.94032490709628
2.105 48.89997547560809
2.1149999999999998 48.709145082647495
2.125 48.3789972773216
2.135 47.91702413048496
2.145 47.3267747711834
2.155 46.60806115126361
2.165 45.757607749282286
2.175 44.770069812838514
2.185 43.63931100695113
2.195 42.35980927061727
2.205 40.92805121573113
2.215 39.343780928783794
2.225 37.61098742757336
2.235 35.73854382062741
2.245 33.740446963744596
2.255 31.63564510629203
2.265 29.447478605439866
2.275 27.202791590303043
2.285 24.93079758679496
2.295 22.661797710861826
2.305 20.42585539897184
2.315 18.251527191727355
2.3249999999999997 16.164736209198146
2.335 14.194845360963274
2.3449999999999998 12.349422778768758
2.355 10.647122165415807
2.3649999999999998 9.097371369281312
2.375 7.705210654500201
2.385 6.471688200151187
2.395 5.39442658780001
2.405 4.468306756829074
2.415 3.6862152459539406
2.425 3.039803760095984
2.435 2.520216146028979
2.445 2.110324903842602
2.455 1.821832906313532
2.465 1.6356734159961062
2.475 1.5467431422146696
2.485 1.5514774414171464
2.495 1.64790382340278
2.505 1.8355534521547763
2.515 2.115239298706218
2.525 2.4887131738870236
2.535 2.958217575851419
2.545 3.525952353221307
2.555 4.193480648780417
2.565 4.961103277422652
2.5749999999999997 5.827235220931669
2.585 6.787821729982659
2.5949999999999998 7.835833937673968
2.605 8.960884213756476
2.6149999999999998 10.14182678049835
2.625 11.377846073496826
2.635 12.637494356826926
2.645 13.896932576090883
2.655 15.129827670347089
2.665 16.308201451482873
2.675 17.40344435042534
2.685 18.387445791469144
2.695 19.233780570438014
2.705 19.918882233472868
2.715 20.423131137925136
2.725 20.731787238467902
2.735 20.835705754453386
2.745 20.731787238467902
2.755 20.423131137925136
2.765 19.918882233472868
2.775 19.233780570438014
2.785 18.387445791469144
2.795 17.40344435042534
2.805 16.308201451482873
2.815 15.129827670347089
2.8249999999999997 13.896932576090883
2.835 12.637494356826926
2.8449999999999998 11.377846073496826
2.855 10.14182678049835
2.8649999999999998 8.950130720339294
2.875 7.81987162204833
2.885 6.764363282335858
2.895 5.793103381005303
2.905 4.911935883884814
2.915 4.123359063295309
2.925 3.42694138136522
2.935 2.8198061397136702
2.945 2.2971475045181715
2.955 1.8527446565938388
2.965 1.4794466575099525
2.975 1.1696074010080362
2.985 0.9154570207302665
2.995 0.7094027485381829
3.005 0.5442580096077195
3.015 0.4134032119399309
3.025 0.3108851081602448
3.035 0.23146378309805798
3.045 0.17061736484669238
3.055 0.12451465462222051
3.065 0.08996524389384958
3.075 0.06435556540526768
3.085 0.04557792127893882
3.0949999999999998 0.031958027997442774
3.105 0.02218515600448947
3.1149999999999998 0.015247619870190774
3.125 0.010375252641277017
3.135 0.0069896006065924225
3.145 0.0
3.155 0.0
3.165 0.0
3.175 0.0
3.185 0.0
3.195 0.0
3.205 0.0
3.215 0.004000834857360423
3.225 0.005938776012751139
3.235 0.008727710280170217
3.245 0.012698743526922681
3.255 0.018292717936426305
3.265 0.026088720435159047
3.275 0.03683701027147223
3.285 0.05149594432934585
3.295 0.07127196509553338
3.305 0.09766107378235672
3.315 0.1324894545135807
3.325 0.17795007860515674
3.335 0.23663125743036892
3.3449999999999998 0.3115323090395775
3.355 0.40606086155794485
3.3649999999999998 0.5240059575791077
3.375 0.6694811796494037
3.385 0.8468326146401711
3.395 1.0605077201260376
3.405 1.314883113622622
3.415 1.6140519794685946
3.425 1.9615751034136804
3.435 2.360203336122731
3.445 2.811583294592069
3.455 3.3159619903257873
3.465 3.871909416725901
3.475 4.476080498228517
3.485 5.123038779940097
3.495 5.805163468490482
3.505 6.512658696062453
3.515 7.233679115341919
3.525 7.954579294326495
3.535 8.66028623613896
3.545 9.334785276058504
3.555 9.96170034803452
3.565 10.524941008925477
3.575 11.009381519231809
3.585 11.4015324830108
3.5949999999999998 11.69016365198141
3.605 11.866837850622133
3.6149999999999998 11.926320622883505
3.625 11.866837850622133
3.635 11.69016365198141
3.645 11.4015324830108
3.655 11.009381519231809
3.665 10.528105079680799
3.675 9.966397044642676
3.685 9.341687608657313
3.695 8.670329070811068
3.705 7.969046138353192
3.715 7.254311448421301
3.725 6.541791342389768
3.735 5.845889171319838
3.745 5.179404400735031
3.755 4.553316014940646
3.765 3.9766890498176806
3.775 3.4566942773848335
3.785 2.9987237460538796
3.795 2.6065794809807796
3.805 2.28270940231452
3.815 2.028463467346051
3.825 1.8443440629718089
3.835 1.7302275176594655
3.8449999999999998 1.6855379305746991
3.855 1.7093599436595075
3.8649999999999998 1.8004832049244395
3.875 1.9573776842608959
3.885 2.1781053165960746
3.895 2.4601792907127966
3.905 2.8003873281826985
3.915 3.194599186481425
3.925 3.6375810924399907
3.935 4.122840640110787
3.945 4.642524720916891
3.955 5.187390245853432
3.965 5.746862848397951
3.975 6.309192645927019
3.985 6.861708860022009
3.995 7.391167164098727
4.005 7.884175661125135
4.015 8.327678076013148
4.025 8.706798291137083
4.035 9.016931910844445
4.045 9.245196628928039
4.055 9.384919882966056
4.065 9.43196198964323
4.075 9.384919882966056
4.085 9.245196628928039
4.095 9.016931910844445
4.1049999999999995 8.706798291137083
4.115 8.323677241155789
4.125 7.878236885112384
4.135 7.382439453818557
4.145 6.849010116495086
4.155 6.290899927990592
4.165 5.720774127962792
4.175 5.15055323558196
4.185 4.591028776587546
4.195 4.051568675015253
4.205 3.539920018657634
4.215 3.0621097319678445
4.225 2.622437249577542
4.235 2.2235480332824276
4.245 1.8665730075564972
4.255 1.551316822702951
4.265 1.2764772473453316
4.275 1.0398787640101037
4.285 0.8387053159345279
4.295 0.6697197975334279
4.305 0.5294609493491869
4.315 0.4144114878774564
4.325 0.3211342989008395
4.335 0.24637614485804893
4.345 0.18714045146181063
4.355 0.14073228705904614
4.365 0.10477963309177966
4.375 0.07723551671212933
4.385 0.056365620794933756
4.395 0.04072570282935603
4.405 0.02913264632731458
4.415 0.02063233307938314
4.425 0.014466844026697198
4.435 0.010042834672107294
4.445 0.006902332598809593
4.455 0.004696696608155649
4.465 0.0031640707553223226
4.475 0.0
4.485 0.0
4.495 0.0
4.505 0.0
4.515 0.0
4.525 0.0
4.535 0.0
4.545 0.0021381332422612223
4.555 0.0031738111828950332
4.565 0.004664278367932604
4.575 0.006786484980731333
4.585 0.00977602668083775
4.595 0.013942380127950394
4.605 0.019686500196840637
4.615 0.02752055366885357
4.625 0.04015988500144066
4.635 0.055265762793606725
4.645 0.0753221949495174
4.655 0.10167251387951921
4.665 0.1359281233491696
4.675 0.17999162533636845
4.685 0.2360724202743478
4.695 0.30870553435032705
4.705 0.39966735900240935
4.715 0.5104810411803156
4.725 0.6460963688678261
4.735 0.8103752137232727
4.745 1.0073572009653726
4.755 1.2411656367460875
4.765 1.5158928912989016
4.775 1.8354678465369396
4.785 2.2035095381915797
4.795 2.623172515792862
4.805 3.0969905542282588
4.815 3.626726032677565
4.825 4.213232434212858
4.835 4.85633694540188
4.845 5.554749048595041
4.855 6.3059993740537585
4.865 7.1064110637533675
4.875 7.952982688260988
4.885 8.836816926033489
4.895 9.752124829420708
4.905 10.690879383423088
4.915 11.644179212870323
4.925 12.602372486924052
4.935 13.555190526036029
4.945 14.491889094382838
4.955 15.401397381776121
4.965 16.272476640131067
4.975 17.093891941535254
4.985 17.854601194013213
4.995 18.54396510037583
5.005 19.15198003032266
5.015 19.669532833304878
5.025 20.090449196097946
5.035 20.405527582341218
5.045 20.611267807018802
5.055 20.704986940153066
5.065 20.686219637064614
5.075 20.556870184250336
5.085 20.32128167508113
5.095 19.986206573072504
5.105 19.560668805303656
5.115 19.05571511640024
5.125 18.484062010473835
5.135 17.85965334667731
5.145 17.197151592382124
5.155 16.51139197713315
5.165 15.81683258787233
5.175 15.127034313974983
5.185 14.454202325436517
5.195 13.810485831873638
5.205 13.201843006597102
5.215 12.635844118478936
5.225 12.116816557685372
5.235 11.647048150615213
5.245 11.226969659087128
5.255 10.857042721714867
5.265 10.53230967325834
5.275 10.2504911719656
5.285 10.007572456736082
5.295 9.799188777587949
5.305 9.62088303936024
5.315 9.468318633955757
5.325 9.337445927021339
5.335 9.224625758728493
5.345 9.126716599973214
5.355 9.039707313021115
5.365 8.964943971582482
5.375 8.898984723350257
5.385 8.84113348947714
5.395 8.79130337523005
5.405 8.74999907341883
5.415 8.718274139638197
5.425 8.697656451439787
5.435 8.68865512238717
5.445 8.696601177849619
5.455 8.72160872153194
5.465 8.765635491703442
5.475 8.830169791555825
5.485 8.915980638141924
5.495 9.022880296324196
5.505 9.148177383500084
5.515 9.291020044310311
5.525 9.448550048710015
5.535 9.613462383332376
5.545 9.77916394092453
5.555 9.937979939700991
5.565 10.081452193369305
5.575 10.2007082010816
5.585 10.286879755426114
5.595 10.331544999490113
5.605 10.327165257367538
5.615 10.267487746562907
5.625 10.147887451357093
5.635 9.965625763623933
5.645 9.720009558204431
5.655 9.412441595865964
5.665 9.046360887284507
5.675 8.627079238710685
5.685 8.160273776308811
5.695 7.657099099316975
5.705 7.12487539823624
5.715 6.573298453426339
5.725 6.012162574783966
5.735 5.450983220681244
5.745 4.8986601039918645
5.755 4.363196239757816
5.765 3.851483372548103
5.775 3.369158978867967
5.785 2.920534998506101
5.795 2.5085939724009068
5.805 2.135044628532657
5.815 1.8004263335492947
5.825 1.5042502826273156
5.835 1.2439799101291569
5.845 1.0203501399617232
5.855 0.829097246447142
5.865 0.6673798313965644
5.875 0.5321609995976024
5.885 0.42034551704427164
5.895 0.3288927785473371
5.905 0.2549048096490396
5.915 0.19569010034555046
5.925 0.14880527312093872
5.935 0.11207741242699933
5.945 0.08361034741697634
5.955 0.0617783293980589
5.965 0.04521044035536495
5.975 0.03276877588479584
5.985 0.023523031062174272
5.995 0.01672364092747438
6.005 0.010661156716685277
6.015 0.00747531996362441
6.025 0.005189342082989363
6.035 0.003566579177617401
6.045 0.002426881070483794
6.055 0.0016349413348158571
6.065 0.0
6.075 0.0
6.085 0.0
6.095 0.0
6.105 0.0
6.115 0.0
6.125 0.0
6.135 0.0
6.1450000000000005 0.0
6.155 0.0
6.165 0.0
6.175 0.0
6.185 0.0
6.195 0.0
6.205 0.0
6.215 0.0
6.225 0.0
6.235 0.0
6.245 0.0
6.255 0.0
6.265 0.0
6.275 0.0
6.285 0.0
6.295 0.0
6.305 0.0
6.315 0.0
6.325 0.0
6.335 0.0
6.345 0.0
6.355 0.0
6.365 0.0
6.375 0.0
6.385 0.0
6.3950000000000005 0.0
6.405 0.0
6.415 0.0
6.425 0.0
6.435 0.0
6.445 0.0
6.455 0.0
6.465 0.0011093953612545471
6.475 0.001646768935727245
6.485 0.0024201152120491526
6.495 0.0035212468559184243
6.505 0.005072405422101875
6.515 0.0072341664836741825
6.525 0.010214570152145578
6.535 0.0142793601333723
6.545 0.01976307202958306
6.555 0.02708053346164999
6.565 0.03673812878882105
6.575 0.0493439491450767
6.585 0.06561570989068005
6.595 0.08638509482429509
6.605 0.11259700843953786
6.615 0.1453021180163245
6.625 0.18564108283146794
6.635 0.23481903351059286
6.6450000000000005 0.2940692098595341
6.655 0.3646052083757528
6.665 0.44756203209735895
6.675 0.5439270547435898
6.685 0.6544630623518336
6.695 0.7796266469391596
6.705 0.9194863025640799
6.715 1.0736455013160635
6.725 1.241176683961617
6.735 1.4216817660345114
6.745 1.6113661532336025
6.755 1.80832153440049
6.765 2.009355114404946
6.775 2.2108053797842286
6.785 2.408653300251143
6.795 2.598666194071201
6.805 2.776568869780511
6.815 2.9382341284638405
6.825 3.079882566829109
6.835 3.198280081607727
6.845 3.2909207175426305
6.855 3.35618263744584
6.865 3.39344605774308
6.875 3.403163935994698
6.885 3.386878886413878
6.8950000000000005 3.3471830356503736
6.905 3.2876210668780517
6.915 3.2125402662937916
6.925 3.1268947180228914
6.935 3.0360136560164146
6.945 2.9453461885110586
6.955 2.8601960367139605
6.965 2.785460514488187
6.975 2.725387721752521
6.985 2.6833648856139387
6.995 2.661749054634874
