0.005 0.0
0.015 0.0
0.025 0.0
0.034999999999999996 0.0
0.045 0.0
0.055 0.0
0.065 0.0
0.07500000000000001 0.0
0.085 0.0
0.095 0.0
0.10500000000000001 0.0
0.115 0.0
0.125 0.0
0.135 0.0
0.14500000000000002 0.0
0.155 0.0
0.165 0.0
0.17500000000000002 0.0
0.185 0.0
0.195 0.0
0.20500000000000002 0.0
0.215 0.0
0.225 0.0
0.23500000000000001 0.0
0.245 0.0
0.255 0.0
0.265 0.0
0.275 0.0
0.28500000000000003 0.0
0.295 0.0
0.305 0.0
0.315 0.0
0.325 0.0
0.335 0.0
0.34500000000000003 0.0
0.35500000000000004 0.0
0.365 0.0
0.375 0.0
0.385 0.0
0.395 0.0
0.405 0.0
0.41500000000000004 0.0
0.425 0.0
0.435 0.0
0.445 0.0
0.455 0.0
0.465 0.0
0.47500000000000003 0.0
0.485 0.0
0.495 0.0
0.505 0.0
0.515 0.0
0.525 0.0
0.535 0.0
0.545 0.0
0.555 0.0
0.5650000000000001 0.0
0.5750000000000001 0.0
0.585 0.0
0.595 0.0
0.605 0.0
0.615 0.0
0.625 0.0
0.635 0.0
0.645 0.0
0.655 0.0
0.665 0.0
0.675 0.0
0.685 0.0
0.6950000000000001 0.0
0.7050000000000001 0.0
0.715 0.0
0.725 0.0
0.735 0.0
0.745 0.0
0.755 0.0
0.765 0.0
0.775 0.0
0.785 0.0
0.795 0.0
0.805 0.0
0.8150000000000001 0.0
0.8250000000000001 0.0
0.8350000000000001 0.0
0.845 0.0
0.855 0.0
0.865 0.0
0.875 0.0
0.885 0.0
0.895 0.0
0.905 0.0
0.915 0.0
0.925 0.0
0.935 0.0
0.9450000000000001 0.0
0.9550000000000001 0.0
0.965 0.0
0.975 0.0
0.985 0.0
0.995 0.0
1.005 0.0
1.015 0.0
1.025 0.0
1.035 0.0
1.045 0.0
1.055 0.0
1.065 0.0
1.075 0.0
1.085 0.0
1.095 0.0
1.105 0.0
1.115 0.0
1.125 0.0
1.135 0.0
1.145 0.0
1.155 0.0
1.1649999999999998 0.0
1.1749999999999998 0.0
1.1849999999999998 0.0
1.1949999999999998 0.0
1.2049999999999998 0.0
1.2149999999999999 0.0
1.2249999999999999 0.0
1.2349999999999999 0.0
1.2449999999999999 0.0
1.255 0.0
1.265 0.0
1.275 0.0
1.285 0.0
1.295 0.01819813325432633
1.305 0.027013021306994157
1.315 0.03969872297815342
1.325 0.057761301104519526
1.335 0.08320596336998518
1.345 0.11866673527912638
1.355 0.16755623401399697
1.365 0.23423362632395273
1.375 0.32418651715155433
1.385 0.4442195936136376
1.395 0.6026394075215246
1.405 0.8094208730252405
1.4149999999999998 1.0763371417178977
1.4249999999999998 1.4170308635709508
1.4349999999999998 1.847001921212349
1.4449999999999998 2.3834850930030296
1.4549999999999998 3.045191354526802
1.4649999999999999 3.851889246810544
1.4749999999999999 4.823808404036015
1.4849999999999999 5.980856238428924
1.4949999999999999 7.341650942612892
1.505 8.922389049530135
1.515 10.73558303438808
1.525 12.788722672842619
1.535 15.08293151745893
1.545 17.611705063164322
1.555 20.359827952907626
1.565 23.3025720151669
1.575 26.405273431464693
1.585 29.62337487458426
1.595 32.90299678774535
1.605 36.18207177782989
1.615 39.392039053029876
1.625 42.46005456628935
1.635 45.31163040626093
1.645 47.87357784137974
1.655 50.07709617559182
1.665 51.86082775889714
1.6749999999999998 53.173690864110256
1.6849999999999998 53.97730828999582
1.6949999999999998 54.24787067373374
1.7049999999999998 53.97730828999582
1.7149999999999999 53.173690864110256
1.7249999999999999 51.86082775889714
1.7349999999999999 50.07709617559182
1.7449999999999999 47.87357784137974
1.755 45.31163040626093
1.765 42.46005456628935
1.775 39.392039053029876
1.785 36.18207177782989
1.795 32.90299678774535
1.805 29.62337487458426
1.815 26.405273431464693
1.825 23.3025720151669
1.835 20.359827952907626
1.845 17.611705063164322
1.855 15.08293151745893
1.865 12.788722672842619
1.875 10.73558303438808
1.885 8.922389049530135
1.895 7.341650942612892
1.905 5.980856238428924
1.915 4.833564247865192
1.9249999999999998 3.8663706671596683
1.9349999999999998 3.0664734572666847
1.9449999999999998 2.414450369774581
1.9549999999999998 1.8916078361679864
1.9649999999999999 1.480646956547206
1.9749999999999999 1.1661624237290105
1.9849999999999999 0.9349912623625722
1.9949999999999999 0.7764326745921264
2.005 0.6823614359987659
2.015 0.6472556947931867
2.025 0.6681563544935282
2.035 0.7445702010727746
2.045 0.8783233227390624
2.0549999999999997 1.0733658904193555
2.065 1.3355246854880323
2.0749999999999997 1.6721964560993374
2.085 2.0919737188685477
2.0949999999999998 2.6041953228540584
2.105 3.206279381046028
2.1149999999999998 3.935788305508623
2.125 4.78320676818243
2.135 5.755242586420699
2.145 6.855910956759979
2.155 8.085814204900748
2.165 9.441465328369263
2.175 10.91470752090843
2.185 12.492284248115642
2.195 14.155612571023322
2.205 15.880805735990476
2.215 17.63897943196237
2.225 19.396859927744615
2.235 21.11769244369383
2.245 22.762425988313723
2.255 24.291128310306267
2.265 25.664563636132282
2.275 26.84584857579453
2.285 27.802089884543115
2.295 28.505903140801323
2.305 28.93671469689768
2.315 29.081760582918417
2.3249999999999997 28.93671469689768
2.335 28.505903140801323
2.3449999999999998 27.802089884543115
2.355 26.84584857579453
2.3649999999999998 25.664563636132282
2.375 24.297917861396538
2.385 22.772504290615572
2.395 21.132503661092443
2.405 19.418410121899637
2.415 17.670022788521017
2.425 15.925079170558382
2.435 14.21812621434227
2.445 12.579674594738592
2.455 11.04207282103663
2.465 9.616720857365848
2.475 8.32464605480677
2.485 7.178257614676582
2.495 6.186141775809778
2.505 5.353714583394334
2.515 4.683946561586067
2.525 4.178096521694111
2.535 3.8363967883386154
2.545 3.6586402635663178
2.555 3.6446301100727947
2.565 3.794464588087212
2.5749999999999997 4.108641983086919
2.585 4.587982983857545
2.5949999999999998 5.233379794845426
2.605 6.0453922666821285
2.6149999999999998 7.023721039237932
2.625 8.16659578151677
2.635 9.470122767633555
2.645 10.92763994862728
2.655 12.529129097643757
2.665 14.260733314657289
2.675 16.104424071676064
2.685 18.037855097944377
2.695 20.034430959861876
2.705 22.063606587439114
2.715 24.09142083197327
2.725 26.07474624223663
2.735 27.990481921241432
2.745 29.790274735097952
2.755 31.436075392766675
2.765 32.89168853600227
2.775 34.12406517004442
2.785 35.104518870479765
2.795 35.80980526837955
2.805 36.22301023248312
2.815 36.334201425676824
2.8249999999999997 36.14080993480685
2.835 35.647722699352514
2.8449999999999998 34.867081613200625
2.855 33.817800499729806
2.8649999999999998 32.52482571857685
2.875 31.018179067818146
2.885 29.331832128171847
2.895 27.502468649848918
2.905 25.568195603349746
2.915 23.56726392684763
2.925 21.536856869848997
2.935 19.51199745778543
2.945 17.524617503195778
2.955 15.602819461646504
2.965 13.77035009340651
2.975 12.0462922222316
2.985 10.44496874480221
2.995 8.980578372719272
3.005 7.6515178907881145
3.015 6.462379856993808
3.025 5.411355223792082
3.035 4.493861037057247
3.045 3.7031769547880398
3.055 3.0310835327954218
3.065 2.4684741667465055
3.075 2.0059179107495706
3.085 1.6341560392878265
3.0949999999999998 1.3445206767201414
3.105 1.1292686863381376
3.1149999999999998 0.9818280237406594
3.125 0.8969568004756288
3.135 0.8708174024731661
3.145 0.900969319534547
3.155 0.986285118101301
3.165 1.1267945352770767
3.175 1.3234623018996878
3.185 1.5733778198328918
3.195 1.8890738180893496
3.205 2.265863727522552
3.215 2.705329970456483
3.225 3.2081366222881242
3.235 3.773635317571659
3.245 4.399497927697678
3.255 5.081400952030762
3.265 5.808508809215389
3.275 6.581902771787452
3.285 7.384061888349457
3.295 8.201555886912928
3.305 9.018913556855418
3.315 9.819045112426053
3.325 10.583793103505247
3.335 11.294590322620808
3.3449999999999998 11.933193401969676
3.355 12.482452756139162
3.3649999999999998 12.927074088417895
3.375 13.254324526994413
3.385 13.454637990008589
3.395 13.525709953437397
3.405 13.460026764555403
3.415 13.262243947243428
3.425 12.938596776888966
3.435 12.49905135029328
3.445 11.956865995840548
3.455 11.328015786538865
3.465 10.630519909411097
3.475 9.883716443788543
3.485 9.107530050806854
3.495 8.321775238286197
3.505 7.545531668003062
3.515 6.796619153459957
3.525 6.091189512083826
3.535 5.443441354165126
3.545 4.865453278368374
3.555 4.367121760904485
3.565 3.9561830407153655
3.575 3.638294031335533
3.585 3.417145961314799
3.5949999999999998 3.294586000577718
3.605 3.2707262451798167
3.6149999999999998 3.3440255601617954
3.625 3.5113372078057647
3.635 3.767923108109804
3.645 4.107443156279219
3.655 4.521934471023353
3.665 5.001800092124406
3.675 5.535828980544164
3.685 6.11126890890255
3.695 6.7170887996995985
3.705 7.3332468103305475
3.715 7.945850302908119
3.725 8.538555264676832
3.735 9.095149631821469
3.745 9.60011654861684
3.755 10.039229195610291
3.765 10.400143665431083
3.775 10.672953384757562
3.785 10.85066857856377
3.795 10.92958731449877
3.805 10.906505008789335
3.815 10.791923629781934
3.825 10.588394099145921
3.835 10.306227799486871
3.8449999999999998 9.958567753484344
3.855 9.560859823887643
3.8649999999999998 9.130215864442397
3.875 8.684702088425613
3.885 8.242588673747736
3.895 7.821596985462826
3.905 7.4381790282412
3.915 7.106860262925617
3.925 6.839672237402493
3.935 6.645696103250569
3.945 6.530732462654935
3.955 6.497107447515084
3.965 6.543619669478914
3.975 6.6656277581048435
3.985 6.8552735849050634
3.995 7.101831861325976
4.005 7.3921725108624745
4.015 7.71131801956594
4.025 8.043073932549072
4.035 8.370706968274716
4.045 8.677642153854105
4.055 8.950782640229445
4.065 9.171890776216935
4.075 9.330695255159009
4.085 9.41774689771155
4.095 9.426535179132133
4.1049999999999995 9.353710211428847
4.115 9.19915870861142
4.125 8.965933891682765
4.135 8.660047840359736
4.145 8.290142698300626
4.155 7.867063697959845
4.165 7.403361622081782
4.175 6.912754684661037
4.185 6.4095797557959
4.195 5.908260487072344
4.205 5.4203942381099175
4.215 4.9648257302584025
4.225 4.550017492471955
4.235 4.186531936129338
4.245 3.88318977632056
4.255 3.6469228308709347
4.265 3.482682533399452
4.275 3.3933945900406224
4.285 3.3799507140426712
4.295 3.4412303285969363
4.305 3.5741480906201297
4.315 3.773726495803503
4.325 4.033196073731358
4.335 4.344128199756235
4.345 4.696606870287663
4.355 5.0817580234308295
4.365 5.483886373277051
4.375 5.891798489921726
4.385 6.294768850875297
4.395 6.676471153620714
4.405 7.026291422787355
4.415 7.333183770487592
4.425 7.587648505548432
4.435 7.78215307528963
4.445 7.9114947330494605
4.455 7.973082504383075
4.465 7.967119632581547
4.475 7.8966728532401005
4.485 7.767621098739162
4.495 7.588482986783316
4.505 7.36804954217132
4.515 7.124017807841184
4.525 6.869841848154148
4.535 6.617582605823671
4.545 6.384470260399978
4.555 6.186074384095419
4.565 6.037153773336418
4.575 5.9510931680380885
4.585 5.939384267945565
4.595 6.011168594081912
4.605 6.172857588925375
4.615 6.427843297910149
4.625 6.776310974607676
4.635 7.215162828554724
4.645 7.740113848383999
4.655 8.33863304914735
4.665 9.000004717267283
4.675 9.709792664055511
4.685 10.451727312730508
4.695 11.208312409519039
4.705 11.961497849231257
4.715 12.693389071823907
4.725 13.386958789043916
4.735 14.026724009565697
4.745 14.59935100912713
4.755 15.09415338838162
4.765 15.503453741410528
4.775 15.822787468588492
4.785 16.05093734228398
4.795 16.189798743281532
4.805 16.244087025844713
4.815 16.22090917687621
4.825 16.129230814126686
4.835 15.979275812076912
4.845 15.781898928477197
4.855 15.547971549472106
4.865 15.286060209502503
4.875 15.00956756712073
4.885 14.723823732583938
4.895 14.43509168224264
4.905 14.147796318729378
4.915 13.864503635049157
4.925 13.586005075441296
4.935 13.311491309388622
4.945 13.038796376907536
4.955 12.764691779376474
4.965 12.485210301696885
4.975 12.195980757681841
4.985 11.892557009297086
4.995 11.57072711368265
5.005 11.230370347906236
5.015 10.863110459958898
5.025 10.469540910328119
5.035 10.049018356516132
5.045 9.602151233182518
5.055 9.130847218412683
5.065 8.638307545615255
5.075 8.128970647557427
5.085 7.6084095153675735
5.095 7.083188937495474
5.105 6.560690271790524
5.115 6.048912405004106
5.125 5.5562579044741565
5.135 5.091312972288678
5.145 4.662628677831105
5.155 4.278509187971181
5.165 3.945268230853193
5.175 3.6737329544429915
5.185 3.4680689961665494
5.195 3.332225372460577
5.205 3.2740748944427196
5.215 3.294401305022813
5.225 3.3947839499106074
5.235 3.5751746482014997
5.245 3.8354081711850476
5.255 4.169322119851886
5.265 4.572484518011981
5.275 5.037415779417788
5.285 5.554715226162922
5.295 6.113168678701271
5.305 6.699942850067406
5.315 7.300873200655042
5.325 7.90084550954791
5.335 8.484415790638247
5.345 9.036999720783257
5.355 9.542774527968293
5.365 9.988274951934832
5.375 10.361900174697201
5.385 10.654462442080025
5.395 10.859645937113617
5.405 10.974343325417905
5.415 10.998843847685787
5.425 10.93685569990185
5.435 10.79535600580725
5.445 10.58427305955387
5.455 10.314646616777797
5.465 10.003978257500846
5.475 9.665775306569932
5.485 9.316039946044029
5.495 8.97047109713406
5.505 8.643751364196305
5.515 8.348903488797719
5.525 8.096749093001499
5.535 7.896979047251197
5.545 7.752664653625544
5.555 7.667201956588322
5.565 7.64005037060185
5.575 7.667896679882518
5.585 7.744951094741672
5.595 7.863343200691663
5.605 8.01359228349314
5.615 8.185124924098732
5.625 8.368253074225136
5.635 8.549642746516264
5.645 8.719672607449718
5.655 8.868726685414046
5.665 8.988552666671652
5.675 9.07258298672231
5.685 9.11617047821452
5.695 9.11673326907918
5.705 9.073806994725917
5.715 8.989005536670255
5.725 8.865894445431088
5.735 8.709783974779912
5.745 8.528835859016851
5.755 8.328858885816679
5.765 8.119517509937594
5.775 7.909920893035261
5.785 7.709133250904792
5.795 7.525769160649185
5.805 7.367615574379384
5.815 7.238910502316386
5.825 7.150428802302111
5.835 7.102257873033049
5.845 7.096271207901657
5.855 7.132522026630393
5.865 7.210631834572805
5.875 7.325242954239405
5.885 7.472564167984164
5.895 7.64678438634127
5.905 7.84127270237003
5.915 8.048914259090296
5.925 8.262451459481504
5.935 8.47481197219566
5.945 8.679406545286682
5.955 8.870382225844073
5.965 9.042819970590141
5.975 9.192869546781905
5.985 9.317818765029298
5.995 9.416098157200379
6.005 9.487225938163915
6.015 9.531701237241261
6.025 9.550855978921698
6.035 9.546677324698631
6.045 9.521613222126142
6.055 9.477279042016022
6.065 9.419014332802757
6.075 9.347904362228718
6.085 9.266401787315818
6.095 9.176567724998684
6.105 9.079985232560219
6.115 8.977705654016608
6.125 8.87022720546003
6.135 8.75750374959627
6.1450000000000005 8.637920460648308
6.155 8.5129544197278
6.165 8.379694031129322
6.175 8.236527376411201
6.185 8.081662978524207
6.195 7.913247165909987
6.205 7.729484613465207
6.215 7.528758072452425
6.225 7.309742997970885
6.235 7.072700109100348
6.245 6.815390483868329
6.255 6.5387992549567855
6.265 6.243751189766279
6.275 5.931729766175722
6.285 5.604875515114509
6.295 5.26595488558954
6.305 4.9183005239047475
6.315 4.565725700075388
6.325 4.212417333747603
6.335 3.8628134709916178
6.345 3.520481969001371
6.355 3.1922837378162425
6.365 2.881185967425473
6.375 2.591367833681349
6.385 2.3266376529300383
6.3950000000000005 2.090351147633733
6.405 1.8853473956665694
6.415 1.7139016154970383
6.425 1.5776925496400316
6.435 1.4768206834959918
6.445 1.4139640946009582
6.455 1.3875210706238796
6.465 1.3966732344379615
6.475 1.4399460238446051
6.485 1.5152116598573655
6.495 1.6196968273850756
6.505 1.7499988770492507
6.515 1.9032085836844568
6.525 2.073113444682865
6.535 2.2554713689203623
6.545 2.4449460821179487
6.555 2.6361215481348603
6.565 2.824941589351669
6.575 3.003657405760502
6.585 3.167898756035138
6.595 3.3131055731394463
6.605 3.435459514366102
6.615 3.5320829920650403
6.625 3.6012127099824647
6.635 3.6434142739077764
6.6450000000000005 3.6589644812597157
6.655 3.6492176307763824
6.665 3.6186136674163722
6.675 3.571309433424494
6.685 3.516721334507455
6.695 3.4591670315297898
6.705 3.4075315162582793
6.715 3.37051630419593
6.725 3.357087451941571
6.735 3.376177358462496
6.745 3.4363800678989675
6.755 3.545650154777565
6.765 3.711014658918459
6.775 3.938306787979411
6.785 4.231929306203516
6.795 4.594654717791342
6.805 5.027468523522478
6.815 5.529460931388646
6.825 6.097771365178119
6.835 6.727588867948354
6.845 7.412209991469553
6.855 8.143153990976382
6.865 8.910333152912617
6.875 9.702273971991103
6.885 10.5063828075538
6.8950000000000005 11.309247758018639
6.905 12.096966966192522
6.915 12.855492550166197
6.925 13.57097893578091
6.935 14.230124570967519
6.945 14.820496780252494
6.955 15.330830753948458
6.965 15.752482839855551
6.975 16.07548172798084
6.985 16.294364145899003
6.995 16.404879921176953
