0.005 0.0
0.015 0.0
0.025 0.0
0.034999999999999996 0.0
0.045 0.0
0.055 0.0
0.065 0.0
0.07500000000000001 0.0
0.085 0.0
0.095 0.0
0.10500000000000001 0.0
0.115 0.0
0.125 0.0
0.135 0.0
0.14500000000000002 0.0
0.155 0.0
0.165 0.0
0.17500000000000002 0.0
0.185 0.0
0.195 0.0
0.20500000000000002 0.0
0.215 0.0
0.225 0.0
0.23500000000000001 0.0
0.245 0.0
0.255 0.0
0.265 0.0
0.275 0.0
0.28500000000000003 0.0
0.295 0.0
0.305 0.0
0.315 0.0
0.325 0.0
0.335 0.0
0.34500000000000003 0.0
0.35500000000000004 0.0
0.365 0.0
0.375 0.0
0.385 0.0
0.395 0.0
0.405 0.0
0.41500000000000004 0.0
0.425 0.0
0.435 0.0
0.445 0.0
0.455 0.0
0.465 0.0
0.47500000000000003 0.0
0.485 0.0
0.495 0.0
0.505 0.0
0.515 0.0
0.525 0.0
0.535 0.0
0.545 0.0
0.555 0.0
0.5650000000000001 0.0
0.5750000000000001 0.0
0.585 0.0
0.595 0.0
0.605 0.0
0.615 0.0
0.625 0.0
0.635 0.0
0.645 0.0
0.655 0.0
0.665 0.0
0.675 0.0
0.685 0.0
0.6950000000000001 0.0
0.7050000000000001 0.0
0.715 0.0
0.725 0.0
0.735 0.0
0.745 0.0
0.755 0.0
0.765 0.0
0.775 0.0
0.785 0.0
0.795 0.0
0.805 0.0
0.8150000000000001 0.0
0.8250000000000001 0.0
0.8350000000000001 0.0
0.845 0.0
0.855 0.0
0.865 0.0
0.875 0.0
0.885 0.0
0.895 0.0
0.905 0.0
0.915 0.0
0.925 0.0
0.935 0.0
0.9450000000000001 0.0
0.9550000000000001 0.0
0.965 0.0
0.975 0.0
0.985 0.0
0.995 0.0
1.005 0.0
1.015 0.0
1.025 0.0
1.035 0.0
1.045 0.0
1.055 0.0
1.065 0.0
1.075 0.0
1.085 0.0
1.095 0.0
1.105 0.0
1.115 0.0
1.125 0.0
1.135 0.0
1.145 0.0
1.155 0.0
1.1649999999999998 0.0
1.1749999999999998 0.0
1.1849999999999998 0.0
1.1949999999999998 0.0
1.2049999999999998 0.0
1.2149999999999999 0.0
1.2249999999999999 0.0
1.2349999999999999 0.0
1.2449999999999999 0.0
1.255 0.0
1.265 0.0
1.275 0.0
1.285 0.0
1.295 0.0
1.305 0.0
1.315 0.0
1.325 0.0
1.335 0.0
1.345 0.0
1.355 0.0
1.365 0.0
1.375 0.0
1.385 0.01640929523181635
1.395 0.024357698426262113
1.405 0.03579642244457925
1.4149999999999998 0.05208348733090909
1.4249999999999998 0.07502699309343677
1.4349999999999998 0.1070020460987698
1.4449999999999998 0.15108581047527708
1.4549999999999998 0.21120895609745746
1.4649999999999999 0.2923196679444843
1.4749999999999999 0.4005537467767873
1.4849999999999999 0.5434012279252132
1.4949999999999999 0.729856512568843
1.505 0.9705354763912107
1.515 1.2777397257162892
1.525 1.6654455374811683
1.535 2.1491935477734696
1.545 2.74585548283781
1.555 3.4732566779148337
1.565 4.349638236917836
1.575 5.406354652536967
1.585 6.63987876961058
1.595 8.074577387411368
1.605 9.72284233030852
1.615 11.592904091799527
1.625 13.687715887849363
1.635 16.00392617478468
1.645 18.531026001672192
1.655 21.250759850130137
1.665 24.136883312163867
1.6749999999999998 27.155337188884904
1.6849999999999998 30.2648852489242
1.6949999999999998 33.41823277343791
1.7049999999999998 36.56360692175809
1.7149999999999999 39.64674058802113
1.7249999999999999 42.61316223762738
1.7349999999999999 45.41065911046821
1.7449999999999999 47.99175410308449
1.755 50.31602114312709
1.765 52.35206264518839
1.775 54.07898713985095
1.785 55.48725532139255
1.795 56.57880683513284
1.805 57.377188299096964
1.815 57.88839806039026
1.825 58.1500819738791
1.835 58.19798353494085
1.845 58.07040029411911
1.855 57.80539463182609
1.865 57.43815858916972
1.875 56.998748667404854
1.885 56.51037510270734
1.895 55.98838144128249
1.905 55.43998873207333
1.915 54.86481009238468
1.9249999999999998 54.25607228345699
1.9349999999999998 53.60241780975083
1.9449999999999998 52.89010985999715
1.9549999999999998 52.105427857047445
1.9649999999999999 51.23702652236639
1.9749999999999999 50.27803729271418
1.9849999999999999 49.22771675162954
1.9949999999999999 48.092489701854745
2.005 46.88629032645386
2.015 45.63016822831835
2.025 44.3511911545195
2.035 43.08073711951237
2.045 41.85232024673803
2.0549999999999997 40.699132790772964
2.065 39.651507668442925
2.0749999999999997 38.73451012304013
2.085 37.96585412084569
2.0949999999999998 37.35431041759654
2.105 36.898731830468165
2.1149999999999998 36.58777091218442
2.125 36.40031030422479
2.135 36.306571080946874
2.145 36.26981373605842
2.155 36.24850394297762
2.165 36.19878388667985
2.175 36.077071865669886
2.185 35.842608925953414
2.195 35.448836662867585
2.205 34.892842693887644
2.215 34.13878631109355
2.225 33.17653576079108
2.235 32.005599649058304
2.245 30.634873846737264
2.255 29.08184878151581
2.265 27.371364893282063
2.275 25.53402876149422
2.285 23.604416897495714
2.295 21.619198015280524
2.305 19.615298291505002
2.315 17.628219083201994
2.3249999999999997 15.69059482512966
2.335 13.831052819627935
2.3449999999999998 12.073408939080878
2.355 10.436206339931335
2.3649999999999998 8.932580245934455
2.375 7.570412293547675
2.385 6.343783720918954
2.395 5.272345826287121
2.405 4.338268875126039
2.415 3.5341590969925933
2.425 2.850445767904208
2.435 2.2761271763655366
2.445 1.7994397956823573
2.455 1.408429694373601
2.465 1.0914154063883865
2.475 0.8373403936764866
2.485 0.6360204206868799
2.495 0.478296422394744
2.505 0.35610679464482387
2.515 0.2624946421123791
2.525 0.191565669368852
2.535 0.13841143613774876
2.545 0.09901097185608677
2.555 0.07012158548510819
2.565 0.049167393537837535
2.5749999999999997 0.03413183992636642
2.585 0.023458447646801286
2.5949999999999998 0.01596231562563794
2.605 0.010753493417182585
2.6149999999999998 0.0
2.625 0.0
2.635 0.0
2.645 0.0
2.655 0.0
2.665 0.0
2.675 0.0
2.685 0.0
2.695 0.0
2.705 0.0
2.715 0.0
2.725 0.0
2.735 0.0
2.745 0.0
2.755 0.0
2.765 0.0
2.775 0.0
2.785 0.0
2.795 0.0
2.805 0.0
2.815 0.0
2.8249999999999997 0.005026986508269271
2.835 0.007461979300847629
2.8449999999999998 0.01096623164682306
2.855 0.01595577289684197
2.8649999999999998 0.022984514368748456
2.875 0.03278006974076377
2.885 0.046285128039961286
2.895 0.06470384972225468
2.905 0.08955211092853363
2.915 0.12270961381567709
2.925 0.16647093021158543
2.935 0.22359149432220404
2.945 0.29732347896060507
2.955 0.3914354804099945
2.965 0.5102091301850737
2.975 0.6584053011227775
2.985 0.8411926454415418
2.995 1.0640319534126246
3.005 1.3325113860126334
3.015 1.6521300947904995
3.025 2.0280311019353294
3.035 2.4646884791248804
3.045 2.9655586272533405
3.055 3.53271049485768
3.065 4.16645444803466
3.075 4.86499370582953
3.085 5.6241252330438005
3.0949999999999998 6.4370182090170385
3.105 7.294097225910651
3.1149999999999998 8.183053928816319
3.125 9.089004823849226
3.135 9.994804638829667
3.145 10.881514388610183
3.155 11.729011897105988
3.165 12.516720893106216
3.175 13.224423986124043
3.185 13.833115920730835
3.195 14.325847481618702
3.205 14.688508037230463
3.215 14.910496408305635
3.225 14.98523558257629
3.235 14.910496408305635
3.245 14.688508037230463
3.255 14.325847481618702
3.265 13.833115920730835
3.275 13.224423986124043
3.285 12.516720893106216
3.295 11.729011897105988
3.305 10.881514388610183
3.315 9.994804638829667
3.325 9.089004823849226
3.335 8.183053928816319
3.3449999999999998 7.294097225910651
3.355 6.4370182090170385
3.3649999999999998 5.6241252330438005
3.375 4.86499370582953
3.385 4.16645444803466
3.395 3.53271049485768
3.405 2.9655586272533405
3.415 2.4646884791248804
3.425 2.0280311019353294
3.435 1.6521300947904995
3.445 1.3325113860126334
3.455 1.0640319534126246
3.465 0.8411926454415418
3.475 0.6584053011227775
3.485 0.5102091301850737
3.495 0.3914354804099945
3.505 0.29732347896060507
3.515 0.22359149432220404
3.525 0.16986474352083725
3.535 0.12774733663886745
3.545 0.0969556205369451
3.555 0.07547589264053675
3.565 0.061802406760131164
3.575 0.05491051245856374
3.585 0.05423247640406456
3.5949999999999998 0.059638560981908784
3.605 0.07142454905843837
3.6149999999999998 0.09030555165890707
3.625 0.11741464810756794
3.635 0.15095083068513152
3.645 0.20072868275848169
3.655 0.2642654681773126
3.665 0.3444517970508821
3.675 0.44450182433486096
3.685 0.567905004528673
3.695 0.7183480200356109
3.705 0.8996035436220442
3.715 1.1153841561126188
3.725 1.3691620086910417
3.735 1.6639576314465712
3.745 2.002104505747718
3.755 2.384999417734524
3.765 2.8128519014067717
3.775 3.284448916087305
3.785 3.7969529135208377
3.795 4.345752277974494
3.805 4.9243824711984345
3.815 5.524533890882384
3.825 6.136158409872753
3.835 6.747680931873078
3.8449999999999998 7.346315391165576
3.855 7.918476927537206
3.8649999999999998 8.450274112599345
3.875 8.928057805102128
3.885 9.338997199012296
3.895 9.671649559721612
3.905 9.916488533996002
3.915 10.06635706597132
3.925 10.116814890742681
3.935 10.06635706597132
3.945 9.916488533996002
3.955 9.671649559721612
3.965 9.338997199012296
3.975 8.928057805102128
3.985 8.450274112599345
3.995 7.918476927537206
4.005 7.346315391165576
4.015 6.747680931873078
4.025 6.136158409872753
4.035 5.524533890882384
4.045 4.9243824711984345
4.055 4.345752277974494
4.065 3.7969529135208377
4.075 3.284448916087305
4.085 2.8128519014067717
4.095 2.384999417734524
4.1049999999999995 2.002104505747718
4.115 1.6639576314465712
4.125 1.3691620086910417
4.135 1.1153841561126188
4.145 0.8996035436220442
4.155 0.7208679621720119
4.165 0.5716455667979821
4.175 0.4499990082160799
4.185 0.35245015240263317
4.195 0.27578721110366533
4.205 0.21716076962365044
4.215 0.17415277169785312
4.225 0.14482259195653166
4.235 0.12773450997272132
4.245 0.12197054265569546
4.255 0.1319574846629766
4.265 0.1504936980371998
4.275 0.18170067797312547
4.285 0.22705397462818092
4.295 0.2885951985037664
4.305 0.3689181431858042
4.315 0.4711447471646195
4.325 0.5988874798817222
4.335 0.7539309803114453
4.345 0.9459800227951439
4.355 1.17642158535533
4.365 1.4501435324044945
4.375 1.7720004334585095
4.385 2.1466470945297957
4.395 2.5783492644287698
4.405 3.0707764647161806
4.415 3.626783452248953
4.425 4.248188159068846
4.435 4.9377915009751625
4.445 5.693540028941709
4.455 6.51116313355861
4.465 7.388168368848331
4.475 8.318810698385997
4.485 9.295558454790475
4.495 10.30913683324627
4.505 11.348639789438689
4.515 12.401713542880238
4.525 13.454812398178632
4.535 14.495671501765184
4.545 15.506150039684023
4.555 16.47289492217584
4.565 17.381625320150917
4.575 18.219089340980084
4.585 18.973593499212896
4.595 19.635511254525074
4.605 20.197742114957872
4.615 20.65609134084505
4.625 21.00954076098226
4.635 21.260384027282363
4.645 21.41420500892075
4.655 21.48173202759938
4.665 21.47127921530857
4.675 21.397954564140264
4.685 21.277073153626347
4.695 21.124748303565468
4.705 20.95705247404672
4.715 20.7891637831451
4.725 20.63455325713344
4.735 20.504267512657936
4.745 20.406356562717235
4.755 20.345487064575956
4.765 20.32276827465211
4.775 20.335802331479837
4.785 20.378953634373836
4.795 20.44381555040501
4.805 20.51983797561325
4.815 20.595067727079616
4.825 20.656946358415656
4.835 20.693107357947618
4.845 20.69211691890625
4.855 20.644109207727617
4.865 20.5412775300224
4.875 20.378195917908325
4.885 20.15196016109927
4.895 19.86215184838165
4.905 19.510642326275857
4.915 19.101264560754387
4.925 18.63938892510567
4.935 18.13144347646004
4.945 17.584420206671908
4.955 17.005406259217274
4.965 16.3994929197942
4.975 15.776743558597396
4.985 15.14178803108356
4.995 14.49623417689645
5.005 13.844723870432432
5.015 13.189810442404706
5.025 12.533334174815481
5.035 11.876649539082255
5.045 11.22088156753605
5.055 10.567185834608832
5.065 9.91376969904611
5.075 9.270059572062326
5.085 8.633896281505796
5.095 8.00859468299468
5.105 7.398140411814682
5.115 6.807142944371531
5.125 6.240726637455081
5.135 5.704370674542407
5.145 5.203711116116641
5.155 4.744319185575715
5.165 4.331469655397674
5.175 3.9699119779919485
5.185 3.663654954433592
5.195 3.415773598659897
5.205 3.2282447552134217
5.215 3.1018162158419367
5.225 3.0359127037285862
5.235 3.0285811878858397
5.245 3.0749857645467595
5.255 3.1724251562899233
5.265 3.3162174753796805
5.275 3.4970970656020666
5.285 3.706985062654346
5.295 3.9369795508354173
5.305 4.177610707818847
5.315 4.419128034771512
5.325 4.651811252295319
5.335 4.866293657078107
5.345 5.052452463058587
5.355 5.205928425773507
5.365 5.318190052950321
5.375 5.384313558322797
5.385 5.40100606186284
5.395 5.366702967102826
5.405 5.281586797221114
5.415 5.147526373068918
5.425 4.967940265337226
5.435 4.747593300529415
5.445 4.492339104616399
5.455 4.208824852842718
5.465 3.9028115942921717
5.475 3.5847803930617963
5.485 3.2599022654627863
5.495 2.934969950830668
5.505 2.616132847554356
5.515 2.308729134716536
5.525 2.0171733807795853
5.535 1.7448999434439034
5.545 1.4943587947556578
5.555 1.267057413721728
5.565 1.0636402416663788
5.575 0.8839959613264378
5.585 0.7273825145609407
5.595 0.5925602134916569
5.605 0.47792436798134535
5.615 0.3816303591734289
5.625 0.30170583729585726
5.635 0.23614652806553013
5.645 0.18299384053420872
5.655 0.14039396326677786
5.665 0.10663934076651468
5.675 0.08019430432764107
5.685 0.059707192706782854
5.695 0.04401156736347498
5.705 0.03211915220100715
5.715 0.02320696604102063
5.725 0.016600826677832543
5.735 0.01175704333763225
5.745 0.008243726559000008
5.755 0.005722767368011653
5.765 0.00393319665704924
5.775 0.0026763461676069106
5.785 0.0018030009912369809
5.795 0.0
5.805 0.0
5.815 0.0
5.825 0.0
5.835 0.0
5.845 0.0
5.855 0.0
5.865 0.0
5.875 0.0
5.885 0.0
5.895 0.0
5.905 0.0
5.915 0.0013110543777786197
5.925 0.0019461083918122378
5.935 0.0028600287636840606
5.945 0.004161317296721416
5.955 0.005994435858280828
5.965 0.008549148454411322
5.975 0.01207131143937113
5.985 0.018157439035531128
5.995 0.025259152013993685
6.005 0.034800727503595474
6.015 0.047486733067535376
6.025 0.0641771065831255
6.035 0.08590565123821087
6.045 0.11389572432337183
6.055 0.1508259911564234
6.065 0.19642303070338324
6.075 0.2534282829562167
6.085 0.32395516830811555
6.095 0.41030231639685777
6.105 0.5149152273047914
6.115 0.6403319549762865
6.125 0.7891122391179091
6.135 0.9637504780697601
6.1450000000000005 1.1665740648958067
6.155 1.3996298346485574
6.165 1.6645626031605116
6.175 1.9624909120330167
6.185 2.2938860195746544
6.195 2.6584607870694876
6.205 3.0550753149945598
6.215 3.481665924813794
6.225 3.9352033376150306
6.235 4.411684694542533
6.245 4.906162464561749
6.255 5.412811402218027
6.265 5.926209666817091
6.275 6.437339487627419
6.285 6.939357085491155
6.295 7.424383203601256
6.305 7.884502567775646
6.315 8.311987605356556
6.325 8.699523259263175
6.335 9.040424902655486
6.345 9.328841883261576
6.355 9.559939988444464
6.365 9.73005701524809
6.375 9.836826558605747
6.385 9.879266027422728
6.3950000000000005 9.857825731475456
6.405 9.774396661740608
6.415 9.632275359050002
6.425 9.43608510230441
6.435 9.191653628151062
6.445 8.905848788977782
6.455 8.587487640538194
6.465 8.243186652967951
6.475 7.882390963708238
6.485 7.513873269370731
6.495 7.146187012760815
6.505 6.787381192569861
6.515 6.444731948942954
6.525 6.1245043175899845
6.535 5.83175701424779
6.545 5.570201615867957
6.555 5.342125036966367
6.565 5.148380847234861
6.575 4.988450925107287
6.585 4.860574464494873
6.595 4.761936789147773
6.605 4.688906160882786
6.615 4.6373031780056415
6.625 4.602684798267921
6.635 4.580623764880929
6.6450000000000005 4.566964438994517
6.655 4.558037794743111
6.665 4.550821521131132
6.675 4.543035568588005
6.685 4.533168725128622
6.695 4.520437463508104
6.705 4.504683870313951
6.715 4.486224449701432
6.725 4.4647910896936684
6.735 4.443126122167428
6.745 4.4216644621634
6.755 4.399061947850141
6.765 4.376047950136455
6.775 4.352127845162615
6.785 4.326305897315972
6.795 4.2962704059574595
6.805 4.2622023699959595
6.815 4.220820695091506
6.825 4.170073486028965
6.835 4.1080560831921415
6.845 4.033212385195949
6.855 3.9445200406506853
6.865 3.840807175214212
6.875 3.7244938292812053
6.885 3.595681050192778
6.8950000000000005 3.4565648139717142
6.905 3.310124725510249
6.915 3.1600124796586178
6.925 3.0103928520632577
6.935 2.866924575666062
6.945 2.7324016501856816
6.955 2.6121227696917977
6.965 2.5102598157027187
6.975 2.4304337684636743
6.985 2.375532743731244
6.995 2.347566774291204
