0.005 0.0
0.015 0.0
0.025 0.0
0.034999999999999996 0.0
0.045 0.0
0.055 0.0
0.065 0.0
0.07500000000000001 0.0
0.085 0.0
0.095 0.0
0.10500000000000001 0.0
0.115 0.0
0.125 0.0
0.135 0.0
0.14500000000000002 0.0
0.155 0.0
0.165 0.0
0.17500000000000002 0.0
0.185 0.0
0.195 0.0
0.20500000000000002 0.0
0.215 0.0
0.225 0.0
0.23500000000000001 0.0
0.245 0.0
0.255 0.0
0.265 0.0
0.275 0.0
0.28500000000000003 0.0
0.295 0.0
0.305 0.0
0.315 0.0
0.325 0.0
0.335 0.0
0.34500000000000003 0.0
0.35500000000000004 0.0
0.365 0.0
0.375 0.0
0.385 0.0
0.395 0.0
0.405 0.0
0.41500000000000004 0.0
0.425 0.0
0.435 0.0
0.445 0.0
0.455 0.0
0.465 0.0
0.47500000000000003 0.0
0.485 0.0
0.495 0.0
0.505 0.0
0.515 0.0
0.525 0.0
0.535 0.0
0.545 0.0
0.555 0.0
0.5650000000000001 0.0
0.5750000000000001 0.0
0.585 0.0
0.595 0.0
0.605 0.0
0.615 0.0
0.625 0.0
0.635 0.0
0.645 0.0
0.655 0.0
0.665 0.0
0.675 0.0
0.685 0.0
0.6950000000000001 0.0
0.7050000000000001 0.0
0.715 0.0
0.725 0.0
0.735 0.0
0.745 0.0
0.755 0.0
0.765 0.0
0.775 0.0
0.785 0.0
0.795 0.0
0.805 0.0
0.8150000000000001 0.0
0.8250000000000001 0.0
0.8350000000000001 0.0
0.845 0.0
0.855 0.0
0.865 0.0
0.875 0.0
0.885 0.0
0.895 0.0
0.905 0.0
0.915 0.0
0.925 0.0
0.935 0.0
0.9450000000000001 0.0
0.9550000000000001 0.0
0.965 0.0
0.975 0.0
0.985 0.0
0.995 0.0
1.005 0.0
1.015 0.0
1.025 0.0
1.035 0.0
1.045 0.0
1.055 0.0
1.065 0.0
1.075 0.0
1.085 0.0
1.095 0.0
1.105 0.0
1.115 0.0
1.125 0.0
1.135 0.0
1.145 0.0
1.155 0.0
1.1649999999999998 0.0
1.1749999999999998 0.0
1.1849999999999998 0.0
1.1949999999999998 0.0
1.2049999999999998 0.0
1.2149999999999999 0.0
1.2249999999999999 0.0
1.2349999999999999 0.0
1.2449999999999999 0.0
1.255 0.0
1.265 0.0
1.275 0.0
1.285 0.0
1.295 0.0
1.305 0.0
1.315 0.0
1.325 0.0
1.335 0.0
1.345 0.0
1.355 0.0
1.365 0.0
1.375 0.0
1.385 0.0
1.395 0.0
1.405 0.0
1.4149999999999998 0.0
1.4249999999999998 0.0
1.4349999999999998 0.0
1.4449999999999998 0.0
1.4549999999999998 0.0
1.4649999999999999 0.0
1.4749999999999999 0.0
1.4849999999999999 0.0
1.4949999999999999 0.0
1.505 0.0
1.515 0.0
1.525 0.0
1.535 0.0
1.545 0.0
1.555 0.0
1.565 0.0
1.575 0.0
1.585 0.0
1.595 0.0
1.605 0.0
1.615 0.0
1.625 0.0
1.635 0.0
1.645 0.0
1.655 0.0
1.665 0.0
1.6749999999999998 0.0
1.6849999999999998 0.0
1.6949999999999998 0.0
1.7049999999999998 0.0
1.7149999999999999 0.0
1.7249999999999999 0.0
1.7349999999999999 0.0
1.7449999999999999 0.0
1.755 0.0
1.765 0.01115452116972815
1.775 0.01655759488163712
1.785 0.024333278566674516
1.795 0.03540471140402451
1.805 0.05100098273197761
1.815 0.07273661492169033
1.825 0.10270336706017495
1.835 0.1435731845117454
1.845 0.19870968730530464
1.855 0.2722837992074471
1.865 0.3693870099183489
1.875 0.49613342957764356
1.885 0.6597393955340297
1.895 0.8685671516391729
1.905 1.1321173299900855
1.915 1.4609539646772942
1.9249999999999998 1.8665459228828902
1.9349999999999998 2.361010305097196
1.9449999999999998 2.956746838236303
1.9549999999999998 3.665957743704067
1.9649999999999999 4.5000550174926
1.9749999999999999 5.468966302566994
1.9849999999999999 6.580361103685588
1.9949999999999999 7.838830268708577
2.005 9.24506247766146
2.015 10.795070802955674
2.025 12.479529012061745
2.035 14.283280005684086
2.045 16.185076643161253
2.0549999999999997 18.157607571028603
2.065 20.167847387816554
2.0749999999999997 22.177751968844316
2.085 24.145297069484823
2.0949999999999998 26.025833029598825
2.105 27.773702584652582
2.1149999999999998 29.344044800603204
2.125 30.694688383840482
2.135 31.78802424576806
2.145 32.59274191078314
2.155 33.08531812528426
2.165 33.251158972527165
2.175 33.08531812528426
2.185 32.59274191078314
2.195 31.795788365851237
2.205 30.70621332094836
2.215 29.360982013230654
2.225 27.798346083613083
2.235 26.061332335061238
2.245 24.195925492175746
2.255 22.249238791332573
2.265 20.267781703984117
2.275 18.29591972718964
2.285 16.374600162959453
2.295 14.54039235130007
2.305 12.82486338060223
2.315 11.254283333246118
2.3249999999999997 9.849629860072406
2.335 8.626842121888252
2.3449999999999998 7.597260157006881
2.355 6.76817820646815
2.3649999999999998 6.143439547179327
2.375 5.724005521669039
2.385 5.50844186027074
2.395 5.493279902786236
2.405 5.67322757760215
2.415 6.041223527331316
2.425 6.588346117566429
2.435 7.303605837821707
2.445 8.173663547474531
2.455 9.182527077213448
2.465 10.311284062993119
2.475 11.537929065448763
2.485 12.837337868609483
2.495 14.181431605826926
2.505 15.539558687065947
2.515 16.879104457965948
2.525 18.166318514686512
2.535 19.367329295214486
2.545 20.44929676120608
2.555 21.381638435340626
2.565 22.13725331964628
2.5749999999999997 22.686223656295404
2.585 23.029082020299647
2.5949999999999998 23.144515774299258
2.605 23.029082020299647
2.6149999999999998 22.686223656295404
2.625 22.12609879847655
2.635 21.36508084045899
2.645 20.424963482639406
2.655 19.331924583810462
2.665 18.115317531954535
2.675 16.806367843044256
2.685 15.436855320005773
2.695 14.03785842131518
2.705 12.638628181304178
2.715 11.265645266241316
2.725 9.94189705307477
2.735 8.686393647635805
2.745 7.5139241519405005
2.755 6.435038686182534
2.765 5.456228787576343
2.775 4.5802695626540215
2.785 3.80668165471926
2.795 3.1322695976890405
2.805 2.5516950220344374
2.815 2.0580477779649717
2.8249999999999997 1.6433845296867269
2.835 1.2992119039011558
2.8449999999999998 1.0168990533212925
2.855 0.7880118531796745
2.8649999999999998 0.6045673824109467
2.875 0.45921253029044423
2.885 0.3453343685404853
2.895 0.2571123456159849
2.905 0.1895235197982013
2.915 0.13831215616103856
2.925 0.0999343161675642
2.935 0.07148682248825707
2.945 0.05062842269092331
2.955 0.03549930546241369
2.965 0.02464349896050194
2.975 0.016937212627449454
2.985 0.01152493710788035
2.995 0.007764120083177568
3.005 0.0
3.015 0.0
3.025 0.0
3.035 0.0
3.045 0.0
3.055 0.0
3.065 0.0
3.075 0.0
3.085 0.0
3.0949999999999998 0.0
3.105 0.0
3.1149999999999998 0.0
3.125 0.0
3.135 0.0
3.145 0.0
3.155 0.0
3.165 0.0
3.175 0.0
3.185 0.0
3.195 0.0
3.205 0.0
3.215 0.0
3.225 0.0
3.235 0.0
3.245 0.0
3.255 0.0
3.265 0.0
3.275 0.0
3.285 0.0
3.295 0.0
3.305 0.0
3.315 0.0
3.325 0.0
3.335 0.0
3.3449999999999998 0.0
3.355 0.0
3.3649999999999998 0.0
3.375 0.0
3.385 0.0
3.395 0.0
3.405 0.0
3.415 0.0
3.425 0.0
3.435 0.0
3.445 0.0
3.455 0.0
3.465 0.0
3.475 0.0
3.485 0.0
3.495 0.0
3.505 0.0
3.515 0.0
3.525 0.0
3.535 0.0
3.545 0.0
3.555 0.0
3.565 0.0
3.575 0.0
3.585 0.0
3.5949999999999998 0.0
3.605 0.0
3.6149999999999998 0.0
3.625 0.0
3.635 0.0
3.645 0.0
3.655 0.0
3.665 0.0
3.675 0.0031485606356952403
3.685 0.0046736736317819156
3.695 0.006868497703008553
3.705 0.00999360518920228
3.715 0.014395928266958583
3.725 0.020531194394760255
3.735 0.028989839524138618
3.745 0.04052606743191183
3.755 0.05608931928684844
3.765 0.07685691199804397
3.775 0.10426600847039545
3.785 0.14004242429159472
3.795 0.18622309814903895
3.805 0.24516842108209358
3.815 0.3195601143210753
3.825 0.41238006309310077
3.835 0.5268655577485214
3.8449999999999998 0.6664368639394505
3.855 0.8345940236190407
3.8649999999999998 1.0347813293208417
3.875 1.2702200184972499
3.885 1.5437123437388967
3.895 1.8574231582393839
3.905 2.2126483099008434
3.915 2.6095821908254435
3.925 3.0470994202754826
3.935 3.522567504379207
3.945 4.031708084122612
3.955 4.568523778740556
3.965 5.125305476284809
3.975 5.692731173823739
3.985 6.260062245147688
3.995 6.8154366048865835
4.005 7.346251097766211
4.015 7.8423004454455345
4.025 8.28685653410572
4.035 8.669969336613116
4.045 8.981245007624107
4.055 9.212141167402333
4.065 9.356406200991833
4.075 9.410423716039782
4.085 9.373440038239906
4.095 9.247660194486604
4.1049999999999995 9.040782733000105
4.115 8.756767328524099
4.125 8.407798445102971
4.135 8.006440404601463
4.145 7.566891504837696
4.155 7.1044720042053315
4.165 6.635092872293068
4.175 6.17473224354019
4.185 5.738942806531153
4.195 5.342408203530875
4.205 4.998560569053316
4.215 4.719265302716255
4.225 4.5145737000111925
4.235 4.392539680092613
4.245 4.3590938985749625
4.255 4.417967154143218
4.265 4.570655120090291
4.275 4.816417801314492
4.285 5.152309341942484
4.295 5.5732364196312405
4.305 6.07204597956641
4.315 6.639645055186881
4.325 7.265156566991888
4.335 7.938447088854569
4.345 8.642167220621662
4.355 9.363133661899436
4.365 10.085916186665822
4.375 10.794769964757203
4.385 11.474044732792493
4.395 12.108615171193977
4.405 12.684318789803378
4.415 13.188385658389786
4.425 13.60984319627784
4.435 13.939879018210837
4.445 14.172145511689516
4.455 14.302991331823801
4.465 14.33160724805146
4.475 14.260076653577851
4.485 14.09122442559963
4.495 13.837575039627026
4.505 13.506121686922906
4.515 13.109051066836772
4.525 12.660162017688148
4.535 12.174359240949808
4.545 11.667092551747393
4.555 11.153764130017944
4.565 10.649128976474417
4.575 10.166715504735699
4.585 9.718293689232716
4.595 9.313417246316543
4.605 8.95906383691829
4.615 8.659393228263559
4.625 8.415637845274428
4.635 8.226133414078749
4.645 8.086489809504059
4.655 7.9898942306077245
4.665 7.927530982951897
4.675 7.893155008659427
4.685 7.869397091608338
4.695 7.8476984097819455
4.705 7.8171874456022525
4.715 7.767983559322688
4.725 7.691728442071117
4.735 7.582026509772214
4.745 7.434773703513058
4.755 7.248361653448202
4.765 7.02375218417561
4.775 6.7644250134903405
4.785 6.476208578035509
4.795 6.167009662112079
4.805 5.846461520599805
4.815 5.525512282564659
4.825 5.214186597643565
4.835 4.928882868924034
4.845 4.679151560609044
4.855 4.47668265376562
4.865 4.332204759885766
4.875 4.255098269070578
4.885 4.253045720249001
4.895 4.331723558633975
4.905 4.494539312304167
4.915 4.740700873566943
4.925 5.072517626803563
4.935 5.483059070897681
4.945 5.965204958341059
4.955 6.509146312274894
4.965 7.102556597079204
4.975 7.7308642865781465
4.985 8.377629862093574
4.995 9.025024218142885
5.005 9.65439817888531
5.015 10.246924990123812
5.025 10.784290061543517
5.035 11.249395765434528
5.045 11.62704457953624
5.055 11.904561968469695
5.065 12.072321560868424
5.075 12.124139517509692
5.085 12.059250137441278
5.095 11.876261243620254
5.105 11.581313097933641
5.115 11.182773918783607
5.125 10.691974543065564
5.135 10.122662372645475
5.145 9.488814258309311
5.155 8.81070925463163
5.165 8.103157624006965
5.175 7.383060654084442
5.185 6.666507463547851
5.195 5.968297820347977
5.205 5.301576516271683
5.215 4.677587089646829
5.225 4.105543201960702
5.235 3.5926075541054105
5.245 3.1439615152644667
5.255 2.7629440624199724
5.265 2.451236390140897
5.275 2.209068621307779
5.285 2.035427201571387
5.295 1.9282454055349776
5.305 1.8845644224710307
5.315 1.900658167480697
5.325 1.972120716356339
5.335 2.0939205619880994
5.345 2.260430283952703
5.355 2.465443360437165
5.365 2.702191504718229
5.375 2.9633759825086923
5.385 3.241224903572683
5.395 3.5275856539921184
5.405 3.814057733907192
5.415 4.09216667286835
5.425 4.353574857462035
5.435 4.590320495245061
5.445 4.795072010291856
5.455 4.962907468244903
5.465 5.086189837245348
5.475 5.162029028075134
5.485 5.185320578579684
5.495 5.161615300816393
5.505 5.087844585224463
5.515 4.966568147175134
5.525 4.801816207723808
5.535 4.598926797629565
5.545 4.364329644270291
5.555 4.1052911282347795
5.565 3.829636494501168
5.575 3.545465762249027
5.585 3.2608786468177384
5.595 2.9837214792403888
5.605 2.7213658925219866
5.615 2.480525327770663
5.625 2.26711161886252
5.635 2.086130448004411
5.645 1.9416116734165336
5.655 1.836568665960372
5.665 1.772979985900458
5.675 1.751786986563903
5.685 1.772902125849955
5.695 1.8352246696206502
5.705 1.936662775115528
5.715 2.0741632984026928
5.725 2.2437527273282907
5.735 2.440594089520576
5.745 2.6590652877414804
5.755 2.8928639387863226
5.765 3.135142422846002
5.775 3.3786745961494877
5.785 3.616052701956212
5.795 3.8399097446201917
5.805 4.043159335789621
5.815 4.219242163379963
5.825 4.362366126718384
5.835 4.467726108904177
5.845 4.531689498949208
5.855 4.551934983010361
5.865 4.527534711432616
5.875 4.458973503516404
5.885 4.348102956566718
5.895 4.196873680850341
5.905 4.012200670464539
5.915 3.7974883452036963
5.925 3.5585027708452808
5.935 3.3013777667338164
5.945 3.032356034194859
5.955 2.757542505168228
5.965 2.4826831394769195
5.975 2.2129796965780484
5.985 1.9529477277127252
5.995 1.706321504397599
6.005 1.4760061405181808
6.015 1.2640740607987813
6.025 1.0718004376521317
6.035 0.8997304022505911
6.045 0.7477697916224626
6.055 0.6152909007942892
6.065 0.5012450811444294
6.075 0.4042749296280293
6.085 0.32282008814578717
6.095 0.2552121513626383
6.105 0.19975570908600757
6.115 0.1560257899390742
6.125 0.12058733125371601
6.135 0.09289305730775488
6.1450000000000005 0.07296642153957822
6.155 0.05794993275846507
6.165 0.047924131041317
6.175 0.04238503957437979
6.185 0.04106605122678727
6.195 0.04394498337928287
6.205 0.05125140573049182
6.215 0.06347460268968735
6.225 0.08137179857653594
6.235 0.1059755244989581
6.245 0.13859828274254082
6.255 0.18083201567985552
6.265 0.233522124197516
6.275 0.3011616617027262
6.285 0.38460312802298346
6.295 0.48637174469687816
6.305 0.6090699296459352
6.315 0.7564432782338378
6.325 0.9291875058364272
6.335 1.1303292212222498
6.345 1.3617200546753052
6.355 1.6246501049440996
6.365 1.9196861227502884
6.375 2.246517980333977
6.385 2.6038249811498333
6.3950000000000005 2.989174198521447
6.405 3.3989627256932478
6.415 3.828414331430829
6.425 4.271638494488953
6.435 4.721756198009688
6.445 5.171092385267995
6.455 5.611429915790034
6.465 6.034314623420505
6.475 6.431396143502679
6.485 6.794785048000826
6.495 7.1174039792271575
6.505 7.3944058729941755
6.515 7.619588213834822
6.525 7.790809420847765
6.535 7.906929797417712
6.545 7.968562131772051
6.555 7.97799318137892
6.565 7.939012990054824
6.575 7.8566648150590215
6.585 7.736934646373282
6.595 7.586403874848705
6.605 7.411891149400886
6.615 7.220109602655107
6.625 7.017363404580015
6.635 6.809303252904828
6.6450000000000005 6.600754375646232
6.655 6.395623524902042
6.665 6.196884006594456
6.675 6.00663076784968
6.685 5.826191646133436
6.695 5.657373215527505
6.705 5.498772572804752
6.715 5.3511608175918175
6.725 5.2144578109433875
6.735 5.088578203759367
6.745 4.973502897414386
6.755 4.8693041323564366
6.765 4.77612687465038
6.775 4.694134399508572
6.785 4.623430005561868
6.795 4.563969227363931
6.805 4.515477529522876
6.815 4.477387255196227
6.825 4.448804759160163
6.835 4.428514552673498
6.845 4.415022426815849
6.855 4.406634478975706
6.865 4.401564328070707
6.875 4.398057096240881
6.885 4.395675885996727
6.8950000000000005 4.391340789223287
6.905 4.384937887913306
6.915 4.376022811158004
6.925 4.363789856937329
6.935 4.3506097203831295
6.945 4.336101335875588
6.955 4.32054632427537
6.965 4.307062447005445
6.975 4.295660182925971
6.985 4.287401868944158
6.995 4.283066749470881
