0.005 0.0
0.015 0.0
0.025 0.0
0.034999999999999996 0.0
0.045 0.0
0.055 0.0
0.065 0.0
0.07500000000000001 0.0
0.085 0.0
0.095 0.0
0.10500000000000001 0.0
0.115 0.0
0.125 0.0
0.135 0.0
0.14500000000000002 0.0
0.155 0.0
0.165 0.0
0.17500000000000002 0.0
0.185 0.0
0.195 0.0
0.20500000000000002 0.0
0.215 0.0
0.225 0.0
0.23500000000000001 0.0
0.245 0.0
0.255 0.0
0.265 0.0
0.275 0.0
0.28500000000000003 0.0
0.295 0.0
0.305 0.0
0.315 0.0
0.325 0.0
0.335 0.0
0.34500000000000003 0.0
0.35500000000000004 0.0
0.365 0.0
0.375 0.0
0.385 0.0
0.395 0.0
0.405 0.0
0.41500000000000004 0.0
0.425 0.0
0.435 0.0
0.445 0.0
0.455 0.0
0.465 0.0
0.47500000000000003 0.0
0.485 0.0
0.495 0.0
0.505 0.0
0.515 0.0
0.525 0.0
0.535 0.0
0.545 0.0
0.555 0.0
0.5650000000000001 0.0
0.5750000000000001 0.0
0.585 0.0
0.595 0.0
0.605 0.0
0.615 0.0
0.625 0.0
0.635 0.0
0.645 0.0
0.655 0.0
0.665 0.0
0.675 0.0
0.685 0.0
0.6950000000000001 0.0
0.7050000000000001 0.0
0.715 0.0
0.725 0.0
0.735 0.0
0.745 0.0
0.755 0.0
0.765 0.0
0.775 0.0
0.785 0.0
0.795 0.0
0.805 0.0
0.8150000000000001 0.0
0.8250000000000001 0.0
0.8350000000000001 0.0
0.845 0.0
0.855 0.0
0.865 0.0
0.875 0.0
0.885 0.0
0.895 0.0
0.905 0.0
0.915 0.0
0.925 0.0
0.935 0.0
0.9450000000000001 0.0
0.9550000000000001 0.0
0.965 0.0
0.975 0.0
0.985 0.0
0.995 0.0
1.005 0.0
1.015 0.0
1.025 0.0
1.035 0.0
1.045 0.0
1.055 0.0
1.065 0.0
1.075 0.0
1.085 0.0
1.095 0.0
1.105 0.0
1.115 0.0
1.125 0.0
1.135 0.0
1.145 0.0
1.155 0.0
1.1649999999999998 0.0
1.1749999999999998 0.0
1.1849999999999998 0.0
1.1949999999999998 0.0
1.2049999999999998 0.0
1.2149999999999999 0.0
1.2249999999999999 0.0
1.2349999999999999 0.0
1.2449999999999999 0.0
1.255 0.0
1.265 0.0
1.275 0.0
1.285 0.0
1.295 0.0
1.305 0.0
1.315 0.0
1.325 0.0
1.335 0.0
1.345 0.0
1.355 0.0
1.365 0.0
1.375 0.0
1.385 0.0
1.395 0.0
1.405 0.0
1.4149999999999998 0.0
1.4249999999999998 0.0
1.4349999999999998 0.0
1.4449999999999998 0.0
1.4549999999999998 0.0
1.4649999999999999 0.0
1.4749999999999999 0.014871813550177212
1.4849999999999999 0.022075484924206475
1.4949999999999999 0.03244244879737193
1.505 0.047203484469366744
1.515 0.06799728061157677
1.525 0.09697640615198001
1.535 0.1369297079321925
1.545 0.19141956865512905
1.555 0.26493054925911513
1.565 0.36302355187925395
1.575 0.4924868271595228
1.585 0.6614720388637275
1.595 0.8796003999450768
1.605 1.1580209081535218
1.615 1.5094003222862977
1.625 1.9478231864436382
1.635 2.4885804173550476
1.645 3.1478271916093594
1.655 3.9420954986988415
1.665 4.887654003038118
1.6749999999999998 5.999717797596902
1.6849999999999998 7.291522955257485
1.6949999999999998 8.773294876380195
1.7049999999999998 10.451154328712493
1.7149999999999999 12.32601949787428
1.7249999999999999 14.392574795429898
1.7349999999999999 16.63838598155914
1.7449999999999999 19.043244788129684
1.755 21.578823373042056
1.765 24.20870875627238
1.775 26.888869678602802
1.785 29.568583646407337
1.795 32.19182165394284
1.805 34.69905434888967
1.815 37.029408986015184
1.825 39.12307453115475
1.835 40.92382592487303
1.845 42.38152068728348
1.855 43.45441399149064
1.865 44.111143357982236
1.875 44.332251384196155
1.885 44.111143357982236
1.895 43.45441399149064
1.905 42.38152068728348
1.915 40.92382592487303
1.9249999999999998 39.12307453115475
1.9349999999999998 37.029408986015184
1.9449999999999998 34.69905434888967
1.9549999999999998 32.19182165394284
1.9649999999999999 29.568583646407337
1.9749999999999999 26.888869678602802
1.9849999999999999 24.20870875627238
1.9949999999999999 21.578823373042056
2.005 19.043244788129684
2.015 16.63838598155914
2.025 14.392574795429898
2.035 12.32601949787428
2.045 10.451154328712493
2.0549999999999997 8.773294876380195
2.065 7.291522955257485
2.0749999999999997 5.999717797596902
2.085 4.887654003038118
2.0949999999999998 3.9420954986988415
2.105 3.1478271916093594
2.1149999999999998 2.4885804173550476
2.125 1.9478231864436382
2.135 1.5094003222862977
2.145 1.1580209081535218
2.155 0.8796003999450768
2.165 0.6614720388637275
2.175 0.4924868271595228
2.185 0.36302355187925395
2.195 0.26493054925911513
2.205 0.19141956865512905
2.215 0.1369297079321925
2.225 0.09697640615198001
2.235 0.06799728061157677
2.245 0.047203484469366744
2.255 0.03244244879737193
2.265 0.022075484924206475
2.275 0.014871813550177212
2.285 0.0
2.295 0.0
2.305 0.0
2.315 0.0
2.3249999999999997 0.0
2.335 0.0
2.3449999999999998 0.0
2.355 0.0
2.3649999999999998 0.0
2.375 0.0
2.385 0.0
2.395 0.0
2.405 0.0
2.415 0.0
2.425 0.0
2.435 0.0
2.445 0.0
2.455 0.0
2.465 0.0
2.475 0.0
2.485 0.0
2.495 0.0
2.505 0.0
2.515 0.0
2.525 0.0
2.535 0.0
2.545 0.0
2.555 0.0
2.565 0.0
2.5749999999999997 0.0
2.585 0.0
2.5949999999999998 0.0
2.605 0.0
2.6149999999999998 0.0
2.625 0.0
2.635 0.0
2.645 0.0
2.655 0.0
2.665 0.0
2.675 0.0
2.685 0.0
2.695 0.0
2.705 0.0
2.715 0.0
2.725 0.0
2.735 0.0
2.745 0.0
2.755 0.0
2.765 0.0
2.775 0.0
2.785 0.0
2.795 0.0
2.805 0.0
2.815 0.0
2.8249999999999997 0.0
2.835 0.0
2.8449999999999998 0.0
2.855 0.0
2.8649999999999998 0.0
2.875 0.0
2.885 0.0
2.895 0.0
2.905 0.0
2.915 0.0
2.925 0.0
2.935 0.0
2.945 0.0
2.955 0.0
2.965 0.0
2.975 0.0
2.985 0.0
2.995 0.0
3.005 0.0
3.015 0.0
3.025 0.0
3.035 0.0
3.045 0.0
3.055 0.0
3.065 0.0
3.075 0.0
3.085 0.0
3.0949999999999998 0.0
3.105 0.0
3.1149999999999998 0.0
3.125 0.0
3.135 0.0
3.145 0.0
3.155 0.0
3.165 0.0
3.175 0.0
3.185 0.0
3.195 0.0
3.205 0.0
3.215 0.0
3.225 0.0
3.235 0.0
3.245 0.0
3.255 0.0
3.265 0.0
3.275 0.0
3.285 0.0
3.295 0.0
3.305 0.0
3.315 0.0
3.325 0.0
3.335 0.0
3.3449999999999998 0.0
3.355 0.0
3.3649999999999998 0.0
3.375 0.0
3.385 0.0
3.395 0.0
3.405 0.0
3.415 0.0
3.425 0.003573587161466379
3.435 0.005304576287358634
3.445 0.007795681281079349
3.455 0.011342649335070272
3.465 0.01633924525669312
3.475 0.023302715490656177
3.485 0.03290319937368992
3.495 0.045996711207507715
3.505 0.06366085792551698
3.515 0.08723188331595022
3.525 0.11834095396573949
3.535 0.158946854583464
3.545 0.21136149171443605
3.555 0.2782638873278337
3.565 0.3660234535021772
3.575 0.47298414414021667
3.585 0.605242414460514
3.5949999999999998 0.7669554651720693
3.605 0.9624622603671984
3.6149999999999998 1.1961534046377262
3.625 1.4723086236607912
3.635 1.7949050797811401
3.645 2.167402713427601
3.655 2.592515846990742
3.665 3.071983124394848
3.675 3.6063501504904134
3.685 4.194780596048379
3.695 4.834911738351796
3.705 5.522769187578807
3.715 6.252752804628749
3.725 7.017701607043649
3.735 7.809040026665734
3.745 8.617001643722052
3.755 9.430920045351426
3.765 10.2425843668261
3.775 11.036014347898838
3.785 11.80218128398137
3.795 12.530654485583902
3.805 13.211940406910673
3.815 13.83775043112061
3.825 14.40119369728301
3.835 14.896888467348786
3.8449999999999998 15.32099349008406
3.855 15.671168433073474
3.8649999999999998 15.946478779249047
3.875 16.147264810162635
3.885 16.27499586445643
3.895 16.33496401395586
3.905 16.326200262737572
3.915 16.25487540684866
3.925 16.126054137009476
3.935 15.945573135049937
3.945 15.720046178607404
3.955 15.456868820963148
3.965 15.16420215206695
3.975 14.850915534991016
3.985 14.526471699614524
3.995 14.2007437836919
4.005 13.883762088464842
4.015 13.585397433907803
4.025 13.314996889831557
4.035 13.08099517016568
4.045 12.890530122108986
4.055 12.749092828446415
4.065 12.660241563799113
4.075 12.625404319621824
4.085 12.643787357864312
4.095 12.71239812171197
4.1049999999999995 12.826180895683393
4.115 12.978254018214152
4.125 13.160229291146763
4.135 13.362588381449251
4.145 13.575088039243884
4.155 13.787166056514646
4.165 13.98832286877428
4.175 14.168459014433182
4.185 14.318155505007034
4.195 14.428891566102024
4.205 14.4932012109389
4.215 14.504775846613585
4.225 14.458523955529692
4.235 14.348217008983223
4.245 14.176844233638876
4.255 13.939620717183034
4.265 13.636561503044755
4.275 13.268914317609042
4.285 12.839158748204675
4.295 12.350992078969824
4.305 11.809293488300794
4.315 11.220057934261542
4.325 10.590292432362912
4.335 9.927870342955728
4.345 9.241343295863034
4.355 8.53971490804013
4.365 7.832184863523793
4.375 7.125657476163205
4.385 6.434091869077441
4.395 5.762423927078556
4.405 5.11803460327697
4.415 4.507240170246133
4.425 3.935158051770378
4.435 3.405628933973274
4.445 2.9211971248609534
4.455 2.4831468369221614
4.465 2.0937973327607775
4.475 1.7488637565110419
4.485 1.4481279643085434
4.495 1.1892305548427105
4.505 0.9693391939842531
4.515 0.7853422387567863
4.525 0.6361878212375273
4.535 0.5154724546743201
4.545 0.42398340868761747
4.555 0.3560735383091732
4.565 0.3113823408341746
4.575 0.28673023791040947
4.585 0.2863401334301883
4.595 0.3075551562111911
4.605 0.3514741435612003
4.615 0.41995381213026844
4.625 0.5156003852603505
4.635 0.6417347305101528
4.645 0.8023282701845057
4.655 1.003952610438133
4.665 1.2484543662876877
4.675 1.5425238979975169
4.685 1.8935965083474673
4.695 2.303874143484196
4.705 2.777792316326317
4.715 3.3240887954134055
4.725 3.943377382576624
4.735 4.639806287902765
4.745 5.410976358843033
4.755 6.257131423746815
4.765 7.175229716298661
4.775 8.160144823917074
4.785 9.204627936190814
4.795 10.299366322713869
4.805 11.433145395658936
4.815 12.593115375939899
4.825 13.765156352887356
4.835 14.934327919358346
4.845 16.085382197370116
4.855 17.20331262265548
4.865 18.273906006115737
4.875 19.28426273942214
4.885 20.22512189779744
4.895 21.084634477713358
4.905 21.857501162141133
4.915 22.539648485570957
4.925 23.129422532545867
4.935 23.627389430735185
4.945 24.03600723564933
4.955 24.359196153112123
4.965 24.601842883595815
4.975 24.769280762884694
4.985 24.866789628450377
4.995 24.899157611079175
5.005 24.87034138080845
5.015 24.78325221541672
5.025 24.641459942958097
5.035 24.44301837162118
5.045 24.189123718606034
5.055 23.879292525054126
5.065 23.512942333225467
5.075 23.089822491596784
5.085 22.610436282232413
5.095 22.076412041667133
5.105 21.490786361953663
5.115 20.85817131141723
5.125 20.18478895169222
5.135 19.478369059878958
5.145 18.747918600127463
5.155 18.00338287349836
5.165 17.255227325717648
5.175 16.513974908746732
5.185 15.789736231914077
5.195 15.091768452789385
5.205 14.428094280914424
5.215 13.805205262985158
5.225 13.227864592530402
5.235 12.69901507740691
5.245 12.219788649277401
5.255 11.789605844675277
5.265 11.40634774967991
5.275 11.065106046754444
5.285 10.76482994667952
5.295 10.49808319970386
5.305 10.25907151978117
5.315 10.041673150346156
5.325 9.839649877390837
5.335 9.645389859899732
5.345 9.456298914344089
5.355 9.26325244848706
5.365 9.064480478160075
5.375 8.85334923788635
5.385 8.625981200130031
5.395 8.379211674846172
5.405 8.11067431561786
5.415 7.818873882356617
5.425 7.503240691066652
5.435 7.164160157099832
5.445 6.80297102700105
5.455 6.421927287470943
5.465 6.022756454640524
5.475 5.612466444079629
5.485 5.193465263811305
5.495 4.769234583838785
5.505 4.34794590749317
5.515 3.9326466788311323
5.525 3.528181791516854
5.535 3.138999247497506
5.545 2.767680548687362
5.555 2.420566031248662
5.565 2.098249783747237
5.575 1.80252137297235
5.585 1.5343914795494102
5.595 1.2941344367251757
5.605 1.0813591883846116
5.615 0.8951016329056227
5.625 0.7339306779800178
5.635 0.5960603891554456
5.645 0.4794612646275645
5.655 0.38196476193969553
5.665 0.3013565710480369
5.675 0.235455607239743
5.685 0.1821771404649368
5.695 0.13833127066248296
5.705 0.10507257696550998
5.715 0.07901607561613391
5.725 0.05882996421380652
5.735 0.04336494173661978
5.745 0.03164725201271097
5.755 0.022866005246787793
5.765 0.016356924435764777
5.775 0.011584306805543428
5.785 0.00812260829002738
5.795 0.005638687471330717
5.805 0.0038754094454985797
5.815 0.002637024822742775
5.825 0.0017765109860855917
5.835 0.0
5.845 0.0
5.855 0.0
5.865 0.0
5.875 0.0
5.885 0.0
5.895 0.0
5.905 0.0
5.915 0.0
5.925 0.0
5.935 0.0
5.945 0.0
5.955 0.0
5.965 0.0
5.975 0.0
5.985 0.0
5.995 0.0
6.005 0.0
6.015 0.0
6.025 0.0
6.035 0.0
6.045 0.0
6.055 0.0
6.065 0.0
6.075 0.0
6.085 0.0
6.095 0.0
6.105 0.0
6.115 0.0
6.125 0.0
6.135 0.0
6.1450000000000005 0.0
6.155 0.0
6.165 0.0
6.175 0.0
6.185 0.0
6.195 0.0
6.205 0.0
6.215 0.0
6.225 0.0
6.235 0.0
6.245 0.0
6.255 0.0
6.265 0.0
6.275 0.0
6.285 0.0011699427254465208
6.295 0.0017366444859357418
6.305 0.002552197607782962
6.315 0.0037134256077333205
6.325 0.005349241606159865
6.335 0.007628984893782795
6.345 0.011921270673720128
6.355 0.016764568746699217
6.365 0.02449110870423212
6.375 0.033901972928403495
6.385 0.04648987103342426
6.3950000000000005 0.063156968938117
6.405 0.08500154331445364
6.415 0.1144670438819929
6.425 0.15140454610209908
6.435 0.19844533099865835
6.445 0.25775453796855086
6.455 0.3317842146277211
6.465 0.42326279354482965
6.475 0.5351689510497029
6.485 0.6706872082818474
6.495 0.8342428895813225
6.505 1.0275491842495539
6.515 1.2547327760117732
6.525 1.519026101329589
6.535 1.824445754125336
6.545 2.17181473705097
6.555 2.5637726755080577
6.565 3.0014695823374304
6.575 3.4851395426394918
6.585 4.01396659641982
6.595 4.585977161893014
6.605 5.197967886781857
6.615 5.845476773233639
6.625 6.522803707755447
6.635 7.2230841882415255
6.6450000000000005 7.938417180881103
6.655 8.660044821450601
6.665 9.379665420232332
6.675 10.08587475039344
6.685 10.769628802991347
6.695 11.421402467240055
6.705 12.033316530887223
6.715 12.595554480696324
6.725 13.101845782323135
6.735 13.546489376312888
6.745 13.92523686293059
6.755 14.2353783696916
6.765 14.475762084023689
6.775 14.646749348416563
6.785 14.751237188560255
6.795 14.79054895213227
6.805 14.769604592449484
6.815 14.693458217758764
6.825 14.567838345166734
6.835 14.400086390138107
6.845 14.194953732480585
6.855 13.961026618534468
6.865 13.703251345268121
6.875 13.429067152820753
6.885 13.145011740714697
6.8950000000000005 12.857439145552938
6.905 12.57248223321703
6.915 12.297187443015872
6.925 12.035360882751803
6.935 11.793084311455367
6.945 11.57526747225591
6.955 11.386353747364003
6.965 11.230235518426582
6.975 11.11016553854348
6.985 11.028671995154813
6.995 10.987485490589753
