0.005 0.0
0.015 0.0
0.025 0.0
0.034999999999999996 0.0
0.045 0.0
0.055 0.0
0.065 0.0
0.07500000000000001 0.0
0.085 0.0
0.095 0.0
0.10500000000000001 0.0
0.115 0.0
0.125 0.0
0.135 0.0
0.14500000000000002 0.0
0.155 0.0
0.165 0.0
0.17500000000000002 0.0
0.185 0.0
0.195 0.0
0.20500000000000002 0.0
0.215 0.0
0.225 0.0
0.23500000000000001 0.0
0.245 0.0
0.255 0.0
0.265 0.0
0.275 0.0
0.28500000000000003 0.0
0.295 0.0
0.305 0.0
0.315 0.0
0.325 0.0
0.335 0.0
0.34500000000000003 0.0
0.35500000000000004 0.0
0.365 0.0
0.375 0.0
0.385 0.0
0.395 0.0
0.405 0.0
0.41500000000000004 0.0
0.425 0.0
0.435 0.0
0.445 0.0
0.455 0.0
0.465 0.0
0.47500000000000003 0.0
0.485 0.0
0.495 0.0
0.505 0.0
0.515 0.0
0.525 0.0
0.535 0.0
0.545 0.0
0.555 0.0
0.5650000000000001 0.0
0.5750000000000001 0.0
0.585 0.0
0.595 0.0
0.605 0.0
0.615 0.0
0.625 0.0
0.635 0.0
0.645 0.0
0.655 0.0
0.665 0.0
0.675 0.0
0.685 0.0
0.6950000000000001 0.0
0.7050000000000001 0.0
0.715 0.0
0.725 0.0
0.735 0.0
0.745 0.0
0.755 0.0
0.765 0.0
0.775 0.0
0.785 0.0
0.795 0.0
0.805 0.0
0.8150000000000001 0.0
0.8250000000000001 0.0
0.8350000000000001 0.0
0.845 0.0
0.855 0.0
0.865 0.0
0.875 0.0
0.885 0.0
0.895 0.0
0.905 0.0
0.915 0.0
0.925 0.0
0.935 0.0
0.9450000000000001 0.0
0.9550000000000001 0.0
0.965 0.0
0.975 0.0
0.985 0.0
0.995 0.0
1.005 0.0
1.015 0.0
1.025 0.0
1.035 0.0
1.045 0.0
1.055 0.0
1.065 0.0
1.075 0.0
1.085 0.0
1.095 0.0
1.105 0.0
1.115 0.0
1.125 0.0
1.135 0.0
1.145 0.0
1.155 0.0
1.1649999999999998 0.0
1.1749999999999998 0.0
1.1849999999999998 0.0
1.1949999999999998 0.0
1.2049999999999998 0.0
1.2149999999999999 0.0
1.2249999999999999 0.0
1.2349999999999999 0.0
1.2449999999999999 0.0
1.255 0.0
1.265 0.0
1.275 0.0
1.285 0.0
1.295 0.0
1.305 0.0
1.315 0.01777616309851451
1.325 0.026386655478666657
1.335 0.038778206786381976
1.345 0.056421957948475036
1.355 0.0812766207919843
1.365 0.1159151442189
1.375 0.16367101517390967
1.385 0.22880232200196748
1.395 0.31666942552227906
1.405 0.43391922881730627
1.4149999999999998 0.5886656750987362
1.4249999999999998 0.7906523846789645
1.4349999999999998 1.0513795185897796
1.4449999999999998 1.3841733871509976
1.4549999999999998 1.8041744686606749
1.4649999999999999 2.3282179091653394
1.4749999999999999 2.974580822534956
1.4849999999999999 3.7625733657291636
1.4949999999999999 4.711956097241112
1.505 5.842174825146165
1.515 7.171416031763789
1.525 8.715500692091119
1.535 10.486651147669726
1.545 12.492183504595204
1.555 14.73319526299953
1.565 17.203332741357716
1.575 19.88773338949696
1.585 22.76224242165112
1.595 25.79299978842606
1.605 28.936481337933817
1.615 32.14005684840295
1.625 35.34309811760264
1.635 38.478634110630054
1.645 41.47550985553689
1.655 44.26096463327172
1.665 46.76350677976721
1.6749999999999998 48.91593091866667
1.6849999999999998 50.65830213365207
1.6949999999999998 51.9407231577284
1.7049999999999998 52.72570666299832
1.7149999999999999 52.989995367473256
1.7249999999999999 52.72570666299832
1.7349999999999999 51.9407231577284
1.7449999999999999 50.65830213365207
1.755 48.91593091866667
1.765 46.76350677976721
1.775 44.26096463327172
1.785 41.47550985553689
1.795 38.478634110630054
1.805 35.34309811760264
1.815 32.14005684840295
1.825 28.936481337933817
1.835 25.79299978842606
1.845 22.76224242165112
1.855 19.88773338949696
1.865 17.203332741357716
1.875 14.73319526299953
1.885 12.492183504595204
1.895 10.486651147669726
1.905 8.715500692091119
1.915 7.171416031763789
1.9249999999999998 5.842174825146165
1.9349999999999998 4.711956097241112
1.9449999999999998 3.772081190154812
1.9549999999999998 2.98869408680244
1.9649999999999999 2.348958964455117
1.9749999999999999 1.834352526037423
1.9849999999999999 1.427645301540934
1.9949999999999999 1.1133783218972877
2.005 0.8781940699806239
2.015 0.711043732372362
2.025 0.6032942104795919
2.035 0.5487570711881966
2.045 0.5436582250012002
2.0549999999999997 0.5865622776801487
2.065 0.6782598871240471
2.0749999999999997 0.8216207246771566
2.085 1.0214093956872872
2.0949999999999998 1.2840574598127865
2.105 1.617381970037062
2.1149999999999998 2.030240087496374
2.125 2.5202542880400665
2.135 3.1247672624062077
2.145 3.8357301367799916
2.155 4.661604976438482
2.165 5.608929068241811
2.175 6.681615531790136
2.185 7.8802513800684375
2.195 9.20143825944656
2.205 10.637226731298334
2.215 12.174697277456039
2.225 13.795739386506213
2.235 15.477073569386306
2.245 17.190549830773218
2.255 18.9037403458963
2.265 20.580824739012392
2.275 22.18374479831579
2.285 23.67358345615859
2.295 25.012102416341406
2.305 26.16335596238325
2.315 27.09528708298423
2.3249999999999997 27.781207541133973
2.335 28.20106672580583
2.3449999999999998 28.34242516102629
2.355 28.20106672580583
2.3649999999999998 27.781207541133973
2.375 27.09528708298423
2.385 26.16335596238325
2.395 25.012102416341406
2.405 23.67358345615859
2.415 22.18374479831579
2.425 20.580824739012392
2.435 18.9037403458963
2.445 17.190549830773218
2.455 15.477073569386306
2.465 13.795739386506213
2.475 12.174697277456039
2.485 10.637226731298334
2.495 9.20143825944656
2.505 7.8802513800684375
2.515 6.681615531790136
2.525 5.608929068241811
2.535 4.661604976438482
2.545 3.8357301367799916
2.555 3.1247672624062077
2.565 2.5202542880400665
2.5749999999999997 2.0124639243978595
2.585 1.5909953145583953
2.5949999999999998 1.2452792530264045
2.605 0.9649874377388122
2.6149999999999998 0.7403441038851724
2.625 0.562344742905147
2.635 0.42289126250623904
2.645 0.3148559029992327
2.655 0.23208764566591755
2.665 0.16937498166228562
2.675 0.1223780572736257
2.685 0.0875416853016594
2.695 0.06199880330750815
2.705 0.04347191438993649
2.715 0.030178057376748144
2.725 0.020741055289777814
2.735 0.01411326426748383
2.745 0.009507824425648154
2.755 0.0
2.765 0.0
2.775 0.0
2.785 0.0
2.795 0.0
2.805 0.0
2.815 0.0
2.8249999999999997 0.0
2.835 0.0
2.8449999999999998 0.0
2.855 0.0
2.8649999999999998 0.0
2.875 0.0
2.885 0.0
2.895 0.0
2.905 0.0
2.915 0.0
2.925 0.0
2.935 0.0
2.945 0.0
2.955 0.0
2.965 0.0
2.975 0.0
2.985 0.0
2.995 0.0
3.005 0.0
3.015 0.004483175902053295
3.025 0.006654755434125516
3.035 0.009779923891679145
3.045 0.01422970529801258
3.055 0.02049808981362224
3.065 0.029233979141912322
3.075 0.04127808386015479
3.085 0.05770430045271008
3.0949999999999998 0.07986452023143172
3.105 0.1094351024622328
3.1149999999999998 0.14846239620681295
3.125 0.19940375761909598
3.135 0.2651595451466119
3.145 0.3490906749194605
3.155 0.45501559904540173
3.165 0.5871801674665781
3.175 0.7501938966465148
3.185 0.9489268381180732
3.195 1.188362635379383
3.205 1.4734055513850701
3.215 1.808642245181065
3.225 2.1980627911980015
3.235 2.6447496829279875
3.245 3.1505480536746986
3.255 3.7157346946735053
3.265 4.33870719759004
3.275 5.015717204220762
3.285 5.740672840134396
3.295 6.505034548361036
3.305 7.297825470294015
3.315 8.105772182379678
3.325 8.913584157988648
3.335 9.704371198254718
3.3449999999999998 10.46018790890006
3.355 11.162683923737118
3.3649999999999998 11.793828934213472
3.375 12.336673640184822
3.385 12.776102362804195
3.395 13.099530933951021
3.405 13.297504991391433
3.415 13.364159012538773
3.425 13.297504991391433
3.435 13.099530933951021
3.445 12.776102362804195
3.455 12.336673640184822
3.465 11.793828934213472
3.475 11.162683923737118
3.485 10.46018790890006
3.495 9.704371198254718
3.505 8.913584157988648
3.515 8.105772182379678
3.525 7.297825470294015
3.535 6.505034548361036
3.545 5.740672840134396
3.555 5.015717204220762
3.565 4.33870719759004
3.575 3.7157346946735053
3.585 3.153840438764178
3.5949999999999998 2.6496368473052345
3.605 2.2052450379580404
3.6149999999999998 1.8190923525545912
3.625 1.4884590774432982
3.635 1.20983168302235
3.645 0.9792409169748072
3.655 0.7925711717211618
3.665 0.6458316148630456
3.675 0.5353832909415159
3.685 0.4581194951796297
3.695 0.4115990274945135
3.705 0.3941334206631004
3.715 0.40482997091088063
3.725 0.44359254051668967
3.735 0.5110818693699184
3.745 0.6086367763357534
3.755 0.7381574035843388
3.765 0.9019517816768412
3.775 1.1025476399806318
3.785 1.3424726496601485
3.795 1.624008166902451
3.805 1.9489239439996167
3.815 2.3182039984234493
3.825 2.7287864167009936
3.835 3.1862891836164424
3.8449999999999998 3.6834763785775975
3.855 4.215874209571228
3.8649999999999998 4.777211338899967
3.875 5.359426506779347
3.885 5.952771886501435
3.895 6.546018317537019
3.905 7.1267618612228905
3.915 7.681823657341211
3.925 8.197727439659658
3.935 8.661231988040182
3.945 9.059889960622593
3.955 9.3826006027766
3.965 9.620122267868467
3.975 9.76551179731388
3.985 9.81718074732082
3.995 9.769548013710033
4.005 9.626053949288687
4.015 9.391231148317273
4.025 9.072322382371901
4.035 8.678962867424913
4.045 8.22276326261774
4.055 7.716822245331594
4.065 7.1752009795676335
4.075 6.612392470463451
4.085 6.042816721914792
4.095 5.480368098686594
4.1049999999999995 4.938034875438787
4.115 4.427603328665279
4.125 3.9594506708790504
4.135 3.542423416179024
4.145 3.183791102584814
4.155 2.8892602395103952
4.165 2.663030274524637
4.175 2.5078724503073966
4.185 2.425213607977893
4.195 2.41521004951617
4.205 2.4768010990016847
4.215 2.6077374777712863
4.225 2.807029678402658
4.235 3.0663413636345105
4.245 3.3816027805725013
4.255 3.745936224630198
4.265 4.151313545689697
4.275 4.58862666444411
4.285 5.04781518104977
4.295 5.518060651228784
4.305 5.988051302302416
4.315 6.446314107584817
4.325 6.881603853489567
4.335 7.2833318137373855
4.345 7.642010592884913
4.355 7.949687262337382
4.365 8.200334607344205
4.375 8.390170474341609
4.385 8.517877975550416
4.395 8.58250861016714
4.405 8.592975223178325
4.415 8.552216781380391
4.425 8.468468167188297
4.435 8.351537281109792
4.445 8.212272610022273
4.455 8.061960149416558
4.465 7.911686479303111
4.475 7.771707754925046
4.485 7.650864531645071
4.495 7.556079680181593
4.505 7.491971360876203
4.515 7.460605504860849
4.525 7.461403045968336
4.535 7.491206925058965
4.545 7.544503378301313
4.555 7.613781966011544
4.565 7.6900099035114735
4.575 7.7631891376261315
4.585 7.8229597592643785
4.595 7.859211075921692
4.605 7.862662119384424
4.615 7.825376462211504
4.625 7.741181690522762
4.635 7.610096035169208
4.645 7.423998050379106
4.655 7.186294031554487
4.665 6.899904708716262
4.675 6.569829549819746
4.685 6.202868239275174
4.695 5.807275966867968
4.705 5.392380522517381
4.715 4.968189244735171
4.725 4.545011612549732
4.735 4.1331190145834995
4.745 3.742457450127371
4.755 3.382422204609827
4.765 3.0616965422432116
4.775 2.7881498170324237
4.785 2.5687847089994635
4.795 2.40790544340447
4.805 2.3149874999250324
4.815 2.291746066650534
4.825 2.3416873513219914
4.835 2.467350737149137
4.845 2.6702319024748684
4.855 2.9506662438859097
4.865 3.3076775630399853
4.875 3.738803425993301
4.885 4.239914367119632
4.895 4.805048578612081
4.905 5.426286366609829
4.915 6.093689059209756
4.925 6.795324988841902
4.935 7.517400624860618
4.945 8.244508121902228
4.955 8.959991934315786
4.965 9.64642740070493
4.975 10.286194165077667
4.985 10.862117904842975
4.995 11.358146015554519
5.005 11.760017495437708
5.015 12.055884923804443
5.025 12.236847507311237
5.035 12.295728468805192
5.045 12.234403267225899
5.055 12.05225673246295
5.065 11.754685453481322
5.075 11.350387940285593
5.085 10.850942288741813
5.095 10.27025571759451
5.105 9.62392247352356
5.115 8.92853138774246
5.125 8.202678546192594
5.135 7.460278730640761
5.145 6.718119266448437
5.155 5.990409990203189
5.165 5.289551876551438
5.175 4.625892123246876
5.185 4.009284943991542
5.195 3.443205015375023
5.205 2.932838306178077
5.215 2.4804382840848267
5.225 2.0867167829105533
5.235 1.7511576222114602
5.245 1.4723471469523441
5.255 1.2482998188840548
5.265 1.0767599483429349
5.275 0.955464232458657
5.285 0.8823536046205659
5.295 0.8557267138938784
5.305 0.8743309436408919
5.315 0.9373901369196869
5.325 1.0445710903035033
5.335 1.1958934306254632
5.345 1.3915897517962657
5.355 1.6319249126229776
5.365 1.9169852093658588
5.375 2.2464497263629597
5.385 2.619357474762353
5.395 3.0338848490937402
5.405 3.4871483281436477
5.415 3.9750470731817815
5.425 4.492159000172702
5.435 5.031701931743725
5.445 5.582817426438387
5.455 6.142623397914978
5.465 6.696791590641408
5.475 7.234329518923573
5.485 7.7453086913746585
5.495 8.215949303155645
5.505 8.6362281595983
5.515 8.9959487141077
5.525 9.286175521388845
5.535 9.499626358746973
5.545 9.631006786877496
5.555 9.67726784193907
5.565 9.63777176479394
5.575 9.514355969730637
5.585 9.311291421010532
5.595 9.035137749409392
5.605 8.694503318193748
5.615 8.29972358979061
5.625 7.862475181466719
5.635 7.395345675933628
5.645 6.911380452755017
5.655 6.423627553336631
5.665 5.944700043495823
5.675 5.486372758484389
5.685 5.059227042837732
5.695 4.673760904821366
5.705 4.335208296740973
5.715 4.050072537872947
5.725 3.821962437950048
5.735 3.6525086220015037
5.745 3.54140584476243
5.755 3.4865158075683635
5.765 3.4840255218387766
5.775 3.5286556174729435
5.785 3.613912272042808
5.795 3.7323754937670133
5.805 3.876015261632414
5.815 4.036525538749585
5.825 4.2056645569867355
5.835 4.375588233432918
5.845 4.5391623901877916
5.855 4.690238894270103
5.865 4.82388117399766
5.875 4.936525992646748
5.885 5.026070954483188
5.895 5.091880937426135
5.905 5.1347113076071365
5.915 5.156551062122956
5.925 5.160394553073065
5.935 5.1488133042382005
5.945 5.12858866574139
5.955 5.102224227999203
5.965 5.073636391639163
5.975 5.046138847296589
5.985 5.022189747605483
5.995 5.002088884138194
6.005 4.9887253942135725
6.015 4.979590369966055
6.025 4.972746491882123
6.035 4.965308581633588
6.045 4.953667715714126
6.055 4.933765187956767
6.065 4.901395305627254
6.075 4.852514302803923
6.085 4.783532840482111
6.095 4.691571564796769
6.105 4.574662779988687
6.115 4.43188609262024
6.125 4.263431433470799
6.135 4.07058865111982
6.1450000000000005 3.8556683876793776
6.155 3.6218637363287516
6.165 3.373065880189022
6.175 3.1136492843879617
6.185 2.848242958597548
6.195 2.581503865295787
6.205 2.317906882930186
6.215 2.061563103846571
6.225 1.8172662079317081
6.235 1.5873891367486042
6.245 1.3733186903613788
6.255 1.1776477684125763
6.265 1.0015641356488394
6.275 0.8457077776104952
6.285 0.7102621513940017
6.295 0.5940565689047489
6.305 0.4990550793010276
6.315 0.4232989889468102
6.325 0.3663362270525269
6.335 0.3278222406279955
6.345 0.30761414759430006
6.355 0.3058444573777274
6.365 0.32297104861857207
6.375 0.3598007368063819
6.385 0.41748436346872786
6.3950000000000005 0.49748197116777604
6.405 0.6014973870336511
6.415 0.7313825097980526
6.425 0.8890128463732547
6.435 1.0761373989891618
6.445 1.2942078342426369
6.455 1.5441938813897615
6.465 1.8263939577301755
6.475 2.14025190005041
6.485 2.4841921533294387
6.495 2.8554865814333517
6.505 3.2492272816445795
6.515 3.662368447728919
6.525 4.087067885092113
6.535 4.515746455117915
6.545 4.939865615798882
6.555 5.350182677302396
6.565 5.737067811477811
6.575 6.090868951612691
6.585 6.403377658498325
6.595 6.664463331817344
6.605 6.867558380092701
6.615 7.007977280121136
6.625 7.08015086987351
6.635 7.082932649640234
6.6450000000000005 7.0166138490247025
6.655 6.883654416404211
6.665 6.688598568158975
6.675 6.437896272471278
6.685 6.13964344382487
6.695 5.8032585259357425
6.705 5.439116391699331
6.715 5.05816185192507
6.725 4.671524504733083
6.735 4.290154339556734
6.745 3.924493774928054
6.755 3.5841971310110425
6.765 3.2779034640983644
6.775 3.0130637793971022
6.785 2.7958193966575577
6.795 2.6309250705868625
6.805 2.521708618557237
6.815 2.470058368082469
6.825 2.476430622041593
6.835 2.53987131331385
6.845 2.65804872423974
6.855 2.82729714609692
6.865 3.0426741913861344
6.875 3.2980367180016774
6.885 3.586141628267134
6.8950000000000005 3.8987779344343427
6.905 4.22693534769032
6.915 4.561012318161261
6.925 4.891063146935899
6.935 5.207079852942667
6.945 5.499300342554996
6.955 5.758530574712436
6.965 5.977652945865
6.975 6.148944163161208
6.985 6.265805190247885
6.995 6.325210880612373
