0.005 0.0
0.015 0.0
0.025 0.0
0.034999999999999996 0.0
0.045 0.0
0.055 0.0
0.065 0.0
0.07500000000000001 0.0
0.085 0.0
0.095 0.0
0.10500000000000001 0.0
0.115 0.0
0.125 0.0
0.135 0.0
0.14500000000000002 0.0
0.155 0.0
0.165 0.0
0.17500000000000002 0.0
0.185 0.0
0.195 0.0
0.20500000000000002 0.0
0.215 0.0
0.225 0.0
0.23500000000000001 0.0
0.245 0.0
0.255 0.0
0.265 0.0
0.275 0.0
0.28500000000000003 0.0
0.295 0.0
0.305 0.0
0.315 0.0
0.325 0.0
0.335 0.0
0.34500000000000003 0.0
0.35500000000000004 0.0
0.365 0.0
0.375 0.0
0.385 0.0
0.395 0.0
0.405 0.0
0.41500000000000004 0.0
0.425 0.0
0.435 0.0
0.445 0.0
0.455 0.0
0.465 0.0
0.47500000000000003 0.0
0.485 0.0
0.495 0.0
0.505 0.0
0.515 0.0
0.525 0.0
0.535 0.0
0.545 0.0
0.555 0.0
0.5650000000000001 0.0
0.5750000000000001 0.0
0.585 0.0
0.595 0.0
0.605 0.0
0.615 0.0
0.625 0.0
0.635 0.0
0.645 0.0
0.655 0.0
0.665 0.0
0.675 0.0
0.685 0.0
0.6950000000000001 0.0
0.7050000000000001 0.0
0.715 0.0
0.725 0.0
0.735 0.0
0.745 0.0
0.755 0.0
0.765 0.0
0.775 0.0
0.785 0.0
0.795 0.0
0.805 0.0
0.8150000000000001 0.0
0.8250000000000001 0.0
0.8350000000000001 0.0
0.845 0.0
0.855 0.0
0.865 0.0
0.875 0.0
0.885 0.0
0.895 0.0
0.905 0.0
0.915 0.0
0.925 0.0
0.935 0.0
0.9450000000000001 0.0
0.9550000000000001 0.0
0.965 0.0
0.975 0.0
0.985 0.0
0.995 0.0
1.005 0.0
1.015 0.0
1.025 0.0
1.035 0.0
1.045 0.0
1.055 0.0
1.065 0.0
1.075 0.0
1.085 0.0
1.095 0.0
1.105 0.0
1.115 0.0
1.125 0.0
1.135 0.0
1.145 0.0
1.155 0.0
1.1649999999999998 0.0
1.1749999999999998 0.0
1.1849999999999998 0.0
1.1949999999999998 0.0
1.2049999999999998 0.0
1.2149999999999999 0.0
1.2249999999999999 0.0
1.2349999999999999 0.0
1.2449999999999999 0.019321211900858757
1.255 0.028680101495067747
1.265 0.04214868789753716
1.275 0.061325979028338654
1.285 0.08834093185378689
1.295 0.12599012799106948
1.305 0.17789679070102823
1.315 0.24868910812243597
1.325 0.3441933469630721
1.335 0.47163413844560187
1.345 0.6398306644866023
1.355 0.859373430567711
1.365 1.142762155945428
1.375 1.5044814323800124
1.385 1.9609877014475177
1.395 2.5305793677217663
1.405 3.233122134957875
1.4149999999999998 4.089604538892623
1.4249999999999998 5.121504664296588
1.4349999999999998 6.349958488395299
1.4449999999999998 7.794733205980923
1.4549999999999998 9.473024901984937
1.4649999999999999 11.398118245857129
1.4749999999999999 13.577965236877592
1.4849999999999999 16.013758766475913
1.4949999999999999 18.698592910892586
1.505 21.61631331332494
1.515 24.740665729163435
1.525 28.034847098844995
1.535 31.45155028658491
1.545 34.93357061544589
1.555 38.41501026844809
1.565 41.82307729665367
1.575 45.080432159285856
1.585 48.10799000192128
1.595 50.82804532743244
1.605 53.167551477197414
1.615 55.06136417840417
1.625 56.45524924881993
1.635 57.30846107861387
1.645 57.59572093519059
1.655 57.30846107861387
1.665 56.45524924881993
1.6749999999999998 55.06136417840417
1.6849999999999998 53.167551477197414
1.6949999999999998 50.82804532743244
1.7049999999999998 48.10799000192128
1.7149999999999999 45.080432159285856
1.7249999999999999 41.82307729665367
1.7349999999999999 38.41501026844809
1.7449999999999999 34.93357061544589
1.755 31.45155028658491
1.765 28.034847098844995
1.775 24.740665729163435
1.785 21.61631331332494
1.795 18.698592910892586
1.805 16.013758766475913
1.815 13.577965236877592
1.825 11.398118245857129
1.835 9.473024901984937
1.845 7.794733205980923
1.855 6.349958488395299
1.865 5.121504664296588
1.875 4.089604538892623
1.885 3.233122134957875
1.895 2.5305793677217663
1.905 1.9609877014475177
1.915 1.5044814323800124
1.9249999999999998 1.142762155945428
1.9349999999999998 0.859373430567711
1.9449999999999998 0.6398306644866023
1.9549999999999998 0.47163413844560187
1.9649999999999999 0.3441933469630721
1.9749999999999999 0.24868910812243597
1.9849999999999999 0.17789679070102823
1.9949999999999999 0.12599012799106948
2.005 0.08834093185378689
2.015 0.061325979028338654
2.025 0.04214868789753716
2.035 0.028680101495067747
2.045 0.019321211900858757
2.0549999999999997 0.0
2.065 0.0
2.0749999999999997 0.0
2.085 0.0
2.0949999999999998 0.0
2.105 0.0
2.1149999999999998 0.0
2.125 0.0
2.135 0.0
2.145 0.0
2.155 0.0
2.165 0.0
2.175 0.0
2.185 0.0
2.195 0.0
2.205 0.0
2.215 0.0
2.225 0.0
2.235 0.0
2.245 0.0
2.255 0.0
2.265 0.0
2.275 0.0
2.285 0.0
2.295 0.0
2.305 0.0
2.315 0.0
2.3249999999999997 0.0
2.335 0.0
2.3449999999999998 0.0
2.355 0.0
2.3649999999999998 0.0
2.375 0.0
2.385 0.0
2.395 0.0
2.405 0.0
2.415 0.0
2.425 0.0
2.435 0.0
2.445 0.0
2.455 0.0
2.465 0.0
2.475 0.0
2.485 0.0
2.495 0.0
2.505 0.0
2.515 0.0
2.525 0.0
2.535 0.0
2.545 0.0
2.555 0.0
2.565 0.0
2.5749999999999997 0.0
2.585 0.0
2.5949999999999998 0.0
2.605 0.0
2.6149999999999998 0.0
2.625 0.0
2.635 0.0
2.645 0.0
2.655 0.0
2.665 0.0
2.675 0.0
2.685 0.0
2.695 0.0
2.705 0.0
2.715 0.0
2.725 0.0
2.735 0.0
2.745 0.0
2.755 0.0
2.765 0.0
2.775 0.0
2.785 0.0
2.795 0.0
2.805 0.0
2.815 0.005058307195476045
2.8249999999999997 0.007508471233786143
2.835 0.011034556857300983
2.8449999999999998 0.016055185491489328
2.855 0.023127719603924436
2.8649999999999998 0.03298430627676358
2.875 0.046573507970020855
2.885 0.06510698767277259
2.895 0.09011006620660829
2.905 0.12347415723055649
2.915 0.1675081289240946
2.925 0.22498458325217058
2.935 0.29917595572147093
2.945 0.3938743228901538
2.955 0.5133879930187575
2.965 0.6625075016076657
2.975 0.8464337042120744
2.985 1.0706614146089157
2.995 1.3408136108648612
3.005 1.6624237070448213
3.015 2.0406667689865214
3.025 2.4800447441138207
3.035 2.984035568459521
3.045 3.5547210811641112
3.055 4.192413582063268
3.065 4.895305095341429
3.075 5.659166398749363
3.085 6.4771241121336045
3.0949999999999998 7.339543167986036
3.105 8.234038524076126
3.1149999999999998 9.145633954768986
3.125 10.057077364103675
3.135 10.949311767405817
3.145 11.802089617181323
3.155 12.59470644156603
3.165 13.306818885429582
3.175 13.919303280918802
3.185 14.415104810478773
3.195 14.780024926128315
3.205 15.003396397858829
3.215 15.078601235264959
3.225 15.003396397858829
3.235 14.780024926128315
3.245 14.415104810478773
3.255 13.919303280918802
3.265 13.306818885429582
3.275 12.598577703442738
3.285 11.807836057110023
3.295 10.957756817822334
3.305 10.069364839955725
3.315 9.16333423585866
3.325 8.259282322541564
3.335 7.375187156953356
3.3449999999999998 6.526952283801445
3.355 5.728130115370845
3.3649999999999998 4.9898032701602135
3.375 4.320612168760884
3.385 3.726907982104007
3.395 3.213003171069308
3.405 2.7814876165005056
3.415 2.4335767462829323
3.425 2.169458953203878
3.435 1.988612647903758
3.445 1.8900680969361396
3.455 1.872595306289868
3.465 1.9348061721535714
3.475 2.0751665012331855
3.485 2.29192090238669
3.495 2.582940600393001
3.505 2.945510575850197
3.515 3.3760777638696835
3.525 3.8699860352349376
3.535 4.421226047658832
3.545 5.022228545736688
3.555 5.663728133154363
3.565 6.334720875005433
3.575 7.022533390157414
3.585 7.713013611735491
3.5949999999999998 8.390844557177193
3.605 9.039972858003138
3.6149999999999998 9.644134189965223
3.625 10.184075158085282
3.635 10.652826342761474
3.645 11.032276914983594
3.655 11.311560334745277
3.665 11.482512676988886
3.675 11.54006901130063
3.685 11.482512676988886
3.695 11.311560334745277
3.705 11.032276914983594
3.715 10.652826342761474
3.725 10.184075158085282
3.735 9.639075882769747
3.745 9.032464386769352
3.755 8.379810000319893
3.765 7.696958426244001
3.775 6.9994056705534895
3.785 6.3017365687286695
3.795 5.617154625184342
3.805 4.957121558063915
3.815 4.334058858676854
3.825 3.7508802384324427
3.835 3.2149894399918844
3.8449999999999998 2.7298667538239094
3.855 2.2972201420641913
3.8649999999999998 1.9172365495716852
3.875 1.588874552519262
3.885 1.3101773251594104
3.895 1.0814210892802212
3.905 0.895449969724719
3.915 0.7514366242746311
3.925 0.6469252693062422
3.935 0.5827089516831997
3.945 0.5532069916788502
3.955 0.5598174278192001
3.965 0.6029392546496395
3.975 0.6838573334620981
3.985 0.8047265085968756
3.995 0.9685116677979346
4.005 1.1788850509949627
4.015 1.4400824905579166
4.025 1.756720911544173
4.035 2.133580395375439
4.045 2.5753554124466187
4.055 3.086381392121232
4.065 3.670344501190786
4.075 4.329984183851288
4.085 5.064217456955818
4.095 5.879066372218274
4.1049999999999995 6.7689989869533225
4.115 7.730343813567676
4.125 8.757273760780784
4.135 9.844265278573964
4.145 10.977148650014673
4.155 12.145272990897848
4.165 13.334306891934698
4.175 14.53067551212414
4.185 15.713104516656939
4.195 16.864911704446534
4.205 17.967259437378225
4.215 19.001361725392638
4.225 19.949068535284347
4.235 20.793475229328408
4.245 21.519536019142667
4.255 22.114657706751128
4.265 22.569247909904792
4.275 22.877190702925734
4.285 23.036222454884445
4.295 23.048181920679443
4.305 22.91911159697481
4.315 22.65919215516257
4.325 22.282498424031488
4.335 21.80657375306457
4.345 21.251829286079246
4.355 20.640785169969682
4.365 19.99718131476682
4.375 19.34499520710353
4.385 18.70969613811069
4.395 18.109192732995115
4.405 17.563736596571623
4.415 17.088473399517095
4.425 16.694293466862824
4.435 16.387369081261745
4.445 16.16893331821772
4.455 16.035318460733723
4.465 15.980465564443595
4.475 15.98870730079269
4.485 16.046049739476242
4.495 16.134732125895564
4.505 16.235775706020885
4.515 16.330117324579295
4.525 16.399733447581294
4.535 16.428687250668048
4.545 16.404036283348557
4.555 16.316547273497243
4.565 16.16117723686044
4.575 15.937295292949116
4.585 15.648636354576777
4.595 15.30299494007661
4.605 14.911683535480247
4.615 14.48879408340796
4.625 14.048349524600788
4.635 13.611846355188828
4.645 13.193255106230293
4.655 12.808402284663376
4.665 12.471148175549413
4.675 12.192640605385217
4.685 11.98276172959676
4.695 11.84264093921902
4.705 11.772219543906528
4.715 11.772652560676288
4.725 11.834429367759629
4.735 11.947774923064168
4.745 12.098541734911429
4.755 12.276953238358264
4.765 12.465131757554454
4.775 12.647674476928945
4.785 12.80965076570456
4.795 12.937329174564303
4.805 13.01881903238312
4.815 13.044599370085749
4.825 13.007914342710817
4.835 12.905021279049286
4.845 12.735284659155013
4.855 12.501116439499729
4.865 12.207769983816696
4.875 11.863001211763033
4.885 11.4766162620637
4.895 11.05992980618225
4.905 10.625161972849611
4.915 10.184804489974173
4.925 9.750987969879665
4.935 9.334882135138361
4.945 8.944463528363011
4.955 8.591427186462914
4.965 8.278762665948081
4.975 8.011303582446082
4.985 7.785095555698632
4.995 7.6033164319899695
5.005 7.4593765009167
5.015 7.347252907161719
5.025 7.259434838447685
5.035 7.187438091694887
5.045 7.12236062196755
5.055 7.0554463605701
5.065 6.978624441086078
5.075 6.8849929695237595
5.085 6.7692204625667705
5.095 6.627843742012112
5.105 6.459447967599224
5.115 6.264722078294593
5.125 6.046390618869403
5.135 5.809030196134629
5.145 5.558785148156198
5.155 5.30300204241488
5.165 5.049806107171416
5.175 4.807644556357991
5.185 4.584822046518046
5.195 4.387529327074229
5.205 4.226042537293906
5.215 4.103510401059176
5.225 4.023707754398157
5.235 3.988558799295922
5.245 3.998032282350437
5.255 4.050128246931633
5.265 4.140955590086839
5.275 4.263422531539826
5.285 4.413872611872717
5.295 4.5818884840767
5.305 4.758426541635378
5.315 4.9340106297114685
5.325 5.099150543602809
5.335 5.244756644920085
5.345 5.364114820076216
5.355 5.447665323273995
5.365 5.490830491518401
5.375 5.4896514858261565
5.385 5.441984507253836
5.395 5.347553207056011
5.405 5.207914046868939
5.415 5.026339958827909
5.425 4.807632381498552
5.435 4.557875636777607
5.445 4.284150338556763
5.455 3.994223870188316
5.465 3.696235856143612
5.475 3.398395052120436
5.485 3.1087013945603292
5.495 2.833354766444837
5.505 2.582406593174955
5.515 2.3599866834331937
5.525 2.171303141865061
5.535 2.020547972339174
5.545 1.910854951047663
5.555 1.8442808007575955
5.565 1.8218029798015754
5.575 1.8433286388553713
5.585 1.9077112763436914
5.595 2.0127740192734187
5.605 2.155340907147058
5.615 2.3312796981320694
5.625 2.5370015265566934
5.635 2.7644789224143596
5.645 3.0082100437047075
5.655 3.2611973100057594
5.665 3.516089933378915
5.675 3.7653987365361936
5.685 4.00173898113896
5.695 4.218092761460491
5.705 4.4080793643717895
5.715 4.566219575882532
5.725 4.6881785273455945
5.735 4.7709715191439654
5.745 4.813118410040214
5.755 4.814734557727904
5.765 4.777549756842819
5.775 4.704850858120643
5.785 4.601508118258823
5.795 4.474204080208187
5.805 4.32906662326679
5.815 4.173773427550078
5.825 4.0163195960013605
5.835 3.8646688859623315
5.845 3.726408857461626
5.855 3.6084277853364943
5.865 3.516629596520512
5.875 3.455700671335718
5.885 3.4302628762245684
5.895 3.4401195976096095
5.905 3.486528106063216
5.915 3.568420512471352
5.925 3.6834086387700116
5.935 3.8279682990818604
5.945 3.9976747117622096
5.955 4.187475149150267
5.965 4.391982792147965
5.975 4.605774439450418
5.985 4.823674368405909
5.995 5.041007360447956
6.005 5.253805732390082
6.015 5.458958117551448
6.025 5.654291584165858
6.035 5.839845844196498
6.045 6.013376545480696
6.055 6.176243489620671
6.065 6.329588231111252
6.075 6.474971215714229
6.085 6.614146643667132
6.095 6.7488353982460065
6.105 6.880513928121372
6.115 7.010235191575362
6.125 7.138494705408092
6.135 7.265150688539613
6.1450000000000005 7.3894026328334945
6.155 7.508771227133986
6.165 7.62377282548865
6.175 7.730519156322163
6.185 7.826456139513191
6.195 7.908965799495287
6.205 7.975553960273137
6.215 8.024025282021004
6.225 8.052632745863159
6.235 8.060191010142967
6.245 8.046146051565191
6.255 8.011777445664253
6.265 7.956021482636454
6.275 7.881017858899543
6.285 7.788587523731675
6.295 7.680886234816298
6.305 7.560253551270942
6.315 7.42905734958844
6.325 7.289546899848502
6.335 7.143726842809549
6.345 6.993262689420137
6.355 6.839425804563866
6.365 6.684224840084935
6.375 6.526422955206311
6.385 6.367049896401098
6.3950000000000005 6.2062089849340465
6.405 6.043976482546858
6.415 5.8805492150552645
6.425 5.716387597995915
6.435 5.551378534526663
6.445 5.389094830771372
6.455 5.229992412714013
6.465 5.076474040467836
6.475 4.931394450279223
6.485 4.797953355269981
6.495 4.679542903860814
6.505 4.579560516443613
6.515 4.501201066871428
6.525 4.447244170158986
6.535 4.4198527344275735
6.545 4.4203979292839675
6.555 4.450404318899453
6.565 4.507663094755315
6.575 4.591344216124035
6.585 4.698896887309995
6.595 4.825942314627461
6.605 4.970361343120859
6.615 5.125965606223387
6.625 5.287505677043704
6.635 5.4495226567822765
6.6450000000000005 5.60765074270271
6.655 5.755031448419743
6.665 5.887655194859068
6.675 6.0014106840793175
6.685 6.092954641863736
6.695 6.1589451032678735
6.705 6.199953785554202
6.715 6.214217214213238
6.725 6.202304022783166
6.735 6.1657692252824425
6.745 6.107096984657035
6.755 6.029609669740135
6.765 5.937345054313598
6.775 5.834904208837479
6.785 5.727273624486748
6.795 5.619626373176626
6.805 5.517108554834744
6.815 5.424618759895714
6.825 5.346589585625567
6.835 5.287923618584504
6.845 5.248950867519724
6.855 5.234369175507528
6.865 5.243828478283969
6.875 5.277080789061118
6.885 5.332720342664435
6.8950000000000005 5.408241905960504
6.905 5.500153325172465
6.915 5.604137723486393
6.925 5.715257728477456
6.935 5.82819153353743
6.945 5.938669168298979
6.955 6.039584375202732
6.965 6.126868051553288
6.975 6.196311125382907
6.985 6.244559978884091
6.995 6.269282271711413
