0.005 0.0
0.015 0.0
0.025 0.0
0.034999999999999996 0.0
0.045 0.0
0.055 0.0
0.065 0.0
0.07500000000000001 0.0
0.085 0.0
0.095 0.0
0.10500000000000001 0.0
0.115 0.0
0.125 0.0
0.135 0.0
0.14500000000000002 0.0
0.155 0.0
0.165 0.0
0.17500000000000002 0.0
0.185 0.0
0.195 0.0
0.20500000000000002 0.0
0.215 0.0
0.225 0.0
0.23500000000000001 0.0
0.245 0.0
0.255 0.0
0.265 0.0
0.275 0.0
0.28500000000000003 0.0
0.295 0.0
0.305 0.0
0.315 0.0
0.325 0.0
0.335 0.0
0.34500000000000003 0.0
0.35500000000000004 0.0
0.365 0.0
0.375 0.0
0.385 0.0
0.395 0.0
0.405 0.0
0.41500000000000004 0.0
0.425 0.0
0.435 0.0
0.445 0.0
0.455 0.0
0.465 0.0
0.47500000000000003 0.0
0.485 0.0
0.495 0.0
0.505 0.0
0.515 0.0
0.525 0.0
0.535 0.0
0.545 0.0
0.555 0.0
0.5650000000000001 0.0
0.5750000000000001 0.0
0.585 0.0
0.595 0.0
0.605 0.0
0.615 0.0
0.625 0.0
0.635 0.0
0.645 0.0
0.655 0.0
0.665 0.0
0.675 0.0
0.685 0.0
0.6950000000000001 0.0
0.7050000000000001 0.0
0.715 0.0
0.725 0.0
0.735 0.0
0.745 0.0
0.755 0.0
0.765 0.0
0.775 0.0
0.785 0.0
0.795 0.0
0.805 0.0
0.8150000000000001 0.0
0.8250000000000001 0.0
0.8350000000000001 0.0
0.845 0.0
0.855 0.0
0.865 0.0
0.875 0.0
0.885 0.0
0.895 0.0
0.905 0.0
0.915 0.0
0.925 0.0
0.935 0.0
0.9450000000000001 0.0
0.9550000000000001 0.0
0.965 0.0
0.975 0.0
0.985 0.0
0.995 0.0
1.005 0.0
1.015 0.0
1.025 0.0
1.035 0.0
1.045 0.0
1.055 0.0
1.065 0.0
1.075 0.0
1.085 0.0
1.095 0.0
1.105 0.0
1.115 0.0
1.125 0.0
1.135 0.0
1.145 0.0
1.155 0.0
1.1649999999999998 0.0
1.1749999999999998 0.0
1.1849999999999998 0.0
1.1949999999999998 0.0
1.2049999999999998 0.0
1.2149999999999999 0.0
1.2249999999999999 0.0
1.2349999999999999 0.0
1.2449999999999999 0.0
1.255 0.0
1.265 0.0
1.275 0.0
1.285 0.0
1.295 0.0
1.305 0.0
1.315 0.0
1.325 0.0
1.335 0.0
1.345 0.0
1.355 0.0
1.365 0.0
1.375 0.0
1.385 0.0
1.395 0.0
1.405 0.0
1.4149999999999998 0.0
1.4249999999999998 0.0
1.4349999999999998 0.0
1.4449999999999998 0.0
1.4549999999999998 0.0
1.4649999999999999 0.0
1.4749999999999999 0.0
1.4849999999999999 0.0
1.4949999999999999 0.0
1.505 0.0
1.515 0.0
1.525 0.0
1.535 0.0
1.545 0.0
1.555 0.0
1.565 0.0
1.575 0.0
1.585 0.0
1.595 0.0
1.605 0.0
1.615 0.0
1.625 0.0
1.635 0.0
1.645 0.0
1.655 0.0
1.665 0.012261018419283315
1.6749999999999998 0.01820006190617428
1.6849999999999998 0.026747071628429153
1.6949999999999998 0.038916759585542485
1.7049999999999998 0.05606013733474923
1.7149999999999999 0.07995188334318233
1.7249999999999999 0.11289125333901805
1.7349999999999999 0.15781524218099396
1.7449999999999999 0.2184211315813699
1.755 0.2992935892591355
1.765 0.4060291664284182
1.775 0.5453484758254256
1.785 0.7251836952465724
1.795 0.9547265797059656
1.805 1.2444201973876914
1.815 1.6058765049678818
1.825 2.051702049121939
1.835 2.595215912761583
1.845 3.250047840973934
1.855 4.029610481340394
1.865 4.94644786788367
1.875 6.011472437937728
1.885 7.233114489646067
1.895 8.616420270114904
1.905 10.162146774498861
1.915 11.865911583162363
1.9249999999999998 13.71746332743736
1.9349999999999998 15.700141366242237
1.9449999999999998 17.79059090208788
1.9549999999999998 19.95879137176138
1.9649999999999999 22.168441346491267
1.9749999999999999 24.37772283101275
1.9849999999999999 26.540442893366787
1.9949999999999999 28.60752275221871
2.005 30.528776070306314
2.015 32.25489183461195
2.025 33.73951547734629
2.035 34.94130719368975
2.045 35.825850596579095
2.0549999999999997 36.36728899155829
2.065 36.54958078622834
2.0749999999999997 36.36728899155829
2.085 35.825850596579095
2.0949999999999998 34.94130719368975
2.105 33.73951547734629
2.1149999999999998 32.25489183461195
2.125 30.528776070306314
2.135 28.60752275221871
2.145 26.540442893366787
2.155 24.37772283101275
2.165 22.168441346491267
2.175 19.95879137176138
2.185 17.79059090208788
2.195 15.700141366242237
2.205 13.71746332743736
2.215 11.865911583162363
2.225 10.162146774498861
2.235 8.616420270114904
2.245 7.233114489646067
2.255 6.011472437937728
2.265 4.94644786788367
2.275 4.029610481340394
2.285 3.250047840973934
2.295 2.595215912761583
2.305 2.051702049121939
2.315 1.6058765049678818
2.3249999999999997 1.2444201973876914
2.335 0.9547265797059656
2.3449999999999998 0.7251836952465724
2.355 0.5453484758254256
2.3649999999999998 0.4128679169497612
2.375 0.3094449224186693
2.385 0.23333967617434112
2.395 0.17952159648236587
2.405 0.1441595607759943
2.415 0.1245461385019236
2.425 0.11902677609397941
2.435 0.12694036682878462
2.445 0.14857444162284955
2.455 0.18513514997043196
2.465 0.23872933276630107
2.475 0.30417556240672905
2.485 0.40448111277096194
2.495 0.5325117923675611
2.505 0.6940923651391383
2.515 0.8956995585529501
2.525 1.1443648462354574
2.535 1.4475171286328974
2.545 1.8127585822637986
2.555 2.2475702945471014
2.565 2.7589488718232396
2.5749999999999997 3.352980875090231
2.585 4.034368418304062
2.5949999999999998 4.805926114725097
2.605 5.668076188742151
2.6149999999999998 6.618374285935167
2.625 7.651102565385416
2.635 8.756968326928316
2.645 9.928583988913067
2.655 11.140658802941314
2.665 12.377052055417819
2.675 13.614905857014046
2.685 14.829076802774892
2.695 15.993006711395838
2.705 17.0797609016317
2.715 18.063186214252173
2.725 18.91912814573165
2.735 19.62663735633426
2.745 20.169091505128602
2.755 20.53515949561848
2.765 20.719541940628773
2.775 20.72343359836877
2.785 20.55466981918961
2.795 20.227538390835388
2.805 19.762259022950975
2.815 19.184153408018922
2.8249999999999997 18.522547743735227
2.835 17.80946543661603
2.8449999999999998 17.078179413154896
2.855 16.361700448148447
2.8649999999999998 15.691280019383697
2.875 15.09500364846417
2.885 14.596544037654446
2.895 14.214133318063535
2.905 13.959801236619064
2.915 13.838911976550339
2.925 13.850017303173448
2.935 13.98502851878331
2.945 14.229694852033083
2.955 14.56436186884158
2.965 14.964970700978386
2.975 15.404247769545272
2.985 15.853025680620332
2.995 16.281629558938626
3.005 16.661259725353457
3.015 16.965301714739496
3.025 17.17049843668917
3.035 17.25792685351175
3.045 17.213732665791277
3.055 17.02959062355092
3.065 16.702874385897047
3.075 16.236537244250805
3.085 15.63872224911242
3.0949999999999998 14.922136037548972
3.105 14.103233737115763
3.1149999999999998 13.201271730156913
3.125 12.237290136592122
3.135 11.23308734805272
3.145 10.210244978321992
3.155 9.189253737217747
3.165 8.18877986495264
3.175 7.2205376906151715
3.185 6.30869867123365
3.195 5.457164991135218
3.205 4.67359892444043
3.215 3.962715103465095
3.225 3.32652901491195
3.235 2.7646925146517134
3.245 2.2748848199234764
3.255 1.8532288136957238
3.265 1.4947058363762684
3.275 1.19354685262075
3.285 0.9435833493480895
3.295 0.7385469697442117
3.305 0.5723122313739529
3.315 0.4390813491540553
3.325 0.3335139526454295
3.335 0.25080724640376256
3.3449999999999998 0.1867339173129468
3.355 0.1376459352430866
3.3649999999999998 0.10045247212876361
3.375 0.07257965885399957
3.385 0.05556851206486585
3.395 0.04218737499064751
3.405 0.033743531389434964
3.415 0.029481578452199547
3.425 0.02898746814534027
3.435 0.03216810334110694
3.445 0.03924119351206178
3.455 0.046974037107888646
3.465 0.06501350692275493
3.475 0.08908536319887214
3.485 0.12085543111748043
3.495 0.16232411512428163
3.505 0.21585244454068836
3.515 0.2841763644829783
3.525 0.3704042760511978
3.535 0.4779925024512781
3.545 0.6106934086838919
3.555 0.7724714476516343
3.565 0.9673835415037564
3.575 1.199421992862594
3.585 1.47232055970692
3.5949999999999998 1.7893273518465296
3.605 2.152951665166601
3.6149999999999998 2.5646955256789896
3.625 3.0247842545756938
3.635 3.53191341548074
3.645 4.083031667056216
3.655 4.6731799346171075
3.665 5.2954066138143085
3.675 5.940776021181035
3.685 6.598482960472526
3.695 7.256080217882316
3.705 7.899818370541113
3.715 8.515089016473521
3.725 9.086954087364438
3.735 9.600736056992018
3.745 10.042637391243813
3.755 10.400353210700127
3.765 10.663639405725629
3.775 10.824799677103089
3.785 10.879059211283405
3.795 10.824799677103089
3.805 10.663639405725629
3.815 10.400353210700127
3.825 10.042637391243813
3.835 9.600736056992018
3.8449999999999998 9.086954087364438
3.855 8.515089016473521
3.8649999999999998 7.899818370541113
3.875 7.256080217882316
3.885 6.598482960472526
3.895 5.940776021181035
3.905 5.2954066138143085
3.915 4.6731799346171075
3.925 4.083031667056216
3.935 3.53191341548074
3.945 3.0247842545756938
3.955 2.5646955256789896
3.965 2.152951665166601
3.975 1.7893273518465296
3.985 1.47232055970692
3.995 1.199421992862594
4.005 0.9673835415037564
4.015 0.7724714476516343
4.025 0.6106934086838919
4.035 0.4779925024512781
4.045 0.3704042760511978
4.055 0.2841763644829783
4.065 0.21585244454068836
4.075 0.16232411512428163
4.085 0.12085543111748043
4.095 0.08908536319887214
4.1049999999999995 0.06501350692275493
4.115 0.049538827149247844
4.125 0.0374094516034362
4.135 0.029392863740919237
4.145 0.024827120851585345
4.155 0.02331045258223794
4.165 0.024685853787288423
4.175 0.02903215702742768
4.185 0.03666169897308705
4.195 0.045689870445121676
4.205 0.06260697039384691
4.215 0.0849341813987631
4.225 0.11407733779012039
4.235 0.15169571206248894
4.245 0.19971205817615295
4.255 0.26031088286324944
4.265 0.33592120383056184
4.275 0.42918008957136883
4.285 0.5428736586643923
4.295 0.6798530147676068
4.305 0.8429238485478608
4.315 1.0347101519477249
4.325 1.2574946154945286
4.335 1.5130407097243028
4.345 1.8024040210395527
4.355 2.1257428995517893
4.365 2.4821406199243388
4.375 2.8694527756021335
4.385 3.28419425263562
4.395 3.721479636945015
4.405 4.177293696117755
4.415 4.640610630727799
4.425 5.10433216073138
4.435 5.558982946562271
4.445 5.994546092258593
4.455 6.400851269539163
4.465 6.768008139152554
4.475 7.0868625852695635
4.485 7.3494499133529985
4.495 7.5494175817860665
4.505 7.682390475881496
4.515 7.746254236190623
4.525 7.741336569757134
4.535 7.6704724661617885
4.545 7.538946322735916
4.555 7.354311571345353
4.565 7.126095876771464
4.575 6.86540676292084
4.585 6.584458131776053
4.595 6.2960422250960075
4.605 6.012973958953673
4.615 5.747535221170061
4.625 5.510945792966692
4.635 5.312885279832007
4.645 5.161087116935015
4.655 5.061021670742724
4.665 5.01568098367543
4.675 5.025473040503723
4.685 5.088228744570486
4.695 5.199320187570814
4.705 5.351884344275138
4.715 5.537142073538685
4.725 5.744798323231606
4.735 5.963505820655144
4.745 6.181371432180139
4.755 6.386481993048101
4.765 6.567424964754455
4.775 6.713778993135009
4.785 6.816550491459999
4.795 6.868534852140327
4.805 6.86458477416684
4.815 6.801773321476601
4.825 6.679445403677693
4.835 6.499157980716881
4.845 6.264515942104856
4.855 5.9828100848829004
4.865 5.658032706216408
4.875 5.299509808739796
4.885 4.916024591449811
4.895 4.516683583704124
4.905 4.110542800448402
4.915 3.7062766077195577
4.925 3.3101940953905706
4.935 2.933458098428972
4.945 2.579756411523565
4.955 2.254266741088859
4.965 1.9611039938253665
4.975 1.7051961213468276
4.985 1.4860290624190284
4.995 1.3063936443273414
5.005 1.1673007081685276
5.015 1.0693392985787646
5.025 1.0128125833374955
5.035 0.9978477819670535
5.045 1.0244722920173959
5.055 1.0926515032362725
5.065 1.2022872139798066
5.075 1.3531788925706278
5.085 1.5466909151913
5.095 1.7795482560882574
5.105 2.0519989389938758
5.115 2.362680159301717
5.125 2.7096833741168953
5.135 3.090480806870156
5.145 3.5018817846312786
5.155 3.940025902380251
5.165 4.400417042166335
5.175 4.877998877984105
5.185 5.368945127811623
5.195 5.864913065443801
5.205 6.361190727703713
5.215 6.850524141556466
5.225 7.330979948188537
5.235 7.795354505952121
5.245 8.239297161424433
5.255 8.659173006788269
5.265 9.052148775057892
5.275 9.416233818752408
5.285 9.750275998711153
5.295 10.053915466828652
5.305 10.327502005314827
5.315 10.571983560603659
5.325 10.788774754367246
5.335 10.979614446917436
5.345 11.146420951461979
5.355 11.291152415716159
5.365 11.41567841731178
5.375 11.52166719562598
5.385 11.610491381921792
5.395 11.683153762490488
5.405 11.740233620690727
5.415 11.781853585362754
5.425 11.807666628534008
5.435 11.816862813872241
5.445 11.809725851676008
5.455 11.782298231834933
5.465 11.733729321172925
5.475 11.6619357492523
5.485 11.564730757316491
5.495 11.439949521367524
5.505 11.285588099922755
5.515 11.099951633362345
5.525 10.88180608977337
5.535 10.630526628682066
5.545 10.346234686943223
5.555 10.029915318619828
5.565 9.683506257636344
5.575 9.30995069727
5.585 8.913206927958251
5.595 8.498209727359368
5.605 8.070780684699422
5.615 7.638932440837209
5.625 7.207599109877842
5.635 6.785282648711157
5.645 6.379611961122023
5.655 5.998027787376159
5.665 5.64623358461647
5.675 5.33339662365284
5.685 5.062887676575305
5.695 4.838723607672632
5.705 4.663509334376197
5.715 4.538332986431399
5.725 4.464122506277622
5.735 4.436780917101335
5.745 4.453926029757371
5.755 4.511037110177567
5.765 4.602624523262893
5.775 4.722516525899392
5.785 4.862969442370705
5.795 5.020234744848576
5.805 5.186273595823028
5.815 5.355417558493079
5.825 5.522809743528949
5.835 5.6845929696866015
5.845 5.838024239818271
5.855 5.981509622942424
5.865 6.114559256049409
5.875 6.2376678944903405
5.885 6.352131759341011
5.895 6.458657776344664
5.905 6.562131976994983
5.915 6.663083260007437
5.925 6.763536808520604
5.935 6.865047283410272
5.945 6.9685127795009
5.955 7.074043186943313
5.965 7.180889672310724
5.975 7.287437037668262
5.985 7.39125605186395
5.995 7.4880908967744
6.005 7.576859414602364
6.015 7.651861985060133
6.025 7.708878577854138
6.035 7.743702252261316
6.045 7.752343286628814
6.055 7.731218368895384
6.065 7.67731733701037
6.075 7.588341872943488
6.085 7.4628123315031445
6.095 7.300140424883768
6.105 7.100666761257469
6.115 6.865663289313509
6.125 6.5973016087630025
6.135 6.298588959612944
6.1450000000000005 5.973274575264584
6.155 5.625730014449068
6.165 5.260808064793157
6.175 4.883685778041389
6.185 4.499698057060959
6.195 4.114168851278048
6.205 3.732247316422923
6.215 3.3587561678162263
6.225 2.9980588585902446
6.235 2.6539511539017764
6.245 2.329581213859152
6.255 2.0263798289264034
6.265 1.7484723513219702
6.275 1.495413240530422
6.285 1.2676104182965577
6.295 1.0648605164228016
6.305 0.8864308358679536
6.315 0.7311519842670381
6.325 0.5975154841257385
6.335 0.48377100418358143
6.345 0.3880185624356104
6.355 0.3082919820751987
6.365 0.24263094297454035
6.375 0.18914005656931365
6.385 0.1460344103485604
6.3950000000000005 0.11167190971696098
6.405 0.08457344439713525
6.415 0.06343240296443414
6.425 0.04615150943623349
6.435 0.03401935636890349
6.445 0.024826947787819933
6.455 0.01793814888414343
6.465 0.012831841095490472
6.475 0.009087771036290906
6.485 0.006372103708607227
6.495 0.004423493053562288
6.505 0.0030402193505197008
6.515 0.002068719191262627
6.525 0.0013936548259646932
6.535 0.0
6.545 0.0
6.555 0.0
6.565 0.0
6.575 0.0010746796056259002
6.585 0.001595237416896208
6.595 0.002344383753969446
6.605 0.0034110582345959336
6.615 0.0049136771695481776
6.625 0.008082470926220095
6.635 0.01149016812070972
6.6450000000000005 0.016176906993808124
6.655 0.02255569430977362
6.665 0.03114679300644363
6.675 0.04259629217168509
6.685 0.057694784263042684
6.695 0.07739495345266872
6.705 0.10282652521950092
6.715 0.135306682259258
6.725 0.17634375217087966
6.735 0.22763176259090154
6.745 0.29103338884496815
6.755 0.36854893791328963
6.765 0.4622693658921768
6.775 0.574311948008694
6.785 0.7067381257838948
6.795 0.8614542348463324
6.805 1.0400972279546332
6.815 1.2439090758445603
6.825 1.4736051449099068
6.835 1.729243377891552
6.845 2.0101023843306907
6.855 2.314577417783575
6.865 2.640103523308891
6.875 2.983114757143544
6.885 3.339047233843195
6.8950000000000005 3.702391830855571
6.905 4.0667997370735955
6.915 4.425240808897167
6.925 4.770211106438719
6.935 5.093982294901775
6.945 5.388882120332889
6.955 5.647592222088837
6.965 5.863447420121522
6.975 6.030719551417558
6.985 6.144869080356409
6.995 6.202749121206963
