0.005 0.0
0.015 0.0
0.025 0.0
0.034999999999999996 0.0
0.045 0.0
0.055 0.0
0.065 0.0
0.07500000000000001 0.0
0.085 0.0
0.095 0.0
0.10500000000000001 0.0
0.115 0.0
0.125 0.0
0.135 0.0
0.14500000000000002 0.0
0.155 0.0
0.165 0.0
0.17500000000000002 0.0
0.185 0.0
0.195 0.0
0.20500000000000002 0.0
0.215 0.0
0.225 0.0
0.23500000000000001 0.0
0.245 0.0
0.255 0.0
0.265 0.0
0.275 0.0
0.28500000000000003 0.0
0.295 0.0
0.305 0.0
0.315 0.0
0.325 0.0
0.335 0.0
0.34500000000000003 0.0
0.35500000000000004 0.0
0.365 0.0
0.375 0.0
0.385 0.0
0.395 0.0
0.405 0.0
0.41500000000000004 0.0
0.425 0.0
0.435 0.0
0.445 0.0
0.455 0.0
0.465 0.0
0.47500000000000003 0.0
0.485 0.0
0.495 0.0
0.505 0.0
0.515 0.0
0.525 0.0
0.535 0.0
0.545 0.0
0.555 0.0
0.5650000000000001 0.0
0.5750000000000001 0.0
0.585 0.0
0.595 0.0
0.605 0.0
0.615 0.0
0.625 0.0
0.635 0.0
0.645 0.0
0.655 0.0
0.665 0.0
0.675 0.0
0.685 0.0
0.6950000000000001 0.0
0.7050000000000001 0.0
0.715 0.0
0.725 0.0
0.735 0.0
0.745 0.0
0.755 0.0
0.765 0.0
0.775 0.0
0.785 0.0
0.795 0.0
0.805 0.0
0.8150000000000001 0.0
0.8250000000000001 0.0
0.8350000000000001 0.0
0.845 0.0
0.855 0.0
0.865 0.0
0.875 0.0
0.885 0.0
0.895 0.0
0.905 0.0
0.915 0.0
0.925 0.0
0.935 0.0
0.9450000000000001 0.0
0.9550000000000001 0.0
0.965 0.0
0.975 0.0
0.985 0.0
0.995 0.0
1.005 0.0
1.015 0.0
1.025 0.0
1.035 0.0
1.045 0.0
1.055 0.0
1.065 0.0
1.075 0.0
1.085 0.0
1.095 0.0
1.105 0.0
1.115 0.0
1.125 0.0
1.135 0.0
1.145 0.0
1.155 0.0
1.1649999999999998 0.0
1.1749999999999998 0.0
1.1849999999999998 0.0
1.1949999999999998 0.0
1.2049999999999998 0.0
1.2149999999999999 0.0
1.2249999999999999 0.0
1.2349999999999999 0.0
1.2449999999999999 0.0
1.255 0.0
1.265 0.018859827856285222
1.275 0.02799523031335964
1.285 0.04114219140055661
1.295 0.05986153526638865
1.305 0.08623138010055117
1.315 0.12298152609139913
1.325 0.17364867514640073
1.335 0.24275049582753044
1.345 0.33597412555232475
1.355 0.46037167377870825
1.365 0.6245517233240202
1.375 0.8388518819594302
1.385 1.115473379847887
1.395 1.4685549215680056
1.405 1.9141599744035116
1.4149999999999998 2.4701499831787648
1.4249999999999998 3.155916265321882
1.4349999999999998 3.991946157392408
1.4449999999999998 4.999204854717337
1.4549999999999998 6.198323614491781
1.4649999999999999 7.608597597541824
1.4749999999999999 9.246812252071948
1.4849999999999999 11.12593501409167
1.4949999999999999 13.253727991811665
1.505 15.63135559081522
1.515 18.252076798480495
1.525 21.100123018614322
1.535 24.149866949141984
1.545 27.36538437518992
1.555 30.70049783947172
1.565 34.09936869350365
1.575 37.497672738021095
1.585 40.82435627135484
1.595 44.003926594960994
1.605 46.9591873741522
1.615 49.61428869294848
1.625 51.89792822237815
1.635 53.746517312963014
1.645 55.10711687650897
1.655 55.939954294649624
1.665 56.22035448242549
1.6749999999999998 55.939954294649624
1.6849999999999998 55.10711687650897
1.6949999999999998 53.746517312963014
1.7049999999999998 51.89792822237815
1.7149999999999999 49.61428869294848
1.7249999999999999 46.9591873741522
1.7349999999999999 44.0153967939659
1.7449999999999999 40.84138245342444
1.755 37.52269465903004
1.765 34.13577537374891
1.775 30.752942172355237
1.785 27.44017946817509
1.795 24.25547686647765
1.805 21.247759387137855
1.815 18.45641005697837
1.825 15.911345140810118
1.835 13.633568815915206
1.845 11.636109237050253
1.855 9.92522256148865
1.865 8.501745580035346
1.875 7.362480360827795
1.885 6.501504456544218
1.895 5.911316147505647
1.905 5.583744196258881
1.915 5.510574052096262
1.9249999999999998 5.683865928072831
1.9349999999999998 6.0959634672380165
1.9449999999999998 6.739213824377117
1.9549999999999998 7.605440087308922
1.9649999999999999 8.685224322320408
1.9749999999999999 9.96707346922051
1.9849999999999999 11.436550160852331
1.9949999999999999 13.07545564540325
2.005 14.861151761570348
2.015 16.766102927886937
2.025 18.75770719906
2.035 20.798467838384635
2.045 22.846534255598545
2.0549999999999997 24.856614783353933
2.065 26.781235332422984
2.0749999999999997 28.559710533656816
2.085 30.17449412218396
2.0949999999999998 31.563361510456247
2.105 32.687639256195936
2.1149999999999998 33.51513078362559
2.125 34.02164712076279
2.135 34.192181336626795
2.145 34.02164712076279
2.155 33.51513078362559
2.165 32.687639256195936
2.175 31.563361510456247
2.185 30.17449412218396
2.195 28.559710533656816
2.205 26.7623755045667
2.215 24.828619553040575
2.225 22.80539206419799
2.235 20.738606303118246
2.245 18.67147581895945
2.255 16.643121401795536
2.265 14.687503086423947
2.275 12.83270514957572
2.285 11.100576035300007
2.295 9.506701795441803
2.305 8.060672598996389
2.315 6.766588205349492
2.3249999999999997 5.62374044452923
2.335 4.6274085456700105
2.3449999999999998 3.7697059536693196
2.355 3.0404240689174973
2.3649999999999998 2.4278279309369992
2.375 1.9193699901132388
2.385 1.5022996018268815
2.395 1.1641567463360134
2.405 0.8931479824935223
2.415 0.6784103094167018
2.425 0.5101742229585826
2.435 0.3798408241035403
2.445 0.27998954999489845
2.455 0.20433325849787665
2.465 0.14763636852353224
2.475 0.10560991733566487
2.485 0.07479509298516973
2.495 0.05244433288351677
2.505 0.03640668024526722
2.515 0.025021921008943245
2.525 0.017026182069596357
2.535 0.011470199004904046
2.545 0.0
2.555 0.0
2.565 0.0
2.5749999999999997 0.0
2.585 0.0
2.5949999999999998 0.0
2.605 0.0
2.6149999999999998 0.0
2.625 0.0
2.635 0.0
2.645 0.0
2.655 0.0
2.665 0.0
2.675 0.0
2.685 0.0
2.695 0.0
2.705 0.0
2.715 0.0
2.725 0.0
2.735 0.0
2.745 0.0
2.755 0.0
2.765 0.0
2.775 0.0
2.785 0.0
2.795 0.0
2.805 0.0
2.815 0.0
2.8249999999999997 0.0
2.835 0.0
2.8449999999999998 0.0
2.855 0.0
2.8649999999999998 0.0
2.875 0.0
2.885 0.0
2.895 0.0
2.905 0.0
2.915 0.0
2.925 0.0
2.935 0.0
2.945 0.0
2.955 0.0
2.965 0.0
2.975 0.0
2.985 0.0
2.995 0.0
3.005 0.0
3.015 0.0
3.025 0.0
3.035 0.0
3.045 0.0
3.055 0.0
3.065 0.0
3.075 0.0
3.085 0.0
3.0949999999999998 0.0
3.105 0.0
3.1149999999999998 0.0
3.125 0.0
3.135 0.0
3.145 0.004160396655067407
3.155 0.006175627022742307
3.165 0.009075789916501036
3.175 0.013205196409387446
3.185 0.01902227040808435
3.195 0.027129194056520988
3.205 0.03830614853651539
3.215 0.057550546898885786
3.225 0.08005321856166672
3.235 0.11028371525920926
3.245 0.15047215908691156
3.255 0.2033398239012854
3.265 0.27215733536099934
3.275 0.3607938899435297
3.285 0.4737513761104113
3.295 0.6161763940141091
3.305 0.7938425858284663
3.315 1.0130955537304278
3.325 1.2807531006715211
3.335 1.603954704349477
3.3449999999999998 1.989956112044632
3.355 2.4458677493358634
3.3649999999999998 2.978339219252984
3.375 3.593196391924277
3.385 4.2950422170689695
3.395 5.086837113961162
3.405 5.969479215829283
3.415 6.941408434742369
3.425 7.99826082964273
3.435 9.132600703348768
3.445 10.337293415325822
3.455 11.59655453328319
3.465 12.890523403932011
3.475 14.202056629005664
3.485 15.509369416356495
3.495 16.78900834788845
3.505 18.016620982821845
3.515 19.167841474108208
3.525 20.21925542388425
3.535 21.14939944621413
3.545 21.939745427756694
3.555 22.575616766538282
3.565 23.046984227660285
3.575 23.35240154815812
3.585 23.48778750502008
3.5949999999999998 23.465621731797
3.605 23.293771352809753
3.6149999999999998 22.99294044491322
3.625 22.5865901938486
3.635 22.102284983566108
3.645 21.570646195988388
3.655 21.02414420062536
3.665 20.495783711143996
3.675 20.017744627040173
3.685 19.620044234480353
3.695 19.32928688553202
3.705 19.167563843824503
3.715 19.151558894786216
3.725 19.291904793329643
3.735 19.592822108528576
3.745 20.052056203038873
3.755 20.661110858146913
3.765 21.405759519030028
3.775 22.26679851789394
3.785 23.220992209757405
3.795 24.2421489357417
3.805 25.302260128875822
3.815 26.372633396352136
3.825 27.424954321041746
3.835 28.43222079421418
3.8449999999999998 29.36950716876582
3.855 30.214532174379904
3.8649999999999998 30.94802275359408
3.875 31.553883938347283
3.885 32.019200757588855
3.895 32.334110322939374
3.905 32.49158946704072
3.915 32.487204963892424
3.925 32.31886945780301
3.935 31.986637448303576
3.945 31.492563284938015
3.955 30.837853912252946
3.965 30.03490146457133
3.975 29.087532370678854
3.985 28.0056959432643
3.995 26.801344850764494
4.005 25.48842179983714
4.015 24.082763954551673
4.025 22.599237233438142
4.035 21.06300963567283
4.045 19.49011308650045
4.055 17.901021196851243
4.065 16.316096704711008
4.075 14.755010516588987
4.085 13.236169874556412
4.095 11.776193546301522
4.1049999999999995 10.389467767890586
4.115 9.087809469672765
4.125 7.880254045685656
4.135 6.772974691173963
4.145 5.769330235417142
4.155 4.87002941192693
4.165 4.073392382000096
4.175 3.375685523376463
4.185 2.771503177494314
4.195 2.254170105412068
4.205 1.8161405001239
4.215 1.4493730560718436
4.225 1.1456662444521764
4.235 0.8969430221408503
4.245 0.6954792066777296
4.255 0.5317155047666035
4.265 0.40226295068897855
4.275 0.3033340994418782
4.285 0.22647985252953043
4.295 0.16743059735719898
4.305 0.12255661643202975
4.315 0.08882498506903531
4.325 0.06374259296790903
4.335 0.04529187108057242
4.345 0.03186445526861033
4.355 0.02219668787217059
4.365 0.015309641746546285
4.375 0.010455306978599156
4.385 0.004862728606396326
4.395 0.0032759231984136696
4.405 0.0
4.415 0.0
4.425 0.002245808466441577
4.435 0.0033336425834222176
4.445 0.004899168883163349
4.455 0.007128248663767314
4.465 0.010268342053727748
4.475 0.016844487650572018
4.485 0.023943512486272602
4.495 0.033705662254161724
4.505 0.04699022360828477
4.515 0.06487936438263447
4.525 0.08871661356488744
4.535 0.1201455147576507
4.545 0.16114595837095474
4.555 0.2140649644048795
4.565 0.28163797397029045
4.575 0.3669960902496861
4.585 0.4736542807849593
4.595 0.6075709573236749
4.605 0.769715860003855
4.615 0.9659457464320742
4.625 1.2008152060847466
4.635 1.478815909617983
4.645 1.8062393523317106
4.655 2.1837349768878536
4.665 2.6158461382430813
4.675 3.1048227923287666
4.685 3.6517551524655523
4.695 4.256358024083854
4.705 4.916792873731865
4.715 5.629544524852882
4.725 6.391358432538534
4.735 7.192271545660835
4.745 8.025205504325106
4.755 8.88042550647938
4.765 9.74717721829149
4.775 10.614072576958108
4.785 11.469532917909401
4.795 12.30226404198244
4.805 13.101733293465958
4.815 13.858616359846518
4.825 14.565181741798803
4.835 15.215583858514924
4.845 15.806041458238887
4.855 16.33488602424041
4.865 16.802474570299697
4.875 17.21097177023787
4.885 17.564016803693725
4.895 17.86629964378228
4.905 18.123078865150312
4.915 18.33967770243464
4.925 18.520996594640273
4.935 18.671078682643714
4.945 18.792759887257205
4.955 18.887427791167212
4.965 18.954904330371246
4.975 18.993457175451994
4.985 18.999934607136936
4.995 18.970009565976827
5.005 18.89851113491011
5.015 18.779816527297164
5.025 18.60827397180905
5.035 18.37862671210347
5.045 18.086410435257093
5.055 17.728300381701835
5.065 17.302389625031445
5.075 16.808385952598467
5.085 16.247720863580707
5.095 15.623569948931669
5.105 14.940788965230038
5.115 14.20577403370988
5.125 13.426257486850936
5.135 12.611052954961249
5.145 11.769764417338106
5.155 10.912474262446427
5.165 10.049425047130168
5.175 9.190708744611067
5.185 8.345975931994026
5.195 7.524175674152846
5.205 6.733334879286383
5.215 5.980383693019821
5.225 5.27103112882116
5.235 4.608194780563785
5.245 3.99848012226488
5.255 3.441527676294483
5.265 2.937986013713806
5.275 2.487378486905005
5.285 2.0867756801303985
5.295 1.737321727146745
5.305 1.4339409633745244
5.315 1.173249763605987
5.325 0.9515268893041577
5.335 0.7648704777553711
5.345 0.6093369991723988
5.355 0.48105900444525773
5.365 0.3763400069766287
5.375 0.2917262555638903
5.385 0.22405637535244302
5.395 0.17204772114330613
5.405 0.12943713857393002
5.415 0.09845393219337151
5.425 0.07534179395287426
5.435 0.05875813489858028
5.445 0.04766720470264822
5.455 0.03995623797918975
5.465 0.038367245480991456
5.475 0.040715240935153295
5.485 0.04710556165523197
5.495 0.05787557065777331
5.505 0.07508996396169985
5.515 0.09726406209679425
5.525 0.12649235961506672
5.535 0.16277522662238306
5.545 0.2122486436049795
5.555 0.27397210771314073
5.565 0.34876091007965176
5.575 0.4399011578275542
5.585 0.5498331549211867
5.595 0.6810869859458903
5.605 0.8362235388090405
5.615 1.017766009300256
5.625 1.2281244709265626
5.635 1.4695168753609016
5.645 1.7453211792041967
5.655 2.054971038004372
5.665 2.4006998286266263
5.675 2.7847687350853576
5.685 3.205408348892645
5.695 3.6635450680121613
5.705 4.158705785919513
5.715 4.689981180263297
5.725 5.2560527731303575
5.735 5.855222931850777
5.745 6.485441488889688
5.755 7.144322883711807
5.765 7.829148839688745
5.775 8.536853540308615
5.785 9.263990892676167
5.795 10.006686480027135
5.805 10.760579840232008
5.815 11.520765353957714
5.825 12.281741888017702
5.835 13.037382092722888
5.845 13.780931698572182
5.855 14.50504726323256
5.865 15.201877730850459
5.875 15.863191199627657
5.885 16.48054390247732
5.895 17.04548411813187
5.905 17.549780078806887
5.915 17.985658385611302
5.925 18.346038304484942
5.935 18.624747725408323
5.945 18.816708448935387
5.955 18.918081541690377
5.965 18.92636734438731
5.975 18.84045879843239
5.985 18.660650543543085
5.995 18.388609259290288
6.005 18.027312643421013
6.015 17.580965085503525
6.025 17.05489754926795
6.035 16.455457646415084
6.045 15.789893732747874
6.055 15.066234523389452
6.065 14.293163648726747
6.075 13.479887129400549
6.085 12.63599118536735
6.095 11.77128820043286
6.105 10.895649963588912
6.115 10.018829279407901
6.125 9.150273353914116
6.135 8.298934642235729
6.1450000000000005 7.473086722593819
6.155 6.680153935466124
6.165 5.92656380136145
6.175 5.2176305394823315
6.185 4.557476418607202
6.195 3.948995361974836
6.205 3.3928220486563245
6.215 2.891888461472476
6.225 2.444108807959667
6.235 2.0479790768097432
6.245 1.7011694493472378
6.255 1.400688045550119
6.265 1.1430501227823133
6.275 0.9244442427469128
6.285 0.740888002149827
6.295 0.5883674206419548
6.305 0.4629558126377149
6.315 0.36106918221495055
6.325 0.27980223752315797
6.335 0.2165186851147613
6.345 0.16675341193764812
6.355 0.1280068990463975
6.365 0.09971975877928857
6.375 0.0812765374806144
6.385 0.07019593670238819
6.3950000000000005 0.06696814556882069
6.405 0.06959721595476379
6.415 0.07898666945911409
6.425 0.09566248434399577
6.435 0.12164784128103817
6.445 0.1565274030060518
6.455 0.20292741193764657
6.465 0.2635000615447213
6.475 0.3401463781416042
6.485 0.43486323745000743
6.495 0.5531212075812058
6.505 0.6970739325723057
6.515 0.8715611121315865
6.525 1.0787523380709803
6.535 1.3232312740019334
6.545 1.6086933924723472
6.555 1.9385194531482934
6.565 2.3156066208152306
6.575 2.7421934477422147
6.585 3.2196870370439608
6.595 3.7485016173808487
6.605 4.32791807702216
6.615 4.955973633415105
6.625 5.6293897208096375
6.635 6.343544402959846
6.6450000000000005 7.0924932744343545
6.655 7.869040083592266
6.665 8.664855424105669
6.675 9.470639056998362
6.685 10.277412404487011
6.695 11.072901658538656
6.705 11.846987216402306
6.715 12.588797557924776
6.725 13.287696627364873
6.735 13.933532784033636
6.745 14.517984219549149
6.755 15.030858727094941
6.765 15.466694937973985
6.775 15.817772354728039
6.785 16.080318457787488
6.795 16.251386236596034
6.805 16.330823723348026
6.815 16.317356793987198
6.825 16.21401394271993
6.835 16.02485827236773
6.845 15.755718768292834
6.855 15.41412870622774
6.865 15.01037496232812
6.875 14.553297109002632
6.885 14.056736488150182
6.8950000000000005 13.531884383472079
6.905 12.993284884729103
6.915 12.45515876598159
6.925 11.93182428541984
6.935 11.437321941719233
6.945 10.985028702220305
6.955 10.587275501355245
6.965 10.254982728670308
6.975 9.9973285161902
6.985 9.821463857707027
6.995 9.732286974976263
