0.005 0.0
0.015 0.0
0.025 0.0
0.034999999999999996 0.0
0.045 0.0
0.055 0.0
0.065 0.0
0.07500000000000001 0.0
0.085 0.0
0.095 0.0
0.10500000000000001 0.0
0.115 0.0
0.125 0.0
0.135 0.0
0.14500000000000002 0.0
0.155 0.0
0.165 0.0
0.17500000000000002 0.0
0.185 0.0
0.195 0.0
0.20500000000000002 0.0
0.215 0.0
0.225 0.0
0.23500000000000001 0.0
0.245 0.0
0.255 0.0
0.265 0.0
0.275 0.0
0.28500000000000003 0.0
0.295 0.0
0.305 0.0
0.315 0.0
0.325 0.0
0.335 0.0
0.34500000000000003 0.0
0.35500000000000004 0.0
0.365 0.0
0.375 0.0
0.385 0.0
0.395 0.0
0.405 0.0
0.41500000000000004 0.0
0.425 0.0
0.435 0.0
0.445 0.0
0.455 0.0
0.465 0.0
0.47500000000000003 0.0
0.485 0.0
0.495 0.0
0.505 0.0
0.515 0.0
0.525 0.0
0.535 0.0
0.545 0.0
0.555 0.0
0.5650000000000001 0.0
0.5750000000000001 0.0
0.585 0.0
0.595 0.0
0.605 0.0
0.615 0.0
0.625 0.0
0.635 0.0
0.645 0.0
0.655 0.0
0.665 0.0
0.675 0.0
0.685 0.0
0.6950000000000001 0.0
0.7050000000000001 0.0
0.715 0.0
0.725 0.0
0.735 0.0
0.745 0.0
0.755 0.0
0.765 0.0
0.775 0.0
0.785 0.0
0.795 0.0
0.805 0.0
0.8150000000000001 0.0
0.8250000000000001 0.0
0.8350000000000001 0.0
0.845 0.0
0.855 0.0
0.865 0.0
0.875 0.0
0.885 0.0
0.895 0.0
0.905 0.0
0.915 0.0
0.925 0.0
0.935 0.0
0.9450000000000001 0.0
0.9550000000000001 0.0
0.965 0.0
0.975 0.0
0.985 0.0
0.995 0.0
1.005 0.0
1.015 0.0
1.025 0.0
1.035 0.0
1.045 0.0
1.055 0.0
1.065 0.0
1.075 0.0
1.085 0.0
1.095 0.0
1.105 0.0
1.115 0.0
1.125 0.0
1.135 0.0
1.145 0.0
1.155 0.0
1.1649999999999998 0.0
1.1749999999999998 0.0
1.1849999999999998 0.0
1.1949999999999998 0.0
1.2049999999999998 0.0
1.2149999999999999 0.0
1.2249999999999999 0.0
1.2349999999999999 0.0
1.2449999999999999 0.0
1.255 0.0
1.265 0.0
1.275 0.0
1.285 0.0
1.295 0.0
1.305 0.0
1.315 0.0
1.325 0.0
1.335 0.0
1.345 0.0
1.355 0.0
1.365 0.0
1.375 0.0
1.385 0.0
1.395 0.0
1.405 0.0
1.4149999999999998 0.0
1.4249999999999998 0.0
1.4349999999999998 0.0
1.4449999999999998 0.0
1.4549999999999998 0.0
1.4649999999999999 0.0
1.4749999999999999 0.0
1.4849999999999999 0.0
1.4949999999999999 0.0
1.505 0.0
1.515 0.0
1.525 0.0
1.535 0.0
1.545 0.0
1.555 0.0
1.565 0.0
1.575 0.0
1.585 0.0
1.595 0.0
1.605 0.0
1.615 0.0
1.625 0.0
1.635 0.0
1.645 0.0
1.655 0.0
1.665 0.0
1.6749999999999998 0.0
1.6849999999999998 0.0
1.6949999999999998 0.0
1.7049999999999998 0.0
1.7149999999999999 0.0
1.7249999999999999 0.0
1.7349999999999999 0.0
1.7449999999999999 0.0
1.755 0.0
1.765 0.0
1.775 0.0
1.785 0.0
1.795 0.0
1.805 0.0
1.815 0.0
1.825 0.0
1.835 0.0
1.845 0.0
1.855 0.0
1.865 0.0
1.875 0.0
1.885 0.0
1.895 0.0
1.905 0.0
1.915 0.0
1.9249999999999998 0.0
1.9349999999999998 0.0
1.9449999999999998 0.0
1.9549999999999998 0.0
1.9649999999999999 0.0
1.9749999999999999 0.0
1.9849999999999999 0.0
1.9949999999999999 0.0
2.005 0.0
2.015 0.0
2.025 0.0
2.035 0.0
2.045 0.0
2.0549999999999997 0.0
2.065 0.0
2.0749999999999997 0.0
2.085 0.0
2.0949999999999998 0.0
2.105 0.0
2.1149999999999998 0.0
2.125 0.0
2.135 0.0
2.145 0.0
2.155 0.0
2.165 0.0
2.175 0.0
2.185 0.0
2.195 0.0
2.205 0.0
2.215 0.0
2.225 0.0
2.235 0.0
2.245 0.0
2.255 0.0
2.265 0.0
2.275 0.0
2.285 0.0
2.295 0.0
2.305 0.0
2.315 0.0
2.3249999999999997 0.0
2.335 0.0
2.3449999999999998 0.0
2.355 0.0
2.3649999999999998 0.0
2.375 0.0
2.385 0.0
2.395 0.006692731740023334
2.405 0.009934585188965252
2.415 0.014600008671280421
2.425 0.021242887270064303
2.435 0.03060067668606229
2.445 0.04364209309758438
2.455 0.06162219552698664
2.465 0.08614415575324988
2.475 0.11922615153463692
2.485 0.16337074424990614
2.495 0.2216328364091579
2.505 0.2976809045315435
2.515 0.39584476334290014
2.525 0.5211417734266423
2.535 0.6792723302563579
2.545 0.8765748723167246
2.555 1.1199307394916995
2.565 1.4166102127565625
2.5749999999999997 1.7740531494244334
2.585 2.199580903163994
2.5949999999999998 2.700040691048147
2.605 3.281389115800138
2.6149999999999998 3.948227893365039
2.625 4.703311540294483
2.635 5.547053265779186
2.645 6.47706090646125
2.655 7.487738706905266
2.665 8.569992381664223
2.675 9.711073610077301
2.685 10.894595533451554
2.695 12.100742854538517
2.705 13.306689033597195
2.715 14.487219452125688
2.725 15.615544237833813
2.735 16.664268954074934
2.745 17.606476963856085
2.755 18.416865419034508
2.765 19.07286880226237
2.775 19.555700774738256
2.785 19.851247344152544
2.795 19.950752135550236
2.805 19.851247344152544
2.815 19.555700774738256
2.8249999999999997 19.07286880226237
2.835 18.416865419034508
2.8449999999999998 17.606476963856085
2.855 16.664268954074934
2.8649999999999998 15.615544237833813
2.875 14.487219452125688
2.885 13.306689033597195
2.895 12.100742854538517
2.905 10.894595533451554
2.915 9.711073610077301
2.925 8.569992381664223
2.935 7.487738706905266
2.945 6.47706090646125
2.955 5.547053265779186
2.965 4.703311540294483
2.975 3.948227893365039
2.985 3.281389115800138
2.995 2.700040691048147
3.005 2.199580903163994
3.015 1.7740531494244334
3.025 1.4166102127565625
3.035 1.1199307394916995
3.045 0.8765748723167246
3.055 0.6792723302563579
3.065 0.5211417734266423
3.075 0.39584476334290014
3.085 0.2976809045315435
3.0949999999999998 0.2216328364091579
3.105 0.16337074424990614
3.1149999999999998 0.11922615153463692
3.125 0.08614415575324988
3.135 0.06162219552698664
3.145 0.04364209309758438
3.155 0.03060067668606229
3.165 0.021242887270064303
3.175 0.014600008671280421
3.185 0.009934585188965252
3.195 0.006692731740023334
3.205 0.0
3.215 0.0
3.225 0.0
3.235 0.0
3.245 0.0
3.255 0.0
3.265 0.0
3.275 0.0
3.285 0.0
3.295 0.0
3.305 0.0
3.315 0.0
3.325 0.0
3.335 0.0
3.3449999999999998 0.0
3.355 0.0
3.3649999999999998 0.0
3.375 0.0
3.385 0.0
3.395 0.0
3.405 0.0
3.415 0.0
3.425 0.0
3.435 0.0
3.445 0.0
3.455 0.0
3.465 0.0
3.475 0.0
3.485 0.0
3.495 0.0
3.505 0.0
3.515 0.0
3.525 0.0
3.535 0.0
3.545 0.0
3.555 0.0
3.565 0.0
3.575 0.0
3.585 0.0
3.5949999999999998 0.0
3.605 0.0
3.6149999999999998 0.0
3.625 0.0
3.635 0.0
3.645 0.0
3.655 0.0
3.665 0.0
3.675 0.0
3.685 0.0
3.695 0.0
3.705 0.0
3.715 0.0
3.725 0.0
3.735 0.0
3.745 0.0
3.755 0.0
3.765 0.0
3.775 0.0
3.785 0.0
3.795 0.0
3.805 0.0
3.815 0.0
3.825 0.0
3.835 0.0
3.8449999999999998 0.0
3.855 0.0
3.8649999999999998 0.0
3.875 0.0
3.885 0.0
3.895 0.0
3.905 0.0
3.915 0.0
3.925 0.0
3.935 0.0
3.945 0.0
3.955 0.0
3.965 0.0
3.975 0.0
3.985 0.0
3.995 0.0
4.005 0.0
4.015 0.0
4.025 0.0
4.035 0.0
4.045 0.0
4.055 0.0
4.065 0.0
4.075 0.0
4.085 0.0
4.095 0.0
4.1049999999999995 0.0
4.115 0.0
4.125 0.002553466483452176
4.135 0.0037903252800828282
4.145 0.005570316314530145
4.155 0.00810476241434906
4.165 0.011675023790591084
4.175 0.016650693068417044
4.185 0.023510610768085024
4.195 0.03534269261789969
4.205 0.05162938856421046
4.215 0.07139222864130434
4.225 0.09779736273418102
4.235 0.13272131569443588
4.245 0.1784461213266319
4.255 0.23770726974794143
4.265 0.31373513237315626
4.275 0.41267753796409834
4.285 0.535203600829006
4.295 0.6878816545129751
4.305 0.8762308905727706
4.315 1.1062616262104255
4.325 1.3843839587663156
4.335 1.7172765417460016
4.345 2.1117132222283272
4.355 2.5743473437374984
4.365 3.1114560151638417
4.375 3.7286494670334918
4.385 4.430553607836101
4.395 5.220476863077527
4.405 6.100075108961052
4.415 7.069030770192525
4.425 8.12476371304181
4.435 9.262192232275911
4.445 10.473562050765775
4.455 11.74835973196548
4.465 13.073324230832688
4.475 14.4325665424518
4.485 15.807802696781343
4.495 17.178699917280873
4.505 18.523329901455714
4.515 19.81871723236112
4.525 21.041465259022743
4.535 22.168436760522532
4.545 23.177462679854614
4.555 24.04804947737906
4.565 24.76205443546088
4.575 25.30429868018666
4.585 25.66308980313599
4.595 25.830629686160478
4.605 25.80328826724226
4.615 25.581730250755584
4.625 25.170888796956195
4.635 24.579787605443624
4.645 23.82122009339452
4.655 22.91130112642631
4.665 21.8689125910908
4.675 20.715068672273063
4.685 19.472229773452376
4.695 18.16359545327034
4.705 16.812406518303387
4.715 15.441284587397437
4.725 14.071634203550754
4.735 12.723128172933404
4.745 11.413291575170648
4.755 10.157194168030454
4.765 8.967255066578184
4.775 7.8531579601630455
4.785 6.821870051430807
4.795 5.877753615311258
4.805 5.022755768796184
4.815 4.256659823499102
4.825 3.577380492815001
4.835 2.981285199399152
4.845 2.4635246663001547
4.855 2.018357713671734
4.865 1.6394575237932787
4.875 1.320189363221762
4.885 1.0538526449125019
4.895 0.833883073404788
4.905 0.6540132699106005
4.915 0.5083925869484602
4.925 0.39166870307583834
4.935 0.29733188770686997
4.945 0.22512394041608463
4.955 0.16888916356192432
4.965 0.1255350688185685
4.975 0.09244749548257697
4.985 0.06744908755191956
4.995 0.04875198958307124
5.005 0.03325671000495273
5.015 0.02202611281896897
5.025 0.015599341406171847
5.035 0.010937843925551562
5.045 0.007593014620943943
5.055 0.005218597542677871
5.065 0.0035509980180108524
5.075 0.0023922364841462034
5.085 0.0
5.095 0.0
5.105 0.0
5.115 0.0
5.125 0.0
5.135 0.0
5.145 0.0
5.155 0.0016943349201596417
5.165 0.004203295108454113
5.175 0.006202157937597471
5.185 0.009060731750305166
5.195 0.013105429460321245
5.205 0.018767515936369474
5.215 0.026609082513620347
5.225 0.03735257929761683
5.235 0.051913331430693044
5.245 0.07143397667717435
5.255 0.09731917018587588
5.265 0.1312682286115957
5.275 0.17692610602980618
5.285 0.23581242511952566
5.295 0.3093664591139709
5.305 0.40194336294650307
5.315 0.5171968646102039
5.325 0.6591165721921491
5.335 0.8319584912081921
5.345 1.0401450566526869
5.355 1.2881335890197358
5.365 1.580254147512441
5.375 1.9205201913861791
5.385 2.3124181119084684
5.395 2.758684344125659
5.405 3.2641842267123033
5.415 3.824790131555754
5.425 4.441963609347965
5.435 5.113641333161287
5.445 5.836227790575641
5.455 6.60458406792482
5.465 7.415129016619932
5.475 8.255287822011814
5.485 9.118167630712373
5.495 9.99404338713903
5.505 10.872722399649835
5.515 11.743916154164436
5.525 12.597626470113156
5.535 13.424524111478462
5.545 14.21629820351614
5.555 14.96595665947275
5.565 15.66806106730073
5.575 16.318883760925555
5.585 16.91647965557744
5.595 17.460670394000598
5.605 17.95294300922369
5.615 18.39626934305323
5.625 18.79485569060496
5.635 19.153834542578167
5.645 19.4789119717476
5.655 19.77598534844832
5.665 20.050746889096658
5.675 20.30828922272649
5.685 20.552729791761795
5.695 20.786871446404437
5.705 21.011916875117723
5.715 21.227254255791557
5.725 21.43033037595701
5.735 21.616625133963858
5.745 21.779737568098277
5.755 21.91158830276164
5.765 22.002736697810853
5.775 22.042803415206976
5.785 22.020981160109315
5.795 21.92660874621756
5.805 21.74977717761824
5.815 21.48193189512741
5.825 21.116433327514653
5.835 20.649038810762768
5.845 20.078272893543833
5.855 19.40565981886504
5.865 18.635801042357983
5.875 17.776291249736552
5.885 16.837477537288656
5.895 15.832077226189696
5.905 14.774679247895499
5.915 13.68116136626573
5.925 12.568060123305955
5.935 11.451932019639663
5.945 10.348743074073909
5.955 9.273319833625806
5.965 8.237758560650718
5.975 7.254849945048335
5.985 6.3346725480420485
5.995 5.482410434293138
6.005 4.702601826856441
6.015 3.997558120851971
6.025 3.367553819671486
6.035 2.811079171671728
6.045 2.3251342382006452
6.055 1.9055435059152668
6.065 1.5472719466208347
6.075 1.2447262727769361
6.085 0.9909458521297132
6.095 0.7814598996459085
6.105 0.6114451000689621
6.115 0.4738969393087834
6.125 0.36381228725600906
6.135 0.2766491583513576
6.1450000000000005 0.20836825152336746
6.155 0.15544465613816438
6.165 0.11485612093104114
6.175 0.08405408794877325
6.185 0.06092314916673029
6.195 0.043733812554116056
6.205 0.031092578042230642
6.215 0.019822732331104397
6.225 0.013899173482402353
6.235 0.009648759681455734
6.245 0.006631489082695123
6.255 0.004512400965303671
6.265 0.0030399144594124065
6.275 0.0
6.285 0.0
6.295 0.0
6.305 0.0
6.315 0.0
6.325 0.0
6.335 0.0
6.345 0.0
6.355 0.0
6.365 0.0
6.375 0.0
6.385 0.0
6.3950000000000005 0.0
6.405 0.0
6.415 0.0
6.425 0.0
6.435 0.0
6.445 0.0
6.455 0.0
6.465 0.0
6.475 0.0
6.485 0.0
6.495 0.0
6.505 0.0
6.515 0.0
6.525 0.0
6.535 0.0
6.545 0.0
6.555 0.0
6.565 0.0
6.575 0.0
6.585 0.0
6.595 0.0
6.605 0.0
6.615 0.0
6.625 0.0
6.635 0.0
6.6450000000000005 0.0
6.655 0.0
6.665 0.0
6.675 0.0
6.685 0.0
6.695 0.0
6.705 0.0
6.715 0.0
6.725 0.0
6.735 0.0
6.745 0.0
6.755 0.0
6.765 0.0
6.775 0.0
6.785 0.0
6.795 0.0
6.805 0.0
6.815 0.0
6.825 0.0
6.835 0.0
6.845 0.0
6.855 0.0
6.865 0.0
6.875 0.0
6.885 0.0
6.8950000000000005 0.0
6.905 0.0
6.915 0.0
6.925 0.0
6.935 0.0
6.945 0.0
6.955 0.0
6.965 0.0
6.975 0.0
6.985 0.0
6.995 0.0
