0.005 0.0
0.015 0.0
0.025 0.0
0.034999999999999996 0.0
0.045 0.0
0.055 0.0
0.065 0.0
0.07500000000000001 0.0
0.085 0.0
0.095 0.0
0.10500000000000001 0.0
0.115 0.0
0.125 0.0
0.135 0.0
0.14500000000000002 0.0
0.155 0.0
0.165 0.0
0.17500000000000002 0.0
0.185 0.0
0.195 0.0
0.20500000000000002 0.0
0.215 0.0
0.225 0.0
0.23500000000000001 0.0
0.245 0.0
0.255 0.0
0.265 0.0
0.275 0.0
0.28500000000000003 0.0
0.295 0.0
0.305 0.0
0.315 0.0
0.325 0.0
0.335 0.0
0.34500000000000003 0.0
0.35500000000000004 0.0
0.365 0.0
0.375 0.0
0.385 0.0
0.395 0.0
0.405 0.0
0.41500000000000004 0.0
0.425 0.0
0.435 0.0
0.445 0.0
0.455 0.0
0.465 0.0
0.47500000000000003 0.0
0.485 0.0
0.495 0.0
0.505 0.0
0.515 0.0
0.525 0.0
0.535 0.0
0.545 0.0
0.555 0.0
0.5650000000000001 0.0
0.5750000000000001 0.0
0.585 0.0
0.595 0.0
0.605 0.0
0.615 0.0
0.625 0.0
0.635 0.0
0.645 0.0
0.655 0.0
0.665 0.0
0.675 0.0
0.685 0.0
0.6950000000000001 0.0
0.7050000000000001 0.0
0.715 0.0
0.725 0.0
0.735 0.0
0.745 0.0
0.755 0.0
0.765 0.0
0.775 0.0
0.785 0.0
0.795 0.0
0.805 0.0
0.8150000000000001 0.0
0.8250000000000001 0.0
0.8350000000000001 0.0
0.845 0.0
0.855 0.0
0.865 0.0
0.875 0.0
0.885 0.0
0.895 0.0
0.905 0.0
0.915 0.0
0.925 0.0
0.935 0.0
0.9450000000000001 0.0
0.9550000000000001 0.0
0.965 0.0
0.975 0.0
0.985 0.0
0.995 0.0
1.005 0.0
1.015 0.0
1.025 0.0
1.035 0.0
1.045 0.0
1.055 0.0
1.065 0.0
1.075 0.0
1.085 0.0
1.095 0.0
1.105 0.0
1.115 0.0
1.125 0.0
1.135 0.0
1.145 0.0
1.155 0.0
1.1649999999999998 0.0
1.1749999999999998 0.0
1.1849999999999998 0.0
1.1949999999999998 0.0
1.2049999999999998 0.0
1.2149999999999999 0.0
1.2249999999999999 0.0
1.2349999999999999 0.0
1.2449999999999999 0.0
1.255 0.0
1.265 0.0
1.275 0.0
1.285 0.0
1.295 0.0
1.305 0.0
1.315 0.0
1.325 0.0
1.335 0.0
1.345 0.0
1.355 0.0
1.365 0.0
1.375 0.0
1.385 0.0
1.395 0.0
1.405 0.0
1.4149999999999998 0.0
1.4249999999999998 0.0
1.4349999999999998 0.0
1.4449999999999998 0.0
1.4549999999999998 0.0
1.4649999999999999 0.0
1.4749999999999999 0.0
1.4849999999999999 0.0
1.4949999999999999 0.0
1.505 0.0
1.515 0.0
1.525 0.0
1.535 0.0
1.545 0.0
1.555 0.0
1.565 0.0
1.575 0.0
1.585 0.0
1.595 0.0
1.605 0.0
1.615 0.0
1.625 0.0
1.635 0.0
1.645 0.0
1.655 0.012380637166993683
1.665 0.018377622084213306
1.6749999999999998 0.027008016608992946
1.6849999999999998 0.03929643229195052
1.6949999999999998 0.056607061186841924
1.7049999999999998 0.08073189556040204
1.7149999999999999 0.11399262272694988
1.7249999999999999 0.15935489092743166
1.7349999999999999 0.22055205263048547
1.7449999999999999 0.3022135036676004
1.755 0.40999039532157977
1.765 0.5506689067646205
1.775 0.7322586022827566
1.785 0.9640409118409389
1.795 1.2565607864111035
1.805 1.6215434691573858
1.815 2.071718496483667
1.825 2.6205348925483127
1.835 3.2922221214992775
1.845 4.084460117779384
1.855 5.017538433215053
1.865 6.103342186645536
1.875 7.35153722756379
1.885 8.768734007255775
1.895 10.35765968990718
1.905 12.116396297375655
1.915 14.037748671746638
1.9249999999999998 16.108807380071635
1.9349999999999998 18.310767329627094
1.9449999999999998 20.619052197527605
1.9549999999999998 23.00377778429829
1.9649999999999999 25.43056475553926
1.9749999999999999 27.861684354797497
1.9849999999999999 30.257491655761005
1.9949999999999999 32.578072413037646
2.005 34.785004509193584
2.015 36.84311631518845
2.025 38.72211456151924
2.035 40.397955440369344
2.045 41.853845515438145
2.0549999999999997 43.080783304662674
2.065 44.077586557410946
2.0749999999999997 44.850391522944996
2.085 45.411655197276964
2.0949999999999998 45.778735344908526
2.105 45.97216158885862
2.1149999999999998 46.01373997807169
2.125 45.9246499477608
2.135 45.72369449473946
2.145 45.42585120489313
2.155 45.041244592240616
2.165 44.574621631428215
2.175 44.025366201700194
2.185 43.38803902579464
2.195 42.65338248511888
2.205 41.80968906902136
2.215 40.84440205030756
2.225 39.74579997175845
2.235 38.50461393436329
2.245 37.1154382149887
2.255 35.57781867795644
2.265 33.89693685258341
2.275 32.08384667802323
2.285 30.155261650232404
2.295 28.132928425589043
2.305 26.04265534997016
2.315 23.91308826273599
2.3249999999999997 21.774339720724495
2.335 19.656581097277936
2.3449999999999998 17.588700522339682
2.355 15.597114936259407
2.3649999999999998 13.704803870211727
2.375 11.930608513716855
2.385 10.288814783352615
2.395 8.789015814311409
2.405 7.43622944252152
2.415 6.231231118234035
2.425 5.171052937280265
2.435 4.249595125617801
2.445 3.4582968787516712
2.455 2.786818068533286
2.465 2.2154332868790902
2.475 1.7514569759037846
2.485 1.3708733235752706
2.495 1.0623123550532163
2.505 0.8150123595296913
2.515 0.619060668382559
2.525 0.4655424469121687
2.535 0.3466110570322808
2.545 0.2554951119610839
2.555 0.18645749013932592
2.565 0.1347206369171099
2.5749999999999997 0.09637080260448344
2.585 0.06825176388452286
2.5949999999999998 0.047856324287969355
2.605 0.03322170004403882
2.6149999999999998 0.022832918263477456
2.625 0.015536673758790571
2.635 0.01046674698761889
2.645 0.0
2.655 0.0
2.665 0.0
2.675 0.0
2.685 0.0
2.695 0.0
2.705 0.0
2.715 0.0
2.725 0.0
2.735 0.00531976009022852
2.745 0.007896567777427225
2.755 0.011604909095937725
2.765 0.01688504310201406
2.775 0.024323141116654547
2.785 0.03468919331193117
2.795 0.04898079127784958
2.805 0.06847222622745829
2.815 0.09476765949732927
2.8249999999999997 0.12985626780381773
2.835 0.1761662596997312
2.8449999999999998 0.23661354691388095
2.855 0.31463971002521784
2.8649999999999998 0.4142328297796528
2.875 0.5399239015191278
2.885 0.6967510731023883
2.895 0.8901840209939873
2.905 1.126001573941199
2.915 1.4101173495143569
2.925 1.7483507719136253
2.935 2.1461443948716954
2.945 2.608232861680926
2.955 3.1382738753215187
2.965 3.7384568806701624
2.975 4.40911031966164
2.985 5.148332766143677
2.995 5.951676398569512
3.005 6.811912566718361
3.015 7.718908187403386
3.025 8.659638062504415
3.035 9.618351877863777
3.045 10.576905814211681
3.055 11.51525787279378
3.065 12.412113954433892
3.075 13.245699418159097
3.085 13.994619405068649
3.0949999999999998 14.63876178652096
3.105 15.16019021854389
3.1149999999999998 15.543972261099594
3.125 15.778889318266536
3.135 15.857981330112526
3.145 15.778889318266536
3.155 15.543972261099594
3.165 15.16019021854389
3.175 14.63876178652096
3.185 13.994619405068649
3.195 13.245699418159097
3.205 12.412113954433892
3.215 11.51525787279378
3.225 10.576905814211681
3.235 9.618351877863777
3.245 8.659638062504415
3.255 7.718908187403386
3.265 6.811912566718361
3.275 5.951676398569512
3.285 5.148332766143677
3.295 4.40911031966164
3.305 3.7384568806701624
3.315 3.1382738753215187
3.325 2.608232861680926
3.335 2.1461443948716954
3.3449999999999998 1.7483507719136253
3.355 1.4101173495143569
3.3649999999999998 1.126001573941199
3.375 0.8901840209939873
3.385 0.6967510731023883
3.395 0.5399239015191278
3.405 0.4142328297796528
3.415 0.31463971002521784
3.425 0.23661354691388095
3.435 0.1761662596997312
3.445 0.12985626780381773
3.455 0.09476765949732927
3.465 0.06847222622745829
3.475 0.04898079127784958
3.485 0.03468919331193117
3.495 0.024323141116654547
3.505 0.01688504310201406
3.515 0.011604909095937725
3.525 0.007896567777427225
3.535 0.00531976009022852
3.545 0.0
3.555 0.0
3.565 0.0
3.575 0.0
3.585 0.0
3.5949999999999998 0.0
3.605 0.0
3.6149999999999998 0.0
3.625 0.0
3.635 0.0
3.645 0.0
3.655 0.0
3.665 0.0
3.675 0.0
3.685 0.0
3.695 0.0
3.705 0.0
3.715 0.0
3.725 0.0
3.735 0.0
3.745 0.0
3.755 0.0
3.765 0.00301395862034416
3.775 0.004473872528128678
3.785 0.006574867139640009
3.795 0.009566375240431541
3.805 0.013780497541053462
3.815 0.019653478999423966
3.825 0.02775051423358666
3.835 0.03879356455782169
3.8449999999999998 0.05369148221485794
3.855 0.07357125342399112
3.8649999999999998 0.09980860189749359
3.875 0.13405556403214877
3.885 0.17826199870835827
3.895 0.234687389462766
3.905 0.3058988130503312
3.915 0.39475067811202347
3.925 0.5043418797580029
3.935 0.6379464661451276
3.945 0.7989148512678674
3.955 0.9905440830073371
3.965 1.2159176898424728
3.975 1.4777181271327702
3.985 1.7780176998771111
3.995 2.1180568580484156
4.005 2.4980216834217708
4.015 2.916834905660657
4.025 3.371976570882711
4.035 3.8593512213460706
4.045 4.373217866309867
4.055 4.906196960928067
4.065 5.44936502099772
4.075 5.992442500154584
4.085 6.524074421127118
4.095 7.032196417724747
4.1049999999999995 7.504471868417156
4.115 7.928779320672417
4.125 8.29627753097491
4.135 8.592934425813155
4.145 8.812149634954284
4.155 8.94777848334016
4.165 8.996159045718782
4.175 8.956324413994228
4.185 8.830089929407839
4.195 8.622010532807025
4.205 8.339212213982659
4.215 7.991109881050939
4.225 7.589031065078047
4.235 7.145770103629327
4.245 6.675100396036823
4.255 6.191272828824999
4.265 5.708526630310933
4.275 5.240635071350423
4.285 4.800503124133438
4.295 4.399828090717399
4.305 4.04882803197269
4.315 3.756037242171928
4.325 3.5281635860650193
4.335 3.36999962997419
4.345 3.2843783290427844
4.355 3.27216452748019
4.365 3.3322754263086454
4.375 3.4617260425384853
4.385 3.655698981818344
4.395 3.9076409885112358
4.405 4.209391169778234
4.415 4.551347061480489
4.425 4.922674519023837
4.435 5.3115656766675965
4.445 5.707773341034259
4.455 6.095133601835122
4.465 6.462557413470502
4.475 6.798009788633928
4.485 7.090430359924265
4.495 7.330156404012885
4.505 7.5093110919595585
4.515 7.622134211231307
4.525 7.665234634581879
4.535 7.63774770502147
4.545 7.541386134361927
4.555 7.38250898784522
4.565 7.164465137629271
4.575 6.895447694216053
4.585 6.590707342086223
4.595 6.259227919219725
4.605 5.91387718610315
4.615 5.5679257441835395
4.625 5.2345807340785715
4.635 4.926540902883937
4.645 4.655590210468199
4.655 4.432243096208895
4.665 4.265450282745122
4.675 4.16236997580975
4.685 4.128205853937215
4.695 4.166110524361021
4.705 4.277151209199936
4.715 4.460333251279616
4.725 4.712676429312515
4.735 5.029338833365248
4.745 5.403782953956073
4.755 5.827978499480386
4.765 6.292636163793273
4.775 6.7874660905893816
4.785 7.303398956140592
4.795 7.826035562113476
4.805 8.345192236173247
4.815 8.849564907516704
4.825 9.32830796313442
4.835 9.771297589080321
4.845 10.169370762802814
4.855 10.514535247715735
4.865 10.800147347499298
4.875 11.021055484197973
4.885 11.173708683888837
4.895 11.256229650235273
4.905 11.26845222487426
4.915 11.211922718141027
4.925 11.089863986119994
4.935 10.905397349221388
4.945 10.668817162725158
4.955 10.385287725260492
4.965 10.065439629490733
4.975 9.71618597883096
4.985 9.349078997581975
4.995 8.974733289742016
5.005 8.603690194971275
5.015 8.24605523629851
5.025 7.91113614764968
5.035 7.607099824165518
5.045 7.340667749079323
5.055 7.116869167189902
5.065 6.938869324767863
5.075 6.807886472410946
5.085 6.723206201124516
5.095 6.684026930375449
5.105 6.683581362565238
5.115 6.71766987867423
5.125 6.7800142238709
5.135 6.863821047585876
5.145 6.962206480109571
5.155 7.0686078340220515
5.165 7.177154298688032
5.175 7.2829714978102515
5.185 7.3823999027948215
5.195 7.4731139231175385
5.205 7.554136437542997
5.215 7.625751873689215
5.225 7.68932892292367
5.235 7.747070854492148
5.245 7.801716534041335
5.255 7.854732637991243
5.265 7.912441590258798
5.275 7.9751386293356115
5.285 8.044687047646528
5.295 8.12211793850419
5.305 8.2075280853722
5.315 8.300050455227623
5.325 8.397892632439717
5.335 8.498433218232067
5.345 8.598362505723706
5.355 8.693851879563216
5.365 8.779316064165704
5.375 8.853758786587417
5.385 8.910816021626252
5.395 8.946400564042705
5.405 8.956706545310162
5.415 8.938319577715957
5.425 8.888305654084407
5.435 8.804282856684605
5.445 8.684480156363367
5.455 8.52778673993862
5.465 8.333793666362537
5.475 8.102827604971818
5.485 7.837484024479813
5.495 7.537329336769547
5.505 7.20607677315352
5.515 6.847191414499018
5.525 6.4648461235691554
5.535 6.063843264833601
5.545 5.649509725479445
5.555 5.2290427725621145
5.565 4.806180310915183
5.575 4.3880612474852825
5.585 3.9808065178187633
5.595 3.589062292772413
5.605 3.2215025839794746
5.615 2.881477251510863
5.625 2.5737786463825114
5.635 2.30265302189396
5.645 2.0717817859244914
5.655 1.8842835563727007
5.665 1.7427306127702493
5.675 1.6491719681417734
5.685 1.605154838160709
5.695 1.6117368036638888
5.705 1.6694823918395651
5.715 1.7784399952924286
5.725 1.938097788831199
5.735 2.1473203236084357
5.745 2.4042704850360175
5.755 2.7063242037546864
5.765 3.0499874424716
5.775 3.429614784936823
5.785 3.8426216680994365
5.795 4.282198040186032
5.805 4.738944411314465
5.815 5.205628340403693
5.825 5.673389588692207
5.835 6.132851002114126
5.845 6.574370289820339
5.855 6.988333001904293
5.865 7.36547470575684
5.875 7.697217367094941
5.885 7.976002853688605
5.895 8.195605473851009
5.905 8.350250738974262
5.915 8.43984544132799
5.925 8.46189194601688
5.935 8.417649633383588
5.945 8.310389494250204
5.955 8.145290719646306
5.965 7.929250865932942
5.975 7.670617354768576
5.985 7.378852298249672
5.995 7.064146219048704
6.005 6.736998969489278
6.015 6.407787904411354
6.025 6.086344052245506
6.035 5.781556637655862
6.045 5.501024872894046
6.055 5.2507735376941
6.065 5.035045634843129
6.075 4.856181501048517
6.085 4.714589359636808
6.095 4.608807635285489
6.105 4.535654641196075
6.115 4.490456736601409
6.125 4.467341980548838
6.135 4.459582911354287
6.1450000000000005 4.459969572591506
6.155 4.461192460348703
6.165 4.456214802066382
6.175 4.438614543206866
6.185 4.402878580373369
6.195 4.344635016088433
6.205 4.260813313200333
6.215 4.149726913509825
6.225 4.011077819716244
6.235 3.8458874604438584
6.245 3.656362509936322
6.255 3.4457079020678605
6.265 3.2179018178457715
6.275 2.977448785048069
6.285 2.7291271628976403
6.295 2.476739359093003
6.305 2.227261380260083
6.315 1.9834768673387595
6.325 1.749142838859002
6.335 1.5273815174763619
6.345 1.3206254289596897
6.355 1.1306037419288204
6.365 0.9573816930822374
6.375 0.8036807838137947
6.385 0.6679425422772789
6.3950000000000005 0.5496062733757925
6.405 0.4477352756884675
6.415 0.36111705407196915
6.425 0.2883578245470743
6.435 0.2279672903492744
6.445 0.1784310327270787
6.455 0.13826915100844686
6.465 0.1060809153517905
6.475 0.08057610610740767
6.485 0.06059438035032162
6.495 0.046214192646891625
6.505 0.0348873710173933
6.515 0.026668158068165387
6.525 0.021025729149206206
6.535 0.01757185597953107
6.545 0.016054910057676543
6.555 0.016354791748624115
6.565 0.01847946399641266
6.575 0.02256337078325764
6.585 0.029939229817098206
6.595 0.03937214150815567
6.605 0.05125317031794114
6.615 0.0695188701348611
6.625 0.0921253019470549
6.635 0.12094474212111608
6.6450000000000005 0.15730837350015345
6.655 0.20272171984273196
6.665 0.25885769320655116
6.675 0.3275404753896597
6.685 0.4107189513447887
6.695 0.5104287857655254
6.705 0.6298425052498757
6.715 0.7693419431283298
6.725 0.9316807995522536
6.735 1.1187261334083993
6.745 1.3321111967736479
6.755 1.5731524616308528
6.765 1.8427678789625688
6.775 2.1414001165806704
6.785 2.468948504305512
6.795 2.824713150450146
6.805 3.2073542005046773
6.815 3.614868529947493
6.825 4.044585359745096
6.835 4.493181427889045
6.845 4.956715516982383
6.855 5.43068139115715
6.865 5.910077582455823
6.875 6.389492010718711
6.885 6.863199120326701
6.8950000000000005 7.3252670479172135
6.905 7.769672258086423
6.915 8.190419053997928
6.925 8.581661346322235
6.935 8.93782402055237
6.945 9.25372117301001
6.955 9.524668404924975
6.965 9.746586305349725
6.975 9.91609226171544
6.985 10.03057785651866
6.995 10.088269374742497
