0.005 0.0
0.015 0.0
0.025 0.0
0.034999999999999996 0.0
0.045 0.0
0.055 0.0
0.065 0.0
0.07500000000000001 0.0
0.085 0.0
0.095 0.0
0.10500000000000001 0.0
0.115 0.0
0.125 0.0
0.135 0.0
0.14500000000000002 0.0
0.155 0.0
0.165 0.0
0.17500000000000002 0.0
0.185 0.0
0.195 0.0
0.20500000000000002 0.0
0.215 0.0
0.225 0.0
0.23500000000000001 0.0
0.245 0.0
0.255 0.0
0.265 0.0
0.275 0.0
0.28500000000000003 0.0
0.295 0.0
0.305 0.0
0.315 0.0
0.325 0.0
0.335 0.0
0.34500000000000003 0.0
0.35500000000000004 0.0
0.365 0.0
0.375 0.0
0.385 0.0
0.395 0.0
0.405 0.0
0.41500000000000004 0.0
0.425 0.0
0.435 0.0
0.445 0.0
0.455 0.0
0.465 0.0
0.47500000000000003 0.0
0.485 0.0
0.495 0.0
0.505 0.0
0.515 0.0
0.525 0.0
0.535 0.0
0.545 0.0
0.555 0.0
0.5650000000000001 0.0
0.5750000000000001 0.0
0.585 0.0
0.595 0.0
0.605 0.0
0.615 0.0
0.625 0.0
0.635 0.0
0.645 0.0
0.655 0.0
0.665 0.0
0.675 0.0
0.685 0.0
0.6950000000000001 0.0
0.7050000000000001 0.0
0.715 0.0
0.725 0.0
0.735 0.0
0.745 0.0
0.755 0.0
0.765 0.0
0.775 0.0
0.785 0.0
0.795 0.0
0.805 0.0
0.8150000000000001 0.0
0.8250000000000001 0.0
0.8350000000000001 0.0
0.845 0.0
0.855 0.0
0.865 0.0
0.875 0.0
0.885 0.0
0.895 0.0
0.905 0.0
0.915 0.0
0.925 0.0
0.935 0.0
0.9450000000000001 0.0
0.9550000000000001 0.0
0.965 0.0
0.975 0.0
0.985 0.0
0.995 0.0
1.005 0.0
1.015 0.0
1.025 0.0
1.035 0.0
1.045 0.0
1.055 0.0
1.065 0.0
1.075 0.0
1.085 0.0
1.095 0.0
1.105 0.0
1.115 0.0
1.125 0.0
1.135 0.0
1.145 0.0
1.155 0.0
1.1649999999999998 0.0
1.1749999999999998 0.0
1.1849999999999998 0.0
1.1949999999999998 0.0
1.2049999999999998 0.0
1.2149999999999999 0.0
1.2249999999999999 0.0
1.2349999999999999 0.0
1.2449999999999999 0.0
1.255 0.0
1.265 0.0
1.275 0.0
1.285 0.0
1.295 0.0
1.305 0.0
1.315 0.0
1.325 0.0
1.335 0.0
1.345 0.0
1.355 0.0
1.365 0.0
1.375 0.0
1.385 0.0
1.395 0.0
1.405 0.0
1.4149999999999998 0.0
1.4249999999999998 0.0
1.4349999999999998 0.0
1.4449999999999998 0.0
1.4549999999999998 0.0
1.4649999999999999 0.0
1.4749999999999999 0.0
1.4849999999999999 0.0
1.4949999999999999 0.0
1.505 0.0
1.515 0.0
1.525 0.0
1.535 0.0
1.545 0.0
1.555 0.0
1.565 0.0
1.575 0.0
1.585 0.0
1.595 0.0
1.605 0.0
1.615 0.0
1.625 0.0
1.635 0.012625186565384432
1.645 0.018740627345083753
1.655 0.027541494339126633
1.665 0.04007263780918504
1.6749999999999998 0.05772519610762097
1.6849999999999998 0.08232655795329366
1.6949999999999998 0.11624426995098595
1.7049999999999998 0.16250255951518575
1.7149999999999999 0.22490852241932807
1.7249999999999999 0.30818299695866486
1.7349999999999999 0.4180887591755157
1.7449999999999999 0.5615460327190741
1.755 0.7467225913520835
1.765 0.9830831971316576
1.775 1.2813810909086352
1.785 1.653573119529829
1.795 2.1126402604540013
1.805 2.6722971906264066
1.815 3.3465784762371498
1.825 4.149295137893184
1.835 5.0933637836937296
1.845 6.190020964511893
1.855 7.447947369277732
1.865 8.872339125180064
1.875 10.463975711111209
1.885 12.218344543889664
1.895 14.124889775904835
1.905 16.166455923430878
1.915 18.318994521208733
1.9249999999999998 20.551593356369942
1.9349999999999998 22.82687280063592
1.9449999999999998 25.10177281005647
1.9549999999999998 27.328728462694304
1.9649999999999999 29.45720327376791
1.9749999999999999 31.43552030672101
1.9849999999999999 33.212903947506994
1.9949999999999999 34.74162283756452
2.005 35.97910932626491
2.015 36.88992481522091
2.025 37.44744463262236
2.035 37.63515072997464
2.045 37.44744463262236
2.0549999999999997 36.88992481522091
2.065 35.97910932626491
2.0749999999999997 34.74162283756452
2.085 33.212903947506994
2.0949999999999998 31.43552030672101
2.105 29.45720327376791
2.1149999999999998 27.328728462694304
2.125 25.10177281005647
2.135 22.82687280063592
2.145 20.551593356369942
2.155 18.318994521208733
2.165 16.166455923430878
2.175 14.124889775904835
2.185 12.218344543889664
2.195 10.463975711111209
2.205 8.872339125180064
2.215 7.447947369277732
2.225 6.190020964511893
2.235 5.0933637836937296
2.245 4.149295137893184
2.255 3.3465784762371498
2.265 2.6722971906264066
2.275 2.1126402604540013
2.285 1.653573119529829
2.295 1.2813810909086352
2.305 0.9830831971316576
2.315 0.7467225913520835
2.3249999999999997 0.5615460327190741
2.335 0.4180887591755157
2.3449999999999998 0.30818299695866486
2.355 0.22490852241932807
2.3649999999999998 0.16250255951518575
2.375 0.11624426995098595
2.385 0.08232655795329366
2.395 0.05772519610762097
2.405 0.04007263780918504
2.415 0.027541494339126633
2.425 0.018740627345083753
2.435 0.012625186565384432
2.445 0.0
2.455 0.0
2.465 0.0
2.475 0.0
2.485 0.0
2.495 0.0
2.505 0.0
2.515 0.0
2.525 0.0
2.535 0.0
2.545 0.0
2.555 0.0
2.565 0.0
2.5749999999999997 0.0
2.585 0.0
2.5949999999999998 0.0
2.605 0.0
2.6149999999999998 0.0
2.625 0.0
2.635 0.0
2.645 0.0
2.655 0.0
2.665 0.0
2.675 0.0
2.685 0.0
2.695 0.0
2.705 0.0
2.715 0.0
2.725 0.0
2.735 0.0
2.745 0.0
2.755 0.0
2.765 0.0
2.775 0.0
2.785 0.0
2.795 0.0
2.805 0.0
2.815 0.0
2.8249999999999997 0.0
2.835 0.0
2.8449999999999998 0.0
2.855 0.0
2.8649999999999998 0.0
2.875 0.0
2.885 0.0
2.895 0.0
2.905 0.0
2.915 0.0
2.925 0.0
2.935 0.0
2.945 0.0
2.955 0.0
2.965 0.0
2.975 0.0
2.985 0.0
2.995 0.0
3.005 0.0
3.015 0.0
3.025 0.0
3.035 0.0
3.045 0.0
3.055 0.0
3.065 0.0
3.075 0.0
3.085 0.0
3.0949999999999998 0.0
3.105 0.0
3.1149999999999998 0.0
3.125 0.0
3.135 0.0
3.145 0.0
3.155 0.0
3.165 0.0
3.175 0.0
3.185 0.0
3.195 0.0
3.205 0.0
3.215 0.0
3.225 0.0
3.235 0.0
3.245 0.0
3.255 0.0
3.265 0.0
3.275 0.0
3.285 0.0
3.295 0.0
3.305 0.0
3.315 0.0
3.325 0.0037680329386133933
3.335 0.005593208524946993
3.3449999999999998 0.008219859351068804
3.355 0.011959824785174248
3.3649999999999998 0.017228295138053695
3.375 0.024570661232143874
3.385 0.03834304377148025
3.395 0.05391676758742041
3.405 0.07508608996419698
3.415 0.10356199344472784
3.425 0.14146653095669168
3.435 0.19139330522633377
3.445 0.2564643963771329
3.455 0.3403787998023127
3.465 0.4474463630595688
3.475 0.5826002866042337
3.485 0.7513806156448476
3.495 0.9598809499398728
3.505 1.2146509862343358
3.515 1.5225486190742
3.525 1.8905372583168842
3.535 2.325426816724166
3.545 2.8335604425416943
3.555 3.423795913952648
3.565 4.095356811955584
3.575 4.853323067008911
3.585 5.698554630346166
3.5949999999999998 6.62954779946608
3.605 7.642118319909278
3.6149999999999998 8.729169163829706
3.625 9.88057023131864
3.635 11.08317358879056
3.645 12.320981814071484
3.655 13.575478731232776
3.665 14.826121697318062
3.675 16.05098328253286
3.685 17.22751849151426
3.695 18.333422563960703
3.705 19.347534877201454
3.715 20.250737516873375
3.725 21.026793508006254
3.735 21.66307009510809
3.745 22.151097101356825
3.755 22.486919195230325
3.765 22.671213377860937
3.775 22.709158344037604
3.785 22.61005942700156
3.795 22.386750260778875
3.805 22.05480863573745
3.815 21.63163787142581
3.825 21.138404108235314
3.835 20.58874135867803
3.8449999999999998 20.001755132340314
3.855 19.392745179667884
3.8649999999999998 18.774537464283853
3.875 18.157078520837274
3.885 17.547266573157355
3.895 16.949021591314747
3.905 16.363577947925997
3.915 15.789966512899419
3.925 15.22563929484133
3.935 14.667180182432805
3.945 14.111040641950378
3.955 13.554239611911079
3.965 12.99497206474827
3.975 12.43308012217994
3.985 11.870353225669781
3.995 11.310638467464038
4.005 10.759757483550016
4.015 10.225241040052513
4.025 9.715905504962869
4.035 9.241305922658128
4.045 8.811107824357187
4.055 8.434423942516037
4.065 8.119162664990967
4.075 7.871432618917259
4.085 7.695042646572059
4.095 7.591129170928298
4.1049999999999995 7.5579341446975175
4.115 7.5907470355343865
4.125 7.682014196284495
4.135 7.819095842392908
4.145 7.9955875350079095
4.155 8.193937043715428
4.165 8.399329196168885
4.175 8.596607361182603
4.185 8.770976460048702
4.195 8.906246580913702
4.205 8.996011805448935
4.215 9.026814896327119
4.225 8.991387053478531
4.235 8.885263887380273
4.245 8.706897284565875
4.255 8.457613528381462
4.265 8.141426952530828
4.275 7.764726954884554
4.285 7.335863262689013
4.295 6.864659403921692
4.305 6.361887068084477
4.315 5.8387343104142415
4.325 5.3062984650484895
4.335 4.775130489428902
4.345 4.254851735397044
4.355 3.7538574143912675
4.365 3.2768845383430496
4.375 2.8345781776166374
4.385 2.4275757730747305
4.395 2.0583262141864185
4.405 1.7278763915320925
4.415 1.436045470969275
4.425 1.1816279840578972
4.435 0.9626100662093956
4.445 0.776384909129718
4.455 0.619955941940105
4.465 0.4901190957519719
4.475 0.38361844052406907
4.485 0.29727225848420286
4.495 0.22806904547184095
4.505 0.17323488911093812
4.515 0.13027510595686306
4.525 0.0969939314453528
4.535 0.0714964940425087
4.545 0.05217734590146672
4.555 0.03769955965425376
4.565 0.026967930859408063
4.575 0.019099237525545175
4.585 0.013391878138444878
4.595 0.009296596952674461
4.605 0.006389451414813982
4.615 0.004347706280208473
4.625 0.002928962937493394
4.635 0.0
4.645 0.0
4.655 0.0
4.665 0.0
4.675 0.0
4.685 0.0
4.695 0.0
4.705 0.0
4.715 0.0
4.725 0.001990579963581917
4.735 0.0029547854287049254
4.745 0.0043423949828103724
4.755 0.006318147418870243
4.765 0.009101379862434398
4.775 0.012980211887070985
4.785 0.018327928339694547
4.795 0.025621351203522363
4.805 0.03546073525711077
4.815 0.0485904026594371
4.825 0.06591895515393247
4.835 0.0885374862043053
4.845 0.11773378721981402
4.855 0.1550001423432227
4.865 0.20203198678021286
4.875 0.2625935063836459
4.885 0.3358835640364248
4.895 0.4272978295204049
4.905 0.5363782578501592
4.915 0.6668676171915374
4.925 0.8212287322587598
4.935 1.001791076949378
4.945 1.2106433183441663
4.955 1.4495210190393397
4.965 1.7196963663658151
4.975 2.0218778658769465
4.985 2.356128423227127
4.995 2.7218099674693823
5.005 3.117561619320237
5.015 3.541316342609359
5.025 3.9903581037940823
5.035 4.461417988273337
5.045 4.950803783832404
5.055 5.454553638297934
5.065 5.968600989315641
5.075 6.4889355195641265
5.085 7.0117438329367445
5.095 7.533514187814328
5.105 8.051092106894322
5.115 8.561677944855006
5.125 9.06276324399346
5.135 9.552009435433176
5.145 10.027079464780108
5.155 10.485439444081104
5.165 10.924152647536362
5.175 11.339691351903484
5.185 11.727792632409335
5.195 12.083381985580115
5.205 12.400583605423641
5.215 12.67282866719093
5.225 12.893063758964523
5.235 13.054051569402562
5.245 13.148746149808854
5.255 13.170716592156634
5.265 13.11458675687258
5.275 12.976455466466472
5.285 12.754261751860572
5.295 12.448063323473832
5.305 12.060203089179486
5.315 11.595347574579813
5.325 11.06039158775037
5.335 10.464234344866354
5.345 9.817442458749216
5.355 9.131823725060721
5.365 8.41994177159641
5.375 7.694604903440942
5.385 6.968362740613705
5.395 6.253041680247335
5.405 5.559345269394125
5.415 4.896538895252657
5.425 4.272230547738754
5.435 3.6922515658785824
5.445 3.1606339604550806
5.455 2.679674693446475
5.465 2.2500725946629285
5.475 1.8711206149661594
5.485 1.540934869230218
5.495 1.2567022609354643
5.505 1.0149301291893316
5.515 0.811683966208759
5.525 0.6428024384511388
5.535 0.5027546711121027
5.545 0.3905526984769637
5.555 0.30040068922226487
5.565 0.22878089395328322
5.575 0.17251859506012085
5.585 0.12880988273056768
5.595 0.09522683337176958
5.605 0.06970535673731613
5.615 0.05052070251829932
5.625 0.0362550726387349
5.635 0.02576108203582686
5.645 0.018124043237104384
5.655 0.012625293609718756
5.665 0.00870809237529336
5.675 0.005947020589022724
5.685 0.002768099952885129
5.695 0.0018648136849044432
5.705 0.0
5.715 0.0
5.725 0.0
5.735 0.0
5.745 0.0
5.755 0.0
5.765 0.001375628764808506
5.775 0.0020419615910578096
5.785 0.0030008959980513043
5.795 0.004366277913326766
5.805 0.0076476346866778755
5.815 0.010985946144735371
5.825 0.016977438285483586
5.835 0.024019083935496552
5.845 0.033658006879491546
5.855 0.04671679899567248
5.865 0.06422668688010477
5.875 0.08746226492326023
5.885 0.11797598985168599
5.895 0.15763009680162238
5.905 0.208622946169787
5.915 0.27350618641902097
5.925 0.3551885899929942
5.935 0.4569220701183115
5.945 0.5822653062936799
5.955 0.7350206867092819
5.965 0.919140997640264
5.975 1.1386035116349111
5.985 1.3972508713755896
5.995 1.6986004101663967
6.005 2.0456262115797443
6.015 2.4405211459298517
6.025 2.8844491246917374
6.035 3.377300627994808
6.045 3.917466891652091
6.055 4.501649684962926
6.065 5.124724085303068
6.075 5.7796708318005106
6.085 6.457592578869953
6.095 7.147824650423404
6.105 7.838145835609341
6.115 8.516320427033646
6.125 9.166169988360606
6.135 9.773916108632124
6.1450000000000005 10.325157856922846
6.155 10.80626782365406
6.165 11.204967928923404
6.175 11.5108743065003
6.185 11.715979297912495
6.195 11.815041267966244
6.205 11.80585787024523
6.215 11.689405204102318
6.225 11.469833485305479
6.235 11.154318739769945
6.245 10.7527788962525
6.255 10.277470780375769
6.265 9.74249126189183
6.275 9.163210688654816
6.285 8.555669455364832
6.295 7.9359690187213
6.305 7.319687011455535
6.315 6.721342639386991
6.325 6.153933719988423
6.335 5.628561067749078
6.345 5.154149993624838
6.355 4.737272957610125
6.365 4.382072291876241
6.375 4.090277664220244
6.385 3.861309703588832
6.3950000000000005 3.6924589541794086
6.405 3.5791279480646696
6.415 3.5151235052071863
6.425 3.4929861747071893
6.435 3.504343827784667
6.445 3.5402766551425215
6.455 3.591681131405755
6.465 3.6496208836882396
6.475 3.7056529009533454
6.485 3.7521182495086207
6.495 3.7823875348677127
6.505 3.7910528700539254
6.515 3.7740601270658534
6.525 3.728777746435648
6.535 3.654001268586889
6.545 3.549895867543465
6.555 3.4178822948417413
6.565 3.2615523001060778
6.575 3.081762170873161
6.585 2.886590630859461
6.595 2.6776784589356244
6.605 2.460659147219477
6.615 2.240641960670603
6.625 2.02291015726051
6.635 1.8115958400675947
6.6450000000000005 1.6113720911449967
6.655 1.4254683985311876
6.665 1.257290475802287
6.675 1.1098232856338788
6.685 0.9856958032539012
6.695 0.8872689051414653
6.705 0.8167366380756279
6.715 0.7762302343246548
6.725 0.7679139851754473
6.735 0.7940624453136667
6.745 0.8571093798401092
6.755 0.9596603439194782
6.765 1.1044627603583295
6.775 1.2943297870846706
6.785 1.532017088140318
6.795 1.8200547612864737
6.805 2.160540024080202
6.815 2.554899669552178
6.825 3.0036345796718864
6.835 3.5060614962995142
6.845 4.060069533323807
6.855 4.661910300153615
6.865 5.306040745483836
6.875 5.985036723336867
6.885 6.689592718022061
6.8950000000000005 7.4086191421702825
6.905 8.129443277853918
6.915 8.83811354173935
6.925 9.518978151618544
6.935 10.15873223804903
6.945 10.741102042627945
6.955 11.251754937926275
6.965 11.677648996293705
6.975 12.007583601972403
6.985 12.232687046264383
6.995 12.346811600627492
