0.005 0.0
0.015 0.0
0.025 0.0
0.034999999999999996 0.0
0.045 0.0
0.055 0.0
0.065 0.0
0.07500000000000001 0.0
0.085 0.0
0.095 0.0
0.10500000000000001 0.0
0.115 0.0
0.125 0.0
0.135 0.0
0.14500000000000002 0.0
0.155 0.0
0.165 0.0
0.17500000000000002 0.0
0.185 0.0
0.195 0.0
0.20500000000000002 0.0
0.215 0.0
0.225 0.0
0.23500000000000001 0.0
0.245 0.0
0.255 0.0
0.265 0.0
0.275 0.0
0.28500000000000003 0.0
0.295 0.0
0.305 0.0
0.315 0.0
0.325 0.0
0.335 0.0
0.34500000000000003 0.0
0.35500000000000004 0.0
0.365 0.0
0.375 0.0
0.385 0.0
0.395 0.0
0.405 0.0
0.41500000000000004 0.0
0.425 0.0
0.435 0.0
0.445 0.0
0.455 0.0
0.465 0.0
0.47500000000000003 0.0
0.485 0.0
0.495 0.0
0.505 0.0
0.515 0.0
0.525 0.0
0.535 0.0
0.545 0.0
0.555 0.0
0.5650000000000001 0.0
0.5750000000000001 0.0
0.585 0.0
0.595 0.0
0.605 0.0
0.615 0.0
0.625 0.0
0.635 0.0
0.645 0.0
0.655 0.0
0.665 0.0
0.675 0.0
0.685 0.0
0.6950000000000001 0.0
0.7050000000000001 0.0
0.715 0.0
0.725 0.0
0.735 0.0
0.745 0.0
0.755 0.0
0.765 0.0
0.775 0.0
0.785 0.0
0.795 0.0
0.805 0.0
0.8150000000000001 0.0
0.8250000000000001 0.0
0.8350000000000001 0.0
0.845 0.0
0.855 0.0
0.865 0.0
0.875 0.0
0.885 0.0
0.895 0.0
0.905 0.0
0.915 0.0
0.925 0.0
0.935 0.0
0.9450000000000001 0.0
0.9550000000000001 0.0
0.965 0.0
0.975 0.0
0.985 0.0
0.995 0.0
1.005 0.0
1.015 0.0
1.025 0.0
1.035 0.0
1.045 0.0
1.055 0.0
1.065 0.0
1.075 0.0
1.085 0.0
1.095 0.0
1.105 0.0
1.115 0.0
1.125 0.0
1.135 0.0
1.145 0.0
1.155 0.0
1.1649999999999998 0.0
1.1749999999999998 0.0
1.1849999999999998 0.0
1.1949999999999998 0.0
1.2049999999999998 0.0
1.2149999999999999 0.0
1.2249999999999999 0.0
1.2349999999999999 0.0
1.2449999999999999 0.0
1.255 0.0
1.265 0.0
1.275 0.0
1.285 0.0
1.295 0.0
1.305 0.0
1.315 0.0
1.325 0.0
1.335 0.0
1.345 0.0
1.355 0.0
1.365 0.0
1.375 0.0
1.385 0.0
1.395 0.0
1.405 0.0
1.4149999999999998 0.0
1.4249999999999998 0.0
1.4349999999999998 0.0
1.4449999999999998 0.0
1.4549999999999998 0.0
1.4649999999999999 0.0
1.4749999999999999 0.0
1.4849999999999999 0.0
1.4949999999999999 0.0
1.505 0.0
1.515 0.0
1.525 0.0
1.535 0.0
1.545 0.0
1.555 0.0
1.565 0.0
1.575 0.0
1.585 0.0
1.595 0.0
1.605 0.0
1.615 0.0
1.625 0.0
1.635 0.0
1.645 0.0
1.655 0.0
1.665 0.0
1.6749999999999998 0.0
1.6849999999999998 0.0
1.6949999999999998 0.0
1.7049999999999998 0.0
1.7149999999999999 0.0
1.7249999999999999 0.0
1.7349999999999999 0.0
1.7449999999999999 0.0
1.755 0.0
1.765 0.0
1.775 0.0
1.785 0.0
1.795 0.0
1.805 0.0
1.815 0.0
1.825 0.0
1.835 0.0
1.845 0.0
1.855 0.0
1.865 0.0
1.875 0.0
1.885 0.0
1.895 0.0
1.905 0.0
1.915 0.009755843829177498
1.9249999999999998 0.014481420349124426
1.9349999999999998 0.021282102739882486
1.9449999999999998 0.030965276771551514
1.9549999999999998 0.04460591495563749
1.9649999999999999 0.06361609297625517
1.9749999999999999 0.08982528201111284
1.9849999999999999 0.1255703893373318
1.9949999999999999 0.17379326707060183
2.005 0.23814184238512828
2.015 0.3230691776416323
2.025 0.43392272816957544
2.035 0.5770139670587776
2.045 0.759656587459936
2.0549999999999997 0.9901599270493703
2.065 1.2777633843835128
2.0749999999999997 1.632497733121184
2.085 2.0649606975615535
2.0949999999999998 2.5859971895997322
2.105 3.206279381046028
2.1149999999999998 3.935788305508623
2.125 4.78320676818243
2.135 5.755242586420699
2.145 6.855910956759979
2.155 8.085814204900748
2.165 9.441465328369263
2.175 10.91470752090843
2.185 12.492284248115642
2.195 14.155612571023322
2.205 15.880805735990476
2.215 17.63897943196237
2.225 19.396859927744615
2.235 21.11769244369383
2.245 22.762425988313723
2.255 24.291128310306267
2.265 25.664563636132282
2.275 26.84584857579453
2.285 27.802089884543115
2.295 28.505903140801323
2.305 28.93671469689768
2.315 29.081760582918417
2.3249999999999997 28.93671469689768
2.335 28.505903140801323
2.3449999999999998 27.802089884543115
2.355 26.84584857579453
2.3649999999999998 25.664563636132282
2.375 24.291128310306267
2.385 22.762425988313723
2.395 21.11769244369383
2.405 19.396859927744615
2.415 17.63897943196237
2.425 15.880805735990476
2.435 14.155612571023322
2.445 12.492284248115642
2.455 10.91470752090843
2.465 9.441465328369263
2.475 8.085814204900748
2.485 6.855910956759979
2.495 5.755242586420699
2.505 4.78320676818243
2.515 3.935788305508623
2.525 3.206279381046028
2.535 2.5859971895997322
2.545 2.0649606975615535
2.555 1.632497733121184
2.565 1.2777633843835128
2.5749999999999997 0.9901599270493703
2.585 0.759656587459936
2.5949999999999998 0.5770139670587776
2.605 0.43392272816957544
2.6149999999999998 0.3230691776416323
2.625 0.23814184238512828
2.635 0.17379326707060183
2.645 0.1255703893373318
2.655 0.08982528201111284
2.665 0.06361609297625517
2.675 0.04460591495563749
2.685 0.030965276771551514
2.695 0.021282102739882486
2.705 0.014481420349124426
2.715 0.009755843829177498
2.725 0.0
2.735 0.0
2.745 0.0
2.755 0.0
2.765 0.0
2.775 0.0
2.785 0.0
2.795 0.0
2.805 0.0
2.815 0.0
2.8249999999999997 0.0
2.835 0.0
2.8449999999999998 0.0
2.855 0.0
2.8649999999999998 0.0
2.875 0.0
2.885 0.0
2.895 0.0
2.905 0.0
2.915 0.0
2.925 0.0
2.935 0.0
2.945 0.0
2.955 0.0
2.965 0.0
2.975 0.0
2.985 0.0
2.995 0.0
3.005 0.0
3.015 0.0
3.025 0.0
3.035 0.0
3.045 0.0
3.055 0.0
3.065 0.0
3.075 0.0
3.085 0.0
3.0949999999999998 0.0
3.105 0.0
3.1149999999999998 0.0
3.125 0.0
3.135 0.0
3.145 0.0
3.155 0.0
3.165 0.0
3.175 0.0
3.185 0.0
3.195 0.0
3.205 0.0
3.215 0.0
3.225 0.003978791746018484
3.235 0.0059060555667564555
3.245 0.008679623844132487
3.255 0.012628778175328197
3.265 0.018191931867369365
3.275 0.025944981293248962
3.285 0.03663405205203351
3.295 0.05121222083787962
3.305 0.07087928308835946
3.315 0.09712299760578139
3.325 0.1317594869189166
3.335 0.17696963988777656
3.3449999999999998 0.23532750725309665
3.355 0.3098158819388344
3.3649999999999998 0.4038236173071709
3.375 0.5211188797369654
3.385 0.665792587465401
3.395 0.8421668820423466
3.405 1.054664717206105
3.415 1.3076385969383362
3.425 1.6051591536550898
3.435 1.9507675545015886
3.445 2.34719949397912
3.455 2.796092516837068
3.465 3.297692273638052
3.475 3.8505766365883316
3.485 4.451418960245659
3.495 5.0948127425600385
3.505 5.773179177897063
3.515 6.476776370026114
3.525 7.193824235089115
3.535 7.910752522336508
3.545 8.612571281495162
3.555 9.283354082687776
3.565 9.910140769212676
3.575 10.471889092069116
3.585 10.955978809606563
3.5949999999999998 11.349270078304768
3.605 11.640960973262649
3.6149999999999998 11.823142169121517
3.625 11.891231700738784
3.635 11.844261856309004
3.645 11.684999831348394
3.655 11.419894789024353
3.665 11.05885542984941
3.675 10.614873029180593
3.685 10.103514188343238
3.695 9.542314484780999
3.705 8.95010829108349
3.715 8.34633107883445
3.725 7.750328682445902
3.735 7.180703725326567
3.745 6.654723395488682
3.755 6.187805828442645
3.765 5.793095368998011
3.775 5.481130716459151
3.785 5.259605010164068
3.795 5.133213641547284
3.805 5.103584066057374
3.815 5.169281943956106
3.825 5.325889145341534
3.835 5.566150937062631
3.8449999999999998 5.880191387783942
3.855 6.255797076058574
3.8649999999999998 6.678769084501241
3.875 7.133341730367561
3.885 7.6026634836018365
3.895 8.069331278574294
3.905 8.515964387620716
3.915 8.925798819375949
3.925 9.283278550245866
3.935 9.574616505042638
3.945 9.78829668093547
3.955 9.915489575716565
3.965 9.950356302934965
3.975 9.890222336171934
3.985 9.73560932971448
3.995 9.490122285612184
4.005 9.160198687171082
4.015 8.754735235054929
4.025 8.284615672113638
4.035 7.75951539663546
4.045 7.198839866294666
4.055 6.612222850630595
4.065 6.012976497035839
4.075 5.4136301940162275
4.085 4.825526670577837
4.095 4.2585123401242955
4.1049999999999995 3.720729991686444
4.115 3.218514389454517
4.125 2.7563845720782543
4.135 2.3371211247102157
4.145 1.9619127365260167
4.155 1.6305540798708194
4.165 1.3416764087523514
4.175 1.092993085882607
4.185 0.8840312912823679
4.195 0.7076191281686562
4.205 0.5619299296354072
4.215 0.4434725866334951
4.225 0.3513527106646842
4.235 0.27880635111102103
4.245 0.22493045476408405
4.255 0.18769047486647888
4.265 0.16561253241214852
4.275 0.157828855711907
4.285 0.16411012765110425
4.295 0.1848870647078599
4.305 0.22126216925670603
4.315 0.2750110370781147
4.325 0.3485710252592519
4.335 0.445013655698791
4.345 0.5679960095130221
4.355 0.7216857144150945
4.365 0.9106540819878406
4.375 1.1375144756099613
4.385 1.4123649565093574
4.395 1.7367485292779241
4.405 2.115092325509183
4.415 2.5510937639438627
4.425 3.047407055872606
4.435 3.605318653663689
4.445 4.224429713070449
4.455 4.902366695317199
4.465 5.634543127848107
4.475 6.413995882823963
4.485 7.2313178187889875
4.495 8.07688713665179
4.505 8.933370959490006
4.515 9.786418558153777
4.525 10.618793812379685
4.535 11.414545082755797
4.545 12.152123137068141
4.555 12.815331315505063
4.565 13.387884141530126
4.575 13.855601105078547
4.585 14.207114103869873
4.595 14.434477740490768
4.605 14.533644232250886
4.615 14.504771992082446
4.625 14.3523465480068
4.635 14.0851036061805
4.645 13.71575581513028
4.655 13.260536208741033
4.665 12.738581512186332
4.675 12.171186765963514
4.685 11.580968563563818
4.695 10.99097737853015
4.705 10.423800015481152
4.715 9.900691432843454
4.725 9.440771505665921
4.735 9.062300112104477
4.745 8.775118748026319
4.755 8.589639377153311
4.765 8.510818200122019
4.775 8.53935213861855
4.785 8.671715950793224
4.795 8.900359719874814
4.805 9.215989088501798
4.815 9.60127167911638
4.825 10.040637141879387
4.835 10.515417440110816
4.845 11.005937322217747
4.855 11.492363555621527
4.865 11.955564924879793
4.875 12.377944981625731
4.885 12.744208319054945
4.895 13.042021987046985
4.905 13.26253686207027
4.915 13.400739439898318
4.925 13.455612496118972
4.935 13.430092983162705
4.945 13.330826804524019
4.955 13.167731955981052
4.965 12.953393078733404
4.975 12.702320844554247
4.985 12.430117975601814
4.995 12.150940611308748
5.005 11.88382154637625
5.015 11.640021195249084
5.025 11.431056930213916
5.035 11.264008142365807
5.045 11.149943608448012
5.055 11.085873300038118
5.065 11.071711581949968
5.075 11.102902264475734
5.085 11.17194367593292
5.095 11.268888581689005
5.105 11.381963124030612
5.115 11.498267177591515
5.125 11.604515384320534
5.135 11.687777477778207
5.145 11.736178207173158
5.155 11.739520976687132
5.165 11.68980487538733
5.175 11.581611669013714
5.185 11.412347101274968
5.195 11.18399923964126
5.205 10.897202411643981
5.215 10.5589782554488
5.225 10.17757268560602
5.235 9.763135409322722
5.245 9.327205562700334
5.255 8.882146280098805
5.265 8.440558477098811
5.275 8.014704022995168
5.285 7.6159668827240985
5.295 7.255989895418681
5.305 6.939161786674253
5.315 6.676316685980934
5.325 6.469522082806425
5.335 6.32078038015359
5.345 6.2284837882510535
5.355 6.193802241327341
5.365 6.210739294391429
5.375 6.274023243634575
5.385 6.377351316048213
5.395 6.513802659220138
5.405 6.676247285848272
5.415 6.857725852728143
5.425 7.051777780433569
5.435 7.252699406726252
5.445 7.455719332609076
5.455 7.6570844645085145
5.465 7.85405698873671
5.475 8.044829096133022
5.485 8.22836816894085
5.495 8.404209868036101
5.505 8.572219742346668
5.515 8.73234539521992
5.525 8.884380825215613
5.535 9.027762424629273
5.545 9.160090032613052
5.555 9.28276853498858
5.565 9.39154562638402
5.575 9.483521747744659
5.585 9.55526613833451
5.595 9.602967210745543
5.605 9.622622750454473
5.615 9.608968909215509
5.625 9.561293331170809
5.635 9.474481071708096
5.645 9.346011216531684
5.655 9.17563400782282
5.665 8.960497697520903
5.675 8.702028868263481
5.685 8.401853209139583
5.695 8.062743898712846
5.705 7.6885692366282585
5.715 7.284194754828521
5.725 6.855346017050001
5.735 6.408440026405197
5.745 5.95039437323979
5.755 5.488423902219714
5.765 5.029834714693575
5.775 4.581824739743904
5.785 4.1512989393118405
5.795 3.7447055445476654
5.805 3.3678976883890326
5.815 3.026022583265276
5.825 2.723438201392252
5.835 2.4636554644234523
5.845 2.249302437971302
5.855 2.0809299078686094
5.865 1.9621104188199125
5.875 1.8910554165028965
5.885 1.8668297415221342
5.895 1.887605867878753
5.905 1.950685161369603
5.915 2.052525069772214
5.925 2.188776186460857
5.935 2.3543341505743234
5.945 2.543411650150058
5.955 2.7496352647973006
5.965 2.9661705045945856
5.975 3.1858762606675066
5.985 3.4014871695765914
5.995 3.6058193803550034
6.005 3.7908782447660516
6.015 3.9529200795314
6.025 4.084730682662524
6.035 4.1817043421898665
6.045 4.240347585520006
6.055 4.258408483845465
6.065 4.234952365752357
6.075 4.170378269560531
6.085 4.067617563660704
6.095 3.9276599551155584
6.105 3.754239741411589
6.115 3.554711249816549
6.125 3.332990856277408
6.135 3.094993810775681
6.1450000000000005 2.8467903612506253
6.155 2.5943866013534405
6.165 2.343530065125569
6.175 2.0995494203911904
6.185 1.8672343107176554
6.195 1.6507578351156005
6.205 1.4536406532740391
6.215 1.278752551715811
6.225 1.128344740370894
6.235 1.0041043394049223
6.245 0.9072215572962332
6.255 0.8384599731242732
6.265 0.7982210709689497
6.275 0.7877690782584306
6.285 0.8063083707619715
6.295 0.8524668809245391
6.305 0.9264633543378034
6.315 1.0274864570413504
6.325 1.1544454532175483
6.335 1.3059348016708068
6.345 1.4802009154911353
6.355 1.675119488530258
6.365 1.8881914280752046
6.375 2.1165641922116634
6.385 2.3570832553410783
6.3950000000000005 2.6063756363650676
6.405 2.8609641198559395
6.415 3.1174072512247144
6.425 3.37245671814887
6.435 3.6232206986933857
6.445 3.8673195162402725
6.455 4.103018807954585
6.465 4.328374473023852
6.475 4.545406478998637
6.485 4.753303539653027
6.495 4.95336245603116
6.505 5.147421888933177
6.515 5.337662352239327
6.525 5.526358421086756
6.535 5.715600495390013
6.545 5.907007564050232
6.555 6.101454852402059
6.565 6.298840650591927
6.575 6.497914842406276
6.585 6.6961877240377845
6.595 6.889931882007984
6.605 7.074282653933065
6.615 7.243434653101935
6.625 7.3909237289918766
6.635 7.50997632114465
6.6450000000000005 7.593902153391588
6.655 7.636502193390458
6.665 7.632462163560751
6.675 7.577702795800381
6.685 7.469661385279467
6.695 7.307484688916845
6.705 7.092120298580488
6.715 6.826301619191296
6.725 6.51442974820856
6.735 6.162363144946731
6.745 5.777132341080817
6.755 5.366601572822912
6.765 4.939101800599704
6.775 4.503060029112969
6.785 4.066648266009544
6.795 3.6374721612718863
6.805 3.2223147900942113
6.815 2.8269456985292822
6.825 2.45599976270851
6.835 2.112925121079245
6.845 1.79999484308142
6.855 1.5183733989330261
6.865 1.26822656363426
6.875 1.0488621625293861
6.885 0.8588889678835949
6.8950000000000005 0.6955527189134946
6.905 0.558495858651357
6.915 0.4451644949403226
6.925 0.35237461814759863
6.935 0.27662456007937763
6.945 0.21638836879078766
6.955 0.16957782650347247
6.965 0.1343841003444033
6.975 0.10932025277691601
6.985 0.09325035303595453
6.995 0.08540819435474495
