0.005 0.0
0.015 0.0
0.025 0.0
0.034999999999999996 0.0
0.045 0.0
0.055 0.0
0.065 0.0
0.07500000000000001 0.0
0.085 0.0
0.095 0.0
0.10500000000000001 0.0
0.115 0.0
0.125 0.0
0.135 0.0
0.14500000000000002 0.0
0.155 0.0
0.165 0.0
0.17500000000000002 0.0
0.185 0.0
0.195 0.0
0.20500000000000002 0.0
0.215 0.0
0.225 0.0
0.23500000000000001 0.0
0.245 0.0
0.255 0.0
0.265 0.0
0.275 0.0
0.28500000000000003 0.0
0.295 0.0
0.305 0.0
0.315 0.0
0.325 0.0
0.335 0.0
0.34500000000000003 0.0
0.35500000000000004 0.0
0.365 0.0
0.375 0.0
0.385 0.0
0.395 0.0
0.405 0.0
0.41500000000000004 0.0
0.425 0.0
0.435 0.0
0.445 0.0
0.455 0.0
0.465 0.0
0.47500000000000003 0.0
0.485 0.0
0.495 0.0
0.505 0.0
0.515 0.0
0.525 0.0
0.535 0.0
0.545 0.0
0.555 0.0
0.5650000000000001 0.0
0.5750000000000001 0.0
0.585 0.0
0.595 0.0
0.605 0.0
0.615 0.0
0.625 0.0
0.635 0.0
0.645 0.0
0.655 0.0
0.665 0.0
0.675 0.0
0.685 0.0
0.6950000000000001 0.0
0.7050000000000001 0.0
0.715 0.0
0.725 0.0
0.735 0.0
0.745 0.0
0.755 0.0
0.765 0.0
0.775 0.0
0.785 0.0
0.795 0.0
0.805 0.0
0.8150000000000001 0.0
0.8250000000000001 0.0
0.8350000000000001 0.0
0.845 0.0
0.855 0.0
0.865 0.0
0.875 0.0
0.885 0.0
0.895 0.0
0.905 0.0
0.915 0.0
0.925 0.0
0.935 0.0
0.9450000000000001 0.0
0.9550000000000001 0.0
0.965 0.0
0.975 0.0
0.985 0.0
0.995 0.0
1.005 0.0
1.015 0.0
1.025 0.0
1.035 0.0
1.045 0.0
1.055 0.0
1.065 0.0
1.075 0.0
1.085 0.0
1.095 0.0
1.105 0.0
1.115 0.0
1.125 0.0
1.135 0.0
1.145 0.0
1.155 0.0
1.1649999999999998 0.0
1.1749999999999998 0.0
1.1849999999999998 0.0
1.1949999999999998 0.0
1.2049999999999998 0.0
1.2149999999999999 0.0
1.2249999999999999 0.0
1.2349999999999999 0.0
1.2449999999999999 0.0
1.255 0.0
1.265 0.0
1.275 0.0
1.285 0.0
1.295 0.0
1.305 0.0
1.315 0.0
1.325 0.0
1.335 0.0
1.345 0.0
1.355 0.0
1.365 0.0
1.375 0.0
1.385 0.0
1.395 0.0
1.405 0.0
1.4149999999999998 0.0
1.4249999999999998 0.0
1.4349999999999998 0.0
1.4449999999999998 0.0
1.4549999999999998 0.0
1.4649999999999999 0.0
1.4749999999999999 0.0
1.4849999999999999 0.0
1.4949999999999999 0.0
1.505 0.0
1.515 0.0
1.525 0.0
1.535 0.0
1.545 0.0
1.555 0.0
1.565 0.0
1.575 0.0
1.585 0.0
1.595 0.0
1.605 0.0
1.615 0.0
1.625 0.0
1.635 0.0
1.645 0.0
1.655 0.0
1.665 0.0
1.6749999999999998 0.0
1.6849999999999998 0.0
1.6949999999999998 0.011912382402530555
1.7049999999999998 0.01768255211452084
1.7149999999999999 0.025986531827129237
1.7249999999999999 0.037810180704175675
1.7349999999999999 0.05446609495501826
1.7449999999999999 0.0776784909391052
1.755 0.1096812461810121
1.765 0.15332784353796428
1.775 0.21221043433868433
1.785 0.29078332353481073
1.795 0.39448392716457226
1.805 0.5298417606528143
1.815 0.7045634542291389
1.825 0.9275793998833509
1.835 1.20903572230187
1.845 1.5602141978948962
1.855 1.9933629123953862
1.865 2.521422227155859
1.875 3.1576343321783655
1.885 3.9150304930198314
1.895 4.805798060276991
1.905 5.8405391815056635
1.915 7.027444443475932
1.9249999999999998 8.37141660574424
1.9349999999999998 9.873191138681026
1.9449999999999998 11.528510234593474
1.9549999999999998 13.32741401742993
1.9649999999999999 15.253715583227885
1.9749999999999999 17.284724216656024
1.9849999999999999 19.39127297442282
1.9949999999999999 21.538092640995263
2.005 23.68455429519679
2.015 25.78577847832561
2.025 27.794081940009207
2.035 29.660705366754534
2.045 31.337739879899566
2.0549999999999997 32.780148980947395
2.065 33.94776834205701
2.0749999999999997 34.80716018917157
2.085 35.333203050200204
2.0949999999999998 35.51031146751878
2.105 35.333203050200204
2.1149999999999998 34.80716018917157
2.125 33.94776834205701
2.135 32.780148980947395
2.145 31.337739879899566
2.155 29.660705366754534
2.165 27.794081940009207
2.175 25.78577847832561
2.185 23.68455429519679
2.195 21.538092640995263
2.205 19.39127297442282
2.215 17.284724216656024
2.225 15.253715583227885
2.235 13.32741401742993
2.245 11.528510234593474
2.255 9.873191138681026
2.265 8.37141660574424
2.275 7.027444443475932
2.285 5.8405391815056635
2.295 4.805798060276991
2.305 3.9150304930198314
2.315 3.1576343321783655
2.3249999999999997 2.521422227155859
2.335 1.9933629123953862
2.3449999999999998 1.5602141978948962
2.355 1.20903572230187
2.3649999999999998 0.9275793998833509
2.375 0.7045634542291389
2.385 0.5298417606528143
2.395 0.39448392716457226
2.405 0.29078332353481073
2.415 0.21221043433868433
2.425 0.15332784353796428
2.435 0.1096812461810121
2.445 0.0776784909391052
2.455 0.05446609495501826
2.465 0.037810180704175675
2.475 0.025986531827129237
2.485 0.01768255211452084
2.495 0.011912382402530555
2.505 0.0
2.515 0.0
2.525 0.0
2.535 0.0
2.545 0.0
2.555 0.0
2.565 0.0
2.5749999999999997 0.0
2.585 0.0
2.5949999999999998 0.0
2.605 0.0
2.6149999999999998 0.0
2.625 0.0
2.635 0.0
2.645 0.0
2.655 0.0
2.665 0.0
2.675 0.0
2.685 0.0
2.695 0.0
2.705 0.0
2.715 0.0
2.725 0.0
2.735 0.0
2.745 0.0
2.755 0.0
2.765 0.0
2.775 0.0
2.785 0.0
2.795 0.0
2.805 0.0
2.815 0.0
2.8249999999999997 0.0
2.835 0.0
2.8449999999999998 0.0
2.855 0.0
2.8649999999999998 0.0
2.875 0.0
2.885 0.0
2.895 0.0
2.905 0.0
2.915 0.0
2.925 0.0
2.935 0.0
2.945 0.0
2.955 0.0
2.965 0.0
2.975 0.0
2.985 0.0
2.995 0.0
3.005 0.0
3.015 0.0
3.025 0.0
3.035 0.0
3.045 0.0
3.055 0.0
3.065 0.0
3.075 0.0
3.085 0.0
3.0949999999999998 0.0
3.105 0.0
3.1149999999999998 0.0
3.125 0.0
3.135 0.0
3.145 0.0
3.155 0.0
3.165 0.0
3.175 0.0
3.185 0.0
3.195 0.0
3.205 0.0
3.215 0.0
3.225 0.0
3.235 0.0
3.245 0.0
3.255 0.0
3.265 0.0
3.275 0.0
3.285 0.0
3.295 0.0
3.305 0.0
3.315 0.0
3.325 0.0
3.335 0.0
3.3449999999999998 0.0
3.355 0.0
3.3649999999999998 0.0
3.375 0.0
3.385 0.0
3.395 0.0
3.405 0.0
3.415 0.0
3.425 0.0
3.435 0.0
3.445 0.0
3.455 0.0
3.465 0.0
3.475 0.0
3.485 0.0
3.495 0.0
3.505 0.0
3.515 0.0
3.525 0.0
3.535 0.0
3.545 0.0
3.555 0.0
3.565 0.0
3.575 0.0
3.585 0.0
3.5949999999999998 0.0
3.605 0.0
3.6149999999999998 0.0
3.625 0.0
3.635 0.0
3.645 0.0
3.655 0.0
3.665 0.0
3.675 0.0
3.685 0.0
3.695 0.003117880584099774
3.705 0.004628132648216968
3.715 0.00680157002134899
3.725 0.012968920515594597
3.735 0.018816711343859364
3.745 0.027034133222208677
3.755 0.038460162526825256
3.765 0.05418022663499201
3.775 0.07557926169963829
3.785 0.10439932178438338
3.795 0.14279959672942863
3.805 0.19341564943390757
3.815 0.2594135192290751
3.825 0.34453313090901566
3.835 0.4531143058240782
3.8449999999999998 0.5929991597008994
3.855 0.7652995031688143
3.8649999999999998 0.9781325458625052
3.875 1.2409752298298586
3.885 1.5563813241710975
3.895 1.9333821013176578
3.905 2.378949069033494
3.915 2.8995975225156734
3.925 3.5010433057878423
3.935 4.187835039319298
3.945 4.962980643399717
3.955 5.827590937642743
3.965 6.780565754107879
3.975 7.818348847342007
3.985 8.934776506452165
3.995 10.121040935733822
4.005 11.365783172942264
4.015 12.655321838657482
4.025 13.97401392715166
4.035 15.304732993846079
4.045 16.629439501271193
4.055 17.929808887170346
4.065 19.187876218270027
4.075 20.386653024859193
4.085 21.51067270429756
4.095 22.546425952794635
4.1049999999999995 23.482656773274165
4.115 24.310501966002946
4.125 25.023471460790976
4.135 25.61728190431812
4.145 26.08956993564336
4.155 26.43952297814952
4.165 26.66747280715383
4.175 26.77449970544376
4.185 26.762092334695804
4.195 26.631900783752588
4.205 26.38560845457759
4.215 26.024933860429325
4.225 25.551757719545684
4.235 24.968355738735895
4.245 24.277704904085336
4.255 23.48382233194722
4.265 22.59209170878502
4.275 21.609533411444524
4.285 20.544980294154406
4.295 19.409131046829703
4.305 18.2144657307616
4.315 16.97502207930728
4.325 15.7060448402594
4.335 14.423532382443668
4.345 13.14371382629951
4.355 11.882495323081383
4.365 10.654915496007224
4.375 9.47464762188031
4.385 8.353580424171717
4.395 7.301501216048646
4.405 6.325895592898339
4.415 5.4318679850600065
4.425 4.622178115521802
4.435 3.897380556465855
4.445 3.2560486912740103
4.455 2.695060743659
4.465 2.209924150635229
4.475 1.7951152250708011
4.485 1.4444134037660648
4.495 1.1512129351952718
4.505 0.9067195658861779
4.515 0.7092074799574081
4.525 0.5493764539401886
4.535 0.41940962519737934
4.545 0.318847423572601
4.555 0.24003069100320734
4.565 0.17893240233220437
4.575 0.1320834961342457
4.585 0.09654825731874633
4.595 0.06988365360955676
4.605 0.05008884189041554
4.615 0.03554999432273356
4.625 0.02498447103115682
4.635 0.017387284926265838
4.645 0.011981833302187645
4.655 0.00624086467082791
4.665 0.004246600335731583
4.675 0.0028608498808499086
4.685 0.0
4.695 0.0
4.705 0.0
4.715 0.0
4.725 0.0
4.735 0.0
4.745 0.001975134207484
4.755 0.0029318579925363564
4.765 0.006268568025908293
4.775 0.009178318607587329
4.785 0.013306155051579853
4.795 0.021037455621438404
4.805 0.03002236330882222
4.815 0.042428646198248814
4.825 0.06129487074612183
4.835 0.08513993671454784
4.845 0.11903214948362507
4.855 0.1624282763564308
4.865 0.22144610410811202
4.875 0.2968006259013392
4.885 0.394108693308054
4.895 0.5184843494831117
4.905 0.6776890696057029
4.915 0.8756065327900339
4.925 1.1210538204877145
4.935 1.4223365628052793
4.945 1.7883688133402889
4.955 2.228495917184883
4.965 2.7522555032545633
4.975 3.3690757081076246
4.985 4.089716537445805
4.995 4.919516957095064
5.005 5.8665214049311825
5.015 6.935790865428546
5.025 8.130133647313112
5.035 9.44965631595975
5.045 10.891363756231161
5.055 12.448835386175137
5.065 14.112003373625473
5.075 15.867055659921807
5.085 17.696481710128083
5.095 19.57927238700035
5.105 21.491277536384192
5.115 23.40571625224237
5.125 25.29382592945152
5.135 27.125627727230736
5.145 28.870778566037885
5.155 30.499473820616295
5.165 31.983360904462195
5.175 33.296422280724144
5.185 34.41578723288896
5.195 35.32243496322733
5.205 36.00175706472122
5.215 36.443954784730884
5.225 36.644255288749335
5.235 36.60294076868689
5.245 36.325194096592405
5.255 35.82077416515665
5.265 35.10354247753045
5.275 34.190869422936416
5.285 33.10295358621039
5.295 31.862090117396168
5.305 30.491924525279156
5.315 29.016726323743935
5.325 27.460712988983598
5.335 25.8474490661144
5.345 24.199338500172548
5.355 22.537220935868724
5.365 20.88007543001121
5.375 19.244828312427465
5.385 17.646256291321098
5.395 16.096971674536412
5.405 14.607473960133193
5.415 13.186251062688857
5.425 11.839913952960135
5.435 10.57335023344113
5.445 9.389884794216478
5.455 8.291438790749051
5.465 7.278681360385621
5.475 6.351171398259275
5.485 5.50748907927898
5.495 4.745358477511833
5.505 4.061763542706823
5.515 3.453059891354072
5.525 2.9150844819531136
5.535 2.4432644489806603
5.545 2.032725367306047
5.555 1.6770808327830269
5.565 1.3742534133800084
5.575 1.115873480258684
5.585 0.8999932340337049
5.595 0.7198772968253393
5.605 0.5696795575118139
5.615 0.44815353362955057
5.625 0.3494858895861024
5.635 0.2688664332208425
5.645 0.20611419502451878
5.655 0.1553080103667793
5.665 0.11701970027531085
5.675 0.08609097301592425
5.685 0.0637599098768223
5.695 0.04676924134018558
5.705 0.03397694211387313
5.715 0.02320696604102063
5.725 0.016600826677832543
5.735 0.01175704333763225
5.745 0.008243726559000008
5.755 0.005722767368011653
5.765 0.00393319665704924
5.775 0.0026763461676069106
5.785 0.0018030009912369809
5.795 0.0
5.805 0.0
5.815 0.0
5.825 0.0
5.835 0.0
5.845 0.0
5.855 0.0
5.865 0.0
5.875 0.0
5.885 0.0
5.895 0.0
5.905 0.0
5.915 0.0
5.925 0.0
5.935 0.0
5.945 0.0
5.955 0.0
5.965 0.0
5.975 0.0
5.985 0.0
5.995 0.0
6.005 0.0
6.015 0.0
6.025 0.0
6.035 0.0
6.045 0.0
6.055 0.0
6.065 0.0
6.075 0.0
6.085 0.0
6.095 0.0
6.105 0.0
6.115 0.0
6.125 0.0
6.135 0.0
6.1450000000000005 0.0
6.155 0.0
6.165 0.0
6.175 0.0
6.185 0.0
6.195 0.0
6.205 0.0
6.215 0.0
6.225 0.0
6.235 0.0
6.245 0.0
6.255 0.0
6.265 0.0
6.275 0.0
6.285 0.0
6.295 0.0
6.305 0.0
6.315 0.0
6.325 0.0
6.335 0.0
6.345 0.0
6.355 0.0
6.365 0.0
6.375 0.0
6.385 0.0
6.3950000000000005 0.0
6.405 0.0
6.415 0.0
6.425 0.0
6.435 0.0
6.445 0.0
6.455 0.0
6.465 0.0
6.475 0.0
6.485 0.0
6.495 0.0
6.505 0.0
6.515 0.0
6.525 0.0
6.535 0.0
6.545 0.0
6.555 0.0
6.565 0.0
6.575 0.0010746796056259002
6.585 0.001595237416896208
6.595 0.003412926730180818
6.605 0.006065729512015046
6.615 0.008830802337853931
6.625 0.013805048222447637
6.635 0.019767367667765066
6.6450000000000005 0.028030301581907495
6.655 0.039361898506339824
6.665 0.05473875857659338
6.675 0.07538514549782743
6.685 0.10281342039242947
6.695 0.13886355669419603
6.705 0.18573871591942331
6.715 0.24603306574746775
6.725 0.3227472778472381
6.735 0.41928654704384405
6.745 0.5394356354830177
6.755 0.6873054832723063
6.765 0.8672464550213961
6.775 1.0837244058134912
6.785 1.3411575111502787
6.795 1.643714221344864
6.805 1.9950757114918787
6.815 2.398169664184648
6.825 2.854885921482667
6.835 3.365788176427892
6.845 3.9298390842311015
6.855 4.544158569501759
6.865 5.203836306138475
6.875 5.901819020503705
6.885 6.628891185272268
6.8950000000000005 7.373763742141058
6.905 8.123279802647176
6.915 8.862739105187357
6.925 9.576334817194947
6.935 10.24768768747874
6.945 10.860454306789903
6.955 11.398979096405863
6.965 11.848954345886668
6.975 12.19804976962415
6.985 12.43647305643627
6.995 12.557425901223368
