0.005 0.0
0.015 0.0
0.025 0.0
0.034999999999999996 0.0
0.045 0.0
0.055 0.0
0.065 0.0
0.07500000000000001 0.0
0.085 0.0
0.095 0.0
0.10500000000000001 0.0
0.115 0.0
0.125 0.0
0.135 0.0
0.14500000000000002 0.0
0.155 0.0
0.165 0.0
0.17500000000000002 0.0
0.185 0.0
0.195 0.0
0.20500000000000002 0.0
0.215 0.0
0.225 0.0
0.23500000000000001 0.0
0.245 0.0
0.255 0.0
0.265 0.0
0.275 0.0
0.28500000000000003 0.0
0.295 0.0
0.305 0.0
0.315 0.0
0.325 0.0
0.335 0.0
0.34500000000000003 0.0
0.35500000000000004 0.0
0.365 0.0
0.375 0.0
0.385 0.0
0.395 0.0
0.405 0.0
0.41500000000000004 0.0
0.425 0.0
0.435 0.0
0.445 0.0
0.455 0.0
0.465 0.0
0.47500000000000003 0.0
0.485 0.0
0.495 0.0
0.505 0.0
0.515 0.0
0.525 0.0
0.535 0.0
0.545 0.0
0.555 0.0
0.5650000000000001 0.0
0.5750000000000001 0.0
0.585 0.0
0.595 0.0
0.605 0.0
0.615 0.0
0.625 0.0
0.635 0.0
0.645 0.0
0.655 0.0
0.665 0.0
0.675 0.0
0.685 0.0
0.6950000000000001 0.0
0.7050000000000001 0.0
0.715 0.0
0.725 0.0
0.735 0.0
0.745 0.0
0.755 0.0
0.765 0.0
0.775 0.0
0.785 0.0
0.795 0.0
0.805 0.0
0.8150000000000001 0.0
0.8250000000000001 0.0
0.8350000000000001 0.0
0.845 0.0
0.855 0.0
0.865 0.0
0.875 0.0
0.885 0.0
0.895 0.0
0.905 0.0
0.915 0.0
0.925 0.0
0.935 0.0
0.9450000000000001 0.0
0.9550000000000001 0.0
0.965 0.0
0.975 0.0
0.985 0.0
0.995 0.0
1.005 0.0
1.015 0.0
1.025 0.0
1.035 0.0
1.045 0.0
1.055 0.0
1.065 0.0
1.075 0.0
1.085 0.0
1.095 0.0
1.105 0.0
1.115 0.0
1.125 0.0
1.135 0.0
1.145 0.0
1.155 0.0
1.1649999999999998 0.0
1.1749999999999998 0.0
1.1849999999999998 0.0
1.1949999999999998 0.0
1.2049999999999998 0.0
1.2149999999999999 0.0
1.2249999999999999 0.0
1.2349999999999999 0.0
1.2449999999999999 0.0
1.255 0.0
1.265 0.018859827856285222
1.275 0.02799523031335964
1.285 0.04114219140055661
1.295 0.05986153526638865
1.305 0.08623138010055117
1.315 0.12298152609139913
1.325 0.17364867514640073
1.335 0.24275049582753044
1.345 0.33597412555232475
1.355 0.46037167377870825
1.365 0.6245517233240202
1.375 0.8388518819594302
1.385 1.115473379847887
1.395 1.4685549215680056
1.405 1.9141599744035116
1.4149999999999998 2.4701499831787648
1.4249999999999998 3.155916265321882
1.4349999999999998 3.991946157392408
1.4449999999999998 4.999204854717337
1.4549999999999998 6.198323614491781
1.4649999999999999 7.608597597541824
1.4749999999999999 9.246812252071948
1.4849999999999999 11.12593501409167
1.4949999999999999 13.253727991811665
1.505 15.63135559081522
1.515 18.252076798480495
1.525 21.100123018614322
1.535 24.149866949141984
1.545 27.379204989188594
1.555 30.721012940400172
1.565 34.12951797963392
1.575 37.5415396904975
1.585 40.88754723089191
1.595 44.09404831897826
1.605 47.086438340007646
1.615 49.79217795717637
1.625 52.14413241566052
1.635 54.083880901204836
1.645 55.56479275542172
1.655 56.554670831352254
1.665 57.03778119099099
1.6749999999999998 57.016121630932176
1.6849999999999998 56.509826717740545
1.6949999999999998 55.5685729106956
1.7049999999999998 54.22828832635157
1.7149999999999999 52.56560133937364
1.7249999999999999 50.66044990043679
1.7349999999999999 48.60056766455211
1.7449999999999999 46.47766839310824
1.755 44.38348279237235
1.765 42.40585967171255
1.775 40.625133011410504
1.785 39.11093460025258
1.795 37.919600641479036
1.805 37.09228277002459
1.815 36.65383196446864
1.825 36.612480402505355
1.835 36.96030364076218
1.845 37.674405515416325
1.855 38.71873248269453
1.865 40.04639414530181
1.875 41.60234367878132
1.885 43.32625688553328
1.895 45.15544260543885
1.905 47.027620882592636
1.915 48.883418900552044
1.9249999999999998 50.6684579475558
1.9349999999999998 52.33493652313163
1.9449999999999998 53.84265329961256
1.9549999999999998 55.15945636227196
1.9649999999999999 56.26114867395995
1.9749999999999999 57.13092036433208
1.9849999999999999 57.758412535740234
1.9949999999999999 58.13854152459224
2.005 58.27022450813931
2.015 58.15514573652818
2.025 57.796687640713884
2.035 57.199124220248116
2.045 56.36713837472988
2.0549999999999997 55.305684137909395
2.065 54.02017358172007
2.0749999999999997 52.50435190093057
2.085 50.79552104095765
2.0949999999999998 48.88556123269126
2.105 46.78796995172805
2.1149999999999998 44.51958492677167
2.125 42.10093147672794
2.135 39.55627778911763
2.145 36.91337351071386
2.155 34.20288034139063
2.165 31.457534285589617
2.175 28.71110459292365
2.185 25.99723184705569
2.195 23.348235856325317
2.205 20.793982815654395
2.215 18.360891552938575
2.225 16.071142291793382
2.235 13.94213055413256
2.245 11.98618611350623
2.255 10.210554726922851
2.265 8.61762079902661
2.275 7.205333707703824
2.285 5.967790147361109
2.295 4.895919784294254
2.305 3.978221452556908
2.315 3.20150128465477
2.3249999999999997 2.5515715132861247
2.335 2.01387801332384
2.3449999999999998 1.5740348118935714
2.355 1.20903572230187
2.3649999999999998 0.9275793998833509
2.375 0.7045634542291389
2.385 0.5298417606528143
2.395 0.39448392716457226
2.405 0.29078332353481073
2.415 0.21221043433868433
2.425 0.15332784353796428
2.435 0.1096812461810121
2.445 0.0776784909391052
2.455 0.05446609495501826
2.465 0.037810180704175675
2.475 0.025986531827129237
2.485 0.01768255211452084
2.495 0.011912382402530555
2.505 0.0
2.515 0.0
2.525 0.0
2.535 0.0
2.545 0.0
2.555 0.0
2.565 0.0
2.5749999999999997 0.0
2.585 0.0
2.5949999999999998 0.0
2.605 0.0
2.6149999999999998 0.0
2.625 0.0
2.635 0.0
2.645 0.0
2.655 0.0
2.665 0.0
2.675 0.0
2.685 0.0
2.695 0.0
2.705 0.0
2.715 0.0
2.725 0.0
2.735 0.0
2.745 0.0
2.755 0.0
2.765 0.0
2.775 0.0
2.785 0.0
2.795 0.0
2.805 0.0
2.815 0.0
2.8249999999999997 0.0
2.835 0.0
2.8449999999999998 0.0
2.855 0.0
2.8649999999999998 0.0
2.875 0.0
2.885 0.0
2.895 0.0
2.905 0.0
2.915 0.0
2.925 0.0
2.935 0.0
2.945 0.0
2.955 0.0
2.965 0.0
2.975 0.0
2.985 0.0
2.995 0.0
3.005 0.0
3.015 0.0
3.025 0.0
3.035 0.0
3.045 0.0
3.055 0.0
3.065 0.0
3.075 0.0
3.085 0.0
3.0949999999999998 0.0
3.105 0.0
3.1149999999999998 0.0
3.125 0.0
3.135 0.0
3.145 0.004160396655067407
3.155 0.006175627022742307
3.165 0.009075789916501036
3.175 0.013205196409387446
3.185 0.01902227040808435
3.195 0.027129194056520988
3.205 0.03830614853651539
3.215 0.053549712041525366
3.225 0.07411444254891558
3.235 0.10155600497903904
3.245 0.14170866411253819
3.255 0.1908885267036077
3.265 0.2546532505010686
3.275 0.33644745073164056
3.285 0.4402482743621781
3.295 0.5705654729232907
3.305 0.7362234707392896
3.315 0.9369116195527195
3.325 1.1812154570523983
3.335 1.475472841735621
3.3449999999999998 1.8261561349302748
3.355 2.2396764505593034
3.3649999999999998 2.7221544819821886
3.375 3.2791650291139147
3.385 3.919114780769851
3.395 4.640136563811169
3.405 5.447194597848988
3.415 6.341300206845676
3.425 7.321769435956123
3.435 8.386104217150455
3.445 9.529941334104382
3.455 10.747074957378167
3.465 12.029553365957629
3.475 13.371326922133525
3.485 14.756231931643711
3.495 16.174832621898943
3.505 17.61465570170224
3.515 19.06283596224933
3.525 20.506430619329397
3.535 21.932707593583327
3.545 23.329394090877564
3.555 24.684876550747653
3.565 25.98834831303286
3.575 27.22990656364812
3.585 28.400604630025537
3.5949999999999998 29.492468979988562
3.605 30.498491987366037
3.6149999999999998 31.41261154156018
3.625 32.229687014674795
3.635 32.94547829628638
3.645 33.55663106687772
3.655 34.06066780090222
3.665 34.45598076547404
3.675 34.74182102114672
3.685 34.91827648901563
3.695 34.98623266879769
3.705 34.94731149747415
3.715 34.80378684139374
3.725 34.558478766747854
3.735 34.21769033743324
3.745 33.78033019703213
3.755 33.252344736381104
3.765 32.63777842778262
3.775 31.94075734964236
3.785 31.165475883487794
3.795 30.316232130542282
3.805 29.397513189171093
3.815 28.414125929664024
3.825 27.371363355107206
3.835 26.27519163480065
3.8449999999999998 25.132438981889727
3.855 23.950965159635132
3.8649999999999998 22.739789835669196
3.875 21.509159382926246
3.885 20.27053499099263
3.895 19.036489872473766
3.905 17.820509550513286
3.915 16.636696214174933
3.925 15.499385386228447
3.935 14.422690109751837
3.945 13.419994006974742
3.955 12.50064456163647
3.965 11.68146798987876
3.975 10.966492657326928
3.985 10.361163064234493
3.995 9.867858247152565
4.005 9.485686084715498
4.015 9.210411598753529
4.025 9.034530597267434
4.035 8.947491959273103
4.045 8.936063351325455
4.055 8.98220195571864
4.065 9.075048376940135
4.075 9.192895369813813
4.085 9.317763629503599
4.095 9.432212809574763
4.1049999999999995 9.52005496971358
4.115 9.564457922381948
4.125 9.559510524508338
4.135 9.492520301707534
4.145 9.357677001396752
4.155 9.152354573376122
4.165 8.87705980432805
4.175 8.535228790538158
4.185 8.132890185429506
4.195 7.675787399350351
4.205 7.17942300570835
4.215 6.651143480269931
4.225 6.102415124498689
4.235 5.544643930697991
4.245 4.988697280627827
4.255 4.44450043646627
4.265 3.92072316559659
4.275 3.424564316246981
4.285 2.9593125042143495
4.295 2.5344001435262093
4.305 2.1489019253353825
4.315 1.803910808167254
4.325 1.499238000354955
4.335 1.2336249873666583
4.345 1.004969285416313
4.355 0.8105493747936524
4.365 0.6472368218780045
4.375 0.5116865641830965
4.385 0.4004993959434986
4.395 0.3103535893400643
4.405 0.2381051203380606
4.415 0.18085801180591735
4.425 0.13600780288591302
4.435 0.1012621053903993
4.445 0.0746426648233718
4.455 0.054473386333891004
4.465 0.04156754192372286
4.475 0.03143369200425027
4.485 0.024758629035455802
4.495 0.020992695409541264
4.505 0.01980587325842197
4.515 0.021075303029755306
4.525 0.02487829754509378
4.535 0.03149094094831905
4.545 0.039352268370699245
4.555 0.05392281214222919
4.565 0.0731530351845557
4.575 0.09825376977428138
4.585 0.13065413216562877
4.595 0.17201017279425868
4.605 0.22420338736902642
4.615 0.2893258666694262
4.625 0.3696488937183343
4.635 0.4675721270167338
4.645 0.5855511961212035
4.655 0.7260026167935817
4.665 0.8911864093429785
4.675 1.0830686342848561
4.685 1.3051901727147739
4.695 1.5553955860585784
4.705 1.8352939368211134
4.715 2.1442629985841384
4.725 2.4806786149834896
4.735 2.841831759440597
4.745 3.2238938500656835
4.755 3.621940526756436
4.765 4.030041207384991
4.775 4.441417749723256
4.785 4.848670666842143
4.795 5.244065911213061
4.805 5.619869695013155
4.815 5.970636123844194
4.825 6.286822129990124
4.835 6.564294797452075
4.845 6.799091535269143
4.855 6.988962163824787
4.865 7.133542522028458
4.875 7.234425496357718
4.885 7.2951198520294795
4.895 7.32089508845389
4.905 7.318518858893093
4.915 7.295901569394036
4.925 7.261669884319948
4.935 7.224696365762124
4.945 7.1936158499907386
4.955 7.176360095306833
4.965 7.179740627290573
4.975 7.209105702004746
4.985 7.268091272687837
4.995 7.358478337973266
5.005 7.480160761717823
5.015 7.6312193443830125
5.025 7.808090342452363
5.035 8.005810440041675
5.045 8.218315889124117
5.055 8.438771463003281
5.065 8.659905091172039
5.075 8.874326404766403
5.085 9.074811546518195
5.095 9.254541942248629
5.105 9.407290640525904
5.115 9.52755562094408
5.125 9.610644517010236
5.135 9.652718987156153
5.145 9.6508091674572
5.155 9.602809137080007
5.165 9.507463227685262
5.175 9.364350614618175
5.185 9.173872394889244
5.195 8.93724182303323
5.205 8.656475087920736
5.215 8.334377453012047
5.225 7.974518103130002
5.235 7.581186826387707
5.245 7.159326707519519
5.255 6.714439138823543
5.265 6.2524603447045335
5.275 5.778138480019339
5.285 5.301257550833391
5.295 4.82594996844243
5.305 4.358285080053079
5.315 3.903889499651568
5.325 3.467794107487152
5.335 3.0543080130898503
5.345 2.6669265886658557
5.355 2.3082779056971905
5.365 1.9801088992834452
5.375 1.6833096609776157
5.385 1.4179717001977228
5.395 1.1834740270914135
5.405 0.9785896219534334
5.415 0.8016043059012902
5.425 0.6504401720642677
5.435 0.5227764694049843
5.445 0.41616200303231143
5.455 0.32811455623979574
5.465 0.25620438292758285
5.475 0.19812031609766817
5.485 0.15171837155089665
5.495 0.11520970186732568
5.505 0.08774120786773056
5.515 0.06843979364631972
5.525 0.05392135722485341
5.535 0.04438629871815642
5.545 0.03929854710851408
5.555 0.03838604761563923
5.565 0.041645775297752305
5.575 0.049351143061483325
5.585 0.06206217502195761
5.595 0.08063797621735468
5.605 0.10770007745296786
5.615 0.14254731717887884
5.625 0.1867825331582713
5.635 0.24712319167670943
5.645 0.3221760431053698
5.655 0.4160161993411853
5.665 0.5320839805291973
5.675 0.6740938372136511
5.685 0.845959934102023
5.695 1.0516940681092388
5.705 1.2952756923505446
5.715 1.580495754583807
5.725 1.9107782616792262
5.735 2.288985794175907
5.745 2.7172174163306098
5.755 3.1966093287180164
5.765 3.728525587215138
5.775 4.309563726311786
5.785 4.93798259065264
5.795 5.609657153431284
5.805 6.318991477820889
5.815 7.058978240518103
5.825 7.821323558590263
5.835 8.596634103642915
5.845 9.374659281883146
5.855 10.144577485051851
5.865 10.895312436694734
5.875 11.61586375475284
5.885 12.295635193884957
5.895 12.926064048484307
5.905 13.496260288880958
5.915 13.99952014804873
5.925 14.429695665508548
5.935 14.782208090327678
5.945 15.055423774765298
5.955 15.246111277653661
5.965 15.355594835094783
5.975 15.38592900367949
5.985 15.340660778262851
5.995 15.224694025364613
6.005 15.044128272955042
6.015 14.806077161170116
6.025 14.518471344904556
6.035 14.189850299905219
6.045 13.82914737947913
6.055 13.445472571061002
6.065 13.047897608803705
6.075 12.645248265133823
6.085 12.245908622173031
6.095 11.8576418001737
6.105 11.487430948791292
6.115 11.14134332544486
6.125 10.824419111132162
6.135 10.54058542526133
6.1450000000000005 10.29259499852406
6.155 10.08198832843004
6.165 9.909077996557274
6.175 9.77295419752198
6.185 9.671511336746011
6.195 9.601496614440393
6.205 9.558582567598751
6.215 9.53746629718884
6.225 9.531998289234929
6.235 9.535343141425864
6.245 9.540173039902655
6.255 9.538892542094018
6.265 9.523890302690539
6.275 9.487810147499692
6.285 9.423830755190904
6.295 9.325940581134278
6.305 9.188189466869938
6.315 9.010422647320928
6.325 8.786222508292347
6.335 8.5181542772536
6.345 8.205844766919851
6.355 7.8519853945036555
6.365 7.4618817632924745
6.375 7.039270747681756
6.385 6.591534337355528
6.3950000000000005 6.127264797016246
6.405 5.652760802155289
6.415 5.176158598075375
6.425 4.7080760743543735
6.435 4.255224911795851
6.445 3.8243460435637053
6.455 3.4247562322304943
6.465 3.0614120181823856
6.475 2.739899935025429
6.485 2.4649863590109766
6.495 2.241736137519857
6.505 2.0716877422687925
6.515 1.9581396941675626
6.525 1.9041135949869892
6.535 1.9092994874131528
6.545 1.9752699252846377
6.555 2.1023292118185304
6.565 2.2912968661339645
6.575 2.5387548263102993
6.585 2.8460928690172818
6.595 3.2097749867141014
6.605 3.626826520098822
6.615 4.093401391932765
6.625 4.604747820408191
6.635 5.156285675379799
6.6450000000000005 5.7398597142218275
6.655 6.348959719177964
6.665 6.975746409526213
6.675 7.613053774639837
6.685 8.250789600234983
6.695 8.881386368886988
6.705 9.497145406061763
6.715 10.091192906996884
6.725 10.656693469756116
6.735 11.188527727082656
6.745 11.682872029221288
6.755 12.136428844489652
6.765 12.550206003639452
6.775 12.923282910117809
6.785 13.257248572912701
6.795 13.554710170176461
6.805 13.820182258529915
6.815 14.055830373133013
6.825 14.266572882320064
6.835 14.45767137631848
6.845 14.631222120552291
6.855 14.791387979181245
6.865 14.940943979746727
6.875 15.081950033860004
6.885 15.216879449552497
6.8950000000000005 15.344564696661894
6.905 15.465782466140372
6.915 15.580002042756615
6.925 15.686284104076488
6.935 15.78341465058229
6.945 15.870036537746472
6.955 15.944770101611423
6.965 16.006317196822888
6.975 16.05354577267735
6.985 16.08555448988304
6.995 16.101718530539863
