0.005 0.0
0.015 0.0
0.025 0.0
0.034999999999999996 0.0
0.045 0.0
0.055 0.0
0.065 0.0
0.07500000000000001 0.0
0.085 0.0
0.095 0.0
0.10500000000000001 0.0
0.115 0.0
0.125 0.0
0.135 0.0
0.14500000000000002 0.0
0.155 0.0
0.165 0.0
0.17500000000000002 0.0
0.185 0.0
0.195 0.0
0.20500000000000002 0.0
0.215 0.0
0.225 0.0
0.23500000000000001 0.0
0.245 0.0
0.255 0.0
0.265 0.0
0.275 0.0
0.28500000000000003 0.0
0.295 0.0
0.305 0.0
0.315 0.0
0.325 0.0
0.335 0.0
0.34500000000000003 0.0
0.35500000000000004 0.0
0.365 0.0
0.375 0.0
0.385 0.0
0.395 0.0
0.405 0.0
0.41500000000000004 0.0
0.425 0.0
0.435 0.0
0.445 0.0
0.455 0.0
0.465 0.0
0.47500000000000003 0.0
0.485 0.0
0.495 0.0
0.505 0.0
0.515 0.0
0.525 0.0
0.535 0.0
0.545 0.0
0.555 0.0
0.5650000000000001 0.0
0.5750000000000001 0.0
0.585 0.0
0.595 0.0
0.605 0.0
0.615 0.0
0.625 0.0
0.635 0.0
0.645 0.0
0.655 0.0
0.665 0.0
0.675 0.0
0.685 0.0
0.6950000000000001 0.0
0.7050000000000001 0.0
0.715 0.0
0.725 0.0
0.735 0.0
0.745 0.0
0.755 0.0
0.765 0.0
0.775 0.0
0.785 0.0
0.795 0.0
0.805 0.0
0.8150000000000001 0.0
0.8250000000000001 0.0
0.8350000000000001 0.0
0.845 0.0
0.855 0.0
0.865 0.0
0.875 0.0
0.885 0.0
0.895 0.0
0.905 0.0
0.915 0.0
0.925 0.0
0.935 0.0
0.9450000000000001 0.0
0.9550000000000001 0.0
0.965 0.0
0.975 0.0
0.985 0.0
0.995 0.0
1.005 0.0
1.015 0.0
1.025 0.0
1.035 0.0
1.045 0.0
1.055 0.0
1.065 0.0
1.075 0.0
1.085 0.0
1.095 0.0
1.105 0.0
1.115 0.0
1.125 0.0
1.135 0.0
1.145 0.0
1.155 0.0
1.1649999999999998 0.0
1.1749999999999998 0.0
1.1849999999999998 0.0
1.1949999999999998 0.0
1.2049999999999998 0.0
1.2149999999999999 0.0
1.2249999999999999 0.0
1.2349999999999999 0.0
1.2449999999999999 0.0
1.255 0.0
1.265 0.0
1.275 0.0
1.285 0.0
1.295 0.0
1.305 0.0
1.315 0.0
1.325 0.0
1.335 0.0
1.345 0.0
1.355 0.0
1.365 0.0
1.375 0.0
1.385 0.0
1.395 0.0
1.405 0.0
1.4149999999999998 0.0
1.4249999999999998 0.0
1.4349999999999998 0.0
1.4449999999999998 0.0
1.4549999999999998 0.0
1.4649999999999999 0.0
1.4749999999999999 0.0
1.4849999999999999 0.0
1.4949999999999999 0.0
1.505 0.0
1.515 0.0
1.525 0.0
1.535 0.0
1.545 0.0
1.555 0.0
1.565 0.0
1.575 0.0
1.585 0.0
1.595 0.0
1.605 0.0
1.615 0.0
1.625 0.0
1.635 0.0
1.645 0.0
1.655 0.0
1.665 0.0
1.6749999999999998 0.0
1.6849999999999998 0.0
1.6949999999999998 0.0
1.7049999999999998 0.0
1.7149999999999999 0.0
1.7249999999999999 0.0
1.7349999999999999 0.0
1.7449999999999999 0.0
1.755 0.0
1.765 0.0
1.775 0.0
1.785 0.0
1.795 0.0
1.805 0.0
1.815 0.0
1.825 0.0
1.835 0.0
1.845 0.0
1.855 0.0
1.865 0.0
1.875 0.0
1.885 0.0
1.895 0.0
1.905 0.0
1.915 0.0
1.9249999999999998 0.0
1.9349999999999998 0.0
1.9449999999999998 0.0
1.9549999999999998 0.0
1.9649999999999999 0.0
1.9749999999999999 0.0
1.9849999999999999 0.0
1.9949999999999999 0.0
2.005 0.0
2.015 0.0
2.025 0.0
2.035 0.0
2.045 0.0
2.0549999999999997 0.0
2.065 0.0
2.0749999999999997 0.0
2.085 0.0
2.0949999999999998 0.0
2.105 0.0
2.1149999999999998 0.0
2.125 0.0
2.135 0.0
2.145 0.0
2.155 0.0
2.165 0.0
2.175 0.0
2.185 0.0
2.195 0.0
2.205 0.0
2.215 0.0
2.225 0.0
2.235 0.0
2.245 0.0
2.255 0.0
2.265 0.0
2.275 0.0
2.285 0.0
2.295 0.0
2.305 0.0
2.315 0.0
2.3249999999999997 0.0
2.335 0.0
2.3449999999999998 0.0
2.355 0.0
2.3649999999999998 0.0
2.375 0.0
2.385 0.0
2.395 0.0
2.405 0.0
2.415 0.0
2.425 0.0
2.435 0.0
2.445 0.0
2.455 0.0
2.465 0.0
2.475 0.0
2.485 0.0
2.495 0.0
2.505 0.0
2.515 0.0
2.525 0.0
2.535 0.0
2.545 0.0
2.555 0.0
2.565 0.0
2.5749999999999997 0.005907356171587216
2.585 0.008768786111243152
2.5949999999999998 0.012886733650737146
2.605 0.018750086824294014
2.6149999999999998 0.02700976272440958
2.625 0.03852080107428601
2.635 0.054390982814414957
2.645 0.07603535146821182
2.655 0.10523525660992271
2.665 0.1441995902106955
2.675 0.19562476950308097
2.685 0.26274878433151533
2.695 0.34939335633912755
2.705 0.459987071215415
2.715 0.5995613970797424
2.725 0.7737109722883387
2.735 0.988509628456057
2.745 1.2503744970109594
2.755 1.5658723863538009
2.765 1.9414655073513973
2.775 2.383197573035293
2.785 2.896326193485454
2.795 3.4849130846265535
2.805 4.151389527284284
2.815 4.896120241569618
2.8249999999999997 5.716993778596713
2.835 6.609071031033897
2.8449999999999998 7.564324905408963
2.855 8.571503065059035
2.8649999999999998 9.616141608756184
2.875 10.680750515528475
2.885 11.745181883793576
2.895 12.787179968362915
2.905 13.78309862240783
2.915 14.70875807887985
2.925 15.54040030177286
2.935 16.25569166978824
2.945 16.834714673402562
2.955 17.260887504354116
2.965 17.521752412532077
2.975 17.609580561993155
2.985 17.521752412532077
2.995 17.260887504354116
3.005 16.834714673402562
3.015 16.25569166978824
3.025 15.54040030177286
3.035 14.70875807887985
3.045 13.78309862240783
3.055 12.787179968362915
3.065 11.745181883793576
3.075 10.680750515528475
3.085 9.616141608756184
3.0949999999999998 8.571503065059035
3.105 7.564324905408963
3.1149999999999998 6.609071031033897
3.125 5.716993778596713
3.135 4.896120241569618
3.145 4.151389527284284
3.155 3.4849130846265535
3.165 2.896326193485454
3.175 2.383197573035293
3.185 1.9414655073513973
3.195 1.5658723863538009
3.205 1.2503744970109594
3.215 0.988509628456057
3.225 0.7737109722883387
3.235 0.5995613970797424
3.245 0.459987071215415
3.255 0.34939335633912755
3.265 0.26274878433151533
3.275 0.19562476950308097
3.285 0.1441995902106955
3.295 0.10523525660992271
3.305 0.07603535146821182
3.315 0.054390982814414957
3.325 0.03852080107428601
3.335 0.02700976272440958
3.3449999999999998 0.018750086824294014
3.355 0.012886733650737146
3.3649999999999998 0.008768786111243152
3.375 0.005907356171587216
3.385 0.0
3.395 0.0
3.405 0.0
3.415 0.0
3.425 0.0
3.435 0.0
3.445 0.0
3.455 0.0
3.465 0.0
3.475 0.0
3.485 0.0
3.495 0.0
3.505 0.0
3.515 0.0
3.525 0.0
3.535 0.0
3.545 0.0
3.555 0.0
3.565 0.0
3.575 0.0
3.585 0.0
3.5949999999999998 0.0
3.605 0.0
3.6149999999999998 0.0
3.625 0.0
3.635 0.0
3.645 0.0
3.655 0.0
3.665 0.0
3.675 0.0
3.685 0.0
3.695 0.0
3.705 0.0
3.715 0.0
3.725 0.0
3.735 0.0
3.745 0.0
3.755 0.0
3.765 0.0
3.775 0.0
3.785 0.0
3.795 0.0
3.805 0.0
3.815 0.0
3.825 0.0
3.835 0.0
3.8449999999999998 0.0
3.855 0.0
3.8649999999999998 0.0
3.875 0.0
3.885 0.0
3.895 0.0
3.905 0.0
3.915 0.0
3.925 0.0
3.935 0.0
3.945 0.0
3.955 0.0027567094565964195
3.965 0.004092015936333906
3.975 0.006013685223601707
3.985 0.008749860370556821
3.995 0.012604296433136793
4.005 0.017976003733768765
4.015 0.02538193606798969
4.025 0.03548243348457754
4.035 0.049108775336628906
4.045 0.06729175665471111
4.055 0.09128967957399152
4.065 0.1226135749118522
4.075 0.16304687605000884
4.085 0.21465621376117558
4.095 0.27978955815961926
4.1049999999999995 0.36105768672597194
4.115 0.46129499585755485
4.125 0.583496085232824
4.135 0.7307254023460898
4.145 0.9085296266992796
4.155 1.1158930105753084
4.165 1.3571124634255811
4.175 1.6342928807508457
4.185 1.948847726353244
4.195 2.301313546489904
4.205 2.6911796542100137
4.215 3.1167474643376916
4.225 3.5750343072536137
4.235 4.061735614013839
4.245 4.571256999605248
4.255 5.096823959000959
4.265 5.630671771914973
4.275 6.164312092606978
4.285 6.688866043292018
4.295 7.19544702230414
4.305 7.675570545052308
4.315 8.12156392904573
4.325 8.526946117430544
4.335 8.886747866434362
4.345 9.197745145153405
4.355 9.458583893202988
4.365 9.669781950893828
4.375 9.833603442418273
4.385 9.95381135020688
4.395 10.035314507988781
4.405 10.083734742639695
4.415 10.104927442868354
4.425 10.104493617661703
4.435 10.087322974539536
4.445 10.057205465121676
4.455 10.016543238045694
4.465 9.966186482616026
4.475 9.907605998743346
4.485 9.835269338141998
4.495 9.74734919183679
4.505 9.639709632684076
4.515 9.507805190775075
4.525 9.347154585392303
4.535 9.153818091336097
4.545 8.924841022719024
4.555 8.658629844953234
4.565 8.355234108108835
4.575 8.01651595987413
4.585 7.64619852862531
4.595 7.24979401529178
4.605 6.83442101552845
4.615 6.408527692115918
4.625 5.981542442359676
4.635 5.563476433597987
4.645 5.164502857011057
4.655 4.796582350095432
4.665 4.465869495613256
4.675 4.182087936753689
4.685 3.9523038548502614
4.695 3.7820456779605194
4.705 3.675122979674013
4.715 3.633511132168316
4.725 3.6573016328725423
4.735 3.744716810723169
4.745 3.8921868977305047
4.755 4.094486905965224
4.765 4.34309138868863
4.775 4.634399183348897
4.785 4.956915363394051
4.795 5.301280724042119
4.805 5.657877448249528
4.815 6.017202055696891
4.825 6.370232344000739
4.835 6.708769717857276
4.845 7.025737453600857
4.855 7.315416148780418
4.865 7.573600080516579
4.875 7.797662461806304
4.885 7.986523434642758
4.895 8.14238645927099
4.905 8.263965901830673
4.915 8.355074011103701
4.925 8.41889376254277
4.935 8.458871890916624
4.945 8.478376413609004
4.955 8.478703524811934
4.965 8.466162377791028
4.975 8.43988182092149
4.985 8.400657322948005
4.995 8.348468437843689
5.005 8.282621923930865
5.015 8.201975208305294
5.025 8.105218114545776
5.035 7.991185023774813
5.045 7.85916651268132
5.055 7.7091892933401995
5.065 7.542235964340587
5.075 7.36038138474197
5.085 7.166829871826709
5.095 6.965846188663789
5.105 6.762582611482169
5.115 6.562813411264223
5.125 6.372596067892725
5.135 6.197884803205832
5.145 6.044126092122161
5.155 5.915867415541959
5.165 5.818097848617547
5.175 5.750035783294363
5.185 5.712979534419034
5.195 5.705351526123401
5.205 5.723870778556908
5.215 5.763713705777734
5.225 5.818779692349183
5.235 5.8820445034176645
5.245 5.945978495082387
5.255 6.00300220751365
5.265 6.045949514534149
5.275 6.06850819535965
5.285 6.064142225685686
5.295 6.032773476723292
5.305 5.970538475625927
5.315 5.877640370995209
5.325 5.756151050285575
5.335 5.609899294067564
5.345 5.444253588652876
5.355 5.265814346588815
5.365 5.082035284008207
5.375 4.90236499753842
5.385 4.732287288063194
5.395 4.580338228693872
5.405 4.45316041598661
5.415 4.356193264970052
5.425 4.293389644283165
5.435 4.2670192514702485
5.445 4.277568475248678
5.455 4.325266229694743
5.465 4.40345768087803
5.475 4.511978803044786
5.485 4.643293469961135
5.495 4.791058666070416
5.505 4.949977368812874
5.515 5.110948809676305
5.525 5.268624565003777
5.535 5.4174683622346835
5.545 5.553106827725862
5.555 5.672609844961292
5.565 5.77468335209094
5.575 5.859762368998732
5.585 5.929998001209787
5.595 5.9891386496433405
5.605 6.042312212333728
5.615 6.095722219501882
5.625 6.156276135895839
5.635 6.231168095258452
5.645 6.327440805090738
5.655 6.452978177414138
5.665 6.61108757479625
5.675 6.8069340887659395
5.685 7.043135936897486
5.695 7.3205225362333195
5.705 7.63819219652938
5.715 7.993970840642035
5.725 8.382304590054941
5.735 8.796936184456591
5.745 9.230229428525833
5.755 9.673482070252739
5.765 10.117282524476643
5.775 10.553265261290306
5.785 10.969685401646622
5.795 11.358334715080638
5.805 11.710948603368177
5.815 12.020462551966968
5.825 12.281306905943563
5.835 12.489642549739909
5.845 12.643527038145308
5.855 12.743002568499259
5.865 12.790099479516156
5.875 12.788751809102308
5.885 12.744624882722285
5.895 12.664858888564442
5.905 12.557736775570765
5.915 12.432289331227889
5.925 12.297854617630353
5.935 12.16361267408719
5.945 12.038119133104743
5.955 11.928862789349036
5.965 11.841871948177607
5.975 11.780266412647885
5.985 11.748912966480319
5.995 11.746270758784162
6.005 11.7703187279889
6.015 11.816972168744492
6.025 11.880294307701547
6.035 11.95280215768043
6.045 12.025848525081933
6.055 12.090057775237506
6.065 12.135790349733632
6.075 12.153610203807322
6.085 12.134730254639507
6.095 12.071413420767021
6.105 11.957310591038643
6.115 11.787721514662643
6.125 11.55976974563993
6.135 11.272488008207542
6.1450000000000005 10.926815321818601
6.155 10.525511650251794
6.165 10.072999516831159
6.175 9.575144836937131
6.185 9.03794549576877
6.195 8.471771703595854
6.205 7.883597276627459
6.215 7.282201223566702
6.225 6.676301299270708
6.235 6.074278468021163
6.245 5.4839345902486505
6.255 4.912290987903519
6.265 4.364415787959417
6.275 3.8477316054903676
6.285 3.3647045319442483
6.295 2.9181993296351463
6.305 2.509988968108359
6.315 2.13982499639811
6.325 1.8098770403037878
6.335 1.517723107478164
6.345 1.2617604499293786
6.355 1.0398506823607252
6.365 0.849462710540736
6.375 0.6878082016614995
6.385 0.5519649077168938
6.3950000000000005 0.43898442275920224
6.405 0.3459822511288562
6.415 0.2702092963028861
6.425 0.2091049748614006
6.435 0.1603330638952202
6.445 0.12180207226036494
6.455 0.0916723777451139
6.465 0.06740145227081312
6.475 0.049859665891936585
6.485 0.03653083769768608
6.495 0.02650881544895251
6.505 0.01905162972415342
6.515 0.012624879354133065
6.525 0.008941196518672452
6.535 0.00626932954940206
6.545 0.004352147576445261
6.555 0.0029911843690069414
6.565 0.00203535330689599
6.575 0.0013711768956750038
6.585 0.0
6.595 0.0
6.605 0.0
6.615 0.0
6.625 0.0
6.635 0.0
6.6450000000000005 0.0
6.655 0.0
6.665 0.0
6.675 0.0
6.685 0.0
6.695 0.0
6.705 0.0
6.715 0.0
6.725 0.0
6.735 0.0
6.745 0.0
6.755 0.0
6.765 0.0
6.775 0.0
6.785 0.0
6.795 0.0
6.805 0.0
6.815 0.0
6.825 0.0
6.835 0.0
6.845 0.0
6.855 0.0
6.865 0.0
6.875 0.0
6.885 0.0
6.8950000000000005 0.0
6.905 0.0
6.915 0.0
6.925 0.0
6.935 0.0
6.945 0.0
6.955 0.0
6.965 0.0
6.975 0.0
6.985 0.0
6.995 0.0
