0.005 0.0
0.015 0.0
0.025 0.0
0.034999999999999996 0.0
0.045 0.0
0.055 0.0
0.065 0.0
0.07500000000000001 0.0
0.085 0.0
0.095 0.0
0.10500000000000001 0.0
0.115 0.0
0.125 0.0
0.135 0.0
0.14500000000000002 0.0
0.155 0.0
0.165 0.0
0.17500000000000002 0.0
0.185 0.0
0.195 0.0
0.20500000000000002 0.0
0.215 0.0
0.225 0.0
0.23500000000000001 0.0
0.245 0.0
0.255 0.0
0.265 0.0
0.275 0.0
0.28500000000000003 0.0
0.295 0.0
0.305 0.0
0.315 0.0
0.325 0.0
0.335 0.0
0.34500000000000003 0.0
0.35500000000000004 0.0
0.365 0.0
0.375 0.0
0.385 0.0
0.395 0.0
0.405 0.0
0.41500000000000004 0.0
0.425 0.0
0.435 0.0
0.445 0.0
0.455 0.0
0.465 0.0
0.47500000000000003 0.0
0.485 0.0
0.495 0.0
0.505 0.0
0.515 0.0
0.525 0.0
0.535 0.0
0.545 0.0
0.555 0.0
0.5650000000000001 0.0
0.5750000000000001 0.0
0.585 0.0
0.595 0.0
0.605 0.0
0.615 0.0
0.625 0.0
0.635 0.0
0.645 0.0
0.655 0.0
0.665 0.0
0.675 0.0
0.685 0.0
0.6950000000000001 0.0
0.7050000000000001 0.0
0.715 0.0
0.725 0.0
0.735 0.0
0.745 0.0
0.755 0.0
0.765 0.0
0.775 0.0
0.785 0.0
0.795 0.0
0.805 0.0
0.8150000000000001 0.0
0.8250000000000001 0.0
0.8350000000000001 0.0
0.845 0.0
0.855 0.0
0.865 0.0
0.875 0.0
0.885 0.0
0.895 0.0
0.905 0.0
0.915 0.0
0.925 0.0
0.935 0.0
0.9450000000000001 0.0
0.9550000000000001 0.0
0.965 0.0
0.975 0.0
0.985 0.0
0.995 0.0
1.005 0.0
1.015 0.0
1.025 0.0
1.035 0.0
1.045 0.0
1.055 0.0
1.065 0.0
1.075 0.0
1.085 0.0
1.095 0.0
1.105 0.0
1.115 0.0
1.125 0.0
1.135 0.0
1.145 0.0
1.155 0.0
1.1649999999999998 0.0
1.1749999999999998 0.0
1.1849999999999998 0.0
1.1949999999999998 0.0
1.2049999999999998 0.0
1.2149999999999999 0.0
1.2249999999999999 0.0
1.2349999999999999 0.0
1.2449999999999999 0.0
1.255 0.0
1.265 0.0
1.275 0.0
1.285 0.0
1.295 0.0
1.305 0.0
1.315 0.0
1.325 0.0
1.335 0.0
1.345 0.0
1.355 0.0
1.365 0.0
1.375 0.0
1.385 0.0
1.395 0.0
1.405 0.0
1.4149999999999998 0.0
1.4249999999999998 0.0
1.4349999999999998 0.0
1.4449999999999998 0.0
1.4549999999999998 0.0
1.4649999999999999 0.0
1.4749999999999999 0.0
1.4849999999999999 0.0
1.4949999999999999 0.0
1.505 0.0
1.515 0.0
1.525 0.0
1.535 0.0
1.545 0.0
1.555 0.0
1.565 0.0
1.575 0.0
1.585 0.0
1.595 0.0
1.605 0.0
1.615 0.012877053891185628
1.625 0.019114495221712578
1.635 0.028090935924947144
1.645 0.04087207059938809
1.655 0.05887679024048228
1.665 0.08396893922716452
1.6749999999999998 0.11856329575394255
1.6849999999999998 0.1657444193395117
1.6949999999999998 0.22939535576616898
1.7049999999999998 0.314331122128886
1.7149999999999999 0.42642945950304956
1.7249999999999999 0.5727486471788881
1.7349999999999999 0.7616194026764287
1.7449999999999999 1.0026953061978734
1.755 1.3069441213658846
1.765 1.6865612292481142
1.775 2.154786572512424
1.785 2.7256084303188577
1.795 3.413341352732356
1.805 4.232071884591441
1.815 5.194974315061948
1.825 6.313509359626749
1.835 7.596530883421702
1.845 9.049338674255036
1.855 10.67272776130525
1.865 12.462095537195752
1.875 14.406675569458809
1.885 16.488970129461027
1.895 18.684450994863873
1.905 20.961589266752352
1.915 23.282259608500105
1.9249999999999998 25.602542945831935
1.9349999999999998 27.873925456005924
1.9449999999999998 30.04486247196846
1.9549999999999998 32.06264612334311
1.9649999999999999 33.87548784327978
1.9749999999999999 35.434704052069705
1.9849999999999999 36.69687789180526
1.9949999999999999 37.625863778506556
2.005 38.194505889013364
2.015 38.38595664649656
2.025 38.194505889013364
2.035 37.625863778506556
2.045 36.69687789180526
2.0549999999999997 35.434704052069705
2.065 33.87548784327978
2.0749999999999997 32.06264612334311
2.085 30.04486247196846
2.0949999999999998 27.873925456005924
2.105 25.602542945831935
2.1149999999999998 23.282259608500105
2.125 20.961589266752352
2.135 18.684450994863873
2.145 16.488970129461027
2.155 14.406675569458809
2.165 12.462095537195752
2.175 10.67272776130525
2.185 9.049338674255036
2.195 7.596530883421702
2.205 6.313509359626749
2.215 5.194974315061948
2.225 4.232071884591441
2.235 3.413341352732356
2.245 2.7256084303188577
2.255 2.154786572512424
2.265 1.6865612292481142
2.275 1.3069441213658846
2.285 1.0026953061978734
2.295 0.7616194026764287
2.305 0.5727486471788881
2.315 0.42642945950304956
2.3249999999999997 0.314331122128886
2.335 0.22939535576616898
2.3449999999999998 0.1657444193395117
2.355 0.11856329575394255
2.3649999999999998 0.08396893922716452
2.375 0.05887679024048228
2.385 0.04087207059938809
2.395 0.028090935924947144
2.405 0.019114495221712578
2.415 0.012877053891185628
2.425 0.0
2.435 0.0
2.445 0.0
2.455 0.0
2.465 0.0
2.475 0.0
2.485 0.0
2.495 0.0
2.505 0.0
2.515 0.0
2.525 0.0
2.535 0.0
2.545 0.0
2.555 0.0
2.565 0.0
2.5749999999999997 0.0
2.585 0.0
2.5949999999999998 0.0
2.605 0.0
2.6149999999999998 0.0
2.625 0.0
2.635 0.0
2.645 0.0
2.655 0.0
2.665 0.0
2.675 0.0
2.685 0.0
2.695 0.0
2.705 0.0
2.715 0.0
2.725 0.0
2.735 0.0
2.745 0.0
2.755 0.0
2.765 0.0
2.775 0.0
2.785 0.0
2.795 0.0
2.805 0.0
2.815 0.0
2.8249999999999997 0.0
2.835 0.0
2.8449999999999998 0.0
2.855 0.0
2.8649999999999998 0.0
2.875 0.0
2.885 0.0
2.895 0.0
2.905 0.0
2.915 0.0
2.925 0.0
2.935 0.0
2.945 0.0
2.955 0.0
2.965 0.0
2.975 0.0
2.985 0.0
2.995 0.0
3.005 0.0
3.015 0.0
3.025 0.0
3.035 0.0
3.045 0.0
3.055 0.0
3.065 0.0
3.075 0.0
3.085 0.004304885876553977
3.0949999999999998 0.0063901045388754405
3.105 0.009390989145837414
3.1149999999999998 0.01366380858196615
3.125 0.01968290766699172
3.135 0.028071382134672224
3.145 0.03963650860529598
3.155 0.05540947610856109
3.165 0.07668841301198684
3.175 0.1050830119721907
3.185 0.14255824143267623
3.195 0.19147373171618953
3.205 0.25461449781890716
3.215 0.3352077966446064
3.225 0.4369202254689964
3.235 0.5638287823508696
3.245 0.7203596693298303
3.255 0.9111892623768286
3.265 1.1411030120246115
3.275 1.4148101451225212
3.285 1.736714915302086
3.295 2.1106487169672072
3.305 2.5395714568868044
3.315 3.0252548898331404
3.325 3.5679647994171924
3.335 4.166162502982335
3.3449999999999998 4.816248709614444
3.355 5.512373810738284
3.3649999999999998 6.246337856364173
3.375 7.0076005231550065
3.385 7.783416254202457
3.395 8.559102607066174
3.405 9.318441083935703
3.415 10.0441999553265
3.425 10.718758625045979
3.435 11.324803826264334
3.445 11.84606031027333
3.455 12.268013528948043
3.465 12.578579770028684
3.475 12.768680658867103
3.485 12.832683937016705
3.495 12.768680658867103
3.505 12.578579770028684
3.515 12.268013528948043
3.525 11.84606031027333
3.535 11.324803826264334
3.545 10.718758625045979
3.555 10.0441999553265
3.565 9.318441083935703
3.575 8.559102607066174
3.585 7.783416254202457
3.5949999999999998 7.0076005231550065
3.605 6.246337856364173
3.6149999999999998 5.512373810738284
3.625 4.816248709614444
3.635 4.166162502982335
3.645 3.5679647994171924
3.655 3.0252548898331404
3.665 2.5395714568868044
3.675 2.1106487169672072
3.685 1.736714915302086
3.695 1.4148101451225212
3.705 1.1411030120246115
3.715 0.9111892623768286
3.725 0.7203596693298303
3.735 0.5638287823508696
3.745 0.4369202254689964
3.755 0.3352077966446064
3.765 0.25461449781890716
3.775 0.19147373171618953
3.785 0.14255824143267623
3.795 0.1050830119721907
3.805 0.07668841301198684
3.815 0.05540947610856109
3.825 0.03963650860529598
3.835 0.028071382134672224
3.8449999999999998 0.01968290766699172
3.855 0.01366380858196615
3.8649999999999998 0.009390989145837414
3.875 0.0063901045388754405
3.885 0.004304885876553977
3.895 0.0
3.905 0.0
3.915 0.0
3.925 0.0
3.935 0.0
3.945 0.0
3.955 0.0
3.965 0.0
3.975 0.0
3.985 0.0
3.995 0.0
4.005 0.0
4.015 0.0026822910720400955
4.025 0.003981550462784626
4.035 0.005851343581648907
4.045 0.008513654675280475
4.055 0.01226403882028659
4.065 0.01749073490884981
4.075 0.024696741378875158
4.085 0.03452457215692437
4.095 0.047783065904557116
4.1049999999999995 0.06547519096179123
4.115 0.09139007117673228
4.125 0.12311071020106347
4.135 0.16424038407200695
4.145 0.21700219406139512
4.155 0.28396333389378303
4.165 0.3680353337667177
4.175 0.4724570384835309
4.185 0.6007565752248367
4.195 0.7566890720968498
4.205 0.9441477892951139
4.215 1.167047632388234
4.225 1.4291817034059409
4.235 1.7340535354638789
4.245 2.0846898286300246
4.255 2.4834406942604854
4.265 2.931776426678679
4.275 3.430091445870706
4.285 3.9775270925265778
4.295 4.571825240169206
4.305 5.209224107993658
4.315 5.884406178113042
4.325 6.590505795337091
4.335 7.319180998112264
4.345 8.06075061570566
4.355 8.804393945773807
4.365 9.538406701502883
4.375 10.250503683862204
4.385 10.92815604488311
4.395 11.558949243247378
4.405 12.130946944039618
4.415 12.633046173720597
4.425 13.055309913946914
4.435 13.389264840466005
4.445 13.62815388410931
4.455 13.767135502738931
4.465 13.803423824398944
4.475 13.73636602041097
4.485 13.567455321026411
4.495 13.302462019337376
4.505 12.943649272103126
4.515 12.499987436613026
4.525 11.980625205756937
4.535 11.396088681238364
4.545 10.757990823956305
4.555 10.078717060250778
4.565 9.37109860817209
4.575 8.648085795813103
4.585 7.922433746306713
4.595 7.206412174344473
4.605 6.511549613078449
4.615 5.84842018948157
4.625 5.2264782080128915
4.635 4.653942496384459
4.645 4.137728997472668
4.655 3.683426786855011
4.665 3.2953098920603052
4.675 2.9763752898337805
4.685 2.728396492230467
4.695 2.5519823292255888
4.705 2.446631900479216
4.715 2.410779079109593
4.725 2.4418231626970113
4.735 2.536145939625384
4.745 2.6891191653651507
4.755 2.8951097926462825
4.765 3.147492862571432
4.775 3.438683398267319
4.785 3.7601987132021337
4.795 4.102761154830651
4.805 4.456448507791705
4.815 4.810895293249867
4.825 5.153754351520651
4.835 5.47875374268454
4.845 5.773264824328019
4.855 6.028079058158785
4.865 6.236952111111442
4.875 6.390286049627798
4.885 6.484372016891511
4.895 6.518004841841103
4.905 6.487315807434392
4.915 6.394691430520641
4.925 6.241626598837249
4.935 6.037267424347015
4.945 5.786012713671766
4.955 5.496274483852262
4.965 5.177609860615675
4.975 4.840390664271971
4.985 4.495465833960637
4.995 4.153834864660086
5.005 3.826347122810338
5.015 3.5234374695777237
5.025 3.2549035801076593
5.035 3.0297252792483236
5.045 2.8559216857370733
5.055 2.7404384642421245
5.065 2.6890554030513205
5.075 2.7063040802016465
5.085 2.7953865869233465
5.095 2.9580889941271513
5.105 3.194687154450798
5.115 3.5038470683743856
5.125 3.882526851887847
5.135 4.325891727892156
5.145 4.827256845740491
5.155 5.378074614567492
5.165 5.967983253205269
5.175 6.584931230094868
5.185 7.215388218537938
5.195 7.844647373914559
5.205 8.457216605643751
5.215 9.03728869504678
5.225 9.569272343420606
5.235 10.038359307255421
5.245 10.431097434387079
5.255 10.735936278373277
5.265 10.94371146572099
5.275 11.048036299649084
5.285 11.045574105508425
5.295 10.936172183069797
5.305 10.721391948143612
5.315 10.410661766600404
5.325 10.010598760955729
5.335 9.53226632357093
5.345 8.988484508316953
5.355 8.393261023727712
5.365 7.761195911592591
5.375 7.106894934674083
5.385 6.444423985104693
5.395 5.786831884276744
5.405 5.145762344110555
5.415 4.531168277858917
5.425 3.951133798965998
5.435 3.4118018006276856
5.445 2.9173985337417268
5.455 2.470341513924491
5.465 2.0714136318045977
5.475 1.7199845803967464
5.485 1.414260554140811
5.495 1.151544392490718
5.505 0.928490625050734
5.515 0.7413428693675295
5.525 0.58614437823436
5.535 0.45891590471718624
5.545 0.35579818174585714
5.555 0.2731590031322484
5.565 0.2076670252331983
5.575 0.15633593658886705
5.585 0.11654358172177584
5.595 0.08603103658054319
5.605 0.06288660897611734
5.615 0.04551938469149108
5.625 0.03262636701643947
5.635 0.02315656361944046
5.645 0.01627464355307793
5.655 0.011326083228994532
5.665 0.007805087967122034
5.675 0.004068039333940545
5.685 0.002768099952885129
5.695 0.0018648136849044432
5.705 0.0
5.715 0.0
5.725 0.0
5.735 0.0
5.745 0.0
5.755 0.0
5.765 0.0
5.775 0.0
5.785 0.0
5.795 0.0
5.805 0.00135795018905814
5.815 0.0020157197926959683
5.825 0.0029623306753583717
5.835 0.004310165699906568
5.845 0.0062088540681596825
5.855 0.008854947557266209
5.865 0.012503096690045646
5.875 0.017478583803356162
5.885 0.024190895632187733
5.895 0.033147799980394195
5.905 0.044969134248051976
5.915 0.06039922953586038
5.925 0.08031660196458014
5.935 0.10573927018750283
5.945 0.1378238401185894
5.955 0.1778563761143609
5.965 0.227233096813092
5.975 0.2874291367052102
5.985 0.35995403719135155
5.995 0.4462932953726614
6.005 0.5478362063949569
6.015 0.6657913604286468
6.025 0.8010924421454526
6.035 0.9542983408625247
6.045 1.125492896410959
6.055 1.314190740661522
6.065 1.519256499084559
6.075 1.738844948067077
6.085 1.9703694630252744
6.095 2.2105051627709384
6.105 2.4552315385357466
6.115 2.699917102735719
6.125 2.9394458284192715
6.135 3.1683820708370787
6.1450000000000005 3.381167519590865
6.155 3.572340809469349
6.165 3.7367680117937963
6.175 3.869870600225639
6.185 3.9678368408842943
6.195 4.0290051077654
6.205 4.049776828913805
6.215 4.030425346502273
6.225 3.972843540156545
6.235 3.8771350801440265
6.245 3.7472052738001707
6.255 3.5871898634191917
6.265 3.403263556997622
6.275 3.1993113504095296
6.285 2.9823246979994633
6.295 2.758793357932766
6.305 2.535300776561748
6.315 2.318356450385738
6.325 2.1142574940530703
6.335 1.9289831522189527
6.345 1.7681223349517543
6.355 1.6368307654916359
6.365 1.539811330839681
6.375 1.4813089934766792
6.385 1.4651103571590025
6.3950000000000005 1.4945377952106054
6.405 1.5724289670348777
6.415 1.7010944963585226
6.425 1.8822494059333381
6.435 2.116917366981115
6.445 2.405310638322571
6.455 2.746692411786236
6.465 3.139231802419476
6.475 3.5798645873581694
6.485 4.0641747028692565
6.495 4.58631221179564
6.505 5.138962794321175
6.515 5.713381739134784
6.525 6.299501983692943
6.535 6.886121158761123
6.545 7.461167138572416
6.555 8.01203568805802
6.565 8.52598790683493
6.575 8.990589800582086
6.585 9.3941719531791
6.595 9.726284353111234
6.605 9.978120262527108
6.615 10.141978058667453
6.625 10.215480359451925
6.635 10.19530767499861
6.6450000000000005 10.082058745434612
6.655 9.878863067333898
6.665 9.591237571865795
6.675 9.226838639976595
6.685 8.795124949954932
6.695 8.30695177709949
6.705 7.774120882170504
6.715 7.208911814637949
6.725 6.623620265466327
6.735 6.030127144260369
6.745 5.439518584810144
6.755 4.861772472053731
6.765 4.305521773406882
6.775 3.7778994136049713
6.785 3.2844640989410774
6.795 2.8292017581944457
6.805 2.4145934182238973
6.815 2.041737559766908
6.825 1.710513379167692
6.835 1.4197708851456858
6.845 1.1675342680287986
6.855 0.9512063078152895
6.865 0.7677635128022324
6.875 0.613933964415962
6.885 0.4863522581337857
6.8950000000000005 0.3816882752936386
6.905 0.2967486377086651
6.915 0.2285514757187226
6.925 0.17437651858106737
6.935 0.1329704510922784
6.945 0.10041932745755572
6.955 0.07574621158749636
6.965 0.05749531215001212
6.975 0.04569290653761776
6.985 0.03764096947160119
6.995 0.03356770885441335
