0.005 0.0
0.015 0.0
0.025 0.0
0.034999999999999996 0.0
0.045 0.0
0.055 0.0
0.065 0.0
0.07500000000000001 0.0
0.085 0.0
0.095 0.0
0.10500000000000001 0.0
0.115 0.0
0.125 0.0
0.135 0.0
0.14500000000000002 0.0
0.155 0.0
0.165 0.0
0.17500000000000002 0.0
0.185 0.0
0.195 0.0
0.20500000000000002 0.0
0.215 0.0
0.225 0.0
0.23500000000000001 0.0
0.245 0.0
0.255 0.0
0.265 0.0
0.275 0.0
0.28500000000000003 0.0
0.295 0.0
0.305 0.0
0.315 0.0
0.325 0.0
0.335 0.0
0.34500000000000003 0.0
0.35500000000000004 0.0
0.365 0.0
0.375 0.0
0.385 0.0
0.395 0.0
0.405 0.0
0.41500000000000004 0.0
0.425 0.0
0.435 0.0
0.445 0.0
0.455 0.0
0.465 0.0
0.47500000000000003 0.0
0.485 0.0
0.495 0.0
0.505 0.0
0.515 0.0
0.525 0.0
0.535 0.0
0.545 0.0
0.555 0.0
0.5650000000000001 0.0
0.5750000000000001 0.0
0.585 0.0
0.595 0.0
0.605 0.0
0.615 0.0
0.625 0.0
0.635 0.0
0.645 0.0
0.655 0.0
0.665 0.0
0.675 0.0
0.685 0.0
0.6950000000000001 0.0
0.7050000000000001 0.0
0.715 0.0
0.725 0.0
0.735 0.0
0.745 0.0
0.755 0.0
0.765 0.0
0.775 0.0
0.785 0.0
0.795 0.0
0.805 0.0
0.8150000000000001 0.0
0.8250000000000001 0.0
0.8350000000000001 0.0
0.845 0.0
0.855 0.0
0.865 0.0
0.875 0.0
0.885 0.0
0.895 0.0
0.905 0.0
0.915 0.0
0.925 0.0
0.935 0.0
0.9450000000000001 0.0
0.9550000000000001 0.0
0.965 0.0
0.975 0.0
0.985 0.0
0.995 0.0
1.005 0.0
1.015 0.0
1.025 0.0
1.035 0.0
1.045 0.0
1.055 0.0
1.065 0.0
1.075 0.0
1.085 0.0
1.095 0.0
1.105 0.0
1.115 0.0
1.125 0.0
1.135 0.0
1.145 0.0
1.155 0.0
1.1649999999999998 0.0
1.1749999999999998 0.0
1.1849999999999998 0.0
1.1949999999999998 0.0
1.2049999999999998 0.0
1.2149999999999999 0.0
1.2249999999999999 0.0
1.2349999999999999 0.0
1.2449999999999999 0.0
1.255 0.0
1.265 0.0
1.275 0.0
1.285 0.0
1.295 0.0
1.305 0.0
1.315 0.0
1.325 0.0
1.335 0.0
1.345 0.0
1.355 0.0
1.365 0.0
1.375 0.0
1.385 0.0
1.395 0.0
1.405 0.0
1.4149999999999998 0.0
1.4249999999999998 0.0
1.4349999999999998 0.0
1.4449999999999998 0.0
1.4549999999999998 0.0
1.4649999999999999 0.0
1.4749999999999999 0.0
1.4849999999999999 0.0
1.4949999999999999 0.0
1.505 0.0
1.515 0.0
1.525 0.0
1.535 0.0
1.545 0.0
1.555 0.0
1.565 0.0
1.575 0.0
1.585 0.0
1.595 0.0
1.605 0.0
1.615 0.0
1.625 0.0
1.635 0.0
1.645 0.0
1.655 0.0
1.665 0.0
1.6749999999999998 0.0
1.6849999999999998 0.0
1.6949999999999998 0.0
1.7049999999999998 0.0
1.7149999999999999 0.0
1.7249999999999999 0.0
1.7349999999999999 0.0
1.7449999999999999 0.0
1.755 0.0
1.765 0.0
1.775 0.0
1.785 0.0
1.795 0.0
1.805 0.0
1.815 0.0
1.825 0.0
1.835 0.0
1.845 0.0
1.855 0.0
1.865 0.0
1.875 0.0
1.885 0.0
1.895 0.0
1.905 0.0
1.915 0.0
1.9249999999999998 0.0
1.9349999999999998 0.0
1.9449999999999998 0.0
1.9549999999999998 0.0
1.9649999999999999 0.0
1.9749999999999999 0.0
1.9849999999999999 0.0
1.9949999999999999 0.0
2.005 0.0
2.015 0.0
2.025 0.0
2.035 0.0
2.045 0.0
2.0549999999999997 0.0
2.065 0.0
2.0749999999999997 0.0
2.085 0.0
2.0949999999999998 0.0
2.105 0.0
2.1149999999999998 0.0
2.125 0.0
2.135 0.0
2.145 0.0
2.155 0.0
2.165 0.0
2.175 0.0
2.185 0.0
2.195 0.0
2.205 0.0
2.215 0.0
2.225 0.0
2.235 0.0
2.245 0.007473355393407038
2.255 0.01109333059910695
2.265 0.016302917520928856
2.275 0.02372060502618013
2.285 0.03416986382198718
2.295 0.04873239874235078
2.305 0.0688096557854242
2.315 0.09619179671570124
2.3249999999999997 0.13313239454648115
2.335 0.18242590321731636
2.3449999999999998 0.24748354150060484
2.355 0.3324016679304914
2.3649999999999998 0.442015116098211
2.375 0.5819264590984677
2.385 0.758500972413967
2.395 0.9788163942949909
2.405 1.2505566870656384
2.415 1.5818401192668807
2.425 1.980974314741563
2.435 2.456134571716518
2.445 3.014966749704626
2.455 3.664122214817266
2.465 4.408739415749667
2.475 5.2518941490415685
2.485 6.194047819580242
2.495 7.23252924799871
2.505 8.361090003807327
2.515 9.569575066629557
2.525 10.843749183258156
2.535 12.165314172389724
2.545 13.512143529583902
2.555 14.858748284041813
2.565 16.176972846611868
2.5749999999999997 17.436902640653972
2.585 18.60794801028245
2.5949999999999998 19.660052828633457
2.605 20.564962986027773
2.6149999999999998 21.297480979065114
2.625 21.836629276916877
2.635 22.166647666168423
2.645 22.277758449978084
2.655 22.166647666168423
2.665 21.836629276916877
2.675 21.297480979065114
2.685 20.564962986027773
2.695 19.660052828633457
2.705 18.60794801028245
2.715 17.436902640653972
2.725 16.176972846611868
2.735 14.858748284041813
2.745 13.512143529583902
2.755 12.165314172389724
2.765 10.843749183258156
2.775 9.569575066629557
2.785 8.361090003807327
2.795 7.23252924799871
2.805 6.194047819580242
2.815 5.2518941490415685
2.8249999999999997 4.408739415749667
2.835 3.664122214817266
2.8449999999999998 3.014966749704626
2.855 2.456134571716518
2.8649999999999998 1.980974314741563
2.875 1.5818401192668807
2.885 1.2505566870656384
2.895 0.9788163942949909
2.905 0.758500972413967
2.915 0.5819264590984677
2.925 0.442015116098211
2.935 0.3324016679304914
2.945 0.24748354150060484
2.955 0.18242590321731636
2.965 0.13313239454648115
2.975 0.09619179671570124
2.985 0.0688096557854242
2.995 0.04873239874235078
3.005 0.03416986382198718
3.015 0.02372060502618013
3.025 0.016302917520928856
3.035 0.01109333059910695
3.045 0.007473355393407038
3.055 0.0
3.065 0.0
3.075 0.0
3.085 0.0
3.0949999999999998 0.0
3.105 0.0
3.1149999999999998 0.0
3.125 0.0
3.135 0.0
3.145 0.0
3.155 0.0
3.165 0.0
3.175 0.0
3.185 0.0
3.195 0.0
3.205 0.0
3.215 0.0
3.225 0.0
3.235 0.0
3.245 0.0
3.255 0.0
3.265 0.0
3.275 0.0
3.285 0.0
3.295 0.0
3.305 0.0
3.315 0.0
3.325 0.0
3.335 0.0
3.3449999999999998 0.0
3.355 0.0
3.3649999999999998 0.0
3.375 0.0
3.385 0.0
3.395 0.0
3.405 0.0
3.415 0.0
3.425 0.0
3.435 0.0
3.445 0.0
3.455 0.0
3.465 0.0
3.475 0.0
3.485 0.0
3.495 0.0
3.505 0.0
3.515 0.0
3.525 0.0
3.535 0.0
3.545 0.0
3.555 0.003342522185571877
3.565 0.004961587090065313
3.575 0.007291619444637482
3.585 0.010609243690610672
3.5949999999999998 0.015282764152193363
3.605 0.02179598257780469
3.6149999999999998 0.03077570768911213
3.625 0.04302260466241145
3.635 0.05954460332269182
3.645 0.08159154712015942
3.655 0.1106891328571687
3.665 0.1486694919605905
3.675 0.197695045149304
3.685 0.2602715912083981
3.695 0.3392460540961511
3.705 0.43778401284365126
3.715 0.5593221853894107
3.725 0.7074915368459096
3.735 0.886007723105626
3.745 1.0985272162963227
3.755 1.3484696925479622
3.765 1.6388100323019679
3.775 1.9718464507319917
3.785 2.3489546241749917
3.795 2.7703409199172864
3.805 3.234810630116715
3.815 3.7395690907385557
3.825 4.280074381973475
3.835 4.849959664944197
3.8449999999999998 5.441040921396191
3.855 6.043421882774333
3.8649999999999998 6.64570238865566
3.875 7.235289610727732
3.885 7.798803998463658
3.895 8.322564066364018
3.905 8.79312695435242
3.915 9.197855769966916
3.925 9.525480714074074
3.935 9.76661940640398
3.945 9.914222956570098
3.955 9.963918205944658
3.965 9.914222956570098
3.975 9.76661940640398
3.985 9.525480714074074
3.995 9.197855769966916
4.005 8.79312695435242
4.015 8.322564066364018
4.025 7.798803998463658
4.035 7.235289610727732
4.045 6.64570238865566
4.055 6.043421882774333
4.065 5.441040921396191
4.075 4.849959664944197
4.085 4.280074381973475
4.095 3.7395690907385557
4.1049999999999995 3.234810630116715
4.115 2.7703409199172864
4.125 2.3489546241749917
4.135 1.9718464507319917
4.145 1.6388100323019679
4.155 1.3484696925479622
4.165 1.0985272162963227
4.175 0.886007723105626
4.185 0.7074915368459096
4.195 0.5593221853894107
4.205 0.43778401284365126
4.215 0.3392460540961511
4.225 0.2602715912083981
4.235 0.197695045149304
4.245 0.1486694919605905
4.255 0.1106891328571687
4.265 0.08159154712015942
4.275 0.05954460332269182
4.285 0.045404639727149504
4.295 0.034311562881428566
4.305 0.026992326006974963
4.315 0.022843399229043812
4.325 0.021500444429318068
4.335 0.022824439240078143
4.345 0.02689377206524179
4.355 0.03400240929854048
4.365 0.04243422336665886
4.375 0.05814588967139329
4.385 0.07888216775025346
4.395 0.10594871873567797
4.405 0.14088658310282676
4.415 0.18548150833215774
4.425 0.24176234339422803
4.435 0.3119850255225437
4.445 0.3985987180083724
4.455 0.5041910136144794
4.465 0.6314098596492141
4.475 0.7828610263477493
4.485 0.9609815322246611
4.495 1.1678914139263659
4.505 1.4074016334390864
4.515 1.677198903330846
4.525 1.9790130370054622
4.535 2.3121724786860476
4.545 2.6749250760923613
4.555 3.064348593009662
4.565 3.47631324824708
4.575 3.90550728815526
4.585 4.345533484323813
4.595 4.78908014649308
4.605 5.230252157666979
4.615 5.657542441098661
4.625 6.064126975274144
4.635 6.442227643367762
4.645 6.784919729249778
4.655 7.086532064923146
4.665 7.343004123528136
4.675 7.552173182133135
4.685 7.71396785184141
4.695 7.8304895553799625
4.705 7.905970578489116
4.715 7.94660560104745
4.725 7.960262460142197
4.735 7.956086570569942
4.745 7.94402118913475
4.755 7.9342718924712266
4.765 7.936747719491683
4.775 7.960513076465267
4.785 8.013283605375317
4.795 8.100995894390003
4.805 8.227475495472856
4.815 8.3942207149645
4.825 8.600311684030675
4.835 8.842445976611943
4.845 9.115094188124788
4.855 9.410762006353192
4.865 9.72033985504915
4.875 10.03351746432294
4.885 10.339238833182677
4.895 10.628037749985522
4.905 10.885945075123072
4.915 11.103799695514613
4.925 11.2722504652541
4.935 11.383343520317862
4.945 11.430800883078245
4.955 11.41022891868254
4.965 11.319254595115524
4.975 11.157590077901306
4.985 10.927028164818719
4.995 10.631372508685148
5.005 10.276307611300822
5.015 9.869214342433265
5.025 9.418937377322036
5.035 8.9355115545223
5.045 8.429854786809077
5.055 7.9134358168763015
5.065 7.397925761372052
5.075 6.894842969377272
5.085 6.415201162934976
5.095 5.96758229959314
5.105 5.564716549102477
5.115 5.2118732355421304
5.125 4.915004352992701
5.135 4.678181268268919
5.145 4.503470543057532
5.155 4.3908729308965455
5.165 4.338329905275774
5.175 4.3418000545553035
5.185 4.395405369835027
5.195 4.491644865899604
5.205 4.6233343974942125
5.215 4.778085017794004
5.225 4.946595518862149
5.235 5.118243357926702
5.245 5.282616253942101
5.255 5.429929410743172
5.265 5.551419582237514
5.275 5.639697415236719
5.285 5.689040905924365
5.295 5.69561537562122
5.305 5.657608992913051
5.315 5.573827872337113
5.325 5.44993811144248
5.335 5.287994124484376
5.345 5.093867439890932
5.355 4.874792305466322
5.365 4.639030101373337
5.375 4.39549713914265
5.385 4.153374326487843
5.395 3.921716772411812
5.405 3.7090800159203416
5.415 3.521785336863543
5.425 3.3712024666626634
5.435 3.25815967342837
5.445 3.187434076553346
5.455 3.1610923203264605
5.465 3.179471891054325
5.475 3.2412009358820018
5.485 3.3447928768701978
5.495 3.4834864625740076
5.505 3.652636314786009
5.515 3.845607708190479
5.525 4.055092509776923
5.535 4.273452198497142
5.545 4.493081753285791
5.555 4.706779033446734
5.565 4.9081024305039165
5.575 5.09169844131271
5.585 5.253580671388997
5.595 5.391342834598006
5.605 5.504290680562116
5.615 5.593481440068467
5.625 5.661664182975333
5.635 5.713120156841544
5.645 5.7534083367967215
5.655 5.789027616738273
5.665 5.827012829984615
5.675 5.87448664333456
5.685 5.9381929225390895
5.695 6.02403911702836
5.705 6.135431589979187
5.715 6.278315134255799
5.725 6.45203209481075
5.735 6.655714755436744
5.745 6.886370433589718
5.755 7.138949849752635
5.765 7.406531684449499
5.775 7.680613940915081
5.785 7.951496221467819
5.795 8.208731534158671
5.805 8.441622122988163
5.815 8.639731318194219
5.825 8.793382683472666
5.835 8.894118827434356
5.845 8.935095059271077
5.855 8.911387399510577
5.865 8.820199998536612
5.875 8.660963378184189
5.885 8.435321650106273
5.895 8.147013511536546
5.905 7.801657920890681
5.915 7.406460507653408
5.925 6.9698606492338655
5.935 6.501141533767199
5.945 6.010026325496695
5.955 5.506282787807127
5.965 5.000647084267006
5.975 4.499965499607647
5.985 4.013073747759435
5.995 3.5468711217318765
6.005 3.107061712734579
6.015 2.696994711094717
6.025 2.322496584205376
6.035 1.9840283182203635
6.045 1.6826590001894983
6.055 1.4185569235835844
6.065 1.1911651078178804
6.075 0.999384809135863
6.085 0.841755733739461
6.095 0.7166230501516574
6.105 0.6222830148216709
6.115 0.5571009249075068
6.125 0.5195970738170783
6.135 0.5084983203576313
6.1450000000000005 0.5227547360854812
6.155 0.5615225397172288
6.165 0.6241161516261694
6.175 0.7099337001682606
6.185 0.818361672946947
6.195 0.9486656021193834
6.205 1.0998746540436701
6.215 1.2706686892912458
6.225 1.4592766834193909
6.235 1.6623675151352268
6.245 1.8794567671003684
6.255 2.105560614528416
6.265 2.3366396307917197
6.275 2.5681259054816774
6.285 2.7950324498716035
6.295 3.011093957878131
6.305 3.2133160904183637
6.315 3.394998957317274
6.325 3.5512634937149135
6.335 3.6777584652317716
6.345 3.770861364038852
6.355 3.8278506354904893
6.365 3.847037816647557
6.375 3.8278506354904893
6.385 3.770861364038852
6.3950000000000005 3.6777584652317716
6.405 3.5512634937149135
6.415 3.394998957317274
6.425 3.2133160904183637
6.435 3.011093957878131
6.445 2.793522806144698
6.455 2.565885014199536
6.465 2.333346384870692
6.475 2.100768969987094
6.485 1.8725543360165224
6.495 1.6525234014559347
6.505 1.4438359902888838
6.515 1.248950319195508
6.525 1.069620009282037
6.535 0.906924071636697
6.545 0.7613237792400209
6.555 0.6327394543248714
6.565 0.5206399525379573
6.575 0.42413794015161305
6.585 0.34208482508372695
6.595 0.2731602810208205
6.605 0.21595255545145425
6.615 0.16902704519678194
6.625 0.1309818459245996
6.635 0.1004900515321736
6.6450000000000005 0.07632944180527959
6.655 0.05740082826181204
6.665 0.04273672978762495
6.675 0.03150224247151731
6.685 0.022989986070239474
6.695 0.016610893795598228
6.705 0.011882404980348848
6.715 0.00841536105523021
6.725 0.005900627686939088
6.735 0.004096195978350993
6.745 0.002815271579747335
6.755 0.0019156533375277673
6.765 0.0012905374156129312
6.775 0.0
6.785 0.0
6.795 0.0
6.805 0.0
6.815 0.0
6.825 0.0
6.835 0.0
6.845 0.0
6.855 0.0
6.865 0.0
6.875 0.0
6.885 0.0
6.8950000000000005 0.0
6.905 0.0
6.915 0.0
6.925 0.0
6.935 0.0
6.945 0.0
6.955 0.0
6.965 0.0
6.975 0.0
6.985 0.0
6.995 0.0
