0.005 0.0
0.015 0.0
0.025 0.0
0.034999999999999996 0.0
0.045 0.0
0.055 0.0
0.065 0.0
0.07500000000000001 0.0
0.085 0.0
0.095 0.0
0.10500000000000001 0.0
0.115 0.0
0.125 0.0
0.135 0.0
0.14500000000000002 0.0
0.155 0.0
0.165 0.0
0.17500000000000002 0.0
0.185 0.0
0.195 0.0
0.20500000000000002 0.0
0.215 0.0
0.225 0.0
0.23500000000000001 0.0
0.245 0.0
0.255 0.0
0.265 0.0
0.275 0.0
0.28500000000000003 0.0
0.295 0.0
0.305 0.0
0.315 0.0
0.325 0.0
0.335 0.0
0.34500000000000003 0.0
0.35500000000000004 0.0
0.365 0.0
0.375 0.0
0.385 0.0
0.395 0.0
0.405 0.0
0.41500000000000004 0.0
0.425 0.0
0.435 0.0
0.445 0.0
0.455 0.0
0.465 0.0
0.47500000000000003 0.0
0.485 0.0
0.495 0.0
0.505 0.0
0.515 0.0
0.525 0.0
0.535 0.0
0.545 0.0
0.555 0.0
0.5650000000000001 0.0
0.5750000000000001 0.0
0.585 0.0
0.595 0.0
0.605 0.0
0.615 0.0
0.625 0.0
0.635 0.0
0.645 0.0
0.655 0.0
0.665 0.0
0.675 0.0
0.685 0.0
0.6950000000000001 0.0
0.7050000000000001 0.0
0.715 0.0
0.725 0.0
0.735 0.0
0.745 0.0
0.755 0.0
0.765 0.0
0.775 0.0
0.785 0.0
0.795 0.0
0.805 0.0
0.8150000000000001 0.0
0.8250000000000001 0.0
0.8350000000000001 0.0
0.845 0.0
0.855 0.0
0.865 0.0
0.875 0.0
0.885 0.0
0.895 0.0
0.905 0.0
0.915 0.0
0.925 0.0
0.935 0.0
0.9450000000000001 0.0
0.9550000000000001 0.0
0.965 0.0
0.975 0.0
0.985 0.0
0.995 0.0
1.005 0.0
1.015 0.0
1.025 0.0
1.035 0.0
1.045 0.0
1.055 0.0
1.065 0.0
1.075 0.0
1.085 0.0
1.095 0.0
1.105 0.0
1.115 0.0
1.125 0.0
1.135 0.0
1.145 0.0
1.155 0.0
1.1649999999999998 0.0
1.1749999999999998 0.0
1.1849999999999998 0.0
1.1949999999999998 0.0
1.2049999999999998 0.0
1.2149999999999999 0.0
1.2249999999999999 0.0
1.2349999999999999 0.0
1.2449999999999999 0.0
1.255 0.0
1.265 0.0
1.275 0.018635308763602133
1.285 0.02766195772162096
1.295 0.04065240922679363
1.305 0.05914890640853048
1.315 0.0852048282481951
1.325 0.1215174776989521
1.335 0.1715814535743599
1.345 0.23986064330677145
1.355 0.33197448110122957
1.365 0.4548911237290776
1.375 0.6171166720964643
1.385 0.8288656686775171
1.395 1.1021940926208766
1.405 1.4510723325932686
1.4149999999999998 1.891372626397038
1.4249999999999998 2.4407437851349365
1.4349999999999998 3.1183462799607633
1.4449999999999998 3.944423553467962
1.4549999999999998 4.939691218290164
1.4649999999999999 6.124534924335839
1.4749999999999999 7.518020130864602
1.4849999999999999 9.136732461690714
1.4949999999999999 10.993484980419579
1.505 13.095947390309606
1.515 15.445270235137546
1.525 18.03479275147838
1.535 20.8489340622919
1.545 23.86237194880816
1.555 27.039609860297197
1.565 30.33502006457569
1.575 33.69342865107743
1.585 37.05127717571684
1.595 40.33835780417577
1.605 43.48007654983445
1.615 46.40015607107135
1.625 49.02364941636859
1.635 51.28010308391926
1.645 53.106685422983126
1.655 54.45108756511887
1.665 55.27401036988668
1.6749999999999998 55.55107249984849
1.6849999999999998 55.27401036988668
1.6949999999999998 54.45108756511887
1.7049999999999998 53.106685422983126
1.7149999999999999 51.28010308391926
1.7249999999999999 49.02364941636859
1.7349999999999999 46.40015607107135
1.7449999999999999 43.48007654983445
1.755 40.33835780417577
1.765 37.05127717571684
1.775 33.69342865107743
1.785 30.33502006457569
1.795 27.039609860297197
1.805 23.86237194880816
1.815 20.8489340622919
1.825 18.03479275147838
1.835 15.445270235137546
1.845 13.095947390309606
1.855 10.993484980419579
1.865 9.136732461690714
1.875 7.518020130864602
1.885 6.124534924335839
1.895 4.939691218290164
1.905 3.944423553467962
1.915 3.1183462799607633
1.9249999999999998 2.4407437851349365
1.9349999999999998 1.891372626397038
1.9449999999999998 1.4510723325932686
1.9549999999999998 1.1021940926208766
1.9649999999999999 0.8288656686775171
1.9749999999999999 0.6171166720964643
1.9849999999999999 0.4548911237290776
1.9949999999999999 0.33197448110122957
2.005 0.23986064330677145
2.015 0.1715814535743599
2.025 0.1215174776989521
2.035 0.0852048282481951
2.045 0.05914890640853048
2.0549999999999997 0.04065240922679363
2.065 0.02766195772162096
2.0749999999999997 0.018635308763602133
2.085 0.0
2.0949999999999998 0.0
2.105 0.0
2.1149999999999998 0.0
2.125 0.0
2.135 0.0
2.145 0.0
2.155 0.0
2.165 0.0
2.175 0.0
2.185 0.0
2.195 0.0
2.205 0.0
2.215 0.0
2.225 0.0
2.235 0.0
2.245 0.0
2.255 0.0
2.265 0.0
2.275 0.0
2.285 0.0
2.295 0.0
2.305 0.0
2.315 0.0
2.3249999999999997 0.0
2.335 0.0
2.3449999999999998 0.0
2.355 0.0
2.3649999999999998 0.0
2.375 0.0
2.385 0.0
2.395 0.0
2.405 0.0
2.415 0.0
2.425 0.0
2.435 0.0
2.445 0.0
2.455 0.0
2.465 0.0
2.475 0.0
2.485 0.0
2.495 0.0
2.505 0.0
2.515 0.0
2.525 0.0
2.535 0.0
2.545 0.0
2.555 0.0
2.565 0.0
2.5749999999999997 0.0
2.585 0.0
2.5949999999999998 0.0
2.605 0.0
2.6149999999999998 0.0
2.625 0.0
2.635 0.0
2.645 0.0
2.655 0.0
2.665 0.0
2.675 0.0
2.685 0.0
2.695 0.0
2.705 0.0
2.715 0.0
2.725 0.0
2.735 0.0
2.745 0.0
2.755 0.0
2.765 0.0
2.775 0.0
2.785 0.0
2.795 0.0
2.805 0.0
2.815 0.0
2.8249999999999997 0.0
2.835 0.0
2.8449999999999998 0.0
2.855 0.0
2.8649999999999998 0.0
2.875 0.0
2.885 0.0
2.895 0.0
2.905 0.0
2.915 0.0
2.925 0.0
2.935 0.0
2.945 0.0
2.955 0.0
2.965 0.0
2.975 0.0
2.985 0.0
2.995 0.0
3.005 0.0045095474491867495
3.015 0.006693900941780541
3.025 0.009837452690349054
3.035 0.014313409206170597
3.045 0.020618666465860698
3.055 0.02940594323069284
3.065 0.04152089542005771
3.075 0.05804373653829724
3.085 0.08033431017623609
3.0949999999999998 0.11007883650829497
3.105 0.14933570190898723
3.1149999999999998 0.2005767175268773
3.125 0.26671930269248834
3.135 0.3511441435739631
3.145 0.4576921536974704
3.155 0.5906341585212415
3.165 0.7546067892335717
3.175 0.9545087446469179
3.185 1.1953529837251151
3.195 1.4820726179454629
3.205 1.8192812866236514
3.215 2.2109925351488964
3.225 2.6603069892758335
3.235 3.1730375663103083
3.245 3.7434654995364296
3.255 4.372860864981692
3.265 5.057780727702244
3.275 5.792533383263139
3.285 6.569101774266023
3.295 7.377186498551566
3.305 8.204383893850746
3.315 9.036506692690075
3.325 9.858044926702025
3.335 10.652753784628187
3.3449999999999998 11.404343863245249
3.355 12.097238701307653
3.3649999999999998 12.717355701185385
3.375 13.252860501864923
3.385 13.694842373140382
3.395 14.037859779763448
3.405 14.280311089751907
3.415 14.424595254840819
3.425 14.477040564336065
3.435 14.447595310159441
3.445 14.349291178512388
3.455 14.197507025071744
3.465 14.009075991460229
3.475 13.801291380138707
3.485 13.590875246068736
3.495 13.392977531241346
3.505 13.220272394703963
3.515 13.082212225197873
3.525 12.984489123904858
3.535 12.928739234830296
3.545 12.912508297031373
3.555 12.92947851190486
3.565 12.969938666092894
3.575 13.021462809293011
3.585 13.069748906662337
3.5949999999999998 13.099558786836791
3.605 13.095695097442075
3.6149999999999998 13.047193571126794
3.625 12.936780375954703
3.635 12.75702706721669
3.645 12.501514302685615
3.655 12.167341151370108
3.665 11.75525537835904
3.675 11.26957315441526
3.685 10.717907577113705
3.695 10.110737128311735
3.705 9.46085364115628
3.715 8.782734003041236
3.725 8.091880542438611
3.735 7.404172068625423
3.745 6.735261414853022
3.755 6.100046897797105
3.765 5.512235335688323
3.775 4.984004211204483
3.785 4.525761223581034
3.795 4.148962710331111
3.805 3.8555889345560788
3.815 3.6492518922147026
3.825 3.5396745336998365
3.835 3.523276171614225
3.8449999999999998 3.5991010379517268
3.855 3.7643848076618527
3.8649999999999998 4.014631619267934
3.875 4.343697021744486
3.885 4.743886102454367
3.895 5.206078616019982
3.905 5.719893371201836
3.915 6.273902276190907
3.925 6.8559004005317945
3.935 7.453232564742899
3.945 8.053169938216378
3.955 8.643322715950646
3.965 9.212068058606002
3.975 9.748967022801509
3.985 10.245140979822393
3.995 10.693577617062507
4.005 11.089339346609966
4.015 11.42965277700146
4.025 11.713866446200402
4.035 11.943274540831235
4.045 12.118176663809761
4.055 12.24892574873228
4.065 12.336631830215218
4.075 12.386571221019764
4.085 12.403731570882334
4.095 12.39236065269823
4.1049999999999995 12.35560104994615
4.115 12.295242263603093
4.125 12.211611131220813
4.135 12.103608827189628
4.145 11.968889348854695
4.155 11.804161621746175
4.165 11.605586440453367
4.175 11.369231450513379
4.185 11.091542998623822
4.195 10.769793264751398
4.205 10.402464549951864
4.215 9.989539440210587
4.225 9.532674983314221
4.235 9.035249962203016
4.245 8.502285684128438
4.255 7.940251319351248
4.265 7.356773752597086
4.275 6.760278432349333
4.285 6.159591394501423
4.295 5.563533395364004
4.305 4.980535114553443
4.315 4.418298133219037
4.325 3.885862363332673
4.335 3.3851750146295587
4.345 2.9221204556562177
4.355 2.4997168216844665
4.365 2.1197281687024163
4.375 1.7827784670085474
4.385 1.4885152337794714
4.395 1.2358072183922202
4.405 1.0229604577595235
4.415 0.8501931330316668
4.425 0.7097544672947182
4.435 0.6062362160602991
4.445 0.5347940397545473
4.455 0.4942046802800832
4.465 0.48373446356055383
4.475 0.5032104618550178
4.485 0.5530502509097225
4.495 0.6342505497703175
4.505 0.7483358417634411
4.515 0.8972688361351684
4.525 1.0833254568420987
4.535 1.308938023659955
4.545 1.5765114605623174
4.555 1.8882187112723416
4.565 2.245782989239955
4.575 2.6502559161169805
4.585 3.1018018499706095
4.595 3.599499596406891
4.605 4.139191472197394
4.615 4.721953602606123
4.625 5.339888453568287
4.635 5.988621665898654
4.645 6.657132685464846
4.655 7.337688686627992
4.665 8.02006862539995
4.675 8.693195748856505
4.685 9.345450407770077
4.695 9.965027774296665
4.705 10.54032665460307
4.715 11.060353427361068
4.725 11.515123784031902
4.735 11.89604444404733
4.745 12.196257359948655
4.755 12.41093006324094
4.765 12.537477651759058
4.775 12.575704391047212
4.785 12.527855901377016
4.795 12.39857633876975
4.805 12.194768766704843
4.815 11.925360965988315
4.825 11.600983140419455
4.835 11.233568216350843
4.845 10.835889540472795
4.855 10.421054548610211
4.865 10.00197617105561
4.875 9.590846098613984
4.885 9.198635301958255
4.895 8.834647150212483
4.905 8.506146951157554
4.915 8.218088666755197
4.925 7.9729549929222285
4.935 7.770721111907105
4.945 7.608945540898535
4.955 7.482984040099785
4.965 7.386315023448583
4.975 7.310957897320372
4.985 7.247959794336802
4.995 7.187921770014692
5.005 7.1215330790971105
5.015 7.0400818832137615
5.025 6.935912717560779
5.035 6.802805123921459
5.045 6.636253717954755
5.055 6.433637120434694
5.065 6.194271052727148
5.075 5.919348828452009
5.085 5.611779825698933
5.095 5.27594272634475
5.105 4.917374912876146
5.115 4.542422132862032
5.125 4.157873274287682
5.135 3.7690419463318805
5.145 3.3862181036703594
5.155 3.01325066572028
5.165 2.6555657218060422
5.175 2.3176727192041535
5.185 2.003077180591691
5.195 1.714255114904503
5.205 1.452682376321746
5.215 1.218909480664914
5.225 1.0111666290634935
5.235 0.8320229474631164
5.245 0.677805261343543
5.255 0.5466780316437908
5.265 0.43653127470701886
5.275 0.34510890073464284
5.285 0.27011830279266735
5.295 0.20931912923528467
5.305 0.16059088139307545
5.315 0.12198035675030743
5.325 0.09332617169589721
5.335 0.07066449909500491
5.345 0.05382291684378036
5.355 0.04180299440708533
5.365 0.03383912914873897
5.375 0.029391044119145546
5.385 0.028135975628923355
5.395 0.02996201717519721
5.405 0.03496345008132662
5.415 0.04343824505311375
5.425 0.05588728602934846
5.435 0.0730142692397271
5.445 0.0943491298737179
5.455 0.1242135236258187
5.465 0.16190375430447032
5.475 0.2089305812051529
5.485 0.26693416352798766
5.495 0.33764736412093127
5.505 0.4228434641509481
5.515 0.5242674995818953
5.525 0.6435514964823489
5.535 0.7821152040469059
5.545 0.9410554358134723
5.555 1.1210287275352926
5.565 1.3221335671329109
5.575 1.5437997853070606
5.585 1.7846936403862383
5.595 2.0426475202199064
5.605 2.314622877697976
5.615 2.5967139244856803
5.625 2.8841977079846486
5.635 3.1716335495197288
5.645 3.4544423610513344
5.655 3.7240702858408405
5.665 3.975029962296855
5.675 4.201024252642013
5.685 4.396179907873158
5.695 4.5553255578906775
5.705 4.674251810299494
5.715 4.749937341232381
5.725 4.78072652942231
5.735 4.766447004995541
5.745 4.708459224234485
5.755 4.609634513409915
5.765 4.474262562818454
5.775 4.30789369601229
5.785 4.117125019914523
5.795 3.9093424831839476
5.805 3.6924327417496308
5.815 3.4744794831722494
5.825 3.2634585502040343
5.835 3.066944991764754
5.845 2.893183909331967
5.855 2.747476147736971
5.865 2.6336622942070287
5.875 2.5564539834235216
5.885 2.518365476182977
5.895 2.520560400978365
5.905 2.5628574755090536
5.915 2.643785740616183
5.925 2.7606876582112974
5.935 2.9098674477309983
5.945 3.086780808758483
5.955 3.286260603291468
5.965 3.50277113782456
5.975 3.730681482100331
5.985 3.9645459779309737
5.995 4.199378001651253
6.005 4.430901473434512
6.015 4.655763891047287
6.025 4.871695100422824
6.035 5.077597809135496
6.045 5.273559081763846
6.055 5.460776652708656
6.065 5.641399610691311
6.075 5.818289451891506
6.085 5.994714140617926
6.095 6.173994052832564
6.105 6.359123884162132
6.115 6.552398202260845
6.125 6.755069848026812
6.135 6.966005581198852
6.1450000000000005 7.186109206789183
6.155 7.410647118643248
6.165 7.634890784551377
6.175 7.8538849786270735
6.185 8.058463480999809
6.195 8.24137106502796
6.205 8.394209242048014
6.215 8.508735305486459
6.225 8.577367027827144
6.235 8.593664679646457
6.245 8.552757003564535
6.255 8.451682084103876
6.265 8.289620633163118
6.275 8.068007429388718
6.285 7.790515736238422
6.295 7.46291864806308
6.305 7.092839676368213
6.315 6.689411802659658
6.325 6.262869183153823
6.335 5.824098411707808
6.345 5.384176688995076
6.355 4.955068416068871
6.365 4.545182636310621
6.375 4.1644650320295975
6.385 3.8207907352194495
6.3950000000000005 3.5205116417570577
6.405 3.268315726115847
6.415 3.0671609375386963
6.425 2.918278838644265
6.435 2.8212409780252594
6.445 2.7740797436836746
6.455 2.7725006267363215
6.465 2.814227028752634
6.475 2.8924278011572087
6.485 3.001003341620047
6.495 3.133421038500972
6.505 3.282983163892651
6.515 3.443087455460228
6.525 3.6074709872424515
6.535 3.7704276922774524
6.545 3.926990081982985
6.555 4.073066515602972
6.565 4.205526949511156
6.575 4.322232484149025
6.585 4.422007151540197
6.595 4.5045540543111215
6.605 4.5703218792011
6.615 4.620331592839109
6.625 4.65597638523278
6.635 4.678810278957199
6.6450000000000005 4.690341963339811
6.655 4.690955995652843
6.665 4.68275330124459
6.675 4.666942880622434
6.685 4.642158311737777
6.695 4.607834455900649
6.705 4.56294382603712
6.715 4.506115682495152
6.725 4.435790421422725
6.735 4.350395142588371
6.745 4.2485246638105645
6.755 4.1291121389510534
6.765 3.9915747993032684
6.775 3.8359229866352402
6.785 3.6628242677517524
6.795 3.473618617576803
6.805 3.270284995001826
6.815 3.0553636891885994
6.825 2.8318422163113457
6.835 2.6030150227211766
6.845 2.373474460689485
6.855 2.1449250392802437
6.865 1.921488024439613
6.875 1.7062595658492457
6.885 1.501975948768171
6.8950000000000005 1.310945597302164
6.905 1.1350139036159812
6.915 0.975560084852653
6.925 0.8335229782527113
6.935 0.7094508763973342
6.945 0.6035692504665839
6.955 0.5158595210523014
6.965 0.4461418749986838
6.975 0.3941554201799665
6.985 0.3588229745343602
6.995 0.34180927012913487
