0.005 0.0
0.015 0.0
0.025 0.0
0.034999999999999996 0.0
0.045 0.0
0.055 0.0
0.065 0.0
0.07500000000000001 0.0
0.085 0.0
0.095 0.0
0.10500000000000001 0.0
0.115 0.0
0.125 0.0
0.135 0.0
0.14500000000000002 0.0
0.155 0.0
0.165 0.0
0.17500000000000002 0.0
0.185 0.0
0.195 0.0
0.20500000000000002 0.0
0.215 0.0
0.225 0.0
0.23500000000000001 0.0
0.245 0.0
0.255 0.0
0.265 0.0
0.275 0.0
0.28500000000000003 0.0
0.295 0.0
0.305 0.0
0.315 0.0
0.325 0.0
0.335 0.0
0.34500000000000003 0.0
0.35500000000000004 0.0
0.365 0.0
0.375 0.0
0.385 0.0
0.395 0.0
0.405 0.0
0.41500000000000004 0.0
0.425 0.0
0.435 0.0
0.445 0.0
0.455 0.0
0.465 0.0
0.47500000000000003 0.0
0.485 0.0
0.495 0.0
0.505 0.0
0.515 0.0
0.525 0.0
0.535 0.0
0.545 0.0
0.555 0.0
0.5650000000000001 0.0
0.5750000000000001 0.0
0.585 0.0
0.595 0.0
0.605 0.0
0.615 0.0
0.625 0.0
0.635 0.0
0.645 0.0
0.655 0.0
0.665 0.0
0.675 0.0
0.685 0.0
0.6950000000000001 0.0
0.7050000000000001 0.0
0.715 0.0
0.725 0.0
0.735 0.0
0.745 0.0
0.755 0.0
0.765 0.0
0.775 0.0
0.785 0.0
0.795 0.0
0.805 0.0
0.8150000000000001 0.0
0.8250000000000001 0.0
0.8350000000000001 0.0
0.845 0.0
0.855 0.0
0.865 0.0
0.875 0.0
0.885 0.0
0.895 0.0
0.905 0.0
0.915 0.0
0.925 0.0
0.935 0.0
0.9450000000000001 0.0
0.9550000000000001 0.0
0.965 0.0
0.975 0.0
0.985 0.0
0.995 0.0
1.005 0.0
1.015 0.0
1.025 0.0
1.035 0.0
1.045 0.0
1.055 0.0
1.065 0.0
1.075 0.0
1.085 0.0
1.095 0.0
1.105 0.0
1.115 0.0
1.125 0.0
1.135 0.0
1.145 0.0
1.155 0.0
1.1649999999999998 0.0
1.1749999999999998 0.0
1.1849999999999998 0.0
1.1949999999999998 0.0
1.2049999999999998 0.0
1.2149999999999999 0.0
1.2249999999999999 0.0
1.2349999999999999 0.0
1.2449999999999999 0.0
1.255 0.0
1.265 0.0
1.275 0.0
1.285 0.0
1.295 0.0
1.305 0.0
1.315 0.0
1.325 0.0
1.335 0.0
1.345 0.0
1.355 0.0
1.365 0.0
1.375 0.0
1.385 0.0
1.395 0.0
1.405 0.0
1.4149999999999998 0.0
1.4249999999999998 0.0
1.4349999999999998 0.0
1.4449999999999998 0.0
1.4549999999999998 0.0
1.4649999999999999 0.015031723991332973
1.4749999999999999 0.022312853455021275
1.4849999999999999 0.0327912889897168
1.4949999999999999 0.0477110439543023
1.505 0.06872842715959543
1.515 0.09801915321420891
1.525 0.13840205627282276
1.535 0.19347782386161141
1.545 0.2677792375421361
1.555 0.36692699352307756
1.565 0.49778233369130964
1.575 0.6685845732691659
1.585 0.8890583781211362
1.595 1.1704726265445324
1.605 1.5256302777388102
1.615 1.9687673210635823
1.625 2.515339090132121
1.635 3.181674471444733
1.645 3.9844832161179826
1.655 4.940208918765475
1.665 6.064230273939262
1.6749999999999998 7.369925676522014
1.6849999999999998 8.867630476361867
1.6949999999999998 10.563531255282516
1.7049999999999998 12.4585560717729
1.7149999999999999 14.54733218108022
1.7249999999999999 16.81729164316214
1.7349999999999999 19.24800889876303
1.7449999999999999 21.810851508249836
1.755 24.469014957931336
1.765 27.177994538726796
1.775 29.886522359079784
1.785 32.53796695659345
1.795 35.07215888451993
1.805 37.427570858251684
1.815 39.54374872038785
1.825 41.36386284675537
1.835 42.83723159618435
1.845 43.921661276974625
1.855 44.58545218188327
1.865 44.80893769097078
1.875 44.58545218188327
1.885 43.921661276974625
1.895 42.83723159618435
1.905 41.36386284675537
1.915 39.54374872038785
1.9249999999999998 37.427570858251684
1.9349999999999998 35.07215888451993
1.9449999999999998 32.53796695659345
1.9549999999999998 29.886522359079784
1.9649999999999999 27.177994538726796
1.9749999999999999 24.469014957931336
1.9849999999999999 21.810851508249836
1.9949999999999999 19.24800889876303
2.005 16.81729164316214
2.015 14.54733218108022
2.025 12.4585560717729
2.035 10.563531255282516
2.045 8.867630476361867
2.0549999999999997 7.369925676522014
2.065 6.064230273939262
2.0749999999999997 4.940208918765475
2.085 3.9844832161179826
2.0949999999999998 3.181674471444733
2.105 2.515339090132121
2.1149999999999998 1.9687673210635823
2.125 1.5256302777388102
2.135 1.1704726265445324
2.145 0.8890583781211362
2.155 0.6685845732691659
2.165 0.49778233369130964
2.175 0.36692699352307756
2.185 0.2677792375421361
2.195 0.19347782386161141
2.205 0.13840205627282276
2.215 0.09801915321420891
2.225 0.06872842715959543
2.235 0.0477110439543023
2.245 0.0327912889897168
2.255 0.022312853455021275
2.265 0.015031723991332973
2.275 0.0
2.285 0.0
2.295 0.0
2.305 0.0
2.315 0.0
2.3249999999999997 0.0
2.335 0.0
2.3449999999999998 0.0
2.355 0.0
2.3649999999999998 0.0
2.375 0.0
2.385 0.0
2.395 0.0
2.405 0.0
2.415 0.0
2.425 0.0
2.435 0.0
2.445 0.0
2.455 0.0
2.465 0.0
2.475 0.0
2.485 0.0
2.495 0.0
2.505 0.0
2.515 0.0
2.525 0.0
2.535 0.0
2.545 0.0
2.555 0.0
2.565 0.0
2.5749999999999997 0.0
2.585 0.0
2.5949999999999998 0.0
2.605 0.0
2.6149999999999998 0.0
2.625 0.0
2.635 0.0
2.645 0.0
2.655 0.0
2.665 0.0
2.675 0.0
2.685 0.0
2.695 0.0
2.705 0.0
2.715 0.0
2.725 0.0
2.735 0.0
2.745 0.0
2.755 0.0
2.765 0.0
2.775 0.005186563355224346
2.785 0.007698852649704749
2.795 0.01131434411267121
2.805 0.016462273545972596
2.815 0.023714135648957798
2.8249999999999997 0.03382064149555042
2.835 0.04775440486841092
2.8449999999999998 0.06675781113781601
2.855 0.09239485647333252
2.8649999999999998 0.1266049123671193
2.875 0.17175538962064585
2.885 0.23068919104592078
2.895 0.3067617265509258
2.905 0.4038612228796471
2.915 0.5264052278170638
2.925 0.6793057435247709
2.935 0.8678954961097398
2.945 1.0978086233729931
2.955 1.3748106770813184
2.965 1.7045753740552387
2.975 2.0924089967717903
2.985 2.5429276420067124
2.995 3.0596974307729146
3.005 3.644852988386787
3.015 4.298714533218026
3.025 5.019428247230329
3.035 5.8026576739193185
3.045 6.641355154799095
3.055 7.525641319927988
3.065 8.44281709752103
3.075 9.377526531509167
3.085 10.312080089554025
3.0949999999999998 11.22693758665822
3.105 12.101338087629848
3.1149999999999998 12.914052147338342
3.125 13.644220593700238
3.135 14.272234867750702
3.145 14.780607717659814
3.155 15.158917607158472
3.165 15.389956694231913
3.175 15.474043126353932
3.185 15.403019186844862
3.195 15.182620095633572
3.205 14.820569001692979
3.215 14.329030169031565
3.225 13.724145255076705
3.235 13.025416163755818
3.245 12.25497830188116
3.255 11.4368127799793
3.265 10.595946328898016
3.275 9.757683579971921
3.285 8.946908452659216
3.295 8.187480659066779
3.305 7.501740988366719
3.315 6.910126430967917
3.325 6.430884691593835
3.335 6.079868427894426
3.3449999999999998 5.870383580398635
3.355 5.813064021722539
3.3649999999999998 5.915746632424133
3.375 6.183326569537096
3.385 6.617581293452003
3.395 7.216962879694597
3.405 7.976370032097693
3.415 8.88692266150247
3.425 9.93577151799885
3.435 11.105981908677165
3.445 12.376532996894438
3.455 13.722471933753587
3.465 15.115254945265193
3.475 16.523295820627332
3.485 17.912726851927886
3.495 19.248359445803466
3.505 20.49481298844041
3.515 21.61776291372039
3.525 22.585244125936853
3.535 23.368935601643475
3.545 23.94534740409922
3.555 24.296833224458926
3.565 24.41236002313818
3.575 24.287980827696593
3.585 23.923516758631344
3.5949999999999998 23.337367071996983
3.605 22.541309977518708
3.6149999999999998 21.557921087184283
3.625 20.414323982556624
3.635 19.140949772258637
3.645 17.77019807632057
3.655 16.335081223475534
3.665 14.867929870362884
3.675 13.399228980416204
3.685 11.956639299302267
3.695 10.564242639613031
3.705 9.242031108098686
3.715 8.00564251940019
3.725 6.866328098347589
3.735 5.8311253194511945
3.745 4.903199112029946
3.755 4.08230899381614
3.765 3.3653579049415834
3.775 2.746980179645923
3.785 2.2201305486603835
3.795 1.7766425005538906
3.805 1.407731893386789
3.815 1.1044295953759948
3.825 0.8579344593769076
3.835 0.6598845773998333
3.8449999999999998 0.5025501756353351
3.855 0.38184333935665726
3.8649999999999998 0.2872265354419814
3.875 0.21546857926733248
3.885 0.16227356017354355
3.895 0.12417043398466168
3.905 0.09846239800047495
3.915 0.08317034530801116
3.925 0.07697663000886024
3.935 0.0791733419392035
3.945 0.089617305770926
3.955 0.10869216850103239
3.965 0.13451698108398077
3.975 0.17489157141679307
3.985 0.2248643695069037
3.995 0.2930951845641712
4.005 0.3782280869427192
4.015 0.4832322651307289
4.025 0.6112447294985166
4.035 0.7654756599035437
4.045 0.9490841037693555
4.055 1.1650245261349976
4.065 1.415867106141855
4.075 1.7035974108801168
4.085 2.029403970341548
4.095 2.3934650777063973
4.1049999999999995 2.7947485526109714
4.115 3.2308399157675627
4.125 3.6978151279464777
4.135 4.19017349195966
4.145 4.700844339447596
4.155 5.221277685455002
4.165 5.741624241882915
4.175 6.2510043027071855
4.185 6.737858464999713
4.195 7.190366465947867
4.205 7.596914205674621
4.215 7.946583908471954
4.225 8.229638913243498
4.235 8.437973214204785
4.245 8.56549684861677
4.255 8.608431580241593
4.265 8.56549684861677
4.275 8.437973214204785
4.285 8.229638913243498
4.295 7.946583908471954
4.305 7.596914205674621
4.315 7.190366465947867
4.325 6.737858464999713
4.335 6.2510043027071855
4.345 5.741624241882915
4.355 5.221277685455002
4.365 4.703147061585552
4.375 4.193591616297326
4.385 3.702838452425577
4.395 3.2381488097574933
4.405 2.8052771167875443
4.415 2.408480712252387
4.425 2.0506058949578985
4.435 1.7332364375457556
4.445 1.4568884273641398
4.455 1.221234373487591
4.465 1.0253397881030468
4.475 0.8678966795317848
4.485 0.7474403122816358
4.495 0.6625379276461778
4.505 0.6119406415978176
4.515 0.5946922666627334
4.525 0.6101912295964307
4.535 0.6582040307395576
4.545 0.7388308207864206
4.555 0.8524256963673501
4.565 0.9994762862778002
4.575 1.1804491486608728
4.585 1.3956094224987916
4.595 1.6448250199895484
4.605 1.9273672996370508
4.615 2.241721463190077
4.625 2.585420679630797
4.635 2.9549179551772813
4.645 3.3455088625157976
4.655 3.7533623868613444
4.665 4.166456479956881
4.675 4.582804386180626
4.685 4.991012211118723
4.695 5.382088001631979
4.705 5.746902496875854
4.715 6.07657836952939
4.725 6.362899961979013
4.735 6.59872030615243
4.745 6.778340794926355
4.755 6.897839264136831
4.765 6.955324489027178
4.775 6.951099061614387
4.785 6.887717993678867
4.795 6.7699367468507905
4.805 6.604549202792598
4.815 6.400122800225949
4.825 6.166644160280966
4.835 5.91509356126342
4.845 5.656970297951078
4.855 5.403793106061901
4.865 5.168486561455138
4.875 4.958274271865925
4.885 4.783225816637216
4.895 4.6504413285933985
4.905 4.565035420526729
4.915 4.529956594479794
4.925 4.545907264921518
4.935 4.611367129356916
4.945 4.722718235014021
4.955 4.874465774578422
4.965 5.05954445001752
4.975 5.269696246014293
4.985 5.495901772920987
4.995 5.72884414919243
5.005 5.959381923382615
5.015 6.179006047687361
5.025 6.380255670599754
5.035 6.5570687356598345
5.045 6.705046190704024
5.055 6.821613036679741
5.065 6.906065334497457
5.075 6.959499339221402
5.085 6.984626690465504
5.095 6.98548748620274
5.105 6.967080466824331
5.115 6.934935794096662
5.125 6.894660443773047
5.135 6.851488584091938
5.145 6.809869206178709
5.155 6.773120640974297
5.165 6.743176602867196
5.175 6.718905560732647
5.185 6.702749549841891
5.195 6.6898657710699805
5.205 6.676431402760301
5.215 6.657641169403869
5.225 6.628075023527384
5.235 6.582104946890418
5.245 6.51595104294962
5.255 6.422306912120264
5.265 6.29849301210259
5.275 6.141987708001355
5.285 5.951714846218214
5.295 5.728141332461062
5.305 5.473277909028687
5.315 5.192190040298605
5.325 4.88720189576371
5.335 4.565285868222546
5.345 4.233166204738709
5.355 3.8981049470132314
5.365 3.5676213980202185
5.375 3.2492301527190204
5.385 2.9502110962328345
5.395 2.6774200355887303
5.405 2.437143620713233
5.415 2.23499743539481
5.425 2.075862047539559
5.435 1.9638487499092867
5.445 1.9022849231379468
5.455 1.893708501645449
5.465 1.9384971795479164
5.475 2.04077638387878
5.485 2.198661582812705
5.495 2.411416161898886
5.505 2.6773561746282457
5.515 2.9937931995270985
5.525 3.356977788855873
5.535 3.7620540421204387
5.545 4.203036747955736
5.555 4.672822290698556
5.565 5.163243103114953
5.575 5.665172956024907
5.585 6.168686995012677
5.595 6.66327642945332
5.605 7.138113473153217
5.615 7.582357884090578
5.625 7.985492610534141
5.635 8.337672952208546
5.645 8.630071562704646
5.655 8.855200748484755
5.665 9.007193959906001
5.675 9.080772112676259
5.685 9.076856624183772
5.695 8.993673498818513
5.705 8.833378890114073
5.715 8.60147968594549
5.725 8.301745553693804
5.735 7.942620503372952
5.745 7.53288223254601
5.755 7.082242066901087
5.765 6.60099175185662
5.775 6.09964855889335
5.785 5.5886167206998625
5.795 5.077881166959125
5.805 4.576746509202026
5.815 4.093630476880043
5.825 3.635916841554418
5.835 3.2098686055927335
5.845 2.8205981934531144
5.855 2.472087854526222
5.865 2.167250702864129
5.875 1.9080209514141009
5.885 1.6954610421022855
5.895 1.5298735456863082
5.905 1.4109068484180445
5.915 1.3376456293359467
5.925 1.30867977781089
5.935 1.3221484770731564
5.945 1.3757594286243886
5.955 1.4667863458759716
5.965 1.5920506403712327
5.975 1.7478954219944807
5.985 1.9301613388875483
5.995 2.134174254818072
6.005 2.3547542350103177
6.015 2.586253801514166
6.025 2.8226310279203344
6.035 3.057559956030421
6.045 3.284577292053637
6.055 3.496166353906891
6.065 3.688707848476849
6.075 3.8561384836751182
6.085 3.991553713015985
6.095 4.0917053338423335
6.105 4.153571530091519
6.115 4.175327887991633
6.125 4.155368999733422
6.135 4.096974928137315
6.1450000000000005 4.000672945437127
6.155 3.869787734656045
6.165 3.7087103608797385
6.175 3.5239337535765127
6.185 3.31959461387129
6.195 3.103003869065062
6.205 2.8809196256666167
6.215 2.660134129888725
6.225 2.4472712098638487
6.235 2.2497963317156344
6.245 2.0716935923365334
6.255 1.9190024175097569
6.265 1.7963008406575036
6.275 1.7074475500880046
6.285 1.6555563017060118
6.295 1.6429894337414033
6.305 1.6713650252011072
6.315 1.7415728340900014
6.325 1.8537952356568281
6.335 2.00753074027012
6.345 2.201619075600349
6.355 2.4342680553207785
6.365 2.70308335685582
6.375 3.005102788318644
6.385 3.3368366097562596
6.3950000000000005 3.6943150325039706
6.405 4.0731432655517406
6.415 4.468563569228204
6.425 4.8755228954107475
6.435 5.2887440134128365
6.445 5.702797679602306
6.455 6.112173486104728
6.465 6.5113475263597405
6.475 6.894845873583181
6.485 7.257303945755485
6.495 7.5935229432189715
6.505 7.89962206734905
6.515 8.169240920524413
6.525 8.397888400195963
6.535 8.58389041689001
6.545 8.722555930726669
6.555 8.81118985767114
6.565 8.847797846799374
6.575 8.831190807218206
6.585 8.761084942972403
6.595 8.638189821084172
6.605 8.464276196041785
6.615 8.24221530889327
6.625 7.9759822276099275
6.635 7.670617455772078
6.6450000000000005 7.332143374416479
6.655 6.967434888055836
6.665 6.584046664075874
6.675 6.190002313213334
6.685 5.793553502537348
6.695 5.4040156897067035
6.705 5.0276437224326544
6.715 4.672585663268876
6.725 4.345464873618257
6.735 4.051896145315494
6.745 3.796309280502368
6.755 3.5818198280502482
6.765 3.410153064014141
6.775 3.2816248375774175
6.785 3.195180305478611
6.795 3.1484889362764776
6.805 3.138091558802033
6.815 3.1595927321040183
6.825 3.2078894100288093
6.835 3.2774248606005556
6.845 3.3624551951000594
6.855 3.457314794828941
6.865 3.5566665283408523
6.875 3.655723046770033
6.885 3.7495949505198105
6.8950000000000005 3.8370286262558566
6.905 3.9145451299887855
6.915 3.980835172422173
6.925 4.035460088494124
6.935 4.07874223472292
6.945 4.111607056293371
6.955 4.135389748356825
6.965 4.152809801744593
6.975 4.163580044147905
6.985 4.169051751306569
6.995 4.172113549473448
