0.005 0.0
0.015 0.0
0.025 0.0
0.034999999999999996 0.0
0.045 0.0
0.055 0.0
0.065 0.0
0.07500000000000001 0.0
0.085 0.0
0.095 0.0
0.10500000000000001 0.0
0.115 0.0
0.125 0.0
0.135 0.0
0.14500000000000002 0.0
0.155 0.0
0.165 0.0
0.17500000000000002 0.0
0.185 0.0
0.195 0.0
0.20500000000000002 0.0
0.215 0.0
0.225 0.0
0.23500000000000001 0.0
0.245 0.0
0.255 0.0
0.265 0.0
0.275 0.0
0.28500000000000003 0.0
0.295 0.0
0.305 0.0
0.315 0.0
0.325 0.0
0.335 0.0
0.34500000000000003 0.0
0.35500000000000004 0.0
0.365 0.0
0.375 0.0
0.385 0.0
0.395 0.0
0.405 0.0
0.41500000000000004 0.0
0.425 0.0
0.435 0.0
0.445 0.0
0.455 0.0
0.465 0.0
0.47500000000000003 0.0
0.485 0.0
0.495 0.0
0.505 0.0
0.515 0.0
0.525 0.0
0.535 0.0
0.545 0.0
0.555 0.0
0.5650000000000001 0.0
0.5750000000000001 0.0
0.585 0.0
0.595 0.0
0.605 0.0
0.615 0.0
0.625 0.0
0.635 0.0
0.645 0.0
0.655 0.0
0.665 0.0
0.675 0.0
0.685 0.0
0.6950000000000001 0.0
0.7050000000000001 0.0
0.715 0.0
0.725 0.0
0.735 0.0
0.745 0.0
0.755 0.0
0.765 0.0
0.775 0.0
0.785 0.0
0.795 0.0
0.805 0.0
0.8150000000000001 0.0
0.8250000000000001 0.0
0.8350000000000001 0.0
0.845 0.0
0.855 0.0
0.865 0.0
0.875 0.0
0.885 0.0
0.895 0.0
0.905 0.0
0.915 0.0
0.925 0.0
0.935 0.0
0.9450000000000001 0.0
0.9550000000000001 0.0
0.965 0.0
0.975 0.0
0.985 0.0
0.995 0.0
1.005 0.0
1.015 0.0
1.025 0.0
1.035 0.0
1.045 0.0
1.055 0.0
1.065 0.0
1.075 0.0
1.085 0.0
1.095 0.0
1.105 0.0
1.115 0.0
1.125 0.0
1.135 0.0
1.145 0.0
1.155 0.0
1.1649999999999998 0.0
1.1749999999999998 0.0
1.1849999999999998 0.0
1.1949999999999998 0.0
1.2049999999999998 0.0
1.2149999999999999 0.0
1.2249999999999999 0.0
1.2349999999999999 0.0
1.2449999999999999 0.0
1.255 0.0
1.265 0.0
1.275 0.0
1.285 0.0
1.295 0.0
1.305 0.0
1.315 0.0
1.325 0.0
1.335 0.0
1.345 0.0
1.355 0.0
1.365 0.0
1.375 0.0
1.385 0.0
1.395 0.0
1.405 0.0
1.4149999999999998 0.0
1.4249999999999998 0.0
1.4349999999999998 0.0
1.4449999999999998 0.0
1.4549999999999998 0.0
1.4649999999999999 0.0
1.4749999999999999 0.0
1.4849999999999999 0.0
1.4949999999999999 0.0
1.505 0.0
1.515 0.014257026671547747
1.525 0.021162905000783282
1.535 0.031101308272449547
1.545 0.045252136519808125
1.555 0.06518633655546432
1.565 0.09296749211888493
1.575 0.13126916172864803
1.585 0.1835064625147765
1.595 0.25397856785596873
1.605 0.34801649738816476
1.615 0.47212788181543436
1.625 0.6341274027370292
1.635 0.8432385411509945
1.645 1.1101494056559076
1.655 1.4470031230738558
1.665 1.8673019956100216
1.6749999999999998 2.3857048277813813
1.6849999999999998 3.0297258799318034
1.6949999999999998 3.796985528914612
1.7049999999999998 4.71183935310263
1.7149999999999999 5.789868806242609
1.7249999999999999 7.045088011559259
1.7349999999999999 8.48904045615056
1.7449999999999999 10.129849237894891
1.755 11.971275505458426
1.765 14.01185010284601
1.775 16.244149944573834
1.785 18.654291851919076
1.795 21.22171132805584
1.805 23.91928140341187
1.815 26.713807290375673
1.825 29.56690699865141
1.835 32.43625796344773
1.845 35.277157575141466
1.855 38.04431429786932
1.865 40.69375914751816
1.875 43.184747921309686
1.885 45.4815155183934
1.895 47.56467351547201
1.905 49.39738032679875
1.915 50.97316255529176
1.9249999999999998 52.28726216933408
1.9349999999999998 53.34279630402301
1.9449999999999998 54.14979916194483
1.9549999999999998 54.72385567720441
1.9649999999999999 55.08445390603572
1.9749999999999999 55.25320944209372
1.9849999999999999 55.25212649792026
1.9949999999999999 55.10205500822848
2.005 54.82148137030734
2.015 54.42575426513912
2.025 53.926800082418765
2.035 53.33332975139679
2.045 52.6514859169868
2.0549999999999997 51.88583212375559
2.065 51.0405491172579
2.0749999999999997 50.120681505120615
2.085 49.13327318001767
2.0949999999999998 48.088242558870036
2.105 46.99887739441012
2.1149999999999998 45.88187050079211
2.125 44.75686769200398
2.135 43.645552220179155
2.145 42.57034044757981
2.155 41.55280618755978
2.165 40.61198181355167
2.175 39.76269990295944
2.185 39.01413849701443
2.195 38.36871634805243
2.205 37.82145371860358
2.215 37.359872663955514
2.225 36.96446251221528
2.235 36.60968620563144
2.245 36.2654560594896
2.255 35.8989676596989
2.265 35.47675153608734
2.275 34.96678624047846
2.285 34.34051452159452
2.295 33.57461604927151
2.305 32.65241395533783
2.315 31.56482563485696
2.3249999999999997 30.30129825393395
2.335 28.891004261452288
2.3449999999999998 27.33448563269025
2.355 25.652845557393565
2.3649999999999998 23.872222819175683
2.375 22.022296335293788
2.385 20.134681115028396
2.395 18.241331009918174
2.405 16.373051897336417
2.415 14.558210270331756
2.425 12.82169892853433
2.435 11.184196074864305
2.445 9.6617290247055
2.455 8.265531012607346
2.465 7.008530518278117
2.475 5.883296375233578
2.485 4.892859540976564
2.495 4.024902236986206
2.505 3.291529280204109
2.515 2.6789539490659835
2.525 2.168889320450473
2.535 1.75648357641373
2.545 1.4331319476984212
2.555 1.1911109506345934
2.565 1.0240122692122897
2.5749999999999997 0.9270800260044646
2.585 0.8974541432504968
2.5949999999999998 0.9343235162809032
2.605 1.0389921940949567
2.6149999999999998 1.2148601656932847
2.625 1.467318262418182
2.635 1.8035547214336156
2.645 2.232269709534671
2.655 2.763294100657537
2.665 3.4071104293719925
2.675 4.174277429571137
2.685 5.074764928725105
2.695 6.117212889570655
2.705 7.301515797010601
2.715 8.64673696883283
2.725 10.143100402100796
2.735 11.786181422591307
2.745 13.566379451154647
2.755 15.468478488785387
2.765 17.47142043099593
2.775 19.548336018508238
2.785 21.66686676701378
2.795 23.789795592644012
2.805 25.87598489509395
2.815 27.88159983490038
2.8249999999999997 29.7615730442228
2.835 31.471246850029473
2.8449999999999998 32.968112113690886
2.855 34.21355070191756
2.8649999999999998 35.17448276488055
2.875 35.824821272826554
2.885 36.146644899829425
2.895 36.13101591701543
2.905 35.778391185892964
2.915 35.09859997654363
2.925 34.11039011329357
2.935 32.84057159792108
2.945 31.32281211709995
2.955 29.596159684177607
2.965 27.703382507386415
2.975 25.68922400958157
2.985 23.59867140197838
2.995 21.47532965791033
3.005 19.35998006895293
3.015 17.293868378229977
3.025 15.302036492216954
3.035 13.414061105282055
3.045 11.650807369489563
3.055 10.027441465833633
3.065 8.553711057578294
3.075 7.234438198132184
3.085 6.070172223024116
3.0949999999999998 5.057947576193536
3.105 4.192092765967281
3.1149999999999998 3.4650409978387264
3.125 2.8680996306101254
3.135 2.3921435614210003
3.145 2.0282061444182995
3.155 1.7679496121260345
3.165 1.604004712902987
3.175 1.530176122644321
3.185 1.5415160463014321
3.195 1.6342733613464526
3.205 1.8057298375929771
3.215 2.0539386003579168
3.225 2.377383268087839
3.235 2.7745791973378098
3.245 3.243641002568917
3.255 3.78184285547088
3.265 4.385199761971577
3.275 5.043850303185612
3.285 5.760202743214613
3.295 6.518457241363896
3.305 7.30695895028739
3.315 8.111925225540093
3.325 8.913584157988648
3.335 9.704371198254718
3.3449999999999998 10.46018790890006
3.355 11.162683923737118
3.3649999999999998 11.793828934213472
3.375 12.336673640184822
3.385 12.776102362804195
3.395 13.099530933951021
3.405 13.297504991391433
3.415 13.364159012538773
3.425 13.297504991391433
3.435 13.099530933951021
3.445 12.776102362804195
3.455 12.340191823764078
3.465 11.799051270299278
3.475 11.170358743640199
3.485 10.471354705967784
3.495 9.720457125856932
3.505 8.936525596741097
3.515 8.13816526264081
3.525 7.343109065392803
3.535 6.567708431737943
3.545 5.826552312385436
3.555 5.132223443521502
3.565 4.495189798546275
3.575 3.923819315486792
3.585 3.4244978399435886
3.5949999999999998 3.005100243357136
3.605 2.6637166349377708
3.6149999999999998 2.4045051304121507
3.625 2.2284761342558195
3.635 2.1359114647688697
3.645 2.126547257719225
3.655 2.199692962091073
3.665 2.3542808674505293
3.675 2.5888477638500333
3.685 2.90145704843918
3.695 3.28957538153868
3.705 3.749922443693801
3.715 4.278315120217123
3.725 4.869528310179401
3.735 5.517193418241165
3.745 6.213752483501434
3.755 6.950481036256289
3.765 7.717586524881096
3.775 8.504382049098
3.785 9.29952782273785
3.795 10.091325987887434
3.805 10.868048830975077
3.815 11.618276745769244
3.825 12.328230746234802
3.835 12.995032402485592
3.8449999999999998 13.605608300484622
3.855 14.15261647561525
3.8649999999999998 14.630045412061374
3.875 15.033215221464843
3.885 15.358707933877131
3.895 15.604243796194295
3.905 15.76852525119622
3.915 15.851072446824926
3.925 15.852073422998227
3.935 15.772268624717029
3.945 15.612883533883672
3.955 15.375615738569248
3.965 15.062674613896071
3.975 14.676864000646063
3.985 14.224410926936113
3.995 13.705522346890666
4.005 13.127427421336035
4.015 12.496584461625357
4.025 11.820520638736383
4.035 11.107795458847407
4.045 10.367897052347638
4.055 9.61107403272444
4.065 8.84811245459113
4.075 8.090072850070841
4.085 7.348005855646354
4.095 6.632666230769572
4.1049999999999995 5.954244081885015
4.115 5.322129088417673
4.125 4.744718961119208
4.135 4.229277888526352
4.145 3.781845057812168
4.155 3.4071881694033745
4.165 3.108792800780678
4.175 2.888875953578907
4.185 2.7484113773673116
4.195 2.68715532312118
4.205 2.7036640489349972
4.215 2.7952983082851794
4.225 2.958214689904926
4.235 3.187348462314512
4.245 3.4763969035433715
4.255 3.817815412590182
4.265 4.20049400605227
4.275 4.620004751375358
4.285 5.06198872007363
4.295 5.514716090056777
4.305 5.968185175603918
4.315 6.406136556941832
4.325 6.817665308790642
4.335 7.190806280791872
4.345 7.51455184618455
4.355 7.779291244526134
4.365 7.977220558586875
4.375 8.104990240774775
4.385 8.155918555244511
4.395 8.131081871918914
4.405 8.032832403860839
4.415 7.867807803098452
4.425 7.641975552673813
4.435 7.367592704142805
4.445 7.053247888648447
4.455 6.716324224568224
4.465 6.3682911124252515
4.475 6.026295066528636
4.485 5.706292805038858
4.495 5.424106247080558
4.505 5.195035198726535
4.515 5.0335169845089425
4.525 4.952837512553458
4.535 4.964893330653725
4.545 5.080000141295991
4.555 5.306740315644204
4.565 5.653961290648219
4.575 6.123217238021844
4.585 6.718774192915099
4.595 7.441397980583778
4.605 8.289700376150655
4.615 9.260075018179652
4.625 10.34664059666288
4.635 11.541197192295128
4.645 12.83320417603838
4.655 14.209789965489374
4.665 15.655805015872833
4.675 17.15392957181804
4.685 18.684846827335853
4.695 20.227490177942972
4.705 21.759370190520496
4.715 23.256982817803515
4.725 24.698285964486196
4.735 26.056255997429417
4.745 27.308970173086543
4.755 28.434495631133423
4.765 29.41287632714018
4.775 30.226771052918785
4.785 30.86203808317262
4.795 31.306420629454635
4.805 31.557800741358665
4.815 31.611511357806876
4.825 31.469988661468918
4.835 31.141884121089465
4.845 30.63511233479914
4.855 29.965529322662995
4.865 29.150881966430575
4.875 28.211447005147782
4.885 27.171199300946547
4.895 26.050494897429182
4.905 24.874249048527552
4.915 23.665835336686815
4.925 22.447721237693344
4.935 21.240946623260076
4.945 20.06470691709314
4.955 18.936045726025505
4.965 17.869654126567795
4.975 16.877767551455527
4.985 15.970146806216821
4.995 15.154127301576542
5.005 14.434720006027188
5.015 13.814748586476181
5.025 13.295009259526667
5.035 12.874442518159471
5.045 12.550308660000333
5.055 12.321875608658612
5.065 12.178233374265393
5.075 12.115180611768666
5.085 12.125223878048255
5.095 12.200087309683537
5.105 12.330874597809348
5.115 12.506652945877281
5.125 12.721447463715835
5.135 12.963168735177131
5.145 13.222086670167588
5.155 13.488643964492248
5.165 13.75363853244557
5.175 14.008414267178587
5.185 14.243529801022117
5.195 14.455597651786347
5.205 14.636577898183091
5.215 14.780521344867573
5.225 14.887993873685947
5.235 14.955425523828774
5.245 14.981644687942484
5.255 14.972074438816097
5.265 14.926515853235337
5.275 14.853242226937411
5.285 14.75593011274429
5.295 14.641095057376194
5.305 14.515442259015405
5.315 14.385392986695301
5.325 14.256601406834353
5.335 14.133498498798222
5.345 14.018900532854214
5.355 13.913716920704026
5.365 13.816786145671704
5.375 13.723444713975663
5.385 13.631805453933524
5.395 13.532961783735736
5.405 13.418875211674155
5.415 13.280788930018677
5.425 13.109827947732299
5.435 12.897620981441767
5.445 12.636898136763227
5.455 12.32202033642897
5.465 11.949402216294851
5.475 11.517799213688045
5.485 11.028440898026911
5.495 10.485005116525548
5.505 9.893440042997032
5.515 9.261652571925769
5.525 8.599090711997562
5.535 7.914926318645722
5.545 7.223292268983301
5.555 6.533293777200454
5.565 5.855526289401849
5.575 5.199667281328378
5.585 4.5741422753640455
5.595 3.9858872749648464
5.605 3.4402120526663604
5.615 2.940761046239969
5.625 2.4895621797315375
5.635 2.0871491207751856
5.645 1.731467031926277
5.655 1.4236101161328096
5.665 1.158983477896293
5.675 0.934253318092865
5.685 0.7456695589701651
5.695 0.588024765098736
5.705 0.46024965224138914
5.715 0.35665504870270265
5.725 0.27362787545364203
5.735 0.20784010633186015
5.745 0.15629872258081498
5.755 0.11636933604198796
5.765 0.08577855765898347
5.775 0.06260023703037289
5.785 0.045230383598921765
5.795 0.03235501604864491
5.805 0.022914480902427647
5.815 0.016067025473692258
5.825 0.011153675273408345
5.835 0.007665801434529522
5.845 0.0052161994631436505
5.855 0.0035140494590605383
5.865 0.0
5.875 0.0
5.885 0.0
5.895 0.0
5.905 0.0
5.915 0.0
5.925 0.0
5.935 0.0
5.945 0.0
5.955 0.0
5.965 0.0
5.975 0.0
5.985 0.0
5.995 0.0
6.005 0.0
6.015 0.0
6.025 0.0
6.035 0.0
6.045 0.0
6.055 0.0
6.065 0.0
6.075 0.0
6.085 0.0
6.095 0.0012393931997396242
6.105 0.001839735672028384
6.115 0.002703701891279063
6.125 0.00393386303949803
6.135 0.005666784814537365
6.1450000000000005 0.009302387920850207
6.155 0.01322323728393486
6.165 0.018615151531258898
6.175 0.025952876812101084
6.185 0.03583433693595944
6.195 0.05020400742665728
6.205 0.06814820533499127
6.215 0.09163661928109225
6.225 0.12206592083797474
6.235 0.16108057604742662
6.245 0.21058547241666223
6.255 0.2727493603723906
6.265 0.3499961473044354
6.275 0.44498106870757276
6.285 0.5605489784852657
6.295 0.6996724920321961
6.305 0.8653685083292171
6.315 1.0605927355016995
6.325 1.2892692909654864
6.335 1.5520815677910467
6.345 1.852964939400495
6.355 2.192705127127366
6.365 2.572133227190219
6.375 2.990092527800752
6.385 3.446209092639485
6.3950000000000005 3.938271081976556
6.405 4.462956609370146
6.415 5.015852128154567
6.425 5.591529373077085
6.435 6.183683682378581
6.445 6.785332614787281
6.455 7.389069393875506
6.465 7.987361146921417
6.475 8.572877499062177
6.485 9.138831210379724
6.495 9.679309582214092
6.505 10.189573660979404
6.515 10.666302124511533
6.525 11.107758346651405
6.535 11.513862578488473
6.545 11.8861563941996
6.555 12.227653303975638
6.565 12.542577356713739
6.575 12.83600011676354
6.585 13.113394961255567
6.595 13.380135493458559
6.605 13.64097127299533
6.615 13.899518345805616
6.625 14.157803657003841
6.635 14.415900978986425
6.6450000000000005 14.671691362062894
6.655 14.92077347585674
6.665 15.156539011990835
6.675 15.37041629276716
6.685 15.552272331044042
6.695 15.690950910444
6.705 15.77491293890628
6.715 15.792936433104613
6.725 15.734827887255808
6.735 15.59209504966246
6.745 15.358533497057023
6.755 15.030685691676828
6.765 14.60814087912692
6.775 14.093656359524157
6.785 13.493094227583088
6.795 12.815181399067011
6.805 12.071113403972763
6.815 11.27403295279105
6.825 10.438421839821084
6.835 9.580591264144203
6.845 8.715158251367702
6.855 7.856990271541701
6.865 7.0187772038205125
6.875 6.214674534936996
6.885 5.453373640603534
6.8950000000000005 4.744194966434261
6.905 4.092870902257649
6.915 3.505976541182754
6.925 2.98520780180867
6.935 2.5319928616111302
6.945 2.146559777327298
6.955 1.8274569469844633
6.965 1.57542324237891
6.975 1.387901181170409
6.985 1.2636093670329673
6.995 1.2015464388278587
