0.005 0.0
0.015 0.0
0.025 0.0
0.034999999999999996 0.0
0.045 0.0
0.055 0.0
0.065 0.0
0.07500000000000001 0.0
0.085 0.0
0.095 0.0
0.10500000000000001 0.0
0.115 0.0
0.125 0.0
0.135 0.0
0.14500000000000002 0.0
0.155 0.0
0.165 0.0
0.17500000000000002 0.0
0.185 0.0
0.195 0.0
0.20500000000000002 0.0
0.215 0.0
0.225 0.0
0.23500000000000001 0.0
0.245 0.0
0.255 0.0
0.265 0.0
0.275 0.0
0.28500000000000003 0.0
0.295 0.0
0.305 0.0
0.315 0.0
0.325 0.0
0.335 0.0
0.34500000000000003 0.0
0.35500000000000004 0.0
0.365 0.0
0.375 0.0
0.385 0.0
0.395 0.0
0.405 0.0
0.41500000000000004 0.0
0.425 0.0
0.435 0.0
0.445 0.0
0.455 0.0
0.465 0.0
0.47500000000000003 0.0
0.485 0.0
0.495 0.0
0.505 0.0
0.515 0.0
0.525 0.0
0.535 0.0
0.545 0.0
0.555 0.0
0.5650000000000001 0.0
0.5750000000000001 0.0
0.585 0.0
0.595 0.0
0.605 0.0
0.615 0.0
0.625 0.0
0.635 0.0
0.645 0.0
0.655 0.0
0.665 0.0
0.675 0.0
0.685 0.0
0.6950000000000001 0.0
0.7050000000000001 0.0
0.715 0.0
0.725 0.0
0.735 0.0
0.745 0.0
0.755 0.0
0.765 0.0
0.775 0.0
0.785 0.0
0.795 0.0
0.805 0.0
0.8150000000000001 0.0
0.8250000000000001 0.0
0.8350000000000001 0.0
0.845 0.0
0.855 0.0
0.865 0.0
0.875 0.0
0.885 0.0
0.895 0.0
0.905 0.0
0.915 0.0
0.925 0.0
0.935 0.0
0.9450000000000001 0.0
0.9550000000000001 0.0
0.965 0.0
0.975 0.0
0.985 0.0
0.995 0.0
1.005 0.0
1.015 0.0
1.025 0.0
1.035 0.0
1.045 0.0
1.055 0.0
1.065 0.0
1.075 0.0
1.085 0.0
1.095 0.0
1.105 0.0
1.115 0.0
1.125 0.0
1.135 0.0
1.145 0.0
1.155 0.0
1.1649999999999998 0.0
1.1749999999999998 0.0
1.1849999999999998 0.0
1.1949999999999998 0.0
1.2049999999999998 0.0
1.2149999999999999 0.0
1.2249999999999999 0.0
1.2349999999999999 0.0
1.2449999999999999 0.0
1.255 0.0
1.265 0.0
1.275 0.0
1.285 0.0
1.295 0.0
1.305 0.0
1.315 0.0
1.325 0.0
1.335 0.0
1.345 0.0
1.355 0.01697509013239722
1.365 0.025197555431988025
1.375 0.03703068832815672
1.385 0.05387933359487047
1.395 0.07761393479315556
1.405 0.1106914923046628
1.4149999999999998 0.1562952713271541
1.4249999999999998 0.21849147180753176
1.4349999999999998 0.3023988928670634
1.4449999999999998 0.41436489857418113
1.4549999999999998 0.562137781773872
1.4649999999999999 0.7550220719139216
1.4749999999999999 1.0039996816247336
1.4849999999999999 1.3217963784162878
1.4949999999999999 1.722870343299456
1.505 2.223298055768048
1.515 2.8405329816562452
1.525 3.593015076371971
1.535 4.499614399760466
1.545 5.578900445302818
1.555 6.848240131543443
1.565 8.322741469984624
1.575 10.014076009100982
1.585 11.929230158710126
1.595 14.069251960707117
1.605 16.428074058713555
1.615 18.991503675166452
1.625 21.73647454637118
1.635 24.63065250734695
1.645 27.632474798057203
1.655 30.69168294858876
1.665 33.750380933138445
1.6749999999999998 36.74461572948006
1.6849999999999998 39.60643892515269
1.6949999999999998 42.27828110510058
1.7049999999999998 44.67381774249501
1.7149999999999999 46.73754805681517
1.7249999999999999 48.413223924787985
1.7349999999999999 49.65450926838941
1.7449999999999999 50.42733032179607
1.755 50.71171175710372
1.765 50.50297967439493
1.775 49.81225360777308
1.785 48.66619706761862
1.795 47.106045452152614
1.805 45.185976951033304
1.815 42.97093217692719
1.825 40.53401832503604
1.835 37.95365145178193
1.845 35.31059513103334
1.855 32.68504586098415
1.865 30.153897025213062
1.875 27.788286839525316
1.885 25.65150503939101
1.895 23.797301735443444
1.905 22.268613240219217
1.915 21.09669640418305
1.9249999999999998 20.31031886765118
1.9349999999999998 19.90162426486031
1.9449999999999998 19.872351129450976
1.9549999999999998 20.206353631016796
1.9649999999999999 20.876839062457176
1.9749999999999999 21.84740865187606
1.9849999999999999 23.073342305096784
1.9949999999999999 24.503118161216136
2.005 26.080153839534223
2.015 27.74474654062902
2.025 29.436174387178994
2.035 31.094903140905686
2.045 32.66482303982541
2.0549999999999997 34.0954227329871
2.065 35.343793993248575
2.0749999999999997 36.37635460800856
2.085 37.170179485459514
2.0949999999999998 37.713842561178424
2.105 38.00769446821357
2.1149999999999998 38.06353196329537
2.125 37.903652598878445
2.135 37.55932912180981
2.145 37.06877910246223
2.155 36.4747427554455
2.165 35.810490442381806
2.175 35.14620168559179
2.185 34.5055739172516
2.195 33.92314764262436
2.205 33.42537889066639
2.215 33.02921486416087
2.225 32.741288400057684
2.235 32.55777832011935
2.245 32.464936049759096
2.255 32.440232701019895
2.265 32.45403866264732
2.275 32.47171275447393
2.285 32.45595270980208
2.295 32.36924486803288
2.305 32.17624927878274
2.315 31.845966743569484
2.3249999999999997 31.353555503180505
2.335 30.681695323786506
2.3449999999999998 29.821432983657807
2.355 28.77248253005776
2.3649999999999998 27.542992928179764
2.375 26.148831765227133
2.385 24.612463817555895
2.395 22.961525489503444
2.405 21.22720913870043
2.415 19.4425747370281
2.425 17.640900660367766
2.435 15.854171893685857
2.445 14.111784407182672
2.455 12.439521096584109
2.465 10.858829802758988
2.475 9.386409739093311
2.485 8.034091054487122
2.495 6.8089746809610965
2.505 5.705841667130675
2.515 4.7421494525342585
2.525 3.9020049232265617
2.535 3.1787578393306455
2.545 2.5637999257087074
2.555 2.0472358223324885
2.565 1.6184849634517786
2.5749999999999997 1.2667955259699313
2.585 0.9816607526173847
2.5949999999999998 0.753135970265834
2.605 0.5720610880119164
2.6149999999999998 0.43019809252641594
2.625 0.32029606875349864
2.635 0.2360977190039518
2.645 0.17230148856938599
2.655 0.12449253856462818
2.665 0.0890542543019934
2.675 0.06859942112851311
2.685 0.05243076659895793
2.695 0.04276168352546521
2.705 0.038649824470648735
2.715 0.039638713547505075
2.725 0.045728226990539945
2.735 0.05091088333903493
2.745 0.07117037986698656
2.755 0.0985019868220009
2.765 0.13497326459061018
2.775 0.18310810548099635
2.785 0.2510913687841181
2.795 0.33468869751056046
2.805 0.44179911612266054
2.815 0.5775587088792012
2.8249999999999997 0.7527990504452982
2.835 0.9663323745440628
2.8449999999999998 1.228792994318958
2.855 1.5479781794178487
2.8649999999999998 1.9320447708254906
2.875 2.389304612688169
2.885 2.92797417447835
2.895 3.555884530743855
2.905 4.280161650679968
2.915 5.106890469886435
2.925 6.040779059838442
2.935 7.0848409724366235
2.945 8.24011417692117
2.955 9.505433705591035
2.965 10.877272137075796
2.975 12.349657532690358
2.985 13.914172781068068
2.995 15.560034072961248
3.005 17.274240137422517
3.015 19.04177869566018
3.025 20.84587305554637
3.035 22.668250444662657
3.045 24.489414868060457
3.055 26.288910947541112
3.065 28.045570953074023
3.075 29.737744328003288
3.085 31.343516422226188
3.0949999999999998 32.84092972264381
3.105 34.20822546667394
3.1149999999999998 35.42412519199736
3.125 36.46816991318195
3.135 37.321129091107295
3.145 37.965482767636225
3.155 38.385969077490834
3.165 38.57017713789768
3.175 38.50915362448321
3.185 38.19798178799076
3.195 37.63628569651885
3.205 36.82861116961378
3.215 35.78463873429797
3.225 34.51919288522849
3.235 33.05202525047154
3.245 31.407365684327896
3.255 29.613253172764875
3.265 27.70067590483187
3.275 25.702565137554522
3.285 23.652699024193836
3.295 21.58457928428544
3.305 19.530344916855228
3.315 17.519783134829098
3.325 15.579488924182186
3.335 13.732212156619964
3.3449999999999998 11.996416367496423
3.355 10.389765708227445
3.3649999999999998 8.91608118723627
3.375 7.583175427166108
3.385 6.392487686696034
3.395 5.342055007212943
3.405 4.427099832544219
3.415 3.6406665792772337
3.425 2.9742690074612907
3.435 2.4185149657004352
3.445 1.9636811945142785
3.455 1.600217597026117
3.465 1.3191670421910437
3.475 1.112492816051018
3.485 0.9696229551939837
3.495 0.8935931264836048
3.505 0.8747997637092333
3.515 0.9104212295803551
3.525 0.9987897680493732
3.535 1.139221021104809
3.545 1.3317813075929164
3.555 1.5770031966232978
3.565 1.8755611992631902
3.575 2.2279210790021713
3.585 2.633978252994271
3.5949999999999998 3.0892651750525695
3.605 3.5995404220131904
3.6149999999999998 4.155995744206897
3.625 4.75317648156669
3.635 5.380358255255484
3.645 6.0360810111920244
3.655 6.704339224097577
3.665 7.372485995548166
3.675 8.026551327348223
3.685 8.65169246201065
3.695 9.232731687031361
3.705 9.754756011750027
3.715 10.20374655490257
3.725 10.567201035853362
3.735 10.834711003681857
3.745 10.998456691173143
3.755 11.053586684758868
3.765 10.998456691173143
3.775 10.834711003681857
3.785 10.567201035853362
3.795 10.20374655490257
3.805 9.754756011750027
3.815 9.232731687031361
3.825 8.65169246201065
3.835 8.026551327348223
3.8449999999999998 7.375387424334505
3.855 6.7086460591191015
3.8649999999999998 6.042410397619741
3.875 5.389567458167612
3.885 4.761415480857232
3.895 4.167453457212285
3.905 3.615288605185986
3.915 3.1106545614996572
3.925 2.657526537813071
3.935 2.2583148057521045
3.945 1.9141147887897656
3.955 1.624990720234884
3.965 1.3902701072973216
3.975 1.2088278552693978
3.985 1.0793415391053227
3.995 1.00050264540772
4.005 0.9711723628601769
4.015 0.9904744463255599
4.025 1.0578216556176594
4.035 1.1728761679758224
4.045 1.3354481168970138
4.055 1.5479743089154954
4.065 1.806058122728665
4.075 2.1107798406804887
4.085 2.4608440636429205
4.095 2.8541174858709315
4.1049999999999995 3.2874373790103797
4.115 3.7564669736430605
4.125 4.255615296396134
4.135 4.7780359950299855
4.145 5.31571521047808
4.155 5.85965276605703
4.165 6.3976609364417545
4.175 6.925450063269214
4.185 7.429410956690408
4.195 7.902594738665018
4.205 8.335239479038114
4.215 8.718337900169384
4.225 9.048608049507619
4.235 9.323336553597581
4.245 9.544662452134613
4.255 9.7111428208126
4.265 9.829229252183172
4.275 9.906066939435737
4.285 9.950795193126282
4.295 9.976495743529647
4.305 9.991351822626186
4.315 10.009391527580657
4.325 10.043082572803982
4.335 10.104407974434771
4.345 10.204426122645513
4.355 10.3529225823007
4.365 10.5581691031031
4.375 10.826794066441838
4.385 11.163757116083293
4.395 11.572410238487794
4.405 12.054619224768597
4.415 12.6109142051256
4.425 13.240636428462134
4.435 13.944287428736938
4.445 14.71572056096545
4.455 15.55498514213092
4.465 16.45397045385066
4.475 17.408305216552638
4.485 18.410754345920314
4.495 19.452504072772758
4.505 20.52299352249218
4.515 21.609811791392033
4.525 22.69869778954709
4.535 23.773673208185144
4.545 24.81732800381424
4.555 25.811263768594266
4.565 26.736684634806956
4.575 27.575109516169356
4.585 28.30916514675664
4.595 28.92340804524641
4.605 29.40511643577296
4.615 29.74706998218589
4.625 29.94079349661918
4.635 29.98680583603715
4.645 29.88873386063793
4.655 29.652644222060566
4.665 29.295070695043812
4.675 28.82861306483267
4.685 28.271347420202808
4.695 27.642988392422517
4.705 26.96386978646208
4.715 26.253911695913434
4.725 25.53164438464125
4.735 24.813354432976812
4.745 24.112408702904723
4.755 23.43879739550423
4.765 22.79892004185308
4.775 22.1956191447702
4.785 21.628446984854723
4.795 21.09413344802965
4.805 20.587208123788262
4.815 20.100719599251853
4.825 19.626989685917547
4.835 19.158340644851435
4.845 18.68963972590116
4.855 18.21213262041513
4.865 17.721086481482157
4.875 17.218101672639243
4.885 16.69986702757294
4.895 16.167290042475067
4.905 15.622605377917164
4.915 15.069032050024138
4.925 14.510390057497403
4.935 13.950721375952316
4.945 13.393955483007833
4.955 12.843650935191233
4.965 12.302833120429982
4.975 11.7739355214769
4.985 11.258839094192691
4.995 10.758993059637287
5.005 10.27572974880189
5.015 9.809697696397368
5.025 9.364934827850156
5.035 8.940843052202434
5.045 8.53969333435763
5.055 8.162583724091943
5.065 7.81640652448041
5.075 7.5021945042637785
5.085 7.223447224012491
5.095 6.985194517973742
5.105 6.786056216961236
5.115 6.633080432168743
5.125 6.525222709475309
5.135 6.462675014705753
5.145 6.4444041048260665
5.155 6.468148785283439
5.165 6.530507683118362
5.175 6.627112239771606
5.185 6.754547591641491
5.195 6.90475580046966
5.205 7.073335871835059
5.215 7.255020986761796
5.225 7.445097937898989
5.235 7.6396564025056195
5.245 7.834274361766695
5.255 8.030583237615758
5.265 8.22415289219392
5.275 8.418693187919999
5.285 8.613106774736794
5.295 8.80906791330238
5.305 9.008540648259643
5.315 9.213494938106066
5.325 9.42562714158796
5.335 9.646107541651675
5.345 9.87537382835795
5.355 10.112984277549051
5.365 10.357538349824182
5.375 10.60666624241078
5.385 10.857083178934877
5.395 11.104699450730902
5.405 11.344773813342115
5.415 11.572095997624572
5.425 11.779797277337464
5.435 11.965566005098012
5.445 12.121950001983011
5.455 12.243842136115305
5.465 12.326554160269598
5.475 12.365943381420603
5.485 12.358514183880807
5.495 12.301497025814047
5.505 12.19290837970267
5.515 12.031595068718307
5.525 11.817265697247258
5.535 11.550510610204983
5.545 11.232810321859631
5.555 10.866530923982431
5.565 10.454903882350633
5.575 10.001987066627159
5.585 9.512603953048918
5.595 8.992258716137837
5.605 8.447026311509388
5.615 7.883418488940443
5.625 7.308228743649277
5.635 6.728361262829609
5.645 6.150650703250886
5.655 5.580413311428497
5.665 5.026774396319704
5.675 4.493473084184318
5.685 3.985416998560938
5.695 3.506684119821735
5.705 3.0604590810914907
5.715 2.6490056750844033
5.725 2.2736754762344393
5.735 1.9349501999910346
5.745 1.6325134565426769
5.755 1.3653460562905304
5.765 1.131838078276682
5.775 0.929910548252255
5.785 0.7571397601462447
5.795 0.610877935288926
5.805 0.48836493561288585
5.815 0.38563332299041275
5.825 0.3027715881036811
5.835 0.2354792903341481
5.845 0.1814134609146276
5.855 0.1411085648580651
5.865 0.10860172789780384
5.875 0.08416121852925315
5.885 0.06656084148769431
5.895 0.054867395754722936
5.905 0.047287849541320294
5.915 0.04618264598197708
5.925 0.04983369118382153
5.935 0.05854146920900799
5.945 0.072903833766939
5.955 0.09512099497233349
5.965 0.12445317813671916
5.975 0.16338762760949804
5.985 0.2138963810447745
5.995 0.27717766934296145
6.005 0.35849049422547646
6.015 0.45914941778863794
6.025 0.582367838952282
6.035 0.731507150993515
6.045 0.9099751205976659
6.055 1.121097015819373
6.065 1.3692120580748182
6.075 1.6550994978091635
6.085 1.9817409146176237
6.095 2.3505074939647224
6.105 2.7618078627183853
6.115 3.2149195753979725
6.125 3.7078518487446104
6.135 4.237252575423675
6.1450000000000005 4.798371290998321
6.155 5.385087250079395
6.165 5.991221272673566
6.175 6.606441428338041
6.185 7.2222751543517205
6.195 7.82890095030539
6.205 8.416306402106684
6.215 8.974665029883814
6.225 9.494720109995757
6.235 9.968153063081289
6.245 10.387914250514754
6.255 10.748495999527497
6.265 11.046131245726482
6.275 11.278906048435868
6.285 11.446779982018741
6.295 11.551514538269045
6.305 11.5965156683816
6.315 11.586601954676114
6.325 11.527714218345617
6.335 11.426585344087469
6.345 11.290390580382955
6.355 11.126398546452048
6.365 10.941641769420071
6.375 10.742623023438828
6.385 10.535070356491092
6.3950000000000005 10.323749815797056
6.405 10.112340861395843
6.415 9.903375595506336
6.425 9.69823947763709
6.435 9.498347467288248
6.445 9.302431218972153
6.455 9.108088428100611
6.465 8.914035876572907
6.475 8.717833797150405
6.485 8.516850123678157
6.495 8.309582878120443
6.505 8.092010114129373
6.515 7.863025924579667
6.525 7.6214420832783745
6.535 7.366878557610935
6.545 7.100970765482721
6.555 6.823643252062109
6.565 6.538310751022705
6.575 6.248742072306354
6.585 5.959738196826185
6.595 5.677040738838554
6.605 5.407194884271814
6.615 5.157369432054601
6.625 4.9351381176519915
6.635 4.748227944977367
6.6450000000000005 4.60424174520679
6.655 4.5114475523526
6.665 4.4728831929059885
6.675 4.498953016567354
6.685 4.591302488446581
6.695 4.752696013030228
6.705 4.985241283324616
6.715 5.286370423388572
6.725 5.653982701447246
6.735 6.083244709065092
6.745 6.567384244339822
6.755 7.098946654778655
6.765 7.66634736102877
6.775 8.259290050664223
6.785 8.865072205988547
6.795 9.47106929282299
6.805 10.064650553466233
6.815 10.63365875371658
6.825 11.16688329697026
6.835 11.654503267526573
6.845 12.088477349588704
6.855 12.462859395930348
6.865 12.77402163532859
6.875 13.019937609178706
6.885 13.203806069763594
6.8950000000000005 13.327989056227679
6.905 13.39818837043249
6.915 13.421870565215992
6.925 13.40785602137959
6.935 13.365841867711119
6.945 13.305882990261685
6.955 13.237857620548342
6.965 13.17094480573925
6.975 13.112331315019823
6.985 13.070302115313726
6.995 13.048135130456625
