0.005 0.0
0.015 0.0
0.025 0.0
0.034999999999999996 0.0
0.045 0.0
0.055 0.0
0.065 0.0
0.07500000000000001 0.0
0.085 0.0
0.095 0.0
0.10500000000000001 0.0
0.115 0.0
0.125 0.0
0.135 0.0
0.14500000000000002 0.0
0.155 0.0
0.165 0.0
0.17500000000000002 0.0
0.185 0.0
0.195 0.0
0.20500000000000002 0.0
0.215 0.0
0.225 0.0
0.23500000000000001 0.0
0.245 0.0
0.255 0.0
0.265 0.0
0.275 0.0
0.28500000000000003 0.0
0.295 0.0
0.305 0.0
0.315 0.0
0.325 0.0
0.335 0.0
0.34500000000000003 0.0
0.35500000000000004 0.0
0.365 0.0
0.375 0.0
0.385 0.0
0.395 0.0
0.405 0.0
0.41500000000000004 0.0
0.425 0.0
0.435 0.0
0.445 0.0
0.455 0.0
0.465 0.0
0.47500000000000003 0.0
0.485 0.0
0.495 0.0
0.505 0.0
0.515 0.0
0.525 0.0
0.535 0.0
0.545 0.0
0.555 0.0
0.5650000000000001 0.0
0.5750000000000001 0.0
0.585 0.0
0.595 0.0
0.605 0.0
0.615 0.0
0.625 0.0
0.635 0.0
0.645 0.0
0.655 0.0
0.665 0.0
0.675 0.0
0.685 0.0
0.6950000000000001 0.0
0.7050000000000001 0.0
0.715 0.0
0.725 0.0
0.735 0.0
0.745 0.0
0.755 0.0
0.765 0.0
0.775 0.0
0.785 0.0
0.795 0.0
0.805 0.0
0.8150000000000001 0.0
0.8250000000000001 0.0
0.8350000000000001 0.0
0.845 0.0
0.855 0.0
0.865 0.0
0.875 0.0
0.885 0.0
0.895 0.0
0.905 0.0
0.915 0.0
0.925 0.0
0.935 0.0
0.9450000000000001 0.0
0.9550000000000001 0.0
0.965 0.0
0.975 0.0
0.985 0.0
0.995 0.0
1.005 0.0
1.015 0.0
1.025 0.0
1.035 0.0
1.045 0.0
1.055 0.0
1.065 0.0
1.075 0.0
1.085 0.0
1.095 0.0
1.105 0.0
1.115 0.0
1.125 0.0
1.135 0.0
1.145 0.0
1.155 0.0
1.1649999999999998 0.0
1.1749999999999998 0.0
1.1849999999999998 0.0
1.1949999999999998 0.0
1.2049999999999998 0.0
1.2149999999999999 0.0
1.2249999999999999 0.0
1.2349999999999999 0.0
1.2449999999999999 0.0
1.255 0.019088429048248593
1.265 0.02833456230873575
1.275 0.04164087856068454
1.285 0.06058712080295512
1.295 0.08727659623008564
1.305 0.12447219311488415
1.315 0.17575348195714258
1.325 0.24569289027135777
1.335 0.3400464896351453
1.345 0.4659518685807999
1.355 0.6321219551141831
1.365 0.8490196598181629
1.375 1.128994104754804
1.385 1.4863553706544084
1.395 1.9373616311254946
1.405 2.500090830719152
1.4149999999999998 3.1941693302748986
1.4249999999999998 4.040332794682387
1.4349999999999998 5.059800539755714
1.4449999999999998 6.273453895491421
1.4549999999999998 7.700821900606608
1.4649999999999999 9.35889346080794
1.4749999999999999 11.260793191234617
1.4849999999999999 13.41437728511244
1.4949999999999999 15.82082426186
1.505 18.473311400605944
1.515 21.355878972983838
1.525 24.442589046734774
1.535 27.697081967255667
1.545 31.072620557316853
1.555 34.51268934456864
1.565 37.9521844519712
1.575 41.31919093134666
1.585 44.537301032274556
1.595 47.52838271830722
1.605 50.215666691732444
1.615 52.526986363442326
1.625 54.397982321829936
1.635 55.7750738005928
1.645 56.618006094887654
1.655 56.90180503145597
1.665 56.618006094887654
1.6749999999999998 55.7750738005928
1.6849999999999998 54.397982321829936
1.6949999999999998 52.526986363442326
1.7049999999999998 50.215666691732444
1.7149999999999999 47.52838271830722
1.7249999999999999 44.537301032274556
1.7349999999999999 41.31919093134666
1.7449999999999999 37.9521844519712
1.755 34.51268934456864
1.765 31.072620557316853
1.775 27.697081967255667
1.785 24.442589046734774
1.795 21.366730671140925
1.805 18.48941948979497
1.815 15.844496940423245
1.825 13.448820829182978
1.835 11.31040959895853
1.845 9.429655421638728
1.855 7.800737075995598
1.865 6.413129354264276
1.875 5.253115655188766
1.885 4.305224631553252
1.895 3.553528219266161
1.905 2.982755226751532
1.915 2.579190417295538
1.9249999999999998 2.3313426556603227
1.9349999999999998 2.2303767061703774
1.9449999999999998 2.270311636842104
1.9549999999999998 2.44799487724708
1.9649999999999999 2.7628654506913204
1.9749999999999999 3.2165235456417776
1.9849999999999999 3.8121271895110933
1.9949999999999999 4.553640976818305
2.005 5.444966963235658
2.015 6.4889940142423645
2.025 7.686608774831516
2.035 9.035718340466028
2.045 10.530340713498687
2.0549999999999997 12.159823107022001
2.065 13.895517427990569
2.0749999999999997 15.745684078090639
2.085 17.664664723609278
2.0949999999999998 19.62033053688896
2.105 21.57567021539103
2.1149999999999998 23.48980038895253
2.125 25.319283546695583
2.135 27.0197019277984
2.145 28.54741248314476
2.155 29.861388785675302
2.165 30.925042758573397
2.175 31.707913943229794
2.185 32.18711769548349
2.195 32.34845629433609
2.205 32.18711769548349
2.215 31.707913943229794
2.225 30.925042758573397
2.235 29.861388785675302
2.245 28.54741248314476
2.255 27.0197019277984
2.265 25.32664515268489
2.275 23.500727840502847
2.285 21.591729354686226
2.295 19.64369644668963
2.305 17.698323643990296
2.315 15.793687779182049
2.3249999999999997 13.963298170038378
2.335 12.235488114622731
2.3449999999999998 10.633147811324134
2.355 9.173775542758566
2.3649999999999998 7.8698045635062766
2.375 6.72914866952903
2.385 5.755900415208042
2.395 4.951112382629074
2.405 4.313593374043512
2.415 3.8406571667278016
2.425 3.528770641336134
2.435 3.3740597181728886
2.445 3.3726446977750424
2.455 3.520790487415919
2.465 3.8148711074409136
2.475 4.251161224173415
2.485 4.825479741989088
2.495 5.532721239308279
2.505 6.366319793435343
2.515 7.317696043024939
2.525 8.37574172473187
2.535 9.526395975134058
2.545 10.752364096926055
2.555 12.033022114920866
2.565 13.344539411251308
2.5749999999999997 14.660237461485924
2.585 15.951185966193691
2.5949999999999998 17.187019584892735
2.605 18.329702564667915
2.6149999999999998 19.366075214493225
2.625 20.257454211447595
2.635 20.97901883148106
2.645 21.510105221684263
2.655 21.835188831790493
2.665 21.9446381712788
2.675 21.835188831790493
2.685 21.510105221684263
2.695 20.97901883148106
2.705 20.257454211447595
2.715 19.366075214493225
2.725 18.329702564667915
2.735 17.176167886735648
2.745 15.935077877004664
2.755 14.63656478292268
2.765 13.31009586718077
2.775 11.983405707196953
2.785 10.681602136095266
2.795 9.426480799745068
2.805 8.236066265959016
2.815 7.124380927591887
2.8249999999999997 6.101427956564478
2.835 5.173362350317017
2.8449999999999998 4.342815345956708
2.855 3.609332438003371
2.8649999999999998 2.9698838224349995
2.875 2.4194078860003456
2.885 1.9513527207511012
2.895 1.5581867960399918
2.905 1.2318570592256137
2.915 0.9641801107211696
2.925 0.747159074803776
2.935 0.5732248877679124
2.945 0.4354056450872675
2.955 0.3274312515167512
2.965 0.2437829094777162
2.975 0.17969808085322297
2.985 0.13114166013418346
2.995 0.0947534366489796
3.005 0.0677807420478096
3.015 0.048003701091409494
3.025 0.033658920381018684
3.035 0.023365909800671728
3.045 0.01605913929519858
3.055 0.01092745155031596
3.065 0.0073616059893069595
3.075 0.0
3.085 0.0
3.0949999999999998 0.0
3.105 0.0
3.1149999999999998 0.0
3.125 0.0
3.135 0.0
3.145 0.0
3.155 0.0
3.165 0.0
3.175 0.0
3.185 0.0
3.195 0.0
3.205 0.0
3.215 0.0
3.225 0.0
3.235 0.0
3.245 0.0
3.255 0.0
3.265 0.0
3.275 0.0038712618767072515
3.285 0.00574643992869907
3.295 0.008445050416517387
3.305 0.012287475852050662
3.315 0.017700281089674204
3.325 0.02524379846543768
3.335 0.03564398896731991
3.3449999999999998 0.04982817166784056
3.355 0.06896371662148117
3.3649999999999998 0.0944981748187844
3.375 0.12819858669761602
3.385 0.17218690093989597
3.395 0.22896760260978738
3.405 0.30144287238668477
3.415 0.39290997729641086
3.425 0.5070352461590567
3.435 0.647799037038897
3.445 0.819406682327224
3.455 1.0261616020777935
3.465 1.2722986705459058
3.475 1.561778508214428
3.485 1.8980465794965364
3.495 2.28376464467153
3.505 2.7205259925980263
3.515 3.2085696349455888
3.525 3.746511878004381
3.535 4.331115981452224
3.545 4.957121558063915
3.555 5.617154625184342
3.565 6.3017365687286695
3.575 6.9994056705534895
3.585 7.696958426244001
3.5949999999999998 8.379810000319893
3.605 9.032464386769352
3.6149999999999998 9.639075882769747
3.625 10.184075158085282
3.635 10.652826342761474
3.645 11.035472351784081
3.655 11.316303590615005
3.665 11.489483433745301
3.675 11.550211402534604
3.685 11.497122933637556
3.695 11.332397200131696
3.705 11.06169835886669
3.715 10.693955767357211
3.725 10.240999542177338
3.735 9.717077050092378
3.745 9.138282720622906
3.755 8.521937393750866
3.765 7.885954037184391
3.775 7.248224189771858
3.785 6.626054334025197
3.795 6.035674254266772
3.805 5.491831156174231
3.815 5.007474840827603
3.825 4.593531441897788
3.835 4.2587569182018346
3.8449999999999998 4.009657205700653
3.855 3.850459970981986
3.8649999999999998 3.7831232861751536
3.875 3.8073690030694145
3.885 3.920732647621584
3.895 4.118626619871517
3.905 4.394418612566371
3.915 4.739531695692396
3.925 5.143575778675281
3.935 5.594521642952012
3.945 6.078928140380374
3.955 6.582230437919654
3.965 7.089092578962406
3.975 7.583821590201996
3.985 8.050833545414863
3.995 8.475155179635438
4.005 8.842938637707256
4.015 9.14196248924998
4.025 9.362089849116588
4.035 9.495654689411335
4.045 9.537750328349876
4.055 9.486399458738179
4.065 9.34259249057985
4.075 9.110189762159367
4.085 8.793110466039415
4.095 8.406191463013958
4.1049999999999995 7.956335370596078
4.115 7.45562300350438
4.125 6.91690567802251
4.135 6.353262835309867
4.145 5.77748526799369
4.155 5.2016116656556015
4.165 4.636540532516224
4.175 4.094230616675669
4.185 3.5787198596368412
4.195 3.097914243939469
4.205 2.6563625543340503
4.215 2.257011721460365
4.225 1.9013654391113728
4.235 1.5896948523096703
4.245 1.3212831793379025
4.255 1.0946865898544063
4.265 0.9079951530906667
4.275 0.7590798682534186
4.285 0.645814365551532
4.295 0.5662625299690256
4.305 0.518825826307657
4.315 0.5023463509788639
4.325 0.5161635476504269
4.335 0.5601241223689847
4.345 0.6345460615889109
4.355 0.7401389114461263
4.365 0.8778837435738404
4.375 1.0488776156757447
4.385 1.254148892117782
4.395 1.49445151523293
4.405 1.7700481330228695
4.415 2.080493742955043
4.425 2.4244329948782766
4.435 2.803898319326096
4.445 3.208451528700483
4.455 3.634265026233961
4.465 4.080435912889479
4.475 4.536865875513659
4.485 4.997873679224185
4.495 5.451566490366675
4.505 5.890612611469787
4.515 6.306317658656669
4.525 6.6905494098590585
4.535 7.036222826289022
4.545 7.337778353851989
4.555 7.591622921023708
4.565 7.796502714285292
4.575 7.953778641874707
4.585 8.067579357149718
4.595 8.144812596908995
4.605 8.195023038983026
4.615 8.230093423887913
4.625 8.263794774458365
4.635 8.311200620299685
4.645 8.387988647106216
4.655 8.50966065624555
4.665 8.690717726817148
4.675 8.943831697469086
4.685 9.279056293360414
4.695 9.703121262645503
4.705 10.218850682451047
4.715 10.824742148878752
4.725 11.51473696350763
4.735 12.278202848739635
4.745 13.100140454869717
4.755 13.961613376779031
4.765 14.840389123762176
4.775 15.711766153734269
4.785 16.549550463985486
4.795 17.327135148568445
4.805 18.01862859806087
4.815 18.599972349587414
4.825 19.04998853760158
4.835 19.35129974307459
4.845 19.49107077860997
4.855 19.461532235302183
4.865 19.26214491192465
4.875 18.892990082556796
4.885 18.36351462947692
4.895 17.68848025769301
4.905 16.882010862438133
4.915 15.965659741248352
4.925 14.96211106847306
4.935 13.895478679748102
4.945 12.790372095268223
4.955 11.671024050336673
4.965 10.560522000332838
4.975 9.480175499951482
4.985 8.447373147738501
4.995 7.482498617664925
5.005 6.596895129136687
5.015 5.801641054116909
5.025 5.105162020889538
5.035 4.5134276447422765
5.045 4.030202332568853
5.055 3.6573175296063987
5.065 3.394935444921411
5.075 3.241779273606881
5.085 3.1953116936658588
5.095 3.251851324524977
5.105 3.408350465785213
5.115 3.6563245143973306
5.125 3.9900139229489495
5.135 4.40132478804924
5.145 4.880914121239476
5.155 5.418149849890323
5.165 6.001120525131891
5.175 6.6167157105285135
5.185 7.250792471742178
5.195 7.888435977700729
5.205 8.514313532639001
5.215 9.113112103020502
5.225 9.670040391199237
5.235 10.171368569906749
5.245 10.601989282655108
5.255 10.958877259756346
5.265 11.230261005551526
5.275 11.411702369373927
5.285 11.501841633012525
5.295 11.500998245630397
5.305 11.41740860147706
5.315 11.256538452176358
5.325 11.028373187114813
5.335 10.746275904571654
5.345 10.420763882181415
5.355 10.066385947293746
5.365 9.696431225382616
5.375 9.323336313002976
5.385 8.958110927263137
5.395 8.60987778365076
5.405 8.285553388243454
5.415 7.989685781706292
5.425 7.7244536557968875
5.435 7.489819604151108
5.445 7.283819468544833
5.455 7.102960602643511
5.465 6.942695042457355
5.475 6.7979294889884905
5.485 6.663532888450661
5.495 6.534804218868457
5.505 6.407867615982836
5.515 6.279968758937532
5.525 6.1496548971272755
5.535 6.016830342058126
5.545 5.88268893479307
5.555 5.749534204593079
5.565 5.620505996422039
5.575 5.4992387133086
5.585 5.389480589445524
5.595 5.294705345831394
5.605 5.2177471256806705
5.615 5.16048688081659
5.625 5.12361366199983
5.635 5.1064779690929
5.645 5.107046954951746
5.655 5.121963424754445
5.665 5.146702823517037
5.675 5.174557326106191
5.685 5.20240355246159
5.695 5.222084639089021
5.705 5.22617262199192
5.715 5.211845511815269
5.725 5.1723506695627535
5.735 5.103843219634972
5.745 5.00373095500021
5.755 4.870800936826726
5.765 4.705258831209595
5.775 4.508683097835189
5.785 4.28390191348697
5.795 4.034805553896111
5.805 3.7661105338115517
5.815 3.4830939080297316
5.825 3.1913166973265517
5.835 2.896354494506201
5.845 2.603551123252282
5.855 2.3178080592055013
5.865 2.0434185329815167
5.875 1.7839511947192879
5.885 1.5421842885521904
5.895 1.3200877726075095
5.905 1.1188479608475728
5.915 0.9377765003359065
5.925 0.7793900667250264
5.935 0.6413091590459444
5.945 0.5224407854068396
5.955 0.4213701434694063
5.965 0.3364708936612865
5.975 0.26600408027714323
5.985 0.2082026008237742
5.995 0.16133963029674797
6.005 0.12378072433056987
6.015 0.09402038759409548
6.025 0.07070467166739304
6.035 0.05264186143778004
6.045 0.03880354653727294
6.055 0.028318396545083363
6.065 0.02046081611510588
6.075 0.01463640104499146
6.085 0.010365797121580332
6.095 0.007268221659339986
6.105 0.005045575133752607
6.115 0.003467769694762493
6.125 0.0023596460950121253
6.135 0.0015896464739012068
6.1450000000000005 0.0
6.155 0.0
6.165 0.0
6.175 0.0
6.185 0.0
6.195 0.001202092320190654
6.205 0.0017843668361184474
6.215 0.0038171654793282177
6.225 0.005589062501491911
6.235 0.008102734947293914
6.245 0.011631059022234954
6.255 0.01653111377282964
6.265 0.023263789615507124
6.275 0.03241563683471936
6.285 0.044722354220109194
6.295 0.061092937281800194
6.305 0.08263306217970588
6.315 0.11066579698968415
6.325 0.14674724063394612
6.335 0.19267423986572257
6.345 0.2504809869830538
6.355 0.3224211259605353
6.365 0.4109320671179851
6.375 0.5185786013017797
6.385 0.6479736712782842
6.3950000000000005 0.8028077037506671
6.405 0.9837413957679808
6.415 1.193648410843929
6.425 1.4341806215865378
6.435 1.7063585495814675
6.445 2.010408191561873
6.455 2.345610602472013
6.465 2.7101765240496487
6.475 3.101158679218205
6.485 3.514413639411474
6.495 3.9446232969824315
6.505 4.3853829253661125
6.515 4.829358696402415
6.525 5.268512588146619
6.535 5.69438722038598
6.545 6.098437758761305
6.555 6.473474017903593
6.565 6.810229523794272
6.575 7.102858784097157
6.585 7.346126385451186
6.595 7.536383316176648
6.605 7.67174106145107
6.615 7.752150696365957
6.625 7.77938009214378
6.635 7.756889965589829
6.6450000000000005 7.69069810256533
6.655 7.585285675535646
6.665 7.448392216118252
6.675 7.287512595099685
6.685 7.110241254959588
6.695 6.923919742898704
6.705 6.735331775512101
6.715 6.550464060710455
6.725 6.374344539752202
6.735 6.210962354762496
6.745 6.063266440773316
6.755 5.933232918725483
6.765 5.821986067298994
6.775 5.729954057954792
6.785 5.657039123895965
6.795 5.602782445681671
6.805 5.567638965482935
6.815 5.549103382853573
6.825 5.5471633925819255
6.835 5.561045847187758
6.845 5.589954715292681
6.855 5.633020796982018
6.865 5.689230056787206
6.875 5.7573441936562
6.885 5.835827479847502
6.8950000000000005 5.9227927561157685
6.905 6.015976979051864
6.915 6.112753210155008
6.925 6.210181824913153
6.935 6.305099443089238
6.945 6.394240061293344
6.955 6.474379473099452
6.965 6.5424915738773315
6.975 6.595903750081122
6.985 6.6336331577765115
6.995 6.652301528479385
