0.005 0.0
0.015 0.0
0.025 0.0
0.034999999999999996 0.0
0.045 0.0
0.055 0.0
0.065 0.0
0.07500000000000001 0.0
0.085 0.0
0.095 0.0
0.10500000000000001 0.0
0.115 0.0
0.125 0.0
0.135 0.0
0.14500000000000002 0.0
0.155 0.0
0.165 0.0
0.17500000000000002 0.0
0.185 0.0
0.195 0.0
0.20500000000000002 0.0
0.215 0.0
0.225 0.0
0.23500000000000001 0.0
0.245 0.0
0.255 0.0
0.265 0.0
0.275 0.0
0.28500000000000003 0.0
0.295 0.0
0.305 0.0
0.315 0.0
0.325 0.0
0.335 0.0
0.34500000000000003 0.0
0.35500000000000004 0.0
0.365 0.0
0.375 0.0
0.385 0.0
0.395 0.0
0.405 0.0
0.41500000000000004 0.0
0.425 0.0
0.435 0.0
0.445 0.0
0.455 0.0
0.465 0.0
0.47500000000000003 0.0
0.485 0.0
0.495 0.0
0.505 0.0
0.515 0.0
0.525 0.0
0.535 0.0
0.545 0.0
0.555 0.0
0.5650000000000001 0.0
0.5750000000000001 0.0
0.585 0.0
0.595 0.0
0.605 0.0
0.615 0.0
0.625 0.0
0.635 0.0
0.645 0.0
0.655 0.0
0.665 0.0
0.675 0.0
0.685 0.0
0.6950000000000001 0.0
0.7050000000000001 0.0
0.715 0.0
0.725 0.0
0.735 0.0
0.745 0.0
0.755 0.0
0.765 0.0
0.775 0.0
0.785 0.0
0.795 0.0
0.805 0.0
0.8150000000000001 0.0
0.8250000000000001 0.0
0.8350000000000001 0.0
0.845 0.0
0.855 0.0
0.865 0.0
0.875 0.0
0.885 0.0
0.895 0.0
0.905 0.0
0.915 0.0
0.925 0.0
0.935 0.0
0.9450000000000001 0.0
0.9550000000000001 0.0
0.965 0.0
0.975 0.0
0.985 0.0
0.995 0.0
1.005 0.0
1.015 0.0
1.025 0.0
1.035 0.0
1.045 0.0
1.055 0.0
1.065 0.0
1.075 0.0
1.085 0.0
1.095 0.0
1.105 0.0
1.115 0.0
1.125 0.0
1.135 0.0
1.145 0.0
1.155 0.0
1.1649999999999998 0.0
1.1749999999999998 0.0
1.1849999999999998 0.0
1.1949999999999998 0.0
1.2049999999999998 0.0
1.2149999999999999 0.0
1.2249999999999999 0.0
1.2349999999999999 0.0
1.2449999999999999 0.0
1.255 0.0
1.265 0.0
1.275 0.0
1.285 0.0
1.295 0.0
1.305 0.0
1.315 0.0
1.325 0.0
1.335 0.0
1.345 0.0
1.355 0.0
1.365 0.0
1.375 0.0
1.385 0.0
1.395 0.0
1.405 0.0
1.4149999999999998 0.0
1.4249999999999998 0.0
1.4349999999999998 0.0
1.4449999999999998 0.0
1.4549999999999998 0.0
1.4649999999999999 0.0
1.4749999999999999 0.0
1.4849999999999999 0.0
1.4949999999999999 0.0
1.505 0.0
1.515 0.0
1.525 0.0
1.535 0.0
1.545 0.0
1.555 0.0
1.565 0.0
1.575 0.0
1.585 0.0
1.595 0.0
1.605 0.0
1.615 0.0
1.625 0.0
1.635 0.0
1.645 0.0
1.655 0.0
1.665 0.0
1.6749999999999998 0.0
1.6849999999999998 0.0
1.6949999999999998 0.0
1.7049999999999998 0.0
1.7149999999999999 0.0
1.7249999999999999 0.0
1.7349999999999999 0.0
1.7449999999999999 0.0
1.755 0.0
1.765 0.0
1.775 0.0
1.785 0.0
1.795 0.0
1.805 0.0
1.815 0.0
1.825 0.0
1.835 0.01046674698761889
1.845 0.015536673758790571
1.855 0.022832918263477456
1.865 0.03322170004403882
1.875 0.047856324287969355
1.885 0.06825176388452286
1.895 0.09637080260448344
1.905 0.1347206369171099
1.915 0.18645749013932592
1.9249999999999998 0.2554951119610839
1.9349999999999998 0.3466110570322808
1.9449999999999998 0.4655424469121687
1.9549999999999998 0.619060668382559
1.9649999999999999 0.8150123595296913
1.9749999999999999 1.0623123550532163
1.9849999999999999 1.3708733235752706
1.9949999999999999 1.7514569759037846
2.005 2.2154332868790902
2.015 2.7744374313662923
2.025 3.439919256667458
2.035 4.222587109008808
2.045 5.1317565049883145
2.0549999999999997 6.174624057047193
2.065 7.355497546961118
2.0749999999999997 8.675023191584458
2.085 10.129459892425183
2.0949999999999998 11.710056461086369
2.105 13.402590366544127
2.1149999999999998 15.187124540937827
2.125 17.03803161557506
2.135 18.92432249499518
2.145 20.810298808883555
2.155 22.656527476324886
2.165 24.421111880812774
2.175 26.061209929105377
2.185 27.53472675768409
2.195 28.80209130351157
2.205 29.828013408562818
2.215 30.58311316300486
2.225 31.0453177283872
2.235 31.200933031087473
2.245 31.0453177283872
2.255 30.58311316300486
2.265 29.828013408562818
2.275 28.80209130351157
2.285 27.53472675768409
2.295 26.061209929105377
2.305 24.421111880812774
2.315 22.656527476324886
2.3249999999999997 20.810298808883555
2.335 18.92432249499518
2.3449999999999998 17.03803161557506
2.355 15.187124540937827
2.3649999999999998 13.402590366544127
2.375 11.710056461086369
2.385 10.129459892425183
2.395 8.675023191584458
2.405 7.355497546961118
2.415 6.174624057047193
2.425 5.1317565049883145
2.435 4.222587109008808
2.445 3.439919256667458
2.455 2.7744374313662923
2.465 2.2154332868790902
2.475 1.7514569759037846
2.485 1.3708733235752706
2.495 1.0623123550532163
2.505 0.8150123595296913
2.515 0.619060668382559
2.525 0.4655424469121687
2.535 0.3466110570322808
2.545 0.2554951119610839
2.555 0.18645749013932592
2.565 0.1347206369171099
2.5749999999999997 0.09637080260448344
2.585 0.06825176388452286
2.5949999999999998 0.047856324287969355
2.605 0.03322170004403882
2.6149999999999998 0.022832918263477456
2.625 0.015536673758790571
2.635 0.01046674698761889
2.645 0.0
2.655 0.0
2.665 0.0
2.675 0.0
2.685 0.0
2.695 0.0
2.705 0.0
2.715 0.0
2.725 0.0
2.735 0.0
2.745 0.0
2.755 0.0
2.765 0.0
2.775 0.0
2.785 0.0
2.795 0.0
2.805 0.0
2.815 0.0
2.8249999999999997 0.0
2.835 0.0
2.8449999999999998 0.0
2.855 0.0
2.8649999999999998 0.0
2.875 0.0
2.885 0.0
2.895 0.0
2.905 0.0
2.915 0.0
2.925 0.0
2.935 0.0
2.945 0.0
2.955 0.0
2.965 0.0
2.975 0.0
2.985 0.0
2.995 0.0
3.005 0.0
3.015 0.0
3.025 0.0
3.035 0.0
3.045 0.0
3.055 0.0
3.065 0.0
3.075 0.0
3.085 0.0
3.0949999999999998 0.0
3.105 0.0
3.1149999999999998 0.0
3.125 0.0
3.135 0.0
3.145 0.0
3.155 0.0
3.165 0.0
3.175 0.0
3.185 0.0
3.195 0.004045474202644627
3.205 0.006005037951184071
3.215 0.008825089773857703
3.225 0.012840429854197841
3.235 0.01849681907562939
3.245 0.026379805531407296
3.255 0.037248019493140244
3.265 0.05207051071901443
3.275 0.0720671825869852
3.285 0.09875072795425446
3.295 0.1339677066078072
3.305 0.17993555795769556
3.315 0.23927147248099426
3.325 0.3150082331419729
3.335 0.41059148870246165
3.3449999999999998 0.5298525580275916
3.355 0.6769509209921799
3.3649999999999998 0.8562811559648154
3.375 1.072340343061767
3.385 1.3295539319417997
3.395 1.6320607766789064
3.405 1.9834613925168376
3.415 2.386537322757616
3.425 2.8429535565391957
3.435 3.3529598613984026
3.445 3.9151102754277813
3.455 4.526022400357448
3.465 5.180199124007132
3.475 5.86993462394681
3.485 6.58532373488975
3.495 7.314388944969307
3.505 8.046761239258617
3.515 8.762002903278436
3.525 9.446417753595508
3.535 10.083730761719117
3.545 10.658049751575714
3.555 11.154576488460247
3.565 11.560314031307069
3.575 11.864728130274372
3.585 12.060321378309625
3.5949999999999998 12.143082970452653
3.605 12.11278401107515
3.6149999999999998 11.973097762404997
3.625 11.731535234871675
3.635 11.399198120392319
3.645 10.990362264068061
3.655 10.521914732610206
3.665 10.012675320535928
3.675 9.482638543029077
3.685 8.952174598463747
3.695 8.441227542490047
3.705 7.968546357514412
3.715 7.550980273983701
3.725 7.202864248827966
3.735 6.93551457777403
3.745 6.756848769061824
3.755 6.671138436869079
3.765 6.678899290998872
3.775 6.776918318622235
3.785 6.958414826354824
3.795 7.213328887259045
3.805 7.5287276416031
3.815 7.889316607355748
3.825 8.278039558179568
3.835 8.676746674434307
3.8449999999999998 9.066906789543701
3.855 9.430336013986519
3.8649999999999998 9.74991229584822
3.875 10.010244070453222
3.885 10.198261504888482
3.895 10.303701260915894
3.905 10.31946028383786
3.915 10.241800736895073
3.925 10.070396457649801
3.935 9.808220617465368
3.945 9.461283868237656
3.955 9.038241344359687
3.965 8.549894661370306
3.975 8.008620843215985
3.985 7.427763440165936
3.995 6.821021738496626
4.005 6.1991737096613
4.015 5.5812681105801385
4.025 4.974953433837986
4.035 4.390380995864619
4.045 3.835945734459676
4.055 3.3181785754706756
4.065 2.8443610473817813
4.075 2.4133850547395657
4.085 2.0283861530863043
4.095 1.689369697045937
4.1049999999999995 1.3952135289456864
4.115 1.1439397961430862
4.125 0.9329887453607645
4.135 0.7594807726407037
4.145 0.6204559958065202
4.155 0.5130836298406607
4.165 0.43483619860175743
4.175 0.38362590888521353
4.185 0.3579022402695417
4.195 0.35671095536901576
4.205 0.37971538140912453
4.215 0.4271810910677983
4.225 0.4999251950382033
4.235 0.5992315430723116
4.245 0.7267333962621072
4.255 0.8842657281793381
4.265 1.0736903277870895
4.275 1.2966983330135795
4.285 1.5545966605901809
4.295 1.8480868743232033
4.305 2.1770471370136866
4.315 2.538042911983109
4.325 2.934078037290752
4.335 3.358160241836573
4.345 3.8052940831876323
4.355 4.269058354077866
4.365 4.74168841010195
4.375 5.21423964841742
4.385 5.676831695087504
4.395 6.118966911374358
4.405 6.5299107593814165
4.415 6.899115927492965
4.425 7.216667468897609
4.435 7.473723062643456
4.445 7.662921262740478
4.455 7.778731486929442
4.465 7.817722540767355
4.475 7.778731486929442
4.485 7.662921262740478
4.495 7.473723062643456
4.505 7.216667468897609
4.515 6.899115927492965
4.525 6.532066293426873
4.535 6.122166552034426
4.545 5.681533932825006
4.555 5.223210875703936
4.565 4.754705010748108
4.575 4.289872096983095
4.585 3.83503556798027
4.595 3.400249569118796
4.605 2.9930683552822464
4.615 2.619925472061802
4.625 2.2861842767588962
4.635 1.9962572644805525
4.645 1.7537785945098097
4.655 1.561811310145633
4.665 1.4230691111525409
4.675 1.3401321270441557
4.685 1.3156368536725989
4.695 1.3524221332037127
4.705 1.4536156566200984
4.715 1.6226488404658461
4.725 1.8631919839774538
4.735 2.1790062644351575
4.745 2.5737142815188774
4.755 3.0504963848001396
4.765 3.6117257234507623
4.775 4.258560580210201
4.785 4.990517748874439
4.795 5.805055072159167
4.805 6.697194317850755
4.815 7.65921687907832
4.825 8.68046393865272
4.835 9.747269454639081
4.845 10.843048498432873
4.855 11.948555225916078
4.865 13.042314456900762
4.875 14.101348898448084
4.885 15.104779279961804
4.895 16.02457188581775
4.905 16.839174924350363
4.915 17.52770721928745
4.925 18.0721511748661
4.935 18.458210425654357
4.945 18.676028755170755
4.955 18.720725674717418
4.965 18.592714845022964
4.975 18.297784930772302
4.985 17.846937371309735
4.995 17.255990655927256
5.005 16.544974729227505
5.015 15.737350973483123
5.025 14.85910192782017
5.035 13.937739960826812
5.045 13.001285358850911
5.055 12.07726196300647
5.065 11.191753161959596
5.075 10.368553555645265
5.085 9.628442913547694
5.095 8.98860013403064
5.105 8.462166628288987
5.115 8.057961550336522
5.125 7.78034594214836
5.135 7.629229230793504
5.145 7.6002093956830254
5.155 7.684837097250213
5.165 7.8709935766961605
5.175 8.14337163281905
5.185 8.484047972699422
5.195 8.873133404877688
5.205 9.289484611591135
5.215 9.711457763978952
5.225 10.117680422489624
5.235 10.4878145565756
5.245 10.80328077092473
5.255 11.04954751297559
5.265 11.210937139695751
5.275 11.278833677474136
5.285 11.247235199105067
5.295 11.113966635174986
5.305 10.880634674965826
5.315 10.552419965242148
5.325 10.137721184752252
5.335 9.646236764591768
5.345 9.094629296760276
5.355 8.49564126356368
5.365 7.863604332496369
5.375 7.217812057843145
5.385 6.570393879367092
5.395 5.9394047170654805
5.405 5.336227985499309
5.415 4.772687405803165
5.425 4.258721300755678
5.435 3.802265893871472
5.445 3.4092242591002764
5.455 3.0835057412781994
5.465 2.8271185069727744
5.475 2.640297792522844
5.485 2.5216541529933423
5.495 2.468329171113938
5.505 2.47615013084345
5.515 2.539779515274946
5.525 2.652859285048132
5.535 2.8081532352093848
5.545 2.9976929400484327
5.555 3.212933655472547
5.565 3.444926006032616
5.575 3.6845074565852425
5.585 3.92251472427998
5.595 4.150014808373234
5.605 4.358548656967393
5.615 4.540378123202663
5.625 4.688724225791336
5.635 4.797983173295461
5.645 4.8639063683003165
5.655 4.883731758449564
5.665 4.856256371572139
5.675 4.781843440571837
5.685 4.661108612024211
5.695 4.498984226613466
5.705 4.301017591449311
5.715 4.070849271393437
5.725 3.814660400536399
5.735 3.539026339153113
5.745 3.2506391673324524
5.755 2.956043278494481
5.765 2.6613982534548826
5.775 2.372280298582455
5.785 2.0935300155614756
5.795 1.8291504861925596
5.805 1.582255948010915
5.815 1.355068008540271
5.825 1.1489536330522458
5.835 0.9644971938039955
5.845 0.8015977495338545
5.855 0.659582410136163
5.865 0.5373270403695981
5.875 0.43337652498591644
5.885 0.34605818403083266
5.895 0.2735835125702327
5.905 0.21413505687687234
5.915 0.1659367883657228
5.925 0.12730769135406686
5.935 0.09669937342467753
5.945 0.07271930719911039
5.955 0.05414182122837479
5.965 0.03990920195956791
5.975 0.029125291571049483
5.985 0.02104381984288413
5.995 0.015053445815956763
6.005 0.010661156716685277
6.015 0.00747531996362441
6.025 0.005189342082989363
6.035 0.003566579177617401
6.045 0.002426881070483794
6.055 0.0016349413348158571
6.065 0.0
6.075 0.0
6.085 0.0
6.095 0.0
6.105 0.0
6.115 0.0
6.125 0.0
6.135 0.0
6.1450000000000005 0.0
6.155 0.0
6.165 0.0
6.175 0.0
6.185 0.0
6.195 0.0
6.205 0.0
6.215 0.0
6.225 0.0
6.235 0.0
6.245 0.0
6.255 0.0011805144413655811
6.265 0.001752336973916902
6.275 0.002575259512859118
6.285 0.0037469804816238675
6.295 0.005397577872040878
6.305 0.007697921141082502
6.315 0.010869387053605054
6.325 0.015194755124848743
6.335 0.021030006750963743
6.345 0.02881656255999658
6.355 0.03909326926958439
6.365 0.052507200403199006
6.375 0.06982208129913858
6.385 0.09192291181341684
6.3950000000000005 0.11981517064135087
6.405 0.15461687931099954
6.415 0.1975418203889607
6.425 0.24987238080145432
6.435 0.3129208586266052
6.445 0.38797864937703147
6.455 0.4762535167808665
6.465 0.5787961312981584
6.475 0.6975243486295286
6.485 0.8312475018434833
6.495 0.9808441215589293
6.505 1.145983805750982
6.515 1.3258014191241838
6.525 1.5188529518871177
6.535 1.7230971945513436
6.545 1.9359086807322772
6.555 2.1541258021461913
6.565 2.3741358634862926
6.575 2.593070912315168
6.585 2.8051830711757773
6.595 3.007138642267213
6.605 3.195108072123423
6.615 3.3656888277708785
6.625 3.5171784766554417
6.635 3.6459734148450877
6.6450000000000005 3.7518258756362233
6.655 3.834834005224769
6.665 3.8962046513880435
6.675 3.9382390905905877
6.685 3.9642569341160323
6.695 3.9784609670599886
6.705 3.9857498555743076
6.715 3.9914893532409774
6.725 4.00236168978649
6.735 4.022207259892877
6.745 4.057023324034052
6.755 4.111520100243727
6.765 4.189649565760389
6.775 4.294440362105135
6.785 4.427883781805191
6.795 4.590874113413149
6.805 4.783202704855977
6.815 5.0036015323861545
6.825 5.249829131839197
6.835 5.518789678788085
6.845 5.806674912679119
6.855 6.10911849686703
6.865 6.421353197238865
6.875 6.738362764594191
6.885 7.055022376313712
6.8950000000000005 7.366223658529913
6.905 7.666982404860535
6.915 7.9525289049106025
6.925 8.218382133775942
6.935 8.460409852705798
6.945 8.67605745052028
6.955 8.86023638945373
6.965 9.010973585769097
6.975 9.126023938918992
6.985 9.203681737566605
6.995 9.24279920292539
