0.005 0.0
0.015 0.0
0.025 0.0
0.034999999999999996 0.0
0.045 0.0
0.055 0.0
0.065 0.0
0.07500000000000001 0.0
0.085 0.0
0.095 0.0
0.10500000000000001 0.0
0.115 0.0
0.125 0.0
0.135 0.0
0.14500000000000002 0.0
0.155 0.0
0.165 0.0
0.17500000000000002 0.0
0.185 0.0
0.195 0.0
0.20500000000000002 0.0
0.215 0.0
0.225 0.0
0.23500000000000001 0.0
0.245 0.0
0.255 0.0
0.265 0.0
0.275 0.0
0.28500000000000003 0.0
0.295 0.0
0.305 0.0
0.315 0.0
0.325 0.0
0.335 0.0
0.34500000000000003 0.0
0.35500000000000004 0.0
0.365 0.0
0.375 0.0
0.385 0.0
0.395 0.0
0.405 0.0
0.41500000000000004 0.0
0.425 0.0
0.435 0.0
0.445 0.0
0.455 0.0
0.465 0.0
0.47500000000000003 0.0
0.485 0.0
0.495 0.0
0.505 0.0
0.515 0.0
0.525 0.0
0.535 0.0
0.545 0.0
0.555 0.0
0.5650000000000001 0.0
0.5750000000000001 0.0
0.585 0.0
0.595 0.0
0.605 0.0
0.615 0.0
0.625 0.0
0.635 0.0
0.645 0.0
0.655 0.0
0.665 0.0
0.675 0.0
0.685 0.0
0.6950000000000001 0.0
0.7050000000000001 0.0
0.715 0.0
0.725 0.0
0.735 0.0
0.745 0.0
0.755 0.0
0.765 0.0
0.775 0.0
0.785 0.0
0.795 0.0
0.805 0.0
0.8150000000000001 0.0
0.8250000000000001 0.0
0.8350000000000001 0.0
0.845 0.0
0.855 0.0
0.865 0.0
0.875 0.0
0.885 0.0
0.895 0.0
0.905 0.0
0.915 0.0
0.925 0.0
0.935 0.0
0.9450000000000001 0.0
0.9550000000000001 0.0
0.965 0.0
0.975 0.0
0.985 0.0
0.995 0.0
1.005 0.0
1.015 0.0
1.025 0.0
1.035 0.0
1.045 0.0
1.055 0.0
1.065 0.0
1.075 0.0
1.085 0.0
1.095 0.0
1.105 0.0
1.115 0.0
1.125 0.0
1.135 0.0
1.145 0.0
1.155 0.0
1.1649999999999998 0.0
1.1749999999999998 0.0
1.1849999999999998 0.0
1.1949999999999998 0.0
1.2049999999999998 0.0
1.2149999999999999 0.0
1.2249999999999999 0.0
1.2349999999999999 0.0
1.2449999999999999 0.0
1.255 0.0
1.265 0.0
1.275 0.0
1.285 0.0
1.295 0.0
1.305 0.0
1.315 0.0
1.325 0.0
1.335 0.0
1.345 0.0
1.355 0.0
1.365 0.0
1.375 0.0
1.385 0.0
1.395 0.0
1.405 0.0
1.4149999999999998 0.0
1.4249999999999998 0.0
1.4349999999999998 0.0
1.4449999999999998 0.015359380571318587
1.4549999999999998 0.022799221702403134
1.4649999999999999 0.03350606273156342
1.4749999999999999 0.04875103361208365
1.4849999999999999 0.07022654682995977
1.4949999999999999 0.10015574250588108
1.505 0.14141889881513373
1.515 0.19769518988736512
1.525 0.2736162013670973
1.535 0.37492514755194983
1.545 0.5086328294247727
1.555 0.6831581600935931
1.565 0.9084377804937909
1.575 1.1959862042287348
1.585 1.5588854651953272
1.595 2.011681864171151
1.605 2.5701676250528003
1.615 3.251027566042678
1.625 4.071335671921193
1.635 5.0478939693738045
1.645 6.196416372682814
1.655 7.530572894586269
1.665 9.060924171491994
1.6749999999999998 10.793791638301302
1.6849999999999998 12.730123583017106
1.6949999999999998 14.864430147562024
1.7049999999999998 17.183869440066626
1.7149999999999999 19.66757067164668
1.7249999999999999 22.29785568978962
1.7349999999999999 25.01956931046007
1.7449999999999999 27.795669507841414
1.755 30.57472908940517
1.765 33.30015795509496
1.775 35.91215098067766
1.785 38.35001097869515
1.795 40.554739514688364
1.805 42.47175965302094
1.815 44.053614435113424
1.825 45.26247541803798
1.835 46.07229836910865
1.845 46.47047854951704
1.855 46.4588850619692
1.865 46.0541904924648
1.875 45.28745562872873
1.885 44.202975857010124
1.895 42.85644215946584
1.905 41.312511851857046
1.915 39.641919233680085
1.9249999999999998 37.91828188902765
1.9349999999999998 36.214773160480874
1.9449999999999998 34.60083500463209
1.9549999999999998 33.13909862399682
1.9649999999999999 31.88266428155588
1.9749999999999999 30.872868349338262
1.9849999999999999 30.137636952110462
1.9949999999999999 29.690493561031204
2.005 29.530254405060383
2.015 29.64141215528526
2.025 29.99517625966396
2.035 30.551108578786682
2.045 31.259266456611307
2.0549999999999997 32.06274285083788
2.065 32.90047544815079
2.0749999999999997 33.71018462578604
2.085 34.43129449887964
2.0949999999999998 35.00769279927156
2.105 35.39019439394316
2.1149999999999998 35.538589890851085
2.125 35.42318448446149
2.135 35.025761846715945
2.145 34.33994175817261
2.155 33.370936082652356
2.165 32.13474307519393
2.175 30.65685224963073
2.185 28.970558675044735
2.195 27.115004623969956
2.205 25.133076630758453
2.215 23.0692867178125
2.225 20.96775815090353
2.235 18.870419738686362
2.245 16.815490202614594
2.255 14.82606341346918
2.265 12.953767512043838
2.275 11.205297677691581
2.285 9.596386999396959
2.295 8.136716118779805
2.305 6.830423471915684
2.315 5.676794208033234
2.3249999999999997 4.671063021021412
2.335 3.805268954863688
2.3449999999999998 3.069107103117831
2.355 2.450731798949196
2.3649999999999998 1.9374771205074253
2.375 1.5164721349609487
2.385 1.175139276079502
2.395 0.9015738446585136
2.405 0.6848103594313651
2.415 0.5149871517979664
2.425 0.3834242016526872
2.435 0.2826309413456448
2.445 0.20626091651824185
2.455 0.1490291541717136
2.465 0.10660622995593426
2.475 0.07550070186126134
2.485 0.05293908708872446
2.495 0.0367501369575302
2.505 0.025257975125010382
2.515 0.017186805243052952
2.525 0.011578407630702564
2.535 0.0
2.545 0.0
2.555 0.0
2.565 0.0
2.5749999999999997 0.0
2.585 0.0
2.5949999999999998 0.0
2.605 0.0
2.6149999999999998 0.0
2.625 0.0
2.635 0.0
2.645 0.0
2.655 0.0
2.665 0.0
2.675 0.0
2.685 0.0
2.695 0.0
2.705 0.0
2.715 0.0
2.725 0.0
2.735 0.0
2.745 0.0
2.755 0.0
2.765 0.0
2.775 0.0
2.785 0.0
2.795 0.0
2.805 0.0
2.815 0.0
2.8249999999999997 0.0
2.835 0.0
2.8449999999999998 0.0
2.855 0.0
2.8649999999999998 0.0
2.875 0.0
2.885 0.0
2.895 0.0
2.905 0.0
2.915 0.0
2.925 0.0
2.935 0.0
2.945 0.0
2.955 0.0
2.965 0.0
2.975 0.0
2.985 0.0
2.995 0.0
3.005 0.0
3.015 0.0
3.025 0.0
3.035 0.0
3.045 0.0
3.055 0.004379969627639723
3.065 0.006501557671982165
3.075 0.009554782266420541
3.085 0.013902126166188127
3.0949999999999998 0.024306494081268573
3.105 0.034914579449819454
3.1149999999999998 0.04966515604135211
3.125 0.06996163145704863
3.135 0.09759640968100126
3.145 0.1348267940521579
3.155 0.18445468867312098
3.165 0.24990617594202894
3.175 0.33530555625987857
3.185 0.44960494379129423
3.195 0.5923229888095337
3.205 0.7729168039848703
3.215 0.9989955622851874
3.225 1.2789742694315687
3.235 1.6219563061373035
3.245 2.0375496047329555
3.255 2.5356106086812638
3.265 3.1259139100848654
3.275 3.8177502897935165
3.285 4.6194615974667
3.295 5.537927166229621
3.305 6.578022788858391
3.315 7.742079116240143
3.325 9.029371042370673
3.335 10.435672585349675
3.3449999999999998 11.95291240950871
3.355 13.568963061488187
3.3649999999999998 15.267592035813172
3.375 17.028595038943557
3.385 18.828121676869895
3.395 20.63919192787557
3.405 22.432389095060802
3.415 24.176702534445297
3.425 25.840482442284504
3.435 27.39246040078303
3.445 28.802784066196942
3.455 30.044012875168583
3.465 31.092024107493486
3.475 31.926784839768153
3.485 32.536418700569314
3.495 32.90543738631435
3.505 33.031433952263356
3.515 32.91507700852209
3.525 32.56225615012706
3.535 31.98375363920674
3.545 31.194781715500223
3.555 30.21441793764555
3.565 29.064971516540957
3.575 27.771311627252587
3.585 26.360184779563777
3.5949999999999998 24.859543213024665
3.605 23.29790070063362
3.6149999999999998 21.703726759824946
3.625 20.10488559819163
3.635 18.528122498548825
3.645 16.998597918527523
3.655 15.539468322003565
3.665 14.171512525989042
3.675 12.91280291388834
3.685 11.778421982033699
3.695 10.780226106045829
3.705 9.926659919436904
3.715 9.222626104362334
3.725 8.66941654475681
3.735 8.264711539857196
3.745 8.002653978531281
3.755 7.874004888982434
3.765 7.866385470309096
3.775 7.964608478176897
3.785 8.15109863256912
3.795 8.406397589411096
3.805 8.70974413661067
3.815 9.03971493689247
3.825 9.374905767235667
3.835 9.69462831492104
3.8449999999999998 9.979593744026426
3.855 10.212551981603673
3.8649999999999998 10.375934093214962
3.875 10.467849653881286
3.885 10.471529214957641
3.895 10.384534253406455
3.905 10.20329037819243
3.915 9.937275383228164
3.925 9.588407114778443
3.935 9.165718867034164
3.945 8.680601038854343
3.955 8.146249822751862
3.965 7.577077786284309
3.975 6.988121468811201
3.985 6.394478352786622
3.995 5.810793856414799
4.005 5.253090591239865
4.015 4.731964641470988
4.025 4.258831015906821
4.035 3.8435277786437454
4.045 3.4942615040054275
4.055 3.2176162719985015
4.065 3.018608163987634
4.075 2.900766411485637
4.085 2.866223621968202
4.095 2.915800549906649
4.1049999999999995 3.0490752329397397
4.115 3.264431400253802
4.125 3.5590862669527827
4.135 3.9291025585893
4.145 4.3693933478439
4.155 4.87373064442661
4.165 5.434769440446149
4.175 6.044098044370213
4.185 6.692323192277552
4.195 7.369194928332769
4.205 8.063772050018914
4.215 8.764624546444495
4.225 9.460065461090764
4.235 10.13840147030993
4.245 10.788189556408776
4.255 11.398486676068686
4.265 11.959080296847938
4.275 12.46068991929582
4.285 12.89513287442351
4.295 13.25314087491112
4.305 13.534475273115925
4.315 13.731507511078853
4.325 13.84143322900933
4.335 13.862818995005597
4.345 13.795594704018981
4.355 13.641032743899121
4.365 13.40171680670964
4.375 13.081500582669896
4.385 12.685454059132407
4.395 12.21979321935197
4.405 11.691787958630535
4.415 11.109643218778197
4.425 10.482349712265492
4.435 9.821739534771385
4.445 9.134412716806406
4.455 8.432146941651352
4.465 7.7251839700756335
4.475 7.025678746381729
4.485 6.3397328400986295
4.495 5.677656454580725
4.505 5.047438122186172
4.515 4.456096911175953
4.525 3.9096212758267077
4.535 3.412964286075123
4.545 2.970093192101281
4.555 2.5840869181087416
4.565 2.2572711856700054
4.575 1.9913778592599747
4.585 1.787713020335052
4.595 1.6473173546977233
4.605 1.5711027341756851
4.615 1.5599503609918624
4.625 1.6147584279938514
4.635 1.7364307829712047
4.645 1.9258023802868545
4.655 2.183502131018172
4.665 2.5097588633130368
4.675 2.904161185644659
4.685 3.363478666216049
4.695 3.889660757718678
4.705 4.4759618709636815
4.715 5.116774040232726
4.725 5.804599391241576
4.735 6.529964686802137
4.745 7.283411442890069
4.755 8.048681185007363
4.765 8.814325732541777
4.775 9.56147837332631
4.785 10.274987753510292
4.795 10.938334092459797
4.805 11.533785430798893
4.815 12.050918227464088
4.825 12.474424531268445
4.835 12.794268879208982
4.845 13.003534515370738
4.855 13.100746692582426
4.865 13.083494972941804
4.875 12.957551447247454
4.885 12.731325336785208
4.895 12.416881428305167
4.905 12.029527675628602
4.915 11.587255054394333
4.925 11.110057564365956
4.935 10.619165759849722
4.945 10.136230340081006
4.955 9.682493159523041
4.965 9.277981737011903
4.975 8.940760318102196
4.985 8.686266228194587
4.995 8.526755113229381
5.005 8.470873123226704
5.015 8.523368485127474
5.025 8.684949456065063
5.035 8.95229045621682
5.045 9.318183273786733
5.055 9.771825586148893
5.065 10.299234618955648
5.075 10.883769574417286
5.085 11.506742572967692
5.095 12.148094419008714
5.105 12.787108739532094
5.115 13.403136211689073
5.125 13.976299945827524
5.135 14.488153825811414
5.145 14.922267832462254
5.155 15.264718061571786
5.165 15.504464122540014
5.175 15.633602556965478
5.185 15.64749142955771
5.195 15.544747835277994
5.205 15.327126248841651
5.215 14.999290977932136
5.225 14.568500130662208
5.235 14.044221264007144
5.245 13.436208469552348
5.255 12.760519241316178
5.265 12.030045753108466
5.275 11.256207843639755
5.285 10.452587326068134
5.295 9.636210919002883
5.305 8.817855160071495
5.315 8.009523987010638
5.325 7.222049943132821
5.335 6.464954432649298
5.345 5.746365964862113
5.355 5.072993283787261
5.365 4.450148495861733
5.375 3.8818137415498892
5.385 3.370743610996591
5.395 2.918594411160766
5.405 2.5260706090186846
5.415 2.1930783753999634
5.425 1.9188762123148506
5.435 1.7022132259890064
5.445 1.5414467435230141
5.455 1.4361578126023644
5.465 1.3818479968357225
5.475 1.3772235375864406
5.485 1.4197810062876386
5.495 1.506797650174566
5.505 1.6352841816065247
5.515 1.8034205882253473
5.525 2.005243155616054
5.535 2.2377081523311313
5.545 2.4963465644647966
5.555 2.7749564025681805
5.565 3.072842322307091
5.575 3.37904730533544
5.585 3.6921112362758635
5.595 4.004716237086699
5.605 4.311788015833812
5.615 4.6087838098979335
5.625 4.891940671053826
5.635 5.15850572638349
5.645 5.406929097352254
5.655 5.637001010287763
5.665 5.848654397605665
5.675 6.047426917667899
5.685 6.235349358423232
5.695 6.417410173516808
5.705 6.599386201218777
5.715 6.787495820900178
5.725 6.988000442115094
5.735 7.206777989967433
5.745 7.448894851750493
5.755 7.718203652363879
5.765 8.016993153452216
5.775 8.345713616608494
5.785 8.702796382449161
5.795 9.084580568863956
5.805 9.485353143105913
5.815 9.897501673773101
5.825 10.311772314993602
5.835 10.717619465056533
5.845 11.103628446064006
5.855 11.457988741587418
5.865 11.768992969090384
5.875 12.025535909337304
5.885 12.217588525441958
5.895 12.336623857638585
5.905 12.375974791465069
5.915 12.331107737754142
5.925 12.199800976047381
5.935 11.98222152867292
5.945 11.680899678308414
5.955 11.301899953703028
5.965 10.850057001109143
5.975 10.33484836833493
5.985 9.76630502667988
5.995 9.155492774882617
6.005 8.51411041629322
6.015 7.85408821223832
6.025 7.187205541819498
6.035 6.524744536702228
6.045 5.878452089393171
6.055 5.255877678855407
6.065 4.666192492865353
6.075 4.115360857319987
6.085 3.6116619495065203
6.095 3.1579676992396637
6.105 2.7575503566752833
6.115 2.412569668853128
6.125 2.124212591529162
6.135 1.8928430558408524
6.1450000000000005 1.7193696536010794
6.155 1.601088126636458
6.165 1.5376012817446285
6.175 1.527374234414045
6.185 1.5686059181964676
6.195 1.6592560988663627
6.205 1.7970449572334322
6.215 1.9794306863845275
6.225 2.2047636268386146
6.235 2.4680549869371493
6.245 2.766605656332686
6.255 3.0965339807824215
6.265 3.4525478348427816
6.275 3.8323782666465536
6.285 4.2295730435123104
6.295 4.640103954870577
6.305 5.056844153101914
6.315 5.475242906597338
6.325 5.889094396491622
6.335 6.2957888178318395
6.345 6.6893505309123205
6.355 7.065828925365279
6.365 7.421919434479993
6.375 7.7540698098412095
6.385 8.06278517336611
6.3950000000000005 8.345654237991269
6.405 8.602495326408775
6.415 8.833828746881855
6.425 9.040784114217058
6.435 9.224978907744413
6.445 9.388375449234138
6.455 9.533124460516797
6.465 9.661403818070973
6.475 9.775261072763989
6.485 9.87646779393013
6.495 9.96639290025008
6.505 10.045900943540797
6.515 10.115279909698756
6.525 10.174201584852206
6.535 10.22171598533966
6.545 10.25627983363067
6.555 10.275817628085754
6.565 10.27781253585821
6.575 10.25942315591747
6.585 10.21762116612418
6.595 10.149343995681576
6.605 10.051655966865088
6.615 9.92191084982806
6.625 9.757908502313073
6.635 9.55803825993522
6.6450000000000005 9.321402041880166
6.655 9.047910775202853
6.665 8.738348737508954
6.675 8.39440176805363
6.685 8.018646965781649
6.695 7.614503409575391
6.705 7.186145497247016
6.715 6.738382574031022
6.725 6.276510459732133
6.735 5.806142134613139
6.745 5.333026069252055
6.755 4.862861373896038
6.765 4.400255562304749
6.775 3.95230777091355
6.785 3.5223107237306146
6.795 3.1141931678038386
6.805 2.7311480772912087
6.815 2.375589292061494
6.825 2.0491419673660465
6.835 1.7526647992649307
6.845 1.4863002692455474
6.855 1.2487083113491522
6.865 1.040799766592519
6.875 0.8598515364276453
6.885 0.7040411939509764
6.8950000000000005 0.5712958172039628
6.905 0.4605593067396722
6.915 0.36778213260628356
6.925 0.29155077423250486
6.935 0.22978061080213136
6.945 0.18054954954943386
6.955 0.1413266418608933
6.965 0.112535730646396
6.975 0.09296301293758784
6.985 0.07987593572885722
6.995 0.07348041449455261
