0.005 0.0
0.015 0.0
0.025 0.0
0.034999999999999996 0.0
0.045 0.0
0.055 0.0
0.065 0.0
0.07500000000000001 0.0
0.085 0.0
0.095 0.0
0.10500000000000001 0.0
0.115 0.0
0.125 0.0
0.135 0.0
0.14500000000000002 0.0
0.155 0.0
0.165 0.0
0.17500000000000002 0.0
0.185 0.0
0.195 0.0
0.20500000000000002 0.0
0.215 0.0
0.225 0.0
0.23500000000000001 0.0
0.245 0.0
0.255 0.0
0.265 0.0
0.275 0.0
0.28500000000000003 0.0
0.295 0.0
0.305 0.0
0.315 0.0
0.325 0.0
0.335 0.0
0.34500000000000003 0.0
0.35500000000000004 0.0
0.365 0.0
0.375 0.0
0.385 0.0
0.395 0.0
0.405 0.0
0.41500000000000004 0.0
0.425 0.0
0.435 0.0
0.445 0.0
0.455 0.0
0.465 0.0
0.47500000000000003 0.0
0.485 0.0
0.495 0.0
0.505 0.0
0.515 0.0
0.525 0.0
0.535 0.0
0.545 0.0
0.555 0.0
0.5650000000000001 0.0
0.5750000000000001 0.0
0.585 0.0
0.595 0.0
0.605 0.0
0.615 0.0
0.625 0.0
0.635 0.0
0.645 0.0
0.655 0.0
0.665 0.0
0.675 0.0
0.685 0.0
0.6950000000000001 0.0
0.7050000000000001 0.0
0.715 0.0
0.725 0.0
0.735 0.0
0.745 0.0
0.755 0.0
0.765 0.0
0.775 0.0
0.785 0.0
0.795 0.0
0.805 0.0
0.8150000000000001 0.0
0.8250000000000001 0.0
0.8350000000000001 0.0
0.845 0.0
0.855 0.0
0.865 0.0
0.875 0.0
0.885 0.0
0.895 0.0
0.905 0.0
0.915 0.0
0.925 0.0
0.935 0.0
0.9450000000000001 0.0
0.9550000000000001 0.0
0.965 0.0
0.975 0.0
0.985 0.0
0.995 0.0
1.005 0.0
1.015 0.0
1.025 0.0
1.035 0.0
1.045 0.0
1.055 0.0
1.065 0.0
1.075 0.0
1.085 0.0
1.095 0.0
1.105 0.0
1.115 0.0
1.125 0.0
1.135 0.0
1.145 0.0
1.155 0.0
1.1649999999999998 0.0
1.1749999999999998 0.0
1.1849999999999998 0.0
1.1949999999999998 0.0
1.2049999999999998 0.0
1.2149999999999999 0.0
1.2249999999999999 0.0
1.2349999999999999 0.0
1.2449999999999999 0.0
1.255 0.0
1.265 0.0
1.275 0.0
1.285 0.0
1.295 0.0
1.305 0.0
1.315 0.0
1.325 0.0
1.335 0.0
1.345 0.0
1.355 0.0
1.365 0.0
1.375 0.0
1.385 0.0
1.395 0.0
1.405 0.0
1.4149999999999998 0.0
1.4249999999999998 0.0
1.4349999999999998 0.0
1.4449999999999998 0.0
1.4549999999999998 0.0
1.4649999999999999 0.0
1.4749999999999999 0.0
1.4849999999999999 0.0
1.4949999999999999 0.0
1.505 0.0
1.515 0.0
1.525 0.0
1.535 0.0
1.545 0.0
1.555 0.0
1.565 0.0
1.575 0.0
1.585 0.0
1.595 0.0
1.605 0.0
1.615 0.0
1.625 0.0
1.635 0.0
1.645 0.0
1.655 0.0
1.665 0.0
1.6749999999999998 0.0
1.6849999999999998 0.0
1.6949999999999998 0.0
1.7049999999999998 0.0
1.7149999999999999 0.0
1.7249999999999999 0.0
1.7349999999999999 0.0
1.7449999999999999 0.0
1.755 0.0
1.765 0.0
1.775 0.0
1.785 0.0
1.795 0.0
1.805 0.0
1.815 0.010656615756307318
1.825 0.015818511957381296
1.835 0.023247111716455555
1.845 0.033824347962113026
1.855 0.04872444705593721
1.865 0.06948986378173991
1.875 0.09811898717889547
1.885 0.13716449473450343
1.895 0.1898398642530182
1.905 0.2601298415835106
1.915 0.35289864712023855
1.9249999999999998 0.4739874748919193
1.9349999999999998 0.6302905459164548
1.9449999999999998 0.8297968377780718
1.9549999999999998 1.081582901962877
1.9649999999999999 1.3957412247754184
1.9749999999999999 1.7832287364917667
1.9849999999999999 2.255621665444911
1.9949999999999999 2.8247662507711877
2.005 3.5023200421668745
2.015 4.299185637282733
2.025 5.224847537948559
2.035 6.2866329045154945
2.045 7.4889276627348424
2.0549999999999997 8.832389751956853
2.065 10.31321020945574
2.0749999999999997 11.922479098622986
2.085 13.645715889033712
2.0949999999999998 15.462621850647965
2.105 17.347104729461396
2.1149999999999998 19.267613281964408
2.125 21.187801562657476
2.135 23.067521167084198
2.145 24.864115466195813
2.155 26.53396520308144
2.165 28.03421190544184
2.175 29.324566683676803
2.185 30.369099209624505
2.195 31.137896616334483
2.205 31.608485659894725
2.215 31.766923853599025
2.225 31.608485659894725
2.235 31.137896616334483
2.245 30.369099209624505
2.255 29.324566683676803
2.265 28.03421190544184
2.275 26.53396520308144
2.285 24.864115466195813
2.295 23.067521167084198
2.305 21.187801562657476
2.315 19.267613281964408
2.3249999999999997 17.347104729461396
2.335 15.462621850647965
2.3449999999999998 13.645715889033712
2.355 11.922479098622986
2.3649999999999998 10.31321020945574
2.375 8.832389751956853
2.385 7.4889276627348424
2.395 6.2866329045154945
2.405 5.224847537948559
2.415 4.299185637282733
2.425 3.5023200421668745
2.435 2.8247662507711877
2.445 2.255621665444911
2.455 1.7832287364917667
2.465 1.3957412247754184
2.475 1.081582901962877
2.485 0.8297968377780718
2.495 0.6302905459164548
2.505 0.4739874748919193
2.515 0.35289864712023855
2.525 0.2601298415835106
2.535 0.1898398642530182
2.545 0.13716449473450343
2.555 0.09811898717889547
2.565 0.06948986378173991
2.5749999999999997 0.04872444705593721
2.585 0.033824347962113026
2.5949999999999998 0.023247111716455555
2.605 0.015818511957381296
2.6149999999999998 0.010656615756307318
2.625 0.0
2.635 0.0
2.645 0.005638875699050574
2.655 0.008370257942238786
2.665 0.012301050946070612
2.675 0.01789792351731384
2.685 0.025782209543473877
2.695 0.03677008847553381
2.705 0.051918994272741686
2.715 0.07257965885399957
2.725 0.10045247212876361
2.735 0.1376459352430866
2.745 0.1867339173129468
2.755 0.25080724640376256
2.765 0.3335139526454295
2.775 0.4390813491540553
2.785 0.5723122313739529
2.795 0.7385469697442117
2.805 0.9435833493480895
2.815 1.19354685262075
2.8249999999999997 1.4947058363762684
2.835 1.8532288136957238
2.8449999999999998 2.2748848199234764
2.855 2.7646925146517134
2.8649999999999998 3.32652901491195
2.875 3.962715103465095
2.885 4.67359892444043
2.895 5.457164991135218
2.905 6.30869867123365
2.915 7.2205376906151715
2.925 8.181941114431297
2.935 9.179102404058213
2.945 10.19532643372902
2.955 11.211380993751348
2.965 12.206021829155146
2.975 13.15667747499817
2.985 14.040267098356534
2.995 14.83411243030573
3.005 15.516894879117999
3.015 16.069602156186548
3.025 16.480863106559006
3.035 16.732031013449895
3.045 16.81897445127875
3.055 16.739561794635417
3.065 16.4967846393137
3.075 16.098665675293056
3.085 15.557932275126454
3.0949999999999998 14.891480263490319
3.105 14.119665937577516
3.1149999999999998 13.265474473719898
3.125 12.353618557873078
3.135 11.40962205054827
3.145 10.45893986347224
3.155 9.526157570622223
3.165 8.63430356883475
3.175 7.804294076746689
3.185 7.054518271874738
3.195 6.400558743878993
3.205 5.855032351314951
3.215 5.427529393248853
3.225 5.124625271137749
3.235 4.94993864960898
3.245 4.904213265721834
3.255 4.98540637698427
3.265 5.188774501100991
3.275 5.506955537855552
3.285 5.930054472217281
3.295 6.445746593973605
3.305 7.039416656913064
3.315 7.694354022170311
3.325 8.392022291588384
3.335 9.112417300429927
3.3449999999999998 9.834520021557351
3.355 10.536841668133112
3.3649999999999998 11.198048044819943
3.375 11.797640106645183
3.385 12.316658881776094
3.395 12.73837643927488
3.405 13.048931255967156
3.415 13.237866662979735
3.425 13.298535159475678
3.435 13.228338997404661
3.445 13.028787922122733
3.455 12.701606350799347
3.465 12.264739887503353
3.475 11.725060447791183
3.485 11.09759557269118
3.495 10.399195732890025
3.505 9.647786104244403
3.515 8.861610054026164
3.525 8.058508338942955
3.535 7.255272673016256
3.545 6.467104425539111
3.555 5.707199624229394
3.565 4.986471122869192
3.575 4.313408685234801
3.585 3.694068664724723
3.5949999999999998 3.132177563288546
3.605 2.6293284457983583
3.6149999999999998 2.1852461349572674
3.625 1.798096256225799
3.635 1.4648142897837582
3.645 1.1814334268745208
3.655 0.9433937527437752
3.665 0.7458196006410877
3.675 0.583756386131517
3.685 0.45236245440345174
3.695 0.34705516656400986
3.705 0.26361342974322005
3.715 0.19824105679692258
3.725 0.14759672871793228
3.735 0.10879699872172795
3.745 0.07939883922098182
3.755 0.05736783318458834
3.765 0.04103739600845631
3.775 0.02906351910650702
3.785 0.02037856776366765
3.795 0.014146733491228034
3.805 0.009722898258434209
3.815 0.00661595230570403
3.825 0.00445703500897533
3.835 0.0
3.8449999999999998 0.0
3.855 0.0
3.8649999999999998 0.0
3.875 0.0
3.885 0.0
3.895 0.0
3.905 0.0
3.915 0.0
3.925 0.0
3.935 0.0
3.945 0.0
3.955 0.0
3.965 0.0027440929594165805
3.975 0.004073288207375355
3.985 0.005986162684916151
3.995 0.00870981531306084
4.005 0.012546610966856692
4.015 0.01789373383772688
4.025 0.025265771804086443
4.035 0.03532004276874754
4.045 0.04888402160929744
4.055 0.06698378576716288
4.065 0.09087187856774558
4.075 0.12205241536767762
4.085 0.16230066739644755
4.095 0.21367380717891046
4.1049999999999995 0.2785090589894863
4.115 0.3594052516913558
4.125 0.4591838096386428
4.135 0.5808256272720942
4.145 0.7273811271792325
4.155 0.9018521441617553
4.165 1.10704611184934
4.175 1.345405302281242
4.185 1.6188164691503664
4.195 1.9284089942651501
4.205 2.274352297897472
4.215 2.655665566997718
4.225 3.070054480847624
4.235 3.5137902832926837
4.245 3.98164602391435
4.255 4.466902912043431
4.265 4.961436459835437
4.275 5.455887537203542
4.285 5.939917875740591
4.295 6.402543335817091
4.305 6.832531899828082
4.315 7.218847453234284
4.325 7.551115552514149
4.335 7.82008408960701
4.345 8.01805046084658
4.355 8.139227775553449
4.365 8.180025824557827
4.375 8.139227775553449
4.385 8.01805046084658
4.395 7.82008408960701
4.405 7.551115552514149
4.415 7.218847453234284
4.425 6.832531899828082
4.435 6.404779864096491
4.445 5.943237742961079
4.455 5.460766461616054
4.465 4.9685352529682145
4.475 4.4771288229921495
4.485 3.9962300202818177
4.495 3.5343827391520177
4.505 3.098841506524298
4.515 2.6955076927408697
4.525 2.328946341665345
4.535 2.002472639055863
4.545 1.7204314359314112
4.555 1.4808596293817724
4.565 1.285861747110154
4.575 1.135632902190502
4.585 1.0300845513864758
4.595 0.9690182937014207
4.605 0.9522627786788892
4.615 0.9797659477669558
4.625 1.0516382522235963
4.635 1.1681459163703212
4.645 1.329656597947569
4.655 1.536542812163009
4.665 1.7890511206859627
4.675 2.0871472363790535
4.685 2.430348758832977
4.695 2.8175581428296086
4.705 3.246908637007732
4.715 3.7156352691056345
4.725 4.219981498445086
4.735 4.755149965311453
4.745 5.315302965763617
4.755 5.89361505903822
4.765 6.482376816563194
4.775 7.071315176328591
4.785 7.655726331896641
4.795 8.223646442406173
4.805 8.765747046651079
4.815 9.27284490310726
4.825 9.736150782890519
4.835 10.147503419474532
4.845 10.499580642037087
4.855 10.786081794022898
4.865 11.001877679293312
4.875 11.143126223406574
4.885 11.20735358185575
4.895 11.195366265242344
4.905 11.104709929248411
4.915 10.938528532994098
4.925 10.700129190840071
4.935 10.3941608158956
4.945 10.026521954177529
4.955 9.604242185335135
4.965 9.13533806426286
4.975 8.628645369391627
4.985 8.093630547155938
4.995 7.540185544320349
5.005 6.9784114938583315
5.015 6.418397743754185
5.025 5.8700032944169145
5.035 5.3426477041705
5.045 4.845117886605115
5.055 4.385396011398468
5.065 3.9705120791677553
5.075 3.606422892084137
5.085 3.297917346190444
5.095 3.0485464882358606
5.105 2.8605758261835117
5.115 2.734957096470721
5.125 2.671317107459119
5.135 2.6679623194363544
5.145 2.721899303675733
5.155 2.8288728807183183
5.165 2.9834252591086803
5.175 3.178980565754562
5.185 3.4096356884060337
5.195 3.664416436442634
5.205 3.9354413363165213
5.215 4.213301384520403
5.225 4.488445357439526
5.235 4.751476679296708
5.245 4.991978014387131
5.255 5.205307141570949
5.265 5.382273519349267
5.275 5.5172934690775435
5.285 5.606399970151762
5.295 5.647427224059815
5.305 5.640120530224378
5.315 5.586162449192054
5.325 5.489110969204185
5.335 5.355840209795013
5.345 5.190721833116972
5.355 5.001464683239533
5.365 4.800354404186733
5.375 4.594761494868193
5.385 4.39426390005411
5.395 4.20811607220322
5.405 4.044876901051221
5.415 3.91207582366484
5.425 3.8159319207655753
5.435 3.761137589221942
5.445 3.750714812107384
5.455 3.7859483189277143
5.465 3.8663961932763597
5.475 3.989974861978266
5.485 4.153111984662338
5.495 4.350957645536189
5.505 4.577641529738623
5.515 4.826561564977437
5.525 5.090687965971303
5.535 5.3628658853435045
5.545 5.636100089732394
5.555 5.903806343936985
5.565 6.160016528547198
5.575 6.399527870765769
5.585 6.617990854716606
5.595 6.811935104498439
5.605 6.978737413644938
5.615 7.11654068175781
5.625 7.224136355421441
5.635 7.300825644463627
5.645 7.346275986335069
5.655 7.360388799326824
5.665 7.343192515899737
5.675 7.294771421848674
5.685 7.215236313917192
5.695 7.104737922848765
5.705 6.962275205959458
5.715 6.79117510663405
5.725 6.590324535735978
5.735 6.360836485471078
5.745 6.104283693659083
5.755 5.822772514253367
5.765 5.518981859416499
5.775 5.196160573621054
5.785 4.858080893469068
5.795 4.508950052298369
5.805 4.1560020213451745
5.815 3.799798861745443
5.825 3.446991679513849
5.835 3.102305028540782
5.845 2.7702062738030175
5.855 2.454786822475387
5.865 2.1596750225174226
5.875 1.887985965126521
5.885 1.6423099955564608
5.895 1.424738315357029
5.905 1.2382361475620445
5.915 1.0821018798650677
5.925 0.9583255362294345
5.935 0.8678923034002901
5.945 0.8117658105789065
5.955 0.7909794235135625
5.965 0.8067032637016778
5.975 0.8602789960231307
5.985 0.9532164818345229
5.995 1.0860308830705032
6.005 1.2630071243413197
6.015 1.4841016167135792
6.025 1.7506786509471088
6.035 2.06365027288579
6.045 2.4232759601631395
6.055 2.828959238915636
6.065 3.2790560453575766
6.075 3.7707102411061273
6.085 4.299731259974971
6.095 4.860527306454297
6.105 5.446104838487637
6.115 6.048141349744742
6.125 6.657133929346866
6.135 7.2638452986623
6.1450000000000005 7.854226748693594
6.155 8.420186406366936
6.165 8.94886844213099
6.175 9.429463546593047
6.185 9.8520202289717
6.195 10.20782038464456
6.205 10.489709963797681
6.215 10.692368072789453
6.225 10.81250179389372
6.235 10.848958679666804
6.245 10.802753828167893
6.255 10.677013238181702
6.265 10.47683939499926
6.275 10.20910845689799
6.285 9.882210831211125
6.295 9.50574830800166
6.305 9.090201340634296
6.315 8.646579702527934
6.325 8.186068842333096
6.335 7.719683055596598
6.345 7.257935314757409
6.355 6.81053241869458
6.365 6.386103127625411
6.375 5.991966144411856
6.385 5.63394411896571
6.3950000000000005 5.316229162917472
6.405 5.0413045152363
6.415 4.809925850516679
6.425 4.6211641619065125
6.435 4.472510134091241
6.445 4.360037479953477
6.455 4.278619960527214
6.465 4.222193927926206
6.475 4.184055465463953
6.485 4.1571788153137295
6.495 4.134541043306968
6.505 4.1094370157372895
6.515 4.075768909001323
6.525 4.028295703620547
6.535 3.962830390803464
6.545 3.8763758000067727
6.555 3.767193805949496
6.565 3.634806889899063
6.575 3.47993527077948
6.585 3.3054483460126316
6.595 3.1124303027647486
6.605 2.905079384685098
6.615 2.6866506911007684
6.625 2.464044637005406
6.635 2.239781101599612
6.6450000000000005 2.0182703162011726
6.655 1.8036659916206368
6.665 1.5997560387474203
6.675 1.4098930354147283
6.685 1.236964426579761
6.695 1.0833993799107229
6.705 0.9512066159577091
6.715 0.8411583108584504
6.725 0.75667233529324
6.735 0.6976377472638349
6.745 0.665117935152256
6.755 0.660100083923611
6.765 0.683537774730637
6.775 0.736365809655241
6.785 0.81948367246016
6.795 0.9337064178608538
6.805 1.0796843361235897
6.815 1.2577953476930686
6.825 1.4680166088068392
6.835 1.7097841011357904
6.845 1.9818508696696706
6.855 2.2821558908413095
6.865 2.607716132941624
6.875 2.954554075629841
6.885 3.3176716949290785
6.8950000000000005 3.691079672880851
6.905 4.0678874201066035
6.915 4.440455561789102
6.925 4.800608082599034
6.935 5.139896683086628
6.945 5.449088895245937
6.955 5.722040915096679
6.965 5.9502107573408995
6.975 6.1272872065883135
6.985 6.248255167603346
6.995 6.309631482319796
