0.005 0.0
0.015 0.0
0.025 0.0
0.034999999999999996 0.0
0.045 0.0
0.055 0.0
0.065 0.0
0.07500000000000001 0.0
0.085 0.0
0.095 0.0
0.10500000000000001 0.0
0.115 0.0
0.125 0.0
0.135 0.0
0.14500000000000002 0.0
0.155 0.0
0.165 0.0
0.17500000000000002 0.0
0.185 0.0
0.195 0.0
0.20500000000000002 0.0
0.215 0.0
0.225 0.0
0.23500000000000001 0.0
0.245 0.0
0.255 0.0
0.265 0.0
0.275 0.0
0.28500000000000003 0.0
0.295 0.0
0.305 0.0
0.315 0.0
0.325 0.0
0.335 0.0
0.34500000000000003 0.0
0.35500000000000004 0.0
0.365 0.0
0.375 0.0
0.385 0.0
0.395 0.0
0.405 0.0
0.41500000000000004 0.0
0.425 0.0
0.435 0.0
0.445 0.0
0.455 0.0
0.465 0.0
0.47500000000000003 0.0
0.485 0.0
0.495 0.0
0.505 0.0
0.515 0.0
0.525 0.0
0.535 0.0
0.545 0.0
0.555 0.0
0.5650000000000001 0.0
0.5750000000000001 0.0
0.585 0.0
0.595 0.0
0.605 0.0
0.615 0.0
0.625 0.0
0.635 0.0
0.645 0.0
0.655 0.0
0.665 0.0
0.675 0.0
0.685 0.0
0.6950000000000001 0.0
0.7050000000000001 0.0
0.715 0.0
0.725 0.0
0.735 0.0
0.745 0.0
0.755 0.0
0.765 0.0
0.775 0.0
0.785 0.0
0.795 0.0
0.805 0.0
0.8150000000000001 0.0
0.8250000000000001 0.0
0.8350000000000001 0.0
0.845 0.0
0.855 0.0
0.865 0.0
0.875 0.0
0.885 0.0
0.895 0.0
0.905 0.0
0.915 0.0
0.925 0.0
0.935 0.0
0.9450000000000001 0.0
0.9550000000000001 0.0
0.965 0.0
0.975 0.0
0.985 0.0
0.995 0.0
1.005 0.0
1.015 0.0
1.025 0.0
1.035 0.0
1.045 0.0
1.055 0.0
1.065 0.0
1.075 0.0
1.085 0.0
1.095 0.0
1.105 0.0
1.115 0.0
1.125 0.0
1.135 0.0
1.145 0.0
1.155 0.0
1.1649999999999998 0.0
1.1749999999999998 0.0
1.1849999999999998 0.0
1.1949999999999998 0.0
1.2049999999999998 0.0
1.2149999999999999 0.0
1.2249999999999999 0.0
1.2349999999999999 0.0
1.2449999999999999 0.0
1.255 0.0
1.265 0.0
1.275 0.0
1.285 0.0
1.295 0.0
1.305 0.0
1.315 0.0
1.325 0.0
1.335 0.0
1.345 0.0
1.355 0.0
1.365 0.0
1.375 0.0
1.385 0.0
1.395 0.0
1.405 0.0
1.4149999999999998 0.0
1.4249999999999998 0.0
1.4349999999999998 0.0
1.4449999999999998 0.0
1.4549999999999998 0.0
1.4649999999999999 0.0
1.4749999999999999 0.0
1.4849999999999999 0.0
1.4949999999999999 0.0
1.505 0.0
1.515 0.0
1.525 0.0
1.535 0.0
1.545 0.0
1.555 0.0
1.565 0.0
1.575 0.0
1.585 0.0
1.595 0.0
1.605 0.0
1.615 0.0
1.625 0.0
1.635 0.0
1.645 0.0
1.655 0.0
1.665 0.0
1.6749999999999998 0.0
1.6849999999999998 0.0
1.6949999999999998 0.0
1.7049999999999998 0.0
1.7149999999999999 0.0
1.7249999999999999 0.0
1.7349999999999999 0.0
1.7449999999999999 0.0
1.755 0.0
1.765 0.0
1.775 0.0
1.785 0.0
1.795 0.0
1.805 0.0
1.815 0.0
1.825 0.0
1.835 0.0
1.845 0.0
1.855 0.0
1.865 0.0
1.875 0.0
1.885 0.0
1.895 0.0
1.905 0.0
1.915 0.0
1.9249999999999998 0.0
1.9349999999999998 0.0
1.9449999999999998 0.009507824425648154
1.9549999999999998 0.01411326426748383
1.9649999999999999 0.020741055289777814
1.9749999999999999 0.030178057376748144
1.9849999999999999 0.04347191438993649
1.9949999999999999 0.06199880330750815
2.005 0.0875416853016594
2.015 0.1223780572736257
2.025 0.16937498166228562
2.035 0.23208764566591755
2.045 0.3148559029992327
2.0549999999999997 0.42289126250623904
2.065 0.562344742905147
2.0749999999999997 0.7403441038851724
2.085 0.9649874377388122
2.0949999999999998 1.2452792530264045
2.105 1.5909953145583953
2.1149999999999998 2.0124639243978595
2.125 2.5202542880400665
2.135 3.1247672624062077
2.145 3.8357301367799916
2.155 4.661604976438482
2.165 5.608929068241811
2.175 6.681615531790136
2.185 7.8802513800684375
2.195 9.20143825944656
2.205 10.637226731298334
2.215 12.174697277456039
2.225 13.795739386506213
2.235 15.477073569386306
2.245 17.190549830773218
2.255 18.9037403458963
2.265 20.580824739012392
2.275 22.18374479831579
2.285 23.67358345615859
2.295 25.012102416341406
2.305 26.16335596238325
2.315 27.09528708298423
2.3249999999999997 27.781207541133973
2.335 28.20106672580583
2.3449999999999998 28.34242516102629
2.355 28.20106672580583
2.3649999999999998 27.781207541133973
2.375 27.09528708298423
2.385 26.16335596238325
2.395 25.012102416341406
2.405 23.67358345615859
2.415 22.18374479831579
2.425 20.580824739012392
2.435 18.9037403458963
2.445 17.190549830773218
2.455 15.477073569386306
2.465 13.795739386506213
2.475 12.174697277456039
2.485 10.637226731298334
2.495 9.20143825944656
2.505 7.8802513800684375
2.515 6.681615531790136
2.525 5.608929068241811
2.535 4.661604976438482
2.545 3.8357301367799916
2.555 3.1247672624062077
2.565 2.5202542880400665
2.5749999999999997 2.0124639243978595
2.585 1.5909953145583953
2.5949999999999998 1.2452792530264045
2.605 0.9649874377388122
2.6149999999999998 0.7403441038851724
2.625 0.562344742905147
2.635 0.42289126250623904
2.645 0.3148559029992327
2.655 0.23208764566591755
2.665 0.16937498166228562
2.675 0.1223780572736257
2.685 0.0875416853016594
2.695 0.06199880330750815
2.705 0.04347191438993649
2.715 0.030178057376748144
2.725 0.020741055289777814
2.735 0.01411326426748383
2.745 0.009507824425648154
2.755 0.0
2.765 0.0
2.775 0.0
2.785 0.0
2.795 0.0
2.805 0.0
2.815 0.0
2.8249999999999997 0.0
2.835 0.0
2.8449999999999998 0.0
2.855 0.0
2.8649999999999998 0.0
2.875 0.0
2.885 0.0
2.895 0.0
2.905 0.0
2.915 0.0
2.925 0.0
2.935 0.0
2.945 0.0
2.955 0.0
2.965 0.0
2.975 0.0
2.985 0.0
2.995 0.0
3.005 0.0
3.015 0.0
3.025 0.0
3.035 0.0
3.045 0.0
3.055 0.0
3.065 0.0
3.075 0.0
3.085 0.0
3.0949999999999998 0.0
3.105 0.0
3.1149999999999998 0.0
3.125 0.0
3.135 0.0
3.145 0.0
3.155 0.0
3.165 0.0
3.175 0.0
3.185 0.0
3.195 0.0
3.205 0.0
3.215 0.0
3.225 0.0
3.235 0.0
3.245 0.0
3.255 0.0
3.265 0.0
3.275 0.0
3.285 0.0
3.295 0.0
3.305 0.0
3.315 0.0
3.325 0.0
3.335 0.0
3.3449999999999998 0.0
3.355 0.0
3.3649999999999998 0.0
3.375 0.0
3.385 0.0
3.395 0.0
3.405 0.0
3.415 0.0
3.425 0.003573587161466379
3.435 0.005304576287358634
3.445 0.007795681281079349
3.455 0.011342649335070272
3.465 0.01633924525669312
3.475 0.023302715490656177
3.485 0.03290319937368992
3.495 0.045996711207507715
3.505 0.06366085792551698
3.515 0.08723188331595022
3.525 0.11834095396573949
3.535 0.158946854583464
3.545 0.21136149171443605
3.555 0.2782638873278337
3.565 0.3626977701836004
3.575 0.46804755239811185
3.585 0.5979875285372087
3.5949999999999998 0.7563996684396256
3.605 0.9472564873069376
3.6149999999999998 1.1744672252657877
3.625 1.4416879569915093
3.635 1.7520992132217155
3.645 2.108158082281595
3.655 2.511335339538714
3.665 2.961851618228694
3.675 3.4584296216368315
3.685 3.9980814935992393
3.695 4.575951336258574
3.705 5.18523217799048
3.715 5.817174248130808
3.725 6.461197159686861
3.735 7.105112671365281
3.745 7.7354574261304325
3.755 8.337926959468819
3.765 8.897893999453403
3.775 9.40098639549989
3.785 9.833693680315713
3.795 10.183966985633255
3.805 10.441775337291364
3.815 10.599582562666669
3.825 10.65271319136298
3.835 10.599582562666669
3.8449999999999998 10.441775337291364
3.855 10.183966985633255
3.8649999999999998 9.833693680315713
3.875 9.40098639549989
3.885 8.897893999453403
3.895 8.337926959468819
3.905 7.7354574261304325
3.915 7.105112671365281
3.925 6.461197159686861
3.935 5.817174248130808
3.945 5.18523217799048
3.955 4.575951336258574
3.965 3.9980814935992393
3.975 3.4584296216368315
3.985 2.961851618228694
3.995 2.511335339538714
4.005 2.108158082281595
4.015 1.7520992132217155
4.025 1.4416879569915093
4.035 1.1771253788683236
4.045 0.9512022084915812
4.055 0.7621983568009916
4.065 0.6064245703190427
4.075 0.48020122927218406
4.085 0.38003110901979037
4.095 0.3027383870387179
4.1049999999999995 0.2455753832683967
4.115 0.20629992901240754
4.125 0.1832269451044391
4.135 0.17525784123955035
4.145 0.1844218854464815
4.155 0.20697149545324806
4.165 0.2454065821720299
4.175 0.30112303297219206
4.185 0.3760611618743284
4.195 0.4726502397212976
4.205 0.593735194592262
4.215 0.742483435420402
4.225 0.9222702687243378
4.235 1.1341589045620488
4.245 1.3870866098177863
4.255 1.6806947984905687
4.265 2.017714922677978
4.275 2.4002085516086993
4.285 2.8293813528310503
4.295 3.3054079163490986
4.305 3.827278633610189
4.315 4.392679711087907
4.325 4.997916366400637
4.335 5.637887328082077
4.345 6.30611604090486
4.355 6.994840665265089
4.365 7.695161329470528
4.375 8.39723947690886
4.385 9.09054088806802
4.395 9.764111362397655
4.405 10.406872357865598
4.415 11.00792324283114
4.425 11.556837227106715
4.435 12.043939391814929
4.445 12.460557305984127
4.455 12.79923720053677
4.465 13.056130265627697
4.475 13.223362779784495
4.485 13.29964502685725
4.495 13.283942898388961
4.505 13.176980361472392
4.515 12.98123386080535
4.525 12.700893322131435
4.535 12.34179043390968
4.545 11.911294351738794
4.555 11.418174744396595
4.565 10.872432329151932
4.575 10.285097777650208
4.585 9.668001059077698
4.595 9.033514781055842
4.605 8.394276686393916
4.615 7.762897939657647
4.625 7.151664986546899
4.635 6.572243443993372
4.645 6.035392614557905
4.655 5.550698840196206
4.665 5.12633512333888
4.675 4.768853408356472
4.685 4.483014814396336
4.695 4.271662102485835
4.705 4.135637852698929
4.715 4.075749620862562
4.725 4.085762322784557
4.735 4.161980701805218
4.745 4.297601008288151
4.755 4.484237447817412
4.765 4.712172978346979
4.775 4.970664716269921
4.785 5.248298576123064
4.795 5.533384466219448
4.805 5.814379771181743
4.815 6.080325318452551
4.825 6.321274958234154
4.835 6.528697705601256
4.845 6.694057549491273
4.855 6.816789338578495
4.865 6.8918500008986285
4.875 6.919159361189097
4.885 6.9009213920472865
4.895 6.8414844817544065
4.905 6.748944727767766
4.915 6.628256992496986
4.925 6.4896346317077445
4.935 6.342678084280703
4.945 6.197089269292401
4.955 6.060458976035518
4.965 5.945099779254121
4.975 5.855577262161813
4.985 5.797270411002965
4.995 5.773607713958343
5.005 5.785952950855623
5.015 5.833615577329406
5.025 5.9139834381282235
5.035 6.022767437948464
5.045 6.1543403376430845
5.055 6.302145539620609
5.065 6.459147030520387
5.075 6.618288924696923
5.085 6.772932543344701
5.095 6.917240771447686
5.105 7.046483493815664
5.115 7.157243983322151
5.125 7.247513788963913
5.135 7.316672386798389
5.145 7.3670573880553345
5.155 7.397760313136393
5.165 7.412419675817816
5.175 7.415642664748282
5.185 7.407872660002219
5.195 7.3930609275004295
5.205 7.373518819983094
5.215 7.350835768196497
5.225 7.325768507750773
5.235 7.298233398551641
5.245 7.267402206465636
5.255 7.231892169984382
5.265 7.190032431347648
5.275 7.138708372532513
5.285 7.080094475387108
5.295 7.011476896330113
5.305 6.933311105546187
5.315 6.8472307952092235
5.325 6.756169186414009
5.335 6.664368104933038
5.345 6.577267927502604
5.355 6.501280764429287
5.365 6.443458351127415
5.375 6.411074394569278
5.385 6.411147975911571
5.395 6.449939589014688
5.405 6.532454183712552
5.415 6.661986023899921
5.425 6.839738256474552
5.435 7.06454595228931
5.445 7.3327252867454735
5.455 7.638063849307655
5.465 7.971958275545701
5.475 8.3236960233552
5.485 8.680868757662802
5.495 9.029896077194138
5.505 9.35663081134018
5.515 9.647011379988193
5.525 9.88639032600384
5.535 10.065949933014082
5.545 10.173762992930449
5.555 10.20228838760826
5.565 10.146714538430043
5.575 10.005155180319772
5.585 9.778690923297674
5.595 9.471258510377949
5.605 9.089399417517743
5.615 8.641888080138745
5.625 8.139266914121519
5.635 7.59475546809781
5.645 7.018649780895668
5.655 6.424606979014566
5.665 5.824986008963712
5.675 5.231364786605129
5.685 4.654183300918319
5.695 4.102482456484895
5.705 3.583743516726543
5.715 3.102586828790733
5.725 2.6661769092015537
5.735 2.2754920559351333
5.745 1.932025750805876
5.755 1.6361387865806516
5.765 1.3872900637138976
5.775 1.184270224045736
5.785 1.0254220094710222
5.795 0.9088339535707993
5.805 0.8324972458483735
5.815 0.7944190954472028
5.825 0.7926894452875449
5.835 0.8255012731069364
5.845 0.8911278286776929
5.855 0.9878628950948931
5.865 1.1139324469572194
5.875 1.2673878414943853
5.885 1.4459918567914347
5.895 1.6471094237273225
5.905 1.8676147319060885
5.915 2.1038254885899956
5.925 2.3514734676192712
5.935 2.605718140995997
5.945 2.8612072335576837
5.955 3.1110504753974917
5.965 3.3518935490788118
5.975 3.576020920378517
5.985 3.776434028617425
5.995 3.950255205041139
6.005 4.090962145128901
6.015 4.194525344893714
6.025 4.257917477463364
6.035 4.279260377636757
6.045 4.257917477463364
6.055 4.194525344893714
6.065 4.090962145128901
6.075 3.950255205041139
6.085 3.776434028617425
6.095 3.5743387203125345
6.105 3.349396517894901
6.115 3.107380802608531
6.125 2.854167439509195
6.135 2.5955026199301554
6.1450000000000005 2.3367946571600187
6.155 2.082939642654812
6.165 1.8381877829135356
6.175 1.6060539146021067
6.185 1.389272440068597
6.195 1.1897940033344403
6.205 1.0088188445888284
6.215 0.846860061774372
6.225 0.7038290251639564
6.235 0.5791349152506848
6.245 0.4717907045491223
6.255 0.3805187543093249
6.265 0.3038503968581105
6.275 0.24021526640414492
6.285 0.1880175791695036
6.295 0.145697924005152
6.305 0.11178031419588266
6.315 0.08490521058852069
6.325 0.06384992862855653
6.335 0.047538288721404205
6.345 0.03504158379512494
6.355 0.02557295799044904
6.365 0.018477161661639024
6.375 0.013217417464263748
6.385 0.009360844068472346
6.3950000000000005 0.006563575266829293
6.405 0.004556411968018434
6.415 0.0031315730953739443
6.425 0.0021308809050683687
6.435 0.0014355319317611221
6.445 0.0
6.455 0.0
6.465 0.0
6.475 0.0
6.485 0.0
6.495 0.0
6.505 0.0
6.515 0.0
6.525 0.0
6.535 0.0
6.545 0.0
6.555 0.0
6.565 0.0
6.575 0.0
6.585 0.0
6.595 0.0
6.605 0.0
6.615 0.0
6.625 0.0
6.635 0.0
6.6450000000000005 0.0
6.655 0.0
6.665 0.0
6.675 0.0
6.685 0.0
6.695 0.0
6.705 0.0
6.715 0.0
6.725 0.0
6.735 0.0
6.745 0.0
6.755 0.0
6.765 0.0
6.775 0.0
6.785 0.0
6.795 0.0
6.805 0.0
6.815 0.0
6.825 0.0
6.835 0.0
6.845 0.0
6.855 0.0
6.865 0.0
6.875 0.0
6.885 0.0
6.8950000000000005 0.0
6.905 0.0
6.915 0.0
6.925 0.0
6.935 0.0
6.945 0.0
6.955 0.0
6.965 0.0
6.975 0.0
6.985 0.0
6.995 0.0
