0.005 0.0
0.015 0.0
0.025 0.0
0.034999999999999996 0.0
0.045 0.0
0.055 0.0
0.065 0.0
0.07500000000000001 0.0
0.085 0.0
0.095 0.0
0.10500000000000001 0.0
0.115 0.0
0.125 0.0
0.135 0.0
0.14500000000000002 0.0
0.155 0.0
0.165 0.0
0.17500000000000002 0.0
0.185 0.0
0.195 0.0
0.20500000000000002 0.0
0.215 0.0
0.225 0.0
0.23500000000000001 0.0
0.245 0.0
0.255 0.0
0.265 0.0
0.275 0.0
0.28500000000000003 0.0
0.295 0.0
0.305 0.0
0.315 0.0
0.325 0.0
0.335 0.0
0.34500000000000003 0.0
0.35500000000000004 0.0
0.365 0.0
0.375 0.0
0.385 0.0
0.395 0.0
0.405 0.0
0.41500000000000004 0.0
0.425 0.0
0.435 0.0
0.445 0.0
0.455 0.0
0.465 0.0
0.47500000000000003 0.0
0.485 0.0
0.495 0.0
0.505 0.0
0.515 0.0
0.525 0.0
0.535 0.0
0.545 0.0
0.555 0.0
0.5650000000000001 0.0
0.5750000000000001 0.0
0.585 0.0
0.595 0.0
0.605 0.0
0.615 0.0
0.625 0.0
0.635 0.0
0.645 0.0
0.655 0.0
0.665 0.0
0.675 0.0
0.685 0.0
0.6950000000000001 0.0
0.7050000000000001 0.0
0.715 0.0
0.725 0.0
0.735 0.0
0.745 0.0
0.755 0.0
0.765 0.0
0.775 0.0
0.785 0.0
0.795 0.0
0.805 0.0
0.8150000000000001 0.0
0.8250000000000001 0.0
0.8350000000000001 0.0
0.845 0.0
0.855 0.0
0.865 0.0
0.875 0.0
0.885 0.0
0.895 0.0
0.905 0.0
0.915 0.0
0.925 0.0
0.935 0.0
0.9450000000000001 0.0
0.9550000000000001 0.0
0.965 0.0
0.975 0.0
0.985 0.0
0.995 0.0
1.005 0.0
1.015 0.0
1.025 0.0
1.035 0.0
1.045 0.0
1.055 0.0
1.065 0.0
1.075 0.0
1.085 0.0
1.095 0.0
1.105 0.0
1.115 0.0
1.125 0.0
1.135 0.0
1.145 0.0
1.155 0.0
1.1649999999999998 0.0
1.1749999999999998 0.0
1.1849999999999998 0.0
1.1949999999999998 0.0
1.2049999999999998 0.0
1.2149999999999999 0.0
1.2249999999999999 0.0
1.2349999999999999 0.0
1.2449999999999999 0.0
1.255 0.0
1.265 0.0
1.275 0.0
1.285 0.0
1.295 0.0
1.305 0.0
1.315 0.0
1.325 0.0
1.335 0.0
1.345 0.0
1.355 0.0
1.365 0.0
1.375 0.0
1.385 0.0
1.395 0.0
1.405 0.0
1.4149999999999998 0.0
1.4249999999999998 0.0
1.4349999999999998 0.0
1.4449999999999998 0.0
1.4549999999999998 0.0
1.4649999999999999 0.0
1.4749999999999999 0.0
1.4849999999999999 0.0
1.4949999999999999 0.0
1.505 0.0
1.515 0.0
1.525 0.0
1.535 0.0
1.545 0.0
1.555 0.0
1.565 0.0
1.575 0.0
1.585 0.0
1.595 0.0
1.605 0.0
1.615 0.0
1.625 0.0
1.635 0.0
1.645 0.0
1.655 0.0
1.665 0.0
1.6749999999999998 0.0
1.6849999999999998 0.0
1.6949999999999998 0.0
1.7049999999999998 0.0
1.7149999999999999 0.0
1.7249999999999999 0.0
1.7349999999999999 0.0
1.7449999999999999 0.0
1.755 0.0
1.765 0.0
1.775 0.0
1.785 0.0
1.795 0.0
1.805 0.0
1.815 0.0
1.825 0.0
1.835 0.0
1.845 0.0
1.855 0.0
1.865 0.0
1.875 0.0
1.885 0.0
1.895 0.0
1.905 0.0
1.915 0.0
1.9249999999999998 0.0
1.9349999999999998 0.0
1.9449999999999998 0.0
1.9549999999999998 0.0
1.9649999999999999 0.0
1.9749999999999999 0.0
1.9849999999999999 0.0
1.9949999999999999 0.0
2.005 0.0
2.015 0.0
2.025 0.0
2.035 0.0
2.045 0.0
2.0549999999999997 0.0
2.065 0.0
2.0749999999999997 0.0
2.085 0.0
2.0949999999999998 0.0
2.105 0.0
2.1149999999999998 0.0
2.125 0.0
2.135 0.0
2.145 0.0
2.155 0.0
2.165 0.0
2.175 0.0
2.185 0.0
2.195 0.0
2.205 0.0
2.215 0.0
2.225 0.0
2.235 0.0
2.245 0.0
2.255 0.0
2.265 0.0
2.275 0.0
2.285 0.0
2.295 0.0
2.305 0.0
2.315 0.0
2.3249999999999997 0.0
2.335 0.0
2.3449999999999998 0.0
2.355 0.0
2.3649999999999998 0.0
2.375 0.0
2.385 0.0
2.395 0.0
2.405 0.0
2.415 0.006597968692338932
2.425 0.009793920419099041
2.435 0.014393285710962815
2.445 0.02094210713759773
2.455 0.03016739869187121
2.465 0.043024160404343176
2.475 0.06074968079309698
2.485 0.08492443217004389
2.495 0.11753801671585438
2.505 0.16105756179631867
2.515 0.2184947152561058
2.525 0.2934660112941283
2.535 0.3902399583631994
2.545 0.5137628757442154
2.555 0.6696544464499836
2.565 0.8641633623905837
2.5749999999999997 1.1040735298810078
2.585 1.3965522892723632
2.5949999999999998 1.7489341562055323
2.605 2.1684368205817295
2.6149999999999998 2.6618105490531345
2.625 3.2349276042185364
2.635 3.89232454587385
2.645 4.636716889099638
2.655 5.4685119924170005
2.665 6.38535156334456
2.675 7.381719077299086
2.685 8.448649015716647
2.695 9.573573562663885
2.705 10.74033788259356
2.715 11.929407245001995
2.725 13.118278313371931
2.735 14.282093485467508
2.745 15.39444220943807
2.755 16.428317929162766
2.765 17.357185122962072
2.775 18.156099208211437
2.785 18.802814174945002
2.795 19.27880968198217
2.805 19.570171578420116
2.815 19.668267471679002
2.8249999999999997 19.570171578420116
2.835 19.27880968198217
2.8449999999999998 18.802814174945002
2.855 18.156099208211437
2.8649999999999998 17.357185122962072
2.875 16.428317929162766
2.885 15.39444220943807
2.895 14.282093485467508
2.905 13.118278313371931
2.915 11.929407245001995
2.925 10.74033788259356
2.935 9.573573562663885
2.945 8.448649015716647
2.955 7.381719077299086
2.965 6.38535156334456
2.975 5.4685119924170005
2.985 4.636716889099638
2.995 3.89232454587385
3.005 3.2349276042185364
3.015 2.6618105490531345
3.025 2.1684368205817295
3.035 1.7489341562055323
3.045 1.3965522892723632
3.055 1.1040735298810078
3.065 0.8641633623905837
3.075 0.6696544464499836
3.085 0.5137628757442154
3.0949999999999998 0.3902399583631994
3.105 0.2934660112941283
3.1149999999999998 0.2184947152561058
3.125 0.16105756179631867
3.135 0.11753801671585438
3.145 0.08492443217004389
3.155 0.06074968079309698
3.165 0.043024160404343176
3.175 0.03016739869187121
3.185 0.02094210713759773
3.195 0.014393285710962815
3.205 0.009793920419099041
3.215 0.006597968692338932
3.225 0.0
3.235 0.0
3.245 0.0
3.255 0.0
3.265 0.0
3.275 0.0
3.285 0.0
3.295 0.0
3.305 0.0
3.315 0.0
3.325 0.0
3.335 0.0
3.3449999999999998 0.0
3.355 0.0
3.3649999999999998 0.0
3.375 0.0
3.385 0.0
3.395 0.0
3.405 0.0
3.415 0.0
3.425 0.0
3.435 0.0
3.445 0.0
3.455 0.0
3.465 0.0
3.475 0.0
3.485 0.0
3.495 0.0
3.505 0.0
3.515 0.0
3.525 0.0
3.535 0.0
3.545 0.0
3.555 0.0
3.565 0.0
3.575 0.0
3.585 0.0
3.5949999999999998 0.0
3.605 0.0
3.6149999999999998 0.0
3.625 0.0
3.635 0.0
3.645 0.0
3.655 0.0
3.665 0.0
3.675 0.0
3.685 0.0
3.695 0.0
3.705 0.0
3.715 0.0
3.725 0.0
3.735 0.0
3.745 0.0
3.755 0.0
3.765 0.0
3.775 0.0
3.785 0.0
3.795 0.0
3.805 0.0
3.815 0.0
3.825 0.0
3.835 0.0
3.8449999999999998 0.0
3.855 0.0
3.8649999999999998 0.0
3.875 0.0
3.885 0.0
3.895 0.002834268388817135
3.905 0.004207143189187044
3.915 0.006182877883182853
3.925 0.008996034237663809
3.935 0.01295891333714467
3.945 0.018481751501945996
3.955 0.026096046818550357
3.965 0.036480717742307815
3.975 0.05049043134272776
3.985 0.06918498366160772
3.995 0.0938580786679141
4.005 0.12606325943452557
4.015 0.16763413553725826
4.025 0.22069548158971694
4.035 0.2876613269183618
4.045 0.37121590219751543
4.055 0.47427334844812646
4.065 0.5999125172283454
4.075 0.7512840730529001
4.085 0.9314884959757579
4.095 1.143425476535095
4.1049999999999995 1.3896175438653569
4.115 1.6720134535037539
4.125 1.9917797006113096
4.135 2.349091272890013
4.145 2.742935126152595
4.155 3.170941544510508
4.165 3.629259238720047
4.175 4.11498745015628
4.185 4.617400652916663
4.195 5.129926687079174
4.205 5.643105595067945
4.215 6.146534619761247
4.225 6.629230222795499
4.235 7.080059715164469
4.245 7.4882226762978945
4.255 7.846169831683649
4.265 8.141622142043534
4.275 8.369521394908674
4.285 8.525459419047
4.295 8.607609925665429
4.305 8.61693798482094
4.315 8.557280468750932
4.325 8.435289259492238
4.335 8.260237352976517
4.345 8.04369620587739
4.355 7.799100118086547
4.365 7.541219580363071
4.375 7.285569956985635
4.385 7.047784416329759
4.395 6.842980657709762
4.405 6.685149871097433
4.415 6.586593800129224
4.425 6.557432131634778
4.435 6.605198105806405
4.445 6.734535603879152
4.455 6.947006334045126
4.465 7.241011322687682
4.475 7.61182685475579
4.485 8.051751338940075
4.495 8.550356284442524
4.505 9.097004767546021
4.515 9.67363869466909
4.525 10.265616270304953
4.535 10.855976994245216
4.545 11.427479702644145
4.555 11.96320464815496
4.565 12.447148049805277
4.575 12.864787776854433
4.585 13.203599243054992
4.595 13.453501816364142
4.605 13.607218124643634
4.615 13.66053153545582
4.625 13.61243072599186
4.635 13.465134503336483
4.645 13.223994708661202
4.655 12.897279934439924
4.665 12.495847678555815
4.675 12.032717228888169
4.685 11.522559803669466
4.695 10.981126075548293
4.705 10.422743628289272
4.715 9.867893619211108
4.725 9.329116163694176
4.735 8.820403839759287
4.745 8.35385547909351
4.755 7.939245355273229
4.765 7.5836925609727395
4.775 7.291445409518766
4.785 7.063790699544159
4.795 6.899092089132928
4.805 6.792955853928335
4.815 6.738516208686967
4.825 6.726826446813227
4.835 6.747336718049356
4.845 6.7884346529608655
4.855 6.838021575682116
4.865 6.884095006644751
4.875 6.915307758788833
4.885 6.921475289641247
4.895 6.894006080666435
4.905 6.826234530700029
4.915 6.713641890723267
4.925 6.553957728369377
4.935 6.3471417948676025
4.945 6.0952534267129135
4.955 5.804045461257386
4.965 5.476245411202574
4.975 5.119867822057174
4.985 4.740882837006595
4.995 4.351270135586142
5.005 3.9567668198557606
5.015 3.565324083620014
5.025 3.1861145504358324
5.035 2.823080354814435
5.045 2.483252114765944
5.055 2.1715488108243277
5.065 1.8903611951081205
5.075 1.6465998377292856
5.085 1.440328633445937
5.095 1.2733918794499146
5.105 1.147157620882541
5.115 1.0626705857145662
5.125 1.0207881361012126
5.135 1.0222875123075845
5.145 1.0679352628005725
5.155 1.158512792888543
5.165 1.2947952492433346
5.175 1.4774843267889348
5.185 1.7070988880886597
5.195 1.9838303822788421
5.205 2.307372803735435
5.215 2.6767392047109944
5.225 3.090078438733163
5.235 3.544506738751429
5.245 4.035968820519143
5.255 4.55914237380648
5.265 5.107398033971439
5.275 5.672824245239465
5.285 6.246322933763152
5.295 6.817777773125954
5.305 7.377898692769119
5.315 7.9114254410790945
5.325 8.411414521841685
5.335 8.86464883628246
5.345 9.262351581602818
5.355 9.592857841168826
5.365 9.849542553468137
5.375 10.026585396251555
5.385 10.120314414343305
5.395 10.129414789561576
5.405 10.05504805242986
5.415 9.900875161207523
5.425 9.672981872900136
5.435 9.381245393703853
5.445 9.033680266976205
5.455 8.643417070317065
5.465 8.223874866861266
5.475 7.789360583777365
5.485 7.3546193881985955
5.495 6.935881855987774
5.505 6.54512546112716
5.515 6.19680863140411
5.525 5.903131048109138
5.535 5.674698104947814
5.545 5.521714960100185
5.555 5.448560185900066
5.565 5.460664987914516
5.575 5.561608241115682
5.585 5.748936775619263
5.595 6.021188377682216
5.605 6.37378205992089
5.615 6.800192226485537
5.625 7.292209394514959
5.635 7.8402568317612085
5.645 8.43375273468483
5.655 9.061504518920636
5.665 9.712118927844873
5.675 10.374409335437694
5.685 11.037780186926145
5.695 11.69256830375722
5.705 12.330322006231665
5.715 12.944001773508369
5.725 13.528090404467914
5.735 14.078606137163948
5.745 14.593018551875126
5.755 15.070073828971758
5.765 15.5083264245224
5.775 15.911105587901389
5.785 16.277498851295086
5.795 16.608413003840482
5.805 16.90441906872346
5.815 17.165463920786628
5.825 17.390648336268065
5.835 17.57690469848003
5.845 17.72409799252118
5.855 17.82663752196735
5.865 17.879886296362542
5.875 17.87863531019574
5.885 17.817424985632695
5.895 17.690915740630665
5.905 17.494282492336467
5.915 17.223606070854167
5.925 16.87623461927869
5.935 16.45109006068584
5.945 15.948898454980991
5.955 15.372328259280756
5.965 14.726026754158811
5.975 14.016551739820482
5.985 13.252202535905209
5.995 12.442760828618376
6.005 11.59915752900579
6.015 10.73308614138724
6.025 9.856585904130188
6.035 8.981619000622
6.045 8.119665434763641
6.055 7.2813568531210136
6.065 6.476166932754978
6.075 5.712171297234873
6.085 4.995884694162589
6.095 4.3321778079815605
6.105 3.7242710137659536
6.115 3.172726527403243
6.125 2.680220912986865
6.135 2.2440748364018113
6.1450000000000005 1.8621068774995395
6.155 1.5301935285195154
6.165 1.2470808052246862
6.175 1.0070692873232967
6.185 0.8057892383841487
6.195 0.638797019571584
6.205 0.5017260232732457
6.215 0.3904062298075429
6.225 0.3009526819150311
6.235 0.22982484473099335
6.245 0.17283581551118157
6.255 0.1296086017523515
6.265 0.09626721526377333
6.275 0.0708207476980779
6.285 0.051602813756850927
6.295 0.037240074773883546
6.305 0.025613922640020315
6.315 0.01817961778611306
6.325 0.012776895291123639
6.335 0.008891944946825403
6.345 0.006127706239252701
6.355 0.0031947823822077817
6.365 0.0021738917045084918
6.375 0.0014645074488160693
6.385 0.0
6.3950000000000005 0.0
6.405 0.0
6.415 0.0
6.425 0.0
6.435 0.0
6.445 0.0
6.455 0.0
6.465 0.0
6.475 0.0
6.485 0.0
6.495 0.0
6.505 0.0
6.515 0.0
6.525 0.0
6.535 0.0
6.545 0.0
6.555 0.0
6.565 0.0
6.575 0.0
6.585 0.0
6.595 0.0
6.605 0.0
6.615 0.0
6.625 0.0
6.635 0.0
6.6450000000000005 0.0
6.655 0.0
6.665 0.0
6.675 0.0
6.685 0.0
6.695 0.0
6.705 0.0
6.715 0.0
6.725 0.0
6.735 0.0
6.745 0.0
6.755 0.0
6.765 0.0
6.775 0.0
6.785 0.0
6.795 0.0
6.805 0.0
6.815 0.0
6.825 0.0
6.835 0.0
6.845 0.0
6.855 0.0
6.865 0.0
6.875 0.0
6.885 0.0
6.8950000000000005 0.0
6.905 0.0
6.915 0.0
6.925 0.0
6.935 0.0
6.945 0.0
6.955 0.0
6.965 0.0
6.975 0.0
6.985 0.0
6.995 0.0
