0.005 0.0
0.015 0.0
0.025 0.0
0.034999999999999996 0.0
0.045 0.0
0.055 0.0
0.065 0.0
0.07500000000000001 0.0
0.085 0.0
0.095 0.0
0.10500000000000001 0.0
0.115 0.0
0.125 0.0
0.135 0.0
0.14500000000000002 0.0
0.155 0.0
0.165 0.0
0.17500000000000002 0.0
0.185 0.0
0.195 0.0
0.20500000000000002 0.0
0.215 0.0
0.225 0.0
0.23500000000000001 0.0
0.245 0.0
0.255 0.0
0.265 0.0
0.275 0.0
0.28500000000000003 0.0
0.295 0.0
0.305 0.0
0.315 0.0
0.325 0.0
0.335 0.0
0.34500000000000003 0.0
0.35500000000000004 0.0
0.365 0.0
0.375 0.0
0.385 0.0
0.395 0.0
0.405 0.0
0.41500000000000004 0.0
0.425 0.0
0.435 0.0
0.445 0.0
0.455 0.0
0.465 0.0
0.47500000000000003 0.0
0.485 0.0
0.495 0.0
0.505 0.0
0.515 0.0
0.525 0.0
0.535 0.0
0.545 0.0
0.555 0.0
0.5650000000000001 0.0
0.5750000000000001 0.0
0.585 0.0
0.595 0.0
0.605 0.0
0.615 0.0
0.625 0.0
0.635 0.0
0.645 0.0
0.655 0.0
0.665 0.0
0.675 0.0
0.685 0.0
0.6950000000000001 0.0
0.7050000000000001 0.0
0.715 0.0
0.725 0.0
0.735 0.0
0.745 0.0
0.755 0.0
0.765 0.0
0.775 0.0
0.785 0.0
0.795 0.0
0.805 0.0
0.8150000000000001 0.0
0.8250000000000001 0.0
0.8350000000000001 0.0
0.845 0.0
0.855 0.0
0.865 0.0
0.875 0.0
0.885 0.0
0.895 0.0
0.905 0.0
0.915 0.0
0.925 0.0
0.935 0.0
0.9450000000000001 0.0
0.9550000000000001 0.0
0.965 0.0
0.975 0.0
0.985 0.0
0.995 0.0
1.005 0.0
1.015 0.0
1.025 0.0
1.035 0.0
1.045 0.0
1.055 0.0
1.065 0.0
1.075 0.0
1.085 0.0
1.095 0.0
1.105 0.0
1.115 0.0
1.125 0.0
1.135 0.0
1.145 0.0
1.155 0.0
1.1649999999999998 0.0
1.1749999999999998 0.0
1.1849999999999998 0.0
1.1949999999999998 0.0
1.2049999999999998 0.0
1.2149999999999999 0.0
1.2249999999999999 0.0
1.2349999999999999 0.0
1.2449999999999999 0.0
1.255 0.0
1.265 0.0
1.275 0.0
1.285 0.0
1.295 0.0
1.305 0.0
1.315 0.0
1.325 0.0
1.335 0.0
1.345 0.0
1.355 0.0
1.365 0.0
1.375 0.0
1.385 0.0
1.395 0.0
1.405 0.0
1.4149999999999998 0.0
1.4249999999999998 0.0
1.4349999999999998 0.0
1.4449999999999998 0.0
1.4549999999999998 0.0
1.4649999999999999 0.0
1.4749999999999999 0.0
1.4849999999999999 0.014714441338157925
1.4949999999999999 0.021841884100594792
1.505 0.032099145681491754
1.515 0.046703981383149414
1.525 0.06727773941876693
1.535 0.095950210422836
1.545 0.13548072990703514
1.555 0.1893939837564617
1.565 0.26212707768332366
1.575 0.3591820688495224
1.585 0.48727537523276493
1.595 0.6544724004138727
1.605 0.8702925465238808
1.615 1.1457668336073457
1.625 1.4934279819433145
1.635 1.9272114942354988
1.645 2.4622464800887096
1.655 3.1145171634459063
1.665 3.9003805937527583
1.6749999999999998 4.835933281859909
1.6849999999999998 5.936229315972678
1.6949999999999998 7.214364706024015
1.7049999999999998 8.680456648094514
1.7149999999999999 10.34056114051018
1.7249999999999999 12.19558665273212
1.7349999999999999 14.240273845410062
1.7449999999999999 16.462320056746798
1.755 18.841730860711127
1.765 21.350478177916298
1.775 23.952534347263608
1.785 26.604334044415157
1.795 29.255691516673973
1.805 31.851170652266518
1.815 34.33187203319979
1.825 36.637567064232435
1.835 38.70907762625878
1.845 40.49077362843587
1.855 41.933043194152226
1.865 42.99458323656827
1.875 43.64436315114843
1.885 43.86313143183883
1.895 43.64436315114843
1.905 42.99458323656827
1.915 41.933043194152226
1.9249999999999998 40.49077362843587
1.9349999999999998 38.70907762625878
1.9449999999999998 36.637567064232435
1.9549999999999998 34.33187203319979
1.9649999999999999 31.851170652266518
1.9749999999999999 29.255691516673973
1.9849999999999999 26.604334044415157
1.9949999999999999 23.952534347263608
2.005 21.350478177916298
2.015 18.841730860711127
2.025 16.462320056746798
2.035 14.240273845410062
2.045 12.19558665273212
2.0549999999999997 10.34056114051018
2.065 8.680456648094514
2.0749999999999997 7.214364706024015
2.085 5.936229315972678
2.0949999999999998 4.835933281859909
2.105 3.9003805937527583
2.1149999999999998 3.1145171634459063
2.125 2.4622464800887096
2.135 1.9272114942354988
2.145 1.4934279819433145
2.155 1.1457668336073457
2.165 0.8702925465238808
2.175 0.6544724004138727
2.185 0.48727537523276493
2.195 0.3591820688495224
2.205 0.26212707768332366
2.215 0.1893939837564617
2.225 0.13548072990703514
2.235 0.095950210422836
2.245 0.06727773941876693
2.255 0.046703981383149414
2.265 0.032099145681491754
2.275 0.021841884100594792
2.285 0.014714441338157925
2.295 0.0
2.305 0.0
2.315 0.0
2.3249999999999997 0.0
2.335 0.0
2.3449999999999998 0.0
2.355 0.0
2.3649999999999998 0.0
2.375 0.0
2.385 0.0
2.395 0.0
2.405 0.0
2.415 0.0
2.425 0.00655134013308717
2.435 0.009724705722900307
2.445 0.014291566802174957
2.455 0.02079410699860706
2.465 0.029954202418447127
2.475 0.04272010400362084
2.485 0.06032035622026661
2.495 0.08432426201131593
2.505 0.11670736282337175
2.515 0.15991935056596168
2.525 0.21695058944230106
2.535 0.29139205521247924
2.545 0.3874820903178309
2.555 0.5101320578652505
2.565 0.6649219259591309
2.5749999999999997 0.8580562263271437
2.585 1.0962709226837148
2.5949999999999998 1.3866827030095288
2.605 1.7365742491291696
2.6149999999999998 2.153112242747706
2.625 2.6429992456518914
2.635 3.2120660205248144
2.645 3.864817066803041
2.655 4.6039487087279936
2.665 5.429865425973989
2.675 6.340225592367999
2.685 7.329551669203415
2.695 8.388941498206886
2.705 9.505916081561239
2.715 10.664434751691473
2.725 11.845100832149832
2.735 13.025570019935133
2.745 14.181160384178382
2.755 15.285648019258888
2.765 16.312217227312484
2.775 17.234520016064916
2.785 18.02778808895833
2.795 18.669932650988347
2.805 19.142564246231082
2.815 19.431867056594925
2.8249999999999997 19.529269695553214
2.835 19.431867056594925
2.8449999999999998 19.142564246231082
2.855 18.669932650988347
2.8649999999999998 18.02778808895833
2.875 17.234520016064916
2.885 16.312217227312484
2.895 15.285648019258888
2.905 14.181160384178382
2.915 13.025570019935133
2.925 11.845100832149832
2.935 10.664434751691473
2.945 9.505916081561239
2.955 8.388941498206886
2.965 7.329551669203415
2.975 6.340225592367999
2.985 5.429865425973989
2.995 4.6039487087279936
3.005 3.864817066803041
3.015 3.2120660205248144
3.025 2.6429992456518914
3.035 2.153112242747706
3.045 1.7365742491291696
3.055 1.3866827030095288
3.065 1.0962709226837148
3.075 0.8580562263271437
3.085 0.6649219259591309
3.0949999999999998 0.5101320578652505
3.105 0.3874820903178309
3.1149999999999998 0.29139205521247924
3.125 0.21695058944230106
3.135 0.15991935056596168
3.145 0.11670736282337175
3.155 0.08432426201131593
3.165 0.06032035622026661
3.175 0.04272010400362084
3.185 0.029954202418447127
3.195 0.02079410699860706
3.205 0.014291566802174957
3.215 0.009724705722900307
3.225 0.00655134013308717
3.235 0.0
3.245 0.0
3.255 0.0
3.265 0.0
3.275 0.0
3.285 0.0
3.295 0.0
3.305 0.0
3.315 0.0
3.325 0.0
3.335 0.0
3.3449999999999998 0.0
3.355 0.0
3.3649999999999998 0.0
3.375 0.0
3.385 0.0
3.395 0.0
3.405 0.0
3.415 0.0
3.425 0.0
3.435 0.0
3.445 0.0
3.455 0.0
3.465 0.0
3.475 0.0
3.485 0.0
3.495 0.0
3.505 0.0
3.515 0.0
3.525 0.0
3.535 0.0
3.545 0.0
3.555 0.0
3.565 0.0
3.575 0.0
3.585 0.0
3.5949999999999998 0.0032759231984136696
3.605 0.004862728606396326
3.6149999999999998 0.007146335601241582
3.625 0.010397856945786902
3.635 0.014978258585137658
3.645 0.021361702628948834
3.655 0.030162508779013875
3.665 0.0421653891418107
3.675 0.058358190771970034
3.685 0.07996585427589666
3.695 0.10848367729743354
3.705 0.14570728646539902
3.715 0.19375601676230558
3.725 0.2581584340363476
3.735 0.33704771353551466
3.745 0.4357642647904117
3.755 0.5579306236456093
3.765 0.7074439817436018
3.775 0.8883907078689399
3.785 1.1049306288904652
3.795 1.3611513155446218
3.805 1.660894938382876
3.815 2.0075628700520434
3.825 2.403905910616323
3.835 2.8518105467590043
3.8449999999999998 3.352093732571752
3.855 3.9043200033229737
3.8649999999999998 4.509529320835946
3.875 5.160035433442715
3.885 5.853070069341336
3.895 6.582509866720122
3.905 7.340914227451659
3.915 8.122526616530504
3.925 8.913660756014073
3.935 9.7063761571006
3.945 10.490709620837352
3.955 11.256924836201097
3.965 11.995884670388232
3.975 12.699397478452955
3.985 13.365956126700064
3.995 13.981858576818855
4.005 14.54725817116569
4.015 15.060538146567872
4.025 15.5219808251751
4.035 15.933740883340732
4.045 16.29975757350459
4.055 16.62561529574171
4.065 16.918362038313383
4.075 17.186293948716937
4.085 17.43871207350943
4.095 17.685654683667174
4.1049999999999995 17.937606209441803
4.115 18.20518222886698
4.125 18.498789632268274
4.135 18.828262252404375
4.145 19.202474882741132
4.155 19.62894242667516
4.165 20.113415435381302
4.175 20.659487866626794
4.185 21.268236848265534
4.195 21.93791692528984
4.205 22.663732213608117
4.215 23.43770878509017
4.225 24.248686409759706
4.235 25.08244365783819
4.245 25.92196369141004
4.255 26.74784037056077
4.265 27.53881615501377
4.275 28.272435300548885
4.285 28.925788581820804
4.295 29.47631968279747
4.305 29.90265883684883
4.315 30.185446512095226
4.325 30.30810906202875
4.335 30.257549345150753
4.345 30.024718331757178
4.355 29.60503856136588
4.365 28.998656818250637
4.375 28.21051130239804
4.385 27.250207546770543
4.395 26.131706933140826
4.405 24.87065640005695
4.415 23.493234056892803
4.425 22.019813815420463
4.435 20.475653273921452
4.445 18.88674521593269
4.455 17.278945097385215
4.465 15.67714113819371
4.475 14.104505763531442
4.485 12.581860942797652
4.495 11.127181870624362
4.505 9.755254081766703
4.515 8.477489243314462
4.525 7.301895295157118
4.535 6.231138610324409
4.545 5.271670855260717
4.555 4.419446300165765
4.565 3.671132421349655
4.575 3.0214835898315138
4.585 2.463798934705382
4.595 1.9924634607044904
4.605 1.5959945814878098
4.615 1.267382899916451
4.625 0.9983476578552946
4.635 0.7809962611596492
4.645 0.6080267253603479
4.655 0.47287382187185795
4.665 0.3698045265410773
4.675 0.2920528047693132
4.685 0.2401550501090498
4.695 0.20826882273098318
4.705 0.19425248381887666
4.715 0.19674704945756305
4.725 0.2132448509780737
4.735 0.24814676866418917
4.745 0.29932668610273283
4.755 0.36791939085385017
4.765 0.45541412105165274
4.775 0.5635411230843294
4.785 0.6941427008910772
4.795 0.8473392892496603
4.805 1.03030202229533
4.815 1.2404444650172417
4.825 1.4787894053483894
4.835 1.7456796880693937
4.845 2.0406467171326703
4.855 2.364195025481813
4.865 2.7110716542671507
4.875 3.079248136508529
4.885 3.4644747173679122
4.895 3.861639986096392
4.905 4.2649327187531725
4.915 4.668066403458131
4.925 5.064558801955483
4.935 5.448053497102346
4.945 5.812665391562164
4.955 6.153328078699747
4.965 6.46611838798945
4.975 6.748532609068077
4.985 6.999690174429263
4.995 7.2204440039749676
5.005 7.413382156794946
5.015 7.582712565952577
5.025 7.734030939264354
5.035 7.87398074276634
5.045 8.0098228127653
5.055 8.14893982360379
5.065 8.298306886481098
5.075 8.46396340917308
5.085 8.650522624962669
5.095 8.86075373424735
5.105 9.095267457843663
5.115 9.35232926588794
5.125 9.627816108301545
5.135 9.915322775308821
5.145 10.206413801982636
5.155 10.49100687781573
5.165 10.757864781018082
5.175 10.99516558907916
5.185 11.191115843634083
5.195 11.334568811962274
5.205 11.415610131155333
5.215 11.42607587781185
5.225 11.359973212059387
5.235 11.213780763807115
5.245 10.98661429230976
5.255 10.680252203800709
5.265 10.299024572431888
5.275 9.849577718737248
5.285 9.340533576408493
5.295 8.78206856288851
5.305 8.185440156562462
5.315 7.5624907394981395
5.325 6.925157530443721
5.335 6.285014810157069
5.345 5.6528704667642256
5.355 5.038433596663102
5.365 4.450063973843947
5.375 3.896175843989833
5.385 3.3796482236359284
5.395 2.905287833447019
5.405 2.4739725448353878
5.415 2.0914458163852228
5.425 1.753096531632919
5.435 1.4589022692880127
5.445 1.2070960629576826
5.455 0.9954373191673218
5.465 0.8229623197085756
5.475 0.6848531162708136
5.485 0.5798593368662377
5.495 0.5060637590759662
5.505 0.46202930233949274
5.515 0.446898411007503
5.525 0.4604574017588514
5.535 0.5031650701251409
5.545 0.5776244422389534
5.555 0.6833380109663783
5.565 0.8236681330542679
5.575 1.001445853294543
5.585 1.2198147404926825
5.595 1.4820568235336373
5.605 1.7900988644550635
5.615 2.14989607954849
5.625 2.5619808082570428
5.635 3.028035662951467
5.645 3.5487230272838524
5.655 4.123469096960681
5.665 4.749015911918904
5.675 5.424760492662619
5.685 6.143666678800901
5.695 6.898909574483907
5.705 7.6820429691470675
5.715 8.483135827719249
5.725 9.290983281798097
5.735 10.093386033639717
5.745 10.877487395979031
5.755 11.630153053754526
5.765 12.33837543011484
5.775 12.989682578603192
5.785 13.572531007953092
5.795 14.076662843153354
5.805 14.493410158559705
5.815 14.815932967979892
5.825 15.039381886909279
5.835 15.160981475732296
5.845 15.180035276462002
5.855 15.097858131022477
5.865 14.917645140694477
5.875 14.644289321286916
5.885 14.284161482865741
5.895 13.844866110916723
5.905 13.334986172659816
5.915 12.763828049691321
5.925 12.141175508915474
5.935 11.477059098703865
5.945 10.781544911942865
5.955 10.06454455408639
5.965 9.335646572820984
5.975 8.603968630297388
5.985 7.8780293161146275
5.995 7.165638612674607
6.005 6.473806477328832
6.015 5.80866961074015
6.025 5.176703598296063
6.035 4.580235659918831
6.045 4.023459229285349
6.055 3.5087824361908484
6.065 3.0377106547103105
6.075 2.6109070954958753
6.085 2.228274557930052
6.095 1.889055549503599
6.105 1.591946895982783
6.115 1.3352240600920484
6.125 1.1180977645310073
6.135 0.9365238574489219
6.1450000000000005 0.7903885532803939
6.155 0.675776321196472
6.165 0.5916950811255206
6.175 0.5366261717375924
6.185 0.5083534590720565
6.195 0.5085375884944634
6.205 0.5352722780176462
6.215 0.5885872687606397
6.225 0.6678156845306245
6.235 0.7760127042748459
6.245 0.912525518820497
6.255 1.078340501568273
6.265 1.2744347537578875
6.275 1.5006513360014482
6.285 1.7599840043352915
6.295 2.0512356055941217
6.305 2.374259299095095
6.315 2.7283458105829537
6.325 3.112144280183669
6.335 3.5236000844123048
6.345 3.95991218089004
6.355 4.416525075595175
6.365 4.891411693133077
6.375 5.378062350159242
6.385 5.8707372953857435
6.3950000000000005 6.364193629236718
6.405 6.8498003311744675
6.415 7.321045916409866
6.425 7.770406329676312
6.435 8.190267948101283
6.445 8.573116132991391
6.455 8.911741947939504
6.465 9.199462807544244
6.475 9.430350943836753
6.485 9.599461578814589
6.495 9.703050802009123
6.505 9.738771639992512
6.515 9.705835940895085
6.525 9.605129715346546
6.535 9.439270635542911
6.545 9.212598552206527
6.555 8.931093080006374
6.565 8.602216338553767
6.575 8.23468352487171
6.585 7.838168764136713
6.595 7.422958231991036
6.605 6.999566465644145
6.615 6.578334735534577
6.625 6.169032074729219
6.635 5.7804799106817155
6.6450000000000005 5.420220185644349
6.655 5.094244477260571
6.665 4.806798130376609
6.675 4.560269052799557
6.685 4.355165928147705
6.695 4.19018549443212
6.705 4.062363557740832
6.715 3.9672998592627513
6.725 3.8994430510206115
6.735 3.852419068156087
6.745 3.8193842612439113
6.755 3.793383856072408
6.765 3.767696661515657
6.775 3.736148404893705
6.785 3.6933785316803283
6.795 3.6350485960898853
6.805 3.5591166423123104
6.815 3.461928141455015
6.825 3.343607995964816
6.835 3.203881451880137
6.845 3.046383305167337
6.855 2.8724787171858774
6.865 2.6855329361354734
6.875 2.4894439251671265
6.885 2.288437581061809
6.8950000000000005 2.086871675829745
6.905 1.8890591337780738
6.915 1.699118560683391
6.925 1.5208568744382367
6.935 1.356866661391268
6.945 1.2120295351405614
6.955 1.0868396627340338
6.965 0.9852579475837153
6.975 0.9076986887363989
6.985 0.8553507532484151
6.995 0.828986822788963
