0.005 0.0
0.015 0.0
0.025 0.0
0.034999999999999996 0.0
0.045 0.0
0.055 0.0
0.065 0.0
0.07500000000000001 0.0
0.085 0.0
0.095 0.0
0.10500000000000001 0.0
0.115 0.0
0.125 0.0
0.135 0.0
0.14500000000000002 0.0
0.155 0.0
0.165 0.0
0.17500000000000002 0.0
0.185 0.0
0.195 0.0
0.20500000000000002 0.0
0.215 0.0
0.225 0.0
0.23500000000000001 0.0
0.245 0.0
0.255 0.0
0.265 0.0
0.275 0.0
0.28500000000000003 0.0
0.295 0.0
0.305 0.0
0.315 0.0
0.325 0.0
0.335 0.0
0.34500000000000003 0.0
0.35500000000000004 0.0
0.365 0.0
0.375 0.0
0.385 0.0
0.395 0.0
0.405 0.0
0.41500000000000004 0.0
0.425 0.0
0.435 0.0
0.445 0.0
0.455 0.0
0.465 0.0
0.47500000000000003 0.0
0.485 0.0
0.495 0.0
0.505 0.0
0.515 0.0
0.525 0.0
0.535 0.0
0.545 0.0
0.555 0.0
0.5650000000000001 0.0
0.5750000000000001 0.0
0.585 0.0
0.595 0.0
0.605 0.0
0.615 0.0
0.625 0.0
0.635 0.0
0.645 0.0
0.655 0.0
0.665 0.0
0.675 0.0
0.685 0.0
0.6950000000000001 0.0
0.7050000000000001 0.0
0.715 0.0
0.725 0.0
0.735 0.0
0.745 0.0
0.755 0.0
0.765 0.0
0.775 0.0
0.785 0.0
0.795 0.0
0.805 0.0
0.8150000000000001 0.0
0.8250000000000001 0.0
0.8350000000000001 0.0
0.845 0.0
0.855 0.0
0.865 0.0
0.875 0.0
0.885 0.0
0.895 0.0
0.905 0.0
0.915 0.0
0.925 0.0
0.935 0.0
0.9450000000000001 0.0
0.9550000000000001 0.0
0.965 0.0
0.975 0.0
0.985 0.0
0.995 0.0
1.005 0.0
1.015 0.0
1.025 0.0
1.035 0.0
1.045 0.0
1.055 0.0
1.065 0.0
1.075 0.0
1.085 0.0
1.095 0.0
1.105 0.0
1.115 0.0
1.125 0.0
1.135 0.0
1.145 0.0
1.155 0.0
1.1649999999999998 0.0
1.1749999999999998 0.0
1.1849999999999998 0.0
1.1949999999999998 0.0
1.2049999999999998 0.0
1.2149999999999999 0.0
1.2249999999999999 0.0
1.2349999999999999 0.0
1.2449999999999999 0.0
1.255 0.0
1.265 0.0
1.275 0.0
1.285 0.0
1.295 0.0
1.305 0.0
1.315 0.0
1.325 0.0
1.335 0.0
1.345 0.0
1.355 0.0
1.365 0.0
1.375 0.0
1.385 0.0
1.395 0.016226971615477072
1.405 0.02408706013253656
1.4149999999999998 0.035398688532189776
1.4249999999999998 0.0515047879030799
1.4349999999999998 0.07419336846114089
1.4449999999999998 0.1058131467752569
1.4549999999999998 0.14940709661497717
1.4649999999999999 0.2088622141969115
1.4749999999999999 0.28907170523592157
1.4849999999999999 0.39610319563373814
1.4949999999999999 0.5373634989673947
1.505 0.7217470796589937
1.515 0.9597518604380945
1.525 1.2635427645280197
1.535 1.6469407785064547
1.545 2.1253138665130984
1.555 2.7153462931070202
1.565 3.4346653362974227
1.575 4.3013094231620315
1.585 5.333029660839673
1.595 6.546427580872773
1.605 7.955945361294072
1.615 9.585617221248613
1.625 11.422605002199399
1.635 13.477289169145099
1.645 15.74493545809988
1.655 18.213395480188325
1.665 20.862483382065907
1.6749999999999998 23.663704793683372
1.6849999999999998 26.58041324973929
1.6949999999999998 29.568448294723336
1.7049999999999998 32.577280487466645
1.7149999999999999 35.551653055572544
1.7249999999999999 38.43367045766108
1.7349999999999999 41.16524378423681
1.7449999999999999 43.690765445409454
1.755 45.959854772718586
1.765 47.929995555057594
1.775 49.56887901174327
1.785 50.85627311227948
1.795 51.78526199538814
1.805 52.362736566552066
1.815 52.6090667542928
1.825 52.55694368543623
1.835 52.2494415347744
1.845 51.737408813466615
1.855 51.07635214286563
1.865 50.32301734767794
1.875 49.5318991655283
1.885 48.751919494798784
1.895 48.02350393382104
1.905 47.37625809715213
1.915 46.827401106429534
1.9249999999999998 46.381057388670676
1.9349999999999998 46.02844414595377
1.9449999999999998 45.748925859468955
1.9549999999999998 45.51184435656326
1.9649999999999999 45.27897835025746
1.9749999999999999 45.00744421942713
1.9849999999999999 44.65282325309933
1.9949999999999999 44.17229135937933
2.005 43.527535549853035
2.015 42.68726606965859
2.025 41.629171225310785
2.035 40.341210071613574
2.045 38.822191758318354
2.0549999999999997 37.08164483057616
2.065 35.1390306078078
2.0749999999999997 33.022397983781204
2.085 30.766609551627454
2.0949999999999998 28.41128895497332
2.105 25.998646141465674
2.1149999999999998 23.571331313736028
2.125 21.170451480949264
2.135 18.83385809147885
2.145 16.594783276236285
2.155 14.48086893791995
2.165 12.513600325098832
2.175 10.70812644983744
2.185 9.073425734387573
2.195 7.612757855037179
2.205 6.313509359626749
2.215 5.194974315061948
2.225 4.232071884591441
2.235 3.413341352732356
2.245 2.7256084303188577
2.255 2.154786572512424
2.265 1.6865612292481142
2.275 1.3069441213658846
2.285 1.0026953061978734
2.295 0.7616194026764287
2.305 0.5727486471788881
2.315 0.42642945950304956
2.3249999999999997 0.314331122128886
2.335 0.22939535576616898
2.3449999999999998 0.1657444193395117
2.355 0.11856329575394255
2.3649999999999998 0.08396893922716452
2.375 0.05887679024048228
2.385 0.04087207059938809
2.395 0.028090935924947144
2.405 0.019114495221712578
2.415 0.012877053891185628
2.425 0.0
2.435 0.0
2.445 0.0
2.455 0.0
2.465 0.0
2.475 0.0
2.485 0.0
2.495 0.0
2.505 0.0
2.515 0.0
2.525 0.0
2.535 0.0
2.545 0.0
2.555 0.0
2.565 0.0
2.5749999999999997 0.0
2.585 0.0
2.5949999999999998 0.0
2.605 0.0
2.6149999999999998 0.0
2.625 0.0
2.635 0.0
2.645 0.0
2.655 0.0
2.665 0.0
2.675 0.0
2.685 0.0
2.695 0.0
2.705 0.0
2.715 0.0
2.725 0.0
2.735 0.0
2.745 0.0
2.755 0.0
2.765 0.0
2.775 0.0
2.785 0.0
2.795 0.0
2.805 0.0
2.815 0.0
2.8249999999999997 0.0
2.835 0.0
2.8449999999999998 0.0
2.855 0.0
2.8649999999999998 0.0
2.875 0.0
2.885 0.0
2.895 0.0
2.905 0.0
2.915 0.0
2.925 0.0
2.935 0.0
2.945 0.0
2.955 0.0
2.965 0.0
2.975 0.0
2.985 0.0
2.995 0.0
3.005 0.0
3.015 0.0
3.025 0.0
3.035 0.0
3.045 0.0
3.055 0.0
3.065 0.0
3.075 0.0
3.085 0.0
3.0949999999999998 0.004280286595816822
3.105 0.006353589755441184
3.1149999999999998 0.009337326497158108
3.125 0.013585729888852089
3.135 0.019570434215822927
3.145 0.027910974674495024
3.155 0.039410014888486285
3.165 0.05509285139483367
3.175 0.0762501947049132
3.185 0.10448253925669125
3.195 0.14174362513320662
3.205 0.19037959909215643
3.215 0.25315956180173904
3.225 0.3332923287480349
3.235 0.434423545279496
3.245 0.5606069123867257
3.255 0.7162433395952653
3.265 0.9059824808005814
3.275 1.1345824411784278
3.285 1.4067255377838705
3.295 1.726790857153507
3.305 2.0985879000686762
3.315 2.528848005327071
3.325 3.013591126728491
3.335 3.5558406559266835
3.3449999999999998 4.1543802231522475
3.355 4.80604853333967
3.3649999999999998 5.505577735084799
3.375 6.245525147210002
3.385 7.016318134037151
3.395 7.806426337097067
3.405 8.60266776019118
3.415 9.39064577568845
3.425 10.155303620849192
3.435 10.881572231389393
3.445 11.555077293845974
3.455 12.16286320560014
3.465 12.694086160587785
3.475 13.140626601405058
3.485 13.497573290691196
3.495 13.763537402032211
3.505 13.94076506817624
3.515 14.035030116928354
3.525 14.055304290651074
3.535 14.013218837405294
3.545 13.922347583054211
3.555 13.797356028101923
3.565 13.653072362851095
3.575 13.503543506846128
3.585 13.36114164915774
3.5949999999999998 13.235784008589007
3.605 13.134320808505235
3.6149999999999998 13.060134365146055
3.625 13.016203968641875
3.635 12.993845956261557
3.645 12.988399799973077
3.655 12.990442454894728
3.665 12.988672389289905
3.675 12.970764220172656
3.685 12.924285920965328
3.695 12.837615122944683
3.705 12.70079294227473
3.715 12.506260179023787
3.725 12.249430944620146
3.735 11.929071773907488
3.745 11.547468869705424
3.755 11.110381043670914
3.765 10.626789944289037
3.775 10.108471258011994
3.785 9.569419952330346
3.795 9.025168841180857
3.805 8.49204267708372
3.815 7.989332693720492
3.825 7.528199096997972
3.835 7.124977760878188
3.8449999999999998 6.792056724162576
3.855 6.539338799140854
3.8649999999999998 6.373862574357211
3.875 6.2995545837659686
3.885 6.317117238569949
3.895 6.424052466943892
3.905 6.6119620573219695
3.915 6.879215562879217
3.925 7.210985978090995
3.935 7.5947984267075
3.945 8.01682468812228
3.955 8.462508905019185
3.965 8.917217173641061
3.975 9.366880695085845
3.985 9.798600026163214
3.995 10.201177547519517
4.005 10.565547029776885
4.015 10.885073414890062
4.025 11.155702680420497
4.035 11.375950666429427
4.045 11.54673046630925
4.055 11.671029598005243
4.065 11.753459674415321
4.075 11.799711589554489
4.085 11.815957276094114
4.095 11.808243978986905
4.1049999999999995 11.781928112989778
4.115 11.741192871544502
4.125 11.686160236811986
4.135 11.623643330639911
4.145 11.549081049267096
4.155 11.459982762740339
4.165 11.352414723863538
4.175 11.221398265640643
4.185 11.061396363790436
4.195 10.866846735588185
4.205 10.63269679757113
4.215 10.354897011261768
4.225 10.03081415322555
4.235 9.65953423165614
4.245 9.242035227149625
4.255 8.781221472084539
4.265 8.281823156350672
4.275 7.750175078455942
4.285 7.193897445868565
4.295 6.621507618552033
4.305 6.041994840910302
4.315 5.464390190698552
4.325 4.897361450158916
4.335 4.348857872003195
4.345 3.8281457039315354
4.355 3.3374378356860857
4.365 2.8828243990785607
4.375 2.467523269355395
4.385 2.0934777862584903
4.395 1.761470732555114
4.405 1.4712887622304651
4.415 1.221921326980365
4.425 1.011778155227064
4.435 0.8367578822274897
4.445 0.6998009639248503
4.455 0.5957336886846728
4.465 0.5227869732124031
4.475 0.47950485658278114
4.485 0.46483939247617595
4.495 0.4782027366204078
4.505 0.5194759704863129
4.515 0.5889754652206376
4.525 0.6873787522617081
4.535 0.8156130444981362
4.545 0.9747108399160085
4.555 1.16563849160015
4.565 1.3891052375289878
4.575 1.6474743012942423
4.585 1.9371355649957867
4.595 2.2583715843509005
4.605 2.609091356150397
4.615 2.986128652042332
4.625 3.3852931870394127
4.635 3.8026173964949948
4.645 4.230297160222787
4.655 4.661220719125623
4.665 5.087657402091202
4.675 5.5015758552706435
4.685 5.895017210131837
4.695 6.260504817079062
4.705 6.591467366548177
4.715 6.882648764205586
4.725 7.130476444406354
4.735 7.333360187064679
4.745 7.491896068685764
4.755 7.608954860015702
4.765 7.689640722063792
4.775 7.743066320511987
4.785 7.775178872110266
4.795 7.797620280484399
4.805 7.821552814067331
4.815 7.858366411794677
4.825 7.91904626115439
4.835 8.013540172540274
4.845 8.150164322735598
4.855 8.335084574617104
4.865 8.571906713726394
4.875 8.861402794155246
4.885 9.201392724485244
4.895 9.586790743811255
4.905 10.009816131077175
4.915 10.460357017655562
4.925 10.926466224192454
4.935 11.394959301302265
4.945 11.852078052518998
4.955 12.284178294633515
4.965 12.678398862857396
4.975 13.023270112749934
4.985 13.309224410369804
4.995 13.528978106779068
5.005 13.677763799768979
5.015 13.753402619765385
5.025 13.75621799654568
5.035 13.688803925814163
5.045 13.555671198248625
5.055 13.362803488957832
5.065 13.117160904912685
5.075 12.826171064148978
5.085 12.497246841438624
5.095 12.137365690616829
5.105 11.752738387402449
5.115 11.348585842594368
5.125 10.929032225250417
5.135 10.49711202105263
5.145 10.054878838206287
5.155 9.602046818374475
5.165 9.142957710599148
5.175 8.67580972995965
5.185 8.201098303590205
5.195 7.719540286525104
5.205 7.232268855583814
5.215 6.74096245221901
5.225 6.247900706515141
5.235 5.755947689563629
5.245 5.268469551250041
5.255 4.789199008825379
5.265 4.322062852931513
5.275 3.8709904434504945
5.285 3.4397211048470138
5.295 3.031626616493226
5.305 2.649561989353151
5.315 2.2957538759537948
5.325 1.9717317535758183
5.335 1.678302901616955
5.345 1.415568541572823
5.355 1.182975598094443
5.365 0.9793965316112754
5.375 0.8032286312635107
5.385 0.6510950463041103
5.395 0.5240715425884801
5.405 0.4177486299658099
5.415 0.32976248223447646
5.425 0.25777149815969974
5.435 0.1981468481467508
5.445 0.15201944086714955
5.455 0.11546972947093334
5.465 0.08835483973425097
5.475 0.06690751340117627
5.485 0.05097173847869935
5.495 0.039603194008440805
5.505 0.032078231304608205
5.515 0.027886842680173444
5.525 0.026725347446832
5.535 0.028490182435974287
5.545 0.0332735807686168
5.555 0.041361309343840476
5.565 0.05470145649413863
5.575 0.07173850411040233
5.585 0.09310408762111241
5.595 0.12301822364180562
5.605 0.16098511573504204
5.615 0.20865694549055702
5.625 0.26787205844441453
5.635 0.3406335607079317
5.645 0.4290741867248391
5.655 0.5354061068775674
5.665 0.6618550816356565
5.675 0.8105793210793872
5.685 0.9835745328680876
5.695 1.1825678692784591
5.705 1.4089047220857802
5.715 1.6634334525486922
5.725 1.9463940646970634
5.735 2.257317420522513
5.745 2.594941761265888
5.755 2.957152977549587
5.765 3.340954243207802
5.775 3.7424693231495993
5.785 4.1569821640904845
5.795 4.57901340206467
5.805 5.00243232767052
5.815 5.420600809283155
5.825 5.826543851585733
5.835 6.213140003237383
5.845 6.573323824464193
5.855 6.901628460161292
5.865 7.189689384367512
5.875 7.432794187054972
5.885 7.626191474347772
5.895 7.766135267996121
5.905 7.850009775311419
5.915 7.876422396784289
5.925 7.846569540091645
5.935 7.759665445566609
5.945 7.619149933610136
5.955 7.428863766385094
5.965 7.193845054888115
5.975 6.92022227724323
5.985 6.615077953724301
5.995 6.286286000852739
6.005 5.942326445023461
6.015 5.592081803993507
6.025 5.244619997284581
6.035 4.908969076474069
6.045 4.59388933475465
6.055 4.307648441860518
6.065 4.057805159274192
6.075 3.851006949087527
6.085 3.692806443395098
6.095 3.5875013424552327
6.105 3.538001906466574
6.115 3.5457298272580853
6.125 3.610551914979591
6.135 3.7307516825277327
6.1450000000000005 3.9030415001381495
6.155 4.122617448327809
6.165 4.3832582383474
6.175 4.677468527019939
6.185 4.996665588289384
6.195 5.331406621483102
6.205 5.671652032587046
6.215 6.008252763429023
6.225 6.3290625688676485
6.235 6.6249473546586675
6.245 6.886652507295442
6.255 7.105910933531657
6.265 7.27572621929259
6.275 7.389601255452739
6.285 7.446127891038062
6.295 7.441887424309037
6.305 7.376859748379381
6.315 7.252896680299493
6.325 7.07364345162628
6.335 6.844392366652584
6.345 6.571875811008557
6.355 6.264008525954498
6.365 5.929591135954494
6.375 5.577008148157924
6.385 5.218147517007343
6.3950000000000005 4.861080946788365
6.405 4.514917036375864
6.415 4.188043444499135
6.425 3.887872229799252
6.435 3.620626305618069
6.445 3.3911723376433676
6.455 3.2029035041156377
6.465 3.0576738380743382
6.475 2.9557844068083488
6.485 2.896020331775725
6.495 2.876836312625394
6.505 2.8926216537789218
6.515 2.9391074308474106
6.525 3.010397632019542
6.535 3.0999477647077875
6.545 3.200832935674665
6.555 3.3060298401858357
6.565 3.4087023712345794
6.575 3.5035543088913577
6.585 3.58330986005347
6.595 3.644056426018767
6.605 3.6823253320814175
6.615 3.695949989191741
6.625 3.685224903846934
6.635 3.6491504189274386
6.6450000000000005 3.5905078655335707
6.655 3.5126536020149564
6.665 3.4191944726948886
6.675 3.317658918274539
6.685 3.2129084519357805
6.695 3.111581176959195
6.705 3.0215868682744116
6.715 2.9479707684767558
6.725 2.8978881466006787
6.735 2.8763152527139235
6.745 2.8903612027917776
6.755 2.9428845672856205
6.765 3.036964067187294
6.775 3.174509162584829
6.785 3.35621920027703
6.795 3.5815827202335546
6.805 3.8489139929821574
6.815 4.155422730055063
6.825 4.497312087019354
6.835 4.869899547372723
6.845 5.267755013106202
6.855 5.684850409272963
6.865 6.114715310323705
6.875 6.550593489244231
6.885 6.985595847889979
6.8950000000000005 7.412845874820171
6.905 7.825614555917982
6.915 8.217442488097314
6.925 8.582247768915245
6.935 8.914419006434255
6.945 9.208893469987043
6.955 9.461220947772862
6.965 9.667614267276676
6.975 9.824987658594182
6.985 9.932179036130321
6.995 9.98576710511087
