0.005 0.0
0.015 0.0
0.025 0.0
0.034999999999999996 0.0
0.045 0.0
0.055 0.0
0.065 0.0
0.07500000000000001 0.0
0.085 0.0
0.095 0.0
0.10500000000000001 0.0
0.115 0.0
0.125 0.0
0.135 0.0
0.14500000000000002 0.0
0.155 0.0
0.165 0.0
0.17500000000000002 0.0
0.185 0.0
0.195 0.0
0.20500000000000002 0.0
0.215 0.0
0.225 0.0
0.23500000000000001 0.0
0.245 0.0
0.255 0.0
0.265 0.0
0.275 0.0
0.28500000000000003 0.0
0.295 0.0
0.305 0.0
0.315 0.0
0.325 0.0
0.335 0.0
0.34500000000000003 0.0
0.35500000000000004 0.0
0.365 0.0
0.375 0.0
0.385 0.0
0.395 0.0
0.405 0.0
0.41500000000000004 0.0
0.425 0.0
0.435 0.0
0.445 0.0
0.455 0.0
0.465 0.0
0.47500000000000003 0.0
0.485 0.0
0.495 0.0
0.505 0.0
0.515 0.0
0.525 0.0
0.535 0.0
0.545 0.0
0.555 0.0
0.5650000000000001 0.0
0.5750000000000001 0.0
0.585 0.0
0.595 0.0
0.605 0.0
0.615 0.0
0.625 0.0
0.635 0.0
0.645 0.0
0.655 0.0
0.665 0.0
0.675 0.0
0.685 0.0
0.6950000000000001 0.0
0.7050000000000001 0.0
0.715 0.0
0.725 0.0
0.735 0.0
0.745 0.0
0.755 0.0
0.765 0.0
0.775 0.0
0.785 0.0
0.795 0.0
0.805 0.0
0.8150000000000001 0.0
0.8250000000000001 0.0
0.8350000000000001 0.0
0.845 0.0
0.855 0.0
0.865 0.0
0.875 0.0
0.885 0.0
0.895 0.0
0.905 0.0
0.915 0.0
0.925 0.0
0.935 0.0
0.9450000000000001 0.0
0.9550000000000001 0.0
0.965 0.0
0.975 0.0
0.985 0.0
0.995 0.0
1.005 0.0
1.015 0.0
1.025 0.0
1.035 0.0
1.045 0.0
1.055 0.0
1.065 0.0
1.075 0.0
1.085 0.0
1.095 0.0
1.105 0.0
1.115 0.0
1.125 0.0
1.135 0.0
1.145 0.0
1.155 0.0
1.1649999999999998 0.0
1.1749999999999998 0.0
1.1849999999999998 0.0
1.1949999999999998 0.0
1.2049999999999998 0.0
1.2149999999999999 0.0
1.2249999999999999 0.0
1.2349999999999999 0.0
1.2449999999999999 0.0
1.255 0.0
1.265 0.0
1.275 0.0
1.285 0.0
1.295 0.0
1.305 0.0
1.315 0.0
1.325 0.0
1.335 0.0
1.345 0.0
1.355 0.0
1.365 0.0
1.375 0.0
1.385 0.0
1.395 0.0
1.405 0.0
1.4149999999999998 0.0
1.4249999999999998 0.0
1.4349999999999998 0.0
1.4449999999999998 0.0
1.4549999999999998 0.0
1.4649999999999999 0.0
1.4749999999999999 0.0
1.4849999999999999 0.0
1.4949999999999999 0.0
1.505 0.0
1.515 0.0
1.525 0.0
1.535 0.0
1.545 0.0
1.555 0.0
1.565 0.0
1.575 0.0
1.585 0.0
1.595 0.0
1.605 0.0
1.615 0.0
1.625 0.0
1.635 0.0
1.645 0.0
1.655 0.0
1.665 0.0
1.6749999999999998 0.0
1.6849999999999998 0.0
1.6949999999999998 0.0
1.7049999999999998 0.0
1.7149999999999999 0.0
1.7249999999999999 0.0
1.7349999999999999 0.0
1.7449999999999999 0.0
1.755 0.0
1.765 0.0
1.775 0.0
1.785 0.0
1.795 0.0
1.805 0.0
1.815 0.0
1.825 0.0
1.835 0.0
1.845 0.0
1.855 0.0
1.865 0.0
1.875 0.0
1.885 0.0
1.895 0.0
1.905 0.0
1.915 0.0
1.9249999999999998 0.0
1.9349999999999998 0.0
1.9449999999999998 0.0
1.9549999999999998 0.0
1.9649999999999999 0.0
1.9749999999999999 0.0
1.9849999999999999 0.0
1.9949999999999999 0.0
2.005 0.0
2.015 0.0
2.025 0.0
2.035 0.0
2.045 0.0
2.0549999999999997 0.0
2.065 0.0
2.0749999999999997 0.0
2.085 0.0
2.0949999999999998 0.0
2.105 0.0
2.1149999999999998 0.0
2.125 0.0
2.135 0.0
2.145 0.0
2.155 0.0
2.165 0.0
2.175 0.0
2.185 0.0
2.195 0.0
2.205 0.0
2.215 0.0
2.225 0.0
2.235 0.0
2.245 0.0
2.255 0.0
2.265 0.0
2.275 0.0
2.285 0.0
2.295 0.0
2.305 0.0
2.315 0.0
2.3249999999999997 0.0
2.335 0.0
2.3449999999999998 0.0
2.355 0.0
2.3649999999999998 0.0
2.375 0.0
2.385 0.0
2.395 0.0
2.405 0.0
2.415 0.0
2.425 0.0
2.435 0.0
2.445 0.0
2.455 0.0
2.465 0.0
2.475 0.0
2.485 0.0
2.495 0.0
2.505 0.0
2.515 0.0
2.525 0.0
2.535 0.0
2.545 0.0
2.555 0.0059875909136233125
2.565 0.008887885293884153
2.5749999999999997 0.013061763515218294
2.585 0.019004753774415874
2.5949999999999998 0.027376614033472753
2.605 0.039043997314269746
2.6149999999999998 0.055129730631280016
2.625 0.07706807687590242
2.635 0.10666458022304946
2.645 0.1461581341999531
2.655 0.1982817792483954
2.665 0.2663174841557335
2.675 0.35413887785513665
2.685 0.46623469585948524
2.695 0.6077047445658599
2.705 0.7842196496846051
2.715 1.0019357386711214
2.725 1.2673573015519684
2.735 1.587140338265153
2.745 1.967834830552789
2.755 2.4155665782111164
2.765 2.9356646010973755
2.775 3.532245782070477
2.785 4.207774424036415
2.795 4.962620200798334
2.805 5.794642985403289
2.815 6.698836586702225
2.8249999999999997 7.667064885839099
2.835 8.68792271495156
2.8449999999999998 9.746749721582031
2.855 10.82581833224268
2.8649999999999998 11.904706993037161
2.875 12.960857677363332
2.885 13.970303072301332
2.895 14.90853499698858
2.905 15.751472729629432
2.915 16.47647930978479
2.925 17.063366704842345
2.935 17.495327889527953
2.945 17.75973591039558
2.955 17.84875695710389
2.965 17.75973591039558
2.975 17.495327889527953
2.985 17.063366704842345
2.995 16.47647930978479
3.005 15.751472729629432
3.015 14.90853499698858
3.025 13.970303072301332
3.035 12.960857677363332
3.045 11.904706993037161
3.055 10.82581833224268
3.065 9.746749721582031
3.075 8.68792271495156
3.085 7.667064885839099
3.0949999999999998 6.698836586702225
3.105 5.794642985403289
3.1149999999999998 4.962620200798334
3.125 4.207774424036415
3.135 3.532245782070477
3.145 2.9356646010973755
3.155 2.4155665782111164
3.165 1.967834830552789
3.175 1.587140338265153
3.185 1.2673573015519684
3.195 1.0019357386711214
3.205 0.7842196496846051
3.215 0.6077047445658599
3.225 0.46623469585948524
3.235 0.35413887785513665
3.245 0.2663174841557335
3.255 0.1982817792483954
3.265 0.1461581341999531
3.275 0.10666458022304946
3.285 0.07706807687590242
3.295 0.055129730631280016
3.305 0.039043997314269746
3.315 0.027376614033472753
3.325 0.019004753774415874
3.335 0.013061763515218294
3.3449999999999998 0.008887885293884153
3.355 0.0059875909136233125
3.3649999999999998 0.0
3.375 0.0
3.385 0.0
3.395 0.0
3.405 0.0
3.415 0.0
3.425 0.0
3.435 0.0
3.445 0.0035365074107507684
3.455 0.005249535691593093
3.465 0.007714792833281658
3.475 0.011224957337982839
3.485 0.016169708286241615
3.495 0.02306092514321275
3.505 0.03256179384042686
3.515 0.045519446624820874
3.525 0.06300030911683718
3.535 0.08632676016051516
3.545 0.11711304126227641
3.555 0.15729761266527698
3.565 0.20916839243644478
3.575 0.2753766048553281
3.585 0.3589343967731147
3.5949999999999998 0.46319106344686656
3.605 0.5917827747457536
3.6149999999999998 0.7485512209609854
3.625 0.9374276982425978
3.635 1.162280884211596
3.645 1.426728917897299
3.655 1.7339193286631926
3.665 2.0862837099413873
3.675 2.4852775762476718
3.685 2.9311192715142282
3.695 3.422544752332243
3.705 3.9565971647092386
3.715 4.52847099586984
3.725 5.1314299037279
3.735 5.756814905754659
3.745 6.39415539767558
3.755 7.031389604106319
3.765 7.655193864596247
3.775 8.251412138597566
3.785 8.805568927617664
3.795 9.303441207352598
3.805 9.731658695913609
3.815 10.078297544799375
3.825 10.333430861827024
3.835 10.489600670143881
3.8449999999999998 10.542180012309764
3.855 10.489600670143881
3.8649999999999998 10.333430861827024
3.875 10.078297544799375
3.885 9.731658695913609
3.895 9.303441207352598
3.905 8.805568927617664
3.915 8.251412138597566
3.925 7.655193864596247
3.935 7.031389604106319
3.945 6.39415539767558
3.955 5.756814905754659
3.965 5.1314299037279
3.975 4.52847099586984
3.985 3.9565971647092386
3.995 3.422544752332243
4.005 2.9311192715142282
4.015 2.4852775762476718
4.025 2.0862837099413873
4.035 1.7339193286631926
4.045 1.426728917897299
4.055 1.162280884211596
4.065 0.9374276982425978
4.075 0.7485512209609854
4.085 0.5917827747457536
4.095 0.46319106344686656
4.1049999999999995 0.3589343967731147
4.115 0.2753766048553281
4.125 0.20916839243644478
4.135 0.15729761266527698
4.145 0.11711304126227641
4.155 0.08632676016051516
4.165 0.06300030911683718
4.175 0.045519446624820874
4.185 0.03256179384042686
4.195 0.02306092514321275
4.205 0.016169708286241615
4.215 0.011224957337982839
4.225 0.007714792833281658
4.235 0.005249535691593093
4.245 0.0035365074107507684
4.255 0.0
4.265 0.0024025035777940434
4.275 0.0035662383295084104
4.285 0.005240994922717906
4.295 0.007625602616612136
4.305 0.0109847873898091
4.315 0.015666291266740903
4.325 0.024462520386704656
4.335 0.03439958576378598
4.345 0.04790759049772658
4.355 0.06607869584657461
4.365 0.0902675718704513
4.375 0.12213006563317592
4.385 0.1636596212597784
4.395 0.21721830185692803
4.405 0.28555857702194953
4.415 0.37183144816711455
4.425 0.47957607456965073
4.435 0.6126859321165417
4.445 0.7753467808133124
4.455 0.9719424225270337
4.465 1.2069254602527106
4.475 1.4846520509921768
4.485 1.8091819536286433
4.495 2.1840479297212028
4.505 2.6120016139406266
4.515 3.094746124659011
4.525 3.632668673615841
4.535 4.224588960390743
4.545 4.8675408953421435
4.555 5.556605895989946
4.565 6.284815411963936
4.575 7.0431383042012445
4.585 7.820565201042143
4.595 8.604297076999934
4.605 9.380039289808586
4.615 10.132395541509492
4.625 10.847419778717947
4.635 11.505886077495552
4.645 12.093735795481482
4.655 12.5966996354602
4.665 13.002276783043529
4.675 13.302313090810376
4.685 13.48633171278657
4.695 13.55155444602721
4.705 13.49726661573106
4.715 13.326271242391037
4.725 13.04484369443566
4.735 12.662544141525274
4.745 12.191899198349851
4.755 11.647971082988239
4.765 11.047837929996614
4.775 10.410012247596988
4.785 9.753825742882084
4.795 9.098807922535537
4.805 8.464083271110743
4.815 7.867807839265872
4.825 7.326661275014052
4.835 6.855405281213537
4.845 6.466514737153815
4.855 6.169883747193444
4.865 5.972605999242659
4.875 5.878827178482198
4.885 5.889666746763794
4.895 6.003206948810175
4.905 6.2145480835007945
4.915 6.515930433277019
4.925 6.896924302566342
4.935 7.344689945087128
4.945 7.844308433494093
4.955 8.379182572304003
4.965 8.931503791886856
4.975 9.482776795909245
4.985 10.01438894972934
4.995 10.508206508093885
5.005 10.947175374383113
5.015 11.317683826870873
5.025 11.603825043020324
5.035 11.796339207687184
5.045 11.88781624741703
5.055 11.87412985161075
5.065 11.754549214458446
5.075 11.530108915699541
5.085 11.210397511512944
5.095 10.801839382842694
5.105 10.31574568434197
5.115 9.765428506160283
5.125 9.165657786894915
5.135 8.530526761567092
5.145 7.879658304313004
5.155 7.226523872420815
5.165 6.586191019558413
5.175 5.974245076944143
5.185 5.400534948275588
5.195 4.878592948484122
5.205 4.41472781251328
5.215 4.017008088572821
5.225 3.6904169910258475
5.235 3.438014742831726
5.245 3.2610343187969923
5.255 3.1590134598413178
5.265 3.1299535246259644
5.275 3.170497953121642
5.285 3.276125389115675
5.295 3.441354407039783
5.305 3.659957961162751
5.315 3.925185904469201
5.325 4.229993157593444
5.335 4.567269467041171
5.345 4.930064460928819
5.355 5.31179930150305
5.365 5.70645413276781
5.375 6.108719222211317
5.385 6.514097627257082
5.395 6.918948676844379
5.405 7.32046465650653
5.415 7.716577710649345
5.425 8.105799790444708
5.435 8.48562389951288
5.445 8.858257665992275
5.455 9.220496224744538
5.465 9.570732650203787
5.475 9.906648939199382
5.485 10.223681005257871
5.495 10.520794072540232
5.505 10.790826567460805
5.515 11.027737935531746
5.525 11.224794926384215
5.535 11.37488280766485
5.545 11.470891848712252
5.555 11.50615152690905
5.565 11.474879432210022
5.575 11.37260937619115
5.585 11.196564033846515
5.595 10.94594149073555
5.605 10.622091924547433
5.615 10.228569616784405
5.625 9.771055657887308
5.635 9.25715706805923
5.645 8.69609761137514
5.655 8.098323461353278
5.665 7.475052424086261
5.675 6.837798255369338
5.685 6.1979016335559685
5.695 5.566096768514986
5.705 4.9521378797339874
5.715 4.364503478581691
5.725 3.8101892494487646
5.735 3.294593059559459
5.745 2.821488888365854
5.755 2.3930807783533306
5.765 2.0101236280742834
5.775 1.6720949528954847
5.785 1.3787673797097284
5.795 1.1256267847970576
5.805 0.9119606695770137
5.815 0.7323497540062869
5.825 0.5830562716894976
5.835 0.46343845694925745
5.845 0.3685329113956464
5.855 0.2967924293589412
5.865 0.2437084001428924
5.875 0.20824755641658965
5.885 0.18904298949930368
5.895 0.18664410291543904
5.905 0.19890029971264608
5.915 0.22724757007354135
5.925 0.27288819793953145
5.935 0.3376554686690403
5.945 0.4239828061417684
5.955 0.5348547918687858
5.965 0.6737369288564428
5.975 0.8444808959808054
5.985 1.0500804759566928
5.995 1.29738935928706
6.005 1.5878267235882646
6.015 1.927922604308354
6.025 2.319465636795611
6.035 2.765135472875124
6.045 3.2665846196498434
6.055 3.8241942859111298
6.065 4.436848318395071
6.075 5.10174057794907
6.085 5.8142312017317135
6.095 6.567766177799289
6.105 7.3538724694532025
6.115 8.162237615829852
6.125 8.98087845549609
6.135 9.79639862400855
6.1450000000000005 10.59432909942036
6.155 11.359540701255483
6.165 12.076712498406451
6.175 12.73083594192662
6.185 13.30773154732477
6.195 13.794553358892337
6.205 14.180256377592634
6.215 14.45600364465438
6.225 14.61549264467074
6.235 14.65518491463709
6.245 14.574427920515735
6.255 14.375464031564428
6.265 14.063327396323839
6.275 13.645635316030653
6.285 13.132285964504502
6.295 12.53507871479354
6.305 11.867276669111835
6.315 11.143133097972418
6.325 10.37740431023965
6.335 9.584871015076587
6.345 8.779888593679358
6.355 7.975984034392936
6.365 7.185513813839048
6.375 6.419392981235867
6.385 5.686901395610269
6.3950000000000005 4.995568750763123
6.405 4.3511359596939165
6.415 3.7575868856676746
6.425 3.217241482085626
6.435 2.7308992622598454
6.445 2.299136613120532
6.455 1.918590321455234
6.465 1.5885973003223137
6.475 1.30429040908514
6.485 1.0628412891150139
6.495 0.8604575898797113
6.505 0.6933109570826186
6.515 0.5577009724287127
6.525 0.4501929416512083
6.535 0.36772897684026085
6.545 0.3077129293241029
6.555 0.2680704254510189
6.565 0.247285550214216
6.575 0.24441566451265634
6.585 0.25908551761827353
6.595 0.2905497518170379
6.605 0.3416031445071357
6.615 0.41110947529176667
6.625 0.502655155176167
6.635 0.6166212888797848
6.6450000000000005 0.7548376533963969
6.655 0.9190843562472746
6.665 1.1100429560660146
6.675 1.33099447745761
6.685 1.581288892959553
6.695 1.8608747537648207
6.705 2.167926622599788
6.715 2.502531370664259
6.725 2.8603164964225725
6.735 3.2381517133496667
6.745 3.6289385971088146
6.755 4.028078825950628
6.765 4.426484281754382
6.775 4.8168394641888765
6.785 5.190650183229701
6.795 5.539318868522447
6.805 5.854513067434439
6.815 6.128552460882482
6.825 6.354792674002113
6.835 6.527982852783202
6.845 6.644574335575186
6.855 6.702959807107022
6.865 6.703625959533856
6.875 6.649207627678675
6.885 6.544437220866837
6.8950000000000005 6.395989570496688
6.905 6.212228553531077
6.915 6.00286756729508
6.925 5.778560724785191
6.935 5.550445226656654
6.945 5.329657589791136
6.955 5.1268472465420505
6.965 4.951710561192931
6.975 4.812566713725424
6.985 4.715994397398266
6.995 4.666545099600238
