0.005 0.0
0.015 0.0
0.025 0.0
0.034999999999999996 0.0
0.045 0.0
0.055 0.0
0.065 0.0
0.07500000000000001 0.0
0.085 0.0
0.095 0.0
0.10500000000000001 0.0
0.115 0.0
0.125 0.0
0.135 0.0
0.14500000000000002 0.0
0.155 0.0
0.165 0.0
0.17500000000000002 0.0
0.185 0.0
0.195 0.0
0.20500000000000002 0.0
0.215 0.0
0.225 0.0
0.23500000000000001 0.0
0.245 0.0
0.255 0.0
0.265 0.0
0.275 0.0
0.28500000000000003 0.0
0.295 0.0
0.305 0.0
0.315 0.0
0.325 0.0
0.335 0.0
0.34500000000000003 0.0
0.35500000000000004 0.0
0.365 0.0
0.375 0.0
0.385 0.0
0.395 0.0
0.405 0.0
0.41500000000000004 0.0
0.425 0.0
0.435 0.0
0.445 0.0
0.455 0.0
0.465 0.0
0.47500000000000003 0.0
0.485 0.0
0.495 0.0
0.505 0.0
0.515 0.0
0.525 0.0
0.535 0.0
0.545 0.0
0.555 0.0
0.5650000000000001 0.0
0.5750000000000001 0.0
0.585 0.0
0.595 0.0
0.605 0.0
0.615 0.0
0.625 0.0
0.635 0.0
0.645 0.0
0.655 0.0
0.665 0.0
0.675 0.0
0.685 0.0
0.6950000000000001 0.0
0.7050000000000001 0.0
0.715 0.0
0.725 0.0
0.735 0.0
0.745 0.0
0.755 0.0
0.765 0.0
0.775 0.0
0.785 0.0
0.795 0.0
0.805 0.0
0.8150000000000001 0.0
0.8250000000000001 0.0
0.8350000000000001 0.0
0.845 0.0
0.855 0.0
0.865 0.0
0.875 0.0
0.885 0.0
0.895 0.0
0.905 0.0
0.915 0.0
0.925 0.0
0.935 0.0
0.9450000000000001 0.0
0.9550000000000001 0.0
0.965 0.0
0.975 0.0
0.985 0.0
0.995 0.0
1.005 0.0
1.015 0.0
1.025 0.0
1.035 0.0
1.045 0.0
1.055 0.0
1.065 0.0
1.075 0.0
1.085 0.0
1.095 0.0
1.105 0.0
1.115 0.0
1.125 0.0
1.135 0.0
1.145 0.0
1.155 0.0
1.1649999999999998 0.0
1.1749999999999998 0.0
1.1849999999999998 0.0
1.1949999999999998 0.0
1.2049999999999998 0.0
1.2149999999999999 0.0
1.2249999999999999 0.0
1.2349999999999999 0.0
1.2449999999999999 0.0
1.255 0.0
1.265 0.0
1.275 0.0
1.285 0.0
1.295 0.0
1.305 0.0
1.315 0.0
1.325 0.0
1.335 0.0
1.345 0.0
1.355 0.0
1.365 0.0
1.375 0.0
1.385 0.0
1.395 0.0
1.405 0.0
1.4149999999999998 0.0
1.4249999999999998 0.0
1.4349999999999998 0.0
1.4449999999999998 0.0
1.4549999999999998 0.0
1.4649999999999999 0.0
1.4749999999999999 0.0
1.4849999999999999 0.0
1.4949999999999999 0.0
1.505 0.0
1.515 0.0
1.525 0.0
1.535 0.0
1.545 0.0
1.555 0.0
1.565 0.0
1.575 0.0
1.585 0.0
1.595 0.0
1.605 0.0
1.615 0.0
1.625 0.0
1.635 0.0
1.645 0.0
1.655 0.0
1.665 0.0
1.6749999999999998 0.0
1.6849999999999998 0.0
1.6949999999999998 0.0
1.7049999999999998 0.0
1.7149999999999999 0.0
1.7249999999999999 0.0
1.7349999999999999 0.0
1.7449999999999999 0.0
1.755 0.0
1.765 0.0
1.775 0.0
1.785 0.0
1.795 0.0
1.805 0.0
1.815 0.0
1.825 0.0
1.835 0.0
1.845 0.0
1.855 0.0
1.865 0.0
1.875 0.0
1.885 0.0
1.895 0.0
1.905 0.0
1.915 0.0
1.9249999999999998 0.0
1.9349999999999998 0.0
1.9449999999999998 0.0
1.9549999999999998 0.0
1.9649999999999999 0.0
1.9749999999999999 0.0
1.9849999999999999 0.0
1.9949999999999999 0.0
2.005 0.0
2.015 0.0
2.025 0.008890852478041517
2.035 0.013197440862214855
2.045 0.019395148097483526
2.0549999999999997 0.02821977396708707
2.065 0.0406509797063935
2.0749999999999997 0.057975640834847485
2.085 0.08186102044507733
2.0949999999999998 0.11443682645569564
2.105 0.15838407484346362
2.1149999999999998 0.21702725326156597
2.125 0.2944245981084043
2.135 0.39544943836501156
2.145 0.5258536471797556
2.155 0.6923024570031637
2.165 0.902368467065396
2.175 1.1644718746337959
2.185 1.4877540856597864
2.195 1.8818731886692495
2.205 2.3567125431629194
2.215 2.921998084369689
2.225 3.5868258883381836
2.235 4.359108908723182
2.245 5.244960221500648
2.255 6.248039020144962
2.265 7.368894225799229
2.275 8.604348007296057
2.285 9.946966772791042
2.295 11.384669364179631
2.305 12.90052047869744
2.315 14.47275125590348
2.3249999999999997 16.075038380970856
2.335 17.677058302126575
2.3449999999999998 19.24531506254782
2.355 20.744220084701567
2.3649999999999998 22.137381667201097
2.375 23.389042833970667
2.385 24.465590420931647
2.395 25.337047627336087
2.405 25.978458041755292
2.415 26.371072156757084
2.425 26.503257706027597
2.435 26.371072156757084
2.445 25.978458041755292
2.455 25.337047627336087
2.465 24.465590420931647
2.475 23.389042833970667
2.485 22.137381667201097
2.495 20.744220084701567
2.505 19.24531506254782
2.515 17.677058302126575
2.525 16.075038380970856
2.535 14.47275125590348
2.545 12.90052047869744
2.555 11.384669364179631
2.565 9.946966772791042
2.5749999999999997 8.604348007296057
2.585 7.368894225799229
2.5949999999999998 6.248039020144962
2.605 5.244960221500648
2.6149999999999998 4.359108908723182
2.625 3.5868258883381836
2.635 2.921998084369689
2.645 2.3567125431629194
2.655 1.8818731886692495
2.665 1.4877540856597864
2.675 1.1644718746337959
2.685 0.902368467065396
2.695 0.6923024570031637
2.705 0.5258536471797556
2.715 0.39544943836501156
2.725 0.2944245981084043
2.735 0.21702725326156597
2.745 0.15838407484346362
2.755 0.11443682645569564
2.765 0.08186102044507733
2.775 0.057975640834847485
2.785 0.0406509797063935
2.795 0.02821977396708707
2.805 0.019395148097483526
2.815 0.013197440862214855
2.8249999999999997 0.008890852478041517
2.835 0.0
2.8449999999999998 0.0
2.855 0.0
2.8649999999999998 0.0
2.875 0.0
2.885 0.0
2.895 0.0
2.905 0.0
2.915 0.0
2.925 0.0
2.935 0.0
2.945 0.0
2.955 0.0
2.965 0.0
2.975 0.0
2.985 0.0
2.995 0.0
3.005 0.0
3.015 0.0
3.025 0.0
3.035 0.0
3.045 0.0
3.055 0.0
3.065 0.0
3.075 0.0
3.085 0.0
3.0949999999999998 0.0
3.105 0.0
3.1149999999999998 0.0
3.125 0.0
3.135 0.0
3.145 0.0
3.155 0.0
3.165 0.0
3.175 0.0
3.185 0.0
3.195 0.0
3.205 0.0
3.215 0.0
3.225 0.0
3.235 0.0
3.245 0.0
3.255 0.0
3.265 0.0
3.275 0.0
3.285 0.0
3.295 0.0
3.305 0.0
3.315 0.0
3.325 0.0
3.335 0.0
3.3449999999999998 0.0
3.355 0.0
3.3649999999999998 0.0
3.375 0.0
3.385 0.0
3.395 0.0
3.405 0.0
3.415 0.0
3.425 0.0
3.435 0.0
3.445 0.0
3.455 0.0
3.465 0.0
3.475 0.0
3.485 0.0
3.495 0.0
3.505 0.0
3.515 0.0
3.525 0.0
3.535 0.0
3.545 0.0
3.555 0.0
3.565 0.0
3.575 0.0
3.585 0.0
3.5949999999999998 0.0
3.605 0.0
3.6149999999999998 0.0
3.625 0.0
3.635 0.0032112950151681
3.645 0.0047667955528986625
3.655 0.007005351011921837
3.665 0.0101927255787332
3.675 0.014682763977386002
3.685 0.020940273935928927
3.695 0.02956745571261105
3.705 0.04133354042893572
3.715 0.05720688666053143
3.725 0.07838826909745483
3.735 0.10634348579998731
3.745 0.14283273885254275
3.755 0.18993355249870209
3.765 0.25005334805112106
3.775 0.32592727944692085
3.785 0.42059664532176483
3.795 0.5373632383255631
3.805 0.6797154721527074
3.815 0.8512231263239142
3.825 1.0553991201453496
3.835 1.295528873518501
3.8449999999999998 1.5744704733016992
3.855 1.8973197139932114
3.8649999999999998 2.261021456916087
3.875 2.6678772141576617
3.885 3.1169781746018645
3.895 3.605957592896081
3.905 4.130869850254138
3.915 4.686139607381307
3.925 5.264595893038132
3.935 5.857601776968868
3.945 6.455284483544263
3.955 7.046863719692719
3.965 7.621068104189371
3.975 8.166621531677286
3.985 8.672773818886078
3.995 9.129843826600895
4.005 9.52973914234426
4.015 9.8664149258804
4.025 10.136236036101192
4.035 10.338211184116178
4.045 10.47407541037203
4.055 10.54820718688467
4.065 10.567378161543395
4.075 10.540346052916842
4.085 10.479912636074703
4.095 10.393144138464312
4.1049999999999995 10.293042209189586
4.115 10.190322572410436
4.125 10.094491941578738
4.135 10.01328010441382
4.145 9.952202247168694
4.155 9.914283590140471
4.165 9.899966374696504
4.175 9.907205513977761
4.185 9.931744896604739
4.195 9.967552568513776
4.205 10.007380919912327
4.215 10.04340854123312
4.225 10.067914334687675
4.235 10.073932248697515
4.245 10.055836798080565
4.255 10.009815175450365
4.265 9.934190773504753
4.275 9.82957458390745
4.285 9.701216311342701
4.295 9.550420585166478
4.305 9.385513642566682
4.315 9.214457736488711
4.325 9.045858434898527
4.335 8.888338165509188
4.345 8.749913169416082
4.355 8.637421344838023
4.365 8.556043907549695
4.375 8.508956000209139
4.385 8.497130981976175
4.395 8.51931094397096
4.405 8.572142972426752
4.415 8.650467823224757
4.425 8.747735965740858
4.435 8.856516299432437
4.445 8.966914128620084
4.455 9.07643197002891
4.465 9.175224970381056
4.475 9.257847353661008
4.485 9.320381012169058
4.495 9.36063434646681
4.505 9.378187579208216
4.515 9.374284731436731
4.525 9.351585048594554
4.535 9.313798130210998
4.545 9.265236375882994
4.555 9.210324809891508
4.565 9.153111337885168
4.575 9.096819776999588
4.585 9.043483672391645
4.595 8.993691381160497
4.605 8.946462870295742
4.615 8.899267062506407
4.625 8.848176430600661
4.635 8.78814397787446
4.645 8.71337776654339
4.655 8.61778061695264
4.665 8.493491996801213
4.675 8.339704873024576
4.685 8.15136718937637
4.695 7.922570916896789
4.705 7.65353168471714
4.715 7.344874134684199
4.725 6.999001081255648
4.735 6.620002137392573
4.745 6.213464345320576
4.755 5.786205224036982
4.765 5.345952887862353
4.775 4.900999642374614
4.785 4.459854760877631
4.795 4.030919254395991
4.805 3.622200828608677
4.815 3.241081459331081
4.825 2.8941437632019618
4.835 2.5870562351165236
4.845 2.3245120444325935
4.855 2.11021188772145
4.865 1.9487648228051349
4.875 1.8390906801090423
4.885 1.7834363762101344
4.895 1.7802267504523903
4.905 1.834737075669262
4.915 1.9402206213699922
4.925 2.0959032187774085
4.935 2.299019746210041
4.945 2.5460654734596324
4.955 2.8328178192473428
4.965 3.154378607824058
4.975 3.5052470159684948
4.985 3.8794310910404466
4.995 4.27060204434243
5.005 4.674080469862198
5.015 5.080777398209531
5.025 5.485970300990967
5.035 5.8843985153585665
5.045 6.271723122099885
5.055 6.644761661679784
5.065 7.001669010651335
5.075 7.342044032961914
5.085 7.666945797597862
5.095 7.977220539594615
5.105 8.280209171170181
5.115 8.578135425209606
5.125 8.876121648372482
5.135 9.179386962642132
5.145 9.492795233489685
5.155 9.820403824508524
5.165 10.166735631095491
5.175 10.530495164067393
5.185 10.914026836175115
5.195 11.312407025800525
5.205 11.722549328913994
5.215 12.138494464124037
5.225 12.552795145936813
5.235 12.956890746524211
5.245 13.34156421250368
5.255 13.699085020312403
5.265 14.017986319299226
5.275 14.291354109041976
5.285 14.5125614099857
5.295 14.676750422358552
5.305 14.781128690944694
5.315 14.825156107514106
5.325 14.810616441989449
5.335 14.741573952057779
5.345 14.62422151382755
5.355 14.468209957818114
5.365 14.280765897548457
5.375 14.073806130462035
5.385 13.858927697996956
5.395 13.647989935034985
5.405 13.452631121300021
5.415 13.283790024505173
5.425 13.151249485495157
5.435 13.063218979328152
5.445 13.02597275742742
5.455 13.043559492030948
5.465 13.11759800982942
5.475 13.24717143719397
5.485 13.428828690497653
5.495 13.655349041261939
5.505 13.921818441555573
5.515 14.216340304121708
5.525 14.527565934735744
5.535 14.843161330462657
5.545 15.15033776448652
5.555 15.436395267197703
5.565 15.689248597501962
5.575 15.897906111978847
5.585 16.052875139877955
5.595 16.146472839622813
5.605 16.173028590085664
5.615 16.12897211096077
5.625 16.01280994833535
5.635 15.82500091168172
5.645 15.567747774469716
5.655 15.244727460619266
5.665 14.86078464441325
5.675 14.420356041624196
5.685 13.932624075254584
5.695 13.402273295112783
5.705 12.835899150941739
5.715 12.23871349073433
5.725 11.619807735323429
5.735 10.983255742199203
5.745 10.334632389732226
5.755 9.679174240955867
5.765 9.021816442288955
5.775 8.367235328949967
5.785 7.719885405563528
5.795 7.0840219143210525
5.805 6.463703478767034
5.815 5.8615791949095035
5.825 5.284029132971678
5.835 4.732597693495283
5.845 4.21022576245368
5.855 3.719398034969492
5.865 3.262084670503474
5.875 2.8396948026123034
5.885 2.453047625621818
5.895 2.102364811354228
5.905 1.7872858193456977
5.915 1.5069055106279992
5.925 1.25983157829008
5.935 1.0442578312148107
5.945 0.8580484069835718
5.955 0.6988275740965497
5.965 0.5640698793627529
5.975 0.4500598982082652
5.985 0.3568563257221733
5.995 0.27921188369798605
6.005 0.21741916486183224
6.015 0.16769551156087037
6.025 0.12811122638266803
6.035 0.09693461582593826
6.045 0.07264097552783558
6.055 0.053911552543629296
6.065 0.03853431205599977
6.075 0.028121912216080597
6.085 0.02031885081283937
6.095 0.014534847857339675
6.105 0.010293875087125802
6.115 0.007217791838798938
6.125 0.005010566921228634
6.135 0.0034437089256251305
6.1450000000000005 0.0023432739293450353
6.155 0.0015786168726920125
6.165 0.0
6.175 0.0
6.185 0.0
6.195 0.0
6.205 0.0
6.215 0.0
6.225 0.0
6.235 0.0
6.245 0.0
6.255 0.0
6.265 0.0
6.275 0.0
6.285 0.0
6.295 0.0
6.305 0.0
6.315 0.0
6.325 0.0
6.335 0.0
6.345 0.0
6.355 0.0
6.365 0.0
6.375 0.0
6.385 0.0
6.3950000000000005 0.0
6.405 0.0
6.415 0.0
6.425 0.0
6.435 0.0
6.445 0.0
6.455 0.0
6.465 0.0
6.475 0.0
6.485 0.0
6.495 0.0
6.505 0.0
6.515 0.0
6.525 0.0
6.535 0.0
6.545 0.0010839841459440072
6.555 0.001609048929448192
6.565 0.0023646813506166065
6.575 0.0034405910634549342
6.585 0.004956219623219842
6.595 0.007068464545006388
6.605 0.009980600685077263
6.615 0.013952284766448527
6.625 0.019310389698215157
6.635 0.0264602412821874
6.6450000000000005 0.03589662490899288
6.655 0.049297687249086716
6.665 0.06572180055112983
6.675 0.08677108551072935
6.685 0.11345851279981405
6.695 0.1469301252321886
6.705 0.18845735226996366
6.715 0.23942099531908168
6.725 0.30128570297863827
6.735 0.37556414666452337
6.745 0.46377065744563106
6.755 0.5673647781788224
6.765 0.6876859854580136
6.775 0.8258816886053914
6.785 0.982831446486791
6.795 1.159071074865314
6.805 1.354720861940479
6.815 1.5694223893564678
6.825 1.802288409812681
6.835 2.0518698277788916
6.845 2.3161430694310043
6.855 2.5925200536822564
6.865 2.8778816679494303
6.875 3.1686342212495164
6.885 3.460786924204153
6.8950000000000005 3.7500471655647805
6.905 4.031929339968058
6.915 4.301872324331153
6.925 4.555360450637135
6.935 4.788042981023731
6.945 4.9958476072450955
6.955 5.17508427830975
6.965 5.322536586524437
6.975 5.435538882679245
6.985 5.512038125733749
6.995 5.550640110458545
