0.005 0.0
0.015 0.0
0.025 0.0
0.034999999999999996 0.0
0.045 0.0
0.055 0.0
0.065 0.0
0.07500000000000001 0.0
0.085 0.0
0.095 0.0
0.10500000000000001 0.0
0.115 0.0
0.125 0.0
0.135 0.0
0.14500000000000002 0.0
0.155 0.0
0.165 0.0
0.17500000000000002 0.0
0.185 0.0
0.195 0.0
0.20500000000000002 0.0
0.215 0.0
0.225 0.0
0.23500000000000001 0.0
0.245 0.0
0.255 0.0
0.265 0.0
0.275 0.0
0.28500000000000003 0.0
0.295 0.0
0.305 0.0
0.315 0.0
0.325 0.0
0.335 0.0
0.34500000000000003 0.0
0.35500000000000004 0.0
0.365 0.0
0.375 0.0
0.385 0.0
0.395 0.0
0.405 0.0
0.41500000000000004 0.0
0.425 0.0
0.435 0.0
0.445 0.0
0.455 0.0
0.465 0.0
0.47500000000000003 0.0
0.485 0.0
0.495 0.0
0.505 0.0
0.515 0.0
0.525 0.0
0.535 0.0
0.545 0.0
0.555 0.0
0.5650000000000001 0.0
0.5750000000000001 0.0
0.585 0.0
0.595 0.0
0.605 0.0
0.615 0.0
0.625 0.0
0.635 0.0
0.645 0.0
0.655 0.0
0.665 0.0
0.675 0.0
0.685 0.0
0.6950000000000001 0.0
0.7050000000000001 0.0
0.715 0.0
0.725 0.0
0.735 0.0
0.745 0.0
0.755 0.0
0.765 0.0
0.775 0.0
0.785 0.0
0.795 0.0
0.805 0.0
0.8150000000000001 0.0
0.8250000000000001 0.0
0.8350000000000001 0.0
0.845 0.0
0.855 0.0
0.865 0.0
0.875 0.0
0.885 0.0
0.895 0.0
0.905 0.0
0.915 0.0
0.925 0.0
0.935 0.0
0.9450000000000001 0.0
0.9550000000000001 0.0
0.965 0.0
0.975 0.0
0.985 0.0
0.995 0.0
1.005 0.0
1.015 0.0
1.025 0.0
1.035 0.0
1.045 0.0
1.055 0.0
1.065 0.0
1.075 0.0
1.085 0.0
1.095 0.0
1.105 0.0
1.115 0.0
1.125 0.0
1.135 0.0
1.145 0.0
1.155 0.0
1.1649999999999998 0.0
1.1749999999999998 0.0
1.1849999999999998 0.0
1.1949999999999998 0.0
1.2049999999999998 0.0
1.2149999999999999 0.0
1.2249999999999999 0.0
1.2349999999999999 0.0
1.2449999999999999 0.0
1.255 0.0
1.265 0.0
1.275 0.0
1.285 0.0
1.295 0.0
1.305 0.0
1.315 0.0
1.325 0.0
1.335 0.0
1.345 0.0
1.355 0.0
1.365 0.0
1.375 0.0
1.385 0.0
1.395 0.0
1.405 0.0
1.4149999999999998 0.0
1.4249999999999998 0.0
1.4349999999999998 0.0
1.4449999999999998 0.0
1.4549999999999998 0.0
1.4649999999999999 0.0
1.4749999999999999 0.0
1.4849999999999999 0.0
1.4949999999999999 0.0
1.505 0.0
1.515 0.0
1.525 0.0
1.535 0.0
1.545 0.0
1.555 0.0
1.565 0.0
1.575 0.0
1.585 0.0
1.595 0.0
1.605 0.0
1.615 0.0
1.625 0.0
1.635 0.0
1.645 0.0
1.655 0.0
1.665 0.0
1.6749999999999998 0.0
1.6849999999999998 0.0
1.6949999999999998 0.0
1.7049999999999998 0.0
1.7149999999999999 0.0
1.7249999999999999 0.0
1.7349999999999999 0.0
1.7449999999999999 0.0
1.755 0.0
1.765 0.0
1.775 0.0
1.785 0.0
1.795 0.0
1.805 0.0
1.815 0.0
1.825 0.0
1.835 0.0
1.845 0.0
1.855 0.0
1.865 0.0
1.875 0.0
1.885 0.0
1.895 0.0
1.905 0.0
1.915 0.0
1.9249999999999998 0.0
1.9349999999999998 0.0
1.9449999999999998 0.0
1.9549999999999998 0.0
1.9649999999999999 0.0
1.9749999999999999 0.0
1.9849999999999999 0.0
1.9949999999999999 0.0
2.005 0.0
2.015 0.0
2.025 0.0
2.035 0.0
2.045 0.0
2.0549999999999997 0.0
2.065 0.0
2.0749999999999997 0.0
2.085 0.0
2.0949999999999998 0.0
2.105 0.0
2.1149999999999998 0.0
2.125 0.0
2.135 0.0
2.145 0.0
2.155 0.0
2.165 0.0
2.175 0.0
2.185 0.0
2.195 0.0
2.205 0.0
2.215 0.0
2.225 0.0
2.235 0.0
2.245 0.0
2.255 0.0
2.265 0.0
2.275 0.0
2.285 0.0
2.295 0.0
2.305 0.0
2.315 0.0
2.3249999999999997 0.0
2.335 0.0
2.3449999999999998 0.006938767372511815
2.355 0.010299796592234381
2.3649999999999998 0.015136728579878352
2.375 0.02202381012912896
2.385 0.031725607003828864
2.395 0.04524644695419778
2.405 0.0638875270001047
2.415 0.08931095410543712
2.425 0.1236090975037054
2.435 0.16937651677344367
2.445 0.22978041757695666
2.455 0.30862413555755
2.465 0.4103966564262443
2.475 0.5402997870482589
2.485 0.7042434786451569
2.495 0.9087991809415916
2.505 1.1611012029941217
2.515 1.4686870930535738
2.525 1.8392702096087852
2.535 2.280441051118714
2.545 2.799298549419197
2.555 3.4020182815739166
2.565 4.0933711300412705
2.5749999999999997 4.876212871851916
2.585 5.750971906434059
2.5949999999999998 6.715168130639647
2.605 7.763000080022172
2.6149999999999998 8.885039148507573
2.625 10.06806836656955
2.635 11.295098468112668
2.645 12.545585713545215
2.655 13.795864422643522
2.665 15.019793046789255
2.675 16.189596874701326
2.685 17.276874405979644
2.695 18.253719504565048
2.705 19.09389914873418
2.715 19.77401827626147
2.725 20.274599932177285
2.735 20.581011271010134
2.745 20.684174019313637
2.755 20.581011271010134
2.765 20.274599932177285
2.775 19.77401827626147
2.785 19.09389914873418
2.795 18.253719504565048
2.805 17.276874405979644
2.815 16.189596874701326
2.8249999999999997 15.019793046789255
2.835 13.795864422643522
2.8449999999999998 12.545585713545215
2.855 11.295098468112668
2.8649999999999998 10.06806836656955
2.875 8.885039148507573
2.885 7.763000080022172
2.895 6.715168130639647
2.905 5.750971906434059
2.915 4.876212871851916
2.925 4.0933711300412705
2.935 3.4020182815739166
2.945 2.799298549419197
2.955 2.280441051118714
2.965 1.8392702096087852
2.975 1.4686870930535738
2.985 1.1611012029941217
2.995 0.9087991809415916
3.005 0.7042434786451569
3.015 0.5402997870482589
3.025 0.4103966564262443
3.035 0.30862413555755
3.045 0.22978041757695666
3.055 0.16937651677344367
3.065 0.1236090975037054
3.075 0.08931095410543712
3.085 0.0638875270001047
3.0949999999999998 0.04524644695419778
3.105 0.031725607003828864
3.1149999999999998 0.02202381012912896
3.125 0.015136728579878352
3.135 0.010299796592234381
3.145 0.006938767372511815
3.155 0.0
3.165 0.0
3.175 0.0
3.185 0.0
3.195 0.0
3.205 0.0
3.215 0.0
3.225 0.0
3.235 0.0
3.245 0.0
3.255 0.0
3.265 0.0
3.275 0.0
3.285 0.0
3.295 0.0
3.305 0.0
3.315 0.0
3.325 0.0
3.335 0.0
3.3449999999999998 0.0
3.355 0.0
3.3649999999999998 0.0
3.375 0.0
3.385 0.0
3.395 0.0
3.405 0.0
3.415 0.0
3.425 0.0
3.435 0.0
3.445 0.0
3.455 0.0
3.465 0.0
3.475 0.0
3.485 0.0
3.495 0.0
3.505 0.0
3.515 0.0
3.525 0.0
3.535 0.0
3.545 0.0
3.555 0.0
3.565 0.0
3.575 0.0
3.585 0.0
3.5949999999999998 0.0
3.605 0.0
3.6149999999999998 0.0
3.625 0.0
3.635 0.0
3.645 0.0
3.655 0.0
3.665 0.0
3.675 0.0
3.685 0.0
3.695 0.0
3.705 0.0
3.715 0.0
3.725 0.0
3.735 0.0
3.745 0.0
3.755 0.0
3.765 0.0
3.775 0.0
3.785 0.0
3.795 0.0
3.805 0.0
3.815 0.0
3.825 0.0
3.835 0.0
3.8449999999999998 0.0
3.855 0.0
3.8649999999999998 0.0
3.875 0.0
3.885 0.0
3.895 0.0
3.905 0.0
3.915 0.0
3.925 0.0
3.935 0.0
3.945 0.0
3.955 0.0
3.965 0.0
3.975 0.0
3.985 0.0
3.995 0.0
4.005 0.0
4.015 0.0
4.025 0.0
4.035 0.0
4.045 0.0
4.055 0.0
4.065 0.0
4.075 0.0
4.085 0.0
4.095 0.0
4.1049999999999995 0.0
4.115 0.0
4.125 0.0
4.135 0.0
4.145 0.0
4.155 0.0
4.165 0.0
4.175 0.0
4.185 0.0
4.195 0.0
4.205 0.0
4.215 0.0
4.225 0.0
4.235 0.0
4.245 0.0
4.255 0.0
4.265 0.0
4.275 0.0
4.285 0.0
4.295 0.0
4.305 0.0
4.315 0.0
4.325 0.0
4.335 0.0
4.345 0.0
4.355 0.0
4.365 0.0
4.375 0.0
4.385 0.0
4.395 0.0
4.405 0.0
4.415 0.0
4.425 0.0
4.435 0.0
4.445 0.0
4.455 0.0
4.465 0.0
4.475 0.0
4.485 0.0
4.495 0.0
4.505 0.0
4.515 0.0
4.525 0.0
4.535 0.0
4.545 0.0
4.555 0.0
4.565 0.0
4.575 0.0
4.585 0.0
4.595 0.0
4.605 0.0
4.615 0.0
4.625 0.0
4.635 0.0
4.645 0.0
4.655 0.0
4.665 0.0
4.675 0.0
4.685 0.004044040038631916
4.695 0.006002909100796415
4.705 0.0088219611848398
4.715 0.012835877784036921
4.725 0.018490261754796504
4.735 0.02637045360729152
4.745 0.03723481467055927
4.755 0.05205205116424879
4.765 0.0720416339974784
4.775 0.09871571976160094
4.785 0.1339202136183434
4.795 0.1798717688716939
4.805 0.23918664817662066
4.815 0.31489655934329075
4.825 0.41044592961407655
4.835 0.5296647196104612
4.845 0.6767109346270156
4.855 0.8559775951071427
4.865 1.071960186903957
4.875 1.329082590806834
4.885 1.6314821936215875
4.895 1.9827582341706813
4.905 2.385691269669191
4.915 2.8419456989985563
4.925 3.3517712011503313
4.935 3.9137223268260715
4.945 4.5244178768523735
4.955 5.178362687834217
4.965 5.87148660660845
4.975 6.588381841912582
4.985 7.319721067938423
4.995 8.052012154074568
5.005 8.770419633998804
5.015 9.45928173686166
5.025 10.102726819840527
5.035 10.685360909460885
5.045 11.192990426617616
5.055 11.613338739012507
5.065 11.936712579528972
5.075 12.15657497553763
5.085 12.269985246682602
5.095 12.277873631341013
5.105 12.185127685586155
5.115 12.00047901317183
5.125 11.736191220455272
5.135 11.407562273415524
5.145 11.032265731467042
5.155 10.62956484257251
5.165 10.219440606175766
5.175 9.821679287288873
5.185 9.45496638942712
5.195 9.136032885461182
5.205 8.878895862501686
5.215 8.694230076138393
5.225 8.588899701546884
5.235 8.565671284516288
5.245 8.623119966302838
5.255 8.755731858800788
5.265 8.954196304736252
5.275 9.205872960922566
5.285 9.495410471356907
5.295 9.80548624507121
5.305 10.117630840875336
5.315 10.413096028006143
5.325 10.673723075886507
5.335 10.882767522207914
5.345 11.025638777461086
5.355 11.09051750260813
5.365 11.068820616192571
5.375 10.955492712136532
5.385 10.749113061465353
5.395 10.451818522359055
5.405 10.06905377525697
5.415 9.609170484063249
5.425 9.082905468641938
5.435 8.502774107871668
5.445 7.882418539490115
5.455 7.235950604535922
5.465 6.5773269962519
5.475 5.919789068903028
5.485 5.275392805191138
5.495 4.651948957690217
5.505 4.06448182469451
5.515 3.5158673883041747
5.525 3.0110421933633686
5.535 2.5530437184958688
5.545 2.1431704738220807
5.555 1.7811981618189214
5.565 1.4671010023090192
5.575 1.1961540204653358
5.585 0.9661940720475044
5.595 0.7736259702865849
5.605 0.6146374622027595
5.615 0.48540274323164057
5.625 0.3822509259215603
5.635 0.30179867702844704
5.645 0.24104847672648613
5.655 0.19745549541854354
5.665 0.16896693655584347
5.675 0.15403792925074108
5.685 0.15162778914598798
5.695 0.1611798451502971
5.705 0.1825872107049914
5.715 0.2161460170149058
5.725 0.2624968647880577
5.735 0.32255471063161134
5.745 0.39742717460942656
5.755 0.48832139115856055
5.765 0.5964400412099821
5.775 0.7204449860441962
5.785 0.8668526923059169
5.795 1.03263499006966
5.805 1.2178826014287625
5.815 1.4220703152497145
5.825 1.6439695561321899
5.835 1.8815836293469943
5.845 2.1321135789104115
5.855 2.3919615900660314
5.865 2.656777117649645
5.875 2.921548483519836
5.885 3.180739695194871
5.895 3.428468905540165
5.905 3.6587215323677835
5.915 3.8655878967343247
5.925 4.043512634910043
5.935 4.187541377493138
5.945 4.2935494921654085
5.955 4.358438183071291
5.965 4.380284945378346
5.975 4.358438183071291
5.985 4.2935494921654085
5.995 4.187541377493138
6.005 4.043512634910043
6.015 3.8655878967343247
6.025 3.6587215323677835
6.035 3.428468905540165
6.045 3.180739695194871
6.055 2.921548483519836
6.065 2.656777117649645
6.075 2.3919615900660314
6.085 2.1321135789104115
6.095 1.8815836293469943
6.105 1.6439695561321899
6.115 1.4220703152497145
6.125 1.2178826014287625
6.135 1.03263499006966
6.1450000000000005 0.8668526923059169
6.155 0.7204449860441962
6.165 0.5928071037398491
6.175 0.482928716211291
6.185 0.38950202227604236
6.195 0.31102368202699593
6.205 0.2458862565547399
6.215 0.19245628889669922
6.225 0.14913755340241622
6.235 0.11441921833517564
6.245 0.0869096486085906
6.255 0.06535729459154882
6.265 0.049837544965307325
6.275 0.03761592636959701
6.285 0.02874422072130457
6.295 0.022649114748259168
6.305 0.018910846846147716
6.315 0.01725667334921623
6.325 0.017555323040538678
6.335 0.01981317319122867
6.345 0.024172451425687896
6.355 0.030911342776676988
6.365 0.04044547005907333
6.375 0.05234975764157157
6.385 0.06961271989312384
6.3950000000000005 0.09164728110026503
6.405 0.11945590503195291
6.415 0.15415326083037195
6.425 0.19694949153691524
6.435 0.2491231388425285
6.445 0.3119825659015183
6.455 0.3868152959789958
6.465 0.4748254713253677
6.475 0.577060611966884
6.485 0.6943299693899273
6.495 0.8271179491163253
6.505 0.9754972175504724
6.515 1.1390470921087072
6.525 1.3167835108763895
6.535 1.507107165225297
6.545 1.7077761528809752
6.555 1.9159087032359594
6.565 2.1280201251570205
6.575 2.3400961745154754
6.585 2.5477026429106324
6.595 2.7461282999602585
6.605 2.9305555974194113
6.615 3.096251012238215
6.625 3.2387648200717387
6.635 3.3541286798331584
6.6450000000000005 3.439038851617578
6.655 3.491013267998042
6.665 3.5085120448243283
6.675 3.491013267998042
6.685 3.439038851617578
6.695 3.3541286798331584
6.705 3.2387648200717387
6.715 3.096251012238215
6.725 2.9305555974194113
6.735 2.7461282999602585
6.745 2.5477026429106324
6.755 2.3400961745154754
6.765 2.1280201251570205
6.775 1.9159087032359594
6.785 1.7077761528809752
6.795 1.507107165225297
6.805 1.3167835108763895
6.815 1.1390470921087072
6.825 0.9754972175504724
6.835 0.8271179491163253
6.845 0.6943299693899273
6.855 0.577060611966884
6.865 0.4748254713253677
6.875 0.3868152959789958
6.885 0.3119825659015183
6.8950000000000005 0.2491231388425285
6.905 0.19694949153691524
6.915 0.15415326083037195
6.925 0.11945590503195291
6.935 0.09282425577084942
6.945 0.07135980248725365
6.955 0.05491729524264529
6.965 0.042711793326606566
6.975 0.034111549383286734
6.985 0.028641787243365194
6.995 0.025985988887238222
