0.005 0.0
0.015 0.0
0.025 0.0
0.034999999999999996 0.0
0.045 0.0
0.055 0.0
0.065 0.0
0.07500000000000001 0.0
0.085 0.0
0.095 0.0
0.10500000000000001 0.0
0.115 0.0
0.125 0.0
0.135 0.0
0.14500000000000002 0.0
0.155 0.0
0.165 0.0
0.17500000000000002 0.0
0.185 0.0
0.195 0.0
0.20500000000000002 0.0
0.215 0.0
0.225 0.0
0.23500000000000001 0.0
0.245 0.0
0.255 0.0
0.265 0.0
0.275 0.0
0.28500000000000003 0.0
0.295 0.0
0.305 0.0
0.315 0.0
0.325 0.0
0.335 0.0
0.34500000000000003 0.0
0.35500000000000004 0.0
0.365 0.0
0.375 0.0
0.385 0.0
0.395 0.0
0.405 0.0
0.41500000000000004 0.0
0.425 0.0
0.435 0.0
0.445 0.0
0.455 0.0
0.465 0.0
0.47500000000000003 0.0
0.485 0.0
0.495 0.0
0.505 0.0
0.515 0.0
0.525 0.0
0.535 0.0
0.545 0.0
0.555 0.0
0.5650000000000001 0.0
0.5750000000000001 0.0
0.585 0.0
0.595 0.0
0.605 0.0
0.615 0.0
0.625 0.0
0.635 0.0
0.645 0.0
0.655 0.0
0.665 0.0
0.675 0.0
0.685 0.0
0.6950000000000001 0.0
0.7050000000000001 0.0
0.715 0.0
0.725 0.0
0.735 0.0
0.745 0.0
0.755 0.0
0.765 0.0
0.775 0.0
0.785 0.0
0.795 0.0
0.805 0.0
0.8150000000000001 0.0
0.8250000000000001 0.0
0.8350000000000001 0.0
0.845 0.0
0.855 0.0
0.865 0.0
0.875 0.0
0.885 0.0
0.895 0.0
0.905 0.0
0.915 0.0
0.925 0.0
0.935 0.0
0.9450000000000001 0.0
0.9550000000000001 0.0
0.965 0.0
0.975 0.0
0.985 0.0
0.995 0.0
1.005 0.0
1.015 0.0
1.025 0.0
1.035 0.0
1.045 0.0
1.055 0.0
1.065 0.0
1.075 0.0
1.085 0.0
1.095 0.0
1.105 0.0
1.115 0.0
1.125 0.0
1.135 0.0
1.145 0.0
1.155 0.0
1.1649999999999998 0.0
1.1749999999999998 0.0
1.1849999999999998 0.0
1.1949999999999998 0.0
1.2049999999999998 0.0
1.2149999999999999 0.0
1.2249999999999999 0.0
1.2349999999999999 0.0
1.2449999999999999 0.0
1.255 0.0
1.265 0.0
1.275 0.0
1.285 0.0
1.295 0.0
1.305 0.017985292031092774
1.315 0.026697083160049997
1.325 0.039234415752714705
1.335 0.057085738077761
1.345 0.08223280536655184
1.355 0.11727883616107056
1.365 0.16559653444978653
1.375 0.2314940831602401
1.385 0.32039490545698895
1.395 0.439024102385626
1.405 0.5955910742187044
1.4149999999999998 0.7999540707814164
1.4249999999999998 1.0637485475663255
1.4349999999999998 1.4004575932169467
1.4449999999999998 1.825399807262991
1.4549999999999998 2.35560839402166
1.4649999999999999 3.0095754897664073
1.4749999999999999 3.8068384271691156
1.4849999999999999 4.767390239215992
1.4949999999999999 5.910905505571826
1.505 7.255784664718261
1.515 8.81803481863581
1.525 10.610022099470683
1.535 12.63914868416796
1.545 14.906524984477823
1.555 17.40572257053798
1.565 20.12170404064913
1.575 23.030030438353407
1.585 26.09644336530209
1.595 29.276906626632854
1.605 32.51817082859437
1.615 35.758894504167124
1.625 38.931318732954324
1.635 41.963451435289414
1.645 44.7816758934769
1.655 47.313659374692854
1.665 49.491405860159965
1.6749999999999998 51.254275324982835
1.6849999999999998 52.55178348222703
1.6949999999999998 53.346001981665204
1.7049999999999998 53.61339992936394
1.7149999999999999 53.346001981665204
1.7249999999999999 52.55178348222703
1.7349999999999999 51.254275324982835
1.7449999999999999 49.491405860159965
1.755 47.313659374692854
1.765 44.7816758934769
1.775 41.963451435289414
1.785 38.931318732954324
1.795 35.758894504167124
1.805 32.51817082859437
1.815 29.276906626632854
1.825 26.09644336530209
1.835 23.030030438353407
1.845 20.12170404064913
1.855 17.40572257053798
1.865 14.906524984477823
1.875 12.63914868416796
1.885 10.610022099470683
1.895 8.81803481863581
1.905 7.255784664718261
1.915 5.910905505571826
1.9249999999999998 4.767390239215992
1.9349999999999998 3.8068384271691156
1.9449999999999998 3.0095754897664073
1.9549999999999998 2.35560839402166
1.9649999999999999 1.825399807262991
1.9749999999999999 1.4004575932169467
1.9849999999999999 1.0637485475663255
1.9949999999999999 0.7999540707814164
2.005 0.5955910742187044
2.015 0.439024102385626
2.025 0.32039490545698895
2.035 0.2314940831602401
2.045 0.16559653444978653
2.0549999999999997 0.11727883616107056
2.065 0.08223280536655184
2.0749999999999997 0.057085738077761
2.085 0.039234415752714705
2.0949999999999998 0.026697083160049997
2.105 0.017985292031092774
2.1149999999999998 0.0
2.125 0.0
2.135 0.0
2.145 0.0
2.155 0.0
2.165 0.0
2.175 0.0
2.185 0.0
2.195 0.0
2.205 0.0
2.215 0.0
2.225 0.0
2.235 0.0
2.245 0.0
2.255 0.0
2.265 0.0
2.275 0.0
2.285 0.0
2.295 0.0
2.305 0.0
2.315 0.0
2.3249999999999997 0.0
2.335 0.0
2.3449999999999998 0.0
2.355 0.0
2.3649999999999998 0.0
2.375 0.0
2.385 0.0
2.395 0.0
2.405 0.0
2.415 0.0
2.425 0.0
2.435 0.0
2.445 0.0
2.455 0.0
2.465 0.0
2.475 0.0
2.485 0.0
2.495 0.0
2.505 0.0
2.515 0.0
2.525 0.0
2.535 0.0
2.545 0.0
2.555 0.0
2.565 0.0
2.5749999999999997 0.0
2.585 0.0
2.5949999999999998 0.0
2.605 0.0
2.6149999999999998 0.0
2.625 0.0
2.635 0.0
2.645 0.0
2.655 0.0
2.665 0.0
2.675 0.0
2.685 0.0
2.695 0.0
2.705 0.0
2.715 0.0
2.725 0.0
2.735 0.0
2.745 0.0
2.755 0.0
2.765 0.0
2.775 0.0
2.785 0.0
2.795 0.0
2.805 0.0
2.815 0.0
2.8249999999999997 0.0
2.835 0.0
2.8449999999999998 0.0
2.855 0.0
2.8649999999999998 0.0
2.875 0.0
2.885 0.0
2.895 0.0
2.905 0.0
2.915 0.0
2.925 0.0
2.935 0.0
2.945 0.0
2.955 0.0
2.965 0.0
2.975 0.004590073432626344
2.985 0.006813432438556635
2.995 0.010013117889874497
3.005 0.014569000563327312
3.015 0.02547002529826011
3.025 0.03658579403731465
3.035 0.05204224868456576
3.045 0.0733099158993775
3.055 0.1022669118569082
3.065 0.14127846889271067
3.075 0.19328044010516238
3.085 0.26186267170780136
3.0949999999999998 0.3513465700495787
3.105 0.46684954872376316
3.1149999999999998 0.6143274566547648
3.125 0.8005847386328069
3.135 1.033241179583151
3.145 1.3206438694209304
3.155 1.6717137345083652
3.165 2.095717825736758
3.175 2.601961683614018
3.185 3.199400574047455
3.195 3.8961741334726807
3.205 4.6990757537881525
3.215 5.61297548512764
3.225 6.640222785518473
3.235 7.780062413824023
3.245 9.028102373332814
3.255 10.375876279810342
3.265 11.81054313242332
3.275 13.314764655877127
3.285 14.866793859460035
3.295 16.440798254855846
3.305 18.007427696459512
3.315 19.534620845597228
3.325 20.98862694965772
3.335 22.335202367930496
3.3449999999999998 23.5409256067369
3.355 24.57456207294313
3.3649999999999998 25.408401664506584
3.375 26.01948970028036
3.385 26.390675093097308
3.395 26.511409083157034
3.405 26.37824268922827
3.415 25.99499018221455
3.425 25.372547783060504
3.435 24.528379597168573
3.445 23.485704588969693
3.455 22.27243734667963
3.465 20.91994995353911
3.475 19.461731375393484
3.485 17.93202384373334
3.495 16.364512783391554
3.505 14.791138477646763
3.515 13.241084913275714
3.525 11.739985464614486
3.535 10.309367788307611
3.545 8.966343042537478
3.555 7.723528702314059
3.565 6.589180933519422
3.575 5.567502481641008
3.585 4.659085711944879
3.5949999999999998 3.861447818390951
3.605 3.1696159856994717
3.6149999999999998 2.5767238796176044
3.625 2.074586532398781
3.635 1.654227695827335
3.645 1.3063412843796036
3.655 1.0216759464646619
3.665 0.7913385387216694
3.675 0.6070179552904094
3.685 0.46113516467025883
3.695 0.34692836718989783
3.705 0.25848396822046094
3.715 0.19072472099969956
3.725 0.13936614106542194
3.735 0.10085136962763853
3.745 0.07227330101603739
3.755 0.05129120175002928
3.765 0.03604741158046896
3.775 0.025088163246248584
3.785 0.01422970529801258
3.795 0.009779923891679145
3.805 0.006654755434125516
3.815 0.004483175902053295
3.825 0.002928962937493394
3.835 0.004347706280208473
3.8449999999999998 0.006389451414813982
3.855 0.009296596952674461
3.8649999999999998 0.013391878138444878
3.875 0.021960087406395084
3.885 0.031214531195139644
3.895 0.043940424325081676
3.905 0.061257750417315376
3.915 0.08457694394725009
3.925 0.115649016048793
3.935 0.15661589736746798
3.945 0.2100577452025438
3.955 0.27903300677516224
3.965 0.36710610098333096
3.975 0.47835677731438486
3.985 0.6173646530731428
3.995 0.7891622523129525
4.005 0.9991502071167432
4.015 1.252969255934183
4.025 1.5563253746654853
4.035 1.914766843211786
4.045 2.3334152530614873
4.055 2.8166562860166398
4.065 3.3678003344605583
4.075 3.9913382393497465
4.085 4.683410258782649
4.095 5.44390499237371
4.1049999999999995 6.271213045081588
4.115 7.15472277888794
4.125 8.08699399984239
4.135 9.056347915227539
4.145 10.048771620851447
4.155 11.048251800837566
4.165 12.03725442493356
4.175 12.997338522506539
4.185 13.909881298228257
4.195 14.756881544746488
4.205 15.5217994192414
4.215 16.190384061026286
4.225 16.75143698635365
4.235 17.19745924645791
4.245 17.52513424535136
4.255 17.735605841804905
4.265 17.83452253748314
4.275 17.831832506887544
4.285 17.74133002339962
4.295 17.579970362623335
4.305 17.3669863065777
4.315 17.122853719028846
4.325 16.868165201613593
4.335 16.6248106424883
4.345 16.406672509148503
4.355 16.22973281755925
4.365 16.106822164620258
4.375 16.040507469455143
4.385 16.033749696447806
4.395 16.083239011176836
4.405 16.181226665723614
4.415 16.31609991227429
4.425 16.473200513076506
4.435 16.635835312522033
4.445 16.78641444922165
4.455 16.907644177077728
4.465 16.983697559810743
4.475 17.001287774470214
4.485 16.950575298466312
4.495 16.825851380816093
4.505 16.62595509545423
4.515 16.354398858006796
4.525 16.019196294467747
4.535 15.632405444056571
4.545 15.209418156835952
4.555 14.768042042120841
4.565 14.327433487261725
4.575 13.906948425607474
4.585 13.524981321212088
4.595 13.19786219734801
4.605 12.938876690819308
4.615 12.757465530291928
4.625 12.65864816837629
4.635 12.640747779646654
4.645 12.703817830560741
4.655 12.83593177487326
4.665 13.023961503200146
4.675 13.251350650610053
4.685 13.499109120486152
4.695 13.747991672749336
4.705 13.975590674839827
4.715 14.1616392140049
4.725 14.287541344537097
4.735 14.339285763154374
4.745 14.301246073957735
4.755 14.166192344828467
4.765 13.929914471028926
4.775 13.594629966921831
4.785 13.16202792782418
4.795 12.642260518421306
4.805 12.047821931818426
4.815 11.394240591742573
4.825 10.69937253051361
4.835 9.982642950674574
4.845 9.264279182132064
4.855 8.564573506339908
4.865 7.903207156179111
4.875 7.298658070253421
4.885 6.765964264366383
4.895 6.32388676921256
4.905 5.982197224922828
4.915 5.748938300777072
4.925 5.6351424059859365
4.935 5.642512066808383
4.945 5.772461850013215
4.955 6.023560080847064
4.965 6.391573408663254
4.975 6.869536481872593
4.985 7.447849750177891
4.995 8.114412215626567
5.005 8.854798443147267
5.015 9.652489933696238
5.025 10.489169880567692
5.035 11.345087410328901
5.045 12.199492900363675
5.055 13.03114028954827
5.065 13.818846014081675
5.075 14.542087939322327
5.085 15.181622065632896
5.095 15.720090456644403
5.105 16.14259126001758
5.115 16.43718119856092
5.125 16.595282653575964
5.135 16.611971393500617
5.145 16.48457148925095
5.155 16.2194073587084
5.165 15.82056564640093
5.175 15.296272923715208
5.185 14.662813083713296
5.195 13.933052426554568
5.205 13.123938016712792
5.215 12.253548110363539
5.225 11.340429658783158
5.235 10.402953622971078
5.245 9.458718796758728
5.255 8.524030232898236
5.265 7.613472354233545
5.275 6.739589932594668
5.285 5.91268289293772
5.295 5.140713898056648
5.305 4.429321378269101
5.315 3.7819254805587468
5.325 3.1999105878400673
5.335 2.6828657299490977
5.345 2.228863368268741
5.355 1.8347575612497449
5.365 1.496484190160523
5.375 1.2093484619304178
5.385 0.9682879979851213
5.395 0.7681031554994802
5.405 0.6036495303917339
5.415 0.4699906285213148
5.425 0.3625112929680295
5.435 0.27699453643965044
5.445 0.20966590692836695
5.455 0.15721042427987042
5.465 0.11828747768266694
5.475 0.08816558148515843
5.485 0.06592346378789517
5.495 0.04866915998621796
5.505 0.038371794523354805
5.515 0.032212341205811186
5.525 0.029668635670504206
5.535 0.030473016962018512
5.545 0.0332735807686168
5.555 0.041361309343840476
5.565 0.0532320345954002
5.575 0.06955731747412203
5.585 0.08989858450269882
5.595 0.11835424412498197
5.605 0.15426658790733655
5.615 0.19907511107743167
5.625 0.2543426048411569
5.635 0.32172019112594424
5.645 0.40289750360460824
5.655 0.49953726310210017
5.665 0.6131945113409336
5.675 0.7466387165354496
5.685 0.898767796569606
5.695 1.0712391209909546
5.705 1.2656665770863098
5.715 1.4795368852332134
5.725 1.7128059592037652
5.735 1.9637901957746176
5.745 2.2300883032656595
5.755 2.508608976547362
5.765 2.795644842695734
5.775 3.0869945405600268
5.785 3.3781312271592463
5.795 3.6644118269598853
5.805 3.941317272403358
5.815 4.204710194482852
5.825 4.451093400025409
5.835 4.677850388376142
5.845 4.883448425725619
5.855 5.067585524041238
5.865 5.23126514861987
5.875 5.376786540801353
5.885 5.507643974140194
5.895 5.628334703888444
5.905 5.744082343551536
5.915 5.8604893512348095
5.925 5.983138642923855
5.935 6.117169500437679
5.945 6.266856412086579
5.955 6.435220898025011
5.965 6.623705512565758
5.975 6.831936048930134
5.985 7.058875123732042
5.995 7.298307154752276
6.005 7.545063665070299
6.015 7.791562806146482
6.025 8.029028649070394
6.035 8.24920908239828
6.045 8.440455770221572
6.055 8.594283296919931
6.065 8.702266227621724
6.075 8.757394892161482
6.085 8.755762023812522
6.095 8.692537977922559
6.105 8.568115792836645
6.115 8.384616428607554
6.125 8.146688851994906
6.135 7.861353031569497
6.1450000000000005 7.5377275935729315
6.155 7.186660952251938
6.165 6.820289192867019
6.175 6.451546448072508
6.185 6.093653968344609
6.195 5.7596127347170025
6.205 5.4617216425485156
6.215 5.211139447365426
6.225 5.0175043003981274
6.235 4.8886202871412285
6.245 4.830216320597528
6.255 4.84577932368393
6.265 4.936461020490841
6.275 5.1000420886353455
6.285 5.335377129856645
6.295 5.635275487433939
6.305 5.992017903559034
6.315 6.39606325276846
6.325 6.8363241538527415
6.335 7.300486097555407
6.345 7.7753635877468765
6.355 8.247285341724103
6.365 8.702498907533741
6.375 9.12758331956194
6.385 9.509856855653167
6.3950000000000005 9.837765816989615
6.405 10.10123974149454
6.415 10.291998748708096
6.425 10.403799894167694
6.435 10.432611495922949
6.445 10.376707309548635
6.455 10.23667601436503
6.465 10.015345508824524
6.475 9.717625726543282
6.485 9.349332883606872
6.495 8.920997001649928
6.505 8.440784113425911
6.515 7.91817404564575
6.525 7.366222811865385
6.535 6.794514163444282
6.545 6.213739292821912
6.555 5.63397695750707
6.565 5.06442372846346
6.575 4.513180573921723
6.585 3.987101091482082
6.595 3.491702953888038
6.605 3.031140595473544
6.615 2.608234060938701
6.625 2.2245464400418014
6.635 1.880500534784818
6.6450000000000005 1.575524398403455
6.655 1.3082151332086431
6.665 1.0765107662223592
6.675 0.877861022493283
6.685 0.709389241311664
6.695 0.5680393719258471
6.705 0.4507037860113349
6.715 0.35432941197895473
6.725 0.27600131382976933
6.735 0.21300421814678805
6.745 0.16286358365534728
6.755 0.12336858734628443
6.765 0.09257987629237427
6.775 0.06882513405517604
6.785 0.05068547937763095
6.795 0.03612013089691492
6.805 0.026154597477178354
6.815 0.018756193268491428
6.825 0.013320926955680684
6.835 0.009369416035449829
6.845 0.005684274877262417
6.855 0.003946004582465406
6.865 0.0027120466435885207
6.875 0.0018454138640463242
6.885 0.001243218484361133
6.8950000000000005 0.0
6.905 0.0
6.915 0.0
6.925 0.0
6.935 0.0
6.945 0.0
6.955 0.0
6.965 0.0
6.975 0.0
6.985 0.0
6.995 0.0
