0.005 0.0
0.015 0.0
0.025 0.0
0.034999999999999996 0.0
0.045 0.0
0.055 0.0
0.065 0.0
0.07500000000000001 0.0
0.085 0.0
0.095 0.0
0.10500000000000001 0.0
0.115 0.0
0.125 0.0
0.135 0.0
0.14500000000000002 0.0
0.155 0.0
0.165 0.0
0.17500000000000002 0.0
0.185 0.0
0.195 0.0
0.20500000000000002 0.0
0.215 0.0
0.225 0.0
0.23500000000000001 0.0
0.245 0.0
0.255 0.0
0.265 0.0
0.275 0.0
0.28500000000000003 0.0
0.295 0.0
0.305 0.0
0.315 0.0
0.325 0.0
0.335 0.0
0.34500000000000003 0.0
0.35500000000000004 0.0
0.365 0.0
0.375 0.0
0.385 0.0
0.395 0.0
0.405 0.0
0.41500000000000004 0.0
0.425 0.0
0.435 0.0
0.445 0.0
0.455 0.0
0.465 0.0
0.47500000000000003 0.0
0.485 0.0
0.495 0.0
0.505 0.0
0.515 0.0
0.525 0.0
0.535 0.0
0.545 0.0
0.555 0.0
0.5650000000000001 0.0
0.5750000000000001 0.0
0.585 0.0
0.595 0.0
0.605 0.0
0.615 0.0
0.625 0.0
0.635 0.0
0.645 0.0
0.655 0.0
0.665 0.0
0.675 0.0
0.685 0.0
0.6950000000000001 0.0
0.7050000000000001 0.0
0.715 0.0
0.725 0.0
0.735 0.0
0.745 0.0
0.755 0.0
0.765 0.0
0.775 0.0
0.785 0.0
0.795 0.0
0.805 0.0
0.8150000000000001 0.0
0.8250000000000001 0.0
0.8350000000000001 0.0
0.845 0.0
0.855 0.0
0.865 0.0
0.875 0.0
0.885 0.0
0.895 0.0
0.905 0.0
0.915 0.0
0.925 0.0
0.935 0.0
0.9450000000000001 0.0
0.9550000000000001 0.0
0.965 0.0
0.975 0.0
0.985 0.0
0.995 0.0
1.005 0.0
1.015 0.0
1.025 0.0
1.035 0.0
1.045 0.0
1.055 0.0
1.065 0.0
1.075 0.0
1.085 0.0
1.095 0.0
1.105 0.0
1.115 0.0
1.125 0.0
1.135 0.0
1.145 0.0
1.155 0.0
1.1649999999999998 0.0
1.1749999999999998 0.0
1.1849999999999998 0.0
1.1949999999999998 0.0
1.2049999999999998 0.0
1.2149999999999999 0.0
1.2249999999999999 0.0
1.2349999999999999 0.0
1.2449999999999999 0.0
1.255 0.0
1.265 0.0
1.275 0.0
1.285 0.0
1.295 0.0
1.305 0.0
1.315 0.0
1.325 0.0
1.335 0.0
1.345 0.0
1.355 0.0
1.365 0.0
1.375 0.0
1.385 0.0
1.395 0.016226971615477072
1.405 0.02408706013253656
1.4149999999999998 0.035398688532189776
1.4249999999999998 0.0515047879030799
1.4349999999999998 0.07419336846114089
1.4449999999999998 0.1058131467752569
1.4549999999999998 0.14940709661497717
1.4649999999999999 0.2088622141969115
1.4749999999999999 0.28907170523592157
1.4849999999999999 0.39610319563373814
1.4949999999999999 0.5373634989673947
1.505 0.7217470796589937
1.515 0.9597518604380945
1.525 1.2635427645280197
1.535 1.6469407785064547
1.545 2.1253138665130984
1.555 2.7153462931070202
1.565 3.4346653362974227
1.575 4.3013094231620315
1.585 5.333029660839673
1.595 6.546427580872773
1.605 7.955945361294072
1.615 9.572740167357427
1.625 11.403490506977686
1.635 13.449198233220152
1.645 15.704063387500492
1.655 18.154518689947842
1.665 20.77851444283874
1.6749999999999998 23.54514149792943
1.6849999999999998 26.41466883039978
1.6949999999999998 29.339052938957167
1.7049999999999998 32.26294936533776
1.7149999999999999 35.125223596069496
1.7249999999999999 37.86092181048219
1.7349999999999999 40.40362438156038
1.7449999999999999 42.68807013921158
1.755 44.6529106513527
1.765 46.24343432580948
1.775 47.41409243923085
1.785 48.130664681960624
1.795 48.37192064265579
1.805 48.130664681960624
1.815 47.41409243923085
1.825 46.24343432580948
1.835 44.6529106513527
1.845 42.68807013921158
1.855 40.40362438156038
1.865 37.86092181048219
1.875 35.125223596069496
1.885 32.26294936533776
1.895 29.339052938957167
1.905 26.41466883039978
1.915 23.54514149792943
1.9249999999999998 20.77851444283874
1.9349999999999998 18.154518689947842
1.9449999999999998 15.704063387500492
1.9549999999999998 13.449198233220152
1.9649999999999999 11.403490506977686
1.9749999999999999 9.572740167357427
1.9849999999999999 7.955945361294072
1.9949999999999999 6.546427580872773
2.005 5.333029660839673
2.015 4.3013094231620315
2.025 3.4346653362974227
2.035 2.7153462931070202
2.045 2.1253138665130984
2.0549999999999997 1.6469407785064547
2.065 1.2635427645280197
2.0749999999999997 0.9597518604380945
2.085 0.7217470796589937
2.0949999999999998 0.5373634989673947
2.105 0.39610319563373814
2.1149999999999998 0.28907170523592157
2.125 0.2088622141969115
2.135 0.14940709661497717
2.145 0.1058131467752569
2.155 0.07419336846114089
2.165 0.0515047879030799
2.175 0.035398688532189776
2.185 0.02408706013253656
2.195 0.016226971615477072
2.205 0.0
2.215 0.0
2.225 0.0
2.235 0.0
2.245 0.0
2.255 0.0
2.265 0.0
2.275 0.0
2.285 0.0
2.295 0.0
2.305 0.0
2.315 0.0
2.3249999999999997 0.0
2.335 0.0
2.3449999999999998 0.0
2.355 0.0
2.3649999999999998 0.0
2.375 0.0
2.385 0.0
2.395 0.0
2.405 0.0
2.415 0.0
2.425 0.0
2.435 0.0
2.445 0.0
2.455 0.0
2.465 0.0
2.475 0.0
2.485 0.0
2.495 0.0
2.505 0.0
2.515 0.0
2.525 0.0
2.535 0.006069471469016961
2.545 0.009009427495854308
2.555 0.013240383675893126
2.565 0.019264644574675478
2.5749999999999997 0.027750990371835822
2.585 0.03957792560546389
2.5949999999999998 0.05588363199627153
2.605 0.0781219860404984
2.6149999999999998 0.10812322280493027
2.625 0.14815685277913365
2.635 0.2009932908468848
2.645 0.26995938685554816
2.655 0.35898174177546327
2.665 0.4726104747648049
2.675 0.6160151322857678
2.685 0.7949438860917196
2.695 1.0156372516726986
2.705 1.2846884654925712
2.715 1.6088445485660152
2.725 1.9947450539085665
2.735 2.448599551884091
2.745 2.975809936918567
2.755 3.5805493904156536
2.765 4.265315914726332
2.775 5.030484238958418
2.785 5.873884969833653
2.795 6.790443456330287
2.805 7.7719123178276925
2.815 8.806730420317463
2.8249999999999997 9.880036930410911
2.835 10.973861849313613
2.8449999999999998 12.067504357528225
2.855 13.138097946498275
2.8649999999999998 14.161347549300414
2.875 15.112409834676908
2.885 15.966874775957525
2.895 16.701795851325322
2.905 17.29670895598029
2.915 17.734577227876898
2.925 18.00260103945426
2.935 18.092839452687997
2.945 18.00260103945426
2.955 17.734577227876898
2.965 17.29670895598029
2.975 16.701795851325322
2.985 15.966874775957525
2.995 15.112409834676908
3.005 14.161347549300414
3.015 13.138097946498275
3.025 12.067504357528225
3.035 10.973861849313613
3.045 9.880036930410911
3.055 8.806730420317463
3.065 7.7719123178276925
3.075 6.790443456330287
3.085 5.873884969833653
3.0949999999999998 5.030484238958418
3.105 4.265315914726332
3.1149999999999998 3.5805493904156536
3.125 2.975809936918567
3.135 2.448599551884091
3.145 1.9947450539085665
3.155 1.6088445485660152
3.165 1.2846884654925712
3.175 1.0156372516726986
3.185 0.7949438860917196
3.195 0.6160151322857678
3.205 0.4726104747648049
3.215 0.35898174177546327
3.225 0.26995938685554816
3.235 0.2009932908468848
3.245 0.14815685277913365
3.255 0.10812322280493027
3.265 0.0781219860404984
3.275 0.05588363199627153
3.285 0.03957792560546389
3.295 0.027750990371835822
3.305 0.019264644574675478
3.315 0.013240383675893126
3.325 0.009009427495854308
3.335 0.006069471469016961
3.3449999999999998 0.0
3.355 0.0
3.3649999999999998 0.0
3.375 0.0
3.385 0.0
3.395 0.0
3.405 0.0
3.415 0.0
3.425 0.0
3.435 0.0
3.445 0.0
3.455 0.0
3.465 0.0
3.475 0.0
3.485 0.0
3.495 0.0
3.505 0.0
3.515 0.0
3.525 0.0
3.535 0.0
3.545 0.0
3.555 0.0
3.565 0.0
3.575 0.0
3.585 0.0
3.5949999999999998 0.0
3.605 0.0
3.6149999999999998 0.00324336765870535
3.625 0.004814403677926397
3.635 0.007075316594279557
3.645 0.010294524900382445
3.655 0.014829407326241826
3.665 0.021149413843146152
3.675 0.029862759153402006
3.685 0.04174635703471255
3.695 0.05777823749409631
3.705 0.07917116789697015
3.715 0.10740558588623336
3.725 0.14425927347394277
3.735 0.1918305040700405
3.745 0.2525507429835264
3.755 0.3291824613605699
3.765 0.42479733265028846
3.775 0.5427301259865946
3.785 0.6865040954159506
3.795 0.8626956783583948
3.805 1.0703499772098688
3.815 1.3149490662172312
3.825 1.5996254552052147
3.835 1.9269365514992096
3.8449999999999998 2.2986472503438122
3.855 2.7155149369205054
3.8649999999999998 3.1770920161129172
3.875 3.6815626260805097
3.885 4.225630506042136
3.895 4.804473804199485
3.905 5.411779770034217
3.915 6.0398677739575275
3.925 6.679903118849752
3.935 7.322197029222483
3.945 7.956580582108355
3.955 8.5728328784902
3.965 9.161137222887046
3.975 9.712534256241975
3.985 10.219338553011788
3.995 10.675485640612578
4.005 11.076779957150663
4.015 11.42370313434996
4.025 11.711974391869328
4.035 11.945168954104824
4.045 12.126690318485043
4.055 12.261189787552567
4.065 12.354122565124067
4.075 12.41126796239864
4.085 12.438256143039258
4.095 12.440143718602787
4.1049999999999995 12.421076240907942
4.115 12.384067544738464
4.125 12.33091470763145
4.135 12.262254192919585
4.145 12.177750839263775
4.155 12.076398157992607
4.165 11.959406156239641
4.175 11.821797810704513
4.185 11.664760518889885
4.195 11.488755818067533
4.205 11.295476688477528
4.215 11.088013065327454
4.225 10.870879749881933
4.235 10.649900769009887
4.245 10.431957933265641
4.255 10.22462415631269
4.265 10.035712795185354
4.275 9.872781856922005
4.285 9.742635723393029
4.295 9.650866785942895
4.305 9.601475168155478
4.315 9.59659704088995
4.325 9.636361713127837
4.335 9.718885766019811
4.345 9.84040016726545
4.355 9.997807172153415
4.365 10.18088731885701
4.375 10.383701958279095
4.385 10.598332137583576
4.395 10.816843897198845
4.405 11.03167013069797
4.415 11.23592572624818
4.425 11.421475690852073
4.435 11.588463207556288
4.445 11.732164583378971
4.455 11.846545790292506
4.465 11.931542728055542
4.475 11.986508716264293
4.485 12.011580793936908
4.495 12.007568419838641
4.505 11.97586686657964
4.515 11.918405231844316
4.525 11.837631121921874
4.535 11.73652618736038
4.545 11.618639845910558
4.555 11.488123608016235
4.565 11.349746065086036
4.575 11.208869120051808
4.585 11.071369378157229
4.595 10.943494366909347
4.605 10.829669125483546
4.615 10.740821182863431
4.625 10.679928203386307
4.635 10.652120046679382
4.645 10.661359650253816
4.655 10.710118084459939
4.665 10.79910097331397
4.675 10.929081534331488
4.685 11.093663506563308
4.695 11.288952066367694
4.705 11.50781134072976
4.715 11.741464187527564
4.725 11.979839104651308
4.735 12.211999856347575
4.745 12.426634149953784
4.755 12.612574275734701
4.765 12.75932116391634
4.775 12.857543726807297
4.785 12.899527412687114
4.795 12.879549285560604
4.805 12.794161306165432
4.815 12.64236847609712
4.825 12.42390478281801
4.835 12.146946089357183
4.845 11.815190206214297
4.855 11.437025375087767
4.865 11.022491014672308
4.875 10.582841768844933
4.885 10.130052629578984
4.895 9.676288010720448
4.905 9.233359635043556
4.915 8.812199113420164
4.925 8.422370999954847
4.935 8.071650783615162
4.945 7.765689658341094
4.955 7.507784007122799
4.965 7.298762441249652
4.975 7.135323769450681
4.985 7.0174346069558595
4.995 6.9366510627779405
5.005 6.885303376150623
5.015 6.854432712190562
5.025 6.834293404484804
5.035 6.814883236482645
5.045 6.7864715379980955
5.055 6.740095173506906
5.065 6.667994849723074
5.075 6.5639684198971295
5.085 6.423623696144446
5.095 6.2445202445575205
5.105 6.026197177527511
5.115 5.770091472529884
5.125 5.479358244939295
5.135 5.158610158451379
5.145 4.813597359962383
5.155 4.450851717856988
5.165 4.075777307891649
5.175 3.6989879437949797
5.185 3.3249863048546255
5.195 2.9600243517278124
5.205 2.609578806113925
5.215 2.278202347814968
5.225 1.9694393320132242
5.235 1.6858027576472645
5.245 1.428805563319918
5.255 1.1975511342074394
5.265 0.9952898777717749
5.275 0.8189590062429548
5.285 0.6671627566867819
5.295 0.5380944106108327
5.305 0.4296771140965177
5.315 0.3396902011573072
5.325 0.2658770620421174
5.335 0.20603252180585868
5.345 0.158069376617985
5.355 0.12006509201457005
5.365 0.09029066064112495
5.375 0.06722424890048247
5.385 0.04955256519046632
5.395 0.03616291076749445
5.405 0.02612869221683216
5.415 0.018690848689283744
5.425 0.013237239465337702
5.435 0.009281600774487234
5.445 0.006443256172435496
5.455 0.004428380887818673
5.465 0.0030132945924724506
5.475 0.002029996419325242
5.485 0.0
5.495 0.0
5.505 0.0
5.515 0.0
5.525 0.0
5.535 0.0
5.545 0.0
5.555 0.0014743611273687716
5.565 0.0021885183491745395
5.575 0.003216277908683636
5.585 0.0046796567441608735
5.595 0.0067411110932936915
5.605 0.009614042229617745
5.615 0.013574930715479439
5.625 0.018976943873765622
5.635 0.026264671888348304
5.645 0.03598941120423977
5.655 0.04882413508314399
5.665 0.06557698277023008
5.675 0.0872017816066281
5.685 0.116215857927561
5.695 0.15173486183208448
5.705 0.196183520913959
5.715 0.2511946044194961
5.725 0.3185252924128118
5.735 0.40001891292550573
5.745 0.4975531013074775
5.755 0.6129744890833327
5.765 0.7480210700519974
5.775 0.9042345617244515
5.785 1.0828662900878985
5.795 1.2847812600985098
5.805 1.5103660027523729
5.815 1.7594463794697008
5.825 2.0312216576416393
5.835 2.324220761521707
5.845 2.6362856130962324
5.855 2.9645849328417104
5.865 3.305659863306161
5.875 3.655500468310419
5.885 4.009649760793944
5.895 4.363329669994592
5.905 4.711581525986345
5.915 5.049412441524079
5.925 5.3719385730626765
5.935 5.674516723575413
5.945 5.952857084436417
5.955 6.203111969484766
5.965 6.421937942257573
5.975 6.6065314773252375
5.985 6.754640895507588
5.995 6.864559448373994
6.005 6.936380302130263
6.015 6.96749072744833
6.025 6.958613283434378
6.035 6.910104095307443
6.045 6.822799979100285
6.055 6.698026131674927
6.065 6.537612593674195
6.075 6.343915393793738
6.085 6.11983658740302
6.095 5.8688364852636195
6.105 5.594931333451274
6.115 5.302670537276869
6.125 4.9970890907610555
6.135 4.683632961014128
6.1450000000000005 4.368057512917147
6.155 4.056301361947181
6.165 3.754340059509329
6.175 3.468025556039181
6.185 3.2029183462415203
6.195 2.96411956153789
6.205 2.7561101013725695
6.215 2.582603311532237
6.225 2.4464168788647678
6.235 2.3493686716827096
6.245 2.2922003382831257
6.255 2.2745316569687946
6.265 2.2948479247453992
6.275 2.350522036831618
6.285 2.437872261167788
6.295 2.5522559475798396
6.305 2.689361407674581
6.315 2.8412814604505034
6.325 3.0022404640011384
6.335 3.165450114973025
6.345 3.3241256062072306
6.355 3.471735799655118
6.365 3.601269373536179
6.375 3.709739740864017
6.385 3.79138726290699
6.3950000000000005 3.8430456259218744
6.405 3.862804252701156
6.415 3.8500909300042796
6.425 3.805695189512406
6.435 3.73173052402976
6.445 3.631536901756418
6.455 3.510640976252374
6.465 3.372644844206821
6.475 3.224284917134075
6.485 3.0719548372564414
6.495 2.9212376022575657
6.505 2.7807256631612525
6.515 2.6550522021550593
6.525 2.5496301251450753
6.535 2.4690469309400473
6.545 2.4169109405780134
6.555 2.3957419475243835
6.565 2.406909249004809
6.575 2.4506179483935306
6.585 2.525942454275004
6.595 2.6309042546730286
6.605 2.7625893156235426
6.615 2.917298849996344
6.625 3.090725756423037
6.635 3.2781478022756896
6.6450000000000005 3.474627713310306
6.655 3.675209851853361
6.665 3.8751032342753113
6.675 4.069841354761272
6.685 4.255410697116508
6.695 4.428341911914788
6.705 4.585760312731939
6.715 4.725395418299059
6.725 4.845552480418535
6.735 4.945051985896021
6.745 5.024258321793117
6.755 5.0810710900366285
6.765 5.116121691007843
6.775 5.129468192073186
6.785 5.121272249713405
6.795 5.091760524037975
6.805 5.041216613622915
6.815 4.969153800566946
6.825 4.878054284737989
6.835 4.76737973574848
6.845 4.6381391227301325
6.855 4.491701840080612
6.865 4.329874598972605
6.875 4.1549572504588035
6.885 3.9697688413336136
6.8950000000000005 3.7788006615031247
6.905 3.5840785748033737
6.915 3.3906100310323737
6.925 3.202899535351391
6.935 3.0255773162722512
6.945 2.8632320075017255
6.955 2.720232841332737
6.965 2.6005518853813836
6.975 2.5075968118299494
6.985 2.444063965067894
6.995 2.411820197435607
