0.005 0.0
0.015 0.0
0.025 0.0
0.034999999999999996 0.0
0.045 0.0
0.055 0.0
0.065 0.0
0.07500000000000001 0.0
0.085 0.0
0.095 0.0
0.10500000000000001 0.0
0.115 0.0
0.125 0.0
0.135 0.0
0.14500000000000002 0.0
0.155 0.0
0.165 0.0
0.17500000000000002 0.0
0.185 0.0
0.195 0.0
0.20500000000000002 0.0
0.215 0.0
0.225 0.0
0.23500000000000001 0.0
0.245 0.0
0.255 0.0
0.265 0.0
0.275 0.0
0.28500000000000003 0.0
0.295 0.0
0.305 0.0
0.315 0.0
0.325 0.0
0.335 0.0
0.34500000000000003 0.0
0.35500000000000004 0.0
0.365 0.0
0.375 0.0
0.385 0.0
0.395 0.0
0.405 0.0
0.41500000000000004 0.0
0.425 0.0
0.435 0.0
0.445 0.0
0.455 0.0
0.465 0.0
0.47500000000000003 0.0
0.485 0.0
0.495 0.0
0.505 0.0
0.515 0.0
0.525 0.0
0.535 0.0
0.545 0.0
0.555 0.0
0.5650000000000001 0.0
0.5750000000000001 0.0
0.585 0.0
0.595 0.0
0.605 0.0
0.615 0.0
0.625 0.0
0.635 0.0
0.645 0.0
0.655 0.0
0.665 0.0
0.675 0.0
0.685 0.0
0.6950000000000001 0.0
0.7050000000000001 0.0
0.715 0.0
0.725 0.0
0.735 0.0
0.745 0.0
0.755 0.0
0.765 0.0
0.775 0.0
0.785 0.0
0.795 0.0
0.805 0.0
0.8150000000000001 0.0
0.8250000000000001 0.0
0.8350000000000001 0.0
0.845 0.0
0.855 0.0
0.865 0.0
0.875 0.0
0.885 0.0
0.895 0.0
0.905 0.0
0.915 0.0
0.925 0.0
0.935 0.0
0.9450000000000001 0.0
0.9550000000000001 0.0
0.965 0.0
0.975 0.0
0.985 0.0
0.995 0.0
1.005 0.0
1.015 0.0
1.025 0.0
1.035 0.0
1.045 0.0
1.055 0.0
1.065 0.0
1.075 0.0
1.085 0.0
1.095 0.0
1.105 0.0
1.115 0.0
1.125 0.0
1.135 0.0
1.145 0.0
1.155 0.0
1.1649999999999998 0.0
1.1749999999999998 0.0
1.1849999999999998 0.0
1.1949999999999998 0.0
1.2049999999999998 0.0
1.2149999999999999 0.0
1.2249999999999999 0.0
1.2349999999999999 0.0
1.2449999999999999 0.0
1.255 0.0
1.265 0.0
1.275 0.0
1.285 0.0
1.295 0.0
1.305 0.0
1.315 0.0
1.325 0.0
1.335 0.0
1.345 0.0
1.355 0.0
1.365 0.0
1.375 0.0
1.385 0.0
1.395 0.0
1.405 0.0
1.4149999999999998 0.0
1.4249999999999998 0.0
1.4349999999999998 0.0
1.4449999999999998 0.0
1.4549999999999998 0.0
1.4649999999999999 0.0
1.4749999999999999 0.0
1.4849999999999999 0.0
1.4949999999999999 0.0
1.505 0.0
1.515 0.0
1.525 0.0
1.535 0.0
1.545 0.0
1.555 0.0
1.565 0.0
1.575 0.0
1.585 0.0
1.595 0.0
1.605 0.0
1.615 0.0
1.625 0.0
1.635 0.0
1.645 0.0
1.655 0.0
1.665 0.0
1.6749999999999998 0.0
1.6849999999999998 0.0
1.6949999999999998 0.0
1.7049999999999998 0.0
1.7149999999999999 0.0
1.7249999999999999 0.0
1.7349999999999999 0.0
1.7449999999999999 0.0
1.755 0.0
1.765 0.0
1.775 0.0
1.785 0.0
1.795 0.0
1.805 0.0
1.815 0.0
1.825 0.0
1.835 0.0
1.845 0.0
1.855 0.0
1.865 0.0
1.875 0.0
1.885 0.0
1.895 0.0
1.905 0.0
1.915 0.0
1.9249999999999998 0.0
1.9349999999999998 0.0
1.9449999999999998 0.0
1.9549999999999998 0.009427250126659011
1.9649999999999999 0.013993661051869813
1.9749999999999999 0.02056528469122104
1.9849999999999999 0.029922312664905734
1.9949999999999999 0.04310351055001741
2.005 0.06147339287805255
2.015 0.08679981107157984
2.025 0.12134096132664167
2.035 0.1679396090888373
2.045 0.23012081303245766
2.0549999999999997 0.3121876486719525
2.065 0.41930745978759015
2.0749999999999997 0.5575791381336093
2.085 0.7340700390191474
2.0949999999999998 0.9568096272483926
2.105 1.2347261024457463
2.1149999999999998 1.5775123844550858
2.125 1.9954092478819707
2.135 2.498896329221915
2.145 3.0982863430706113
2.155 3.8032241445522788
2.165 4.622100086957392
2.175 5.561396056742958
2.185 6.624992011677936
2.195 7.813469990090892
2.205 9.123460437785612
2.215 10.547081283854975
2.225 12.071522496915307
2.235 13.678827043540975
2.245 15.345912717289304
2.255 17.044868080685784
2.265 18.743540119382384
2.275 20.406412018317745
2.285 21.99574809096636
2.295 23.47296107335613
2.305 24.800136720697633
2.315 25.941633939394933
2.3249999999999997 26.865667386102604
2.335 27.545774993951007
2.3449999999999998 27.962076071324645
2.355 28.102236560904316
2.3649999999999998 27.962076071324645
2.375 27.545774993951007
2.385 26.865667386102604
2.395 25.941633939394933
2.405 24.800136720697633
2.415 23.47296107335613
2.425 21.99574809096636
2.435 20.406412018317745
2.445 18.743540119382384
2.455 17.044868080685784
2.465 15.345912717289304
2.475 13.678827043540975
2.485 12.071522496915307
2.495 10.547081283854975
2.505 9.123460437785612
2.515 7.813469990090892
2.525 6.624992011677936
2.535 5.561396056742958
2.545 4.622100086957392
2.555 3.8032241445522788
2.565 3.0982863430706113
2.5749999999999997 2.498896329221915
2.585 1.9954092478819707
2.5949999999999998 1.5775123844550858
2.605 1.2347261024457463
2.6149999999999998 0.9568096272483926
2.625 0.7340700390191474
2.635 0.5575791381336093
2.645 0.41930745978759015
2.655 0.3121876486719525
2.665 0.23012081303245766
2.675 0.1679396090888373
2.685 0.12134096132664167
2.695 0.08679981107157984
2.705 0.06147339287805255
2.715 0.04310351055001741
2.725 0.029922312664905734
2.735 0.02056528469122104
2.745 0.013993661051869813
2.755 0.009427250126659011
2.765 0.0
2.775 0.0
2.785 0.0
2.795 0.0
2.805 0.0
2.815 0.0
2.8249999999999997 0.0
2.835 0.0
2.8449999999999998 0.0
2.855 0.0
2.8649999999999998 0.0
2.875 0.0
2.885 0.0
2.895 0.0
2.905 0.0
2.915 0.0
2.925 0.0
2.935 0.0
2.945 0.0
2.955 0.0
2.965 0.0
2.975 0.0
2.985 0.0
2.995 0.0
3.005 0.0
3.015 0.0
3.025 0.0
3.035 0.0
3.045 0.0
3.055 0.0
3.065 0.0
3.075 0.0
3.085 0.0
3.0949999999999998 0.0
3.105 0.0
3.1149999999999998 0.0
3.125 0.0
3.135 0.0
3.145 0.0
3.155 0.0
3.165 0.0
3.175 0.004090864832790357
3.185 0.006072415084988332
3.195 0.008924108174634102
3.205 0.012984500777216725
3.215 0.018704355258405077
3.225 0.02667578962034541
3.235 0.037665946043102874
3.245 0.05265474712126389
3.255 0.07287578367219599
3.265 0.09985872112011447
3.275 0.13547083783977293
3.285 0.18195445313591327
3.295 0.2419561226277457
3.305 0.31854265741145904
3.315 0.4151983667768528
3.325 0.5357975573746341
3.335 0.6845463788649505
3.3449999999999998 0.8658887172306242
3.355 1.0843721102821446
3.3649999999999998 1.344471661671511
3.375 1.6503726638344733
3.385 2.0057160301603587
3.395 2.41331451314866
3.405 2.874851783284036
3.415 3.390580410520363
3.425 3.9590382091111844
3.435 4.576804829935572
3.445 5.238321482658024
3.455 5.935795884740664
3.465 6.659211733939373
3.475 7.396457129491676
3.485 8.133579579006117
3.495 8.855166901013538
3.505 9.54484405604067
3.515 10.185866470743623
3.525 10.761781622001974
3.535 11.257123398867686
3.545 11.65809885625678
3.555 11.953225033888623
3.565 12.133874896192014
3.575 12.194696197214537
3.585 12.133874896192014
3.5949999999999998 11.953225033888623
3.605 11.65809885625678
3.6149999999999998 11.257123398867686
3.625 10.761781622001974
3.635 10.185866470743623
3.645 9.54484405604067
3.655 8.855166901013538
3.665 8.133579579006117
3.675 7.396457129491676
3.685 6.659211733939373
3.695 5.935795884740664
3.705 5.238321482658024
3.715 4.576804829935572
3.725 3.9590382091111844
3.735 3.390580410520363
3.745 2.874851783284036
3.755 2.41331451314866
3.765 2.0057160301603587
3.775 1.6503726638344733
3.785 1.344471661671511
3.795 1.0843721102821446
3.805 0.8658887172306242
3.815 0.6845463788649505
3.825 0.5357975573746341
3.835 0.4151983667768528
3.8449999999999998 0.31854265741145904
3.855 0.2419561226277457
3.8649999999999998 0.18195445313591327
3.875 0.13547083783977293
3.885 0.09985872112011447
3.895 0.07287578367219599
3.905 0.05265474712126389
3.915 0.037665946043102874
3.925 0.02667578962034541
3.935 0.018704355258405077
3.945 0.012984500777216725
3.955 0.008924108174634102
3.965 0.006072415084988332
3.975 0.004090864832790357
3.985 0.0
3.995 0.0
4.005 0.0
4.015 0.0
4.025 0.0
4.035 0.0
4.045 0.0
4.055 0.0
4.065 0.0
4.075 0.0
4.085 0.0
4.095 0.0
4.1049999999999995 0.0
4.115 0.0
4.125 0.0
4.135 0.0
4.145 0.0
4.155 0.0
4.165 0.0
4.175 0.0
4.185 0.0
4.195 0.0
4.205 0.0
4.215 0.0
4.225 0.0
4.235 0.0
4.245 0.0
4.255 0.002412836910620029
4.265 0.005984080543188871
4.275 0.008829775131196366
4.285 0.012899395779700826
4.295 0.018657636331117996
4.305 0.029080287469680704
4.315 0.04138793771672171
4.325 0.058329252386088354
4.335 0.0814027736077112
4.345 0.11249542813144406
4.355 0.15394876121161966
4.365 0.20862484514021365
4.375 0.2799672781470207
4.385 0.3720513849271553
4.395 0.4896164811546
4.405 0.6380720156981183
4.415 0.8234687284555042
4.425 1.0524258477338155
4.435 1.3320059868298224
4.445 1.6695309488773968
4.455 2.072334225438561
4.465 2.547449612386308
4.475 3.1012399966754574
4.485 3.738975796368096
4.495 4.464378438548766
4.505 5.279150184602242
4.515 6.182517006637939
4.525 7.170815468863642
4.535 8.23715705667305
4.545 9.37120357371248
4.555 10.5590846831908
4.565 11.783483204165512
4.575 13.023905451842593
4.585 14.257143095442995
4.595 15.457920357586286
4.605 16.599706817119035
4.615 17.655662715941617
4.625 18.599671713164675
4.635 19.407406649360674
4.645 20.057368092905456
4.655 20.53183397352493
4.665 20.81766182490098
4.675 20.906892986307135
4.685 20.79712003773932
4.695 20.49360793593356
4.705 20.002053322892564
4.715 19.337754779534606
4.725 18.519148783387493
4.735 17.568334230640243
4.745 16.51012184454988
4.755 15.371010925657156
4.765 14.178154259248116
4.775 12.958369097065589
4.785 11.73724510209755
4.795 10.53838981115523
4.805 9.382839596052694
4.815 8.288650480013171
4.825 7.270669682263666
4.835 6.3423843065247905
4.845 5.5093029044460184
4.855 4.778243249850422
4.865 4.152112662617768
4.875 3.631535659696846
4.885 3.215229041503843
4.895 2.9003679075138096
4.905 2.682919411809257
4.915 2.5579280022916904
4.925 2.5197432736262195
4.935 2.5621887336631772
4.945 2.6786761440267175
4.955 2.862275170932149
4.965 3.105751536999224
4.975 3.4015885217144555
4.985 3.742006504036075
4.995 4.1189934218763
5.005 4.524355831195892
5.015 4.949796093023292
5.025 5.387016594310048
5.035 5.827847351333717
5.045 6.264389372992026
5.055 6.689163230402121
5.065 7.093641420789948
5.075 7.4737524676838
5.085 7.825453628647183
5.095 8.141851933939563
5.105 8.419266415424529
5.115 8.653236041592223
5.125 8.8470171601519
5.135 8.99425096804792
5.145 9.095331576419888
5.155 9.15000394795294
5.165 9.158434752336516
5.175 9.12116315668732
5.185 9.039081595540722
5.195 8.913449676297233
5.205 8.745939454656238
5.215 8.538705565668867
5.225 8.294469685328435
5.235 8.01660599213703
5.245 7.709213009879081
5.255 7.378792506764742
5.265 7.028505398163473
5.275 6.665907731517661
5.285 6.29812667975972
5.295 5.932806488787523
5.305 5.577915698369951
5.315 5.2415147558038395
5.325 4.931495988785175
5.335 4.655310161614409
5.345 4.419694929919386
5.355 4.230420443560545
5.365 4.092066232510351
5.375 4.007841520740727
5.385 3.9794584586367785
5.395 4.0070646635042095
5.405 4.089238117477611
5.415 4.223044078794892
5.425 4.404150380451046
5.435 4.626994467518075
5.445 4.884992899141713
5.455 5.170781946706458
5.465 5.4764764833075175
5.475 5.793933694711089
5.485 6.115008332430195
5.495 6.43178731103753
5.505 6.7354500410203535
5.515 7.02226332019508
5.525 7.2841256104872745
5.535 7.515732932151091
5.545 7.71260747475625
5.555 7.871103821014186
5.565 7.988386958272253
5.575 8.062391681364417
5.585 8.091773205737528
5.595 8.07585789014013
5.605 8.014601041111773
5.615 7.908556092326257
5.625 7.758856373176497
5.635 7.567207607324491
5.645 7.3346141538034075
5.655 7.0668995260293155
5.665 6.765624603772412
5.675 6.434776894482212
5.685 6.078822842533202
5.695 5.7026423498902155
5.705 5.311436853639867
5.715 4.910613048686712
5.725 4.505647141073341
5.735 4.101936833007404
5.745 3.7046498077366223
5.755 3.318578138346542
5.765 2.948007745628161
5.775 2.5966108488096773
5.785 2.267367459929237
5.795 1.9625196078401028
5.805 1.6835594149133886
5.815 1.431249659662903
5.825 1.205673278698353
5.835 1.0063065703969514
5.845 0.8321097674115189
5.855 0.6816281776675914
5.865 0.5530972175277036
5.875 0.4445452854270797
5.885 0.3538894222457348
5.895 0.2790199319112454
5.905 0.21787144960496224
5.915 0.1697902735524404
5.925 0.13096658463303262
5.935 0.0995594021883616
5.945 0.0768806244958318
5.955 0.06013625708665562
5.965 0.04845835041397923
5.975 0.041196603010420614
5.985 0.03791879360657898
5.995 0.03840892665503158
6.005 0.04266422179830529
6.015 0.05089147822618553
6.025 0.06350272863833019
6.035 0.08110950635007891
6.045 0.10451452331205537
6.055 0.13469913647666054
6.065 0.17171423694289137
6.075 0.21938576889895195
6.085 0.277502982815492
6.095 0.34752328919084124
6.105 0.4308808845760416
6.115 0.528917085830597
6.125 0.6427987453520565
6.135 0.7734273036985411
6.1450000000000005 0.9213423493555842
6.155 1.0866248268073624
6.165 1.2688061297560942
6.175 1.466790092996667
6.185 1.6787952163567708
6.195 1.9023242024306628
6.205 2.134166992357183
6.215 2.3704419226820472
6.225 2.6066774508394577
6.235 2.837934228106794
6.245 3.0589643257293235
6.255 3.264401385471355
6.265 3.4489726463534405
6.275 3.6077214761487935
6.285 3.7362274645593607
6.295 3.8308105131313614
6.305 3.8887057999468917
6.315 3.9081980188851992
6.325 3.8887057999468917
6.335 3.8308105131313614
6.345 3.7362274645593607
6.355 3.6077214761487935
6.365 3.4489726463534405
6.375 3.264401385471355
6.385 3.0589643257293235
6.3950000000000005 2.837934228106794
6.405 2.6066774508394577
6.415 2.3704419226820472
6.425 2.1352894297244465
6.435 1.9039903307139272
6.445 1.6812437823432145
6.455 1.4703527354850687
6.465 1.2739381661666644
6.475 1.0939440378531857
6.485 0.931677001572207
6.495 0.7878745313993869
6.505 0.6627941512394891
6.515 0.5563159769242161
6.525 0.4680509052882897
6.535 0.3974473237623765
6.545 0.3438900682793433
6.555 0.30678640332717055
6.565 0.2856349311593129
6.575 0.2800744788513328
6.585 0.28991111396911073
6.595 0.3151224835344802
6.605 0.35583966189028216
6.615 0.4123076503965883
6.625 0.48482661792780535
6.635 0.573676919554357
6.6450000000000005 0.6790318768235257
6.655 0.8008632170131506
6.665 0.938844893983372
6.675 1.0922616693073992
6.685 1.259929223049473
6.695 1.4401325895055228
6.705 1.6305892872318233
6.715 1.8284425760011105
6.725 2.0294143675823997
6.735 2.231663480032126
6.745 2.4296501178385164
6.755 2.618881354213114
6.765 2.7947628709400205
6.775 2.9539029189024815
6.785 3.0903567761637794
6.795 3.2011574753165823
6.805 3.283247253380797
6.815 3.3343827327465614
6.825 3.353257845943374
6.835 3.339585348552614
6.845 3.294131838593241
6.855 3.2187043152175714
6.865 3.116089538974134
6.875 2.989950502247466
6.885 2.844686905511556
6.8950000000000005 2.6852684396769653
6.905 2.517050752266735
6.915 2.3455841742485473
6.925 2.176424651291888
6.935 2.0149549933508712
6.945 1.8662227352020297
6.955 1.7347988360767803
6.965 1.6246593978867787
6.975 1.5390907862953036
6.985 1.4806171842442428
6.995 1.4509488086336102
