0.005 0.0
0.015 0.0
0.025 0.0
0.034999999999999996 0.0
0.045 0.0
0.055 0.0
0.065 0.0
0.07500000000000001 0.0
0.085 0.0
0.095 0.0
0.10500000000000001 0.0
0.115 0.0
0.125 0.0
0.135 0.0
0.14500000000000002 0.0
0.155 0.0
0.165 0.0
0.17500000000000002 0.0
0.185 0.0
0.195 0.0
0.20500000000000002 0.0
0.215 0.0
0.225 0.0
0.23500000000000001 0.0
0.245 0.0
0.255 0.0
0.265 0.0
0.275 0.0
0.28500000000000003 0.0
0.295 0.0
0.305 0.0
0.315 0.0
0.325 0.0
0.335 0.0
0.34500000000000003 0.0
0.35500000000000004 0.0
0.365 0.0
0.375 0.0
0.385 0.0
0.395 0.0
0.405 0.0
0.41500000000000004 0.0
0.425 0.0
0.435 0.0
0.445 0.0
0.455 0.0
0.465 0.0
0.47500000000000003 0.0
0.485 0.0
0.495 0.0
0.505 0.0
0.515 0.0
0.525 0.0
0.535 0.0
0.545 0.0
0.555 0.0
0.5650000000000001 0.0
0.5750000000000001 0.0
0.585 0.0
0.595 0.0
0.605 0.0
0.615 0.0
0.625 0.0
0.635 0.0
0.645 0.0
0.655 0.0
0.665 0.0
0.675 0.0
0.685 0.0
0.6950000000000001 0.0
0.7050000000000001 0.0
0.715 0.0
0.725 0.0
0.735 0.0
0.745 0.0
0.755 0.0
0.765 0.0
0.775 0.0
0.785 0.0
0.795 0.0
0.805 0.0
0.8150000000000001 0.0
0.8250000000000001 0.0
0.8350000000000001 0.0
0.845 0.0
0.855 0.0
0.865 0.0
0.875 0.0
0.885 0.0
0.895 0.0
0.905 0.0
0.915 0.0
0.925 0.0
0.935 0.0
0.9450000000000001 0.0
0.9550000000000001 0.0
0.965 0.0
0.975 0.0
0.985 0.0
0.995 0.0
1.005 0.0
1.015 0.0
1.025 0.0
1.035 0.0
1.045 0.0
1.055 0.0
1.065 0.0
1.075 0.0
1.085 0.0
1.095 0.0
1.105 0.0
1.115 0.0
1.125 0.0
1.135 0.0
1.145 0.0
1.155 0.0
1.1649999999999998 0.0
1.1749999999999998 0.0
1.1849999999999998 0.0
1.1949999999999998 0.0
1.2049999999999998 0.0
1.2149999999999999 0.0
1.2249999999999999 0.0
1.2349999999999999 0.0
1.2449999999999999 0.0
1.255 0.0
1.265 0.0
1.275 0.0
1.285 0.0
1.295 0.0
1.305 0.0
1.315 0.0
1.325 0.0
1.335 0.0
1.345 0.0
1.355 0.0
1.365 0.0
1.375 0.0
1.385 0.0
1.395 0.0
1.405 0.0
1.4149999999999998 0.0
1.4249999999999998 0.0
1.4349999999999998 0.0
1.4449999999999998 0.0
1.4549999999999998 0.0
1.4649999999999999 0.0
1.4749999999999999 0.0
1.4849999999999999 0.0
1.4949999999999999 0.0
1.505 0.0
1.515 0.0
1.525 0.0
1.535 0.0
1.545 0.0
1.555 0.0
1.565 0.0
1.575 0.0
1.585 0.0
1.595 0.0
1.605 0.0
1.615 0.0
1.625 0.0
1.635 0.0
1.645 0.0
1.655 0.0
1.665 0.0
1.6749999999999998 0.0
1.6849999999999998 0.0
1.6949999999999998 0.0
1.7049999999999998 0.0
1.7149999999999999 0.0
1.7249999999999999 0.0
1.7349999999999999 0.011470199004904046
1.7449999999999999 0.017026182069596357
1.755 0.025021921008943245
1.765 0.03640668024526722
1.775 0.05244433288351677
1.785 0.07479509298516973
1.795 0.10560991733566487
1.805 0.14763636852353224
1.815 0.20433325849787665
1.825 0.27998954999489845
1.835 0.3798408241035403
1.845 0.5101742229585826
1.855 0.6784103094167018
1.865 0.8931479824935223
1.875 1.1641567463360134
1.885 1.5022996018268815
1.895 1.9193699901132388
1.905 2.4278279309369992
1.915 3.0404240689174973
1.9249999999999998 3.7697059536693196
1.9349999999999998 4.6274085456700105
1.9449999999999998 5.62374044452923
1.9549999999999998 6.766588205349492
1.9649999999999999 8.060672598996389
1.9749999999999999 9.506701795441803
1.9849999999999999 11.100576035300007
1.9949999999999999 12.83270514957572
2.005 14.687503086423947
2.015 16.643121401795536
2.025 18.67147581895945
2.035 20.738606303118246
2.045 22.80539206419799
2.0549999999999997 24.828619553040575
2.065 26.7623755045667
2.0749999999999997 28.559710533656816
2.085 30.17449412218396
2.0949999999999998 31.563361510456247
2.105 32.687639256195936
2.1149999999999998 33.51513078362559
2.125 34.02164712076279
2.135 34.192181336626795
2.145 34.02164712076279
2.155 33.51513078362559
2.165 32.687639256195936
2.175 31.563361510456247
2.185 30.17449412218396
2.195 28.559710533656816
2.205 26.7623755045667
2.215 24.828619553040575
2.225 22.80539206419799
2.235 20.738606303118246
2.245 18.67147581895945
2.255 16.643121401795536
2.265 14.687503086423947
2.275 12.83270514957572
2.285 11.100576035300007
2.295 9.506701795441803
2.305 8.060672598996389
2.315 6.766588205349492
2.3249999999999997 5.62374044452923
2.335 4.6274085456700105
2.3449999999999998 3.7697059536693196
2.355 3.0404240689174973
2.3649999999999998 2.4278279309369992
2.375 1.9193699901132388
2.385 1.5022996018268815
2.395 1.1641567463360134
2.405 0.8931479824935223
2.415 0.6784103094167018
2.425 0.5101742229585826
2.435 0.3798408241035403
2.445 0.27998954999489845
2.455 0.20433325849787665
2.465 0.14763636852353224
2.475 0.10560991733566487
2.485 0.07479509298516973
2.495 0.05244433288351677
2.505 0.03640668024526722
2.515 0.025021921008943245
2.525 0.017026182069596357
2.535 0.011470199004904046
2.545 0.0
2.555 0.0
2.565 0.0
2.5749999999999997 0.0
2.585 0.0
2.5949999999999998 0.0
2.605 0.0
2.6149999999999998 0.0
2.625 0.0
2.635 0.0
2.645 0.0
2.655 0.0
2.665 0.0
2.675 0.0
2.685 0.0
2.695 0.0
2.705 0.0
2.715 0.0
2.725 0.0
2.735 0.0
2.745 0.0
2.755 0.0
2.765 0.0
2.775 0.0
2.785 0.0
2.795 0.0
2.805 0.0
2.815 0.0
2.8249999999999997 0.0
2.835 0.0
2.8449999999999998 0.0
2.855 0.0
2.8649999999999998 0.0
2.875 0.0
2.885 0.0
2.895 0.0
2.905 0.0
2.915 0.0
2.925 0.0
2.935 0.0
2.945 0.0
2.955 0.0
2.965 0.0
2.975 0.0
2.985 0.0
2.995 0.0
3.005 0.0
3.015 0.0
3.025 0.0
3.035 0.0
3.045 0.0
3.055 0.0
3.065 0.0
3.075 0.0
3.085 0.0
3.0949999999999998 0.0
3.105 0.0
3.1149999999999998 0.0
3.125 0.0
3.135 0.0
3.145 0.0
3.155 0.0
3.165 0.0
3.175 0.0
3.185 0.0
3.195 0.0
3.205 0.0
3.215 0.0
3.225 0.0
3.235 0.0
3.245 0.0
3.255 0.0
3.265 0.0
3.275 0.0
3.285 0.0
3.295 0.0
3.305 0.0
3.315 0.0
3.325 0.0
3.335 0.0
3.3449999999999998 0.0
3.355 0.0
3.3649999999999998 0.0
3.375 0.0
3.385 0.0
3.395 0.0
3.405 0.0
3.415 0.0
3.425 0.0
3.435 0.0
3.445 0.0
3.455 0.0
3.465 0.0
3.475 0.0
3.485 0.0
3.495 0.0
3.505 0.0
3.515 0.0
3.525 0.0
3.535 0.0
3.545 0.0
3.555 0.0
3.565 0.0
3.575 0.0
3.585 0.0
3.5949999999999998 0.0
3.605 0.0
3.6149999999999998 0.0
3.625 0.0
3.635 0.0
3.645 0.0
3.655 0.0
3.665 0.0
3.675 0.0
3.685 0.0
3.695 0.0
3.705 0.0
3.715 0.0
3.725 0.0
3.735 0.0
3.745 0.0
3.755 0.0
3.765 0.0
3.775 0.0
3.785 0.0
3.795 0.0
3.805 0.008870672697843944
3.815 0.01611036354014292
3.825 0.02371948689472006
3.835 0.03457552791847521
3.8449999999999998 0.049899474432824706
3.855 0.07129954953095256
3.8649999999999998 0.1008651886071462
3.875 0.14127313076258374
3.885 0.1959032413398242
3.895 0.2689598801354815
3.905 0.3655924797750426
3.915 0.49200658668332353
3.925 0.6555540935080244
3.935 0.8647889777444189
3.945 1.1294728466436186
3.955 1.460513320600303
3.965 1.8698181471808186
3.975 2.3700493042836266
3.985 2.974264551705006
3.995 3.695439147099763
4.005 4.545867811025389
4.015 5.536456343259941
4.025 6.675923136943044
4.035 7.96994251181356
4.045 9.420273338235413
4.055 11.023926691050931
4.065 12.772433986693661
4.075 14.651280964825665
4.085 16.63957189094301
4.095 18.709981719064498
4.1049999999999995 20.829041375838102
4.115 22.957783103408104
4.125 25.052749858649214
4.135 27.06734665952213
4.145 28.953484564358543
4.155 30.663442081697763
4.165 32.151846760653704
4.175 33.377663863120056
4.185 34.306071283741936
4.195 34.91010148492148
4.205 35.17194250475844
4.215 35.08381047214117
4.225 34.64833399081721
4.235 33.878423905669116
4.245 32.796637454687044
4.255 31.43408050275569
4.265 29.828922397932946
4.275 28.02462234978539
4.285 26.06798215234515
4.295 24.00714648729391
4.305 21.889668829767842
4.315 19.76074894941194
4.325 17.661728752660178
4.335 15.628908920558764
4.345 13.692721936418625
4.355 11.87727016972445
4.365 10.200212952530363
4.375 8.672965874680504
4.385 7.3011600776694205
4.395 6.0852997501764285
4.405 5.0215523108755304
4.415 4.102607363665049
4.425 3.3185464834867973
4.435 2.6576750477149864
4.445 2.107278389965023
4.455 1.6542762931433614
4.465 1.2857611923049221
4.475 0.9894155971730483
4.485 0.7538126114364652
4.495 0.5686097334920075
4.505 0.4246503244762563
4.515 0.3139893706744221
4.525 0.22986073093462747
4.535 0.16660230527136038
4.545 0.11955387314550217
4.555 0.08494009644312508
4.565 0.05974868328209043
4.575 0.04161122026484089
4.585 0.02869188769254165
4.595 0.01958729136180911
4.605 0.013239033125905336
4.615 0.0029428772246295996
4.625 0.0
4.635 0.0
4.645 0.0
4.655 0.0
4.665 0.0
4.675 0.0
4.685 0.0
4.695 0.0
4.705 0.0
4.715 0.0
4.725 0.0
4.735 0.0
4.745 0.0
4.755 0.0
4.765 0.0
4.775 0.0
4.785 0.0
4.795 0.0
4.805 0.0
4.815 0.0
4.825 0.0
4.835 0.0
4.845 0.007602149050218713
4.855 0.011284509867169093
4.865 0.016583877311235617
4.875 0.0241293991089294
4.885 0.03475873742463601
4.895 0.05703149362188336
4.905 0.08106790140865668
4.915 0.11412169580227455
4.925 0.1591026091535761
4.935 0.2196751712080191
4.945 0.3003890525848487
4.955 0.40681000904625475
4.965 0.5456429804194346
4.975 0.7248364139257819
4.985 0.9536544637656382
4.995 1.242701626412285
5.005 1.6038829169508535
5.015 2.0502822231013242
5.025 2.5959423421204377
5.035 3.2555327285159286
5.045 4.043895392386901
5.055 4.975465791873954
5.065 6.063573881290199
5.075 7.319640413667569
5.085 8.752294618766596
5.095 10.36645071626358
5.105 12.162391408394374
5.115 14.134915419603345
5.125 16.27261216358181
5.135 18.557328647747113
5.145 20.96389090643513
5.155 23.460134058245075
5.165 26.007281428718606
5.175 28.560694507737196
5.185 31.070992809612008
5.195 33.48551747246741
5.205 35.75008658496816
5.215 37.81096593172791
5.225 39.61695832707711
5.235 41.1215000109948
5.245 42.284645363367005
5.255 43.074822510043816
5.265 43.47025256407588
5.275 43.45994377769043
5.285 43.044197494087705
5.295 42.23459351644852
5.305 41.05345588527153
5.315 39.53283334285971
5.325 37.71305924309928
5.335 35.64098089240326
5.345 33.36796635724816
5.355 30.94780641310635
5.365 28.434630100468148
5.375 25.88094466284371
5.385 23.33589556675119
5.395 20.843821525765968
5.405 18.443155034425843
5.415 16.165693085332208
5.425 14.03623764855718
5.435 12.072583023968463
5.445 10.285808801904498
5.455 8.68082383910706
5.465 7.257098782746929
5.475 6.00952214617995
5.485 4.929317206128584
5.495 4.004963174393789
5.505 3.2230731210095955
5.515 2.569191844076921
5.525 2.0284881962606915
5.535 1.586327331597606
5.545 1.2287181747605591
5.555 0.9426396189557869
5.565 0.7162552458854495
5.575 0.5390306647711667
5.585 0.40176999731489615
5.595 0.29658883085972587
5.605 0.2168404412337815
5.615 0.15701060075679743
5.625 0.11259418028664825
5.635 0.07996433626773027
5.645 0.0562425999797313
5.655 0.034105392457463926
5.665 0.023675849220850552
5.675 0.01627215733576218
5.685 0.011072399811540515
5.695 0.007459254739617773
5.705 0.0
5.715 0.0
5.725 0.0
5.735 0.0
5.745 0.0
5.755 0.0
5.765 0.0
5.775 0.0
5.785 0.0
5.795 0.0
5.805 0.0
5.815 0.0
5.825 0.0
5.835 0.0
5.845 0.0
5.855 0.0
5.865 0.0
5.875 0.0
5.885 0.0
5.895 0.0
5.905 0.0
5.915 0.0
5.925 0.0
5.935 0.0
5.945 0.0
5.955 0.0
5.965 0.0
5.975 0.0
5.985 0.0
5.995 0.0
6.005 0.0
6.015 0.0
6.025 0.0
6.035 0.0
6.045 0.0
6.055 0.0
6.065 0.0
6.075 0.0
6.085 0.0
6.095 0.0
6.105 0.0
6.115 0.0
6.125 0.0
6.135 0.0
6.1450000000000005 0.0
6.155 0.0
6.165 0.0
6.175 0.0
6.185 0.0
6.195 0.0
6.205 0.0
6.215 0.0
6.225 0.0
6.235 0.0
6.245 0.0
6.255 0.0
6.265 0.0
6.275 0.0
6.285 0.0
6.295 0.0
6.305 0.0
6.315 0.0
6.325 0.0
6.335 0.0
6.345 0.0
6.355 0.0
6.365 0.0
6.375 0.0
6.385 0.0
6.3950000000000005 0.0
6.405 0.0
6.415 0.0
6.425 0.0
6.435 0.0
6.445 0.0
6.455 0.0
6.465 0.0
6.475 0.0
6.485 0.0
6.495 0.0
6.505 0.0
6.515 0.0
6.525 0.0
6.535 0.0
6.545 0.0
6.555 0.0
6.565 0.0
6.575 0.0
6.585 0.0
6.595 0.0
6.605 0.0
6.615 0.0
6.625 0.0
6.635 0.0
6.6450000000000005 0.0
6.655 0.0
6.665 0.0
6.675 0.0
6.685 0.0
6.695 0.0
6.705 0.0
6.715 0.0
6.725 0.0
6.735 0.0
6.745 0.0
6.755 0.0
6.765 0.0
6.775 0.0
6.785 0.0
6.795 0.0
6.805 0.0
6.815 0.0
6.825 0.0
6.835 0.0
6.845 0.0
6.855 0.0
6.865 0.0
6.875 0.0
6.885 0.0
6.8950000000000005 0.0
6.905 0.0
6.915 0.0
6.925 0.0
6.935 0.0
6.945 0.0
6.955 0.0
6.965 0.0
6.975 0.0
6.985 0.0
6.995 0.0
