0.005 0.0
0.015 0.0
0.025 0.0
0.034999999999999996 0.0
0.045 0.0
0.055 0.0
0.065 0.0
0.07500000000000001 0.0
0.085 0.0
0.095 0.0
0.10500000000000001 0.0
0.115 0.0
0.125 0.0
0.135 0.0
0.14500000000000002 0.0
0.155 0.0
0.165 0.0
0.17500000000000002 0.0
0.185 0.0
0.195 0.0
0.20500000000000002 0.0
0.215 0.0
0.225 0.0
0.23500000000000001 0.0
0.245 0.0
0.255 0.0
0.265 0.0
0.275 0.0
0.28500000000000003 0.0
0.295 0.0
0.305 0.0
0.315 0.0
0.325 0.0
0.335 0.0
0.34500000000000003 0.0
0.35500000000000004 0.0
0.365 0.0
0.375 0.0
0.385 0.0
0.395 0.0
0.405 0.0
0.41500000000000004 0.0
0.425 0.0
0.435 0.0
0.445 0.0
0.455 0.0
0.465 0.0
0.47500000000000003 0.0
0.485 0.0
0.495 0.0
0.505 0.0
0.515 0.0
0.525 0.0
0.535 0.0
0.545 0.0
0.555 0.0
0.5650000000000001 0.0
0.5750000000000001 0.0
0.585 0.0
0.595 0.0
0.605 0.0
0.615 0.0
0.625 0.0
0.635 0.0
0.645 0.0
0.655 0.0
0.665 0.0
0.675 0.0
0.685 0.0
0.6950000000000001 0.0
0.7050000000000001 0.0
0.715 0.0
0.725 0.0
0.735 0.0
0.745 0.0
0.755 0.0
0.765 0.0
0.775 0.0
0.785 0.0
0.795 0.0
0.805 0.0
0.8150000000000001 0.0
0.8250000000000001 0.0
0.8350000000000001 0.0
0.845 0.0
0.855 0.0
0.865 0.0
0.875 0.0
0.885 0.0
0.895 0.0
0.905 0.0
0.915 0.0
0.925 0.0
0.935 0.0
0.9450000000000001 0.0
0.9550000000000001 0.0
0.965 0.0
0.975 0.0
0.985 0.0
0.995 0.0
1.005 0.0
1.015 0.0
1.025 0.0
1.035 0.0
1.045 0.0
1.055 0.0
1.065 0.0
1.075 0.0
1.085 0.0
1.095 0.0
1.105 0.0
1.115 0.0
1.125 0.0
1.135 0.0
1.145 0.0
1.155 0.0
1.1649999999999998 0.0
1.1749999999999998 0.0
1.1849999999999998 0.0
1.1949999999999998 0.0
1.2049999999999998 0.0
1.2149999999999999 0.0
1.2249999999999999 0.0
1.2349999999999999 0.0
1.2449999999999999 0.0
1.255 0.0
1.265 0.0
1.275 0.0
1.285 0.0
1.295 0.0
1.305 0.0
1.315 0.0
1.325 0.0
1.335 0.017368701244904916
1.345 0.025781825544765245
1.355 0.03788934005348416
1.365 0.055128664483368985
1.375 0.0794136134388512
1.385 0.1132581591730774
1.395 0.15991937907250045
1.405 0.223557758385149
1.4149999999999998 0.3094107887518066
1.4249999999999998 0.42397301419771155
1.4349999999999998 0.575172391660528
1.4449999999999998 0.7725292000278821
1.4549999999999998 1.0272799958121364
1.4649999999999999 1.3524456261645592
1.4749999999999999 1.7628195221988585
1.4849999999999999 2.2748509379231123
1.4949999999999999 2.9063980426546947
1.505 3.6763283695820363
1.515 4.603949529408184
1.525 5.708261597068038
1.535 7.007034187767757
1.545 8.515725631103301
1.555 10.246278110411547
1.565 12.205840033385778
1.575 14.3954837434672
1.585 16.809001197018883
1.595 19.43187052043637
1.605 22.240490599391347
1.615 25.201777518147598
1.625 28.273204777207436
1.635 31.403348534803914
1.645 34.53297029690845
1.655 37.5966341260331
1.665 40.52481605105935
1.6749999999999998 43.24642316039737
1.6849999999999998 45.69160250840277
1.6949999999999998 47.794689187664304
1.7049999999999998 49.49712209869742
1.7149999999999999 50.75014771023831
1.7249999999999999 51.51713797184042
1.7349999999999999 51.77536870054091
1.7449999999999999 51.51713797184042
1.755 50.75014771023831
1.765 49.49712209869742
1.775 47.794689187664304
1.785 45.69160250840277
1.795 43.24642316039737
1.805 40.52481605105935
1.815 37.5966341260331
1.825 34.53297029690845
1.835 31.403348534803914
1.845 28.273204777207436
1.855 25.201777518147598
1.865 22.240490599391347
1.875 19.43187052043637
1.885 16.809001197018883
1.895 14.3954837434672
1.905 12.205840033385778
1.915 10.246278110411547
1.9249999999999998 8.515725631103301
1.9349999999999998 7.007034187767757
1.9449999999999998 5.708261597068038
1.9549999999999998 4.603949529408184
1.9649999999999999 3.6763283695820363
1.9749999999999999 2.9063980426546947
1.9849999999999999 2.2748509379231123
1.9949999999999999 1.7628195221988585
2.005 1.3524456261645592
2.015 1.0272799958121364
2.025 0.7725292000278821
2.035 0.575172391660528
2.045 0.42397301419771155
2.0549999999999997 0.3094107887518066
2.065 0.223557758385149
2.0749999999999997 0.15991937907250045
2.085 0.1132581591730774
2.0949999999999998 0.0794136134388512
2.105 0.055128664483368985
2.1149999999999998 0.03788934005348416
2.125 0.025781825544765245
2.135 0.017368701244904916
2.145 0.0
2.155 0.0
2.165 0.0
2.175 0.0
2.185 0.0
2.195 0.0
2.205 0.0
2.215 0.0
2.225 0.0
2.235 0.0
2.245 0.0
2.255 0.0
2.265 0.0
2.275 0.0
2.285 0.0
2.295 0.0
2.305 0.0
2.315 0.0
2.3249999999999997 0.0
2.335 0.0
2.3449999999999998 0.0
2.355 0.0
2.3649999999999998 0.0
2.375 0.0
2.385 0.0
2.395 0.0
2.405 0.0
2.415 0.0
2.425 0.0
2.435 0.0
2.445 0.0
2.455 0.0
2.465 0.0
2.475 0.0
2.485 0.0
2.495 0.0
2.505 0.0
2.515 0.0
2.525 0.0
2.535 0.0
2.545 0.0
2.555 0.0
2.565 0.0
2.5749999999999997 0.0
2.585 0.0
2.5949999999999998 0.0
2.605 0.0
2.6149999999999998 0.0
2.625 0.0
2.635 0.0
2.645 0.0
2.655 0.0
2.665 0.0
2.675 0.0
2.685 0.0
2.695 0.0
2.705 0.0
2.715 0.0
2.725 0.0
2.735 0.0
2.745 0.0
2.755 0.0
2.765 0.0
2.775 0.0
2.785 0.0
2.795 0.0
2.805 0.0
2.815 0.0
2.8249999999999997 0.0
2.835 0.0
2.8449999999999998 0.0
2.855 0.0
2.8649999999999998 0.0
2.875 0.0
2.885 0.004845029463186658
2.895 0.007191885139700314
2.905 0.010569297399463334
2.915 0.015378236974765631
2.925 0.022152565782788115
2.935 0.0315935607621103
2.945 0.044609789322507414
2.955 0.062361826070199106
2.965 0.08631067842047695
2.975 0.11826801074067372
2.985 0.16044534042660658
2.995 0.21549836585536813
3.005 0.2865615440366977
3.015 0.3772670629617413
3.025 0.4917415760052618
3.035 0.6345736312223396
3.045 0.8107447960474788
3.055 1.025518201725016
3.065 1.2842797398884682
3.075 1.5923295145331964
3.085 1.9546243907701475
3.0949999999999998 2.3754764965637567
3.105 2.8582171247554458
3.1149999999999998 3.4048403361215773
3.125 4.015645262732767
3.135 4.688900160003997
3.145 5.424714522655746
3.155 6.210199215797808
3.165 7.039155522327069
3.175 7.900064912213642
3.185 8.779041039138853
3.195 9.66016140416217
3.205 10.525952719733931
3.215 11.358017731214769
3.225 12.137779505072142
3.235 12.847308105376614
3.245 13.470185208065898
3.255 13.992355524116492
3.265 14.402910709800942
3.275 14.694752243881537
3.285 14.865084707519829
3.295 14.915699793128056
3.305 14.85302360692121
3.315 14.68791451736848
3.325 14.435214814572273
3.335 14.113075547316683
3.3449999999999998 13.742088865528281
3.355 13.344274906951163
3.3649999999999998 12.941979832871292
3.375 12.556747422380523
3.385 12.208228371159567
3.395 11.91318910963938
3.405 11.684675834617229
3.415 11.53138004404884
3.425 11.457239852229728
3.435 11.461297527230034
3.445 11.53781887605577
3.455 11.67666515980813
3.465 11.86389398304247
3.475 12.082552850099841
3.485 12.313618521832582
3.495 12.537027541185738
3.505 12.732738794054985
3.515 12.881768033605354
3.525 12.967137021389606
3.535 12.974686197760086
3.545 12.893709214190135
3.555 12.717379629499487
3.565 12.442953769378825
3.575 12.071748197735706
3.585 11.608904394593123
3.5949999999999998 11.062966037393217
3.605 10.445304809482911
3.6149999999999998 9.769438179606285
3.625 9.05028664760953
3.635 8.303418384448662
3.645 7.5443261791057905
3.655 6.787775604200801
3.665 6.047255023628513
3.675 5.334548340413475
3.685 4.6594411316698485
3.695 4.026329393835125
3.705 3.4482096024287987
3.715 2.9237152122748733
3.725 2.454333261673876
3.735 2.0398068877779183
3.745 1.6784238030050547
3.755 1.3673234469191082
3.765 1.1028030220663645
3.775 0.8806060992168472
3.785 0.6961815120461096
3.795 0.5449044289185757
3.805 0.42225543178106545
3.815 0.32395687967205744
3.825 0.2460686149258403
3.835 0.1850471059648591
3.8449999999999998 0.13777341555998887
3.855 0.10155600497903904
3.8649999999999998 0.07411444254891558
3.875 0.053549712041525366
3.885 0.03830614853651539
3.895 0.027129194056520988
3.905 0.01902227040808435
3.915 0.013205196409387446
3.925 0.009075789916501036
3.935 0.006175627022742307
3.945 0.004160396655067407
3.955 0.0
3.965 0.0
3.975 0.0
3.985 0.0
3.995 0.0
4.005 0.0
4.015 0.0
4.025 0.0
4.035 0.0
4.045 0.0
4.055 0.0
4.065 0.0
4.075 0.0
4.085 0.0
4.095 0.0
4.1049999999999995 0.0
4.115 0.0
4.125 0.0
4.135 0.0
4.145 0.0
4.155 0.0
4.165 0.0
4.175 0.0
4.185 0.0
4.195 0.0024762603439474366
4.205 0.003675721707159958
4.215 0.00540189326247437
4.225 0.007859708319584114
4.235 0.011322019934327852
4.245 0.016147245797727666
4.255 0.022799748296787423
4.265 0.031872688916986296
4.275 0.04411277823092009
4.285 0.06044594510309939
4.295 0.08200248045720623
4.305 0.11013969297972998
4.315 0.1464595815134022
4.325 0.19281853169066882
4.335 0.2513256469097208
4.345 0.32432610167804593
4.355 0.41436593993252663
4.365 0.5241351108848996
4.375 0.6563863057149015
4.385 0.813828370146223
4.395 0.9989947229326196
4.405 1.214089262225277
4.415 1.4608145882704824
4.425 1.7401898514493517
4.435 2.0546044643301626
4.445 2.3997836268670554
4.455 2.7752858592772176
4.465 3.177931437707408
4.475 3.603250017082256
4.485 4.04550230159434
4.495 4.497776186951858
4.505 4.952161761599093
4.515 5.4000042264936114
4.525 5.832227818339264
4.535 6.23971766691148
4.545 6.613740723946693
4.555 6.946382032081653
4.565 7.230969184793733
4.575 7.462456294781115
4.585 7.6377394243185375
4.595 7.755878336586184
4.605 7.818204495635538
4.615 7.830381025307897
4.625 7.794943560115886
4.635 7.720916399516488
4.645 7.617412926322832
4.655 7.494549044510055
4.665 7.362907999127563
4.675 7.23297666623882
4.685 7.114589354199174
4.695 7.016415041046489
4.705 6.945521216231887
4.715 6.907042284511551
4.725 6.903973198628664
4.735 6.937100145686657
4.745 7.005070367945345
4.755 7.1045932721182075
4.765 7.230755613906083
4.775 7.3774254483387764
4.785 7.537713342170709
4.795 7.704455553162907
4.805 7.870682821472153
4.815 8.030040213855335
4.825 8.177128009189797
4.835 8.307740581062536
4.845 8.41898907239699
4.855 8.509303642204427
4.865 8.578321346852455
4.875 8.626675398691063
4.885 8.655709756842194
4.895 8.667148999297675
4.905 8.662756648513472
4.915 8.6440152777192
4.925 8.611858809189394
4.935 8.566481725873277
4.945 8.507242025135136
4.955 8.432665436079635
4.965 8.340548623474238
4.975 8.228149772804706
4.985 8.092446989399114
4.995 7.930439088078142
5.005 7.737808494274374
5.015 7.516387803835512
5.025 7.262640829257085
5.035 6.976568930214868
5.045 6.659354198017644
5.055 6.313390112745182
5.065 5.942223835187365
5.075 5.550417951208092
5.085 5.143345701296679
5.095 4.726938260339675
5.105 4.307405188338746
5.115 3.8909496815216222
5.125 3.48349885562091
5.135 3.0904663055098562
5.145 2.7165600488004493
5.155 2.365644180712744
5.165 2.0406576525881452
5.175 1.7435889958797903
5.185 1.4771780962836023
5.195 1.2390918116294507
5.205 1.0300031825506926
5.215 0.8505299347179653
5.225 0.6966675907669813
5.235 0.5678312476451994
5.245 0.46071671930839814
5.255 0.3770238401940809
5.265 0.31295062877649815
5.275 0.26717656737935835
5.285 0.23872653693377255
5.295 0.2270505497077878
5.305 0.2320824544638843
5.315 0.25427731369691864
5.325 0.29462684726388927
5.335 0.3546518587376396
5.345 0.4363700648185447
5.355 0.5422373987213417
5.365 0.6750608140585328
5.375 0.837881011967436
5.385 1.0338244473901406
5.395 1.2659254824218371
5.405 1.5369216206386136
5.415 1.8490272768318945
5.425 2.2023077838177683
5.435 2.6004549923106097
5.445 3.040671106514605
5.455 3.5207808651213686
5.465 4.036998748574171
5.475 4.583834189879903
5.485 5.154071114189774
5.495 5.738833893811075
5.505 6.327747258210794
5.515 6.910686291847563
5.525 7.472869285898968
5.535 8.002395747888876
5.545 8.486414335089675
5.555 8.912650453624984
5.565 9.269946022535759
5.575 9.548776939092416
5.585 9.741716885736619
5.595 9.843818345412574
5.605 9.852886226334073
5.615 9.769626005689165
5.625 9.597656251627802
5.635 9.34338409669719
5.645 9.015750964130962
5.655 8.625863850866205
5.665 8.186534097072311
5.675 7.711750328211635
5.685 7.216114854512938
5.695 6.7142731933579265
5.705 6.220364701441998
5.715 5.747518911023675
5.725 5.307417535409657
5.735 4.90993678515592
5.745 4.562879155217594
5.755 4.271798672895942
5.765 4.039919088641863
5.775 3.868140854064838
5.785 3.7551300226147486
5.795 3.6974803557926554
5.805 3.689938752549045
5.815 3.725683422509367
5.825 3.7966437741089973
5.835 3.8938506083716704
5.845 4.0078047944278445
5.855 4.128852141278931
5.865 4.247551748051858
5.875 4.355024858581932
5.885 4.443271350652841
5.895 4.5054416401503845
5.905 4.5360531201790515
5.915 4.531142355575629
5.925 4.488347089157719
5.935 4.4069155594998435
5.945 4.287644459170512
5.955 4.13275078505772
5.965 3.9456865208527243
5.975 3.7309082227791195
5.985 3.4936158747637642
5.995 3.238358664568573
6.005 2.9736110087940704
6.015 2.7035411918028105
6.025 2.4338379547951443
6.035 2.1701918376172613
6.045 1.9162913799216545
6.055 1.6759002971722037
6.065 1.4520046226257004
6.075 1.2468182720127376
6.085 1.0618281890142118
6.095 0.8991112823774018
6.105 0.7570787700136308
6.115 0.6364918812842396
6.125 0.5370038213394687
6.135 0.45811538150542636
6.1450000000000005 0.399296473585893
6.155 0.3600942820295987
6.165 0.3402232557014939
6.175 0.34084272088328293
6.185 0.36034886051420223
6.195 0.4001488198841069
6.205 0.4611571721575903
6.215 0.5445742164787288
6.225 0.6518331555723973
6.235 0.7845245472654556
6.245 0.944300610070202
6.255 1.1327628539019967
6.265 1.3513374261603586
6.275 1.6011434575333146
6.285 1.8828604830911737
6.295 2.1966016088860196
6.305 2.5417993953657714
6.315 2.9171113503613153
6.325 3.319354695756307
6.335 3.74779459831604
6.345 4.1970358122347085
6.355 4.662316742988255
6.365 5.138092097605735
6.375 5.619283717117348
6.385 6.097418645481423
6.3950000000000005 6.566218203784121
6.405 7.018492120103561
6.415 7.447100245379649
6.425 7.845157015659247
6.435 8.20623017765277
6.445 8.524526268152867
6.455 8.795056440236275
6.465 9.013777580034281
6.475 9.177705091387585
6.485 9.284995083453406
6.495 9.334994849716022
6.505 9.32826139525628
6.515 9.266548330891645
6.525 9.152761747133006
6.535 8.990885800360184
6.545 8.785878817814956
6.555 8.543540900970566
6.565 8.27035441111184
6.575 7.973299452387121
6.585 7.659647564526245
6.595 7.336738267743636
6.605 7.011744760563216
6.615 6.6914367865790565
6.625 6.381950240721135
6.635 6.088574241315267
6.6450000000000005 5.815566924184997
6.655 5.566010935836353
6.665 5.341718403311643
6.675 5.143193021112153
6.685 4.969653907406258
6.695 4.819122231654008
6.705 4.688567580637892
6.715 4.574106948290616
6.725 4.471245472444725
6.735 4.375144952540456
6.745 4.28090406923389
6.755 4.183833307233495
6.765 4.07970796339077
6.775 3.9649842860606297
6.785 3.8369665987647505
6.795 3.6939169621112353
6.805 3.5351031912003865
6.815 3.3607854926934464
6.825 3.173285296206695
6.835 2.972017070863695
6.845 2.7624191878757816
6.855 2.5464581543352764
6.865 2.327659348853416
6.875 2.109661070655566
6.885 1.8960493230679363
6.8950000000000005 1.6902164207867703
6.905 1.4944235866378202
6.915 1.3133119113568958
6.925 1.1479669259591447
6.935 1.0002710790740053
6.945 0.8716868510660687
6.955 0.7633002490416179
6.965 0.6758778601509707
6.975 0.6099295577002048
6.985 0.5649624791556483
6.995 0.5430332161169172
