0.005 0.0
0.015 0.0
0.025 0.0
0.034999999999999996 0.0
0.045 0.0
0.055 0.0
0.065 0.0
0.07500000000000001 0.0
0.085 0.0
0.095 0.0
0.10500000000000001 0.0
0.115 0.0
0.125 0.0
0.135 0.0
0.14500000000000002 0.0
0.155 0.0
0.165 0.0
0.17500000000000002 0.0
0.185 0.0
0.195 0.0
0.20500000000000002 0.0
0.215 0.0
0.225 0.0
0.23500000000000001 0.0
0.245 0.0
0.255 0.0
0.265 0.0
0.275 0.0
0.28500000000000003 0.0
0.295 0.0
0.305 0.0
0.315 0.0
0.325 0.0
0.335 0.0
0.34500000000000003 0.0
0.35500000000000004 0.0
0.365 0.0
0.375 0.0
0.385 0.0
0.395 0.0
0.405 0.0
0.41500000000000004 0.0
0.425 0.0
0.435 0.0
0.445 0.0
0.455 0.0
0.465 0.0
0.47500000000000003 0.0
0.485 0.0
0.495 0.0
0.505 0.0
0.515 0.0
0.525 0.0
0.535 0.0
0.545 0.0
0.555 0.0
0.5650000000000001 0.0
0.5750000000000001 0.0
0.585 0.0
0.595 0.0
0.605 0.0
0.615 0.0
0.625 0.0
0.635 0.0
0.645 0.0
0.655 0.0
0.665 0.0
0.675 0.0
0.685 0.0
0.6950000000000001 0.0
0.7050000000000001 0.0
0.715 0.0
0.725 0.0
0.735 0.0
0.745 0.0
0.755 0.0
0.765 0.0
0.775 0.0
0.785 0.0
0.795 0.0
0.805 0.0
0.8150000000000001 0.0
0.8250000000000001 0.0
0.8350000000000001 0.0
0.845 0.0
0.855 0.0
0.865 0.0
0.875 0.0
0.885 0.0
0.895 0.0
0.905 0.0
0.915 0.0
0.925 0.0
0.935 0.0
0.9450000000000001 0.0
0.9550000000000001 0.0
0.965 0.0
0.975 0.0
0.985 0.0
0.995 0.0
1.005 0.0
1.015 0.0
1.025 0.0
1.035 0.0
1.045 0.0
1.055 0.0
1.065 0.0
1.075 0.0
1.085 0.0
1.095 0.0
1.105 0.0
1.115 0.0
1.125 0.0
1.135 0.0
1.145 0.0
1.155 0.0
1.1649999999999998 0.0
1.1749999999999998 0.0
1.1849999999999998 0.0
1.1949999999999998 0.0
1.2049999999999998 0.0
1.2149999999999999 0.0
1.2249999999999999 0.0
1.2349999999999999 0.0
1.2449999999999999 0.0
1.255 0.0
1.265 0.0
1.275 0.0
1.285 0.0
1.295 0.0
1.305 0.0
1.315 0.0
1.325 0.0
1.335 0.0
1.345 0.0
1.355 0.0
1.365 0.0
1.375 0.0
1.385 0.0
1.395 0.0
1.405 0.0
1.4149999999999998 0.0
1.4249999999999998 0.0
1.4349999999999998 0.0
1.4449999999999998 0.0
1.4549999999999998 0.0
1.4649999999999999 0.0
1.4749999999999999 0.0
1.4849999999999999 0.0
1.4949999999999999 0.0
1.505 0.0
1.515 0.0
1.525 0.0
1.535 0.0
1.545 0.013820613998675083
1.555 0.02051510092845356
1.565 0.03014928613026589
1.575 0.04386695247640448
1.585 0.0631909595370766
1.595 0.09012172401726248
1.605 0.12725096585544535
1.615 0.17788926422789225
1.625 0.24620419328237036
1.635 0.3373635882418242
1.645 0.45767587891275513
1.655 0.61471653670263
1.665 0.8174267085654978
1.6749999999999998 1.0761673362825535
1.6849999999999998 1.4027098412315766
1.6949999999999998 1.8101432153300545
1.7049999999999998 2.3126775518589002
1.7149999999999999 2.9253261145980396
1.7249999999999999 3.6634523455804104
1.7349999999999999 4.5421749746360955
1.7449999999999999 5.575633630814294
1.755 6.776128808170238
1.765 8.153163134670933
1.775 9.712424737600102
1.785 11.454766901527847
1.795 13.375249765172477
1.805 15.462317990757446
1.815 17.697191711759004
1.825 20.05354541180678
1.835 22.49753992664864
1.845 24.98825630342976
1.855 27.478557318227192
1.865 29.916374320604127
1.875 32.25648765395857
1.885 34.42701667088431
1.895 36.37973545010778
1.905 38.063229172270766
1.915 39.432012735487376
1.9249999999999998 40.448754172542635
1.9349999999999998 41.08620219971288
1.9449999999999998 41.328694548385926
1.9549999999999998 41.17314885831124
1.9649999999999999 40.629471034329015
1.9749999999999999 39.72035418152531
1.9849999999999999 38.48048110384382
1.9949999999999999 36.95518130182059
2.005 35.19862612185373
2.015 33.271670512661125
2.025 31.239464980368922
2.035 29.168966144445008
2.045 27.12646925045615
2.0549999999999997 25.17527257226534
2.065 23.373564089369054
2.0749999999999997 21.772597854612595
2.085 20.415203850575153
2.0949999999999998 19.334653363552857
2.105 18.55388389136455
2.1149999999999998 18.08507446434063
2.125 17.929554243644162
2.135 18.078023784559754
2.145 18.511068164167426
2.155 19.199942605852407
2.165 20.107612505143734
2.175 21.190029282213594
2.185 22.397620126377124
2.195 23.67696297986532
2.205 24.97260829567495
2.215 26.228997175760835
2.225 27.392413007995998
2.235 28.412892582599387
2.245 29.24601486072502
2.255 29.854482841076777
2.265 30.209417576655298
2.275 30.291293879699662
2.285 30.090464349228373
2.295 29.607240976852214
2.305 28.85152994134934
2.315 27.84204299837316
2.3249999999999997 26.605135585560763
2.335 25.173344940406736
2.3449999999999998 23.583719068442047
2.355 21.866819764535265
2.3649999999999998 20.084942574518223
2.375 18.264703167615554
2.385 16.444160159563324
2.395 14.65776763121631
2.405 12.935434533353133
2.415 11.301894976389518
2.425 9.776391108973227
2.435 8.372649726740528
2.445 7.099116989836701
2.455 5.96581798061954
2.465 4.962407267408039
2.475 4.08939893980862
2.485 3.3403780769983342
2.495 2.7070606457018527
2.505 2.1800399733766005
2.515 1.7494681657939866
2.525 1.4056520956828904
2.535 1.1395523380367718
2.545 0.9431807686442426
2.555 0.8098980809366749
2.565 0.7346160777074503
2.5749999999999997 0.7139113589597342
2.585 0.7460572483811767
2.5949999999999998 0.8309799125009749
2.605 0.9701431453590237
2.6149999999999998 1.1663647597109061
2.625 1.4235664557222574
2.635 1.7464588618504222
2.645 2.1401644683001493
2.655 2.609783550083265
2.665 3.15991186989483
2.675 3.7941237322393575
2.685 4.507701665208068
2.695 5.316352325150273
2.705 6.207681116501458
2.715 7.176325010281259
2.725 8.218921811727276
2.735 9.31513900415468
2.745 10.453170577754047
2.755 11.61446843112054
2.765 12.777745304983242
2.775 13.919610178246476
2.785 15.015391350942426
2.795 16.040116175801433
2.805 16.969601918274833
2.815 17.781599998896837
2.8249999999999997 18.456927170038117
2.835 18.980513016732246
2.8449999999999998 19.34229418697101
2.855 19.537892127126636
2.8649999999999998 19.573927071358984
2.875 19.4508803961621
2.885 19.186221132559375
2.895 18.799698044997417
2.905 18.315808099461027
2.915 17.762744940286325
2.925 17.171156249010505
2.935 16.572779034550287
2.945 15.999028514849073
2.955 15.479617783290257
2.965 15.041282028268501
2.975 14.70667315648727
2.985 14.493478992736664
2.995 14.413806704380814
3.005 14.473853737528302
3.015 14.673872390416019
3.025 15.008417198889923
3.035 15.466848519343705
3.045 16.034051932248445
3.055 16.691322116730788
3.065 17.417352298198857
3.075 18.189266721239537
3.085 18.983634121166553
3.0949999999999998 19.777404883055084
3.105 20.54872321943295
3.1149999999999998 21.277577683833137
3.125 21.946267772404774
3.135 22.539680085960548
3.145 23.045383181705454
3.155 23.45356442617983
3.165 23.756843542368177
3.175 23.950005038207586
3.185 24.029694604741927
3.195 23.994122656688372
3.205 23.842811762902052
3.215 23.576414595951576
3.225 23.196616457951407
3.235 22.706122929280244
3.245 22.10872034347996
3.255 21.409386111456755
3.265 20.610140357371478
3.275 19.72872799196192
3.285 18.76818448756889
3.295 17.73940302495097
3.305 16.654640236204344
3.315 15.52733258081738
3.325 14.371813043898449
3.335 13.202942911620008
3.3449999999999998 12.035682243320467
3.355 10.88462879121934
3.3649999999999998 9.763557984324123
3.375 8.684996076820672
3.385 7.659854943612469
3.395 6.697150894578394
3.405 5.803822105693176
3.415 4.98465076258443
3.425 4.2422876952088595
3.435 3.5773699437464854
3.445 2.9887159301986443
3.455 2.473579072622813
3.465 2.0279388780989107
3.475 1.646808672268138
3.485 1.3245408771661493
3.495 1.0551137280579939
3.505 0.8323870637742122
3.515 0.6503188784649527
3.525 0.5031382828270079
3.535 0.3819031702309333
3.545 0.2900830018786566
3.555 0.21814655234850597
3.565 0.16241699892024825
3.575 0.1197213663026548
3.585 0.08737132113996779
3.5949999999999998 0.06312816944747256
3.605 0.04515798392749516
3.6149999999999998 0.03198180333902386
3.625 0.022424791167242768
3.635 0.01556721492493802
3.645 0.010699179918544712
3.655 0.007280263782441092
3.665 0.0049045683906970275
3.675 0.0031485606356952403
3.685 0.0046736736317819156
3.695 0.006868497703008553
3.705 0.00999360518920228
3.715 0.014395928266958583
3.725 0.020531194394760255
3.735 0.028989839524138618
3.745 0.04052606743191183
3.755 0.05608931928684844
3.765 0.07685691199804397
3.775 0.10426600847039545
3.785 0.14004242429159472
3.795 0.18622309814903895
3.805 0.24516842108209358
3.815 0.3195601143210753
3.825 0.41238006309310077
3.835 0.5268655577485214
3.8449999999999998 0.6664368639394505
3.855 0.8345940236190407
3.8649999999999998 1.0347813293208417
3.875 1.2702200184972499
3.885 1.5437123437388967
3.895 1.8574231582393839
3.905 2.2126483099008434
3.915 2.6095821908254435
3.925 3.0470994202754826
3.935 3.522567504379207
3.945 4.031708084122612
3.955 4.568523778740556
3.965 5.125305476284809
3.975 5.692731173823739
3.985 6.260062245147688
3.995 6.8154366048865835
4.005 7.346251097766211
4.015 7.839618154373494
4.025 8.282874983642936
4.035 8.666776146634003
4.045 8.976677074133471
4.055 9.205675816943414
4.065 9.347352507864816
4.075 9.39788065153498
4.085 9.356248804919172
4.095 9.224351628292931
4.1049999999999995 9.006945244502788
4.115 8.711471067460412
4.125 8.347760974781636
4.135 7.927644112297094
4.145 7.464481082102007
4.155 6.972654348641722
4.165 6.467044227434806
4.175 5.9625179009647775
4.185 5.473454893481226
4.195 5.013326894330559
4.205 4.594343445392116
4.215 4.227168548229823
4.225 3.9207074071083747
4.235 3.6819578916148403
4.245 3.5159182807148213
4.255 3.4255416195874453
4.265 3.4117275280197674
4.275 3.473344272486499
4.285 3.607276903795178
4.295 3.80850070205074
4.305 4.070182450632567
4.315 4.383814603942864
4.325 4.739388748086956
4.335 5.125614571845038
4.345 5.5301887635165965
4.355 5.940114942805699
4.365 6.342071249551345
4.375 6.72281703883723
4.385 7.069624885882946
4.395 7.370719437847887
4.405 7.615701180793049
4.415 7.7959314238736654
4.425 7.904855068775077
4.435 7.93824014052988
4.445 7.896544785064987
4.455 7.777116259118358
4.465 7.584707592158073
4.475 7.324848198997335
4.485 7.002951716188557
4.495 6.633074886628496
4.505 6.222536363895916
4.515 5.782560161117666
4.525 5.324698170985211
4.535 4.8625701787330415
4.545 4.403953599793364
4.555 3.960698866932884
4.565 3.54229463304404
4.575 3.1571555723830182
4.585 2.8125527314239793
4.595 2.514610069385583
4.605 2.268354371388213
4.615 2.0778026089768136
4.625 1.946069351683449
4.635 1.8754770069300797
4.645 1.8676533537195783
4.655 1.923603794132428
4.665 2.0437496476556385
4.675 2.2279282777485645
4.685 2.4773774902631183
4.695 2.787556347972248
4.705 3.1576742930275508
4.715 3.5847411579072705
4.725 4.0648215919204045
4.735 4.592958420865329
4.745 5.165102542126985
4.755 5.771167282144386
4.765 6.404479856353289
4.775 7.05618287772928
4.785 7.716731324336228
4.795 8.376130027749475
4.805 9.02422123618314
4.815 9.651010256379177
4.825 10.247013647320951
4.835 10.803611795195586
4.845 11.31161319387221
4.855 11.769250034303125
4.865 12.169784068500867
4.875 12.51103478660692
4.885 12.792816255375012
4.895 13.016934346637784
4.905 13.187081546248475
4.915 13.308630248469859
4.925 13.388331327068727
4.935 13.433930675110751
4.945 13.453721971533025
4.955 13.456058789697678
4.965 13.448852932324698
4.975 13.439088203053991
4.985 13.43237940988064
4.995 13.432605037219929
5.005 13.4416386484566
5.015 13.459198773252663
5.025 13.482830047821775
5.035 13.508020132869039
5.045 13.52844799777564
5.055 13.536350197554764
5.065 13.522983492203817
5.075 13.479155254769811
5.085 13.39578818148161
5.095 13.264483297010864
5.105 13.078045379611698
5.115 12.830937722625446
5.125 12.519638373335642
5.135 12.142877205532793
5.145 11.701741775192652
5.155 11.201343490546908
5.165 10.644705130166422
5.175 10.040556212788232
5.185 9.398076733722906
5.195 8.727611722993744
5.205 8.04022143443442
5.215 7.347226676450795
5.225 6.659776791751632
5.235 5.988463968303526
5.245 5.343002273748232
5.255 4.730498016474101
5.265 4.16173494578101
5.275 3.640502132630726
5.285 3.1714262391177295
5.295 2.7578080939189427
5.305 2.4017340098865025
5.315 2.1042180431398503
5.325 1.8653582157939517
5.335 1.684490649682888
5.345 1.5588958470258893
5.355 1.4901239432313367
5.365 1.4738632364250726
5.375 1.5091034617441634
5.385 1.5904894156966476
5.395 1.7157637400319088
5.405 1.8811966702937515
5.415 2.082590575644723
5.425 2.3152433995041988
5.435 2.573929740640986
5.445 2.852911562736138
5.455 3.145988173650045
5.465 3.446591697600166
5.475 3.7479300163191756
5.485 4.043174408372571
5.495 4.324335625278871
5.505 4.588366186411856
5.515 4.82780326056658
5.525 5.038132979700032
5.535 5.215993631927331
5.545 5.359351638683253
5.555 5.4662944110160865
5.565 5.54077911249679
5.575 5.584650335356336
5.585 5.599300487924789
5.595 5.590447207656303
5.605 5.5636128702124665
5.615 5.524768332291237
5.625 5.479970910148452
5.635 5.436434249595236
5.645 5.397138390152744
5.655 5.36736645335343
5.665 5.350329750107206
5.675 5.347992186644954
5.685 5.361033855949407
5.695 5.388913656204197
5.705 5.43002548145059
5.715 5.481935032966886
5.725 5.5430714099315175
5.735 5.608162071907527
5.745 5.6765940437744264
5.755 5.743843010036239
5.765 5.810653809216018
5.775 5.874419756652322
5.785 5.936791006387975
5.795 5.999740284787032
5.805 6.066428836806398
5.815 6.141060265516728
5.825 6.228651523156719
5.835 6.334739053787945
5.845 6.465042722787544
5.855 6.626449131398768
5.865 6.821969357070653
5.875 7.056787735079517
5.885 7.334141906614493
5.895 7.656031220111411
5.905 8.02311139160932
5.915 8.434668180682406
5.925 8.888664750439384
5.935 9.383154219628537
5.945 9.911855888956214
5.955 10.470540266570119
5.965 11.052327651207184
5.975 11.653652976540764
5.985 12.266377680445583
5.995 12.883888698458152
6.005 13.499508410109419
6.015 14.106562210482844
6.025 14.698415931115948
6.035 15.268493747691668
6.045 15.810289687545655
6.055 16.317386419796122
6.065 16.7834936040861
6.075 17.202514865457573
6.085 17.568647856531317
6.095 17.876516450078917
6.105 18.12132857265997
6.115 18.299048264858833
6.125 18.406566889605855
6.135 18.44185650849753
6.1450000000000005 18.404088590153613
6.155 18.2937034317938
6.165 18.112419732513377
6.175 17.86317919092317
6.185 17.548981556396352
6.195 17.177246260378144
6.205 16.752137191418925
6.215 16.279832137331407
6.225 15.766704263678655
6.235 15.21908232387834
6.245 14.643040078420007
6.255 14.044229638636475
6.265 13.427768635805823
6.275 12.79818552136106
6.285 12.15942155956475
6.295 11.514882794729473
6.305 10.867530989249497
6.315 10.219999623514695
6.325 9.574719735928964
6.335 8.934040685919504
6.345 8.300332695047187
6.355 7.676060966677553
6.365 7.063824908693686
6.375 6.46636004371881
6.385 5.885527356137754
6.3950000000000005 5.3264876167906605
6.405 4.790649144222707
6.415 4.280719692281331
6.425 3.7991404812777683
6.435 3.3479898793314518
6.445 2.9279433611712093
6.455 2.5423664513053925
6.465 2.190450665531171
6.475 1.8722542733175975
6.485 1.587286067574509
6.495 1.334547699424537
6.505 1.1125951557452654
6.515 0.9196144144880741
6.525 0.7535057916473802
6.535 0.6110419570329952
6.545 0.49198751047976846
6.555 0.3916274853597621
6.565 0.30974916582981726
6.575 0.24180842254312454
6.585 0.18783198991540714
6.595 0.14452934324853706
6.605 0.11015801295205704
6.615 0.08316407275708398
6.625 0.06218730326466594
6.635 0.04605761644432976
6.6450000000000005 0.033784935518218887
6.655 0.024544571291112063
6.665 0.01676859123754062
6.675 0.011995211966690612
6.685 0.008495253258970811
6.695 0.005956645978521407
6.705 0.004135083688755345
6.715 0.002841998686184974
6.725 0.0019338398141071664
6.735 0.0013027892818687394
6.745 0.0
6.755 0.0
6.765 0.0
6.775 0.0
6.785 0.0
6.795 0.0
6.805 0.0
6.815 0.0
6.825 0.0
6.835 0.0
6.845 0.0
6.855 0.0
6.865 0.0
6.875 0.0
6.885 0.0
6.8950000000000005 0.0
6.905 0.0
6.915 0.0
6.925 0.0
6.935 0.0
6.945 0.0
6.955 0.0
6.965 0.0
6.975 0.0
6.985 0.0
6.995 0.0
