0.005 0.0
0.015 0.0
0.025 0.0
0.034999999999999996 0.0
0.045 0.0
0.055 0.0
0.065 0.0
0.07500000000000001 0.0
0.085 0.0
0.095 0.0
0.10500000000000001 0.0
0.115 0.0
0.125 0.0
0.135 0.0
0.14500000000000002 0.0
0.155 0.0
0.165 0.0
0.17500000000000002 0.0
0.185 0.0
0.195 0.0
0.20500000000000002 0.0
0.215 0.0
0.225 0.0
0.23500000000000001 0.0
0.245 0.0
0.255 0.0
0.265 0.0
0.275 0.0
0.28500000000000003 0.0
0.295 0.0
0.305 0.0
0.315 0.0
0.325 0.0
0.335 0.0
0.34500000000000003 0.0
0.35500000000000004 0.0
0.365 0.0
0.375 0.0
0.385 0.0
0.395 0.0
0.405 0.0
0.41500000000000004 0.0
0.425 0.0
0.435 0.0
0.445 0.0
0.455 0.0
0.465 0.0
0.47500000000000003 0.0
0.485 0.0
0.495 0.0
0.505 0.0
0.515 0.0
0.525 0.0
0.535 0.0
0.545 0.0
0.555 0.0
0.5650000000000001 0.0
0.5750000000000001 0.0
0.585 0.0
0.595 0.0
0.605 0.0
0.615 0.0
0.625 0.0
0.635 0.0
0.645 0.0
0.655 0.0
0.665 0.0
0.675 0.0
0.685 0.0
0.6950000000000001 0.0
0.7050000000000001 0.0
0.715 0.0
0.725 0.0
0.735 0.0
0.745 0.0
0.755 0.0
0.765 0.0
0.775 0.0
0.785 0.0
0.795 0.0
0.805 0.0
0.8150000000000001 0.0
0.8250000000000001 0.0
0.8350000000000001 0.0
0.845 0.0
0.855 0.0
0.865 0.0
0.875 0.0
0.885 0.0
0.895 0.0
0.905 0.0
0.915 0.0
0.925 0.0
0.935 0.0
0.9450000000000001 0.0
0.9550000000000001 0.0
0.965 0.0
0.975 0.0
0.985 0.0
0.995 0.0
1.005 0.0
1.015 0.0
1.025 0.0
1.035 0.0
1.045 0.0
1.055 0.0
1.065 0.0
1.075 0.0
1.085 0.0
1.095 0.0
1.105 0.0
1.115 0.0
1.125 0.0
1.135 0.0
1.145 0.0
1.155 0.0
1.1649999999999998 0.0
1.1749999999999998 0.0
1.1849999999999998 0.0
1.1949999999999998 0.0
1.2049999999999998 0.0
1.2149999999999999 0.0
1.2249999999999999 0.019799736216357538
1.2349999999999999 0.02939041542396539
1.2449999999999999 0.04319257542016427
1.255 0.06284482641158814
1.265 0.09052885278559857
1.275 0.12911049849711684
1.285 0.18230272240119536
1.295 0.2548483379806315
1.305 0.3527179098424543
1.315 0.4833150001029138
1.325 0.6556772134675684
1.335 0.8806573481982596
1.345 1.1710647014201967
1.355 1.5417426016743814
1.365 2.00955506369952
1.375 2.593253684735006
1.385 3.3131961781645494
1.395 4.1908908982926425
1.405 5.248347873013605
1.4149999999999998 6.507226549772443
1.4249999999999998 7.987783693239534
1.4349999999999998 9.707641280097523
1.4449999999999998 11.695772378929483
1.4549999999999998 13.937047014466375
1.4649999999999999 16.44387416156255
1.4749999999999999 19.21044798887766
1.4849999999999999 22.221906460601236
1.4949999999999999 25.45356823899326
1.505 28.870599049174952
1.515 32.428199283795024
1.525 36.072379075583335
1.535 39.74135174474341
1.545 43.36753332071689
1.555 46.88008772399891
1.565 50.207908063456266
1.575 53.28287884016616
1.585 56.04322629846006
1.595 58.43673905205621
1.605 60.42363193624695
1.615 61.978835021615104
1.625 63.09351748739155
1.635 63.77570142494623
1.645 64.04988068387696
1.655 63.95563008247133
1.665 63.54526500475673
1.6749999999999998 62.88068427423873
1.6849999999999998 62.02959386597958
1.6949999999999998 61.06135971146735
1.7049999999999998 60.04276993135875
1.7149999999999999 59.03399726883814
1.7249999999999999 58.08504015637516
1.7349999999999999 57.23288659912468
1.7449999999999999 56.49959168307622
1.755 55.891391448935025
1.765 55.39889878177751
1.775 54.998347234081976
1.785 54.6537728475702
1.795 54.31995815328062
1.805 53.945911734860864
1.815 53.478624773865306
1.825 52.86683490962483
1.835 52.064537767083124
1.845 51.03401606309928
1.855 49.74820211560333
1.865 48.19224739454984
1.875 46.36423717850278
1.885 44.27505380020222
1.895 41.94745296219103
1.905 39.414469450159416
1.915 36.71730762701466
1.9249999999999998 33.902896081473806
1.9349999999999998 31.021293952550554
1.9449999999999998 28.123129442558856
1.9549999999999998 25.25723084319765
1.9649999999999999 22.468580004560117
1.9749999999999999 19.796681170143795
1.9849999999999999 17.274398292852226
1.9949999999999999 14.927274973973612
2.005 12.77331615843727
2.015 10.823182053725267
2.025 9.080723907708352
2.035 7.530572894586269
2.045 6.196416372682814
2.0549999999999997 5.0478939693738045
2.065 4.071335671921193
2.0749999999999997 3.251027566042678
2.085 2.5701676250528003
2.0949999999999998 2.011681864171151
2.105 1.5588854651953272
2.1149999999999998 1.1959862042287348
2.125 0.9166383530033121
2.135 0.695330960283227
2.145 0.5265221509155003
2.155 0.4009539567343033
2.165 0.3111110656097204
2.175 0.2511696399051046
2.185 0.21692428319995397
2.195 0.2057077686391671
2.205 0.21631378574378882
2.215 0.24892843294575728
2.225 0.3050717277043864
2.235 0.3875462244415682
2.245 0.5003860946849795
2.255 0.6385525472608831
2.265 0.8323091697620157
2.275 1.0740630402784601
2.285 1.3722458319853994
2.295 1.735765785735494
2.305 2.1737389234651796
2.315 2.695136065156502
2.3249999999999997 3.308347073465839
2.335 4.020670545504182
2.3449999999999998 4.837744942028912
2.355 5.762945359127513
2.3649999999999998 6.796778100064734
2.375 7.936312058405552
2.385 9.174690781512073
2.395 10.500771084489475
2.405 11.898932510398112
2.415 13.349096318876821
2.425 14.826982920036773
2.435 16.304623062821918
2.445 17.751121394578544
2.455 19.133652411645308
2.465 20.418649840517663
2.475 21.573132853344212
2.485 22.56609799011008
2.495 23.369895829261566
2.505 23.961507558822667
2.515 24.323639370849193
2.525 24.445562120572124
2.535 24.323639370849193
2.545 23.961507558822667
2.555 23.369895829261566
2.565 22.56609799011008
2.5749999999999997 21.573132853344212
2.585 20.418649840517663
2.5949999999999998 19.133652411645308
2.605 17.751121394578544
2.6149999999999998 16.304623062821918
2.625 14.826982920036773
2.635 13.349096318876821
2.645 11.898932510398112
2.655 10.500771084489475
2.665 9.174690781512073
2.675 7.936312058405552
2.685 6.796778100064734
2.695 5.762945359127513
2.705 4.837744942028912
2.715 4.020670545504182
2.725 3.308347073465839
2.735 2.695136065156502
2.745 2.1737389234651796
2.755 1.735765785735494
2.765 1.3722458319853994
2.775 1.0740630402784601
2.785 0.8323091697620157
2.795 0.6385525472608831
2.805 0.48502671411366094
2.815 0.3647470027391651
2.8249999999999997 0.271565664972823
2.835 0.20017739933367362
2.8449999999999998 0.14608723891382905
2.855 0.10555202613328601
2.8649999999999998 0.07550538438482023
2.875 0.0534744500177395
2.885 0.03749486424262309
2.895 0.02602880918235345
2.905 0.017889321490727538
2.915 0.012172800189633948
2.925 0.008200572509521225
2.935 0.0
2.945 0.0
2.955 0.004644961674846026
2.965 0.006894907677574968
2.975 0.01013285506797868
2.985 0.014743217129479508
2.995 0.021237810800200707
3.005 0.030288954902536545
3.015 0.04276769899964991
3.025 0.05978669361464911
3.035 0.0827466161845361
3.045 0.11338432127704556
3.055 0.15382000519333053
3.065 0.2065997034684222
3.075 0.27472844069346425
3.085 0.3616884194314958
3.0949999999999998 0.47143588946733056
3.105 0.6083699220596639
3.1149999999999998 0.7772663787362224
3.125 0.9831710581047085
3.135 1.231247449966918
3.145 1.526576798950609
3.155 1.8739112843031263
3.165 2.2773849715206707
3.175 2.740191593003357
3.185 3.2683109425168086
3.195 3.85586416183491
3.205 4.5041538748244205
3.215 5.209633125676188
3.225 5.966438451739748
3.235 6.76631094568162
3.245 7.598640491979489
3.255 8.450649128316968
3.265 9.307721252504559
3.275 10.153878287413358
3.285 10.972384113438896
3.295 11.746455976289731
3.305 12.460044713637085
3.315 13.098639096476182
3.325 13.650042859869988
3.335 14.105070429707547
3.3449999999999998 14.458108978356487
3.355 14.70750044130169
3.3649999999999998 14.855707274150092
3.375 14.909239397475565
3.385 14.87833598091911
3.395 14.776413199047266
3.405 14.61930643140639
3.415 14.424351131808969
3.425 14.209359417984272
3.435 13.991558223990092
3.445 13.786558837124861
3.455 13.60742643050521
3.465 13.463911853287723
3.475 13.361896924862709
3.485 13.303089645809289
3.495 13.284988237237908
3.505 13.301114105828567
3.515 13.341495151529749
3.525 13.393363711666694
3.535 13.442019155337448
3.545 13.471794753661122
3.555 13.467062683067075
3.565 13.413210222632216
3.575 13.29752433264399
3.585 13.109930405351507
3.5949999999999998 12.843543261413293
3.605 12.49826293020457
3.6149999999999998 12.069425763877572
3.625 11.56320889467568
3.635 10.986902000445474
3.645 10.350624101385664
3.655 9.666744741143003
3.665 8.949231016743568
3.675 8.212968980045519
3.685 7.4731051687578125
3.695 6.744447879459004
3.705 6.04406174580407
3.715 5.379962699369313
3.725 4.765608720270802
3.735 4.210776761551674
3.745 3.7236009918077513
3.755 3.3106344145833884
3.765 2.976895291758832
3.775 2.728888525124412
3.785 2.567049061874402
3.795 2.493555168331145
3.805 2.5098693730344936
3.815 2.6168676925204077
3.825 2.814913613325906
3.835 3.1038744520456554
3.8449999999999998 3.4830838461909206
3.855 3.9512594615073073
3.8649999999999998 4.506389124608787
3.875 5.1456012088591185
3.885 5.865036059432056
3.895 6.6597345329804325
3.905 7.523557492553961
3.915 8.44914662550907
3.925 9.427932646443328
3.935 10.450192296779367
3.945 11.507920493485772
3.955 12.585235754208227
3.965 13.671732314843645
3.975 14.754667357759537
3.985 15.821022054696176
3.995 16.85500401414683
4.005 17.850033396769746
4.015 18.789600579836023
4.025 19.661776800948157
4.035 20.455347178684544
4.045 21.160008920955775
4.055 21.766571669012443
4.065 22.267163511505835
4.075 22.655443158511368
4.085 22.92681449770313
4.095 23.078634821244915
4.1049999999999995 23.110403130085146
4.115 23.023910879189593
4.125 22.823335072782253
4.135 22.515253358523687
4.145 22.108563071729286
4.155 21.61429110965098
4.165 21.045288803716176
4.175 20.415815017931905
4.185 19.741020684257506
4.195 19.03635786723027
4.205 18.31694514886031
4.215 17.596927626486035
4.225 16.888873294715793
4.235 16.203247500967393
4.245 15.548003344409539
4.255 14.928318540069226
4.265 14.346498976194589
4.275 13.802056852101376
4.285 13.291958016983058
4.295 12.811020163765924
4.305 12.352432067845575
4.315 11.9083551497557
4.325 11.47056307580319
4.335 11.031073345889595
4.345 10.58272692890307
4.355 10.11967769152585
4.365 9.63776198902023
4.375 9.134729451250404
4.385 8.610327652613352
4.395 8.066244908311134
4.405 7.505925871801882
4.415 6.9321090048419585
4.425 6.3558978009341605
4.435 5.7808532041782845
4.445 5.2140461263028035
4.455 4.662407537345538
4.465 4.1323802217374865
4.475 3.629631936962948
4.485 3.158842341957501
4.495 2.723569013537451
4.505 2.3261913498455007
4.515 1.9658562257765033
4.525 1.6496895912088456
4.535 1.3705855980612816
4.545 1.1285381164661745
4.555 0.921489272887795
4.565 0.7469623402598967
4.575 0.6002408501550239
4.585 0.48326749064440433
4.595 0.39046606871673323
4.605 0.3194781810193743
4.615 0.26826237160561084
4.625 0.23517972694340697
4.635 0.21905296628391352
4.645 0.2192004424947932
4.655 0.23544644939344983
4.665 0.2681089243234354
4.675 0.3179651930350521
4.685 0.3882180095555203
4.695 0.4773092040902546
4.705 0.5884442319945284
4.715 0.7236290928154657
4.725 0.8848910281784319
4.735 1.0741360018125155
4.745 1.292996078715893
4.755 1.5408257434414585
4.765 1.8225651804679943
4.775 2.1354306087531643
4.785 2.4785427509634097
4.795 2.8500809291735787
4.805 3.2472474117729377
4.815 3.6662803225583223
4.825 4.102519944797356
4.835 4.550529494907801
4.845 5.004267081000109
4.855 5.457300975374895
4.865 5.903055970459322
4.875 6.335074941506773
4.885 6.747277271184661
4.895 7.134194882724836
4.905 7.491167521940616
4.915 7.814481682255729
4.925 8.101442029720573
4.935 8.350369996169487
4.945 8.560530825532208
4.955 8.731997109556604
4.965 8.865463008943024
4.975 8.962028229586013
4.985 9.022973834809862
4.995 9.0495527405563
5.005 9.042816126569345
5.015 9.003493139474298
5.025 8.931935561259293
5.035 8.828132184209558
5.045 8.691790230724736
5.055 8.522474096914388
5.065 8.319785750788164
5.075 8.083566910819641
5.085 7.814101090007428
5.095 7.512293879806611
5.105 7.179812364850159
5.115 6.819168954066192
5.125 6.43374064233134
5.135 6.027721113009775
5.145 5.606009452025144
5.155 5.174044911597195
5.165 4.737601599110164
5.175 4.302559809055797
5.185 3.8746717994684614
5.195 3.459339176507843
5.205 3.06141690846513
5.215 2.685055696771111
5.225 2.3335904225538435
5.235 2.0094781238622965
5.245 1.7142848729088913
5.255 1.448717374120346
5.265 1.2126923499837918
5.275 1.0070584025319789
5.285 0.8280064893299868
5.295 0.6749244955386081
5.305 0.545835160874038
5.315 0.4386111615558524
5.325 0.3510971457917124
5.335 0.2797798890324162
5.345 0.22611871957301413
5.355 0.1879472615113463
5.365 0.1615649973899739
5.375 0.14714047077907552
5.385 0.14417832525608532
5.395 0.15259464485828295
5.405 0.17272664192284556
5.415 0.20533012456552585
5.425 0.25310555687355313
5.435 0.3152530014192333
5.445 0.3947641880819886
5.455 0.4939126870907739
5.465 0.6152168223389377
5.475 0.7613590109307539
5.485 0.9350891946729815
5.495 1.1377645834519017
5.505 1.375077643992721
5.515 1.6473058694993112
5.525 1.9562871897196936
5.535 2.303263712232207
5.545 2.6887532276368864
5.555 3.112433639745526
5.565 3.573047451359642
5.575 4.068332860715307
5.585 4.5949869326939785
5.595 5.148664765436344
5.605 5.724016690351261
5.615 6.314763475237974
5.625 6.9138074239872545
5.635 7.513375363415825
5.645 8.10518794116746
5.655 8.680648552339083
5.665 9.231044635836025
5.675 9.747754040269115
5.685 10.222449596075343
5.695 10.647295834146814
5.705 11.015132813642504
5.715 11.319643101079942
5.725 11.555498928589834
5.735 11.718487334869046
5.745 11.80561159317075
5.755 11.81516745293472
5.765 11.748168350793579
5.775 11.603530562982094
5.785 11.384611986231375
5.795 11.095197129356304
5.805 10.740349972118796
5.815 10.326317536382591
5.825 9.860402277161679
5.835 9.350805230128133
5.845 8.806443388889008
5.855 8.236746355978505
5.865 7.6514387284848535
5.875 7.060315756018516
5.885 6.474343988182788
5.895 5.900794535766598
5.905 5.349346268928898
5.915 4.828087855440906
5.925 4.344262718909614
5.935 3.9041627839503183
5.945 3.513054279062085
5.955 3.175134071093816
5.965 2.8935133678060625
5.975 2.670224498497616
5.985 2.5062459611726267
5.995 2.4015410225250426
6.005 2.355105807202359
6.015 2.365023877191451
6.025 2.428525590986017
6.035 2.5420518310102453
6.045 2.701322787890057
6.055 2.9014132183567476
6.065 3.13683583692044
6.075 3.4028812851758454
6.085 3.6902542002616774
6.095 3.995820350846454
6.105 4.311403538706399
6.115 4.630462888509216
6.125 4.9466086505208775
6.135 5.253738089937656
6.1450000000000005 5.546163357798385
6.155 5.818726963040611
6.165 6.065848307433713
6.175 6.287383168788912
6.185 6.4769255586676895
6.195 6.63315959665473
6.205 6.754811613633851
6.215 6.841470451960426
6.225 6.893585107838382
6.235 6.911419859687823
6.245 6.899482905680744
6.255 6.859152273731344
6.265 6.794035479287274
6.275 6.708351759266987
6.285 6.606833989833705
6.295 6.49577440247792
6.305 6.378780124341686
6.315 6.262159812411586
6.325 6.151370186492272
6.335 6.051606082918649
6.345 5.9676099714587885
6.355 5.9034887468944195
6.365 5.862548509455009
6.375 5.84715800469503
6.385 5.859786036786665
6.3950000000000005 5.8989562644946325
6.405 5.964650690389122
6.415 6.055077790852673
6.425 6.167535927298468
6.435 6.298563899330491
6.445 6.445242971780669
6.455 6.601484078804037
6.465 6.7635602688767
6.475 6.927101227218257
6.485 7.088047658932433
6.495 7.242835557337676
6.505 7.3885451684994425
6.515 7.523007780488301
6.525 7.644866316003266
6.535 7.753588587331644
6.545 7.849434780908001
6.555 7.933383115727084
6.565 8.00701955596881
6.575 8.071481380933303
6.585 8.131279563593434
6.595 8.187585846108131
6.605 8.242899118170119
6.615 8.29950412660209
6.625 8.35931762742661
6.635 8.42375305483091
6.6450000000000005 8.493609278640388
6.655 8.568987798673724
6.665 8.64924147008778
6.675 8.732956615348074
6.685 8.817969186852451
6.695 8.900531703676815
6.705 8.979226148160105
6.715 9.048780817616674
6.725 9.104865058351173
6.735 9.142927687614684
6.745 9.158374335241389
6.755 9.147869866226621
6.765 9.10560415213606
6.775 9.028786709038629
6.785 8.91459261590552
6.795 8.76106252783074
6.805 8.567230803089206
6.815 8.334354962149261
6.825 8.061976836609372
6.835 7.753338248178425
6.845 7.41206419497715
6.855 7.0428471726977016
6.865 6.651333366900127
6.875 6.243973326059323
6.885 5.82701225086587
6.8950000000000005 5.409901141473815
6.905 5.000322701016595
6.915 4.604265685145689
6.925 4.23012485268375
6.935 3.8851370342202287
6.945 3.575989355692663
6.955 3.3086710794712317
6.965 3.08834893388057
6.975 2.9192662147582977
6.985 2.8038580811424847
6.995 2.7461953012060567
