0.005 0.0
0.015 0.0
0.025 0.0
0.034999999999999996 0.0
0.045 0.0
0.055 0.0
0.065 0.0
0.07500000000000001 0.0
0.085 0.0
0.095 0.0
0.10500000000000001 0.0
0.115 0.0
0.125 0.0
0.135 0.0
0.14500000000000002 0.0
0.155 0.0
0.165 0.0
0.17500000000000002 0.0
0.185 0.0
0.195 0.0
0.20500000000000002 0.0
0.215 0.0
0.225 0.0
0.23500000000000001 0.0
0.245 0.0
0.255 0.0
0.265 0.0
0.275 0.0
0.28500000000000003 0.0
0.295 0.0
0.305 0.0
0.315 0.0
0.325 0.0
0.335 0.0
0.34500000000000003 0.0
0.35500000000000004 0.0
0.365 0.0
0.375 0.0
0.385 0.0
0.395 0.0
0.405 0.0
0.41500000000000004 0.0
0.425 0.0
0.435 0.0
0.445 0.0
0.455 0.0
0.465 0.0
0.47500000000000003 0.0
0.485 0.0
0.495 0.0
0.505 0.0
0.515 0.0
0.525 0.0
0.535 0.0
0.545 0.0
0.555 0.0
0.5650000000000001 0.0
0.5750000000000001 0.0
0.585 0.0
0.595 0.0
0.605 0.0
0.615 0.0
0.625 0.0
0.635 0.0
0.645 0.0
0.655 0.0
0.665 0.0
0.675 0.0
0.685 0.0
0.6950000000000001 0.0
0.7050000000000001 0.0
0.715 0.0
0.725 0.0
0.735 0.0
0.745 0.0
0.755 0.0
0.765 0.0
0.775 0.0
0.785 0.0
0.795 0.0
0.805 0.0
0.8150000000000001 0.0
0.8250000000000001 0.0
0.8350000000000001 0.0
0.845 0.0
0.855 0.0
0.865 0.0
0.875 0.0
0.885 0.0
0.895 0.0
0.905 0.0
0.915 0.0
0.925 0.0
0.935 0.0
0.9450000000000001 0.0
0.9550000000000001 0.0
0.965 0.0
0.975 0.0
0.985 0.0
0.995 0.0
1.005 0.0
1.015 0.0
1.025 0.0
1.035 0.0
1.045 0.0
1.055 0.0
1.065 0.0
1.075 0.0
1.085 0.0
1.095 0.0
1.105 0.0
1.115 0.0
1.125 0.0
1.135 0.0
1.145 0.0
1.155 0.0
1.1649999999999998 0.0
1.1749999999999998 0.0
1.1849999999999998 0.0
1.1949999999999998 0.0
1.2049999999999998 0.0
1.2149999999999999 0.0
1.2249999999999999 0.0
1.2349999999999999 0.0
1.2449999999999999 0.0
1.255 0.0
1.265 0.0
1.275 0.0
1.285 0.0
1.295 0.0
1.305 0.0
1.315 0.0
1.325 0.0
1.335 0.0
1.345 0.0
1.355 0.0
1.365 0.0
1.375 0.0
1.385 0.0
1.395 0.0
1.405 0.0
1.4149999999999998 0.0
1.4249999999999998 0.0
1.4349999999999998 0.0
1.4449999999999998 0.0
1.4549999999999998 0.0
1.4649999999999999 0.0
1.4749999999999999 0.0
1.4849999999999999 0.0
1.4949999999999999 0.0
1.505 0.0
1.515 0.0
1.525 0.0
1.535 0.0
1.545 0.0
1.555 0.0
1.565 0.0
1.575 0.0
1.585 0.0
1.595 0.0
1.605 0.0
1.615 0.0
1.625 0.0
1.635 0.0
1.645 0.0
1.655 0.0
1.665 0.0
1.6749999999999998 0.0
1.6849999999999998 0.0
1.6949999999999998 0.0
1.7049999999999998 0.0
1.7149999999999999 0.0
1.7249999999999999 0.0
1.7349999999999999 0.0
1.7449999999999999 0.0
1.755 0.0
1.765 0.01115452116972815
1.775 0.01655759488163712
1.785 0.024333278566674516
1.795 0.03540471140402451
1.805 0.05100098273197761
1.815 0.07273661492169033
1.825 0.10270336706017495
1.835 0.1435731845117454
1.845 0.19870968730530464
1.855 0.2722837992074471
1.865 0.3693870099183489
1.875 0.49613342957764356
1.885 0.6597393955340297
1.895 0.8685671516391729
1.905 1.1321173299900855
1.915 1.4609539646772942
1.9249999999999998 1.8665459228828902
1.9349999999999998 2.361010305097196
1.9449999999999998 2.956746838236303
1.9549999999999998 3.665957743704067
1.9649999999999999 4.5000550174926
1.9749999999999999 5.468966302566994
1.9849999999999999 6.580361103685588
1.9949999999999999 7.838830268708577
2.005 9.24506247766146
2.015 10.795070802955674
2.025 12.479529012061745
2.035 14.283280005684086
2.045 16.185076643161253
2.0549999999999997 18.157607571028603
2.065 20.167847387816554
2.0749999999999997 22.177751968844316
2.085 24.145297069484823
2.0949999999999998 26.025833029598825
2.105 27.773702584652582
2.1149999999999998 29.344044800603204
2.125 30.702888956350005
2.135 31.800197045957695
2.145 32.61063123227387
2.155 33.11134693446662
2.165 33.28865383676979
2.175 33.138792575302
2.185 32.66824729516796
2.195 31.893576271901345
2.205 30.84077562275431
2.215 29.544222199936875
2.225 28.045268249625405
2.235 26.39058003233799
2.245 24.630323783598485
2.255 22.8163045161052
2.265 21.00015655757857
2.275 19.231670611307063
2.285 17.557322475146652
2.295 16.01904579141958
2.305 14.653267935526925
2.315 13.490206868112177
2.3249999999999997 12.553409551127299
2.335 11.859500814212758
2.3449999999999998 11.4181060457145
2.355 11.231911661694507
2.3649999999999998 11.296833117557334
2.375 11.60226980210962
2.385 12.131437619748375
2.395 12.861781389586671
2.405 13.765478433281002
2.415 14.810050283554116
2.425 15.959100250026859
2.435 17.17319021446109
2.445 18.410860790112572
2.455 19.62978584122295
2.465 20.78803685043601
2.475 21.84541665255166
2.485 22.764807677415384
2.495 23.519707366654714
2.505 24.07347103827738
2.515 24.409984779564052
2.525 24.51636378143647
2.535 24.38756723647375
2.545 24.02652000813775
2.555 23.443892003180395
2.565 22.657548220585692
2.5749999999999997 21.68426457576432
2.585 20.570929117906502
2.5949999999999998 19.34023828679073
2.605 18.02859232881863
2.6149999999999998 16.673593375081776
2.625 15.31274365424236
2.635 13.982251906657226
2.645 12.715995496469938
2.655 11.54466816972567
2.665 10.495125358282042
2.675 9.589922274139774
2.685 8.847026398987424
2.695 8.279676535453234
2.705 7.896355990658783
2.715 7.700847760393952
2.725 7.692344257166282
2.735 7.865592176062922
2.745 8.211063163909703
2.755 8.715151506227691
2.765 9.360409521265021
2.775 10.125838367630257
2.785 10.987255472387032
2.795 11.917759153178928
2.805 12.888306137108273
2.815 13.868408993582468
2.8249999999999997 14.826948903806029
2.835 15.733085976024949
2.8449999999999998 16.557236014229485
2.855 17.27207085822028
2.8649999999999998 17.853490618374003
2.875 18.281511522886873
2.885 18.541013439211753
2.895 18.62229665698083
2.905 18.521407896459856
2.915 18.24020987305877
2.925 17.786185806498708
2.935 17.166518832086997
2.945 16.411148775315656
2.955 15.532908576691275
2.965 14.555383238833207
2.975 13.503661990843304
2.985 12.403279422994613
2.995 11.279206605918045
3.005 10.154946302625016
3.015 9.051775327351796
3.025 7.988163689279622
3.035 6.979385720492197
3.045 6.037324240444524
3.055 5.17045611090642
3.065 4.383997183700443
3.075 3.680177214889769
3.085 3.058611048629872
3.0949999999999998 2.5167311763257207
3.105 2.050248298922691
3.1149999999999998 1.653610215734222
3.125 1.3204345767699686
3.135 1.043897085236194
3.145 0.8170629860718273
3.155 0.6331555877804038
3.165 0.48576073420558596
3.175 0.36897031225985655
3.185 0.27747093424008573
3.195 0.20658587514541998
3.205 0.15227927738883953
3.215 0.11113172242010659
3.225 0.08029570930588494
3.235 0.057438579037193176
3.245 0.04067917074840913
3.255 0.028523154220531453
3.265 0.01980067813236903
3.275 0.01360879379316809
3.285 0.009260112394538262
3.295 0.006238352881401466
3.305 0.0
3.315 0.0
3.325 0.0
3.335 0.0
3.3449999999999998 0.0
3.355 0.0
3.3649999999999998 0.0
3.375 0.0
3.385 0.0036495177921241594
3.395 0.0054172865151136985
3.405 0.007961321845961085
3.415 0.011583654934885708
3.425 0.01668641719926966
3.435 0.023797845398868155
3.445 0.03360231781301121
3.455 0.046974037107888646
3.465 0.06501350692275493
3.475 0.08908536319887214
3.485 0.12085543111748043
3.495 0.16232411512428163
3.505 0.21585244454068836
3.515 0.2841763644829783
3.525 0.3704042760511978
3.535 0.4779925024512781
3.545 0.6106934086838919
3.555 0.7724714476516343
3.565 0.9673835415037564
3.575 1.199421992862594
3.585 1.47232055970692
3.5949999999999998 1.7893273518465296
3.605 2.152951665166601
3.6149999999999998 2.5646955256789896
3.625 3.0247842545756938
3.635 3.53191341548074
3.645 4.083031667056216
3.655 4.6731799346171075
3.665 5.2954066138143085
3.675 5.940776021181035
3.685 6.598482960472526
3.695 7.256080217882316
3.705 7.899818370541113
3.715 8.515089016473521
3.725 9.086954087364438
3.735 9.600736056992018
3.745 10.042637391243813
3.755 10.400353210700127
3.765 10.663639405725629
3.775 10.824799677103089
3.785 10.879059211283405
3.795 10.824799677103089
3.805 10.663639405725629
3.815 10.400353210700127
3.825 10.042637391243813
3.835 9.600736056992018
3.8449999999999998 9.086954087364438
3.855 8.515089016473521
3.8649999999999998 7.899818370541113
3.875 7.256080217882316
3.885 6.598482960472526
3.895 5.940776021181035
3.905 5.2954066138143085
3.915 4.6731799346171075
3.925 4.083031667056216
3.935 3.53191341548074
3.945 3.0247842545756938
3.955 2.5646955256789896
3.965 2.152951665166601
3.975 1.7893273518465296
3.985 1.47232055970692
3.995 1.2021287516749166
4.005 0.9714014114934039
4.015 0.7783761669301089
4.025 0.619284724539803
4.035 0.49036841329015257
4.045 0.388054560668713
4.055 0.3090983884421749
4.065 0.25069194831473124
4.075 0.21054305603831908
4.085 0.18692788386942555
4.095 0.1787209046121082
4.1049999999999995 0.18540536526998766
4.115 0.20706655883301803
4.125 0.24436903348105518
4.135 0.2985177112636687
4.145 0.3712018605891431
4.155 0.4645201412700685
4.165 0.5808846550903994
4.175 0.7229021913734854
4.185 0.8932317129743391
4.195 1.0919844419311346
4.205 1.3271006893547654
4.215 1.59679202133783
4.225 1.9021724541354896
4.235 2.243409103009755
4.245 2.619534499145048
4.255 3.0282855366938985
4.265 3.4659841902652295
4.275 3.9274746235531217
4.285 4.406129456902094
4.295 4.893934738381978
4.305 5.381658671470989
4.315 5.859103642775897
4.325 6.3154349549385485
4.335 6.73957340507405
4.345 7.120633028047551
4.355 7.448380527523906
4.365 7.713689672943093
4.375 7.9089626567016875
4.385 8.028491320375728
4.395 8.068734300588632
4.405 8.028491320375728
4.415 7.9089626567016875
4.425 7.713689672943093
4.435 7.448380527523906
4.445 7.120633028047551
4.455 6.73957340507405
4.465 6.3154349549385485
4.475 5.859103642775897
4.485 5.381658671470989
4.495 4.893934738381978
4.505 4.406129456902094
4.515 3.9274746235531217
4.525 3.4659841902652295
4.535 3.0282855366938985
4.545 2.619534499145048
4.555 2.243409103009755
4.565 1.9021724541354896
4.575 1.59679202133783
4.585 1.329204647202678
4.595 1.0951075236989398
4.605 0.8941719208752132
4.615 0.7241629163371368
4.625 0.5825431023261808
4.635 0.46665601489821906
4.645 0.37388727942347316
4.655 0.3018005377920774
4.665 0.24824719552914573
4.675 0.2114504982339403
4.685 0.19006537338289187
4.695 0.18321587595995448
4.705 0.1905120282110754
4.715 0.21204745917348655
4.725 0.248378669189281
4.735 0.30048612148078896
4.745 0.3697168487651714
4.755 0.4577079950069059
4.765 0.5662908011086043
4.775 0.6973750610008748
4.785 0.8528150461325475
4.795 1.0342592922802483
4.805 1.2411830302290496
4.815 1.4785545888838174
4.825 1.7437971077687238
4.835 2.036158575438242
4.845 2.3538798845471725
4.855 2.694102113808864
4.865 3.0528176426665814
4.875 3.426754004313701
4.885 3.8068341573235296
4.895 4.187250745013025
4.905 4.5602326872297345
4.915 4.9175652371786285
4.925 5.252752381604309
4.935 5.55489025554332
4.945 5.817817549509959
4.955 6.035159662855135
4.965 6.201916599373082
4.975 6.3147759653634905
4.985 6.372360760925885
4.995 6.375395283774752
5.005 6.326777140215212
5.015 6.231548868394729
5.025 6.096768552978047
5.035 5.933054538775828
5.045 5.7498155009668075
5.055 5.557093134448226
5.065 5.368405876019152
5.075 5.1963751460423415
5.085 5.053441371422069
5.095 4.951413207752362
5.105 4.901044213614945
5.115 4.911652829472276
5.125 4.990798936010826
5.135 5.14402751864425
5.145 5.3746871842072945
5.155 5.68382852143224
5.165 6.0701845585493475
5.175 6.530232796385946
5.185 7.058335424060408
5.195 7.6469513295095615
5.205 8.286910437475344
5.215 8.967737869181267
5.225 9.678012636747653
5.235 10.405743349718733
5.245 11.138742044375231
5.255 11.864977055786879
5.265 12.572887070083194
5.275 13.25164122258824
5.285 13.891334276972536
5.295 14.483111270618307
5.305 15.01922209774552
5.315 15.493012734493568
5.325 15.898865517470334
5.335 16.23210539912181
5.345 16.488891841777168
5.355 16.666116577028287
5.365 16.762898836791962
5.375 16.775015681685925
5.385 16.703960184577497
5.395 16.545557885499154
5.405 16.304652630004338
5.415 15.980731143074717
5.425 15.576537635344826
5.435 15.096140290796317
5.445 14.545074105975091
5.455 13.930435176497575
5.465 13.260909004453687
5.475 12.546720774634615
5.485 11.799502114467945
5.495 11.032075832779368
5.505 10.258166736168487
5.515 9.492052153138417
5.525 8.749659069715772
5.535 8.042912965297402
5.545 7.386407893471022
5.555 6.792699819167753
5.565 6.272936596123056
5.575 5.836539515601099
5.585 5.490938561320192
5.595 5.2413668366794965
5.605 5.090716982335293
5.615 5.039460609482317
5.625 5.085630824571196
5.635 5.224867623504845
5.645 5.450525962576156
5.655 5.753846276816301
5.665 6.124186730406558
5.675 6.5493152491575275
5.685 7.014504012028182
5.695 7.508364406097559
5.705 8.014345635335506
5.715 8.517803883654498
5.725 9.00459039078665
5.735 9.460271591924936
5.745 9.875876743676749
5.755 10.239478887517755
5.765 10.54295193905882
5.775 10.780304568821501
5.785 10.947752005067924
5.795 11.043680182788501
5.805 11.068508194765087
5.815 11.024462380177383
5.825 10.91528169570461
5.835 10.745878575716734
5.845 10.520801277848808
5.855 10.247832088108511
5.865 9.934357918180407
5.875 9.584946999899095
5.885 9.205587716683464
5.895 8.801802075516001
5.905 8.378589747558637
5.915 7.940431974456983
5.925 7.49134303234852
5.935 7.034953639848888
5.945 6.574609387091583
5.955 6.113467917379342
5.965 5.654580954795891
5.975 5.200950909285771
5.985 4.755556166904343
5.995 4.321343716421251
6.005 3.9011919432093207
6.015 3.4978498060864025
6.025 3.1138609120967073
6.035 2.7514820874365604
6.045 2.41260593544751
6.055 2.098695734085493
6.065 1.8107391120255754
6.075 1.5492245646161686
6.085 1.3141423475892116
6.095 1.1050089074198535
6.105 0.9209120030524904
6.115 0.7605721982166428
6.125 0.6224155285298991
6.135 0.5046518682369646
6.1450000000000005 0.4053537701768716
6.155 0.3225312178507746
6.165 0.25419867533740786
6.175 0.1973826590679238
6.185 0.15272030820083526
6.195 0.11596933366064079
6.205 0.08808707299759773
6.215 0.06624273451546547
6.225 0.0493198082868823
6.235 0.036354783508774864
6.245 0.026531316531164063
6.255 0.01916960192190213
6.265 0.013712746354953825
6.275 0.009711646070519686
6.285 0.0068095483144892865
6.295 0.004727165633910252
6.305 0.003248930259255646
6.315 0.002210736661894839
6.325 0.0014893291611542264
6.335 0.0
6.345 0.0
6.355 0.0
6.365 0.0
6.375 0.0
6.385 0.0
6.3950000000000005 0.0
6.405 0.0
6.415 0.0
6.425 0.0
6.435 0.0
6.445 0.0
6.455 0.0
6.465 0.0
6.475 0.0
6.485 0.0
6.495 0.0
6.505 0.0
6.515 0.0
6.525 0.0
6.535 0.0
6.545 0.0
6.555 0.0
6.565 0.0
6.575 0.0
6.585 0.0
6.595 0.0
6.605 0.0
6.615 0.0
6.625 0.0
6.635 0.0
6.6450000000000005 0.0
6.655 0.0
6.665 0.0
6.675 0.0
6.685 0.0
6.695 0.0
6.705 0.0
6.715 0.0
6.725 0.0
6.735 0.0
6.745 0.0
6.755 0.0
6.765 0.0
6.775 0.0
6.785 0.0
6.795 0.0
6.805 0.0
6.815 0.0
6.825 0.0
6.835 0.0
6.845 0.0
6.855 0.0
6.865 0.0
6.875 0.0
6.885 0.0
6.8950000000000005 0.0
6.905 0.0
6.915 0.0
6.925 0.0
6.935 0.0
6.945 0.0
6.955 0.0
6.965 0.0
6.975 0.0
6.985 0.0
6.995 0.0
