0.005 0.0
0.015 0.0
0.025 0.0
0.034999999999999996 0.0
0.045 0.0
0.055 0.0
0.065 0.0
0.07500000000000001 0.0
0.085 0.0
0.095 0.0
0.10500000000000001 0.0
0.115 0.0
0.125 0.0
0.135 0.0
0.14500000000000002 0.0
0.155 0.0
0.165 0.0
0.17500000000000002 0.0
0.185 0.0
0.195 0.0
0.20500000000000002 0.0
0.215 0.0
0.225 0.0
0.23500000000000001 0.0
0.245 0.0
0.255 0.0
0.265 0.0
0.275 0.0
0.28500000000000003 0.0
0.295 0.0
0.305 0.0
0.315 0.0
0.325 0.0
0.335 0.0
0.34500000000000003 0.0
0.35500000000000004 0.0
0.365 0.0
0.375 0.0
0.385 0.0
0.395 0.0
0.405 0.0
0.41500000000000004 0.0
0.425 0.0
0.435 0.0
0.445 0.0
0.455 0.0
0.465 0.0
0.47500000000000003 0.0
0.485 0.0
0.495 0.0
0.505 0.0
0.515 0.0
0.525 0.0
0.535 0.0
0.545 0.0
0.555 0.0
0.5650000000000001 0.0
0.5750000000000001 0.0
0.585 0.0
0.595 0.0
0.605 0.0
0.615 0.0
0.625 0.0
0.635 0.0
0.645 0.0
0.655 0.0
0.665 0.0
0.675 0.0
0.685 0.0
0.6950000000000001 0.0
0.7050000000000001 0.0
0.715 0.0
0.725 0.0
0.735 0.0
0.745 0.0
0.755 0.0
0.765 0.0
0.775 0.0
0.785 0.0
0.795 0.0
0.805 0.0
0.8150000000000001 0.0
0.8250000000000001 0.0
0.8350000000000001 0.0
0.845 0.0
0.855 0.0
0.865 0.0
0.875 0.0
0.885 0.0
0.895 0.0
0.905 0.0
0.915 0.0
0.925 0.0
0.935 0.0
0.9450000000000001 0.0
0.9550000000000001 0.0
0.965 0.0
0.975 0.0
0.985 0.0
0.995 0.0
1.005 0.0
1.015 0.0
1.025 0.0
1.035 0.0
1.045 0.0
1.055 0.0
1.065 0.0
1.075 0.0
1.085 0.0
1.095 0.0
1.105 0.0
1.115 0.0
1.125 0.0
1.135 0.0
1.145 0.0
1.155 0.0
1.1649999999999998 0.0
1.1749999999999998 0.0
1.1849999999999998 0.0
1.1949999999999998 0.0
1.2049999999999998 0.0
1.2149999999999999 0.0
1.2249999999999999 0.0
1.2349999999999999 0.0
1.2449999999999999 0.0
1.255 0.0
1.265 0.0
1.275 0.0
1.285 0.0
1.295 0.0
1.305 0.0
1.315 0.01777616309851451
1.325 0.026386655478666657
1.335 0.038778206786381976
1.345 0.056421957948475036
1.355 0.0812766207919843
1.365 0.1159151442189
1.375 0.16367101517390967
1.385 0.22880232200196748
1.395 0.31666942552227906
1.405 0.43391922881730627
1.4149999999999998 0.5886656750987362
1.4249999999999998 0.7906523846789645
1.4349999999999998 1.0513795185897796
1.4449999999999998 1.3841733871509976
1.4549999999999998 1.8041744686606749
1.4649999999999999 2.3282179091653394
1.4749999999999999 2.974580822534956
1.4849999999999999 3.7625733657291636
1.4949999999999999 4.711956097241112
1.505 5.842174825146165
1.515 7.171416031763789
1.525 8.715500692091119
1.535 10.486651147669726
1.545 12.492183504595204
1.555 14.73319526299953
1.565 17.203332741357716
1.575 19.88773338949696
1.585 22.76224242165112
1.595 25.79299978842606
1.605 28.936481337933817
1.615 32.14005684840295
1.625 35.34309811760264
1.635 38.478634110630054
1.645 41.47550985553689
1.655 44.26096463327172
1.665 46.76350677976721
1.6749999999999998 48.92807404359079
1.6849999999999998 50.676327196317814
1.6949999999999998 51.967213047966844
1.7049999999999998 52.76424922586944
1.7149999999999999 53.04551646919907
1.7249999999999999 52.80488978418408
1.7349999999999999 52.05252892665051
1.7449999999999999 50.81459993332914
1.755 49.13225186331909
1.765 47.05992256833221
1.775 44.6630897033248
1.785 42.01561463661375
1.795 39.19684493971292
1.805 36.28864470511235
1.815 33.372511559604625
1.825 30.52691684220356
1.835 27.824974085958843
1.845 25.332504528440197
1.855 23.106531012396083
1.865 21.19419726803527
1.875 19.63208150036864
1.885 18.44585377043322
1.895 17.650216997965984
1.905 17.249071408710027
1.915 17.23585061298116
1.9249999999999998 17.59399198792635
1.9349999999999998 18.297521759969882
1.9449999999999998 19.311753002942385
1.9549999999999998 20.59410967490132
1.9649999999999999 22.095099311167534
1.9749999999999999 23.759459375507376
1.9849999999999999 25.527496851781443
1.9949999999999999 27.33662782135286
2.005 29.12310493229445
2.015 30.823898094223512
2.025 32.37867027377583
2.035 33.73176899639699
2.045 34.83413800910166
2.0549999999999997 35.64504494598084
2.065 36.133521371896606
2.0749999999999997 36.27942185099161
2.085 36.074028185626176
2.0949999999999998 35.520152137593314
2.105 34.63172234257836
2.1149999999999998 33.432875733973226
2.125 31.944751044958522
2.135 30.235232419124777
2.145 28.332452547615485
2.155 26.28524830276308
2.165 24.143323464630445
2.175 21.9552849068467
2.185 19.766881402002195
2.195 17.61952885236636
2.205 15.549179637213221
2.215 13.585565662728772
2.225 11.751817162780188
2.235 10.064434581217371
2.245 8.533570716618907
2.255 7.1635658502962585
2.265 5.953670265838016
2.275 4.898886237369108
2.285 3.990864526677555
2.295 3.218797622899122
2.305 2.570262106789078
2.315 2.0319742975327855
2.3249999999999997 1.5904355042697431
2.335 1.232454711201675
2.3449999999999998 0.9455465875097
2.355 0.7182108290828664
2.3649999999999998 0.5401047810768572
2.375 0.40212507005307996
2.385 0.2964157885649961
2.395 0.21632094465242316
2.405 0.1629428965175481
2.415 0.12166964561925639
2.425 0.09367921564481191
2.435 0.0766127947092391
2.445 0.06892544206931903
2.455 0.06982136477229156
2.465 0.07920866791186551
2.475 0.09767415761118652
2.485 0.1183775704212821
2.495 0.16220796807822943
2.505 0.2200553851817614
2.515 0.29556218820848523
2.525 0.3930273748281361
2.535 0.5174325950239357
2.545 0.6744376722315821
2.555 0.8703359316857062
2.565 1.1119597359696907
2.5749999999999997 1.4065276205059727
2.585 1.7614264901109196
2.5949999999999998 2.1839255893951965
2.605 2.680823400997085
2.6149999999999998 3.2580341320705224
2.625 3.9201267462726834
2.635 4.669836155138247
2.645 5.507572626879708
2.655 6.430961024140758
2.665 7.434445418758077
2.675 8.508996253020731
2.685 9.641955941261864
2.695 10.81705425674062
2.705 12.014616935755155
2.715 13.2119799043512
2.725 14.38410800674343
2.735 15.50440204508147
2.745 16.545662560089426
2.755 17.48116449145019
2.765 18.2857850817039
2.775 18.93711942148669
2.785 19.416514882027123
2.795 19.70995792605127
2.805 19.808754501293517
2.815 19.70995792605127
2.8249999999999997 19.416514882027123
2.835 18.93711942148669
2.8449999999999998 18.2857850817039
2.855 17.48116449145019
2.8649999999999998 16.545662560089426
2.875 15.50440204508147
2.885 14.38410800674343
2.895 13.2119799043512
2.905 12.014616935755155
2.915 10.81705425674062
2.925 9.646685099860719
2.935 8.516016141281229
2.945 7.444761947080622
2.955 6.445971484278726
2.965 5.529195404977217
2.975 4.700674142952735
2.985 3.9636696742095743
2.995 3.318904549524334
3.005 2.7650699241868018
3.015 2.299365172211661
3.025 1.9180347144963426
3.035 1.616872254665089
3.045 1.3916680432935868
3.055 1.2385804982929152
3.065 1.1544190470094993
3.075 1.1368301379086445
3.085 1.1843828769643778
3.0949999999999998 1.296554702045638
3.105 1.4736210489980273
3.1149999999999998 1.716456269988985
3.125 2.026256318193191
3.135 2.404197035744538
3.145 2.8510452966220527
3.155 3.3667436592571733
3.165 3.949992340502484
3.175 4.597854884898338
3.185 5.305415448058875
3.195 6.065515699928419
3.205 6.868597592646303
3.215 7.69824223492502
3.225 8.550519331419638
3.235 9.40265429872253
3.245 10.236830207284282
3.255 11.034117035728764
3.265 11.77515757078931
3.275 12.440932217742537
3.285 13.013561702994632
3.295 13.477100981301232
3.305 13.81827541696277
3.315 14.02711190621713
3.325 14.097423097244194
3.335 14.02711190621713
3.3449999999999998 13.81827541696277
3.355 13.477100981301232
3.3649999999999998 13.013561702994632
3.375 12.440932217742537
3.385 11.77515757078931
3.395 11.034117035728764
3.405 10.236830207284282
3.415 9.40265429872253
3.425 8.550519331419638
3.435 7.69824223492502
3.445 6.861952495805824
3.455 6.055651823231273
3.465 5.290919353599819
3.475 4.5767631919149165
3.485 3.9196094613042836
3.495 3.3234121847233284
3.505 2.789861691375928
3.515 2.318666003057471
3.525 1.907878747771909
3.535 1.5542483019107556
3.545 1.2535656638162658
3.555 1.000992513837153
3.565 0.7946811854548186
3.575 0.6243341346268136
3.585 0.4872362607012224
3.5949999999999998 0.3788003633396527
3.605 0.2949140803841569
3.6149999999999998 0.23203081353105487
3.625 0.18722889105470472
3.635 0.15824544937588877
3.645 0.14349115433572315
3.655 0.1420509249058396
3.665 0.1536744341030453
3.675 0.1787585166680699
3.685 0.21832188054664864
3.695 0.27397086223119005
3.705 0.34785353791087176
3.715 0.44259844475843885
3.725 0.561233605955643
3.735 0.7039273553004529
3.745 0.8815442175916188
3.755 1.092993085882607
3.765 1.3416764087523514
3.775 1.6305540798708194
3.785 1.9619127365260167
3.795 2.3371211247102157
3.805 2.7563845720782543
3.815 3.218514389454517
3.825 3.720729991686444
3.835 4.2585123401242955
3.8449999999999998 4.825526670577837
3.855 5.4136301940162275
3.8649999999999998 6.012976497035839
3.875 6.612222850630595
3.885 7.201687378904246
3.895 7.763742199336569
3.905 8.286848650151077
3.915 8.757867251192687
3.925 9.16453853222396
3.935 9.496061622106792
3.945 9.743635388588293
3.955 9.900928542955173
3.965 9.964448618392394
3.975 9.933785632269553
3.985 9.811714064871452
3.995 9.604145846453513
4.005 9.319936534524066
4.015 8.973238237574853
4.025 8.573623967116479
4.035 8.138317293014074
4.045 7.683843095994894
4.055 7.227202731109748
4.065 6.785261971862786
4.075 6.374168173449959
4.085 6.00881981927327
4.095 5.702406478030271
4.1049999999999995 5.466031768946786
4.115 5.308426736082891
4.125 5.2357564634737095
4.135 5.25151904718415
4.145 5.3565332283984075
4.155 5.549008979370322
4.165 5.824693908441817
4.175 6.179585208047766
4.185 6.601420114853637
4.195 7.08188535598956
4.205 7.612221456165761
4.215 8.176616039105632
4.225 8.764345611460502
4.235 9.363055460076065
4.245 9.960804491152903
4.255 10.546435041270247
4.265 11.10989870165217
4.275 11.6425270922283
4.285 12.137239689065478
4.295 12.5886845067616
4.305 12.993311258306008
4.315 13.349380103198481
4.325 13.656911824034504
4.335 13.917586922876666
4.345 14.134601553140168
4.355 14.312487461318888
4.365 14.456901479384104
4.375 14.572169881654577
4.385 14.67065146156224
4.395 14.756633919252586
4.405 14.837723061364564
4.415 14.921188781712953
4.425 15.013616038299197
4.435 15.120544402668532
4.445 15.24611043236925
4.455 15.3927121212526
4.465 15.560718829235267
4.475 15.748252514200178
4.485 15.95106605223937
4.495 16.162541468205134
4.505 16.373824890957646
4.515 16.574106282470737
4.525 16.751041145294977
4.535 16.89129949474138
4.545 16.981215611075587
4.555 17.00750175135098
4.565 16.95798129594497
4.575 16.822292682198583
4.585 16.592515519596773
4.595 16.263674625166423
4.605 15.83408603511566
4.615 15.30552058054631
4.625 14.683174262823705
4.635 13.975449119092307
4.645 13.193562163193409
4.655 12.351012049996017
4.665 11.46294230194069
4.675 10.54544555024697
4.685 9.614854967594226
4.695 8.685167769313438
4.705 7.775679904903956
4.715 6.896937905758561
4.725 6.060373602643352
4.735 5.277193594512191
4.745 4.551293571489044
4.755 3.8887038598416144
4.765 3.291975714040203
4.775 2.7617184286026926
4.785 2.2968797272748223
4.795 1.895067773208898
4.805 1.5528916317942807
4.815 1.2662994428589123
4.825 1.0291079191534733
4.835 0.8410515026726161
4.845 0.6952693035352845
4.855 0.5879376297827861
4.865 0.5157370958980384
4.875 0.47594889006348073
4.885 0.46649984522930293
4.895 0.485959519171458
4.905 0.5334933283497207
4.915 0.6087763649678906
4.925 0.7118730297763315
4.935 0.8430881799698146
4.945 1.0027962163675102
4.955 1.1912554455418178
4.965 1.4084161074340664
4.975 1.6537315454332107
4.985 1.924316866090071
4.995 2.2220285079442816
5.005 2.541470133475045
5.015 2.8788522315605523
5.025 3.2303542344080434
5.035 3.588938660202187
5.045 3.9479903281390167
5.055 4.300235455759804
5.065 4.637995177581188
5.075 4.9534878032433864
5.085 5.239165942830459
5.095 5.488070884508375
5.105 5.694183946354205
5.115 5.852753246552941
5.125 5.9605746331194265
5.135 6.016207432279718
5.145 6.020109107750311
5.155 5.974677621819407
5.165 5.884195885710659
5.175 5.754678734908826
5.185 5.593628887996486
5.195 5.409713887416571
5.205 5.2123806842172105
5.215 5.01142802204447
5.225 4.81655892314663
5.235 4.6369363282797025
5.245 4.480764351617761
5.255 4.354915827350772
5.265 4.264624050621591
5.275 4.213253082463829
5.285 4.202156926888585
5.295 4.23063350986649
5.305 4.295974879124778
5.315 4.393610559209594
5.325 4.5173366801609705
5.335 4.659619488007359
5.345 4.811958285513016
5.355 4.965289899292426
5.365 5.110414591903144
5.375 5.238422100790442
5.385 5.34109633473572
5.395 5.411278291621882
5.405 5.443169006860725
5.415 5.432557736682939
5.425 5.376964959951847
5.435 5.2756948820172305
5.445 5.129797596913723
5.455 4.941946508394263
5.465 4.716241609026813
5.475 4.457953380999096
5.485 4.173225093343644
5.495 3.8702574397428284
5.505 3.5536967334613294
5.515 3.231489113506138
5.525 2.910258291625327
5.535 2.596087399871841
5.545 2.29302926238664
5.555 2.0087370209184994
5.565 1.744984643303775
5.575 1.5046487167101914
5.585 1.2897826389234228
5.595 1.1017104726014835
5.605 0.9425967152512216
5.615 0.8104833424632912
5.625 0.7063282660923315
5.635 0.629945969791451
5.645 0.5810968603834368
5.655 0.5595871695975619
5.665 0.5653410245913991
5.675 0.5984412668679602
5.685 0.6605496643383622
5.695 0.7499188316018739
5.705 0.8680593407886766
5.715 1.0155805284934516
5.725 1.1930416588411492
5.735 1.4008496050140615
5.745 1.6391524461041684
5.755 1.9077369189165625
5.765 2.205937512399589
5.775 2.532564309908162
5.785 2.885855465890254
5.795 3.26345848891621
5.805 3.6624423854394155
5.815 4.079340345194023
5.825 4.509030940778951
5.835 4.949992389970655
5.845 5.395932101205311
5.855 5.842177645316676
5.865 6.284013697429498
5.875 6.716791569781934
5.885 7.136021275606815
5.895 7.5374410665588005
5.905 7.917061874257006
5.915 8.271186877472115
5.925 8.596409202379633
5.935 8.889593225658015
5.945 9.147846798752411
5.955 9.368492720438589
5.965 9.549047821125995
5.975 9.687217063945976
5.985 9.780908206832663
5.995 9.8282700029973
6.005 9.827753922310478
6.015 9.778196280115953
6.025 9.678914801347652
6.035 9.529811338247715
6.045 9.331470950374253
6.055 9.085247009706595
6.065 8.793322472436504
6.075 8.458738916722705
6.085 8.08538723766712
6.095 7.677956791618563
6.105 7.241843011166761
6.115 6.784248560133214
6.125 6.309690169749551
6.135 5.825675475373672
6.1450000000000005 5.338944872434405
6.155 4.856099935702698
6.165 4.383421106777661
6.175 3.926706459007756
6.185 3.4911399913497156
6.195 3.081195527585233
6.205 2.700579543826588
6.215 2.352213352429174
6.225 2.0382522685928235
6.235 1.7613245311307557
6.245 1.5204325119263467
6.255 1.316698785714998
6.265 1.150035760540174
6.275 1.0200450907139462
6.285 0.9261166833615596
6.295 0.8675122369364536
6.305 0.8424242674883554
6.315 0.852368777400128
6.325 0.895042235079362
6.335 0.9696022054942057
6.345 1.075130593666591
6.355 1.2105827395632223
6.365 1.374724110353118
6.375 1.5660617890554365
6.385 1.7827783179806016
6.3950000000000005 2.0226752136254684
6.405 2.283132637457159
6.415 2.5601232864860677
6.425 2.8524146510027775
6.435 3.155824491002266
6.445 3.4644447041120654
6.455 3.774600247595558
6.465 4.081714157752369
6.475 4.381170505495676
6.485 4.669539706867952
6.495 4.9398809534696415
6.505 5.191194260274272
6.515 5.418622518605977
6.525 5.619251625097047
6.535 5.790782012477131
6.545 5.931594936389212
6.555 6.040801907375041
6.565 6.118278211203742
6.575 6.164681451923845
6.585 6.181455544137456
6.595 6.170819691174004
6.605 6.135740808287618
6.615 6.079886829305264
6.625 6.007557630401532
6.635 5.923590149510912
6.6450000000000005 5.8332348443692545
6.655 5.742001992194531
6.665 5.655478452929068
6.675 5.579118243367326
6.685 5.518013345887155
6.695 5.476654271357948
6.705 5.45869264154841
6.715 5.467823047867687
6.725 5.503715988678393
6.735 5.567124658089044
6.745 5.65661528392212
6.755 5.769297421390444
6.765 5.902016132939776
6.775 6.047570406122702
6.785 6.200268718792765
6.795 6.352990567704664
6.805 6.498286761869688
6.815 6.628767385322686
6.825 6.737501918753687
6.835 6.818407929993423
6.845 6.866604742864462
6.855 6.878710134392263
6.865 6.85306127095774
6.875 6.789845534404948
6.885 6.69113227452476
6.8950000000000005 6.560802457778362
6.905 6.404379241193958
6.915 6.2287682738461925
6.925 6.041100070083417
6.935 5.851901079530153
6.945 5.668804367212735
6.955 5.500438264682053
6.965 5.355948429875328
6.975 5.240419444491183
6.985 5.160175651134045
6.995 5.119066642977563
