0.005 0.0
0.015 0.0
0.025 0.0
0.034999999999999996 0.0
0.045 0.0
0.055 0.0
0.065 0.0
0.07500000000000001 0.0
0.085 0.0
0.095 0.0
0.10500000000000001 0.0
0.115 0.0
0.125 0.0
0.135 0.0
0.14500000000000002 0.0
0.155 0.0
0.165 0.0
0.17500000000000002 0.0
0.185 0.0
0.195 0.0
0.20500000000000002 0.0
0.215 0.0
0.225 0.0
0.23500000000000001 0.0
0.245 0.0
0.255 0.0
0.265 0.0
0.275 0.0
0.28500000000000003 0.0
0.295 0.0
0.305 0.0
0.315 0.0
0.325 0.0
0.335 0.0
0.34500000000000003 0.0
0.35500000000000004 0.0
0.365 0.0
0.375 0.0
0.385 0.0
0.395 0.0
0.405 0.0
0.41500000000000004 0.0
0.425 0.0
0.435 0.0
0.445 0.0
0.455 0.0
0.465 0.0
0.47500000000000003 0.0
0.485 0.0
0.495 0.0
0.505 0.0
0.515 0.0
0.525 0.0
0.535 0.0
0.545 0.0
0.555 0.0
0.5650000000000001 0.0
0.5750000000000001 0.0
0.585 0.0
0.595 0.0
0.605 0.0
0.615 0.0
0.625 0.0
0.635 0.0
0.645 0.0
0.655 0.0
0.665 0.0
0.675 0.0
0.685 0.0
0.6950000000000001 0.0
0.7050000000000001 0.0
0.715 0.0
0.725 0.0
0.735 0.0
0.745 0.0
0.755 0.0
0.765 0.0
0.775 0.0
0.785 0.0
0.795 0.0
0.805 0.0
0.8150000000000001 0.0
0.8250000000000001 0.0
0.8350000000000001 0.0
0.845 0.0
0.855 0.0
0.865 0.0
0.875 0.0
0.885 0.0
0.895 0.0
0.905 0.0
0.915 0.0
0.925 0.0
0.935 0.0
0.9450000000000001 0.0
0.9550000000000001 0.0
0.965 0.0
0.975 0.0
0.985 0.0
0.995 0.0
1.005 0.0
1.015 0.0
1.025 0.0
1.035 0.0
1.045 0.0
1.055 0.0
1.065 0.0
1.075 0.0
1.085 0.0
1.095 0.0
1.105 0.0
1.115 0.0
1.125 0.0
1.135 0.0
1.145 0.0
1.155 0.0
1.1649999999999998 0.0
1.1749999999999998 0.0
1.1849999999999998 0.0
1.1949999999999998 0.0
1.2049999999999998 0.0
1.2149999999999999 0.0
1.2249999999999999 0.0
1.2349999999999999 0.0
1.2449999999999999 0.0
1.255 0.0
1.265 0.0
1.275 0.0
1.285 0.0
1.295 0.0
1.305 0.0
1.315 0.0
1.325 0.0
1.335 0.0
1.345 0.0
1.355 0.0
1.365 0.0
1.375 0.0
1.385 0.0
1.395 0.0
1.405 0.0
1.4149999999999998 0.0
1.4249999999999998 0.0
1.4349999999999998 0.0
1.4449999999999998 0.0
1.4549999999999998 0.0
1.4649999999999999 0.0
1.4749999999999999 0.0
1.4849999999999999 0.0
1.4949999999999999 0.0
1.505 0.0
1.515 0.0
1.525 0.0
1.535 0.0
1.545 0.0
1.555 0.0
1.565 0.0
1.575 0.0
1.585 0.0
1.595 0.0
1.605 0.0
1.615 0.0
1.625 0.0
1.635 0.0
1.645 0.0
1.655 0.0
1.665 0.0
1.6749999999999998 0.0
1.6849999999999998 0.0
1.6949999999999998 0.0
1.7049999999999998 0.0
1.7149999999999999 0.0
1.7249999999999999 0.0
1.7349999999999999 0.0
1.7449999999999999 0.0
1.755 0.0
1.765 0.0
1.775 0.0
1.785 0.0
1.795 0.0
1.805 0.0
1.815 0.0
1.825 0.0
1.835 0.0
1.845 0.0
1.855 0.0
1.865 0.0
1.875 0.0
1.885 0.0
1.895 0.0
1.905 0.0
1.915 0.0
1.9249999999999998 0.0
1.9349999999999998 0.0
1.9449999999999998 0.0
1.9549999999999998 0.0
1.9649999999999999 0.0
1.9749999999999999 0.0
1.9849999999999999 0.0
1.9949999999999999 0.0
2.005 0.0
2.015 0.0
2.025 0.0
2.035 0.0
2.045 0.0
2.0549999999999997 0.0
2.065 0.0
2.0749999999999997 0.0
2.085 0.0
2.0949999999999998 0.0
2.105 0.0
2.1149999999999998 0.0
2.125 0.0
2.135 0.0
2.145 0.0
2.155 0.0
2.165 0.0
2.175 0.0
2.185 0.0
2.195 0.0
2.205 0.0
2.215 0.0
2.225 0.0
2.235 0.0
2.245 0.0
2.255 0.0
2.265 0.0
2.275 0.0
2.285 0.0
2.295 0.0
2.305 0.0
2.315 0.0
2.3249999999999997 0.0
2.335 0.0
2.3449999999999998 0.0
2.355 0.0
2.3649999999999998 0.0
2.375 0.0
2.385 0.0
2.395 0.006692731740023334
2.405 0.009934585188965252
2.415 0.014600008671280421
2.425 0.021242887270064303
2.435 0.03060067668606229
2.445 0.04364209309758438
2.455 0.06162219552698664
2.465 0.08614415575324988
2.475 0.11922615153463692
2.485 0.16337074424990614
2.495 0.2216328364091579
2.505 0.2976809045315435
2.515 0.39584476334290014
2.525 0.5211417734266423
2.535 0.6792723302563579
2.545 0.8765748723167246
2.555 1.1199307394916995
2.565 1.4166102127565625
2.5749999999999997 1.7740531494244334
2.585 2.199580903163994
2.5949999999999998 2.700040691048147
2.605 3.281389115800138
2.6149999999999998 3.948227893365039
2.625 4.703311540294483
2.635 5.547053265779186
2.645 6.47706090646125
2.655 7.487738706905266
2.665 8.569992381664223
2.675 9.711073610077301
2.685 10.894595533451554
2.695 12.100742854538517
2.705 13.306689033597195
2.715 14.487219452125688
2.725 15.615544237833813
2.735 16.664268954074934
2.745 17.606476963856085
2.755 18.416865419034508
2.765 19.07286880226237
2.775 19.555700774738256
2.785 19.851247344152544
2.795 19.950752135550236
2.805 19.851247344152544
2.815 19.555700774738256
2.8249999999999997 19.07286880226237
2.835 18.416865419034508
2.8449999999999998 17.606476963856085
2.855 16.664268954074934
2.8649999999999998 15.615544237833813
2.875 14.487219452125688
2.885 13.306689033597195
2.895 12.100742854538517
2.905 10.894595533451554
2.915 9.711073610077301
2.925 8.569992381664223
2.935 7.487738706905266
2.945 6.47706090646125
2.955 5.547053265779186
2.965 4.703311540294483
2.975 3.948227893365039
2.985 3.281389115800138
2.995 2.700040691048147
3.005 2.199580903163994
3.015 1.7740531494244334
3.025 1.4166102127565625
3.035 1.1199307394916995
3.045 0.8765748723167246
3.055 0.6792723302563579
3.065 0.5211417734266423
3.075 0.39584476334290014
3.085 0.2976809045315435
3.0949999999999998 0.2216328364091579
3.105 0.16337074424990614
3.1149999999999998 0.11922615153463692
3.125 0.08614415575324988
3.135 0.06162219552698664
3.145 0.04364209309758438
3.155 0.03060067668606229
3.165 0.025356734429278244
3.175 0.020706538358282504
3.185 0.018908828671289027
3.195 0.019750178959497773
3.205 0.018809435630321964
3.215 0.02682565321391798
3.225 0.03787755192655251
3.235 0.05295055953148881
3.245 0.07328519711340871
3.255 0.10041972369996716
3.265 0.13623190796635207
3.275 0.18297666648373043
3.285 0.2433154231223119
3.295 0.32033221820891816
3.305 0.41753093575329964
3.315 0.5388076481167775
3.325 0.6883921349517937
3.335 0.87075324782728
3.3449999999999998 1.090464072451947
3.355 1.3520248534436077
3.3649999999999998 1.6596443960551956
3.375 2.0169840681919933
3.385 2.426872424292383
3.395 2.8910025936391626
3.405 3.409628565114812
3.415 3.981279938467754
3.425 4.602517149182958
3.435 5.267750177847642
3.445 5.969142965170556
3.455 6.696622937694243
3.465 7.438010150448389
3.475 8.179273726458407
3.485 8.904914899193079
3.495 9.598466634816635
3.505 10.243090289595145
3.515 10.82224091074544
3.525 11.320365499283618
3.535 11.723593621873404
3.545 12.020377807390553
3.555 12.202042553899
3.565 12.263205546727718
3.575 12.202042553899
3.585 12.020377807390553
3.5949999999999998 11.723593621873404
3.605 11.320365499283618
3.6149999999999998 10.82224091074544
3.625 10.243090289595145
3.635 9.598466634816635
3.645 8.904914899193079
3.655 8.179273726458407
3.665 7.438010150448389
3.675 6.696622937694243
3.685 5.969142965170556
3.695 5.267750177847642
3.705 4.602517149182958
3.715 3.981279938467754
3.725 3.409628565114812
3.735 2.8910025936391626
3.745 2.426872424292383
3.755 2.0169840681919933
3.765 1.6596443960551956
3.775 1.3520248534436077
3.785 1.090464072451947
3.795 0.87075324782728
3.805 0.6883921349517937
3.815 0.5388076481167775
3.825 0.41753093575329964
3.835 0.32033221820891816
3.8449999999999998 0.2433154231223119
3.855 0.18297666648373043
3.8649999999999998 0.13623190796635207
3.875 0.10041972369996716
3.885 0.07328519711340871
3.895 0.05295055953148881
3.905 0.03787755192655251
3.915 0.02682565321391798
3.925 0.018809435630321964
3.935 0.01305744721947444
3.945 0.008974243482323774
3.955 0.006106529687002082
3.965 0.00411384715921394
3.975 0.0
3.985 0.0
3.995 0.0
4.005 0.0
4.015 0.0
4.025 0.0
4.035 0.0
4.045 0.0
4.055 0.0
4.065 0.0
4.075 0.0
4.085 0.0
4.095 0.0
4.1049999999999995 0.0
4.115 0.0
4.125 0.0
4.135 0.0
4.145 0.0
4.155 0.0
4.165 0.0
4.175 0.0
4.185 0.0
4.195 0.0
4.205 0.0
4.215 0.0
4.225 0.0
4.235 0.0
4.245 0.0
4.255 0.0
4.265 0.0
4.275 0.0
4.285 0.0
4.295 0.0
4.305 0.0
4.315 0.0
4.325 0.0
4.335 0.0
4.345 0.0
4.355 0.0
4.365 0.0
4.375 0.0022930873313806804
4.385 0.0034038225831025076
4.395 0.005002306415772238
4.405 0.007278312888238152
4.415 0.010484511671200038
4.425 0.014952807715053893
4.435 0.021113213764384894
4.445 0.029515014183068507
4.455 0.040849684145923354
4.465 0.05597466005060392
4.475 0.07593662335942288
4.485 0.10199248042367291
4.495 0.13562572762132302
4.505 0.1785554307147126
4.515 0.23273467928700478
4.525 0.3003351714660404
4.535 0.3837146161700573
4.545 0.48536398268448133
4.555 0.6078323411371308
4.565 0.7536281595196052
4.575 0.9250974554723835
4.585 1.1242811012092822
4.595 1.35275575286208
4.605 1.6114651725975548
4.615 1.90055093560462
4.625 2.219193430444528
4.635 2.5675377983647696
4.645 2.9393423494907287
4.655 3.331741280292719
4.665 3.7392907483022286
4.675 4.1554288150059
4.685 4.572633082756525
4.695 4.982651179068139
4.705 5.376798284094514
4.715 5.746310324943182
4.725 6.084726777869122
4.735 6.381302711749943
4.745 6.630886876494959
4.755 6.828541610382085
4.765 6.971196574473638
4.775 7.057896336585796
4.785 7.08995054435049
4.795 7.070973358151073
4.805 7.006805524453083
4.815 6.905319758126904
4.825 6.776117392310528
4.835 6.630130981190426
4.845 6.479153206225021
4.855 6.335316652553772
4.865 6.210551543586718
4.875 6.116049255602741
4.885 6.061758436687118
4.895 6.055938010118039
4.905 6.104787533725358
4.915 6.212170657525707
4.925 6.379442140363367
4.935 6.6053834122492106
4.945 6.886246328077033
4.955 7.215899823795105
4.965 7.586069869791902
4.975 7.988469282321641
4.985 8.408819842626068
4.995 8.835896747001257
5.005 9.256758480803644
5.015 9.658433088976391
5.025 10.028390639759516
5.035 10.354992073720144
5.045 10.62966269315714
5.055 10.841050331174618
5.065 10.983713499506436
5.075 11.053248720683934
5.085 11.047622139325416
5.095 10.96724496114829
5.105 10.814967511371169
5.115 10.59599273903413
5.125 10.317712151952064
5.135 9.989469243609811
5.145 9.622257462531092
5.155 9.228361659875025
5.165 8.820953700616565
5.175 8.4136544902746
5.185 8.01854655613999
5.195 7.652347873409349
5.205 7.325053358584543
5.215 7.047575324375797
5.225 6.82906789905028
5.235 6.676597737033918
5.245 6.594881067623307
5.255 6.5877332121152
5.265 6.652221598658025
5.275 6.786440289502812
5.285 6.984873420502977
5.295 7.239676747757388
5.305 7.5409594771281085
5.315 7.87714836407789
5.325 8.235421842474883
5.335 8.6021984447591
5.345 8.963660731261223
5.355 9.306293545033814
5.365 9.617413833842694
5.375 9.885668693726064
5.385 10.101478810939497
5.395 10.257406179741569
5.405 10.348427854846324
5.415 10.372101487640442
5.425 10.328613345394139
5.435 10.22070519966741
5.445 10.052107047572147
5.455 9.833205011185068
5.465 9.570836960529359
5.475 9.275078001978917
5.485 8.956661172405358
5.495 8.626436488059333
5.505 8.294835361406555
5.515 7.971369609873248
5.525 7.664192366715778
5.535 7.378416940101447
5.545 7.121629225578761
5.555 6.894288744914084
5.565 6.696722181070174
5.575 6.527246312858006
5.585 6.382390255659377
5.595 6.257210349168629
5.605 6.145676019847215
5.615 6.041100877415188
5.625 5.936591057678657
5.635 5.825482556186155
5.645 5.701741010697538
5.655 5.561726992268651
5.665 5.399443233767247
5.675 5.2134924739198985
5.685 5.003031889021439
5.695 4.768714162585695
5.705 4.512593236245741
5.715 4.237959101577767
5.725 3.949118644553697
5.735 3.6511417426085737
5.745 3.3495923080994316
5.755 3.050262847984296
5.765 2.7589285853760996
5.775 2.481133594277258
5.785 2.2208101004332073
5.795 1.9853868660094813
5.805 1.7770965615112013
5.815 1.5992963481579099
5.825 1.4546470683314352
5.835 1.3451240395361923
5.845 1.272040384882088
5.855 1.2348978153851407
5.865 1.2365141730654723
5.875 1.2746513761456022
5.885 1.3482236676059327
5.895 1.4555305877087794
5.905 1.5942449687673137
5.915 1.7613984578301858
5.925 1.9533722600787031
5.935 2.165901614675141
5.945 2.3941023386223264
5.955 2.6325265849298325
5.965 2.8752528392861
5.975 3.1160122994831605
5.985 3.34835040124303
5.995 3.56581869105004
6.005 3.762188851484686
6.015 3.9316778059100783
6.025 4.069170777849614
6.035 4.170428194799714
6.045 4.232262545534238
6.055 4.252672745298532
6.065 4.229835664463754
6.075 4.166861615622097
6.085 4.063981435766625
6.095 3.924202485946454
6.105 3.7515276947680007
6.115 3.5507652452340834
6.125 3.327306581400146
6.135 3.086887007912111
6.1450000000000005 2.835343637326532
6.155 2.578384763701458
6.165 2.3225961352164957
6.175 2.071002953343154
6.185 1.828710921004847
6.195 1.5993120893122248
6.205 1.385656495618398
6.215 1.1898575055487108
6.225 1.0133349315744846
6.235 0.8568890735986676
6.245 0.7207976950645856
6.255 0.6049274795497213
6.265 0.5088516313634919
6.275 0.431965874711397
6.285 0.3735960368612254
6.295 0.3330915401112068
6.305 0.3099003611949699
6.315 0.30362225928718767
6.325 0.31403827241908666
6.335 0.34111561644473964
6.345 0.38498819611451973
6.355 0.44591397530638777
6.365 0.524211477281817
6.375 0.6201787109837852
6.385 0.7339988410252994
6.3950000000000005 0.8656379053405238
6.405 1.0147407745541803
6.415 1.1816579880190798
6.425 1.3634016728446758
6.435 1.5589369104415562
6.445 1.7658890100459352
6.455 1.9812937624005857
6.465 2.200683817898245
6.475 2.422294178363501
6.485 2.640398113357098
6.495 2.8504792361558295
6.505 3.0479930530831694
6.515 3.228574580071165
6.525 3.388254548057573
6.535 3.5236710867679055
6.545 3.6322629749976887
6.555 3.7124307747077743
6.565 3.7636534733513134
6.575 3.7865505939941335
6.585 3.7828829507175326
6.595 3.7554890990295346
6.605 3.7081587669376392
6.615 3.6454488265481633
6.625 3.572451348641136
6.635 3.4945266688239167
6.6450000000000005 3.4170169296209645
6.655 3.3449570644307305
6.665 3.2828005546863386
6.675 3.234176504204302
6.685 3.2016926997715753
6.695 3.1867965020663913
6.705 3.189701832657854
6.715 3.209386431271009
6.725 3.2436592202111854
6.735 3.289293308414225
6.745 3.342216170124506
6.755 3.3977450972615486
6.765 3.4508533707029363
6.775 3.4964508969154573
6.785 3.53078815931173
6.795 3.5477579646067796
6.805 3.5444791531112423
6.815 3.518223520564214
6.825 3.4672981282344915
6.835 3.391117818228656
6.845 3.2902176524646736
6.855 3.1662080602795077
6.865 3.0216789808901257
6.875 2.8600621174989063
6.885 2.6854623762621563
6.8950000000000005 2.502470525723564
6.905 2.3159690558335293
6.915 2.1309422121057655
6.925 1.9522993893554155
6.935 1.7847187199541859
6.945 1.6325150568967557
6.955 1.4995339198471498
6.965 1.3890706140916187
6.975 1.3030027627884335
6.985 1.245261903551511
6.995 1.2160392154067101
