0.005 0.0
0.015 0.0
0.025 0.0
0.034999999999999996 0.0
0.045 0.0
0.055 0.0
0.065 0.0
0.07500000000000001 0.0
0.085 0.0
0.095 0.0
0.10500000000000001 0.0
0.115 0.0
0.125 0.0
0.135 0.0
0.14500000000000002 0.0
0.155 0.0
0.165 0.0
0.17500000000000002 0.0
0.185 0.0
0.195 0.0
0.20500000000000002 0.0
0.215 0.0
0.225 0.0
0.23500000000000001 0.0
0.245 0.0
0.255 0.0
0.265 0.0
0.275 0.0
0.28500000000000003 0.0
0.295 0.0
0.305 0.0
0.315 0.0
0.325 0.0
0.335 0.0
0.34500000000000003 0.0
0.35500000000000004 0.0
0.365 0.0
0.375 0.0
0.385 0.0
0.395 0.0
0.405 0.0
0.41500000000000004 0.0
0.425 0.0
0.435 0.0
0.445 0.0
0.455 0.0
0.465 0.0
0.47500000000000003 0.0
0.485 0.0
0.495 0.0
0.505 0.0
0.515 0.0
0.525 0.0
0.535 0.0
0.545 0.0
0.555 0.0
0.5650000000000001 0.0
0.5750000000000001 0.0
0.585 0.0
0.595 0.0
0.605 0.0
0.615 0.0
0.625 0.0
0.635 0.0
0.645 0.0
0.655 0.0
0.665 0.0
0.675 0.0
0.685 0.0
0.6950000000000001 0.0
0.7050000000000001 0.0
0.715 0.0
0.725 0.0
0.735 0.0
0.745 0.0
0.755 0.0
0.765 0.0
0.775 0.0
0.785 0.0
0.795 0.0
0.805 0.0
0.8150000000000001 0.0
0.8250000000000001 0.0
0.8350000000000001 0.0
0.845 0.0
0.855 0.0
0.865 0.0
0.875 0.0
0.885 0.0
0.895 0.0
0.905 0.0
0.915 0.0
0.925 0.0
0.935 0.0
0.9450000000000001 0.0
0.9550000000000001 0.0
0.965 0.0
0.975 0.0
0.985 0.0
0.995 0.0
1.005 0.0
1.015 0.0
1.025 0.0
1.035 0.0
1.045 0.0
1.055 0.0
1.065 0.0
1.075 0.0
1.085 0.0
1.095 0.0
1.105 0.0
1.115 0.0
1.125 0.0
1.135 0.0
1.145 0.0
1.155 0.0
1.1649999999999998 0.0
1.1749999999999998 0.0
1.1849999999999998 0.0
1.1949999999999998 0.0
1.2049999999999998 0.0
1.2149999999999999 0.0
1.2249999999999999 0.0
1.2349999999999999 0.0
1.2449999999999999 0.0
1.255 0.0
1.265 0.0
1.275 0.0
1.285 0.0
1.295 0.0
1.305 0.0
1.315 0.0
1.325 0.0
1.335 0.0
1.345 0.0
1.355 0.0
1.365 0.0
1.375 0.0
1.385 0.0
1.395 0.0
1.405 0.0
1.4149999999999998 0.0
1.4249999999999998 0.0
1.4349999999999998 0.0
1.4449999999999998 0.0
1.4549999999999998 0.0
1.4649999999999999 0.0
1.4749999999999999 0.0
1.4849999999999999 0.0
1.4949999999999999 0.0
1.505 0.0
1.515 0.0
1.525 0.0
1.535 0.0
1.545 0.0
1.555 0.0
1.565 0.0
1.575 0.0
1.585 0.0
1.595 0.0
1.605 0.0
1.615 0.0
1.625 0.0
1.635 0.0
1.645 0.0
1.655 0.0
1.665 0.0
1.6749999999999998 0.0
1.6849999999999998 0.0
1.6949999999999998 0.0
1.7049999999999998 0.0
1.7149999999999999 0.0
1.7249999999999999 0.0
1.7349999999999999 0.0
1.7449999999999999 0.0
1.755 0.0
1.765 0.0
1.775 0.0
1.785 0.0
1.795 0.0
1.805 0.0
1.815 0.0
1.825 0.0
1.835 0.0
1.845 0.0
1.855 0.0
1.865 0.0
1.875 0.01010192184739779
1.885 0.014995133088195866
1.895 0.022037062338328636
1.905 0.03206373650567426
1.915 0.04618826159002917
1.9249999999999998 0.065872805134592
1.9349999999999998 0.09301173683027589
1.9449999999999998 0.1300248632147266
1.9549999999999998 0.17995839542863692
1.9649999999999999 0.2465896669209709
1.9749999999999999 0.3345297076279658
1.9849999999999999 0.44931566807873446
1.9949999999999999 0.597482914051133
2.005 0.7866045840576111
2.015 1.02528478054995
2.025 1.3230906597647938
2.035 1.6904088262178159
2.045 2.13821294702639
2.0549999999999997 2.6777326456167
2.065 3.320018677562272
2.0749999999999997 4.075406142853592
2.085 4.952885859817708
2.0949999999999998 5.959403598380381
2.105 7.099116989836701
2.1149999999999998 8.372649726740528
2.125 9.776391108973227
2.135 11.301894976389518
2.145 12.935434533353133
2.155 14.665776757514294
2.165 16.456048780023142
2.175 18.28217485450548
2.185 20.110363728941962
2.195 21.903439293585986
2.205 23.62212451834441
2.215 25.226572515250467
2.225 26.6780741640068
2.235 27.940852809699074
2.245 28.983843145869603
2.255 29.78234508998697
2.265 30.319445196256435
2.275 30.58710815345313
2.285 30.586858621918708
2.295 30.329997774652213
2.305 29.837327516649324
2.315 29.138386155312155
2.3249999999999997 28.270229818774503
2.335 27.27582180822982
2.3449999999999998 26.20211530406337
2.355 25.097931923862223
2.3649999999999998 24.011748680328832
2.375 22.989508684932904
2.385 22.072566856296813
2.395 21.295871758652893
2.405 20.68646966439925
2.415 20.26239829841641
2.425 20.032016767335158
2.435 19.993796076745802
2.445 20.1365723940437
2.455 20.44024364787243
2.465 20.87686984990635
2.475 21.412119282695162
2.485 22.006986999430836
2.495 22.619699528680272
2.505 23.207710895496724
2.515 23.729690674607344
2.525 24.147405309746784
2.535 24.427399706783714
2.545 24.54239718531603
2.555 24.472351921254965
2.565 24.205108269337156
2.5749999999999997 23.73664463386173
2.585 23.07090431690296
2.5949999999999998 22.219240243818167
2.605 21.19952281168506
2.6149999999999998 20.03497861989385
2.625 18.75284112700316
2.635 17.3829014014316
2.645 15.956047726594317
2.655 14.502877111830376
2.665 13.052450537295195
2.675 11.631248271852673
2.685 10.25562565836193
2.695 8.960503322026893
2.705 7.751035131046118
2.715 6.638104127436585
2.725 5.628406696733488
2.735 4.724805517317349
2.745 3.926806105810608
2.755 3.231112159326957
2.765 2.632216849619996
2.775 2.1229919687515384
2.785 1.6952435193440036
2.795 1.3402101094153969
2.805 1.0489885348370618
2.815 0.8179368290127373
2.8249999999999997 0.6311537097795674
2.835 0.48473809483866204
2.8449999999999998 0.37228699837499585
2.855 0.2883535567559404
2.8649999999999998 0.22848847033410197
2.875 0.18925027177233877
2.885 0.16819485224907632
2.895 0.16385274197879324
2.905 0.17570022113159472
2.915 0.2041276579748165
2.925 0.25040573767591057
2.935 0.3166476426113971
2.945 0.40576294334997143
2.955 0.5213971193167423
2.965 0.6625075016076657
2.975 0.8464337042120744
2.985 1.0706614146089157
2.995 1.3408136108648612
3.005 1.6624237070448213
3.015 2.0406667689865214
3.025 2.4800447441138207
3.035 2.984035568459521
3.045 3.5547210811641112
3.055 4.192413582063268
3.065 4.895305095341429
3.075 5.659166398749363
3.085 6.4771241121336045
3.0949999999999998 7.339543167986036
3.105 8.234038524076126
3.1149999999999998 9.145633954768986
3.125 10.057077364103675
3.135 10.949311767405817
3.145 11.802089617181323
3.155 12.59470644156603
3.165 13.306818885429582
3.175 13.919303280918802
3.185 14.415104810478773
3.195 14.780024926128315
3.205 15.003396397858829
3.215 15.078601235264959
3.225 15.007375189604847
3.235 14.78593098169507
3.245 14.423784434322906
3.255 13.93193205909413
3.265 13.32501081729695
3.275 12.620651422859279
3.285 11.838723669233357
3.295 11.000523988243696
3.305 10.127956647192034
3.315 9.242756952374767
3.325 8.365798010995043
3.335 7.516512807873812
3.3449999999999998 6.712451619386701
3.355 5.968982280688198
3.3649999999999998 5.2991287126486
3.375 4.713532461800233
3.385 4.220513668629512
3.395 3.8262024505018672
3.405 3.5347094613199257
3.415 3.3483053659248574
3.425 3.2675828606999113
3.435 3.2915811653664497
3.445 3.417860908588036
3.455 3.6425262210491427
3.465 3.9601997752457176
3.475 4.363964629607089
3.485 4.845293283135813
3.495 5.393988698281509
3.505 5.998163761149233
3.515 6.644284498950208
3.525 7.317298392319671
3.535 8.000862588543116
3.545 8.677678269167934
3.555 9.329927590657796
3.565 9.939799392170862
3.575 10.490080219930935
3.585 10.964779109174746
3.5949999999999998 11.349748838429624
3.605 11.633263671436174
3.6149999999999998 11.806514296945055
3.625 11.860611034069501
3.635 11.801455989749579
3.645 11.625755200202388
3.655 11.338714281572324
3.665 10.948723923683257
3.675 10.466952500327011
3.685 9.906815085894099
3.695 9.283354082687776
3.705 8.612571281495162
3.715 7.910752522336508
3.725 7.193824235089115
3.735 6.476776370026114
3.745 5.773179177897063
3.755 5.0948127425600385
3.765 4.451418960245659
3.775 3.8505766365883316
3.785 3.297692273638052
3.795 2.796092516837068
3.805 2.34719949397912
3.815 1.9507675545015886
3.825 1.6051591536550898
3.835 1.3076385969383362
3.8449999999999998 1.054664717206105
3.855 0.8421668820423466
3.8649999999999998 0.665792587465401
3.875 0.5211188797369654
3.885 0.4038236173071709
3.895 0.3098158819388344
3.905 0.23532750725309665
3.915 0.17696963988777656
3.925 0.1317594869189166
3.935 0.09712299760578139
3.945 0.07087928308835946
3.955 0.05121222083787962
3.965 0.03663405205203351
3.975 0.025944981293248962
3.985 0.018191931867369365
3.995 0.012628778175328197
4.005 0.008679623844132487
4.015 0.0059060555667564555
4.025 0.003978791746018484
4.035 0.0
4.045 0.0
4.055 0.0
4.065 0.0
4.075 0.0
4.085 0.0
4.095 0.0
4.1049999999999995 0.0
4.115 0.0
4.125 0.0
4.135 0.0
4.145 0.0
4.155 0.0
4.165 0.0
4.175 0.0
4.185 0.0
4.195 0.0
4.205 0.0024655173658497303
4.215 0.0036597750003083134
4.225 0.0053784577537053695
4.235 0.007825609855528007
4.245 0.011272900619198658
4.255 0.016077192780738853
4.265 0.022700834142956917
4.275 0.03173441282667652
4.285 0.04392139988432496
4.295 0.06018370714176186
4.305 0.08164672188211836
4.315 0.10966186426020078
4.325 0.14582418302622635
4.335 0.19198201009153734
4.345 0.2502352987455052
4.355 0.3229190492187365
4.365 0.4125682597217155
4.375 0.5218612094228671
4.385 0.6535386472596163
4.395 0.8102976669319416
4.405 0.9946606962401431
4.415 1.2088220719701706
4.425 1.4544770078278773
4.435 1.732640232724622
4.445 2.043463967677922
4.455 2.3860669700905914
4.465 2.758387834734248
4.475 3.157076342360521
4.485 3.5774361735596987
4.495 4.01343061772562
4.505 4.459933119170374
4.515 4.905241012912267
4.525 5.341648300339309
4.535 5.759465780756869
4.545 6.148841145517328
4.555 6.500173192200621
4.565 6.804548193999263
4.575 7.054173855158257
4.585 7.242784834864486
4.595 7.365994306081449
4.605 7.42156846661918
4.615 7.4096051791613675
4.625 7.332603647870273
4.635 7.195418760641518
4.645 7.005100866834993
4.655 6.770628723207805
4.665 6.50254956944847
4.675 6.212545333368927
4.685 5.912947503992641
4.695 5.616225107212219
4.705 5.334470501652411
4.715 5.078906557557053
4.725 4.859436471877266
4.735 4.6842543474272365
4.745 4.559531064957323
4.755 4.489186201951166
4.765 4.474753020700431
4.775 4.517292287784515
4.785 4.610586894049701
4.795 4.750585659934991
4.805 4.930001346618925
4.815 5.139942020275975
4.825 5.370308668094079
4.835 5.610246224590534
4.845 5.848630200782411
4.855 6.074568654435793
4.865 6.277897411618856
4.875 6.4496455185225265
4.885 6.582448111181891
4.895 6.670885411525363
4.905 6.7117294560097545
4.915 6.704084373082742
4.925 6.651255209260325
4.935 6.5541725295630355
4.945 6.419960968163576
4.955 6.256299866012888
4.965 6.072264562525114
4.975 5.877872861066594
4.985 5.683591143424094
4.995 5.4998268067305265
5.005 5.336434067970869
5.015 5.20061449290998
5.025 5.103660524679076
5.035 5.048919091732408
5.045 5.040251079369675
5.055 5.081216475910777
5.065 5.168895594621191
5.075 5.30235110765429
5.085 5.477742383566934
5.095 5.689776611680035
5.105 5.932048674532265
5.115 6.197419834643813
5.125 6.478411558996225
5.135 6.767590463644653
5.145 7.057921593049215
5.155 7.3430700144137635
5.165 7.617634846789658
5.175 7.877305074577309
5.185 8.11893241971824
5.195 8.340522686255927
5.205 8.541152823671911
5.215 8.720825972933174
5.225 8.880280524190129
5.235 9.020771415544068
5.245 9.145483131789904
5.255 9.2535422596974
5.265 9.34763085917081
5.275 9.429084412796131
5.285 9.498876535270078
5.295 9.557555495735562
5.305 9.605225657963686
5.315 9.640119946970279
5.325 9.664945628144402
5.335 9.676631488681675
5.345 9.674074391125416
5.355 9.656081818565184
5.365 9.621490543595346
5.375 9.569283227123577
5.385 9.49869876524626
5.395 9.409332670566988
5.405 9.301223790450695
5.415 9.174923312642415
5.425 9.031541494226442
5.435 8.872767158987621
5.445 8.700855048921506
5.455 8.51857685411236
5.465 8.329133347026598
5.475 8.136027534276542
5.485 7.942901969400294
5.495 7.754851572704353
5.505 7.572924091025105
5.515 7.401066030499715
5.525 7.241571725281951
5.535 7.095920595668138
5.545 6.964657267040836
5.555 6.847331968306216
5.565 6.742511028036825
5.575 6.6478618555285305
5.585 6.559008396360147
5.595 6.475403827854394
5.605 6.391317999857206
5.615 6.303009292811141
5.625 6.207086839899531
5.635 6.100807147249364
5.645 5.982329298760062
5.655 5.850907888013287
5.665 5.707007302089143
5.675 5.552326884379059
5.685 5.389733295599784
5.695 5.224510887197475
5.705 5.059177555020321
5.715 4.899884043155054
5.725 4.752005584124383
5.735 4.619499023756969
5.745 4.509895989829573
5.755 4.425222849772645
5.765 4.368231622948462
5.775 4.340375578807636
5.785 4.341712494005741
5.795 4.370898591805032
5.805 4.426631514680132
5.815 4.503046333620071
5.825 4.596421759424443
5.835 4.701555021639612
5.845 4.8130089141159225
5.855 4.9254654462598735
5.865 5.032895448849462
5.875 5.133949917923632
5.885 5.223853242644097
5.895 5.300760753350361
5.905 5.364095406359458
5.915 5.414549408927087
5.925 5.453995071911814
5.935 5.485312667797326
5.945 5.5121489085679825
5.955 5.538624397394827
5.965 5.569011669996263
5.975 5.607406973405216
5.985 5.6574186341241735
5.995 5.721892813119654
6.005 5.802693860806278
6.015 5.900551736399365
6.025 6.01498350528259
6.035 6.144290285209216
6.045 6.28562567977316
6.055 6.434032823154538
6.065 6.587375716532362
6.075 6.738755595161969
6.085 6.88252492759251
6.095 7.012898247837701
6.105 7.124196484526937
6.115 7.2110732023259025
6.125 7.268714489074936
6.135 7.293006876929493
6.1450000000000005 7.280670135877714
6.155 7.229353821564625
6.165 7.137697990711661
6.175 7.005359508686164
6.185 6.833005941416193
6.195 6.622279283411366
6.205 6.37573188744949
6.215 6.096737084939766
6.225 5.789377238226224
6.235 5.458312409510281
6.245 5.108633462389628
6.255 4.7457041659376324
6.265 4.374997635041402
6.275 4.001933076611081
6.285 3.631719182443926
6.295 3.2692105050043514
6.305 2.9177792226355517
6.315 2.5835690380554825
6.325 2.2682670180732085
6.335 1.9743540712636451
6.345 1.7035905586078761
6.355 1.4570342445222804
6.365 1.2350832824883318
6.375 1.037540143100359
6.385 0.863691463983539
6.3950000000000005 0.7123983095315705
6.405 0.5821912779878028
6.415 0.4713652443958372
6.425 0.37806920616971573
6.435 0.3003876070161465
6.445 0.2364105492371053
6.455 0.18429136203038915
6.465 0.14229098578994318
6.475 0.10880949151422178
6.485 0.08240573601963494
6.495 0.061806637448065846
6.505 0.044969134248051976
6.515 0.033147799980394195
6.525 0.024190895632187733
6.535 0.017478583803356162
6.545 0.012503096690045646
6.555 0.008854947557266209
6.565 0.0062088540681596825
6.575 0.004310165699906568
6.585 0.0029623306753583717
6.595 0.0020157197926959683
6.605 0.00135795018905814
6.615 0.0
6.625 0.0
6.635 0.0
6.6450000000000005 0.0
6.655 0.0
6.665 0.0
6.675 0.0
6.685 0.0
6.695 0.0
6.705 0.0
6.715 0.0
6.725 0.0
6.735 0.0
6.745 0.0
6.755 0.0
6.765 0.0
6.775 0.0
6.785 0.0
6.795 0.0
6.805 0.0
6.815 0.0
6.825 0.0
6.835 0.0
6.845 0.0
6.855 0.0
6.865 0.0
6.875 0.0
6.885 0.0
6.8950000000000005 0.0
6.905 0.0
6.915 0.0
6.925 0.0
6.935 0.0
6.945 0.0
6.955 0.0
6.965 0.0
6.975 0.0
6.985 0.0
6.995 0.0
