0.005 0.0
0.015 0.0
0.025 0.0
0.034999999999999996 0.0
0.045 0.0
0.055 0.0
0.065 0.0
0.07500000000000001 0.0
0.085 0.0
0.095 0.0
0.10500000000000001 0.0
0.115 0.0
0.125 0.0
0.135 0.0
0.14500000000000002 0.0
0.155 0.0
0.165 0.0
0.17500000000000002 0.0
0.185 0.0
0.195 0.0
0.20500000000000002 0.0
0.215 0.0
0.225 0.0
0.23500000000000001 0.0
0.245 0.0
0.255 0.0
0.265 0.0
0.275 0.0
0.28500000000000003 0.0
0.295 0.0
0.305 0.0
0.315 0.0
0.325 0.0
0.335 0.0
0.34500000000000003 0.0
0.35500000000000004 0.0
0.365 0.0
0.375 0.0
0.385 0.0
0.395 0.0
0.405 0.0
0.41500000000000004 0.0
0.425 0.0
0.435 0.0
0.445 0.0
0.455 0.0
0.465 0.0
0.47500000000000003 0.0
0.485 0.0
0.495 0.0
0.505 0.0
0.515 0.0
0.525 0.0
0.535 0.0
0.545 0.0
0.555 0.0
0.5650000000000001 0.0
0.5750000000000001 0.0
0.585 0.0
0.595 0.0
0.605 0.0
0.615 0.0
0.625 0.0
0.635 0.0
0.645 0.0
0.655 0.0
0.665 0.0
0.675 0.0
0.685 0.0
0.6950000000000001 0.0
0.7050000000000001 0.0
0.715 0.0
0.725 0.0
0.735 0.0
0.745 0.0
0.755 0.0
0.765 0.0
0.775 0.0
0.785 0.0
0.795 0.0
0.805 0.0
0.8150000000000001 0.0
0.8250000000000001 0.0
0.8350000000000001 0.0
0.845 0.0
0.855 0.0
0.865 0.0
0.875 0.0
0.885 0.0
0.895 0.0
0.905 0.0
0.915 0.0
0.925 0.0
0.935 0.0
0.9450000000000001 0.0
0.9550000000000001 0.0
0.965 0.0
0.975 0.0
0.985 0.0
0.995 0.0
1.005 0.0
1.015 0.0
1.025 0.0
1.035 0.0
1.045 0.0
1.055 0.0
1.065 0.0
1.075 0.0
1.085 0.0
1.095 0.0
1.105 0.0
1.115 0.0
1.125 0.0
1.135 0.0
1.145 0.0
1.155 0.0
1.1649999999999998 0.0
1.1749999999999998 0.0
1.1849999999999998 0.0
1.1949999999999998 0.0
1.2049999999999998 0.0
1.2149999999999999 0.0
1.2249999999999999 0.0
1.2349999999999999 0.0
1.2449999999999999 0.0
1.255 0.0
1.265 0.0
1.275 0.0
1.285 0.0
1.295 0.0
1.305 0.0
1.315 0.0
1.325 0.0
1.335 0.0
1.345 0.0
1.355 0.0
1.365 0.0
1.375 0.0
1.385 0.0
1.395 0.0
1.405 0.0
1.4149999999999998 0.0
1.4249999999999998 0.0
1.4349999999999998 0.0
1.4449999999999998 0.0
1.4549999999999998 0.0
1.4649999999999999 0.0
1.4749999999999999 0.0
1.4849999999999999 0.0
1.4949999999999999 0.0
1.505 0.0
1.515 0.0
1.525 0.0
1.535 0.0
1.545 0.0
1.555 0.0
1.565 0.0
1.575 0.0
1.585 0.0
1.595 0.0
1.605 0.0
1.615 0.0
1.625 0.0
1.635 0.0
1.645 0.0
1.655 0.0
1.665 0.0
1.6749999999999998 0.0
1.6849999999999998 0.0
1.6949999999999998 0.0
1.7049999999999998 0.0
1.7149999999999999 0.0
1.7249999999999999 0.0
1.7349999999999999 0.0
1.7449999999999999 0.0
1.755 0.0
1.765 0.0
1.775 0.0
1.785 0.0
1.795 0.0
1.805 0.0
1.815 0.010656615756307318
1.825 0.015818511957381296
1.835 0.023247111716455555
1.845 0.033824347962113026
1.855 0.04872444705593721
1.865 0.06948986378173991
1.875 0.09811898717889547
1.885 0.13716449473450343
1.895 0.1898398642530182
1.905 0.2601298415835106
1.915 0.35289864712023855
1.9249999999999998 0.4739874748919193
1.9349999999999998 0.6398799820699801
1.9449999999999998 0.8440312452042101
1.9549999999999998 1.102501990973558
1.9649999999999999 1.4261783196875932
1.9749999999999999 1.827073798080122
1.9849999999999999 2.318152644068003
1.9949999999999999 2.913059362253948
2.005 3.625748548445574
2.015 4.470014472560081
2.025 5.458927340067285
2.035 6.604191416768506
2.045 7.915448870967062
2.0549999999999997 9.399561458852551
2.065 11.059909159500952
2.0749999999999997 12.895749639693102
2.085 14.901684169010888
2.0949999999999998 17.067273693856087
2.105 19.37684291669875
2.1149999999999998 21.809500521763837
2.125 24.339390697669025
2.135 26.936175824776495
2.145 29.565733974623928
2.155 32.19103929086782
2.165 34.77318000961317
2.175 37.27245929295202
2.185 39.6495192888533
2.195 41.86642945663286
2.205 43.8876861377373
2.215 45.68108087996377
2.225 47.21840883397828
2.235 48.476003912626496
2.245 49.43510242911851
2.255 50.08204978246654
2.265 50.40837394988291
2.275 50.410754141841004
2.285 50.090912728029885
2.295 49.45545391923157
2.305 48.515664795260385
2.315 47.28728466597576
2.3249999999999997 45.79023921761053
2.335 44.04832814372569
2.3449999999999998 42.088850377182844
2.355 39.94215048263435
2.3649999999999998 37.64107344205865
2.375 35.22032250410423
2.385 32.71572492456892
2.395 30.16342184327506
2.405 27.599009582389627
2.415 25.056668736072474
2.425 22.56832326166088
2.435 20.1628735470632
2.445 17.865544839528464
2.455 15.697385762856511
2.465 13.67494170261799
2.475 11.810115742261248
2.485 10.110216917006863
2.495 8.584421508073072
2.505 7.222215691457789
2.515 6.023581528699786
2.525 4.981549028143996
2.535 4.087017676165846
2.545 3.329432800494461
2.555 2.6974448060155196
2.565 2.179523760324976
2.5749999999999997 1.7645080126841661
2.585 1.4420719053281283
2.5949999999999998 1.2031035279319913
2.605 1.0399883962426801
2.6149999999999998 0.946798634911861
2.625 0.912281942437805
2.635 0.9507141000334156
2.645 1.0511427881905524
2.655 1.214725920513542
2.665 1.4438630830486683
2.675 1.741903327216982
2.685 2.112779277545783
2.695 2.5605762379140757
2.705 3.089048143542047
2.715 3.7010963039004503
2.725 4.3982315911265815
2.735 5.180045547059945
2.745 6.037324240444524
2.755 6.979385720492197
2.765 7.988163689279622
2.775 9.051775327351796
2.785 10.154946302625016
2.795 11.279206605918045
2.805 12.403279422994613
2.815 13.503661990843304
2.8249999999999997 14.555383238833207
2.835 15.532908576691275
2.8449999999999998 16.411148775315656
2.855 17.166518832086997
2.8649999999999998 17.777985233989185
2.875 18.228037072869135
2.885 18.503518574969128
2.895 18.596267847798476
2.905 18.503518574969128
2.915 18.228037072869135
2.925 17.777985233989185
2.935 17.166518832086997
2.945 16.411148775315656
2.955 15.532908576691275
2.965 14.555383238833207
2.975 13.503661990843304
2.985 12.403279422994613
2.995 11.279206605918045
3.005 10.154946302625016
3.015 9.051775327351796
3.025 7.988163689279622
3.035 6.979385720492197
3.045 6.037324240444524
3.055 5.17045611090642
3.065 4.383997183700443
3.075 3.680177214889769
3.085 3.058611048629872
3.0949999999999998 2.5167311763257207
3.105 2.050248298922691
3.1149999999999998 1.653610215734222
3.125 1.3204345767699686
3.135 1.043897085236194
3.145 0.8170629860718273
3.155 0.6331555877804038
3.165 0.48576073420558596
3.175 0.36897031225985655
3.185 0.27747093424008573
3.195 0.20658587514541998
3.205 0.15227927738883953
3.215 0.11113172242010659
3.225 0.08029570930588494
3.235 0.057438579037193176
3.245 0.04067917074840913
3.255 0.028523154220531453
3.265 0.01980067813236903
3.275 0.01360879379316809
3.285 0.013110391873555593
3.295 0.011953646870682002
3.305 0.008399277897893173
3.315 0.012220877230426978
3.325 0.017604344842301858
3.335 0.025106976045390878
3.3449999999999998 0.035450797089429296
3.355 0.0495581009396403
3.3649999999999998 0.06858993045706965
3.375 0.09398599084669264
3.385 0.12750374511493728
3.395 0.17125364089508888
3.405 0.22772658883983996
3.415 0.2998090396906159
3.425 0.3907803891511152
3.435 0.5042870943892868
3.445 0.6442879397659171
3.455 0.8149654645987578
3.465 1.020599764228881
3.475 1.2654027597199358
3.485 1.5533136048297986
3.495 1.8877590894136222
3.505 2.271386546901137
3.515 2.705780630460188
3.525 3.1911790563073144
3.535 3.7262056304091757
3.545 4.307641155708506
3.555 4.930253756493993
3.565 5.586709417398079
3.575 6.267580898811903
3.585 6.9614686055731285
3.5949999999999998 7.655240596800854
3.605 8.334391087419526
3.6149999999999998 8.983508060403635
3.625 9.586831697287876
3.635 10.128877054243043
3.645 10.59508758832836
3.655 10.972481522931119
3.665 11.250251215136188
3.675 11.420276988693612
3.685 11.477521365319577
3.695 11.420276988693612
3.705 11.250251215136188
3.715 10.972481522931119
3.725 10.59508758832836
3.735 10.128877054243043
3.745 9.586831697287876
3.755 8.983508060403635
3.765 8.334391087419526
3.775 7.655240596800854
3.785 6.9614686055731285
3.795 6.267580898811903
3.805 5.586709417398079
3.815 4.930253756493993
3.825 4.307641155708506
3.835 3.7262056304091757
3.8449999999999998 3.1911790563073144
3.855 2.705780630460188
3.8649999999999998 2.271386546901137
3.875 1.8877590894136222
3.885 1.5533136048297986
3.895 1.2654027597199358
3.905 1.020599764228881
3.915 0.8149654645987578
3.925 0.6470830252095601
3.935 0.5084360750341035
3.945 0.39687779052611993
3.955 0.30868070634272904
3.965 0.2405063489278392
3.975 0.18947988749895198
3.985 0.15323902159296887
3.995 0.12996237316019882
4.005 0.11838234611048214
4.015 0.11778662210376967
4.025 0.1280113148188265
4.035 0.1494274471813927
4.045 0.18292098667712878
4.055 0.22986530727208054
4.065 0.29208376971981265
4.075 0.3717992431222968
4.085 0.47156693531357247
4.095 0.5916188992475528
4.1049999999999995 0.7408977868561363
4.115 0.918610935469406
4.125 1.127617948237968
4.135 1.3704064810566112
4.145 1.6488983484778197
4.155 1.9642439192025682
4.165 2.316615761778202
4.175 2.7050148370619316
4.185 3.127104189805698
4.195 3.579085773731736
4.205 4.055635507897602
4.215 4.549909748783897
4.225 5.053633034135135
4.235 5.557272316544497
4.245 6.05029721531254
4.255 6.521519476526807
4.265 6.959498362072859
4.275 7.352992677297554
4.285 7.691435194158027
4.295 7.96540187602511
4.305 8.167046984542196
4.315 8.290476093339196
4.325 8.332032277691424
4.335 8.290476093339196
4.345 8.167046984542196
4.355 7.96540187602511
4.365 7.691435194158027
4.375 7.352992677297554
4.385 6.959498362072859
4.395 6.521519476526807
4.405 6.05029721531254
4.415 5.557272316544497
4.425 5.053633034135135
4.435 4.549909748783897
4.445 4.055635507897602
4.455 3.579085773731736
4.465 3.127104189805698
4.475 2.7050148370619316
4.485 2.316615761778202
4.495 1.9642439192025682
4.505 1.6488983484778197
4.515 1.3704064810566112
4.525 1.127617948237968
4.535 0.918610935469406
4.545 0.7408977868561363
4.555 0.5916188992475528
4.565 0.46771665583455513
4.575 0.36608394913301623
4.585 0.28368449182191946
4.595 0.21764443004165357
4.605 0.16531664183482692
4.615 0.12432047113600181
4.625 0.09463111305878649
4.635 0.07130208013686955
4.645 0.05430936193754534
4.655 0.04254850037721111
4.665 0.03520250461200905
4.675 0.03172822421821111
4.685 0.031844416375036995
4.695 0.03552291960614863
4.705 0.04298355221717492
4.715 0.05469257228166466
4.725 0.0713637855999271
4.735 0.09407926308680532
4.745 0.12540962184937432
4.755 0.16555618338244663
4.765 0.2164466321070717
4.775 0.28026043588681726
4.785 0.3594135400689708
4.795 0.4565270543698545
4.805 0.5743776862506803
4.815 0.7158284330635414
4.825 0.8837391107310385
4.835 1.082765442624317
4.845 1.3125264546614246
4.855 1.5765466109089066
4.865 1.8765981159092755
4.875 2.2138399374378044
4.885 2.590566747520332
4.895 3.0035243872362805
4.905 3.4527430474963183
4.915 3.936087359224815
4.925 4.450515574456874
4.935 4.992135986077464
4.945 5.556309194175324
4.955 6.13779292085238
4.965 6.7309226458144895
4.975 7.329818198234069
4.985 7.928603903305497
4.995 8.521628209464094
5.005 9.1036681063256
5.015 9.670104180351702
5.025 10.217053834377927
5.035 10.741452902085086
5.045 11.241079410793763
5.055 11.714517308591336
5.065 12.161062258866867
5.075 12.580575793404906
5.085 12.973297901939171
5.095 13.341362800569485
5.105 13.682482851668558
5.115 13.997965098425546
5.125 14.287503969173766
5.135 14.55017939116858
5.145 14.784352881445336
5.155 14.987627712463883
5.165 15.156880466175723
5.175 15.288366698512274
5.185 15.377898368117163
5.195 15.422755613072185
5.205 15.416107975678369
5.215 15.355290794799316
5.225 15.23731907398713
5.235 15.060340600577367
5.245 14.823941503484768
5.255 14.529394363418522
5.265 14.179827500225802
5.275 13.780298299363423
5.285 13.33775919546675
5.295 12.860911827292368
5.305 12.359952411000638
5.315 11.846218961099709
5.325 11.331758005571022
5.335 10.828834310942948
5.345 10.349411362012987
5.355 9.90463257727788
5.365 9.504333307791565
5.375 9.156611578610779
5.385 8.867481490548304
5.395 8.640627572757392
5.405 8.47727165624431
5.415 8.377702799973145
5.425 8.335939115264418
5.435 8.345908216788514
5.445 8.403264507012654
5.455 8.498470396342304
5.465 8.619142646612339
5.475 8.755696243088977
5.485 8.89739772202289
5.495 9.033836520857571
5.505 9.155347889611752
5.515 9.253390136329461
5.525 9.320864936815912
5.535 9.352372519130945
5.545 9.343073776206769
5.555 9.294540395985688
5.565 9.20536130156892
5.575 9.078080910028003
5.585 8.917108904068593
5.595 8.728540993299045
5.605 8.519912118428973
5.615 8.299888042885247
5.625 8.07790330373701
5.635 7.863755878860518
5.645 7.665899096489027
5.655 7.496513423328982
5.665 7.361987007562807
5.675 7.269205505647996
5.685 7.223270147670545
5.695 7.225939415086378
5.705 7.28082124719846
5.715 7.384346063874717
5.725 7.532341343520514
5.735 7.718271915112218
5.745 7.933470853001971
5.755 8.167482275654095
5.765 8.408502034243423
5.775 8.643895601066482
5.785 8.860766859456293
5.795 9.046547451859574
5.805 9.18957425145339
5.815 9.279622628410891
5.825 9.308365550463025
5.835 9.269733062937158
5.845 9.160153023085897
5.855 8.978661640952922
5.865 8.726880805771165
5.875 8.408867687121077
5.885 8.030850023395697
5.895 7.600867235374476
5.905 7.12718764005267
5.915 6.622851588832216
5.925 6.096956529661183
5.935 5.560285327654814
5.945 5.023154928363054
5.955 4.4950560090104235
5.965 3.984366543468872
5.975 3.49814757882414
5.985 3.042023407573908
5.995 2.6201427338535814
6.005 2.234098772682013
6.015 1.8878589525600948
6.025 1.5799651257434704
6.035 1.3095862816310417
6.045 1.0750463586616392
6.055 0.874026214462027
6.065 0.7037583853556011
6.075 0.5612058301178774
6.085 0.44321840873666757
6.095 0.3466633593665738
6.105 0.2685283210796938
6.115 0.20599737651449773
6.125 0.15650208333270257
6.135 0.11775050431506158
6.1450000000000005 0.08773785356505895
6.155 0.06474260284530015
6.165 0.04731180946109456
6.175 0.0342391158314484
6.185 0.024538410679401892
6.195 0.017415604579350322
6.205 0.012240418091078249
6.215 0.008519554147234088
6.225 0.004840873430983537
6.235 0.0033270804090990546
6.245 0.00226391398107527
6.255 0.0015251536596268486
6.265 0.0
6.275 0.0
6.285 0.0
6.295 0.0
6.305 0.0
6.315 0.0
6.325 0.0
6.335 0.0
6.345 0.0
6.355 0.0
6.365 0.0
6.375 0.0
6.385 0.0
6.3950000000000005 0.0
6.405 0.0
6.415 0.0
6.425 0.0
6.435 0.0
6.445 0.0
6.455 0.0
6.465 0.0
6.475 0.0
6.485 0.0
6.495 0.0
6.505 0.0
6.515 0.0
6.525 0.0
6.535 0.0
6.545 0.0
6.555 0.0
6.565 0.0
6.575 0.0
6.585 0.0
6.595 0.0010685429762113715
6.605 0.002654671277419113
6.615 0.003917125168305753
6.625 0.005722577296227542
6.635 0.008277199547055348
6.6450000000000005 0.011853394588099374
6.655 0.0168062041965662
6.665 0.023591965570149753
6.675 0.03278885332614234
6.685 0.04511863612938678
6.695 0.06146860324152732
6.705 0.08291219069992242
6.715 0.11072638348820978
6.725 0.14640352567635842
6.735 0.19165478445294254
6.745 0.2484022466380495
6.755 0.31875654535901676
6.765 0.40497708912921926
6.775 0.5094124578047972
6.785 0.6344193853663838
6.795 0.7822599864985315
6.805 0.9549784835372457
6.815 1.1542605883400876
6.825 1.3812807765727602
6.835 1.6365447985363404
6.845 1.9197366999004106
6.855 2.2295811517181834
6.865 2.563732782829584
6.875 2.918704263360161
6.885 3.2898439514290736
6.8950000000000005 3.6713719112854872
6.905 4.056480065573581
6.915 4.43749829629019
6.925 4.8061237107562285
6.935 5.153705392576964
6.945 5.4715721864570135
6.955 5.751386874317026
6.965 5.985506925765144
6.975 6.167330218206592
6.985 6.291603976079859
6.995 6.354676780016405
