0.005 0.0
0.015 0.0
0.025 0.0
0.034999999999999996 0.0
0.045 0.0
0.055 0.0
0.065 0.0
0.07500000000000001 0.0
0.085 0.0
0.095 0.0
0.10500000000000001 0.0
0.115 0.0
0.125 0.0
0.135 0.0
0.14500000000000002 0.0
0.155 0.0
0.165 0.0
0.17500000000000002 0.0
0.185 0.0
0.195 0.0
0.20500000000000002 0.0
0.215 0.0
0.225 0.0
0.23500000000000001 0.0
0.245 0.0
0.255 0.0
0.265 0.0
0.275 0.0
0.28500000000000003 0.0
0.295 0.0
0.305 0.0
0.315 0.0
0.325 0.0
0.335 0.0
0.34500000000000003 0.0
0.35500000000000004 0.0
0.365 0.0
0.375 0.0
0.385 0.0
0.395 0.0
0.405 0.0
0.41500000000000004 0.0
0.425 0.0
0.435 0.0
0.445 0.0
0.455 0.0
0.465 0.0
0.47500000000000003 0.0
0.485 0.0
0.495 0.0
0.505 0.0
0.515 0.0
0.525 0.0
0.535 0.0
0.545 0.0
0.555 0.0
0.5650000000000001 0.0
0.5750000000000001 0.0
0.585 0.0
0.595 0.0
0.605 0.0
0.615 0.0
0.625 0.0
0.635 0.0
0.645 0.0
0.655 0.0
0.665 0.0
0.675 0.0
0.685 0.0
0.6950000000000001 0.0
0.7050000000000001 0.0
0.715 0.0
0.725 0.0
0.735 0.0
0.745 0.0
0.755 0.0
0.765 0.0
0.775 0.0
0.785 0.0
0.795 0.0
0.805 0.0
0.8150000000000001 0.0
0.8250000000000001 0.0
0.8350000000000001 0.0
0.845 0.0
0.855 0.0
0.865 0.0
0.875 0.0
0.885 0.0
0.895 0.0
0.905 0.0
0.915 0.0
0.925 0.0
0.935 0.0
0.9450000000000001 0.0
0.9550000000000001 0.0
0.965 0.0
0.975 0.0
0.985 0.0
0.995 0.0
1.005 0.0
1.015 0.0
1.025 0.0
1.035 0.0
1.045 0.0
1.055 0.0
1.065 0.0
1.075 0.0
1.085 0.0
1.095 0.0
1.105 0.0
1.115 0.0
1.125 0.0
1.135 0.0
1.145 0.0
1.155 0.0
1.1649999999999998 0.0
1.1749999999999998 0.0
1.1849999999999998 0.0
1.1949999999999998 0.0
1.2049999999999998 0.0
1.2149999999999999 0.0
1.2249999999999999 0.0
1.2349999999999999 0.0
1.2449999999999999 0.0
1.255 0.0
1.265 0.0
1.275 0.0
1.285 0.0
1.295 0.0
1.305 0.0
1.315 0.0
1.325 0.0
1.335 0.0
1.345 0.0
1.355 0.0
1.365 0.0
1.375 0.0
1.385 0.0
1.395 0.0
1.405 0.0
1.4149999999999998 0.0
1.4249999999999998 0.0
1.4349999999999998 0.0
1.4449999999999998 0.0
1.4549999999999998 0.0
1.4649999999999999 0.0
1.4749999999999999 0.0
1.4849999999999999 0.0
1.4949999999999999 0.0
1.505 0.0
1.515 0.0
1.525 0.0
1.535 0.0
1.545 0.0
1.555 0.0
1.565 0.0
1.575 0.0
1.585 0.0
1.595 0.0
1.605 0.0
1.615 0.0
1.625 0.0
1.635 0.0
1.645 0.0
1.655 0.0
1.665 0.0
1.6749999999999998 0.0
1.6849999999999998 0.0
1.6949999999999998 0.0
1.7049999999999998 0.0
1.7149999999999999 0.0
1.7249999999999999 0.0
1.7349999999999999 0.0
1.7449999999999999 0.0
1.755 0.0
1.765 0.0
1.775 0.0
1.785 0.0
1.795 0.0
1.805 0.0
1.815 0.0
1.825 0.0
1.835 0.0
1.845 0.0
1.855 0.0
1.865 0.0
1.875 0.0
1.885 0.0
1.895 0.0
1.905 0.0
1.915 0.0
1.9249999999999998 0.0
1.9349999999999998 0.0
1.9449999999999998 0.0
1.9549999999999998 0.0
1.9649999999999999 0.009347695747382825
1.9749999999999999 0.013875571788953718
1.9849999999999999 0.020391739019231116
1.9949999999999999 0.02966980520211625
2.005 0.04273977001270694
2.015 0.060954633160562405
2.025 0.08606732757975412
2.035 0.12031699307190971
2.045 0.16652240564377685
2.0549999999999997 0.22817887681634325
2.065 0.30955316944692834
2.0749999999999997 0.4157690212990489
2.085 0.5528738569927035
2.0949999999999998 0.7278753920632689
2.105 0.9487353325220894
2.1149999999999998 1.2243065349858357
2.125 1.5642001229939277
2.135 1.978570451628087
2.145 2.4778087221598497
2.155 3.0721406225761645
2.165 3.771129617303824
2.175 4.583095255386151
2.185 5.514464724142366
2.195 6.569085239276904
2.205 7.747533927431751
2.215 9.04646966929774
2.225 10.45807690893765
2.235 11.969653715854234
2.245 13.563394591865816
2.255 15.216412115921138
2.265 16.901030388698718
2.275 18.585367727687903
2.285 20.23420703599946
2.295 21.810131069822113
2.305 23.274878194162735
2.315 24.590854113757956
2.3249999999999997 25.7227185019417
2.335 26.63895424451555
2.3449999999999998 27.313322581860202
2.355 27.726110590909833
2.3649999999999998 27.865088298596827
2.375 27.726110590909833
2.385 27.313322581860202
2.395 26.63895424451555
2.405 25.7227185019417
2.415 24.590854113757956
2.425 23.274878194162735
2.435 21.810131069822113
2.445 20.23420703599946
2.455 18.585367727687903
2.465 16.901030388698718
2.475 15.216412115921138
2.485 13.563394591865816
2.495 11.969653715854234
2.505 10.45807690893765
2.515 9.04646966929774
2.525 7.747533927431751
2.535 6.569085239276904
2.545 5.514464724142366
2.555 4.583095255386151
2.565 3.771129617303824
2.5749999999999997 3.0721406225761645
2.585 2.4778087221598497
2.5949999999999998 1.978570451628087
2.605 1.5642001229939277
2.6149999999999998 1.2243065349858357
2.625 0.9487353325220894
2.635 0.7278753920632689
2.645 0.5528738569927035
2.655 0.4157690212990489
2.665 0.30955316944692834
2.675 0.22817887681634325
2.685 0.16652240564377685
2.695 0.12031699307190971
2.705 0.08606732757975412
2.715 0.060954633160562405
2.725 0.04273977001270694
2.735 0.02966980520211625
2.745 0.020391739019231116
2.755 0.013875571788953718
2.765 0.009347695747382825
2.775 0.0
2.785 0.0
2.795 0.0
2.805 0.0
2.815 0.0
2.8249999999999997 0.0
2.835 0.0
2.8449999999999998 0.0
2.855 0.0
2.8649999999999998 0.0
2.875 0.0
2.885 0.0
2.895 0.0
2.905 0.0
2.915 0.0
2.925 0.0
2.935 0.0
2.945 0.0
2.955 0.0
2.965 0.0
2.975 0.0
2.985 0.0
2.995 0.0
3.005 0.0
3.015 0.0
3.025 0.00445703500897533
3.035 0.00661595230570403
3.045 0.009722898258434209
3.055 0.014146733491228034
3.065 0.02037856776366765
3.075 0.02906351910650702
3.085 0.04103739600845631
3.0949999999999998 0.05736783318458834
3.105 0.07939883922098182
3.1149999999999998 0.10879699872172795
3.125 0.14759672871793228
3.135 0.19824105679692258
3.145 0.26361342974322005
3.155 0.34705516656400986
3.165 0.45236245440345174
3.175 0.583756386131517
3.185 0.7458196006410877
3.195 0.9433937527437752
3.205 1.1814334268745208
3.215 1.4648142897837582
3.225 1.798096256225799
3.235 2.1852461349572674
3.245 2.6293284457983583
3.255 3.132177563288546
3.265 3.694068664724723
3.275 4.313408685234801
3.285 4.986471122869192
3.295 5.707199624229394
3.305 6.467104425539111
3.315 7.255272673016256
3.325 8.058508338942955
3.335 8.861610054026164
3.3449999999999998 9.647786104244403
3.355 10.399195732890025
3.3649999999999998 11.09759557269118
3.375 11.725060447791183
3.385 12.268389405295478
3.395 12.70702363731446
3.405 13.031110368269644
3.415 13.231552394397307
3.425 13.302920525728876
3.435 13.243766584861289
3.445 13.056751364236694
3.455 12.748580387907236
3.465 12.329753394426108
3.475 11.814145810990055
3.485 11.21845100380866
3.495 10.561519848014306
3.505 9.863638548785092
3.515 9.145786418509141
3.525 8.428912614994154
3.535 7.733265175467534
3.545 7.077797834223002
3.555 6.479671071881028
3.565 5.953854664372948
3.575 5.512830678097395
3.585 5.166389224431643
3.5949999999999998 4.921504915135076
3.605 4.78228011096496
3.6149999999999998 4.749941660636257
3.625 4.822880510801493
3.635 4.996727705264498
3.645 5.2644650939307365
3.655 5.616573687360883
3.665 6.0412262144553965
3.675 6.524532407312552
3.685 7.050845414875978
3.695 7.603135384446325
3.705 8.163431800284334
3.715 8.713330073270443
3.725 9.23455081608237
3.735 9.709533055713745
3.745 10.122036230464795
3.755 10.457721043884716
3.765 10.704676801734085
3.775 10.853863196209597
3.785 10.899437779047073
3.795 10.838946410594318
3.805 10.673362303984064
3.815 10.406969163005831
3.825 10.047094426252789
3.835 9.600736056992018
3.8449999999999998 9.086954087364438
3.855 8.515089016473521
3.8649999999999998 7.899818370541113
3.875 7.256080217882316
3.885 6.598482960472526
3.895 5.940776021181035
3.905 5.2954066138143085
3.915 4.6731799346171075
3.925 4.083031667056216
3.935 3.53191341548074
3.945 3.0247842545756938
3.955 2.5646955256789896
3.965 2.152951665166601
3.975 1.7893273518465296
3.985 1.47232055970692
3.995 1.199421992862594
4.005 0.9673835415037564
4.015 0.7724714476516343
4.025 0.6106934086838919
4.035 0.4779925024512781
4.045 0.3704042760511978
4.055 0.2841763644829783
4.065 0.21585244454068836
4.075 0.16232411512428163
4.085 0.12085543111748043
4.095 0.08908536319887214
4.1049999999999995 0.06501350692275493
4.115 0.046974037107888646
4.125 0.03360231781301121
4.135 0.023797845398868155
4.145 0.01668641719926966
4.155 0.011583654934885708
4.165 0.007961321845961085
4.175 0.0054172865151136985
4.185 0.0036495177921241594
4.195 0.0
4.205 0.0
4.215 0.0
4.225 0.0
4.235 0.0
4.245 0.0
4.255 0.0
4.265 0.0
4.275 0.0
4.285 0.0
4.295 0.0
4.305 0.0
4.315 0.0
4.325 0.0
4.335 0.0
4.345 0.0
4.355 0.0
4.365 0.0
4.375 0.0
4.385 0.0
4.395 0.0
4.405 0.0
4.415 0.0
4.425 0.0
4.435 0.0
4.445 0.0
4.455 0.0
4.465 0.0
4.475 0.0
4.485 0.0
4.495 0.0
4.505 0.0
4.515 0.0
4.525 0.0
4.535 0.0
4.545 0.0
4.555 0.0
4.565 0.0
4.575 0.0
4.585 0.0
4.595 0.0
4.605 0.0
4.615 0.0
4.625 0.0
4.635 0.0
4.645 0.0
4.655 0.0
4.665 0.0
4.675 0.0
4.685 0.0
4.695 0.0
4.705 0.002006207611777566
4.715 0.0029779828626278195
4.725 0.004376486263924143
4.735 0.006367749940204114
4.745 0.00917283298925536
4.755 0.013082116954230961
4.765 0.018471817267287492
4.775 0.02582249934639089
4.785 0.03573913045122292
4.795 0.04897187626629496
4.805 0.06643647178698281
4.815 0.08923257643521378
4.825 0.11865809181499432
4.835 0.15621701769569868
4.845 0.20361809980829124
4.855 0.26276134311766536
4.865 0.33570949225347146
4.875 0.42464188049828283
4.885 0.5317886731944307
4.895 0.6593445131319118
4.905 0.8093619163153648
4.915 0.983626428944445
4.925 1.1835174575029104
4.935 1.4098606935450193
4.945 1.6627800003086646
4.955 1.9415583049267946
4.965 2.24451822847788
4.975 2.5689336756399817
4.985 2.9109832205827217
4.995 3.2675510756068054
5.005 3.629974888084188
5.015 3.9927204913217644
5.025 4.348378234842219
5.035 4.6891155416132815
5.045 5.006980681007476
5.055 5.294242001381246
5.065 5.543745032226055
5.075 5.749267230233649
5.085 5.905848903594686
5.095 6.010079187002591
5.105 6.06031789271808
5.115 6.056837512490797
5.125 6.001874328070122
5.135 5.89958312406482
5.145 5.755895930109227
5.155 5.578291068724792
5.165 5.375484097242352
5.175 5.1570566270966145
5.185 4.933042211432293
5.195 4.713490370376052
5.205 4.508030360258384
5.215 4.325455590264781
5.225 4.173347834442751
5.235 4.059404382075905
5.245 3.987040464765376
5.255 3.95728811019558
5.265 3.971763766724246
5.275 4.029040392878144
5.285 4.125855958996032
5.295 4.257314450513972
5.305 4.417165651210588
5.315 4.598152113509865
5.325 4.792408362734513
5.335 4.991894326412412
5.345 5.188842407484433
5.355 5.37619574950976
5.365 5.548014306128827
5.375 5.6998255437265275
5.385 5.828898143000167
5.395 5.934420007702785
5.405 6.017566216718385
5.415 6.081448128943821
5.425 6.130941409909038
5.435 6.172397929210545
5.445 6.213253831844389
5.455 6.261553119529904
5.465 6.325412285294361
5.475 6.412456450319974
5.485 6.529260646805939
5.495 6.680831063056456
5.505 6.8701600297885825
5.515 7.096547140651213
5.525 7.3611946147066005
5.535 7.659086476425543
5.545 7.980921086844932
5.555 8.318421037337215
5.565 8.660438709890808
5.575 8.994472443482033
5.585 9.307288246008802
5.595 9.5856013889797
5.605 9.816777632850718
5.615 9.989511956595901
5.625 10.09444370609953
5.635 10.12467100282431
5.645 10.076133795790078
5.655 9.947843599338192
5.665 9.741948054716943
5.675 9.46362918098696
5.685 9.120844690982452
5.695 8.723931230734983
5.705 8.285096163893138
5.715 7.817830058013556
5.725 7.336275055587411
5.735 6.854584789751145
5.745 6.386309621829042
5.755 5.9438371134195656
5.765 5.5379123084604736
5.775 5.177256160946703
5.785 4.868293864503302
5.795 4.614998416260399
5.805 4.41765075871491
5.815 4.278106444580617
5.825 4.19141965721977
5.835 4.1524167841024235
5.845 4.154227948085471
5.855 4.188667464795456
5.865 4.246649024424425
5.875 4.3186172519996795
5.885 4.394977348637779
5.895 4.466505089949406
5.905 4.524720597578606
5.915 4.562211055882982
5.925 4.572889949573958
5.935 4.552183436383146
5.945 4.497138063482401
5.955 4.406448036072929
5.965 4.280404431009157
5.975 4.120772845830123
5.985 3.9306096888202107
5.995 3.715308821264381
6.005 3.477842465340874
6.015 3.2245653134403924
6.025 2.9612397957685905
6.035 2.693631184876572
6.045 2.426181612996474
6.055 2.165493876866711
6.065 1.9183599402455196
6.075 1.6852629411869422
6.085 1.470419318427796
6.095 1.2765330815952967
6.105 1.1056838527914343
6.115 0.9594103155512166
6.125 0.8388138335469453
6.135 0.744672054575862
6.1450000000000005 0.6775524022874324
6.155 0.6379160544024434
6.165 0.626204201091656
6.175 0.6428999528886398
6.185 0.6885611109330478
6.195 0.7638210221398647
6.205 0.8693568304737843
6.215 1.0058265268064952
6.225 1.1737782243063992
6.235 1.373536975004276
6.245 1.605076122737084
6.255 1.867881577871495
6.265 2.160818414086662
6.275 2.4820097404059824
6.285 2.8287378138324213
6.295 3.198543219743084
6.305 3.5850965859794206
6.315 3.9837689644013423
6.325 4.3883299980850925
6.335 4.791852649443521
6.345 5.185900274737544
6.355 5.5650450404658
6.365 5.920067907729768
6.375 6.243465563361944
6.385 6.528265285466176
6.3950000000000005 6.7683196122923945
6.405 6.958580764880486
6.415 7.095339361474017
6.425 7.176413222430638
6.435 7.201274261164858
6.445 7.171104470277642
6.455 7.088775665026221
6.465 6.959861112246571
6.475 6.788563017612505
6.485 6.582753025525693
6.495 6.351570168332712
6.505 6.1019625772883295
6.515 5.843565497657153
6.525 5.585160879040488
6.535 5.335067203343774
6.545 5.100827397341618
6.555 4.888944694591478
6.565 4.7046800495406265
6.575 4.551921087530062
6.585 4.433128268903628
6.595 4.349359190082645
6.605 4.300367017490935
6.615 4.2847642603976865
6.625 4.3002387603515215
6.635 4.3438052284204
6.6450000000000005 4.412073190694516
6.655 4.501511048921399
6.665 4.608686289842583
6.675 4.730463744822661
6.685 4.8641471515109185
6.695 5.007553912899929
6.705 5.1601183330708285
6.715 5.3189591519768635
6.725 5.48398610757419
6.735 5.655655684959335
6.745 5.831605365335667
6.755 6.011727682544486
6.765 6.194774094066636
6.775 6.378948569849726
6.785 6.561818924854856
6.795 6.740299930311528
6.805 6.909863166500826
6.815 7.0683797185301325
6.825 7.210254932646538
6.835 7.3311990839753705
6.845 7.427260719114425
6.855 7.495148904696575
6.865 7.532538340443983
6.875 7.537495492827254
6.885 7.512290170551779
6.8950000000000005 7.457547698406842
6.905 7.377814667064204
6.915 7.276098794506803
6.925 7.159205365607078
6.935 7.034056003929306
6.945 6.908086588393784
6.955 6.788817488851562
6.965 6.683403743494319
6.975 6.598196763719969
6.985 6.538348694865993
6.995 6.507487733905141
