0.005 0.0
0.015 0.0
0.025 0.0
0.034999999999999996 0.0
0.045 0.0
0.055 0.0
0.065 0.0
0.07500000000000001 0.0
0.085 0.0
0.095 0.0
0.10500000000000001 0.0
0.115 0.0
0.125 0.0
0.135 0.0
0.14500000000000002 0.0
0.155 0.0
0.165 0.0
0.17500000000000002 0.0
0.185 0.0
0.195 0.0
0.20500000000000002 0.0
0.215 0.0
0.225 0.0
0.23500000000000001 0.0
0.245 0.0
0.255 0.0
0.265 0.0
0.275 0.0
0.28500000000000003 0.0
0.295 0.0
0.305 0.0
0.315 0.0
0.325 0.0
0.335 0.0
0.34500000000000003 0.0
0.35500000000000004 0.0
0.365 0.0
0.375 0.0
0.385 0.0
0.395 0.0
0.405 0.0
0.41500000000000004 0.0
0.425 0.0
0.435 0.0
0.445 0.0
0.455 0.0
0.465 0.0
0.47500000000000003 0.0
0.485 0.0
0.495 0.0
0.505 0.0
0.515 0.0
0.525 0.0
0.535 0.0
0.545 0.0
0.555 0.0
0.5650000000000001 0.0
0.5750000000000001 0.0
0.585 0.0
0.595 0.0
0.605 0.0
0.615 0.0
0.625 0.0
0.635 0.0
0.645 0.0
0.655 0.0
0.665 0.0
0.675 0.0
0.685 0.0
0.6950000000000001 0.0
0.7050000000000001 0.0
0.715 0.0
0.725 0.0
0.735 0.0
0.745 0.0
0.755 0.0
0.765 0.0
0.775 0.0
0.785 0.0
0.795 0.0
0.805 0.0
0.8150000000000001 0.0
0.8250000000000001 0.0
0.8350000000000001 0.0
0.845 0.0
0.855 0.0
0.865 0.0
0.875 0.0
0.885 0.0
0.895 0.0
0.905 0.0
0.915 0.0
0.925 0.0
0.935 0.0
0.9450000000000001 0.0
0.9550000000000001 0.0
0.965 0.0
0.975 0.0
0.985 0.0
0.995 0.0
1.005 0.0
1.015 0.0
1.025 0.0
1.035 0.0
1.045 0.0
1.055 0.0
1.065 0.0
1.075 0.0
1.085 0.0
1.095 0.0
1.105 0.0
1.115 0.0
1.125 0.0
1.135 0.0
1.145 0.0
1.155 0.0
1.1649999999999998 0.0
1.1749999999999998 0.0
1.1849999999999998 0.0
1.1949999999999998 0.0
1.2049999999999998 0.0
1.2149999999999999 0.0
1.2249999999999999 0.0
1.2349999999999999 0.0
1.2449999999999999 0.0
1.255 0.0
1.265 0.0
1.275 0.0
1.285 0.0
1.295 0.0
1.305 0.0
1.315 0.0
1.325 0.0
1.335 0.0
1.345 0.0
1.355 0.0
1.365 0.0
1.375 0.0
1.385 0.0
1.395 0.0
1.405 0.0
1.4149999999999998 0.0
1.4249999999999998 0.0
1.4349999999999998 0.0
1.4449999999999998 0.0
1.4549999999999998 0.0
1.4649999999999999 0.0
1.4749999999999999 0.0
1.4849999999999999 0.0
1.4949999999999999 0.0
1.505 0.0
1.515 0.0
1.525 0.0
1.535 0.0
1.545 0.013820613998675083
1.555 0.02051510092845356
1.565 0.03014928613026589
1.575 0.04386695247640448
1.585 0.0631909595370766
1.595 0.09012172401726248
1.605 0.12725096585544535
1.615 0.17788926422789225
1.625 0.24620419328237036
1.635 0.3373635882418242
1.645 0.45767587891275513
1.655 0.61471653670263
1.665 0.8174267085654978
1.6749999999999998 1.0761673362825535
1.6849999999999998 1.4027098412315766
1.6949999999999998 1.8101432153300545
1.7049999999999998 2.3126775518589002
1.7149999999999999 2.9253261145980396
1.7249999999999999 3.6634523455804104
1.7349999999999999 4.5421749746360955
1.7449999999999999 5.575633630814294
1.755 6.776128808170238
1.765 8.153163134670933
1.775 9.712424737600102
1.785 11.454766901527847
1.795 13.375249765172477
1.805 15.462317990757446
1.815 17.697191711759004
1.825 20.05354541180678
1.835 22.49753992664864
1.845 24.98825630342976
1.855 27.478557318227192
1.865 29.916374320604127
1.875 32.24638573211117
1.885 34.412021537796115
1.895 36.35769838776945
1.905 38.03116543576509
1.915 39.385824473897344
1.9249999999999998 40.38288136740805
1.9349999999999998 40.9931904628826
1.9449999999999998 41.1986696851712
1.9549999999999998 40.9931904628826
1.9649999999999999 40.38288136740805
1.9749999999999999 39.385824473897344
1.9849999999999999 38.03116543576509
1.9949999999999999 36.35769838776945
2.005 34.412021537796115
2.015 32.24638573211117
2.025 29.916374320604127
2.035 27.478557318227192
2.045 24.98825630342976
2.0549999999999997 22.49753992664864
2.065 20.05354541180678
2.0749999999999997 17.697191711759004
2.085 15.462317990757446
2.0949999999999998 13.375249765172477
2.105 11.454766901527847
2.1149999999999998 9.712424737600102
2.125 8.153163134670933
2.135 6.776128808170238
2.145 5.575633630814294
2.155 4.5421749746360955
2.165 3.6634523455804104
2.175 2.9253261145980396
2.185 2.3126775518589002
2.195 1.8101432153300545
2.205 1.4027098412315766
2.215 1.0761673362825535
2.225 0.8174267085654978
2.235 0.61471653670263
2.245 0.45767587891275513
2.255 0.3373635882418242
2.265 0.24620419328237036
2.275 0.17788926422789225
2.285 0.12725096585544535
2.295 0.09012172401726248
2.305 0.0631909595370766
2.315 0.04386695247640448
2.3249999999999997 0.03014928613026589
2.335 0.02051510092845356
2.3449999999999998 0.013820613998675083
2.355 0.0
2.3649999999999998 0.0
2.375 0.0
2.385 0.0
2.395 0.0
2.405 0.0
2.415 0.0
2.425 0.0
2.435 0.0
2.445 0.0
2.455 0.0
2.465 0.0
2.475 0.0
2.485 0.0
2.495 0.0
2.505 0.0
2.515 0.0
2.525 0.0
2.535 0.0
2.545 0.0
2.555 0.0
2.565 0.0
2.5749999999999997 0.0
2.585 0.0
2.5949999999999998 0.0
2.605 0.0
2.6149999999999998 0.0
2.625 0.0
2.635 0.0
2.645 0.0
2.655 0.0
2.665 0.0
2.675 0.0
2.685 0.0
2.695 0.0
2.705 0.0
2.715 0.0
2.725 0.0
2.735 0.0
2.745 0.0
2.755 0.0
2.765 0.0
2.775 0.0
2.785 0.0
2.795 0.0
2.805 0.0
2.815 0.0
2.8249999999999997 0.0
2.835 0.0
2.8449999999999998 0.0
2.855 0.0
2.8649999999999998 0.0
2.875 0.0
2.885 0.0
2.895 0.0
2.905 0.0
2.915 0.0
2.925 0.0
2.935 0.0
2.945 0.0
2.955 0.0
2.965 0.0
2.975 0.0
2.985 0.0
2.995 0.0
3.005 0.0
3.015 0.0
3.025 0.0
3.035 0.0
3.045 0.0
3.055 0.0
3.065 0.0
3.075 0.0
3.085 0.0
3.0949999999999998 0.0
3.105 0.0
3.1149999999999998 0.0
3.125 0.0
3.135 0.0
3.145 0.0
3.155 0.0
3.165 0.0
3.175 0.0
3.185 0.0
3.195 0.0
3.205 0.0
3.215 0.0
3.225 0.0
3.235 0.0
3.245 0.0
3.255 0.0
3.265 0.0
3.275 0.0
3.285 0.0
3.295 0.0
3.305 0.0
3.315 0.0
3.325 0.0
3.335 0.0
3.3449999999999998 0.003727894415755812
3.355 0.005533627536170282
3.3649999999999998 0.008132298276676926
3.375 0.011832424173679319
3.385 0.017044772772548473
3.395 0.024308925184832353
3.405 0.03432395731893856
3.415 0.04798284611679648
3.425 0.06640972950702484
3.435 0.09099855019513642
3.445 0.12345090843203893
3.455 0.16581016911883742
3.465 0.22048806677062982
3.475 0.2902793033457945
3.485 0.37835903560827405
3.495 0.4882578143629568
3.505 0.6238085899689486
3.515 0.7890609554626241
3.525 0.9881589589859012
3.535 1.2251806413922681
3.545 1.5039399464166718
3.555 1.8277547399009582
3.565 2.202513890398209
3.575 2.624711223044232
3.585 3.0969990586557055
3.5949999999999998 3.618320177801599
3.605 4.185924157779723
3.6149999999999998 4.795226787853659
3.625 5.43975082282202
3.635 6.111165309116532
3.645 6.799435851446419
3.655 7.49309146809859
3.665 8.17960546587099
3.675 8.845878615995675
3.685 9.478803568858293
3.695 10.065880760515299
3.705 10.595848924403802
3.715 11.059288554494849
3.725 11.449154944369566
3.735 11.761199183111028
3.745 11.994240851087163
3.755 12.150264913693183
3.765 12.234326905765128
3.775 12.254264077867727
3.785 12.220224651341491
3.795 12.144041483132293
3.805 12.038489038487407
3.815 11.91647247659661
3.825 11.79020395139128
3.835 11.673338447871116
3.8449999999999998 11.570045089148081
3.855 11.488348949122393
3.8649999999999998 11.431359398350335
3.875 11.399092168131663
3.885 11.388567397964067
3.895 11.394120501579412
3.905 11.407902784973201
3.915 11.420535037593055
3.925 11.421866517462478
3.935 11.40178466108894
3.945 11.351017946145964
3.955 11.261875741197255
3.965 11.128874459955808
3.975 10.94920834379728
3.985 10.723034910757365
3.995 10.453558539321428
4.005 10.146909725829508
4.015 9.811831205802502
4.025 9.459194408266796
4.035 9.10403799686789
4.045 8.755508180078778
4.055 8.428746135529716
4.065 8.136440414640072
4.075 7.889891682245613
4.085 7.698391517418564
4.095 7.5687233295514895
4.1049999999999995 7.50481247311655
4.115 7.507543421979086
4.125 7.57475196728608
4.135 7.701390311815617
4.145 7.879853101525361
4.155 8.097956874688947
4.165 8.350306846729394
4.175 8.621220343201957
4.185 8.898530854128149
4.195 9.17054785542511
4.205 9.426691992441826
4.215 9.658038468960363
4.225 9.85773481650193
4.235 10.02126713479917
4.245 10.14655889334383
4.255 10.23389785881345
4.265 10.28569887426256
4.275 10.30612214597593
4.285 10.300577424960455
4.295 10.275153075169435
4.305 10.236014709052323
4.315 10.18882027662927
4.325 10.138196944301908
4.335 10.087319855902038
4.345 10.037624334150257
4.355 9.988671970320711
4.365 9.938178325681923
4.375 9.879978594898313
4.385 9.813975524570502
4.395 9.730755083799556
4.405 9.62379225967651
4.415 9.486667630692146
4.425 9.313595558547746
4.435 9.102135018053378
4.445 8.845713202729351
4.455 8.546761371372767
4.465 8.202598104806324
4.475 7.817502057141818
4.485 7.396201320361343
4.495 6.9451553536405175
4.505 6.472273188413774
4.515 5.986574860918513
4.525 5.497825328101454
4.535 5.016169061602357
4.545 4.551789939528234
4.555 4.114615485673452
4.565 3.716198557141887
4.575 3.36208287989985
4.585 3.0617783878391474
4.595 2.822563105939704
4.605 2.650876785432348
4.615 2.5523214142833544
4.625 2.5316655468922287
4.635 2.592835873932417
4.645 2.7369381519751412
4.655 2.97267110580033
4.665 3.295161747112429
4.675 3.705818217529948
4.685 4.203340609068118
4.695 4.784923849031818
4.705 5.446105612208148
4.715 6.180646105413442
4.725 6.980462017393679
4.735 7.837617554070029
4.745 8.737451590269298
4.755 9.668212022701287
4.765 10.615623319307602
4.775 11.564610154595353
4.785 12.499776518161756
4.795 13.405938412417715
4.805 14.268679425866772
4.815 15.074894520772228
4.825 15.813286287586791
4.835 16.47477990052029
4.845 17.052955568000616
4.855 17.545234289072646
4.865 17.94931265215653
4.875 18.266909944250475
4.885 18.50214494974871
4.895 18.661186532902462
4.905 18.751814133621764
4.915 18.78292010304703
4.925 18.76398826921929
4.935 18.70458272170296
4.945 18.613877749400345
4.955 18.50025461205305
4.965 18.3728004699434
4.975 18.23470170849458
4.985 18.09176909736386
4.995 17.947165068220112
5.005 17.802688442247035
5.015 17.658921135367855
5.025 17.51543045923559
5.035 17.371007501344813
5.045 17.223921994827716
5.055 17.072175326233108
5.065 16.913735606838237
5.075 16.74674175191916
5.085 16.569666976567223
5.095 16.381435751285593
5.105 16.181491824446205
5.115 15.969818209771049
5.125 15.746912894784051
5.135 15.513726332203731
5.145 15.271568454836762
5.155 15.021993973855373
5.165 14.768363344256597
5.175 14.509776567892615
5.185 14.248982090137442
5.195 13.987383836293514
5.205 13.72608007741247
5.215 13.465800020760266
5.225 13.20686717881434
5.235 12.949191142993984
5.245 12.690796384680255
5.255 12.43434418440814
5.265 12.175091590825062
5.275 11.91527875980249
5.285 11.651465265698487
5.295 11.382468447659882
5.305 11.107289342634505
5.315 10.825253161563758
5.325 10.536137612230878
5.335 10.240279771919724
5.345 9.938652059426865
5.355 9.632898488462114
5.365 9.325323943929536
5.375 9.017417135216881
5.385 8.715874133484823
5.395 8.42234651009202
5.405 8.140695964777873
5.415 7.8746388956417555
5.425 7.6274950241691
5.435 7.401937757621275
5.445 7.199766300546143
5.455 7.021719213961473
5.465 6.865982304214965
5.475 6.734056278712487
5.485 6.621052988159915
5.495 6.523005036893844
5.505 6.43501330629976
5.515 6.351506952460622
5.525 6.26655315605772
5.535 6.174195631438627
5.545 6.067475833883778
5.555 5.944497016340181
5.565 5.799278196657319
5.575 5.628954292274238
5.585 5.431946606422727
5.595 5.208032447108672
5.605 4.958329753335044
5.615 4.685201760899909
5.625 4.392092346231596
5.635 4.083307114652274
5.645 3.763758229051197
5.655 3.437424636900157
5.665 3.112582848414071
5.675 2.7925175984541273
5.685 2.4819912561170328
5.695 2.1851731298902473
5.705 1.9055176101851017
5.715 1.6456927271524986
5.725 1.407557411769012
5.735 1.1921825668124841
5.745 0.9999087004566691
5.755 0.8304314278569562
5.765 0.6829055887915944
5.775 0.554847423891062
5.785 0.44750744034377704
5.795 0.35734194913000034
5.805 0.28250412833169275
5.815 0.22111726331727904
5.825 0.17134741532856407
5.835 0.1314587565530585
5.845 0.09985240683152088
5.855 0.0750904332654018
5.865 0.055907199482592526
5.875 0.04121050353539449
5.885 0.03007496698315651
5.895 0.021729986305212765
5.905 0.015544286820038234
5.915 0.011008780306092345
5.925 0.007719064392749488
5.935 0.005358548649358157
5.945 0.0036828730365837063
5.955 0.002506013300804103
5.965 0.0016882511388438932
5.975 0.0
5.985 0.0
5.995 0.0
6.005 0.0
6.015 0.0
6.025 0.0
6.035 0.0
6.045 0.0
6.055 0.0
6.065 0.0
6.075 0.0
6.085 0.0
6.095 0.0
6.105 0.0
6.115 0.0
6.125 0.0
6.135 0.0
6.1450000000000005 0.0
6.155 0.0
6.165 0.0
6.175 0.0
6.185 0.0
6.195 0.0
6.205 0.0
6.215 0.0011948344222639223
6.225 0.0017735933271766891
6.235 0.002606498154031313
6.245 0.00379243243633375
6.255 0.005463052049498228
6.265 0.007791299146327167
6.275 0.011001235855729194
6.285 0.016549014615527803
6.295 0.023021751288549365
6.305 0.031718313388778396
6.315 0.04328090751680612
6.325 0.05849336950507794
6.335 0.07829802819139509
6.345 0.10495923393857483
6.355 0.1380331319894408
6.365 0.17984109953300587
6.375 0.23214421889257067
6.385 0.29690108380167574
6.3950000000000005 0.3762475297414446
6.405 0.47246301169106947
6.415 0.5879223019129493
6.425 0.7250318351617139
6.435 0.8861508714641908
6.445 1.0734986425391644
6.455 1.2890497410234596
6.465 1.535530522563354
6.475 1.8124019464314882
6.485 2.1210242031856876
6.495 2.4613428300476827
6.505 2.832540592834956
6.515 3.232970402594961
6.525 3.6601148854407666
6.535 4.111664396773834
6.545 4.581720672635617
6.555 5.066032720471999
6.565 5.5589532033444575
6.575 6.055375862267395
6.585 6.547125485055172
6.595 7.028265432241548
6.605 7.492201650042978
6.615 7.932623108846428
6.625 8.344799557860192
6.635 8.722015844527288
6.6450000000000005 9.060878815876414
6.655 9.358373888117775
6.665 9.613798641986513
6.675 9.825026003899351
6.685 9.993713296027638
6.695 10.12214216286291
6.705 10.213876184885173
6.715 10.27364047535944
6.725 10.307151781567857
6.735 10.322014278656921
6.745 10.323570033608156
6.755 10.319904034282763
6.765 10.318348846866026
6.775 10.325939143830514
6.785 10.349137688474073
6.795 10.393584802667808
6.805 10.463882228843522
6.815 10.56342048274607
6.825 10.694256454513607
6.835 10.857045313938533
6.845 11.05102790456103
6.855 11.275221197431865
6.865 11.524468893497431
6.875 11.79504516576007
6.885 12.081502997829794
6.8950000000000005 12.377642494235856
6.905 12.67673028655134
6.915 12.972897080098335
6.925 13.257251571178276
6.935 13.52366735929462
6.945 13.765605773878086
6.955 13.977086113196968
6.965 14.152852322367998
6.975 14.288513585935341
6.985 14.381851760463114
6.995 14.428704208455686
