0.005 0.0
0.015 0.0
0.025 0.0
0.034999999999999996 0.0
0.045 0.0
0.055 0.0
0.065 0.0
0.07500000000000001 0.0
0.085 0.0
0.095 0.0
0.10500000000000001 0.0
0.115 0.0
0.125 0.0
0.135 0.0
0.14500000000000002 0.0
0.155 0.0
0.165 0.0
0.17500000000000002 0.0
0.185 0.0
0.195 0.0
0.20500000000000002 0.0
0.215 0.0
0.225 0.0
0.23500000000000001 0.0
0.245 0.0
0.255 0.0
0.265 0.0
0.275 0.0
0.28500000000000003 0.0
0.295 0.0
0.305 0.0
0.315 0.0
0.325 0.0
0.335 0.0
0.34500000000000003 0.0
0.35500000000000004 0.0
0.365 0.0
0.375 0.0
0.385 0.0
0.395 0.0
0.405 0.0
0.41500000000000004 0.0
0.425 0.0
0.435 0.0
0.445 0.0
0.455 0.0
0.465 0.0
0.47500000000000003 0.0
0.485 0.0
0.495 0.0
0.505 0.0
0.515 0.0
0.525 0.0
0.535 0.0
0.545 0.0
0.555 0.0
0.5650000000000001 0.0
0.5750000000000001 0.0
0.585 0.0
0.595 0.0
0.605 0.0
0.615 0.0
0.625 0.0
0.635 0.0
0.645 0.0
0.655 0.0
0.665 0.0
0.675 0.0
0.685 0.0
0.6950000000000001 0.0
0.7050000000000001 0.0
0.715 0.0
0.725 0.0
0.735 0.0
0.745 0.0
0.755 0.0
0.765 0.0
0.775 0.0
0.785 0.0
0.795 0.0
0.805 0.0
0.8150000000000001 0.0
0.8250000000000001 0.0
0.8350000000000001 0.0
0.845 0.0
0.855 0.0
0.865 0.0
0.875 0.0
0.885 0.0
0.895 0.0
0.905 0.0
0.915 0.0
0.925 0.0
0.935 0.0
0.9450000000000001 0.0
0.9550000000000001 0.0
0.965 0.0
0.975 0.0
0.985 0.0
0.995 0.0
1.005 0.0
1.015 0.0
1.025 0.0
1.035 0.0
1.045 0.0
1.055 0.0
1.065 0.0
1.075 0.0
1.085 0.0
1.095 0.0
1.105 0.0
1.115 0.0
1.125 0.0
1.135 0.0
1.145 0.0
1.155 0.0
1.1649999999999998 0.0
1.1749999999999998 0.0
1.1849999999999998 0.0
1.1949999999999998 0.0
1.2049999999999998 0.0
1.2149999999999999 0.0
1.2249999999999999 0.0
1.2349999999999999 0.0
1.2449999999999999 0.0
1.255 0.0
1.265 0.0
1.275 0.0
1.285 0.0
1.295 0.0
1.305 0.0
1.315 0.0
1.325 0.0
1.335 0.0
1.345 0.0
1.355 0.0
1.365 0.0
1.375 0.0
1.385 0.0
1.395 0.0
1.405 0.0
1.4149999999999998 0.0
1.4249999999999998 0.0
1.4349999999999998 0.0
1.4449999999999998 0.0
1.4549999999999998 0.0
1.4649999999999999 0.0
1.4749999999999999 0.0
1.4849999999999999 0.0
1.4949999999999999 0.0
1.505 0.0
1.515 0.0
1.525 0.0
1.535 0.0
1.545 0.0
1.555 0.0
1.565 0.0
1.575 0.0
1.585 0.0
1.595 0.0
1.605 0.0
1.615 0.0
1.625 0.0
1.635 0.0
1.645 0.0
1.655 0.0
1.665 0.0
1.6749999999999998 0.0
1.6849999999999998 0.0
1.6949999999999998 0.0
1.7049999999999998 0.0
1.7149999999999999 0.0
1.7249999999999999 0.0
1.7349999999999999 0.0
1.7449999999999999 0.0
1.755 0.0
1.765 0.0
1.775 0.0
1.785 0.0
1.795 0.0
1.805 0.0
1.815 0.0
1.825 0.0
1.835 0.0
1.845 0.010373709851943202
1.855 0.015398570905425017
1.865 0.02262996033233955
1.875 0.0329263979967045
1.885 0.04743093755214912
1.895 0.06764508555130809
1.905 0.0955141789135034
1.915 0.13352312806455058
1.9249999999999998 0.1848001011885506
1.9349999999999998 0.25322405931940667
1.9449999999999998 0.34353009023543823
1.9549999999999998 0.4614043191970922
1.9649999999999999 0.6135579432795333
1.9749999999999999 0.8077678531361937
1.9849999999999999 1.0528696410157072
1.9949999999999999 1.3586878635129873
2.005 1.7358885724170046
2.015 2.1957406767934904
2.025 2.7497759284149867
2.035 3.4093423988362184
2.045 4.185053249613146
2.0549999999999997 5.086141193299405
2.065 6.119738872870925
2.0749999999999997 7.290115778963066
2.085 8.59791238431837
2.0949999999999998 10.039420844433693
2.105 11.605967758738945
2.1149999999999998 13.283457017872104
2.125 15.052128771181454
2.135 16.88658344730081
2.145 18.756107407574035
2.155 20.62531959843508
2.165 22.455137452925236
2.175 24.204036766444005
2.185 25.829556261837517
2.195 27.28997524967707
2.205 28.546074407381557
2.215 29.56287726514487
2.225 30.311265066160907
2.235 30.769361173689983
2.245 30.923593238403548
2.255 30.769361173689983
2.265 30.311265066160907
2.275 29.56287726514487
2.285 28.546074407381557
2.295 27.28997524967707
2.305 25.829556261837517
2.315 24.204036766444005
2.3249999999999997 22.455137452925236
2.335 20.62531959843508
2.3449999999999998 18.756107407574035
2.355 16.88658344730081
2.3649999999999998 15.052128771181454
2.375 13.283457017872104
2.385 11.605967758738945
2.395 10.039420844433693
2.405 8.59791238431837
2.415 7.290115778963066
2.425 6.119738872870925
2.435 5.086141193299405
2.445 4.185053249613146
2.455 3.4093423988362184
2.465 2.7497759284149867
2.475 2.1957406767934904
2.485 1.7358885724170046
2.495 1.3586878635129873
2.505 1.0528696410157072
2.515 0.8077678531361937
2.525 0.6135579432795333
2.535 0.4614043191970922
2.545 0.34353009023543823
2.555 0.25322405931940667
2.565 0.1848001011885506
2.5749999999999997 0.13352312806455058
2.585 0.0955141789135034
2.5949999999999998 0.06764508555130809
2.605 0.04743093755214912
2.6149999999999998 0.0329263979967045
2.625 0.02262996033233955
2.635 0.015398570905425017
2.645 0.010373709851943202
2.655 0.0
2.665 0.0
2.675 0.0
2.685 0.0
2.695 0.0
2.705 0.0
2.715 0.0
2.725 0.0
2.735 0.0
2.745 0.0
2.755 0.0
2.765 0.0
2.775 0.0
2.785 0.0
2.795 0.0
2.805 0.0
2.815 0.0
2.8249999999999997 0.0
2.835 0.0
2.8449999999999998 0.0
2.855 0.0
2.8649999999999998 0.0
2.875 0.0
2.885 0.0
2.895 0.0
2.905 0.0
2.915 0.0
2.925 0.0
2.935 0.0
2.945 0.0
2.955 0.0
2.965 0.0
2.975 0.0
2.985 0.0
2.995 0.0
3.005 0.0
3.015 0.0
3.025 0.0
3.035 0.0
3.045 0.0
3.055 0.0
3.065 0.0
3.075 0.0
3.085 0.0
3.0949999999999998 0.0
3.105 0.0
3.1149999999999998 0.0
3.125 0.0
3.135 0.0
3.145 0.0
3.155 0.0
3.165 0.0
3.175 0.0
3.185 0.0
3.195 0.0
3.205 0.0
3.215 0.0
3.225 0.0
3.235 0.0
3.245 0.0
3.255 0.0
3.265 0.0
3.275 0.0
3.285 0.0
3.295 0.0
3.305 0.0
3.315 0.0
3.325 0.0
3.335 0.0
3.3449999999999998 0.0
3.355 0.0
3.3649999999999998 0.0
3.375 0.0
3.385 0.0
3.395 0.0
3.405 0.0
3.415 0.0
3.425 0.0
3.435 0.0
3.445 0.0
3.455 0.0
3.465 0.0
3.475 0.0
3.485 0.0
3.495 0.0
3.505 0.0
3.515 0.0
3.525 0.0
3.535 0.0
3.545 0.0
3.555 0.0
3.565 0.0
3.575 0.0
3.585 0.0
3.5949999999999998 0.0
3.605 0.0
3.6149999999999998 0.0
3.625 0.0
3.635 0.0
3.645 0.0
3.655 0.0
3.665 0.0
3.675 0.0
3.685 0.0
3.695 0.0
3.705 0.0
3.715 0.0
3.725 0.0
3.735 0.0
3.745 0.0
3.755 0.0
3.765 0.0
3.775 0.0
3.785 0.0
3.795 0.0
3.805 0.0
3.815 0.0
3.825 0.0
3.835 0.0
3.8449999999999998 0.0
3.855 0.0
3.8649999999999998 0.0
3.875 0.0
3.885 0.0
3.895 0.0
3.905 0.0
3.915 0.0
3.925 0.0
3.935 0.0
3.945 0.0
3.955 0.0
3.965 0.0
3.975 0.0
3.985 0.0
3.995 0.0
4.005 0.0
4.015 0.0
4.025 0.0
4.035 0.0
4.045 0.0
4.055 0.0
4.065 0.0
4.075 0.0
4.085 0.0
4.095 0.0
4.1049999999999995 0.0
4.115 0.0
4.125 0.0
4.135 0.0
4.145 0.0
4.155 0.005039884272801876
4.165 0.007481124538618049
4.175 0.010994367762437866
4.185 0.015996710703502216
4.195 0.023043485852705447
4.205 0.0328641737303375
4.215 0.046403882025443224
4.225 0.064869860714466
4.235 0.08978187522932378
4.245 0.12302445048816031
4.255 0.16689804551333948
4.265 0.22416516414218812
4.275 0.29808632330389917
4.285 0.3924397883880904
4.295 0.5115181763129453
4.305 0.6600945749107481
4.315 0.8433508976368913
4.325 1.0667619455396593
4.335 1.3359302171683438
4.345 1.6563689732726252
4.355 2.0332344315194715
4.365 2.471012142734816
4.375 2.973167375917979
4.385 3.5417743879175854
4.395 4.1771443411382485
4.405 4.877475844615297
4.415 5.6385550794017245
4.425 6.45353369896622
4.435 7.312811727798207
4.445 8.20404923138136
4.455 9.112324529175844
4.465 10.020448359291013
4.475 10.909433144730095
4.485 11.759105081840053
4.495 12.548835106767633
4.505 13.258353957165697
4.515 13.868607615726303
4.525 14.362603380454713
4.535 14.72619441607549
4.545 14.94875234382928
4.555 15.023683276774744
4.565 14.94875234382928
4.575 14.72619441607549
4.585 14.362603380454713
4.595 13.868607615726303
4.605 13.258353957165697
4.615 12.548835106767633
4.625 11.763246272498831
4.635 10.915580262675574
4.645 10.029482251859278
4.655 9.125468765303253
4.665 8.222983687649315
4.675 7.339815683026903
4.685 6.491663011540296
4.695 5.691857585309796
4.705 4.951248146299638
4.715 4.278231524411944
4.725 3.678911788230154
4.735 3.157360233039501
4.745 2.7159448099862202
4.755 2.355695801233089
4.765 2.0766751110492754
4.775 1.8783191569864242
4.785 1.7597296150978412
4.795 1.7198917793094326
4.805 1.7578066327001165
4.815 1.8725295306061907
4.825 2.063115339482529
4.835 2.3284766754087562
4.845 2.6671682764521156
4.855 3.0771162602247566
4.865 3.5553157868673546
4.875 4.097524178984639
4.885 4.6979785512927315
4.895 5.34916720429002
4.905 6.041682229333948
4.915 6.764176853637057
4.925 7.5034450681244715
4.935 8.2446332562998
4.945 8.97158430352088
4.955 9.667304627792323
4.965 10.311173017036074
4.975 10.894173077444663
4.985 11.395608549674602
4.995 11.80151680780851
5.005 12.100273628169253
5.015 12.284928923866541
5.025 12.34736214366579
5.035 12.287035581646004
5.045 12.10593316104192
5.055 11.809669444191165
5.065 11.407235681964938
5.075 10.91059047103326
5.085 10.334123554553667
5.095 9.694028990785599
5.105 9.007628434554146
5.115 8.292686338508418
5.125 7.566756543890302
5.135 6.846594382670449
5.145 6.147660716703828
5.155 5.483735147502099
5.165 4.866645885506604
5.175 4.306114401421844
5.185 3.809704819062814
5.195 3.382861692473199
5.205 3.0290157512362867
5.215 2.7497355547721796
5.225 2.544903678974718
5.235 2.4128987586371102
5.245 2.3507689485161913
5.255 2.3543875559496468
5.265 2.418587104070577
5.275 2.537273289337936
5.285 2.7035246563288697
5.295 2.909686902024596
5.305 3.1474722689590093
5.315 3.408074389715782
5.325 3.682307275507358
5.335 3.9607741307432955
5.345 4.234067689738105
5.355 4.4929992733735835
5.365 4.728849264244893
5.375 4.933627707706041
5.385 5.100330717997858
5.395 5.2231766566553866
5.405 5.297805869717673
5.415 5.321429174950965
5.425 5.2929131678081855
5.435 5.210032420527977
5.445 5.081396261729903
5.455 4.906623752477345
5.465 4.690719951670817
5.475 4.439696767465512
5.485 4.160295388053765
5.495 3.8596869474695996
5.505 3.5451698751947895
5.515 3.22388153259426
5.525 2.902539601707605
5.535 2.5872255323109785
5.545 2.2832185185522196
5.555 1.9948843495198558
5.565 1.7256194345123952
5.575 1.4778466742771057
5.585 1.2530568907268227
5.595 1.0518874043438649
5.605 0.8742281278802791
5.615 0.7193452026673226
5.625 0.5860126389263594
5.635 0.474079009693543
5.645 0.3795443635886881
5.655 0.30150367076190326
5.665 0.23809360689635686
5.675 0.18753540050435163
5.685 0.14820350516869019
5.695 0.11867843235036096
5.705 0.09778534813097273
5.715 0.08462040796150441
5.725 0.07856683936701012
5.735 0.07930253598748327
5.745 0.08680046614614906
5.755 0.10132260417711796
5.765 0.12340744648621901
5.775 0.1538505603878087
5.785 0.19367711204216984
5.795 0.2441050026704935
5.805 0.30649717037521546
5.815 0.38230183279621105
5.825 0.4717907045491223
5.835 0.5791349152506848
5.845 0.7038290251639564
5.855 0.846860061774372
5.865 1.0088188445888284
5.875 1.1897940033344403
5.885 1.389272440068597
5.895 1.6060539146021067
5.905 1.8381877829135356
5.915 2.082939642654812
5.925 2.3367946571600187
5.935 2.5955026199301554
5.945 2.854167439509195
5.955 3.107380802608531
5.965 3.349396517894901
5.975 3.5743387203125345
5.985 3.776434028617425
5.995 3.950255205041139
6.005 4.090962145128901
6.015 4.194525344893714
6.025 4.257917477463364
6.035 4.279260377636757
6.045 4.257917477463364
6.055 4.194525344893714
6.065 4.090962145128901
6.075 3.950255205041139
6.085 3.776434028617425
6.095 3.5743387203125345
6.105 3.349396517894901
6.115 3.107380802608531
6.125 2.854167439509195
6.135 2.5955026199301554
6.1450000000000005 2.3367946571600187
6.155 2.082939642654812
6.165 1.8381877829135356
6.175 1.6060539146021067
6.185 1.389272440068597
6.195 1.1897940033344403
6.205 1.0088188445888284
6.215 0.846860061774372
6.225 0.7038290251639564
6.235 0.5791349152506848
6.245 0.4717907045491223
6.255 0.3805187543093249
6.265 0.3038503968581105
6.275 0.24021526640414492
6.285 0.1880175791695036
6.295 0.145697924005152
6.305 0.11178031419588266
6.315 0.08490521058852069
6.325 0.06384992862855653
6.335 0.047538288721404205
6.345 0.03504158379512494
6.355 0.02557295799044904
6.365 0.018477161661639024
6.375 0.013217417464263748
6.385 0.009360844068472346
6.3950000000000005 0.007695945657941699
6.405 0.006237284674852621
6.415 0.0056018076978570095
6.425 0.005725051043774032
6.435 0.006612984364238243
6.445 0.007383982497661463
6.455 0.010426108853700407
6.465 0.01457507862731332
6.475 0.0201723554877807
6.485 0.02764135793106599
6.495 0.037498957286328495
6.505 0.05036583795451862
6.515 0.06697457882643819
6.525 0.08817408746134538
6.535 0.11492883685810865
6.545 0.1483112530969508
6.555 0.18948561794478863
6.565 0.2396820196871337
6.575 0.3001592379169432
6.585 0.3721560021155886
6.595 0.45683082067337444
6.605 0.5551915153314719
6.615 0.6680166690492652
6.625 0.7957723296389267
6.635 0.9385284096370828
6.6450000000000005 1.0958801692360718
6.655 1.266880839908915
6.665 1.4499917226656422
6.675 1.6430558774982753
6.685 1.8433007454117674
6.695 2.047373696005431
6.705 2.2514126145646296
6.715 2.4511513376565763
6.725 2.6420571782796873
6.735 2.819495160740204
6.745 2.9789111502030368
6.755 3.116024055305097
6.765 3.227015924767686
6.775 3.308708221837431
6.785 3.3587129429886207
6.795 3.375548561676091
6.805 3.3598453133797332
6.815 3.310389094544265
6.825 3.229486159370169
6.835 3.1196182254438023
6.845 2.984088602635514
6.855 2.8268791432378655
6.865 2.652483287133388
6.875 2.4657264162838897
6.885 2.2715849700524102
6.8950000000000005 2.075015053936497
6.905 1.8807997026980958
6.915 1.693421715452794
6.925 1.5169663014920804
6.935 1.3550549273702606
6.945 1.2108090060941805
6.955 1.0868396627340338
6.965 0.9852579475837153
6.975 0.9076986887363989
6.985 0.8553507532484151
6.995 0.828986822788963
