0.005 0.0
0.015 0.0
0.025 0.0
0.034999999999999996 0.0
0.045 0.0
0.055 0.0
0.065 0.0
0.07500000000000001 0.0
0.085 0.0
0.095 0.0
0.10500000000000001 0.0
0.115 0.0
0.125 0.0
0.135 0.0
0.14500000000000002 0.0
0.155 0.0
0.165 0.0
0.17500000000000002 0.0
0.185 0.0
0.195 0.0
0.20500000000000002 0.0
0.215 0.0
0.225 0.0
0.23500000000000001 0.0
0.245 0.0
0.255 0.0
0.265 0.0
0.275 0.0
0.28500000000000003 0.0
0.295 0.0
0.305 0.0
0.315 0.0
0.325 0.0
0.335 0.0
0.34500000000000003 0.0
0.35500000000000004 0.0
0.365 0.0
0.375 0.0
0.385 0.0
0.395 0.0
0.405 0.0
0.41500000000000004 0.0
0.425 0.0
0.435 0.0
0.445 0.0
0.455 0.0
0.465 0.0
0.47500000000000003 0.0
0.485 0.0
0.495 0.0
0.505 0.0
0.515 0.0
0.525 0.0
0.535 0.0
0.545 0.0
0.555 0.0
0.5650000000000001 0.0
0.5750000000000001 0.0
0.585 0.0
0.595 0.0
0.605 0.0
0.615 0.0
0.625 0.0
0.635 0.0
0.645 0.0
0.655 0.0
0.665 0.0
0.675 0.0
0.685 0.0
0.6950000000000001 0.0
0.7050000000000001 0.0
0.715 0.0
0.725 0.0
0.735 0.0
0.745 0.0
0.755 0.0
0.765 0.0
0.775 0.0
0.785 0.0
0.795 0.0
0.805 0.0
0.8150000000000001 0.0
0.8250000000000001 0.0
0.8350000000000001 0.0
0.845 0.0
0.855 0.0
0.865 0.0
0.875 0.0
0.885 0.0
0.895 0.0
0.905 0.0
0.915 0.0
0.925 0.0
0.935 0.0
0.9450000000000001 0.0
0.9550000000000001 0.0
0.965 0.0
0.975 0.0
0.985 0.0
0.995 0.0
1.005 0.0
1.015 0.0
1.025 0.0
1.035 0.0
1.045 0.0
1.055 0.0
1.065 0.0
1.075 0.0
1.085 0.0
1.095 0.0
1.105 0.0
1.115 0.0
1.125 0.0
1.135 0.0
1.145 0.0
1.155 0.0
1.1649999999999998 0.0
1.1749999999999998 0.0
1.1849999999999998 0.0
1.1949999999999998 0.0
1.2049999999999998 0.0
1.2149999999999999 0.0
1.2249999999999999 0.0
1.2349999999999999 0.0
1.2449999999999999 0.0
1.255 0.0
1.265 0.0
1.275 0.0
1.285 0.0
1.295 0.0
1.305 0.0
1.315 0.0
1.325 0.0
1.335 0.017368701244904916
1.345 0.025781825544765245
1.355 0.03788934005348416
1.365 0.055128664483368985
1.375 0.0794136134388512
1.385 0.1132581591730774
1.395 0.15991937907250045
1.405 0.223557758385149
1.4149999999999998 0.3094107887518066
1.4249999999999998 0.42397301419771155
1.4349999999999998 0.575172391660528
1.4449999999999998 0.7725292000278821
1.4549999999999998 1.0272799958121364
1.4649999999999999 1.3524456261645592
1.4749999999999999 1.7628195221988585
1.4849999999999999 2.2748509379231123
1.4949999999999999 2.9063980426546947
1.505 3.6763283695820363
1.515 4.603949529408184
1.525 5.708261597068038
1.535 7.007034187767757
1.545 8.515725631103301
1.555 10.246278110411547
1.565 12.205840033385778
1.575 14.3954837434672
1.585 16.809001197018883
1.595 19.43187052043637
1.605 22.240490599391347
1.615 25.201777518147598
1.625 28.273204777207436
1.635 31.403348534803914
1.645 34.53297029690845
1.655 37.5966341260331
1.665 40.52481605105935
1.6749999999999998 43.24642316039737
1.6849999999999998 45.69160250840277
1.6949999999999998 47.794689187664304
1.7049999999999998 49.49712209869742
1.7149999999999999 50.75014771023831
1.7249999999999999 51.51713797184042
1.7349999999999999 51.77536870054091
1.7449999999999999 51.51713797184042
1.755 50.75014771023831
1.765 49.49712209869742
1.775 47.794689187664304
1.785 45.69160250840277
1.795 43.24642316039737
1.805 40.52481605105935
1.815 37.5966341260331
1.825 34.53297029690845
1.835 31.403348534803914
1.845 28.273204777207436
1.855 25.201777518147598
1.865 22.240490599391347
1.875 19.43187052043637
1.885 16.809001197018883
1.895 14.3954837434672
1.905 12.205840033385778
1.915 10.246278110411547
1.9249999999999998 8.515725631103301
1.9349999999999998 7.007034187767757
1.9449999999999998 5.708261597068038
1.9549999999999998 4.603949529408184
1.9649999999999999 3.6763283695820363
1.9749999999999999 2.9063980426546947
1.9849999999999999 2.2748509379231123
1.9949999999999999 1.7628195221988585
2.005 1.3524456261645592
2.015 1.0272799958121364
2.025 0.7725292000278821
2.035 0.575172391660528
2.045 0.42397301419771155
2.0549999999999997 0.3094107887518066
2.065 0.223557758385149
2.0749999999999997 0.15991937907250045
2.085 0.1132581591730774
2.0949999999999998 0.0794136134388512
2.105 0.055128664483368985
2.1149999999999998 0.03788934005348416
2.125 0.025781825544765245
2.135 0.017368701244904916
2.145 0.0
2.155 0.0
2.165 0.0
2.175 0.0
2.185 0.0
2.195 0.0
2.205 0.0
2.215 0.0
2.225 0.0
2.235 0.0
2.245 0.0
2.255 0.0
2.265 0.0
2.275 0.0
2.285 0.0
2.295 0.0
2.305 0.0
2.315 0.0
2.3249999999999997 0.0
2.335 0.0
2.3449999999999998 0.0
2.355 0.0
2.3649999999999998 0.0
2.375 0.0
2.385 0.0
2.395 0.0
2.405 0.0
2.415 0.0
2.425 0.0
2.435 0.0
2.445 0.0
2.455 0.0
2.465 0.0
2.475 0.0
2.485 0.0
2.495 0.0
2.505 0.0
2.515 0.0
2.525 0.0
2.535 0.0
2.545 0.0
2.555 0.0
2.565 0.0
2.5749999999999997 0.0
2.585 0.0
2.5949999999999998 0.0
2.605 0.0
2.6149999999999998 0.0
2.625 0.0
2.635 0.0
2.645 0.0
2.655 0.0
2.665 0.0
2.675 0.0
2.685 0.0
2.695 0.0
2.705 0.0
2.715 0.0
2.725 0.0
2.735 0.0
2.745 0.0
2.755 0.0
2.765 0.0
2.775 0.0
2.785 0.0
2.795 0.0
2.805 0.0
2.815 0.0
2.8249999999999997 0.0
2.835 0.0
2.8449999999999998 0.0
2.855 0.0
2.8649999999999998 0.0
2.875 0.0
2.885 0.0
2.895 0.0
2.905 0.0
2.915 0.0
2.925 0.0
2.935 0.0
2.945 0.0
2.955 0.0
2.965 0.0
2.975 0.0
2.985 0.0
2.995 0.0
3.005 0.0
3.015 0.0
3.025 0.00445703500897533
3.035 0.00661595230570403
3.045 0.009722898258434209
3.055 0.014146733491228034
3.065 0.02037856776366765
3.075 0.02906351910650702
3.085 0.04103739600845631
3.0949999999999998 0.05736783318458834
3.105 0.07939883922098182
3.1149999999999998 0.10879699872172795
3.125 0.14759672871793228
3.135 0.19824105679692258
3.145 0.26361342974322005
3.155 0.34705516656400986
3.165 0.45236245440345174
3.175 0.583756386131517
3.185 0.7458196006410877
3.195 0.9433937527437752
3.205 1.1814334268745208
3.215 1.4648142897837582
3.225 1.798096256225799
3.235 2.1852461349572674
3.245 2.6293284457983583
3.255 3.132177563288546
3.265 3.694068664724723
3.275 4.313408685234801
3.285 4.986471122869192
3.295 5.707199624229394
3.305 6.467104425539111
3.315 7.255272673016256
3.325 8.058508338942955
3.335 8.861610054026164
3.3449999999999998 9.647786104244403
3.355 10.399195732890025
3.3649999999999998 11.09759557269118
3.375 11.725060447791183
3.385 12.264739887503353
3.395 12.701606350799347
3.405 13.023149046423683
3.415 13.219968739462422
3.425 13.286234108529607
3.435 13.219968739462422
3.445 13.023149046423683
3.455 12.701606350799347
3.465 12.264739887503353
3.475 11.725060447791183
3.485 11.09759557269118
3.495 10.399195732890025
3.505 9.651214770331048
3.515 8.866699511761126
3.525 8.065987878918625
3.535 7.26615533946615
3.545 6.482781059006198
3.555 5.729557335604416
3.565 5.018039985957563
3.575 4.3575400738615935
3.585 3.7551478590338894
3.5949999999999998 3.215871897996433
3.605 2.7428702728730494
3.6149999999999998 2.337747155714684
3.625 2.0008863228787765
3.635 1.7317936330908523
3.645 1.5294225728339548
3.655 1.3924603900847592
3.665 1.3195567075571781
3.675 1.3094814836171205
3.685 1.3612044796952283
3.695 1.4738937640847491
3.705 1.6468360523678818
3.715 1.8792867068338128
3.725 2.1702618535387668
3.735 2.51828917613831
3.745 2.9211373328550247
3.755 3.375546408655264
3.765 3.8769831304681324
3.775 4.419444514971126
3.785 4.995332001601654
3.795 5.5954148440713665
3.805 6.208896607919734
3.815 6.8235922165996845
3.825 7.429144400161221
3.835 8.004143459722336
3.8449999999999998 8.543443682930922
3.855 9.029041122236732
3.8649999999999998 9.451170221921029
3.875 9.794338372887749
3.885 10.051564042241466
3.895 10.216556149407184
3.905 10.28602876214021
3.915 10.259972715350363
3.925 10.1417843352475
3.935 9.938243436962544
3.945 9.659342180106007
3.955 9.317975271069711
3.965 8.929509606899462
3.975 8.51125714717536
3.985 8.08187820270718
3.995 7.6607433487740115
4.005 7.267280994701905
4.015 6.920334706852387
4.025 6.6375503041993404
4.035 6.43480822860683
4.045 6.325712426376844
4.055 6.321143542772576
4.065 6.42888201349359
4.075 6.65330577727995
4.085 6.995167709692289
4.095 7.451459124989187
4.1049999999999995 8.015367259917873
4.115 8.676335886948198
4.125 9.42023845049519
4.135 10.229671826252378
4.145 11.0843756149979
4.155 11.96177670709472
4.165 12.837651901068089
4.175 13.68689313244024
4.185 14.484351119745378
4.195 15.205724883070266
4.205 15.828457615886283
4.215 16.3325947114914
4.225 16.701558099727595
4.235 16.922792896641383
4.245 16.98824781953835
4.255 16.89465960585516
4.265 16.64362317038138
4.275 16.243834753451747
4.285 15.70232235986498
4.295 15.035284417293841
4.305 14.260476209362555
4.315 13.395720924740147
4.325 12.46797655897036
4.335 11.496164449591792
4.345 10.502406988627815
4.355 9.507862284015795
4.365 8.532101543516157
4.375 7.592624543502367
4.385 6.704525655529653
4.395 5.882585345782791
4.405 5.133234942897774
4.415 4.465462281098674
4.425 3.8844213445155793
4.435 3.3932116573202236
4.445 2.9931815735031915
4.455 2.684242784688073
4.465 2.465169900482098
4.475 2.3338638981305806
4.485 2.2875643335895637
4.495 2.3230018721435517
4.505 2.436489362341056
4.515 2.6239558203107873
4.525 2.8809328695090466
4.535 3.202507052449225
4.545 3.5832537726561218
4.555 4.017169341410926
4.565 4.497616730534471
4.575 5.017298332886142
4.585 5.568265585575531
4.595 6.141971090803592
4.605 6.729364313346428
4.615 7.321027504244452
4.625 7.9073446392899385
4.635 8.476739693416334
4.645 9.024357260017092
4.655 9.5383354380944
4.665 10.01030150032649
4.675 10.430700676627918
4.685 10.797260682226543
4.695 11.101435372632427
4.705 11.338598805424434
4.715 11.507227024301827
4.725 11.601903787627283
4.735 11.622842477416102
4.745 11.570107174978602
4.755 11.444941922224194
4.765 11.249760662933944
4.775 10.988130801683408
4.785 10.664748159190308
4.795 10.285399246710506
4.805 9.8569056644075
4.815 9.387045230712186
4.825 8.884445208443815
4.835 8.35844460194999
4.845 7.818924730487027
4.855 7.276109830471553
4.865 6.740341970240044
4.875 6.221836769084546
4.885 5.730428062929766
4.895 5.275310619585951
4.905 4.864790257634129
4.915 4.506050348973112
4.925 4.20494284703072
4.935 3.965810879956587
4.945 3.7913487753920547
4.955 3.682504291413533
4.965 3.6384268955647303
4.975 3.6564651544504247
4.985 3.7322155847058918
4.995 3.8596245294030505
5.005 4.031143596300702
5.015 4.237937777821192
5.025 4.470143476738346
5.035 4.717171284517636
5.045 4.968045604976291
5.055 5.211770293116322
5.065 5.437706681590846
5.075 5.635948038827812
5.085 5.796077423324126
5.095 5.914406411817359
5.105 5.982857349118101
5.115 5.997569241713548
5.125 5.95661796981619
5.135 5.860039386416115
5.145 5.709762323040873
5.155 5.509456339786364
5.165 5.264304383109997
5.175 4.980715108757329
5.185 4.665993082886008
5.195 4.327987102027417
5.205 3.9732206246207
5.215 3.614797616910338
5.225 3.2554594954740947
5.235 2.9032297820455257
5.245 2.5641623320845093
5.255 2.2433327946164634
5.265 1.9447876955476904
5.275 1.671553458641748
5.285 1.4256981428269626
5.295 1.2084360819240227
5.305 1.0202639786280532
5.315 0.86111630735046
5.325 0.7305280212582763
5.335 0.6277933859867477
5.345 0.5521110996233427
5.355 0.5027075303370758
5.365 0.47893175614760114
5.375 0.4803180081239944
5.385 0.5066130219892836
5.395 0.5577676548813927
5.405 0.6338939133552118
5.415 0.7351902690596999
5.425 0.8618398112287288
5.435 1.0138873844388154
5.445 1.1911033420671502
5.455 1.3928428333098568
5.465 1.6179105262731701
5.475 1.8644412222002478
5.485 2.1298068025237784
5.495 2.4105592541780054
5.505 2.7024180625286243
5.515 3.0003080299752076
5.525 3.2971177670415632
5.535 3.5896283838926655
5.545 3.8692035425635174
5.555 4.129055477625946
5.565 4.362514812360133
5.575 4.563312032993148
5.585 4.725855878770181
5.595 4.8454914899223285
5.605 4.918721715904441
5.615 4.943376911107
5.625 4.918721715904441
5.635 4.8454914899223285
5.645 4.725855878770181
5.655 4.563312032993148
5.665 4.362514812360133
5.675 4.129055477625946
5.685 3.8692035425635174
5.695 3.5896283838926655
5.705 3.2971177670415632
5.715 2.9983096591019294
5.725 2.699451712396733
5.735 2.406199863541769
5.745 2.1234639265750874
5.755 1.8566843228945573
5.765 1.6069281133838997
5.775 1.3774538264876806
5.785 1.1697621889089191
5.795 0.9845979985262044
5.805 0.8220586289045622
5.815 0.6817203733784644
5.825 0.5627736121370335
5.835 0.4641585909320038
5.845 0.3846947643267283
5.855 0.32319800358586315
5.865 0.2799134063471283
5.875 0.25191349909249694
5.885 0.23949802483758756
5.895 0.24238216593688222
5.905 0.2606073050163453
5.915 0.29454204573163856
5.925 0.3448625455974913
5.935 0.4125130814283128
5.945 0.4986481235127626
5.955 0.60455763697158
5.965 0.7315778874885719
5.975 0.8809907010512479
5.985 1.0539148764440123
5.995 1.2511942065397497
6.005 1.4732872377469515
6.015 1.720164382163064
6.025 1.9901121328323967
6.035 2.2844620580352983
6.045 2.599657485842578
6.055 2.933069501262915
6.065 3.2813538755038545
6.075 3.640496675821548
6.085 4.005889472602477
6.095 4.372431518656241
6.105 4.73465459949367
6.115 5.086864921067557
6.125 5.4232955361376405
6.135 5.7382624808396105
6.1450000000000005 6.026318003629156
6.155 6.282394958813926
6.165 6.503150593167443
6.175 6.682815095081169
6.185 6.819059132672468
6.195 6.909561506605796
6.205 6.952877444105466
6.215 6.949673322660979
6.225 6.898547334438174
6.235 6.801719493895755
6.245 6.66156440255584
6.255 6.481382509660828
6.265 6.265357169355693
6.275 6.018493734534639
6.285 5.746540005462033
6.295 5.4558876272419585
6.305 5.153454560346594
6.315 4.846549471632487
6.325 4.542719719023035
6.335 4.2495854307060466
6.345 3.974662918783518
6.355 3.725181254284657
6.365 3.5078962389921955
6.375 3.328906252181251
6.385 3.1934745713685
6.3950000000000005 3.1058628269796706
6.405 3.069180311365389
6.415 3.085253961946441
6.425 3.154523979170867
6.435 3.2759701801945855
6.445 3.4470742423272096
6.455 3.6638228362799823
6.465 3.9207561537020745
6.475 4.2110653726409994
6.485 4.526741092145711
6.495 4.858772678562664
6.505 5.197395855097677
6.515 5.532382872084437
6.525 5.853366436694468
6.535 6.150185537298097
6.545 6.414322665506188
6.555 6.635437233747795
6.565 6.805922456185359
6.575 6.9220427970088085
6.585 6.978316830243763
6.595 6.972526713093712
6.605 6.904416159268116
6.615 6.77568504721524
6.625 6.589901490038942
6.635 6.352337166778389
6.6450000000000005 6.06973613469363
6.655 5.751114925166709
6.665 5.403631390807996
6.675 5.036516364851211
6.685 4.6614564295439775
6.695 4.2866625733716806
6.705 3.921267108074091
6.715 3.573744276057939
6.725 3.251708622243
6.735 2.9617622447384493
6.745 2.709390639559854
6.755 2.498903951970316
6.765 2.3334183049819934
6.775 2.2148705921567924
6.785 2.1440596913820174
6.795 2.120707379237296
6.805 2.1435331290028787
6.815 2.210338240835654
6.825 2.3180961475581525
6.835 2.4630470479238147
6.845 2.640796068160911
6.855 2.8464148306697536
6.865 3.074546575019852
6.875 3.3195148587930015
6.885 3.5754354498377188
6.8950000000000005 3.836330431301375
6.905 4.096242915866361
6.915 4.34935023665039
6.925 4.590073150146087
6.935 4.813178507674106
6.945 5.013873031415388
6.955 5.18788622625817
6.965 5.3315409894640435
6.975 5.441001934728742
6.985 5.5170253925923465
6.995 5.555020201939754
