0.005 0.0
0.015 0.0
0.025 0.0
0.034999999999999996 0.0
0.045 0.0
0.055 0.0
0.065 0.0
0.07500000000000001 0.0
0.085 0.0
0.095 0.0
0.10500000000000001 0.0
0.115 0.0
0.125 0.0
0.135 0.0
0.14500000000000002 0.0
0.155 0.0
0.165 0.0
0.17500000000000002 0.0
0.185 0.0
0.195 0.0
0.20500000000000002 0.0
0.215 0.0
0.225 0.0
0.23500000000000001 0.0
0.245 0.0
0.255 0.0
0.265 0.0
0.275 0.0
0.28500000000000003 0.0
0.295 0.0
0.305 0.0
0.315 0.0
0.325 0.0
0.335 0.0
0.34500000000000003 0.0
0.35500000000000004 0.0
0.365 0.0
0.375 0.0
0.385 0.0
0.395 0.0
0.405 0.0
0.41500000000000004 0.0
0.425 0.0
0.435 0.0
0.445 0.0
0.455 0.0
0.465 0.0
0.47500000000000003 0.0
0.485 0.0
0.495 0.0
0.505 0.0
0.515 0.0
0.525 0.0
0.535 0.0
0.545 0.0
0.555 0.0
0.5650000000000001 0.0
0.5750000000000001 0.0
0.585 0.0
0.595 0.0
0.605 0.0
0.615 0.0
0.625 0.0
0.635 0.0
0.645 0.0
0.655 0.0
0.665 0.0
0.675 0.0
0.685 0.0
0.6950000000000001 0.0
0.7050000000000001 0.0
0.715 0.0
0.725 0.0
0.735 0.0
0.745 0.0
0.755 0.0
0.765 0.0
0.775 0.0
0.785 0.0
0.795 0.0
0.805 0.0
0.8150000000000001 0.0
0.8250000000000001 0.0
0.8350000000000001 0.0
0.845 0.0
0.855 0.0
0.865 0.0
0.875 0.0
0.885 0.0
0.895 0.0
0.905 0.0
0.915 0.0
0.925 0.0
0.935 0.0
0.9450000000000001 0.0
0.9550000000000001 0.0
0.965 0.0
0.975 0.0
0.985 0.0
0.995 0.0
1.005 0.0
1.015 0.0
1.025 0.0
1.035 0.0
1.045 0.0
1.055 0.0
1.065 0.0
1.075 0.0
1.085 0.0
1.095 0.0
1.105 0.0
1.115 0.0
1.125 0.0
1.135 0.0
1.145 0.0
1.155 0.0
1.1649999999999998 0.0
1.1749999999999998 0.0
1.1849999999999998 0.0
1.1949999999999998 0.0
1.2049999999999998 0.0
1.2149999999999999 0.0
1.2249999999999999 0.0
1.2349999999999999 0.0
1.2449999999999999 0.0
1.255 0.0
1.265 0.0
1.275 0.0
1.285 0.01841477515436817
1.295 0.02733460111850733
1.305 0.04017132127463952
1.315 0.05844892756846999
1.325 0.08419649892367993
1.335 0.12007941792318384
1.345 0.16955092766709556
1.355 0.23702208913776618
1.365 0.32804583514104985
1.375 0.4495078600226877
1.385 0.6098136019545999
1.395 0.8190567226706442
1.405 1.0891505286850434
1.4149999999999998 1.4339000805621471
1.4249999999999998 1.8689897811758012
1.4349999999999998 2.411859582410992
1.4449999999999998 3.081443206945721
1.4549999999999998 3.8977445328180456
1.4649999999999999 4.881234020360685
1.4749999999999999 6.052056072019673
1.4849999999999999 7.429050522966745
1.4949999999999999 9.028606719748764
1.505 10.863386093862536
1.515 12.940967583913048
1.525 15.262488117934224
1.535 17.82136575717827
1.545 20.602204011517607
1.555 23.579980329892113
1.565 26.71961823416344
1.575 29.97602995897078
1.585 33.294694531769345
1.595 36.612805670578794
1.605 39.86098639327105
1.615 42.96552547193481
1.625 45.85104824478413
1.635 48.44349469605997
1.645 50.67324508341889
1.655 52.47821131722222
1.665 53.80670356162413
1.6749999999999998 54.6198877493098
1.6849999999999998 54.89367107599136
1.6949999999999998 54.6198877493098
1.7049999999999998 53.80670356162413
1.7149999999999999 52.47821131722222
1.7249999999999999 50.67324508341889
1.7349999999999999 48.44349469605997
1.7449999999999999 45.85104824478413
1.755 42.96552547193481
1.765 39.86098639327105
1.775 36.612805670578794
1.785 33.294694531769345
1.795 29.97602995897078
1.805 26.71961823416344
1.815 23.579980329892113
1.825 20.602204011517607
1.835 17.82136575717827
1.845 15.262488117934224
1.855 12.940967583913048
1.865 10.863386093862536
1.875 9.028606719748764
1.885 7.429050522966745
1.895 6.052056072019673
1.905 4.881234020360685
1.915 3.8977445328180456
1.9249999999999998 3.081443206945721
1.9349999999999998 2.411859582410992
1.9449999999999998 1.8689897811758012
1.9549999999999998 1.4339000805621471
1.9649999999999999 1.0891505286850434
1.9749999999999999 0.8190567226706442
1.9849999999999999 0.6098136019545999
1.9949999999999999 0.4495078600226877
2.005 0.32804583514104985
2.015 0.23702208913776618
2.025 0.16955092766709556
2.035 0.12007941792318384
2.045 0.08419649892367993
2.0549999999999997 0.05844892756846999
2.065 0.04017132127463952
2.0749999999999997 0.02733460111850733
2.085 0.01841477515436817
2.0949999999999998 0.0
2.105 0.0
2.1149999999999998 0.0
2.125 0.0
2.135 0.0
2.145 0.0
2.155 0.0
2.165 0.0
2.175 0.0
2.185 0.0
2.195 0.0
2.205 0.0
2.215 0.0
2.225 0.0
2.235 0.0
2.245 0.0
2.255 0.0
2.265 0.0
2.275 0.0
2.285 0.0
2.295 0.0
2.305 0.0
2.315 0.0
2.3249999999999997 0.0
2.335 0.0
2.3449999999999998 0.0
2.355 0.0
2.3649999999999998 0.0
2.375 0.0
2.385 0.0
2.395 0.0
2.405 0.0
2.415 0.0
2.425 0.0
2.435 0.0
2.445 0.0
2.455 0.0
2.465 0.0
2.475 0.0
2.485 0.0
2.495 0.0
2.505 0.0
2.515 0.0
2.525 0.0
2.535 0.0
2.545 0.0
2.555 0.0
2.565 0.0
2.5749999999999997 0.0
2.585 0.0
2.5949999999999998 0.0
2.605 0.0
2.6149999999999998 0.0
2.625 0.0
2.635 0.0
2.645 0.0
2.655 0.0
2.665 0.0
2.675 0.0
2.685 0.0
2.695 0.0
2.705 0.0
2.715 0.0
2.725 0.0
2.735 0.0
2.745 0.0
2.755 0.0
2.765 0.0
2.775 0.0
2.785 0.0
2.795 0.0
2.805 0.0
2.815 0.0
2.8249999999999997 0.0
2.835 0.0
2.8449999999999998 0.0
2.855 0.0
2.8649999999999998 0.0
2.875 0.0
2.885 0.0
2.895 0.0
2.905 0.0
2.915 0.0
2.925 0.0
2.935 0.0
2.945 0.0
2.955 0.0
2.965 0.0
2.975 0.0
2.985 0.0
2.995 0.0
3.005 0.0
3.015 0.0
3.025 0.0
3.035 0.0
3.045 0.0
3.055 0.0
3.065 0.0
3.075 0.0
3.085 0.0
3.0949999999999998 0.0
3.105 0.0
3.1149999999999998 0.0
3.125 0.0
3.135 0.0
3.145 0.0
3.155 0.0
3.165 0.0
3.175 0.0
3.185 0.0
3.195 0.0
3.205 0.0
3.215 0.0
3.225 0.0
3.235 0.0
3.245 0.0
3.255 0.0
3.265 0.0
3.275 0.0
3.285 0.0
3.295 0.0
3.305 0.0
3.315 0.0
3.325 0.0
3.335 0.0
3.3449999999999998 0.0
3.355 0.0
3.3649999999999998 0.0
3.375 0.0
3.385 0.0
3.395 0.0
3.405 0.0
3.415 0.0
3.425 0.0
3.435 0.0
3.445 0.0
3.455 0.0
3.465 0.0
3.475 0.0
3.485 0.0
3.495 0.0
3.505 0.0
3.515 0.0
3.525 0.0
3.535 0.0
3.545 0.0
3.555 0.0
3.565 0.0
3.575 0.0
3.585 0.0
3.5949999999999998 0.0
3.605 0.0
3.6149999999999998 0.0
3.625 0.0
3.635 0.0
3.645 0.0
3.655 0.0
3.665 0.0
3.675 0.0
3.685 0.0
3.695 0.0
3.705 0.0
3.715 0.0
3.725 0.0
3.735 0.0030578506226251133
3.745 0.004539025122422389
3.755 0.006670616325293092
3.765 0.009705689483513462
3.775 0.013981181659747672
3.785 0.019939690807127177
3.795 0.028154642420953453
3.805 0.039358511671748475
3.815 0.054473386333891004
3.825 0.0746426648233718
3.835 0.1012621053903993
3.8449999999999998 0.13600780288591302
3.855 0.18085801180591735
3.8649999999999998 0.2381051203380606
3.875 0.3132144392209142
3.885 0.4047459962792302
3.895 0.5179274288539245
3.905 0.6563172263938531
3.915 0.8236298246983939
3.925 1.0236243700197531
3.935 1.2599657787772631
3.945 1.5360608564465608
3.955 1.8548747694705752
3.965 2.2187357678345108
3.975 2.629138480316525
3.985 3.0865580615355204
3.995 3.590288666033587
4.005 4.138319896335989
4.015 4.727263825742614
4.025 5.352342846795776
4.035 6.007444995019596
4.045 6.685248750861084
4.055 7.377413988920664
4.065 8.074830208992982
4.075 8.767908018061515
4.085 9.446895626941807
4.095 10.102199417672091
4.1049999999999995 10.727263027000356
4.115 11.309775256894545
4.125 11.844141291770685
4.135 12.324181683269375
4.145 12.744936922316102
4.155 13.102686505404861
4.165 13.394909580449172
4.175 13.620201633220745
4.185 13.778165474906515
4.195 13.869296241780207
4.205 13.894878989608022
4.215 13.85691385436957
4.225 13.75807807752236
4.235 13.604160861529898
4.245 13.395542428663347
4.255 13.138834016106145
4.265 12.839906146200065
4.275 12.505569529642404
4.285 12.14359618936551
4.295 11.76268437400136
4.305 11.372352324141017
4.315 10.98275282604247
4.325 10.604408750095008
4.335 10.24787849695448
4.345 9.92336847947442
4.355 9.640316530164093
4.365 9.406974683517612
4.375 9.230021628964241
4.385 9.11423405104205
4.395 9.0622421720309
4.405 9.074388489579475
4.415 9.148700606821432
4.425 9.280980008054785
4.435 9.464999545906895
4.445 9.692794169647511
4.455 9.955022826215485
4.465 10.241375105833944
4.475 10.540994435950802
4.485 10.842890523294692
4.495 11.138499129287242
4.505 11.414335289445244
4.515 11.662637967630996
4.525 11.875254156089616
4.535 12.045228514435946
4.545 12.164840610292716
4.555 12.234487162978091
4.565 12.248140623852574
4.575 12.204092389679055
4.585 12.10188060621114
4.595 11.94227693723387
4.605 11.727278042032912
4.615 11.460100183764318
4.625 11.145170635938786
4.635 10.788105873258715
4.645 10.395664429512399
4.655 9.975662070857803
4.665 9.536838620987975
4.675 9.088669204659649
4.685 8.639209345436262
4.695 8.20307393051948
4.705 7.787484842722522
4.715 7.4019588781653045
4.725 7.055062805740906
4.735 6.754037397737899
4.745 6.504453466713152
4.755 6.309923354364049
4.765 6.171889057925388
4.775 6.089504262662823
4.785 6.059622258050494
4.795 6.076895423589562
4.805 6.133985112948338
4.815 6.221873810319911
4.825 6.3302648545545255
4.835 6.448049278056444
4.845 6.56381479519073
4.855 6.6663690328292935
4.865 6.745247959704546
4.875 6.7911812574888755
4.885 6.796489064532621
4.895 6.755388948402206
4.905 6.664197821277718
4.915 6.519702117966844
4.925 6.326588341339987
4.935 6.085057414882112
4.945 5.799659794760103
4.955 5.476418550538635
4.965 5.12247232210634
4.975 4.745686744114472
4.985 4.354259366923881
4.995 3.9563415446033607
5.005 3.559697635691904
5.015 3.171417535636362
5.025 2.797693476441995
5.035 2.4436666662801154
5.045 2.111720934543834
5.055 1.8085098589532198
5.065 1.5334241231873593
5.075 1.2872436460264949
5.085 1.0698337085740492
5.095 0.8802962537713298
5.105 0.7171309807818352
5.115 0.5783958540355605
5.125 0.4618584703105763
5.135 0.36513184328166043
5.145 0.2857903507931742
5.155 0.2214636577877154
5.165 0.169908235958152
5.175 0.12905755954014245
5.185 0.09705312440185954
5.195 0.07225911677944287
5.205 0.05326388399102164
5.215 0.0388713899370053
5.225 0.028085642503573507
5.235 0.020090729762488393
5.245 0.014228663733815584
5.255 0.00997676114249641
5.265 0.0069258341717305695
5.275 0.004760051572914574
5.285 0.0032389801211563677
5.295 0.002182036255146925
5.305 0.0
5.315 0.0
5.325 0.0
5.335 0.0
5.345 0.0
5.355 0.0
5.365 0.0
5.375 0.0
5.385 0.0
5.395 0.0
5.405 0.0
5.415 0.0
5.425 0.0
5.435 0.0
5.445 0.0
5.455 0.0
5.465 0.0
5.475 0.0
5.485 0.0
5.495 0.0015045262954516533
5.505 0.0022332950477932413
5.515 0.0032820823862405347
5.525 0.004775401694049597
5.535 0.006879033034817942
5.545 0.009810743834420573
5.555 0.013852671398643482
5.565 0.01936520879137992
5.575 0.02680204243308568
5.585 0.03672574819660019
5.595 0.049823068257618536
5.605 0.066918676247433
5.615 0.08898591464599082
5.625 0.11715268626259885
5.635 0.15270044017031634
5.645 0.19705405753019017
5.655 0.25176046375407285
5.665 0.3184540182227861
5.675 0.39880720108297296
5.685 0.49446585285846045
5.695 0.6069692281521548
5.705 0.7390591724509552
5.715 0.8896440442395072
5.725 1.060364746526322
5.735 1.251430263431016
5.745 1.462457407763664
5.755 1.6923912970890893
5.765 1.939450596971038
5.775 2.2011055104127624
5.785 2.474095282487807
5.795 2.754489972308303
5.805 3.0377984826518074
5.815 3.319121481638646
5.825 3.593344137217622
5.835 3.855359821320371
5.845 4.100312479821463
5.855 4.323842572616054
5.865 4.52231970413768
5.875 4.693044560581189
5.885 4.8344037150856245
5.895 4.945963294889128
5.905 5.028491318633405
5.915 5.083903456807312
5.925 5.115132665480253
5.935 5.125929119043947
5.945 5.120602595943908
5.955 5.103724426127117
5.965 5.079809816558663
5.975 5.05300345977212
5.985 5.026791569470541
5.995 5.003761813284159
6.005 4.985429138746859
6.015 4.9721404947898105
6.025 4.963065360047857
6.035 4.9562723258260215
6.045 4.948885322880292
6.055 4.937307001865888
6.065 4.9174917950012205
6.075 4.885247713261917
6.085 4.836544238123286
6.095 4.767803852022789
6.105 4.676156747073764
6.115 4.559641824953608
6.125 4.417341884911567
6.135 4.249446428428308
6.1450000000000005 4.057241277516486
6.155 3.84302970188153
6.165 3.6099945235304074
6.175 3.362014355073005
6.185 3.104655238515129
6.195 2.8407037153166184
6.205 2.575679786641374
6.215 2.314143566212345
6.225 2.0603256279452813
6.235 1.8179912169519832
6.245 1.5903474516217249
6.255 1.379994818851201
6.265 1.188920939545011
6.275 1.0185317756363426
6.285 0.8697133098142034
6.295 0.7429153234838295
6.305 0.6372447407922447
6.315 0.554921238205995
6.325 0.4942187507755996
6.335 0.4548440147479893
6.345 0.4365021948059561
6.355 0.4389436878603752
6.365 0.46198498459117776
6.375 0.5055027486640876
6.385 0.5694020169553511
6.3950000000000005 0.6535611096886863
6.405 0.7577574185838983
6.415 0.8815796585284281
6.425 1.024333357159875
6.435 1.184947238615338
6.445 1.361888646828453
6.455 1.553096166297021
6.465 1.7559370650484871
6.475 1.967196065710204
6.485 2.183100249499831
6.495 2.3993826719416065
6.505 2.6113846346856273
6.515 2.8132580526088153
6.525 3.0021937187629972
6.535 3.1719395969967654
6.545 3.317937188406244
6.555 3.436121144872716
6.565 3.5231069657917065
6.575 3.5763519090138063
6.585 3.5942784475582967
6.595 3.5763519090138063
6.605 3.5231069657917065
6.615 3.436121144872716
6.625 3.317937188406244
6.635 3.1719395969967654
6.6450000000000005 3.0021937187629972
6.655 2.8132580526088153
6.665 2.609981833669178
6.675 2.397300376289781
6.685 2.180040077988434
6.695 1.9627435424338617
6.705 1.749523142897306
6.715 1.5439487546069388
6.725 1.3489725937310069
6.735 1.16689136637274
6.745 0.9993434766362065
6.755 0.8473370420611684
6.765 0.7113030289160611
6.775 0.5911669944491308
6.785 0.4864326917315547
6.795 0.39627108693389185
6.805 0.3196090531562959
6.815 0.25521301260763013
6.825 0.20176396821352335
6.835 0.15792157357441275
6.845 0.12237603274678713
6.855 0.09388762045777523
6.865 0.07131441921565232
6.875 0.05362945978867863
6.885 0.03992882683140405
6.8950000000000005 0.029432471569463534
6.905 0.021479490293634797
6.915 0.015519519279440524
6.925 0.011101703222466645
6.935 0.007862452180309943
6.945 0.005512942667330668
6.955 0.003827066336143263
6.965 0.0026303016620531122
6.975 0.001789790439354023
6.985 0.001205746093431267
6.995 0.0
