0.005 0.0
0.015 0.0
0.025 0.0
0.034999999999999996 0.0
0.045 0.0
0.055 0.0
0.065 0.0
0.07500000000000001 0.0
0.085 0.0
0.095 0.0
0.10500000000000001 0.0
0.115 0.0
0.125 0.0
0.135 0.0
0.14500000000000002 0.0
0.155 0.0
0.165 0.0
0.17500000000000002 0.0
0.185 0.0
0.195 0.0
0.20500000000000002 0.0
0.215 0.0
0.225 0.0
0.23500000000000001 0.0
0.245 0.0
0.255 0.0
0.265 0.0
0.275 0.0
0.28500000000000003 0.0
0.295 0.0
0.305 0.0
0.315 0.0
0.325 0.0
0.335 0.0
0.34500000000000003 0.0
0.35500000000000004 0.0
0.365 0.0
0.375 0.0
0.385 0.0
0.395 0.0
0.405 0.0
0.41500000000000004 0.0
0.425 0.0
0.435 0.0
0.445 0.0
0.455 0.0
0.465 0.0
0.47500000000000003 0.0
0.485 0.0
0.495 0.0
0.505 0.0
0.515 0.0
0.525 0.0
0.535 0.0
0.545 0.0
0.555 0.0
0.5650000000000001 0.0
0.5750000000000001 0.0
0.585 0.0
0.595 0.0
0.605 0.0
0.615 0.0
0.625 0.0
0.635 0.0
0.645 0.0
0.655 0.0
0.665 0.0
0.675 0.0
0.685 0.0
0.6950000000000001 0.0
0.7050000000000001 0.0
0.715 0.0
0.725 0.0
0.735 0.0
0.745 0.0
0.755 0.0
0.765 0.0
0.775 0.0
0.785 0.0
0.795 0.0
0.805 0.0
0.8150000000000001 0.0
0.8250000000000001 0.0
0.8350000000000001 0.0
0.845 0.0
0.855 0.0
0.865 0.0
0.875 0.0
0.885 0.0
0.895 0.0
0.905 0.0
0.915 0.0
0.925 0.0
0.935 0.0
0.9450000000000001 0.0
0.9550000000000001 0.0
0.965 0.0
0.975 0.0
0.985 0.0
0.995 0.0
1.005 0.0
1.015 0.0
1.025 0.0
1.035 0.0
1.045 0.0
1.055 0.0
1.065 0.0
1.075 0.0
1.085 0.0
1.095 0.0
1.105 0.0
1.115 0.0
1.125 0.0
1.135 0.0
1.145 0.0
1.155 0.0
1.1649999999999998 0.0
1.1749999999999998 0.0
1.1849999999999998 0.0
1.1949999999999998 0.0
1.2049999999999998 0.0
1.2149999999999999 0.0
1.2249999999999999 0.0
1.2349999999999999 0.0
1.2449999999999999 0.0
1.255 0.0
1.265 0.0
1.275 0.0
1.285 0.0
1.295 0.0
1.305 0.0
1.315 0.0
1.325 0.0
1.335 0.0
1.345 0.0
1.355 0.0
1.365 0.0
1.375 0.0
1.385 0.0
1.395 0.0
1.405 0.0
1.4149999999999998 0.0
1.4249999999999998 0.0
1.4349999999999998 0.0
1.4449999999999998 0.015359380571318587
1.4549999999999998 0.022799221702403134
1.4649999999999999 0.03350606273156342
1.4749999999999999 0.04875103361208365
1.4849999999999999 0.07022654682995977
1.4949999999999999 0.10015574250588108
1.505 0.14141889881513373
1.515 0.19769518988736512
1.525 0.2736162013670973
1.535 0.37492514755194983
1.545 0.5086328294247727
1.555 0.6831581600935931
1.565 0.9084377804937909
1.575 1.1959862042287348
1.585 1.5588854651953272
1.595 2.011681864171151
1.605 2.5701676250528003
1.615 3.251027566042678
1.625 4.071335671921193
1.635 5.0478939693738045
1.645 6.196416372682814
1.655 7.530572894586269
1.665 9.060924171491994
1.6749999999999998 10.793791638301302
1.6849999999999998 12.730123583017106
1.6949999999999998 14.864430147562024
1.7049999999999998 17.183869440066626
1.7149999999999999 19.66757067164668
1.7249999999999999 22.28627728215892
1.7349999999999999 25.002382505217017
1.7449999999999999 27.770411532716402
1.755 30.53797895244764
1.765 33.247218868006236
1.775 35.8366502788164
1.785 38.243404748739216
1.795 40.40571036051665
1.805 42.2654987365027
1.815 43.77098349376778
1.825 44.87905121638529
1.835 45.557311217310684
1.845 45.78566819008567
1.855 45.557311217310684
1.865 44.87905121638529
1.875 43.77098349376778
1.885 42.2654987365027
1.895 40.40571036051665
1.905 38.243404748739216
1.915 35.8366502788164
1.9249999999999998 33.247218868006236
1.9349999999999998 30.53797895244764
1.9449999999999998 27.770411532716402
1.9549999999999998 25.002382505217017
1.9649999999999999 22.28627728215892
1.9749999999999999 19.66757067164668
1.9849999999999999 17.183869440066626
1.9949999999999999 14.864430147562024
2.005 12.730123583017106
2.015 10.793791638301302
2.025 9.060924171491994
2.035 7.530572894586269
2.045 6.196416372682814
2.0549999999999997 5.0478939693738045
2.065 4.071335671921193
2.0749999999999997 3.251027566042678
2.085 2.5701676250528003
2.0949999999999998 2.011681864171151
2.105 1.5588854651953272
2.1149999999999998 1.1959862042287348
2.125 0.9084377804937909
2.135 0.6831581600935931
2.145 0.5086328294247727
2.155 0.37492514755194983
2.165 0.2736162013670973
2.175 0.19769518988736512
2.185 0.14141889881513373
2.195 0.10015574250588108
2.205 0.07022654682995977
2.215 0.04875103361208365
2.225 0.03350606273156342
2.235 0.022799221702403134
2.245 0.015359380571318587
2.255 0.0
2.265 0.0
2.275 0.0
2.285 0.0
2.295 0.0
2.305 0.0
2.315 0.0
2.3249999999999997 0.0
2.335 0.0
2.3449999999999998 0.0
2.355 0.0
2.3649999999999998 0.0
2.375 0.0
2.385 0.0
2.395 0.0
2.405 0.0
2.415 0.0
2.425 0.0
2.435 0.0
2.445 0.0
2.455 0.0
2.465 0.0
2.475 0.0
2.485 0.0
2.495 0.0
2.505 0.006195477773218882
2.515 0.009196469261768012
2.525 0.013515262933787547
2.535 0.01966459153496848
2.545 0.028327119570654598
2.555 0.040399589923185916
2.565 0.05704381373024563
2.5749999999999997 0.07974385094061823
2.585 0.11036793353033661
2.5949999999999998 0.15123268855102673
2.605 0.2051660465601759
2.6149999999999998 0.27556392504242816
2.625 0.36643444384153306
2.635 0.4824221856454351
2.645 0.6288040201729629
2.655 0.8114474550837911
2.665 1.0367225631609165
2.675 1.3113594608854824
2.685 1.6422452419600064
2.695 2.036157300980022
2.705 2.499434123160751
2.715 3.037589749884587
2.725 3.654884000604009
2.735 4.353866737876565
2.745 5.134920470438032
2.755 5.995830766948641
2.765 6.93141762322309
2.775 7.933262437479787
2.785 8.989564058803381
2.795 10.085153132922894
2.805 11.201686591799541
2.815 12.318033853019699
2.8249999999999997 13.410853683951183
2.835 14.455346635763751
2.8449999999999998 15.426153612956968
2.855 16.29835782031215
2.8649999999999998 17.04853635080762
2.875 17.655800251083182
2.885 18.102758962394592
2.895 18.37634712831605
2.905 18.468458951616324
2.915 18.37634712831605
2.925 18.102758962394592
2.935 17.655800251083182
2.945 17.04853635080762
2.955 16.29835782031215
2.965 15.426153612956968
2.975 14.455346635763751
2.985 13.410853683951183
2.995 12.318033853019699
3.005 11.201686591799541
3.015 10.085153132922894
3.025 8.989564058803381
3.035 7.933262437479787
3.045 6.93141762322309
3.055 5.995830766948641
3.065 5.134920470438032
3.075 4.353866737876565
3.085 3.654884000604009
3.0949999999999998 3.037589749884587
3.105 2.499434123160751
3.1149999999999998 2.036157300980022
3.125 1.6422452419600064
3.135 1.3113594608854824
3.145 1.0367225631609165
3.155 0.8114474550837911
3.165 0.6288040201729629
3.175 0.4824221856454351
3.185 0.36643444384153306
3.195 0.27556392504242816
3.205 0.2051660465601759
3.215 0.15123268855102673
3.225 0.11036793353033661
3.235 0.07974385094061823
3.245 0.05704381373024563
3.255 0.040399589923185916
3.265 0.028327119570654598
3.275 0.01966459153496848
3.285 0.013515262933787547
3.295 0.009196469261768012
3.305 0.006195477773218882
3.315 0.0
3.325 0.0
3.335 0.0
3.3449999999999998 0.0
3.355 0.0
3.3649999999999998 0.0
3.375 0.0
3.385 0.0
3.395 0.0
3.405 0.0
3.415 0.0
3.425 0.0
3.435 0.0
3.445 0.0
3.455 0.0
3.465 0.0
3.475 0.0
3.485 0.0
3.495 0.0
3.505 0.0
3.515 0.0
3.525 0.0
3.535 0.0
3.545 0.0
3.555 0.0
3.565 0.0
3.575 0.0
3.585 0.0
3.5949999999999998 0.0
3.605 0.0
3.6149999999999998 0.00324336765870535
3.625 0.004814403677926397
3.635 0.007075316594279557
3.645 0.010294524900382445
3.655 0.014829407326241826
3.665 0.024313484598468476
3.675 0.03455945576155765
3.685 0.048648689633522146
3.695 0.0678210721662036
3.705 0.09363801192366734
3.715 0.1280379189656165
3.725 0.17339191980125734
3.735 0.23255620689939652
3.745 0.30891636377846016
3.755 0.4064179780726992
3.765 0.5295769657420681
3.775 0.6834624130456408
3.785 0.8736445468777612
3.795 1.1061008183061911
3.805 1.3870741633907808
3.815 1.7228793892823124
3.825 2.11965636539567
3.835 2.5830722455270894
3.8449999999999998 3.1179791806529704
3.855 3.7280386757177526
3.8649999999999998 4.415328568974418
3.875 5.1799531556942515
3.885 6.019680767698706
3.895 6.929635667107403
3.905 7.902071960851556
3.915 8.926256024582173
3.925 9.988480417085887
3.935 11.07222643641952
3.945 12.15848450639038
3.955 13.228988618725518
3.965 14.259892746677547
3.975 15.225992115304116
3.985 16.1093765586069
3.995 16.887393254981603
4.005 17.538830717829576
4.015 18.04983090301119
4.025 18.408691900637663
4.035 18.6083642333818
4.045 18.646969815403807
4.055 18.528119174139338
4.065 18.261008575060618
4.075 17.860290941911174
4.085 17.345726528053795
4.095 16.741630170907722
4.1049999999999995 16.07614083016685
4.115 15.380345422138209
4.125 14.687292499227361
4.135 14.030932215689099
4.145 13.445017716604333
4.155 12.962000278552537
4.165 12.611947043559162
4.175 12.421506852136195
4.185 12.412947196186352
4.195 12.603284130248039
4.205 13.003527220591446
4.215 13.618063028810615
4.225 14.444202624008508
4.235 15.471920326428728
4.245 16.683811287194946
4.255 18.05529359394253
4.265 19.555075530158682
4.275 21.14589991572792
4.285 22.785565090104278
4.295 24.42820657294862
4.305 26.025805786566597
4.315 27.52987394140741
4.325 28.893242069785547
4.335 30.071874150656292
4.345 31.02661108262709
4.355 31.72475036104185
4.365 32.14137056994934
4.375 32.2603213867129
4.385 32.07481813527939
4.395 31.58760370831459
4.405 30.810667999860797
4.415 29.76454353421829
4.425 28.475060020286566
4.435 26.981341770747473
4.445 25.318772929416095
4.455 23.528677768225574
4.465 21.653333340439907
4.475 19.73219137781986
4.485 17.809531741517205
4.495 15.918143405342978
4.505 14.089467706462582
4.515 12.351924151114476
4.525 10.722937689457982
4.535 9.219171035952872
4.545 7.850464577638215
4.555 6.621704265396559
4.565 5.533413547466618
4.575 4.582457624249383
4.585 3.7628061021679557
4.595 3.0663049569899066
4.605 2.4834160633639772
4.615 2.0038913750342804
4.625 1.617358171089591
4.635 1.3138007831427339
4.645 1.0839322547780732
4.655 0.9194560561480987
4.665 0.8132231087267754
4.675 0.7592929935033886
4.685 0.7529105012028332
4.695 0.7904099169767783
4.705 0.8690599394789718
4.715 0.9868622307653769
4.725 1.1423165408699196
4.735 1.3341653260625685
4.745 1.5611308579499257
4.755 1.8216579739213776
4.765 2.1118370687226267
4.775 2.433299013986085
4.785 2.781022934948859
4.795 3.1492969507390653
4.805 3.532196958950437
4.815 3.9263244126094237
4.825 4.322033751071165
4.835 4.7117505733430285
4.845 5.0875595558831685
4.855 5.4415538142085875
4.865 5.766223038651552
4.875 6.054860040327469
4.885 6.301962029416466
4.895 6.503601134998819
4.905 6.65773860972607
4.915 6.764458944710879
4.925 6.826103694054114
4.935 6.847289965847935
4.945 6.834804937766871
4.955 6.79737496467939
4.965 6.745315373808767
4.975 6.69007439188874
4.985 6.643691352615633
4.995 6.618194989603902
5.005 6.624971912353323
5.015 6.674138065182483
5.025 6.7739469468218285
5.035 6.930267568447109
5.045 7.146162568875621
5.055 7.421592669199168
5.065 7.753267877251405
5.075 8.134658750084503
5.085 8.55617286553398
5.095 9.00549279577712
5.105 9.46806275220342
5.115 9.927702193413342
5.125 10.367316624405888
5.135 10.769669153790447
5.145 11.118171678007652
5.155 11.397652301505046
5.165 11.595056107154086
5.175 11.70003978923453
5.185 11.705426842078108
5.195 11.607498600706254
5.205 11.406106860765203
5.215 11.104605279654235
5.225 10.709608376207346
5.235 10.230597769575406
5.245 9.679404460884502
5.255 9.06960275030063
5.265 8.415855311261513
5.275 7.733249800740151
5.285 7.03666524589514
5.295 6.340201659796513
5.305 5.656699470483916
5.315 4.997367118243884
5.325 4.370082826534144
5.335 3.7855230958810537
5.345 3.2468460849148855
5.355 2.7573820565189275
5.365 2.318630239056869
5.375 1.9304795698904682
5.385 1.591468098699497
5.395 1.299060926961987
5.405 1.0499286642526249
5.415 0.8402114229279842
5.425 0.6672978513589503
5.435 0.5246124970965268
5.445 0.40911675003233916
5.455 0.32003501359598857
5.465 0.24925925842688862
5.475 0.1974505739091844
5.485 0.15994144489400214
5.495 0.13601788266918716
5.505 0.12456696231931658
5.515 0.1251118874083027
5.525 0.13783293303750538
5.535 0.16358653590471223
5.545 0.20392270750332547
5.555 0.26109907998970644
5.565 0.3380880469310426
5.575 0.4385717633854319
5.585 0.5656162237103821
5.595 0.7272719291340258
5.605 0.9259129543913609
5.615 1.1705875895700975
5.625 1.4656831417929586
5.635 1.817519327919844
5.645 2.232137942457711
5.655 2.714977775482403
5.665 3.270505833789157
5.675 3.9018184063758583
5.685 4.610230739018101
5.695 5.394878852146454
5.705 6.252360807073843
5.715 7.17644694677135
5.725 8.157888812711851
5.735 9.18435419418252
5.745 10.240510911460293
5.755 11.308274516729226
5.765 12.367225431704867
5.775 13.39518971434231
5.785 14.368965485589637
5.795 15.265165056626358
5.805 16.061132071110375
5.815 16.7358845864734
5.825 17.271029892598023
5.835 17.651595681349093
5.845 17.86672526902296
5.855 17.910191869303382
5.865 17.780697939064442
5.875 17.481939519571952
5.885 17.022431121238455
5.895 16.41510272041466
5.905 15.67669547845006
5.915 14.826995583880244
5.925 13.887955117489739
5.935 12.88275434152176
5.945 11.83486101069085
5.955 10.767139300260657
5.965 9.701054235217931
5.975 8.656007886537758
5.985 7.648832088249495
5.995 6.693450127956658
6.005 5.800707853546102
6.015 4.978363869050056
6.025 4.23121970010051
6.035 3.5613644696963993
6.045 2.968504936182057
6.055 2.4503506437284424
6.065 2.0030251372629593
6.075 1.621477253571791
6.085 1.3011140977666715
6.095 1.0337821125825977
6.105 0.8139868526750982
6.115 0.6367799694277156
6.125 0.4956842152701248
6.135 0.3843842501028497
6.1450000000000005 0.29910942000423235
6.155 0.23597020434664484
6.165 0.19181535619495246
6.175 0.1642462703932266
6.185 0.15161436127585562
6.195 0.15300684206579054
6.205 0.1682246354487158
6.215 0.19775431841590452
6.225 0.24273417500095645
6.235 0.3038849990206125
6.245 0.3859181992531665
6.255 0.4901414519673587
6.265 0.6177607801825802
6.275 0.7770634279240529
6.285 0.9677684764041756
6.295 1.195981537498328
6.305 1.4637552254578914
6.315 1.7742048040659264
6.325 2.1297597092663008
6.335 2.5319154789799496
6.345 2.9809839837378886
6.355 3.4758573671265083
6.365 4.013803086713595
6.375 4.590308351085302
6.385 5.1989917962323435
6.3950000000000005 5.831598244758801
6.405 6.478088781823464
6.415 7.126833254935336
6.425 7.764905920968608
6.435 8.378477745076847
6.445 8.954407247904276
6.455 9.476853975213924
6.465 9.933160469785827
6.475 10.31120150704055
6.485 10.600677594315497
6.495 10.793600880571022
6.505 10.884687205670327
6.515 10.871629093572974
6.525 10.755231907603143
6.535 10.539404260723147
6.545 10.231003351530408
6.555 9.839545347276058
6.565 9.376799444694608
6.575 8.856291097320666
6.585 8.292744571594115
6.595 7.701497181351906
6.605 7.097917204485851
6.615 6.496854809297465
6.625 5.912150728867161
6.635 5.356221493616824
6.6450000000000005 4.839733422340872
6.655 4.3713709417882125
6.665 3.9576987461698274
6.675 3.60311228254394
6.685 3.309867347860246
6.695 3.0781773148188836
6.705 2.9063655956676664
6.715 2.7910611872289017
6.725 2.727426196676114
6.735 2.70940575843629
6.745 2.729992358769165
6.755 2.7826138717317948
6.765 2.857484898452865
6.775 2.947189363541498
6.785 3.0437195963006345
6.795 3.1394771993709263
6.805 3.2275112971734243
6.815 3.301731914846703
6.825 3.3570916970589497
6.835 3.3897293608818613
6.845 3.397069032234722
6.855 3.3778709700389244
6.865 3.3322310746190387
6.875 3.2615288653270427
6.885 3.1683260966508264
6.8950000000000005 3.055391435112861
6.905 2.9291148417034654
6.915 2.7933819538633133
6.925 2.652894029444541
6.935 2.5144315706402405
6.945 2.384311401280077
6.955 2.2666512098280904
6.965 2.166250046704743
6.975 2.0871789919729036
6.985 2.032629511784327
6.995 2.004796044965364
