0.005 0.0
0.015 0.0
0.025 0.0
0.034999999999999996 0.0
0.045 0.0
0.055 0.0
0.065 0.0
0.07500000000000001 0.0
0.085 0.0
0.095 0.0
0.10500000000000001 0.0
0.115 0.0
0.125 0.0
0.135 0.0
0.14500000000000002 0.0
0.155 0.0
0.165 0.0
0.17500000000000002 0.0
0.185 0.0
0.195 0.0
0.20500000000000002 0.0
0.215 0.0
0.225 0.0
0.23500000000000001 0.0
0.245 0.0
0.255 0.0
0.265 0.0
0.275 0.0
0.28500000000000003 0.0
0.295 0.0
0.305 0.0
0.315 0.0
0.325 0.0
0.335 0.0
0.34500000000000003 0.0
0.35500000000000004 0.0
0.365 0.0
0.375 0.0
0.385 0.0
0.395 0.0
0.405 0.0
0.41500000000000004 0.0
0.425 0.0
0.435 0.0
0.445 0.0
0.455 0.0
0.465 0.0
0.47500000000000003 0.0
0.485 0.0
0.495 0.0
0.505 0.0
0.515 0.0
0.525 0.0
0.535 0.0
0.545 0.0
0.555 0.0
0.5650000000000001 0.0
0.5750000000000001 0.0
0.585 0.0
0.595 0.0
0.605 0.0
0.615 0.0
0.625 0.0
0.635 0.0
0.645 0.0
0.655 0.0
0.665 0.0
0.675 0.0
0.685 0.0
0.6950000000000001 0.0
0.7050000000000001 0.0
0.715 0.0
0.725 0.0
0.735 0.0
0.745 0.0
0.755 0.0
0.765 0.0
0.775 0.0
0.785 0.0
0.795 0.0
0.805 0.0
0.8150000000000001 0.0
0.8250000000000001 0.0
0.8350000000000001 0.0
0.845 0.0
0.855 0.0
0.865 0.0
0.875 0.0
0.885 0.0
0.895 0.0
0.905 0.0
0.915 0.0
0.925 0.0
0.935 0.0
0.9450000000000001 0.0
0.9550000000000001 0.0
0.965 0.0
0.975 0.0
0.985 0.0
0.995 0.0
1.005 0.0
1.015 0.0
1.025 0.0
1.035 0.0
1.045 0.0
1.055 0.0
1.065 0.0
1.075 0.0
1.085 0.0
1.095 0.0
1.105 0.0
1.115 0.0
1.125 0.0
1.135 0.0
1.145 0.0
1.155 0.0
1.1649999999999998 0.0
1.1749999999999998 0.0
1.1849999999999998 0.0
1.1949999999999998 0.0
1.2049999999999998 0.0
1.2149999999999999 0.0
1.2249999999999999 0.0
1.2349999999999999 0.0
1.2449999999999999 0.0
1.255 0.0
1.265 0.0
1.275 0.0
1.285 0.0
1.295 0.0
1.305 0.0
1.315 0.0
1.325 0.0
1.335 0.0
1.345 0.0
1.355 0.0
1.365 0.0
1.375 0.0
1.385 0.0
1.395 0.0
1.405 0.0
1.4149999999999998 0.0
1.4249999999999998 0.0
1.4349999999999998 0.0
1.4449999999999998 0.0
1.4549999999999998 0.0
1.4649999999999999 0.0
1.4749999999999999 0.0
1.4849999999999999 0.0
1.4949999999999999 0.0
1.505 0.0
1.515 0.0
1.525 0.0
1.535 0.0
1.545 0.0
1.555 0.0
1.565 0.0
1.575 0.0
1.585 0.0
1.595 0.0
1.605 0.0
1.615 0.0
1.625 0.0
1.635 0.0
1.645 0.0
1.655 0.0
1.665 0.0
1.6749999999999998 0.0
1.6849999999999998 0.0
1.6949999999999998 0.0
1.7049999999999998 0.0
1.7149999999999999 0.0
1.7249999999999999 0.0
1.7349999999999999 0.0
1.7449999999999999 0.0
1.755 0.0
1.765 0.0
1.775 0.0
1.785 0.0
1.795 0.0
1.805 0.0
1.815 0.0
1.825 0.0
1.835 0.0
1.845 0.0
1.855 0.0
1.865 0.0
1.875 0.0
1.885 0.0
1.895 0.0
1.905 0.0
1.915 0.0
1.9249999999999998 0.0
1.9349999999999998 0.0
1.9449999999999998 0.0
1.9549999999999998 0.0
1.9649999999999999 0.0
1.9749999999999999 0.0
1.9849999999999999 0.0
1.9949999999999999 0.0
2.005 0.0
2.015 0.0
2.025 0.0
2.035 0.0
2.045 0.0
2.0549999999999997 0.0
2.065 0.0
2.0749999999999997 0.0
2.085 0.0
2.0949999999999998 0.0
2.105 0.0
2.1149999999999998 0.0
2.125 0.0
2.135 0.0
2.145 0.0
2.155 0.0
2.165 0.0
2.175 0.0
2.185 0.0
2.195 0.0
2.205 0.0
2.215 0.0
2.225 0.0
2.235 0.0
2.245 0.0
2.255 0.0
2.265 0.0
2.275 0.0
2.285 0.0
2.295 0.0
2.305 0.0
2.315 0.0
2.3249999999999997 0.0
2.335 0.0
2.3449999999999998 0.0
2.355 0.0
2.3649999999999998 0.00683875052134305
2.375 0.010151333159533777
2.385 0.014918544592971228
2.395 0.021706354301371925
2.405 0.03126830743697625
2.415 0.04459425515874128
2.425 0.06296663875923017
2.435 0.08802360724324214
2.445 0.1218273699944204
2.455 0.16693508806425766
2.465 0.22646831434701775
2.475 0.30417556240672905
2.485 0.40448111277096194
2.495 0.5325117923675611
2.505 0.6940923651391383
2.515 0.8956995585529501
2.525 1.1443648462354574
2.535 1.4475171286328974
2.545 1.8127585822637986
2.555 2.2475702945471014
2.565 2.7589488718232396
2.5749999999999997 3.352980875090231
2.585 4.034368418304062
2.5949999999999998 4.805926114725097
2.605 5.668076188742151
2.6149999999999998 6.618374285935167
2.625 7.651102565385416
2.635 8.756968326928316
2.645 9.922945113214016
2.655 11.132288544999074
2.665 12.364751004471747
2.675 13.597007933496732
2.685 14.803294593231419
2.695 15.956236622920304
2.705 17.027841907358958
2.715 17.990606555398173
2.725 18.818675673602886
2.735 19.488991421091175
2.745 19.982357587815656
2.755 20.284352249214717
2.765 20.386027987983343
2.775 20.284352249214717
2.785 19.982357587815656
2.795 19.488991421091175
2.805 18.818675673602886
2.815 17.990606555398173
2.8249999999999997 17.027841907358958
2.835 15.956236622920304
2.8449999999999998 14.803294593231419
2.855 13.597007933496732
2.8649999999999998 12.364751004471747
2.875 11.132288544999074
2.885 9.922945113214016
2.895 8.756968326928316
2.905 7.651102565385416
2.915 6.618374285935167
2.925 5.668076188742151
2.935 4.805926114725097
2.945 4.034368418304062
2.955 3.352980875090231
2.965 2.7589488718232396
2.975 2.2475702945471014
2.985 1.8127585822637986
2.995 1.4475171286328974
3.005 1.1443648462354574
3.015 0.8956995585529501
3.025 0.6940923651391383
3.035 0.5325117923675611
3.045 0.40448111277096194
3.055 0.30417556240672905
3.065 0.22646831434701775
3.075 0.16693508806425766
3.085 0.1218273699944204
3.0949999999999998 0.08802360724324214
3.105 0.06296663875923017
3.1149999999999998 0.04459425515874128
3.125 0.03126830743697625
3.135 0.021706354301371925
3.145 0.014918544592971228
3.155 0.010151333159533777
3.165 0.00683875052134305
3.175 0.0
3.185 0.0
3.195 0.0
3.205 0.0
3.215 0.0
3.225 0.0
3.235 0.0
3.245 0.0
3.255 0.0
3.265 0.0
3.275 0.0
3.285 0.0
3.295 0.0
3.305 0.0
3.315 0.0
3.325 0.0
3.335 0.0
3.3449999999999998 0.0
3.355 0.0
3.3649999999999998 0.0
3.375 0.0
3.385 0.0
3.395 0.0
3.405 0.0
3.415 0.0
3.425 0.0
3.435 0.0
3.445 0.0
3.455 0.0
3.465 0.0
3.475 0.0
3.485 0.0
3.495 0.0
3.505 0.0
3.515 0.0
3.525 0.0
3.535 0.0
3.545 0.0
3.555 0.0
3.565 0.0
3.575 0.0
3.585 0.0
3.5949999999999998 0.0
3.605 0.0
3.6149999999999998 0.0
3.625 0.0
3.635 0.0
3.645 0.0
3.655 0.0
3.665 0.0
3.675 0.0
3.685 0.0
3.695 0.0
3.705 0.0
3.715 0.0
3.725 0.0
3.735 0.0
3.745 0.0
3.755 0.0
3.765 0.0
3.775 0.0
3.785 0.0
3.795 0.0
3.805 0.0
3.815 0.0
3.825 0.0
3.835 0.0
3.8449999999999998 0.0
3.855 0.0
3.8649999999999998 0.0
3.875 0.0
3.885 0.0
3.895 0.0
3.905 0.0
3.915 0.0
3.925 0.0
3.935 0.0
3.945 0.0
3.955 0.0
3.965 0.0
3.975 0.0
3.985 0.0
3.995 0.0
4.005 0.0
4.015 0.0
4.025 0.0
4.035 0.002658153602535829
4.045 0.003945721184643657
4.055 0.00579868836136604
4.065 0.008437041781834074
4.075 0.012153676874072206
4.085 0.017333338836190003
4.095 0.02447449971088423
4.1049999999999995 0.03679008064344833
4.115 0.05117712878620201
4.125 0.07050587618809603
4.135 0.09620284242161313
4.145 0.13000890099820236
4.155 0.17401660682745587
4.165 0.23070180760710665
4.175 0.3029456288862739
4.185 0.39404235339888705
4.195 0.5076883387285922
4.205 0.6479470272989405
4.215 0.819185391198193
4.225 1.0259779009527812
4.235 1.2729753666551762
4.245 1.5647377890342256
4.255 1.9079454827652804
4.265 2.302684314749542
4.275 2.7536742173088418
4.285 3.263028554090777
4.295 3.8316088827568064
4.305 4.458788115935288
4.315 5.142248305228877
4.325 5.8801722309908895
4.335 6.662928328093962
4.345 7.48421747621672
4.355 8.334399533564914
4.365 9.202261013941044
4.375 10.075320994214355
4.385 10.940229861782672
4.395 11.783246448687049
4.405 12.59077232772405
4.415 13.34991616793165
4.425 14.049056618659431
4.435 14.678369695776475
4.445 15.230286440248666
4.455 15.69984890407082
4.465 16.084937294092647
4.475 16.386348167098745
4.485 16.60771251434573
4.495 16.755252816546268
4.505 16.83738896823735
4.515 16.864213556732878
4.525 16.846866509464494
4.535 16.79684681918291
4.545 16.72530426315553
4.555 16.642356274067538
4.565 16.556474147679737
4.575 16.473978591374948
4.585 16.39867749546672
4.595 16.33166925575721
4.605 16.271323704558707
4.615 16.213440575125816
4.625 16.151573358658602
4.635 16.077495332050546
4.645 15.981775268861671
4.655 15.854423568296493
4.665 15.685565707563878
4.675 15.466099255503707
4.685 15.188293135451747
4.695 14.84629310278476
4.705 14.436505004760443
4.715 13.957836652580493
4.725 13.411789293968475
4.735 12.802399933145654
4.745 12.136045343218235
4.755 11.421126888159499
4.765 10.667661695873505
4.775 9.886809955230513
4.785 9.090369996560499
4.795 8.290272397037931
4.805 7.498101844756813
4.815 6.724671257365952
4.825 5.979667145738905
4.835 5.271378960246023
4.845 4.604745759385461
4.855 3.988960025275847
4.865 3.4248214915447917
4.875 2.9141604113914643
4.885 2.457317582272128
4.895 2.0533277036238093
4.905 1.7001324339621007
4.915 1.3930898440456876
4.925 1.132659771977311
4.935 0.9123707190906472
4.945 0.728083307786583
4.955 0.5755927677776354
4.965 0.45077629341874964
4.975 0.3497080360862644
4.985 0.26874268740260054
4.995 0.2045701624220611
5.005 0.15424497260129938
5.015 0.11519450535310571
5.025 0.08698716220652802
5.035 0.06506613810400838
5.045 0.04917578811686603
5.055 0.0381944997756855
5.065 0.029685026625153904
5.075 0.02685525034046731
5.085 0.027064504495191037
5.095 0.030299171463049338
5.105 0.03675598746061879
5.115 0.04684118402234958
5.125 0.06117183925329554
5.135 0.07901607561613391
5.145 0.1067730286116023
5.155 0.14085539420336785
5.165 0.18401475120503297
5.175 0.2380742954173471
5.185 0.30504797035196884
5.195 0.38711171695651286
5.205 0.4865592407055873
5.215 0.6057412381349407
5.225 0.7469879938953092
5.235 0.9125164584592208
5.245 1.1043242784458083
5.255 1.3257096167686642
5.265 1.5754043072425719
5.275 1.8552389195217875
5.285 2.1653117535983974
5.295 2.504999417828061
5.305 2.872903028732828
5.315 3.2684274551162478
5.325 3.6861686712717856
5.335 4.123586696380468
5.345 4.5764721148496434
5.355 5.040149931606944
5.365 5.509645636030564
5.375 5.983007665645447
5.385 6.4504817046058225
5.395 6.9096290191381975
5.405 7.356447694745012
5.415 7.787637885547126
5.425 8.200743579134961
5.435 8.595790193988897
5.445 8.969943148940864
5.455 9.324827109439783
5.465 9.66205273932624
5.475 9.984170446070305
5.485 10.294562465297956
5.495 10.598807684007626
5.505 10.899226880159395
5.515 11.201858414400865
5.525 11.511911489550156
5.535 11.834569939099893
5.545 12.174789257503736
5.555 12.537094398330947
5.565 12.925382251315114
5.575 13.342732893537018
5.585 13.791234161132884
5.595 14.271824693361882
5.605 14.78416120403657
5.615 15.326516162054588
5.625 15.895712148949897
5.635 16.48709877771316
5.645 17.094577127781722
5.655 17.7106751642395
5.665 18.326675618961882
5.675 18.932795431611215
5.685 19.518413240434825
5.695 20.07233876895856
5.705 20.583115479127798
5.715 21.039345751383664
5.725 21.430026279923695
5.735 21.744880469322332
5.745 21.974674467426546
5.755 22.111504090592867
5.765 22.14904125103783
5.775 22.082730484035032
5.785 21.909928646681653
5.795 21.629983635435046
5.805 21.244250843386045
5.815 20.756048848403157
5.825 20.170558309282097
5.835 19.49348521549789
5.845 18.736007881411105
5.855 17.90609902788183
5.865 17.014521752635588
5.875 16.07278570401928
5.885 15.09287093630407
5.895 14.086951250430793
5.905 13.067124581119808
5.915 12.045157185428621
5.925 11.032247588052268
5.935 10.038815466387941
5.945 9.074319902189945
5.955 8.145976489938008
5.965 7.263566315642538
5.975 6.43127417995221
5.985 5.653635435229354
5.995 4.93384116716276
6.005 4.273779321007814
6.015 3.6741085754653775
6.025 3.1343609700912793
6.035 2.6530681993524574
6.045 2.2279056412944436
6.055 1.8558476646708688
6.065 1.5322371326168138
6.075 1.2556759044438017
6.085 1.0204004806461517
6.095 0.8221731973574484
6.105 0.6567731417530771
6.115 0.5201020567176853
6.125 0.40720138737289596
6.135 0.3169492088749738
6.1450000000000005 0.24449081766607036
6.155 0.18689631062158316
6.165 0.14157234190641768
6.175 0.10626034186953132
6.185 0.07693222074536435
6.195 0.05684429973195532
6.205 0.04159986357112384
6.215 0.030151969673586028
6.225 0.02164466891341746
6.235 0.01538829818312396
6.245 0.009810743834420573
6.255 0.006879033034817942
6.265 0.004775401694049597
6.275 0.0032820823862405347
6.285 0.0022332950477932413
6.295 0.0015045262954516533
6.305 0.0
6.315 0.0
6.325 0.0
6.335 0.0
6.345 0.0
6.355 0.0
6.365 0.0
6.375 0.0
6.385 0.0
6.3950000000000005 0.0
6.405 0.0
6.415 0.0
6.425 0.0
6.435 0.0
6.445 0.0
6.455 0.0
6.465 0.0
6.475 0.0
6.485 0.0
6.495 0.0
6.505 0.0
6.515 0.0
6.525 0.0
6.535 0.0
6.545 0.0
6.555 0.0
6.565 0.0
6.575 0.0
6.585 0.0
6.595 0.0
6.605 0.0
6.615 0.0
6.625 0.0
6.635 0.0
6.6450000000000005 0.0
6.655 0.0
6.665 0.0
6.675 0.0
6.685 0.0
6.695 0.0
6.705 0.0
6.715 0.0
6.725 0.0
6.735 0.0
6.745 0.0
6.755 0.0
6.765 0.0
6.775 0.0
6.785 0.0
6.795 0.0
6.805 0.0
6.815 0.0
6.825 0.0
6.835 0.0
6.845 0.0
6.855 0.0
6.865 0.0
6.875 0.0
6.885 0.0
6.8950000000000005 0.0
6.905 0.0
6.915 0.0
6.925 0.0
6.935 0.0
6.945 0.0
6.955 0.0
6.965 0.0
6.975 0.0
6.985 0.0
6.995 0.0
