0.005 0.0
0.015 0.0
0.025 0.0
0.034999999999999996 0.0
0.045 0.0
0.055 0.0
0.065 0.0
0.07500000000000001 0.0
0.085 0.0
0.095 0.0
0.10500000000000001 0.0
0.115 0.0
0.125 0.0
0.135 0.0
0.14500000000000002 0.0
0.155 0.0
0.165 0.0
0.17500000000000002 0.0
0.185 0.0
0.195 0.0
0.20500000000000002 0.0
0.215 0.0
0.225 0.0
0.23500000000000001 0.0
0.245 0.0
0.255 0.0
0.265 0.0
0.275 0.0
0.28500000000000003 0.0
0.295 0.0
0.305 0.0
0.315 0.0
0.325 0.0
0.335 0.0
0.34500000000000003 0.0
0.35500000000000004 0.0
0.365 0.0
0.375 0.0
0.385 0.0
0.395 0.0
0.405 0.0
0.41500000000000004 0.0
0.425 0.0
0.435 0.0
0.445 0.0
0.455 0.0
0.465 0.0
0.47500000000000003 0.0
0.485 0.0
0.495 0.0
0.505 0.0
0.515 0.0
0.525 0.0
0.535 0.0
0.545 0.0
0.555 0.0
0.5650000000000001 0.0
0.5750000000000001 0.0
0.585 0.0
0.595 0.0
0.605 0.0
0.615 0.0
0.625 0.0
0.635 0.0
0.645 0.0
0.655 0.0
0.665 0.0
0.675 0.0
0.685 0.0
0.6950000000000001 0.0
0.7050000000000001 0.0
0.715 0.0
0.725 0.0
0.735 0.0
0.745 0.0
0.755 0.0
0.765 0.0
0.775 0.0
0.785 0.0
0.795 0.0
0.805 0.0
0.8150000000000001 0.0
0.8250000000000001 0.0
0.8350000000000001 0.0
0.845 0.0
0.855 0.0
0.865 0.0
0.875 0.0
0.885 0.0
0.895 0.0
0.905 0.0
0.915 0.0
0.925 0.0
0.935 0.0
0.9450000000000001 0.0
0.9550000000000001 0.0
0.965 0.0
0.975 0.0
0.985 0.0
0.995 0.0
1.005 0.0
1.015 0.0
1.025 0.0
1.035 0.0
1.045 0.0
1.055 0.0
1.065 0.0
1.075 0.0
1.085 0.0
1.095 0.0
1.105 0.0
1.115 0.0
1.125 0.0
1.135 0.0
1.145 0.0
1.155 0.0
1.1649999999999998 0.0
1.1749999999999998 0.0
1.1849999999999998 0.0
1.1949999999999998 0.0
1.2049999999999998 0.0
1.2149999999999999 0.0
1.2249999999999999 0.0
1.2349999999999999 0.0
1.2449999999999999 0.0
1.255 0.0
1.265 0.0
1.275 0.0
1.285 0.0
1.295 0.0
1.305 0.0
1.315 0.0
1.325 0.0
1.335 0.0
1.345 0.0
1.355 0.0
1.365 0.0
1.375 0.0
1.385 0.0
1.395 0.0
1.405 0.0
1.4149999999999998 0.0
1.4249999999999998 0.0
1.4349999999999998 0.0
1.4449999999999998 0.0
1.4549999999999998 0.0
1.4649999999999999 0.0
1.4749999999999999 0.0
1.4849999999999999 0.0
1.4949999999999999 0.0
1.505 0.0
1.515 0.0
1.525 0.0
1.535 0.0
1.545 0.0
1.555 0.0
1.565 0.0
1.575 0.0
1.585 0.0
1.595 0.0
1.605 0.0
1.615 0.0
1.625 0.012750187396447659
1.635 0.018926176602565983
1.645 0.027814180185255288
1.655 0.04046939337419013
1.665 0.05829672805682196
1.6749999999999998 0.0831416657625479
1.6849999999999998 0.11739519396109534
1.6949999999999998 0.16411148266923983
1.7049999999999998 0.22713532137156697
1.7149999999999999 0.3112342889565995
1.7249999999999999 0.4222282181913866
1.7349999999999999 0.5671058492339919
1.7449999999999999 0.7541158242369438
1.755 0.9928166150110164
1.765 1.2940679292727861
1.775 1.669944997528984
1.785 2.1335573207229115
1.795 2.6987553635766655
1.805 3.3797126472516923
1.815 4.190376934021673
1.825 5.143792718155156
1.835 6.251307802599836
1.845 7.521688823002266
1.855 8.960183352936909
1.865 10.567578588846148
1.875 12.339317268870268
1.885 14.264739032905563
1.895 16.326518542332412
1.905 18.500369230210833
1.915 20.755072824646735
1.9249999999999998 23.05287960504049
1.9349999999999998 25.35030319383871
1.9449999999999998 27.599307733111132
1.9549999999999998 29.748856380908133
1.9649999999999999 31.74676055199539
1.9749999999999999 33.54174190756094
1.9849999999999999 35.0855965051765
1.9949999999999999 36.33533523575197
2.005 37.25516862654055
2.015 37.818208397262964
2.025 38.00777295571942
2.035 37.818208397262964
2.045 37.25516862654055
2.0549999999999997 36.33533523575197
2.065 35.0855965051765
2.0749999999999997 33.54174190756094
2.085 31.74676055199539
2.0949999999999998 29.748856380908133
2.105 27.599307733111132
2.1149999999999998 25.35030319383871
2.125 23.05287960504049
2.135 20.755072824646735
2.145 18.500369230210833
2.155 16.326518542332412
2.165 14.264739032905563
2.175 12.339317268870268
2.185 10.567578588846148
2.195 8.960183352936909
2.205 7.521688823002266
2.215 6.251307802599836
2.225 5.143792718155156
2.235 4.190376934021673
2.245 3.3797126472516923
2.255 2.6987553635766655
2.265 2.1335573207229115
2.275 1.669944997528984
2.285 1.2940679292727861
2.295 0.9928166150110164
2.305 0.7541158242369438
2.315 0.5671058492339919
2.3249999999999997 0.4222282181913866
2.335 0.3112342889565995
2.3449999999999998 0.22713532137156697
2.355 0.16411148266923983
2.3649999999999998 0.11739519396109534
2.375 0.0831416657625479
2.385 0.05829672805682196
2.395 0.04046939337419013
2.405 0.027814180185255288
2.415 0.018926176602565983
2.425 0.012750187396447659
2.435 0.0
2.445 0.0
2.455 0.0
2.465 0.0
2.475 0.0
2.485 0.0
2.495 0.0
2.505 0.0
2.515 0.0
2.525 0.0
2.535 0.0
2.545 0.0
2.555 0.0
2.565 0.0
2.5749999999999997 0.0
2.585 0.0
2.5949999999999998 0.0
2.605 0.0
2.6149999999999998 0.0
2.625 0.0
2.635 0.0
2.645 0.0
2.655 0.0
2.665 0.0
2.675 0.0
2.685 0.0
2.695 0.0
2.705 0.0
2.715 0.0
2.725 0.0
2.735 0.0
2.745 0.0
2.755 0.0
2.765 0.0
2.775 0.0
2.785 0.0
2.795 0.0
2.805 0.0
2.815 0.0
2.8249999999999997 0.0
2.835 0.0
2.8449999999999998 0.0
2.855 0.0
2.8649999999999998 0.0
2.875 0.0
2.885 0.0
2.895 0.0
2.905 0.0
2.915 0.0
2.925 0.0
2.935 0.0
2.945 0.0
2.955 0.0
2.965 0.0
2.975 0.0
2.985 0.0
2.995 0.0
3.005 0.0
3.015 0.0
3.025 0.0
3.035 0.0
3.045 0.0
3.055 0.0
3.065 0.0
3.075 0.0
3.085 0.0
3.0949999999999998 0.0
3.105 0.0
3.1149999999999998 0.0
3.125 0.0
3.135 0.0
3.145 0.0
3.155 0.0
3.165 0.0
3.175 0.0
3.185 0.0
3.195 0.0
3.205 0.0
3.215 0.0
3.225 0.0
3.235 0.0
3.245 0.0
3.255 0.0
3.265 0.0
3.275 0.0
3.285 0.0
3.295 0.0038294672083214907
3.305 0.005684400583682464
3.315 0.008353876506588155
3.325 0.012154818595866456
3.335 0.017509186453858218
3.3449999999999998 0.024971262992699955
3.355 0.03525917162706239
3.3649999999999998 0.04929021996696067
3.375 0.06821917498140592
3.385 0.0934779597040761
3.395 0.1268145373645579
3.405 0.17032794779894342
3.415 0.22649563731089153
3.425 0.29818845424348006
3.435 0.38866806788042274
3.445 0.5015612248585047
3.455 0.6408053107563743
3.465 0.8105602566263433
3.475 1.015083022215477
3.485 1.2585627615021242
3.495 1.5449173355731316
3.505 1.8809836772271138
3.515 2.264198269493335
3.525 2.698634364898471
3.535 3.184812148350803
3.545 3.721740660994949
3.555 4.306714377144105
3.565 4.935172664341835
3.575 5.600642450469766
3.585 6.294781360165444
3.5949999999999998 7.007533472121795
3.605 7.727402846000572
3.6149999999999998 8.441841455531684
3.625 9.137738742583279
3.635 9.80199045523571
3.645 10.422115647094163
3.655 10.986883621772634
3.665 11.486908063716921
3.675 11.915164292361544
3.685 12.267387937733533
3.695 12.542319458281076
3.705 12.741768535066418
3.715 12.87048484491283
3.725 12.935836081621666
3.735 12.947309161848231
3.745 12.915864994768771
3.755 12.853189687399292
3.765 12.770894410389978
3.775 12.679721430638885
3.785 12.588814452763867
3.795 12.505107247994047
3.805 12.432875875517578
3.815 12.373487326136955
3.825 12.325362203468217
3.835 12.28415241921121
3.8449999999999998 12.243118259043971
3.855 12.193674007184967
3.8649999999999998 12.12605888762905
3.875 12.0300814097306
3.885 11.895880958071256
3.895 11.714650889881218
3.905 11.47927231738573
3.915 11.184816576523563
3.925 10.828886203557131
3.935 10.411777908728602
3.945 9.936465287564753
3.955 9.40841259316448
3.965 8.835242685759589
3.975 8.22902295362942
3.985 7.59614103876393
3.995 6.94974963031487
4.005 6.30132171390152
4.015 5.661976606167136
4.025 5.042055681237762
4.035 4.450790570675659
4.045 3.8960757617678867
4.055 3.384348569212015
4.065 2.9205712364942644
4.075 2.50830299312875
4.085 2.149844624777613
4.095 1.8464346869944
4.1049999999999995 1.595920752017883
4.115 1.4040759278619797
4.125 1.2666061599704064
4.135 1.1828121810513244
4.145 1.1519105669929148
4.155 1.1756463374308421
4.165 1.2494638132417042
4.175 1.3744676427640086
4.185 1.5500503317779457
4.195 1.7754473896835379
4.205 2.049577403018068
4.215 2.3708634213938238
4.225 2.7370533859921755
4.235 3.1450583178911478
4.245 3.5908266950770713
4.255 4.069271757635647
4.265 4.574265346152707
4.275 5.098707366387089
4.285 5.634674286278401
4.295 6.173643556191974
4.305 6.7067839825747
4.315 7.223008627180905
4.325 7.721607584689224
4.335 8.188076983739101
4.345 8.617669227349094
4.355 9.005488804021622
4.365 9.348276068071218
4.375 9.644528805005894
4.385 9.894512028938303
4.395 10.100153568008484
4.405 10.264832729278496
4.415 10.39307874904964
4.425 10.490203836726476
4.435 10.564138042179561
4.445 10.61716381148414
4.455 10.656190573961542
4.465 10.68598416538825
4.475 10.71044912182164
4.485 10.732521193241354
4.495 10.754165615726944
4.505 10.776474188272182
4.515 10.799844271596884
4.525 10.824214817012816
4.535 10.849329295617537
4.545 10.874993468199978
4.555 10.901297473297282
4.565 10.928776481010603
4.575 10.958491569156578
4.585 10.992021647381572
4.595 11.031367130575337
4.605 11.078775546116104
4.615 11.13650733661872
4.625 11.206565979912842
4.635 11.29248204876416
4.645 11.391803366924695
4.655 11.50569558364413
4.665 11.632831426019283
4.675 11.770704591602343
4.685 11.915654071776135
4.695 12.064987505377722
4.705 12.210086839822187
4.715 12.346244850796044
4.725 12.467142593206228
4.735 12.566529542588368
4.745 12.638570317931576
4.755 12.678182288696975
4.765 12.681346627359378
4.775 12.645377543681452
4.785 12.56925973725332
4.795 12.454867153161576
4.805 12.303305436709726
4.815 12.118901536638457
4.825 11.907702404004306
4.835 11.67732521420767
4.845 11.436726911824472
4.855 11.195898485280628
4.865 10.965492944763689
4.875 10.756399809751702
4.885 10.579282753973953
4.895 10.444100548849207
4.905 10.359634181830812
4.915 10.333044599045424
4.925 10.369485594262061
4.935 10.471794723160631
4.945 10.64028171164718
4.955 10.87262878313186
4.965 11.164046693834383
4.975 11.508323726633602
4.985 11.896545924101463
4.995 12.31473274261095
5.005 12.751563750401608
5.015 13.193679182457005
5.025 13.6274333697454
5.035 14.039449443666653
5.045 14.417151085018645
5.055 14.749247266906009
5.065 15.026150058913828
5.075 15.240310567389592
5.085 15.3864634437892
5.095 15.461775576155965
5.105 15.465899145322163
5.115 15.400932868202439
5.125 15.271297823129764
5.135 15.08197381377341
5.145 14.8450072997238
5.155 14.568043918661855
5.165 14.262187220497157
5.175 13.93923854828119
5.185 13.611245037056058
5.195 13.290025341402785
5.205 12.986686632239405
5.215 12.711148925820272
5.225 12.471695437794214
5.235 12.274569906543025
5.245 12.122151446435893
5.255 12.019186040896033
5.265 11.96202018599774
5.275 11.946468070276298
5.285 11.96571569308102
5.295 12.010600227442985
5.305 12.070021454427465
5.315 12.131469018190382
5.325 12.183235255020813
5.335 12.209481738727195
5.345 12.198524448087237
5.355 12.1388933267351
5.365 12.021009496983059
5.375 11.837697385976716
5.385 11.58456491084446
5.395 11.260230129979053
5.405 10.866383635032406
5.415 10.40768747338155
5.425 9.891522506961223
5.435 9.32760584722138
5.445 8.726131985054444
5.455 8.103192148752491
5.465 7.470385396633568
5.475 6.841497995914342
5.485 6.2299026709425664
5.495 5.648078233052283
5.505 5.105862015981171
5.515 4.61596213828018
5.525 4.184152180885109
5.535 3.8162185469481136
5.545 3.5158914266939623
5.555 3.2848579904724393
5.565 3.1228320764815756
5.575 3.0276689600464337
5.585 2.995515216590075
5.595 3.019688729096444
5.605 3.0965067128668484
5.615 3.2162547380683666
5.625 3.370264281439657
5.635 3.5492227313084888
5.645 3.7434413120126857
5.655 3.9431337382520595
5.665 4.138701265396866
5.675 4.321017524836395
5.685 4.481704293331495
5.695 4.613387539504083
5.705 4.709922067589699
5.715 4.766573091141303
5.725 4.780144240853338
5.735 4.749043818681119
5.745 4.673284389463096
5.755 4.554414763574694
5.765 4.395387695748129
5.775 4.199159249346764
5.785 3.973711742491028
5.795 3.7219464491637435
5.805 3.4530115746753496
5.815 3.1716335495197288
5.825 2.8841977079846486
5.835 2.5967139244856803
5.845 2.314622877697976
5.855 2.0426475202199064
5.865 1.7846936403862383
5.875 1.5437997853070606
5.885 1.3221335671329109
5.895 1.1210287275352926
5.905 0.9410554358134723
5.915 0.7821152040469059
5.925 0.6435514964823489
5.935 0.5242674995818953
5.945 0.4228434641509481
5.955 0.33764736412093127
5.965 0.26693416352798766
5.975 0.2089305812051529
5.985 0.16190375430447032
5.995 0.1242135236258187
6.005 0.0943491298737179
6.015 0.07095189054766654
6.025 0.052825923703161616
6.035 0.038939223135429184
6.045 0.028417411816916458
6.055 0.020532357357433594
6.065 0.014687577220373452
6.075 0.010402041130598496
6.085 0.007293634995938936
6.095 0.005063216986907233
6.105 0.003479894751293672
6.115 0.0023678965974427827
6.125 0.0015952046727025148
6.135 0.0
6.1450000000000005 0.0012205290463809468
6.155 0.0018117340210076556
6.165 0.0026625502639150036
6.175 0.003873987774985756
6.185 0.005580533657265795
6.195 0.007958849142559156
6.205 0.011237814761449118
6.215 0.015709795096678903
6.225 0.02174283785588175
6.235 0.029793326018650243
6.245 0.04041837099961678
6.255 0.054286979464746296
6.265 0.07336573858421423
6.275 0.09678580466720031
6.285 0.12761389457495173
6.295 0.16533014797115986
6.305 0.21217126996012245
6.315 0.2697302957550213
6.325 0.3397136310519228
6.335 0.42390771527469434
6.345 0.5241355586788963
6.355 0.642203789353924
6.365 0.779841629938028
6.375 0.9386340124581869
6.385 1.1199517489243773
6.3950000000000005 1.3248822142916414
6.405 1.5541642808878238
6.415 1.8081312007549175
6.425 2.086664726706234
6.435 2.3891629983029614
6.445 2.7145236482319968
6.455 3.0611423099898056
6.465 3.4269253741477375
6.475 3.8093146203929225
6.485 4.205320424831691
6.495 4.611559765713748
6.505 5.02539191731972
6.515 5.441100524468772
6.525 5.8562366762995515
6.535 6.264647322890093
6.545 6.6624303944860666
6.555 7.044822088496154
6.565 7.406976202933871
6.575 7.7440312874537565
6.585 8.05119830103605
6.595 8.323872942788487
6.605 8.55777443784153
6.615 8.749109305190956
6.625 8.894754815549105
6.635 8.992452884472105
6.6450000000000005 9.041001525199087
6.655 9.040428200433585
6.665 8.992127901047983
6.675 8.900039121028911
6.685 8.766829067263778
6.695 8.600118240559931
6.705 8.405328084793435
6.715 8.191400919231729
6.725 7.967326524721459
6.735 7.7425102071227005
6.745 7.526364997645031
6.755 7.3278835530516755
6.765 7.1552168746565785
6.775 7.015287801204037
6.785 6.91346580503569
6.795 6.853325983447034
6.805 6.836509533051475
6.815 6.862695844434558
6.825 6.929688218167399
6.835 7.033606737647267
6.845 7.1691737384070855
6.855 7.330070272813282
6.865 7.509336597784385
6.875 7.699786500800358
6.885 7.894404544182162
6.8950000000000005 8.08669716120557
6.905 8.270972866049298
6.915 8.44370324516619
6.925 8.599501551305575
6.935 8.737859062772417
6.945 8.855524746484775
6.955 8.951901352666955
6.965 9.02895208230243
6.975 9.085936973109005
6.985 9.123467165932261
6.995 9.142078236918664
