0.005 0.0
0.015 0.0
0.025 0.0
0.034999999999999996 0.0
0.045 0.0
0.055 0.0
0.065 0.0
0.07500000000000001 0.0
0.085 0.0
0.095 0.0
0.10500000000000001 0.0
0.115 0.0
0.125 0.0
0.135 0.0
0.14500000000000002 0.0
0.155 0.0
0.165 0.0
0.17500000000000002 0.0
0.185 0.0
0.195 0.0
0.20500000000000002 0.0
0.215 0.0
0.225 0.0
0.23500000000000001 0.0
0.245 0.0
0.255 0.0
0.265 0.0
0.275 0.0
0.28500000000000003 0.0
0.295 0.0
0.305 0.0
0.315 0.0
0.325 0.0
0.335 0.0
0.34500000000000003 0.0
0.35500000000000004 0.0
0.365 0.0
0.375 0.0
0.385 0.0
0.395 0.0
0.405 0.0
0.41500000000000004 0.0
0.425 0.0
0.435 0.0
0.445 0.0
0.455 0.0
0.465 0.0
0.47500000000000003 0.0
0.485 0.0
0.495 0.0
0.505 0.0
0.515 0.0
0.525 0.0
0.535 0.0
0.545 0.0
0.555 0.0
0.5650000000000001 0.0
0.5750000000000001 0.0
0.585 0.0
0.595 0.0
0.605 0.0
0.615 0.0
0.625 0.0
0.635 0.0
0.645 0.0
0.655 0.0
0.665 0.0
0.675 0.0
0.685 0.0
0.6950000000000001 0.0
0.7050000000000001 0.0
0.715 0.0
0.725 0.0
0.735 0.0
0.745 0.0
0.755 0.0
0.765 0.0
0.775 0.0
0.785 0.0
0.795 0.0
0.805 0.0
0.8150000000000001 0.0
0.8250000000000001 0.0
0.8350000000000001 0.0
0.845 0.0
0.855 0.0
0.865 0.0
0.875 0.0
0.885 0.0
0.895 0.0
0.905 0.0
0.915 0.0
0.925 0.0
0.935 0.0
0.9450000000000001 0.0
0.9550000000000001 0.0
0.965 0.0
0.975 0.0
0.985 0.0
0.995 0.0
1.005 0.0
1.015 0.0
1.025 0.0
1.035 0.0
1.045 0.0
1.055 0.0
1.065 0.0
1.075 0.0
1.085 0.0
1.095 0.0
1.105 0.0
1.115 0.0
1.125 0.0
1.135 0.0
1.145 0.0
1.155 0.0
1.1649999999999998 0.0
1.1749999999999998 0.0
1.1849999999999998 0.0
1.1949999999999998 0.0
1.2049999999999998 0.0
1.2149999999999999 0.0
1.2249999999999999 0.0
1.2349999999999999 0.0
1.2449999999999999 0.019321211900858757
1.255 0.028680101495067747
1.265 0.04214868789753716
1.275 0.061325979028338654
1.285 0.08834093185378689
1.295 0.12599012799106948
1.305 0.17789679070102823
1.315 0.24868910812243597
1.325 0.3441933469630721
1.335 0.47163413844560187
1.345 0.6398306644866023
1.355 0.859373430567711
1.365 1.142762155945428
1.375 1.5044814323800124
1.385 1.9609877014475177
1.395 2.5305793677217663
1.405 3.233122134957875
1.4149999999999998 4.089604538892623
1.4249999999999998 5.121504664296588
1.4349999999999998 6.349958488395299
1.4449999999999998 7.794733205980923
1.4549999999999998 9.473024901984937
1.4649999999999999 11.398118245857129
1.4749999999999999 13.577965236877592
1.4849999999999999 16.013758766475913
1.4949999999999999 18.698592910892586
1.505 21.61631331332494
1.515 24.740665729163435
1.525 28.034847098844995
1.535 31.45155028658491
1.545 34.93357061544589
1.555 38.41501026844809
1.565 41.82307729665367
1.575 45.080432159285856
1.585 48.10799000192128
1.595 50.82804532743244
1.605 53.167551477197414
1.615 55.06136417840417
1.625 56.45524924881993
1.635 57.30846107861387
1.645 57.59572093519059
1.655 57.30846107861387
1.665 56.45524924881993
1.6749999999999998 55.06136417840417
1.6849999999999998 53.167551477197414
1.6949999999999998 50.82804532743244
1.7049999999999998 48.10799000192128
1.7149999999999999 45.080432159285856
1.7249999999999999 41.82307729665367
1.7349999999999999 38.41501026844809
1.7449999999999999 34.93357061544589
1.755 31.45155028658491
1.765 28.034847098844995
1.775 24.740665729163435
1.785 21.61631331332494
1.795 18.698592910892586
1.805 16.013758766475913
1.815 13.577965236877592
1.825 11.398118245857129
1.835 9.483491648972556
1.845 7.810269879739714
1.855 6.372791406658777
1.865 5.154726364340627
1.875 4.137460863180593
1.885 3.3013738988423977
1.895 2.62695017032625
1.905 2.0957083383646276
1.915 1.6909389225193383
1.9249999999999998 1.3982572679065117
1.9349999999999998 1.2059844875999919
1.9449999999999998 1.105373111398771
1.9549999999999998 1.0906948068281608
1.9649999999999999 1.1592057064927634
1.9749999999999999 1.3110014631756524
1.9849999999999999 1.5487701142762988
1.9949999999999999 1.8774471038948541
2.005 2.303774218732877
2.015 2.8357634103946308
2.025 3.4820679445649954
2.035 4.251267210503876
2.045 5.151077716889173
2.0549999999999997 6.174624057047193
2.065 7.355497546961118
2.0749999999999997 8.675023191584458
2.085 10.129459892425183
2.0949999999999998 11.710056461086369
2.105 13.402590366544127
2.1149999999999998 15.187124540937827
2.125 17.03803161557506
2.135 18.92432249499518
2.145 20.810298808883555
2.155 22.656527476324886
2.165 24.421111880812774
2.175 26.061209929105377
2.185 27.53472675768409
2.195 28.80209130351157
2.205 29.828013408562818
2.215 30.58311316300486
2.225 31.0453177283872
2.235 31.200933031087473
2.245 31.0453177283872
2.255 30.58311316300486
2.265 29.828013408562818
2.275 28.80209130351157
2.285 27.53472675768409
2.295 26.061209929105377
2.305 24.421111880812774
2.315 22.656527476324886
2.3249999999999997 20.810298808883555
2.335 18.92432249499518
2.3449999999999998 17.03803161557506
2.355 15.187124540937827
2.3649999999999998 13.402590366544127
2.375 11.710056461086369
2.385 10.129459892425183
2.395 8.675023191584458
2.405 7.355497546961118
2.415 6.174624057047193
2.425 5.1317565049883145
2.435 4.222587109008808
2.445 3.439919256667458
2.455 2.7744374313662923
2.465 2.2154332868790902
2.475 1.7514569759037846
2.485 1.3708733235752706
2.495 1.0623123550532163
2.505 0.8150123595296913
2.515 0.619060668382559
2.525 0.4655424469121687
2.535 0.3466110570322808
2.545 0.2554951119610839
2.555 0.18645749013932592
2.565 0.1347206369171099
2.5749999999999997 0.09637080260448344
2.585 0.06825176388452286
2.5949999999999998 0.047856324287969355
2.605 0.03322170004403882
2.6149999999999998 0.022832918263477456
2.625 0.015536673758790571
2.635 0.01046674698761889
2.645 0.0
2.655 0.0
2.665 0.0
2.675 0.0
2.685 0.0
2.695 0.0
2.705 0.0
2.715 0.0
2.725 0.0
2.735 0.0
2.745 0.0
2.755 0.0
2.765 0.0
2.775 0.0
2.785 0.0
2.795 0.0
2.805 0.0
2.815 0.0
2.8249999999999997 0.0
2.835 0.0
2.8449999999999998 0.0
2.855 0.0
2.8649999999999998 0.0
2.875 0.0
2.885 0.0
2.895 0.0
2.905 0.0
2.915 0.0
2.925 0.0
2.935 0.0
2.945 0.0
2.955 0.0
2.965 0.0
2.975 0.0
2.985 0.0
2.995 0.0
3.005 0.0
3.015 0.0
3.025 0.0
3.035 0.0
3.045 0.0
3.055 0.0
3.065 0.0
3.075 0.004329697830406885
3.085 0.006426935010920557
3.0949999999999998 0.009445115735020354
3.105 0.013742562304529896
3.1149999999999998 0.01979635350753869
3.125 0.028233176397769018
3.135 0.039864960473848715
3.145 0.055728838201690487
3.155 0.07713041993604247
3.165 0.10568867607538542
3.175 0.14337990049849353
3.185 0.19257732366534228
3.195 0.25608201248743107
3.205 0.3371398247215363
3.215 0.4394384907105403
3.225 0.5670785069962602
3.235 0.7245115867988284
3.245 0.9164410591904197
3.255 1.1476799564750957
3.265 1.422964647945139
3.275 1.7467247719091623
3.285 2.122813805674974
3.295 2.5542087159457787
3.305 3.042691469308718
3.315 3.588529381264553
3.325 4.190174900693203
3.335 4.844007991545221
3.3449999999999998 5.544145330015237
3.355 6.2823397042844356
3.3649999999999998 7.047990040040253
3.375 7.828277319154042
3.385 8.608434474390572
3.395 9.372149529823876
3.405 10.105702691065472
3.415 10.785898530209998
3.425 11.39795413920441
3.435 11.925799328530433
3.445 12.355233808086172
3.455 12.674626917324405
3.465 12.875525159491584
3.475 12.953128850428852
3.485 12.906607007012102
3.495 12.739229905328553
3.505 12.458310625574887
3.515 12.07495929768697
3.525 11.603665554773283
3.535 11.061734861209317
3.545 10.468612080894875
3.555 9.845130352843181
3.565 9.212724854617225
3.575 8.592649519963668
3.585 8.005230710739717
3.5949999999999998 7.469185938110938
3.605 7.001028830294417
3.6149999999999998 6.6145745154701245
3.625 6.32055319175244
3.635 6.126334460441971
3.645 6.035761316321381
3.655 6.049090550953812
3.665 6.163035500355177
3.675 6.37090711840486
3.685 6.662849720575665
3.695 7.026167835388989
3.705 7.445739919147486
3.715 7.904512895915385
3.725 8.3840684711483
3.735 8.865248080694247
3.745 9.331861680437234
3.755 9.760672947546366
3.765 10.136557642503677
3.775 10.444345888604117
3.785 10.67143523052099
3.795 10.80827729807088
3.805 10.848741709031481
3.815 10.790337074976007
3.825 10.634276792741058
3.835 10.385386368281427
3.8449999999999998 10.051858508494488
3.855 9.644871245315516
3.8649999999999998 9.178092085325655
3.875 8.667096915822587
3.885 8.12584787644525
3.895 7.57857059123387
3.905 7.038519469578917
3.915 6.522605493244081
3.925 6.046528192955531
3.935 5.62430841583648
3.945 5.270670926083495
3.955 4.991005479124835
3.965 4.794328523992636
3.975 4.68514105298432
3.985 4.665226862332451
3.995 4.7336761511146355
4.005 4.886977647352757
4.015 5.11917667285707
4.025 5.422097757914704
4.035 5.785630907105624
4.045 6.1980799721014295
4.055 6.646569575929971
4.065 7.117503665170357
4.075 7.59706430187692
4.085 8.071734232788748
4.095 8.528821747724578
4.1049999999999995 8.956962109404843
4.115 9.346567142185283
4.125 9.690194036231256
4.135 9.98280648315887
4.145 10.22190606265052
4.155 10.407519187669685
4.165 10.542034413822845
4.175 10.629895771905655
4.185 10.677169029545023
4.195 10.691008357110828
4.205 10.679059700416964
4.215 10.646434686913906
4.225 10.605570117488575
4.235 10.558529912235834
4.245 10.509295687629375
4.255 10.459886774487188
4.265 10.410248496591059
4.275 10.358305166967268
4.285 10.30017205886601
4.295 10.230507751644474
4.305 10.142977150033836
4.315 10.030787105773776
4.325 9.887251633250534
4.335 9.706342563346686
4.345 9.483184110018282
4.355 9.214455861690004
4.365 8.898677474605368
4.375 8.536358928533616
4.385 8.130011569028413
4.395 7.6840262488864415
4.405 7.204434727394429
4.415 6.698578302659405
4.425 6.17471290065406
4.435 5.641582269426007
4.445 5.107990560544148
4.455 4.582402714590457
4.465 4.072596202610271
4.475 3.58538144673959
4.485 3.126401344980642
4.495 2.700013433711723
4.505 2.3092519297678433
4.515 1.9558616619441904
4.525 1.6425475625068993
4.535 1.3655363731658448
4.545 1.1250063633482434
4.555 0.9170154003596663
4.565 0.7439483816395526
4.575 0.6002408501550239
4.585 0.48326749064440433
4.595 0.39046606871673323
4.605 0.3194781810193743
4.615 0.26826237160561084
4.625 0.23517972694340697
4.635 0.22111534497597407
4.645 0.22226180482098004
4.655 0.23994547131113442
4.665 0.27465496258784555
4.675 0.3273948528528157
4.685 0.39964438794475426
4.695 0.49329675252840344
4.705 0.6105787455549087
4.715 0.7539509313436253
4.725 0.9259889193935203
4.735 1.129247377506432
4.745 1.366109638403808
4.755 1.6367800746096417
4.765 1.9471352448623305
4.775 2.2953918781076483
4.785 2.6817009469469055
4.795 3.1052539454723744
4.805 3.564185362391646
4.815 4.055510074530468
4.825 4.575102241333861
4.835 5.117720082565687
4.845 5.677078242750095
4.855 6.24596651195228
4.865 6.816410749465873
4.875 7.379869221389397
4.885 7.927455467056822
4.895 8.450177447042352
4.905 8.939182206274289
4.915 9.38599561818754
4.925 9.78274786600558
4.935 10.122376982672362
4.945 10.39880476775874
4.955 10.608904718775225
4.965 10.746203828363821
4.975 10.809638894418931
4.985 10.798334088979997
4.995 10.712842499910543
5.005 10.555143484300537
5.015 10.328612852636585
5.025 10.037966329950004
5.035 9.689176315904342
5.045 9.289361796630118
5.055 8.84665146555101
5.065 8.370020727489917
5.075 7.869104244872187
5.085 7.353986918532766
5.095 6.836709048889723
5.105 6.324940600657234
5.115 5.829978660522431
5.125 5.361501627510903
5.135 4.928500363644957
5.145 4.539071492054176
5.155 4.200233819955482
5.165 3.91777296747655
5.175 3.6961181745819958
5.185 3.538254172335909
5.195 3.4456700335651584
5.205 3.4183460979582803
5.215 3.454779373168045
5.225 3.552047169846277
5.235 3.7059080267239866
5.245 3.9109381117900557
5.255 4.160700167088588
5.265 4.447940675518224
5.275 4.764809322906066
5.285 5.103093143537429
5.295 5.454456178047421
5.305 5.8106742877410955
5.315 6.163854211644937
5.325 6.506626233909806
5.335 6.830863386670572
5.345 7.13403450474897
5.355 7.40902043188133
5.365 7.651718427356956
5.375 7.858867587788903
5.385 8.027991858264777
5.395 8.157315608449746
5.405 8.245664271839157
5.415 8.292363215440782
5.425 8.297147235318233
5.435 8.260090917267913
5.445 8.181721613558835
5.455 8.063597501567248
5.465 7.905801736329264
5.475 7.709819077193475
5.485 7.477564750678454
5.495 7.21145899392245
5.505 6.9144939096093
5.515 6.590281410534059
5.525 6.24307283698564
5.535 5.877743673170718
5.545 5.49974027832206
5.555 5.1149892311021965
5.565 4.729773312279685
5.575 4.350580933282622
5.585 3.983937681400076
5.595 3.6362294619737345
5.605 3.313526490007129
5.615 3.0214162716681794
5.625 2.7662922807167325
5.635 2.5501585458082063
5.645 2.3773750798148097
5.655 2.2504091500467354
5.665 2.1707398842357266
5.675 2.1388251266428053
5.685 2.1540903229420163
5.695 2.2149390802906446
5.705 2.3187858270806325
5.715 2.4621117726048305
5.725 2.640545866424569
5.735 2.8489724427176304
5.745 3.081666544494068
5.755 3.3324565006332225
5.765 3.593695169985145
5.775 3.8617442543731206
5.785 4.128522502967987
5.795 4.388141594866049
5.805 4.6352965969068345
5.815 4.8654540992641735
5.825 5.075001555893278
5.835 5.261346048844729
5.845 5.422953488925679
5.855 5.5593232615925405
5.865 5.670898208886197
5.875 5.7589151573996755
5.885 5.825206426318866
5.895 5.87196732163578
5.905 5.900353131145305
5.915 5.915247499709646
5.925 5.916809388248618
5.935 5.90639051965538
5.945 5.884690452060175
5.955 5.851709541559012
5.965 5.806771975652129
5.975 5.749902699734243
5.985 5.677453678086765
5.995 5.588420766431181
6.005 5.4809470648267755
6.015 5.353416483665814
6.025 5.204677824847523
6.035 5.034239170381479
6.045 4.842417513674987
6.055 4.630432958431809
6.065 4.400441885337525
6.075 4.15550870382242
6.085 3.899520642113501
6.095 3.6370540389264128
6.105 3.373203463780067
6.115 3.1133865412181345
6.125 2.863137578497672
6.135 2.627902136544709
6.1450000000000005 2.41284280031289
6.155 2.2226639363019967
6.165 2.06146054230542
6.175 1.9325937507682918
6.185 1.8385934357881877
6.195 1.781086895603819
6.205 1.7607518268561102
6.215 1.7772917484251243
6.225 1.8294325419004878
6.235 1.914939643562102
6.245 2.0306563934022135
6.255 2.1715441302307386
6.265 2.3351968157586196
6.275 2.5146740471162112
6.285 2.704023463926209
6.295 2.8980838159296116
6.305 3.0885735475252667
6.315 3.2698496410431934
6.325 3.4357548999397105
6.335 3.5806222900472076
6.345 3.699493581012892
6.355 3.788318933658362
6.365 3.844126174810477
6.375 3.8662886212856082
6.385 3.852600561961432
6.3950000000000005 3.804724412703188
6.405 3.7248685048606354
6.415 3.6164672958713746
6.425 3.484052066106771
6.435 3.3321185140382275
6.445 3.169090905744395
6.455 3.000245720998029
6.465 2.832541810872506
6.475 2.6729453759333666
6.485 2.52820359129618
6.495 2.404634510902725
6.505 2.3079391556942843
6.515 2.243039635262595
6.525 2.2139453014267096
6.535 2.223647460586256
6.545 2.275126166104919
6.555 2.3674893013304152
6.565 2.501107971195629
6.575 2.6744859088533754
6.585 2.8860873869020307
6.595 3.1306298252766447
6.605 3.404271236289479
6.615 3.702700007004065
6.625 4.018230604505836
6.635 4.345079584352564
6.6450000000000005 4.676469630290338
6.655 5.00665563987463
6.665 5.327356678857023
6.675 5.633165417755894
6.685 5.918663543008963
6.695 6.179384948541184
6.705 6.4120310724670215
6.715 6.614649022177442
6.725 6.786760654084475
6.735 6.929432087169699
6.745 7.045275231514465
6.755 7.13837574322492
6.765 7.214145263556713
6.775 7.279099702962586
6.785 7.339711428477779
6.795 7.4057852606369385
6.805 7.483948899380142
6.815 7.5817617776854185
6.825 7.707146476915163
6.835 7.863977825440726
6.845 8.057135189467521
6.855 8.28890085847997
6.865 8.55949466063416
6.875 8.86694444417137
6.885 9.207063546435524
6.8950000000000005 9.573541025672064
6.905 9.959310640154612
6.915 10.352757924981246
6.925 10.743671890544363
6.935 11.120347494279414
6.945 11.47089275922276
6.955 11.783781096094891
6.965 12.048397646205737
6.975 12.255550217257532
6.985 12.397916892829482
6.995 12.470405595742827
