0.005 0.0
0.015 0.0
0.025 0.0
0.034999999999999996 0.0
0.045 0.0
0.055 0.0
0.065 0.0
0.07500000000000001 0.0
0.085 0.0
0.095 0.0
0.10500000000000001 0.0
0.115 0.0
0.125 0.0
0.135 0.0
0.14500000000000002 0.0
0.155 0.0
0.165 0.0
0.17500000000000002 0.0
0.185 0.0
0.195 0.0
0.20500000000000002 0.0
0.215 0.0
0.225 0.0
0.23500000000000001 0.0
0.245 0.0
0.255 0.0
0.265 0.0
0.275 0.0
0.28500000000000003 0.0
0.295 0.0
0.305 0.0
0.315 0.0
0.325 0.0
0.335 0.0
0.34500000000000003 0.0
0.35500000000000004 0.0
0.365 0.0
0.375 0.0
0.385 0.0
0.395 0.0
0.405 0.0
0.41500000000000004 0.0
0.425 0.0
0.435 0.0
0.445 0.0
0.455 0.0
0.465 0.0
0.47500000000000003 0.0
0.485 0.0
0.495 0.0
0.505 0.0
0.515 0.0
0.525 0.0
0.535 0.0
0.545 0.0
0.555 0.0
0.5650000000000001 0.0
0.5750000000000001 0.0
0.585 0.0
0.595 0.0
0.605 0.0
0.615 0.0
0.625 0.0
0.635 0.0
0.645 0.0
0.655 0.0
0.665 0.0
0.675 0.0
0.685 0.0
0.6950000000000001 0.0
0.7050000000000001 0.0
0.715 0.0
0.725 0.0
0.735 0.0
0.745 0.0
0.755 0.0
0.765 0.0
0.775 0.0
0.785 0.0
0.795 0.0
0.805 0.0
0.8150000000000001 0.0
0.8250000000000001 0.0
0.8350000000000001 0.0
0.845 0.0
0.855 0.0
0.865 0.0
0.875 0.0
0.885 0.0
0.895 0.0
0.905 0.0
0.915 0.0
0.925 0.0
0.935 0.0
0.9450000000000001 0.0
0.9550000000000001 0.0
0.965 0.0
0.975 0.0
0.985 0.0
0.995 0.0
1.005 0.0
1.015 0.0
1.025 0.0
1.035 0.0
1.045 0.0
1.055 0.0
1.065 0.0
1.075 0.0
1.085 0.0
1.095 0.0
1.105 0.0
1.115 0.0
1.125 0.0
1.135 0.0
1.145 0.0
1.155 0.0
1.1649999999999998 0.0
1.1749999999999998 0.0
1.1849999999999998 0.0
1.1949999999999998 0.0
1.2049999999999998 0.0
1.2149999999999999 0.0
1.2249999999999999 0.0
1.2349999999999999 0.0
1.2449999999999999 0.0
1.255 0.0
1.265 0.0
1.275 0.0
1.285 0.0
1.295 0.0
1.305 0.0
1.315 0.0
1.325 0.0
1.335 0.0
1.345 0.0
1.355 0.0
1.365 0.0
1.375 0.0
1.385 0.0
1.395 0.0
1.405 0.0
1.4149999999999998 0.0
1.4249999999999998 0.0
1.4349999999999998 0.015527240992344217
1.4449999999999998 0.02304839105765491
1.4549999999999998 0.03387224558450568
1.4649999999999999 0.04928382651929504
1.4749999999999999 0.07099404247624033
1.4849999999999999 0.10125032994885168
1.4949999999999999 0.142964445250803
1.505 0.19985577166702384
1.515 0.2766065127632926
1.525 0.37902264958524723
1.535 0.5141916031330128
1.545 0.6906242955831027
1.555 0.9183659639645508
1.565 1.209056962313704
1.575 1.5759222961601818
1.585 2.0336672406725946
1.595 2.5982566106498783
1.605 3.2865575702292342
1.615 4.115830703270409
1.625 5.103061663348008
1.635 6.264136099812366
1.645 7.612873422968901
1.655 9.15994968487423
1.665 10.911755406465987
1.6749999999999998 12.869249239447802
1.6849999999999998 15.0268813278873
1.6949999999999998 17.371669432759393
1.7049999999999998 19.88251467138446
1.7149999999999999 22.52984074295778
1.7249999999999999 25.275629882250353
1.7349999999999999 28.073910293639194
1.7449999999999999 30.87172405241619
1.755 33.61057285426896
1.765 36.22830378176974
1.775 38.66136131884756
1.785 40.84729845200658
1.795 42.72741218280508
1.805 44.24935016251808
1.815 45.36952779500987
1.825 46.055200400160516
1.835 46.286053052850214
1.845 46.055200400160516
1.855 45.36952779500987
1.865 44.24935016251808
1.875 42.72741218280508
1.885 40.84729845200658
1.895 38.66136131884756
1.905 36.22830378176974
1.915 33.620328698098135
1.9249999999999998 30.886205472765315
1.9349999999999998 28.095192396379076
1.9449999999999998 25.306595159021903
1.9549999999999998 22.57444665791342
1.9649999999999999 19.946130764360714
1.9749999999999999 17.461494714770506
1.9849999999999999 15.152451717224633
1.9949999999999999 13.0521574890169
2.005 11.163427384772405
2.015 9.502902944036832
2.025 8.075727319039057
2.035 6.882825819504046
2.045 5.922155402965609
2.0549999999999997 5.189915290020156
2.065 4.681642625723956
2.0749999999999997 4.393131132026651
2.085 4.321126244224661
2.0949999999999998 4.4637662507931735
2.105 4.820754689760086
2.1149999999999998 5.393264192020164
2.125 6.183585813924152
2.135 7.194550516116292
2.145 8.428760720617149
2.155 9.887679683139734
2.165 11.57063454005495
2.175 13.473795013748875
2.185 15.58919348315241
2.195 17.90385300557513
2.205 20.39908750282893
2.215 23.050032408231576
2.225 25.825454520271297
2.235 28.695406983007153
2.245 31.594859198216067
2.255 34.505275644101665
2.265 37.36013078558829
2.275 40.1060087396875
2.285 42.68878855941834
2.295 45.055511025724144
2.305 47.156318286065726
2.315 48.946376722539
2.3249999999999997 50.38769020554905
2.335 51.45071289462
2.3449999999999998 52.115677893287334
2.355 52.37356992913355
2.3649999999999998 52.22668611407174
2.375 51.68874783417388
2.385 50.78454787567131
2.395 49.54913890252421
2.405 48.02659124980755
2.415 46.26836862875396
2.425 44.33138879129962
2.435 42.27585163615332
2.445 40.16292896003423
2.455 38.052417528418836
2.465 36.000459987089
2.475 34.0574361598785
2.485 32.266120462540655
2.495 30.660189682772902
2.505 29.263149608738118
2.515 28.087729518300424
2.525 27.13577116461444
2.535 26.398614609379376
2.545 25.857958242444077
2.555 25.487145905656707
2.565 25.252811609995614
2.5749999999999997 25.11679329673469
2.585 25.03821274381788
2.5949999999999998 24.975610145594533
2.605 24.88901986504653
2.6149999999999998 24.741878722244586
2.625 24.502669802165876
2.635 24.14622248098788
2.645 23.654612023371335
2.655 23.017628105587004
2.665 22.232809074923914
2.675 21.305065623962815
2.685 20.24594183921069
2.695 19.072581506773762
2.705 17.80648175048271
2.715 16.472123693019828
2.725 15.089063696214007
2.735 13.698821639169452
2.745 12.317262775259348
2.755 10.967886510979405
2.765 9.67127831912785
2.775 8.444556213568026
2.785 7.306213388114275
2.795 6.257916185328114
2.805 5.303075723870651
2.815 4.458624852413761
2.8249999999999997 3.7155515864783637
2.835 3.0715027439861453
2.8449999999999998 2.52226731668464
2.855 2.0623779541203144
2.8649999999999998 1.6856848442242476
2.875 1.3858777319630038
2.885 1.156938386099614
2.895 0.9935118815355458
2.905 0.8911901959780553
2.915 0.84670561755764
2.925 0.8580343175388598
2.935 0.9244123239239536
2.945 1.0462673287001811
2.955 1.2250706366366062
2.965 1.4631144924837887
2.975 1.7632213368490157
2.985 2.1283934737215553
2.995 2.5614142838300435
3.005 3.06441542680438
3.015 3.6384282140873236
3.025 4.282941123604767
3.035 4.995488767783712
3.045 5.766277494566986
3.055 6.5997167013090525
3.065 7.478458770767652
3.075 8.389884248901117
3.085 9.318733454910678
3.0949999999999998 10.24742776225239
3.105 11.156549494523157
3.1149999999999998 12.025467878706458
3.125 12.83308656920383
3.135 13.558677172010444
3.145 14.18275406543126
3.155 14.687939635218596
3.165 15.059766597339689
3.175 15.28736582302293
3.185 15.363994063096126
3.195 15.28736582302293
3.205 15.059766597339689
3.215 14.687939635218596
3.225 14.18275406543126
3.235 13.558677172010444
3.245 12.83702181775638
3.255 12.031309299445207
3.265 11.165134130098386
3.275 10.259918333311973
3.285 9.33672629749179
3.295 8.415545292905833
3.305 7.514691906230458
3.315 6.650368464655745
3.325 5.836381087311773
3.335 5.084018681753276
3.3449999999999998 4.402080967869609
3.355 3.7970342360372955
3.3649999999999998 3.273266562431701
3.375 2.8334098860807324
3.385 2.4786947312049383
3.395 2.209304263075586
3.405 2.024697473818671
3.415 1.9238761898733818
3.425 1.9055768159091118
3.435 1.9683748186478254
3.445 2.110697468054921
3.455 2.330747885171062
3.465 2.626350619529557
3.475 2.9982174038141607
3.485 3.437450036493116
3.495 3.9418435608277393
3.505 4.505570822817843
3.515 5.121315588766471
3.525 5.780158765959801
3.535 6.471563838175715
3.545 7.183479110708242
3.555 7.90256630447416
3.565 8.61455549470134
3.575 9.304715979439967
3.585 9.95842216492476
3.5949999999999998 10.558346217458174
3.605 11.10003224145477
3.6149999999999998 11.568023616627606
3.625 11.954571829871952
3.635 12.254958103448395
3.645 12.467816226904228
3.655 12.595271825622952
3.665 12.642878941782888
3.675 12.619348555310491
3.685 12.53607851191071
3.695 12.406509049384782
3.705 12.245341494689992
3.715 12.067668604949873
3.725 11.888072503283805
3.735 11.719749552659259
3.745 11.573720494013047
3.755 11.45817878900045
3.765 11.378020750912842
3.775 11.33458843799198
3.785 11.32564139741103
3.795 11.345557336382162
3.805 11.385745890310417
3.815 11.435245068926635
3.825 11.481457787063352
3.835 11.51097702284849
3.8449999999999998 11.510443216574712
3.855 11.467376832153793
3.8649999999999998 11.370932510769494
3.875 11.212528576690916
3.885 10.986316128869076
3.895 10.689464647690892
3.905 10.322254883955898
3.915 9.887983635291091
3.925 9.392697754008225
3.935 8.844785409715405
3.945 8.2544605123129
3.955 7.633180830462261
3.965 6.99304157205741
3.975 6.346184188735782
3.985 5.704255360777592
3.995 5.077944158561774
4.005 4.4766170421581695
4.015 3.9080614784673844
4.025 3.3783403148766156
4.035 2.8917513289040606
4.045 2.4508800902508527
4.055 2.0541050267986374
4.065 1.7097980410022715
4.075 1.4086160356196837
4.085 1.1500749794728435
4.095 0.9312929308884564
4.1049999999999995 0.7489965295089731
4.115 0.599756360327199
4.125 0.4801935593654255
4.135 0.3871538947689154
4.145 0.3178481056890229
4.155 0.269959187371707
4.165 0.24171851875191014
4.175 0.23195326409386263
4.185 0.2401074363164472
4.195 0.2662385316955494
4.205 0.31099091243563043
4.215 0.37554631953939893
4.225 0.46155123589603686
4.235 0.5734541669505021
4.245 0.7098289102233508
4.255 0.8748128763053388
4.265 1.073309400486626
4.275 1.3039913108962837
4.285 1.5682278629223105
4.295 1.8730309425402611
4.305 2.218290026315249
4.315 2.6005697402375554
4.325 3.020758094388566
4.335 3.4771733068162876
4.345 3.967138631071442
4.355 4.487047531592715
4.365 5.032499374493356
4.375 5.5985050450647815
4.385 6.179755526793887
4.395 6.77093970172418
4.405 7.367091093409203
4.415 7.963937681784929
4.425 8.558224988562241
4.435 9.14798099914674
4.445 9.73269262857559
4.455 10.313367595024085
4.465 10.892462685081318
4.475 11.473669113024556
4.485 12.061557315088816
4.495 12.661096137534752
4.505 13.277073846101471
4.515 13.91345949588585
4.525 14.572751789094752
4.535 15.255367616450359
4.545 15.959123312878528
4.555 16.678857919570284
4.565 17.406239519738538
4.575 18.129783528424067
4.585 18.835096591974082
4.595 19.50534273526336
4.605 20.121911034284423
4.615 20.66524790422298
4.625 21.115803512376417
4.635 21.45709444094135
4.645 21.669441981694796
4.655 21.740700226875557
4.665 21.661072087320754
4.675 21.4271153459681
4.685 21.03498483669693
4.695 20.49023084047846
4.705 19.801823927546494
4.715 18.983178620483763
4.725 18.051620305282572
4.735 17.027689370225215
4.745 15.934330763478016
4.755 14.796021095359848
4.765 13.637885051763798
4.775 12.484848564976229
4.785 11.360868580290814
4.795 10.28826929121636
4.805 9.28720347640946
4.815 8.375246183353976
4.825 7.567117525365477
4.835 6.876430488690228
4.845 6.308922904277702
4.855 5.871554385447786
4.865 5.567065902509914
4.875 5.3955013107761784
4.885 5.355333829846533
4.895 5.440091087370471
4.905 5.642316137038262
4.915 5.952388733088958
4.925 6.3587342576681625
4.935 6.8480614595660745
4.945 7.405640232449244
4.955 8.015628996932596
4.965 8.661457267054988
4.975 9.326263054888292
4.985 9.99337752253598
4.995 10.646841543421278
5.005 11.271931507115312
5.015 11.85566572775642
5.025 12.387259037808485
5.035 12.85849222007403
5.045 13.262342009860124
5.055 13.60013690652979
5.065 13.869936613731884
5.075 14.073281905976744
5.085 14.219351485915855
5.095 14.313033215350607
5.105 14.362765628361068
5.115 14.375885960619001
5.125 14.366483646183617
5.135 14.337481234614454
5.145 14.296510749133514
5.155 14.248145494064014
5.165 14.194752201539636
5.175 14.136382067081254
5.185 14.070851342492741
5.195 13.994004601255966
5.205 13.900139235761937
5.215 13.78255706254436
5.225 13.634199176189906
5.235 13.448314191170422
5.245 13.219108172386836
5.255 12.942326920712983
5.265 12.617356686763053
5.275 12.241823744986718
5.285 11.819509291933517
5.295 11.357239383345842
5.305 10.860127995377713
5.315 10.338920072871744
5.325 9.804876873901332
5.335 9.270311269318647
5.345 8.747995424822435
5.355 8.25055645302299
5.365 7.7898989575192985
5.375 7.376689268656545
5.385 7.019929886269041
5.395 6.726644802487865
5.405 6.501687630164385
5.415 6.347675460563611
5.425 6.265042727644374
5.435 6.25220160640416
5.445 6.304413514480119
5.455 6.42159287933692
5.465 6.593481485663283
5.475 6.814515371326572
5.485 7.076337769338323
5.495 7.374993553997712
5.505 7.7015171452011435
5.515 8.049246346009392
5.525 8.413382570704776
5.535 8.785783361985725
5.545 9.162017610228393
5.555 9.536983607481037
5.565 9.90580821317797
5.575 10.263752254905505
5.585 10.606137501858111
5.595 10.928314088843184
5.605 11.225681915469163
5.615 11.49377245864931
5.625 11.728389344083961
5.635 11.925797799138293
5.645 12.081673222345806
5.655 12.196852788698992
5.665 12.268474445199324
5.675 12.296856902948567
5.685 12.28244089887783
5.695 12.231240707842602
5.705 12.145820845053898
5.715 12.031717505357122
5.725 11.895279158623612
5.735 11.743307471777138
5.745 11.582644960946604
5.755 11.419740468845042
5.765 11.260226446440345
5.775 11.108541792058478
5.785 10.967630705450482
5.795 10.838741998812639
5.805 10.721345182428596
5.815 10.613170207501202
5.825 10.510367897024057
5.835 10.40777872219757
5.845 10.29928949378375
5.855 10.178251380389447
5.865 10.037928872029655
5.875 9.871948072654671
5.885 9.674713987187697
5.895 9.441770010053958
5.905 9.170078192882794
5.915 8.858205518477144
5.925 8.50640872400217
5.935 8.11547519471794
5.945 7.691569035837459
5.955 7.23789216165641
5.965 6.760452476559772
5.975 6.266051550984551
5.985 5.7619603943493365
5.995 5.255591751922971
6.005 4.754188386836493
6.015 4.264543902564977
6.025 3.792768929020501
6.035 3.344111294350076
6.045 2.9228344896317413
6.055 2.53215462965709
6.065 2.1742324917039535
6.075 1.8491276569784136
6.085 1.559595086680136
6.095 1.303449008475359
6.105 1.0783522470746303
6.115 0.8849993410326527
6.125 0.7195971402239847
6.135 0.5796772112732415
6.1450000000000005 0.46261501731904536
6.155 0.3657434850932204
6.165 0.2864467114081623
6.175 0.22223312966783154
6.185 0.17078873151047996
6.195 0.13001192802613634
6.205 0.09803232414273393
6.215 0.07321608050447462
6.225 0.05416068171786584
6.235 0.03968186391787392
6.245 0.029979300717310364
6.255 0.022452370674876904
6.265 0.016295762667719052
6.275 0.013469912629411851
6.285 0.012223383938932204
6.295 0.012448273266950638
6.305 0.014151056405777688
6.315 0.01745125908690779
6.325 0.022582679258129033
6.335 0.028903359369655414
6.345 0.04036024089815071
6.355 0.055517060694263674
6.365 0.07424022049938195
6.375 0.0983470183126715
6.385 0.12906741842092476
6.3950000000000005 0.16781540505720907
6.405 0.21618977303393222
6.415 0.2759669261969642
6.425 0.3490841292681631
6.435 0.4376119064045726
6.445 0.5437146698546977
6.455 0.6695991861936719
6.465 0.8174511227673944
6.475 0.9893606258981179
6.485 1.1883415755825917
6.495 1.4143634040703454
6.505 1.6695061956432138
6.515 1.9546787842672066
6.525 2.270269495103828
6.535 2.6160697227239
6.545 2.9912097924654475
6.555 3.394110550088236
6.565 3.822453611536796
6.575 4.273172579319089
6.585 4.742466845173624
6.595 5.2269074361589265
6.605 5.720809991747409
6.615 6.217648236094391
6.625 6.712158595015255
6.635 7.198098404390703
6.6450000000000005 7.669116929455706
6.655 8.11893025149833
6.665 8.541508217074398
6.675 8.931267750111036
6.685 9.283265594212377
6.695 9.593382406870493
6.705 9.858489223040962
6.715 10.077689772371503
6.725 10.248545755354026
6.735 10.372384179475013
6.745 10.451115924668294
6.755 10.487926631143598
6.765 10.487174385644396
6.775 10.454231424793415
6.785 10.395274938629465
6.795 10.317035454523907
6.805 10.22651426450771
6.815 10.130683660281388
6.825 10.036185154299337
6.835 9.94904127045132
6.845 9.8755416767919
6.855 9.819146319817253
6.865 9.78173375429276
6.875 9.765655647561402
6.885 9.771147798755273
6.8950000000000005 9.797138020172994
6.905 9.841353001232324
6.915 9.900484461420467
6.925 9.97040532491922
6.935 10.04642409718303
6.945 10.123563692720667
6.955 10.19803380089257
6.965 10.263350447658826
6.975 10.316232766576164
6.985 10.353407487062231
6.995 10.372584081791453
