0.005 0.0
0.015 0.0
0.025 0.0
0.034999999999999996 0.0
0.045 0.0
0.055 0.0
0.065 0.0
0.07500000000000001 0.0
0.085 0.0
0.095 0.0
0.10500000000000001 0.0
0.115 0.0
0.125 0.0
0.135 0.0
0.14500000000000002 0.0
0.155 0.0
0.165 0.0
0.17500000000000002 0.0
0.185 0.0
0.195 0.0
0.20500000000000002 0.0
0.215 0.0
0.225 0.0
0.23500000000000001 0.0
0.245 0.0
0.255 0.0
0.265 0.0
0.275 0.0
0.28500000000000003 0.0
0.295 0.0
0.305 0.0
0.315 0.0
0.325 0.0
0.335 0.0
0.34500000000000003 0.0
0.35500000000000004 0.0
0.365 0.0
0.375 0.0
0.385 0.0
0.395 0.0
0.405 0.0
0.41500000000000004 0.0
0.425 0.0
0.435 0.0
0.445 0.0
0.455 0.0
0.465 0.0
0.47500000000000003 0.0
0.485 0.0
0.495 0.0
0.505 0.0
0.515 0.0
0.525 0.0
0.535 0.0
0.545 0.0
0.555 0.0
0.5650000000000001 0.0
0.5750000000000001 0.0
0.585 0.0
0.595 0.0
0.605 0.0
0.615 0.0
0.625 0.0
0.635 0.0
0.645 0.0
0.655 0.0
0.665 0.0
0.675 0.0
0.685 0.0
0.6950000000000001 0.0
0.7050000000000001 0.0
0.715 0.0
0.725 0.0
0.735 0.0
0.745 0.0
0.755 0.0
0.765 0.0
0.775 0.0
0.785 0.0
0.795 0.0
0.805 0.0
0.8150000000000001 0.0
0.8250000000000001 0.0
0.8350000000000001 0.0
0.845 0.0
0.855 0.0
0.865 0.0
0.875 0.0
0.885 0.0
0.895 0.0
0.905 0.0
0.915 0.0
0.925 0.0
0.935 0.0
0.9450000000000001 0.0
0.9550000000000001 0.0
0.965 0.0
0.975 0.0
0.985 0.0
0.995 0.0
1.005 0.0
1.015 0.0
1.025 0.0
1.035 0.0
1.045 0.0
1.055 0.0
1.065 0.0
1.075 0.0
1.085 0.0
1.095 0.0
1.105 0.0
1.115 0.0
1.125 0.0
1.135 0.0
1.145 0.0
1.155 0.0
1.1649999999999998 0.0
1.1749999999999998 0.0
1.1849999999999998 0.0
1.1949999999999998 0.0
1.2049999999999998 0.0
1.2149999999999999 0.0
1.2249999999999999 0.0
1.2349999999999999 0.0
1.2449999999999999 0.0
1.255 0.0
1.265 0.0
1.275 0.0
1.285 0.0
1.295 0.0
1.305 0.0
1.315 0.0
1.325 0.0
1.335 0.0
1.345 0.0
1.355 0.0
1.365 0.0
1.375 0.0
1.385 0.0
1.395 0.016226971615477072
1.405 0.02408706013253656
1.4149999999999998 0.035398688532189776
1.4249999999999998 0.0515047879030799
1.4349999999999998 0.07419336846114089
1.4449999999999998 0.1058131467752569
1.4549999999999998 0.14940709661497717
1.4649999999999999 0.2088622141969115
1.4749999999999999 0.28907170523592157
1.4849999999999999 0.39610319563373814
1.4949999999999999 0.5373634989673947
1.505 0.7217470796589937
1.515 0.9597518604380945
1.525 1.2635427645280197
1.535 1.6469407785064547
1.545 2.1253138665130984
1.555 2.7153462931070202
1.565 3.4346653362974227
1.575 4.3013094231620315
1.585 5.333029660839673
1.595 6.546427580872773
1.605 7.955945361294072
1.615 9.572740167357427
1.625 11.403490506977686
1.635 13.449198233220152
1.645 15.704063387500492
1.655 18.154518689947842
1.665 20.77851444283874
1.6749999999999998 23.54514149792943
1.6849999999999998 26.41466883039978
1.6949999999999998 29.339052938957167
1.7049999999999998 32.26294936533776
1.7149999999999999 35.125223596069496
1.7249999999999999 37.86092181048219
1.7349999999999999 40.40362438156038
1.7449999999999999 42.68807013921158
1.755 44.6529106513527
1.765 46.24343432580948
1.775 47.41409243923085
1.785 48.130664681960624
1.795 48.37192064265579
1.805 48.130664681960624
1.815 47.41409243923085
1.825 46.24343432580948
1.835 44.6529106513527
1.845 42.68807013921158
1.855 40.40362438156038
1.865 37.86092181048219
1.875 35.125223596069496
1.885 32.26294936533776
1.895 29.339052938957167
1.905 26.41466883039978
1.915 23.54514149792943
1.9249999999999998 20.77851444283874
1.9349999999999998 18.154518689947842
1.9449999999999998 15.704063387500492
1.9549999999999998 13.449198233220152
1.9649999999999999 11.403490506977686
1.9749999999999999 9.572740167357427
1.9849999999999999 7.955945361294072
1.9949999999999999 6.546427580872773
2.005 5.333029660839673
2.015 4.3013094231620315
2.025 3.4346653362974227
2.035 2.7153462931070202
2.045 2.1253138665130984
2.0549999999999997 1.6469407785064547
2.065 1.2635427645280197
2.0749999999999997 0.9597518604380945
2.085 0.7217470796589937
2.0949999999999998 0.5373634989673947
2.105 0.39610319563373814
2.1149999999999998 0.28907170523592157
2.125 0.2088622141969115
2.135 0.14940709661497717
2.145 0.1058131467752569
2.155 0.07419336846114089
2.165 0.0515047879030799
2.175 0.035398688532189776
2.185 0.02408706013253656
2.195 0.016226971615477072
2.205 0.007704625202369868
2.215 0.011436623847368675
2.225 0.016807426195028334
2.235 0.02445466081559529
2.245 0.035227281469402745
2.255 0.0502404673345907
2.265 0.07093903343583435
2.275 0.09916853972859972
2.285 0.13725229810154171
2.295 0.18807123942388296
2.305 0.2551421457488094
2.315 0.34268814116700164
2.3249999999999997 0.45569367761141005
2.335 0.5999347049186581
2.3449999999999998 0.7819734778354342
2.355 1.0091067616871254
2.3649999999999998 1.2892563060306357
2.375 1.6307916066423276
2.385 2.042277374373214
2.395 2.532141899521241
2.405 3.108267649705796
2.415 3.7775118236380676
2.425 4.5451718840017215
2.435 5.414418810669914
2.445 6.38572828712561
2.455 7.456346471916412
2.465 8.619831571163727
2.475 9.865714308109672
2.485 11.17931890663373
2.495 12.541780931498144
2.505 13.93028915337185
2.515 15.318565821972458
2.525 16.6775840477242
2.535 17.976503520088272
2.545 19.18378795833641
2.555 20.268451121305095
2.565 21.201364550083202
2.5749999999999997 21.95655098151182
2.585 22.512383715909557
2.5949999999999998 22.85261482566196
2.605 22.967164034167446
2.6149999999999998 22.85261482566196
2.625 22.512383715909557
2.635 21.95655098151182
2.645 21.201364550083202
2.655 20.268451121305095
2.665 19.18378795833641
2.675 17.976503520088272
2.685 16.6775840477242
2.695 15.318565821972458
2.705 13.93028915337185
2.715 12.541780931498144
2.725 11.17931890663373
2.735 9.865714308109672
2.745 8.619831571163727
2.755 7.456346471916412
2.765 6.38572828712561
2.775 5.414418810669914
2.785 4.5451718840017215
2.795 3.7775118236380676
2.805 3.108267649705796
2.815 2.532141899521241
2.8249999999999997 2.042277374373214
2.835 1.6307916066423276
2.8449999999999998 1.2892563060306357
2.855 1.0091067616871254
2.8649999999999998 0.7819734778354342
2.875 0.5999347049186581
2.885 0.45569367761141005
2.895 0.34268814116700164
2.905 0.2551421457488094
2.915 0.18807123942388296
2.925 0.13725229810154171
2.935 0.09916853972859972
2.945 0.07093903343583435
2.955 0.0502404673345907
2.965 0.035227281469402745
2.975 0.02445466081559529
2.985 0.016807426195028334
2.995 0.011436623847368675
3.005 0.007704625202369868
3.015 0.0
3.025 0.0
3.035 0.0
3.045 0.004405434495812501
3.055 0.0065393573197217204
3.065 0.009610333170084024
3.075 0.013982952254092774
3.085 0.0201426385973023
3.0949999999999998 0.028727041493656003
3.105 0.040562293010916836
3.1149999999999998 0.05670366751718766
3.125 0.078479613583291
3.135 0.10753742123281174
3.145 0.14588795440324476
3.155 0.1959459569738197
3.165 0.26056149314770954
3.175 0.3430371984182692
3.185 0.44712531026260255
3.195 0.5769980526147719
3.205 0.7371850096983471
3.215 0.9324717829458811
3.225 1.1677555959910564
3.235 1.4478556684382051
3.245 1.777279123456913
3.255 2.159946844796025
3.265 2.5988878733542102
3.275 3.099786608409647
3.285 3.6570476957426394
3.295 4.2719160301608055
3.305 4.941028635125819
3.315 5.658825838424842
3.325 6.417476497315523
3.335 7.206920060586013
3.3449999999999998 8.015040594204704
3.355 8.82798009002458
3.3649999999999998 9.630588788033453
3.375 10.410668398665344
3.385 11.146748102217474
3.395 11.826286849887493
3.405 12.435835068365217
3.415 12.964240727010077
3.425 13.403335243869993
3.435 13.748496568954913
3.445 13.999045064669486
3.455 14.158436960321783
3.465 14.234232538126271
3.475 14.23783089131717
3.485 14.183978917932869
3.495 14.090077882741678
3.505 13.975325096384193
3.515 13.85973984920628
3.525 13.763130756982719
3.535 13.704065508792368
3.545 13.698903410431587
3.555 13.760946234480318
3.565 13.899754226952282
3.575 14.120662488475269
3.585 14.424519367955574
3.5949999999999998 14.807654112759835
3.605 15.262066948244428
3.6149999999999998 15.775822047164025
3.625 16.33361334428909
3.635 16.91746544939617
3.645 17.50752732055706
3.655 18.082914894066228
3.665 18.622560273604968
3.675 19.106028887483234
3.685 19.51427160878856
3.695 19.830285510644842
3.705 20.03966402208547
3.715 20.13102416876802
3.725 20.09630487586448
3.735 19.93093569730381
3.745 19.633879710405218
3.755 19.207557726283913
3.765 18.657663575588
3.775 17.99288225632609
3.785 17.224524397500296
3.795 16.366091971409205
3.805 15.432791565893838
3.815 14.441012791266562
3.825 13.407790435805957
3.835 12.350269619853586
3.8449999999999998 11.285193223933113
3.855 10.22549176795632
3.8649999999999998 9.192620501597863
3.875 8.195266601451149
3.885 7.247438183780514
3.895 6.35388729566165
3.905 5.523589734227234
3.915 4.761529370582079
3.925 4.070705027905667
3.935 3.4523089098276842
3.945 2.9059621687890025
3.955 2.429991923381929
3.965 2.021733050887162
3.975 1.6778381246750944
3.985 1.3945798012166533
3.995 1.168131593315422
4.005 0.9948150726957656
4.015 0.8713039099190034
4.025 0.7947776005151799
4.035 0.7630201147635334
4.045 0.7744609787539818
4.055 0.8281584397441522
4.065 0.9237264288460596
4.075 1.0612090724200052
4.085 1.2409257563821854
4.095 1.4653277130230244
4.1049999999999995 1.7327199403476288
4.115 2.043117618096757
4.125 2.3958766111063756
4.135 2.7894765155422525
4.145 3.2213359529678787
4.155 3.687677212696206
4.165 4.183455873415184
4.175 4.702368197420205
4.185 5.234497798120918
4.195 5.777118132353069
4.205 6.317513967781124
4.215 6.846235755860514
4.225 7.35628623429771
4.235 7.834970451042433
4.245 8.275975622670249
4.255 8.672726745794314
4.265 9.020389618134121
4.275 9.316156385632476
4.285 9.559419101625815
4.295 9.751813895400833
4.305 9.897127655306239
4.315 10.001069609634618
4.325 10.070920896824536
4.335 10.115085144280865
4.345 10.142571247803723
4.355 10.162445131428424
4.365 10.183289681343712
4.375 10.212711011178328
4.385 10.256924804286891
4.395 10.320449117286099
4.405 10.405920453346177
4.415 10.514039091650258
4.425 10.6436386865504
4.435 10.79410165640094
4.445 10.957761437186157
4.455 11.130870062120131
4.465 11.307485371387767
4.475 11.481322992525554
4.485 11.646090421388696
4.495 11.795775306892445
4.505 11.924875866888932
4.515 12.028569327885096
4.525 12.102821668669355
4.535 12.14444786750672
4.545 12.151135642144078
4.555 12.121446977070995
4.565 12.05481054626894
4.575 11.951514795831976
4.585 11.812706572542883
4.595 11.640394595182784
4.605 11.43745167408465
4.615 11.20760526131526
4.625 10.957473967732106
4.635 10.689216181442298
4.645 10.410264160799723
4.655 10.127164142338096
4.665 9.84673618588085
4.675 9.575804763537587
4.685 9.320894466890405
4.695 9.086011101499373
4.705 8.880572568255177
4.715 8.705590913664732
4.725 8.563475750448543
4.735 8.455059510023467
4.745 8.379566664926399
4.755 8.334687690157622
4.765 8.31675672075105
4.775 8.321022229657503
4.785 8.3419911029034
4.795 8.373819167644028
4.805 8.410716317838709
4.815 8.447332428350633
4.825 8.479091501415565
4.835 8.502445875695027
4.845 8.516929992537028
4.855 8.5185192392955
4.865 8.508601762278884
4.875 8.488307774948808
4.885 8.459523086582884
4.895 8.422843794780547
4.905 8.384762312802623
4.915 8.344977890740676
4.925 8.307099133536337
4.935 8.269351202232105
4.945 8.23322990747183
4.955 8.198153672891133
4.965 8.1627877011096
4.975 8.125235181855308
4.985 8.083307091490932
4.995 8.034844426772565
5.005 7.9780613499333946
5.015 7.911875353910909
5.025 7.836191357960019
5.035 7.750480230905676
5.045 7.66096419141432
5.055 7.5689913012644645
5.065 7.4795172111750725
5.075 7.398435889795803
5.085 7.332255614795724
5.095 7.287698717670394
5.105 7.271253770429044
5.115 7.288712462700946
5.125 7.344724397565058
5.135 7.442401475295042
5.145 7.582999683298011
5.155 7.765700382226534
5.165 7.987506104780729
5.175 8.244940260201924
5.185 8.52827159779779
5.195 8.829771753791734
5.205 9.139203180118184
5.215 9.445377127619784
5.225 9.736644534766018
5.235 10.001415374325482
5.245 10.227187611435017
5.255 10.407516405725307
5.265 10.531824709551397
5.275 10.595273025163632
5.285 10.591110599014865
5.295 10.518597071252046
5.305 10.3783991759462
5.315 10.173661813409435
5.325 9.909891970085845
5.335 9.59474570287447
5.345 9.237729467239792
5.355 8.849830272664533
5.365 8.443091612523684
5.375 8.030153782799891
5.385 7.625340336201635
5.395 7.2386931870213544
5.405 6.882957960274336
5.415 6.568658634499069
5.425 6.304792193957245
5.435 6.097168759333682
5.445 5.95420379081529
5.455 5.876953734976826
5.465 5.866369937587024
5.475 5.921284742910544
5.485 6.03854519209625
5.495 6.213215161202923
5.505 6.438834455391335
5.515 6.7077210556752584
5.525 7.011301119203168
5.535 7.3404505546980685
5.545 7.685832079923896
5.555 8.03821261678551
5.565 8.388747637661792
5.575 8.72922153701889
5.585 9.052236111134984
5.595 9.351342594168202
5.605 9.62111620487946
5.615 9.857175580636742
5.625 10.056152597293535
5.635 10.215620701801406
5.645 10.33399186184322
5.655 10.409125837807899
5.665 10.44369973371435
5.675 10.436041362699944
5.685 10.38670129066517
5.695 10.29646262158401
5.705 10.166277147607856
5.715 9.997230515587487
5.725 9.79053664452456
5.735 9.54632893580608
5.745 9.269039643822383
5.755 8.95868779150209
5.765 8.617429213248528
5.775 8.247775281942216
5.785 7.8526416071287
5.795 7.436737546910566
5.805 7.001776609759741
5.815 6.552929729915249
5.825 6.094826624582302
5.835 5.63238131807471
5.845 5.172026824281561
5.855 4.716880329406283
5.865 4.2729947085539735
5.875 3.8453571555965342
5.885 3.4386738527451755
5.895 3.0572795996854727
5.905 2.705072185200062
5.915 2.3854746506898206
5.925 2.1014258219180806
5.935 1.855396685016333
5.945 1.6494276204010598
5.955 1.4851794213616825
5.965 1.3639896031614795
5.975 1.286924883248724
5.985 1.253698956807637
5.995 1.2675607867316996
6.005 1.3272875870379477
6.015 1.4330669697521787
6.025 1.5847513259070518
6.035 1.7830283425910969
6.045 2.0248674616528373
6.055 2.309401091417252
6.065 2.634145835105856
6.075 2.9969796496969043
6.085 3.3905887811484243
6.095 3.8130553898783845
6.105 4.256538026949028
6.115 4.713887515779919
6.125 5.177165500630908
6.135 5.6378523599975825
6.1450000000000005 6.087116478336339
6.155 6.516134910278131
6.165 6.916450360315752
6.175 7.280345025240276
6.185 7.601208629389085
6.195 7.8728342710811
6.205 8.094223751790501
6.215 8.262364554325663
6.225 8.377838271168674
6.235 8.443264684988847
6.245 8.463192286067052
6.255 8.443874325702826
6.265 8.392939641229516
6.275 8.31897501944979
6.285 8.231042486579408
6.295 8.13816008827803
6.305 8.048778017828084
6.315 7.970283066640066
6.325 7.908563175426549
6.335 7.86766039944192
6.345 7.850684305921277
6.355 7.855662750317303
6.365 7.881036720947913
6.375 7.922497153705084
6.385 7.97403776570548
6.3950000000000005 8.02834604610339
6.405 8.077273603592634
6.415 8.113481286830075
6.425 8.127016784368077
6.435 8.111190017204335
6.445 8.059788003021124
6.455 7.968222458786928
6.465 7.833827976074442
6.475 7.656046509102074
6.485 7.436490800910031
6.495 7.17888720180646
6.505 6.888905677885175
6.515 6.573891149889774
6.525 6.242515245775341
6.535 5.904370844112541
6.545 5.5695333420278885
6.555 5.248112470372239
6.565 4.949816906630074
6.575 4.683551211331219
6.585 4.457061104206851
6.595 4.276639183211164
6.605 4.145990576932305
6.615 4.070023457032998
6.625 4.048291772036011
6.635 4.079782899607586
6.6450000000000005 4.16162121553505
6.655 4.288302238233093
6.665 4.4557570518443415
6.675 4.655209233170387
6.685 4.878164150911807
6.695 5.115374134258174
6.705 5.3571640346199665
6.715 5.593766138150067
6.725 5.815653450900091
6.735 6.013860050006209
6.745 6.180277197320159
6.755 6.307914354763584
6.765 6.391115205868708
6.775 6.425720315055992
6.785 6.410295864305134
6.795 6.342215606162737
6.805 6.222994197471781
6.815 6.054947700012223
6.825 5.8418076946251265
6.835 5.588537048327851
6.845 5.300266403411978
6.855 4.986851428148463
6.865 4.652569277633242
6.875 4.305772778306225
6.885 3.953232438879298
6.8950000000000005 3.6042984828983444
6.905 3.26478788128066
6.915 2.941227053751585
6.925 2.639502027193354
6.935 2.3647940140985475
6.945 2.1215501902790113
6.955 1.9134841382370662
6.965 1.7435986605185374
6.975 1.6142226400158057
6.985 1.52705339229282
6.995 1.4831965140731862
