0.005 0.0
0.015 0.0
0.025 0.0
0.034999999999999996 0.0
0.045 0.0
0.055 0.0
0.065 0.0
0.07500000000000001 0.0
0.085 0.0
0.095 0.0
0.10500000000000001 0.0
0.115 0.0
0.125 0.0
0.135 0.0
0.14500000000000002 0.0
0.155 0.0
0.165 0.0
0.17500000000000002 0.0
0.185 0.0
0.195 0.0
0.20500000000000002 0.0
0.215 0.0
0.225 0.0
0.23500000000000001 0.0
0.245 0.0
0.255 0.0
0.265 0.0
0.275 0.0
0.28500000000000003 0.0
0.295 0.0
0.305 0.0
0.315 0.0
0.325 0.0
0.335 0.0
0.34500000000000003 0.0
0.35500000000000004 0.0
0.365 0.0
0.375 0.0
0.385 0.0
0.395 0.0
0.405 0.0
0.41500000000000004 0.0
0.425 0.0
0.435 0.0
0.445 0.0
0.455 0.0
0.465 0.0
0.47500000000000003 0.0
0.485 0.0
0.495 0.0
0.505 0.0
0.515 0.0
0.525 0.0
0.535 0.0
0.545 0.0
0.555 0.0
0.5650000000000001 0.0
0.5750000000000001 0.0
0.585 0.0
0.595 0.0
0.605 0.0
0.615 0.0
0.625 0.0
0.635 0.0
0.645 0.0
0.655 0.0
0.665 0.0
0.675 0.0
0.685 0.0
0.6950000000000001 0.0
0.7050000000000001 0.0
0.715 0.0
0.725 0.0
0.735 0.0
0.745 0.0
0.755 0.0
0.765 0.0
0.775 0.0
0.785 0.0
0.795 0.0
0.805 0.0
0.8150000000000001 0.0
0.8250000000000001 0.0
0.8350000000000001 0.0
0.845 0.0
0.855 0.0
0.865 0.0
0.875 0.0
0.885 0.0
0.895 0.0
0.905 0.0
0.915 0.0
0.925 0.0
0.935 0.0
0.9450000000000001 0.0
0.9550000000000001 0.0
0.965 0.0
0.975 0.0
0.985 0.0
0.995 0.0
1.005 0.0
1.015 0.0
1.025 0.0
1.035 0.0
1.045 0.0
1.055 0.0
1.065 0.0
1.075 0.0
1.085 0.0
1.095 0.0
1.105 0.0
1.115 0.0
1.125 0.0
1.135 0.0
1.145 0.0
1.155 0.0
1.1649999999999998 0.0
1.1749999999999998 0.0
1.1849999999999998 0.0
1.1949999999999998 0.0
1.2049999999999998 0.0
1.2149999999999999 0.0
1.2249999999999999 0.0
1.2349999999999999 0.0
1.2449999999999999 0.0
1.255 0.0
1.265 0.0
1.275 0.0
1.285 0.0
1.295 0.0
1.305 0.0
1.315 0.0
1.325 0.0
1.335 0.0
1.345 0.0
1.355 0.0
1.365 0.0
1.375 0.0
1.385 0.0
1.395 0.0
1.405 0.0
1.4149999999999998 0.0
1.4249999999999998 0.0
1.4349999999999998 0.0
1.4449999999999998 0.0
1.4549999999999998 0.0
1.4649999999999999 0.0
1.4749999999999999 0.0
1.4849999999999999 0.0
1.4949999999999999 0.0
1.505 0.0
1.515 0.0
1.525 0.0
1.535 0.0
1.545 0.0
1.555 0.0
1.565 0.0
1.575 0.0
1.585 0.0
1.595 0.0
1.605 0.0
1.615 0.0
1.625 0.0
1.635 0.0
1.645 0.0
1.655 0.0
1.665 0.0
1.6749999999999998 0.0
1.6849999999999998 0.0
1.6949999999999998 0.0
1.7049999999999998 0.0
1.7149999999999999 0.011688154752517613
1.7249999999999999 0.017349712135674288
1.7349999999999999 0.02549738542746817
1.7449999999999999 0.03709847689217742
1.755 0.053440875644181575
1.765 0.07621634299159413
1.775 0.10761670801806371
1.785 0.15044174226314572
1.795 0.20821598172693134
1.805 0.2853098876513797
1.815 0.38705852719275824
1.825 0.5198685102268826
1.835 0.6913014045157886
1.845 0.9101195046241058
1.855 1.186277953987124
1.865 1.5308461713079995
1.875 1.9558416957011993
1.885 2.473961311145855
1.895 3.0981979489277633
1.905 3.8413375861339376
1.915 4.715338169964559
1.9249999999999998 5.73060228297231
1.9349999999999998 6.895166339910152
1.9449999999999998 8.21384081533085
1.9549999999999998 9.687347335791964
1.9649999999999999 11.311508238628008
1.9749999999999999 13.076551123266709
1.9849999999999999 14.966593773029249
1.9949999999999999 16.968487564086185
2.005 19.039799753090346
2.015 21.152563620799025
2.025 23.267669355809904
2.035 25.342086626345605
2.045 27.33034904380178
2.0549999999999997 29.18632438805459
2.065 30.865188968638506
2.0749999999999997 32.32550261424529
2.085 33.53126530798761
2.0949999999999998 34.45382921820603
2.105 35.073541917142826
2.1149999999999998 35.3810081858441
2.125 35.37787832090109
2.135 35.07709877973535
2.145 34.50259411626902
2.155 33.688384791465396
2.165 32.67718073754596
2.175 31.518522775943858
2.185 30.266570796732033
2.195 28.97765726578827
2.205 27.707736128228483
2.215 26.509860269962758
2.225 25.431815818638086
2.235 24.51402969318815
2.245 23.787849292808975
2.255 23.274271563577276
2.265 22.983174399094736
2.275 22.91307779023726
2.285 23.051436504659268
2.295 23.3754413042153
2.305 23.853282582383486
2.315 24.445809506252353
2.3249999999999997 25.10849992900207
2.335 25.79364216616316
2.3449999999999998 26.452619894757134
2.355 27.03818661739789
2.3649999999999998 27.50661691512724
2.375 27.819628464901076
2.385 27.945981562742592
2.395 27.86268128515248
2.405 27.555730568345368
2.415 27.02040903810671
2.425 26.26108063147062
2.435 25.29056090342362
2.445 24.129100325874422
2.455 22.80306092525346
2.465 21.343378685859722
2.475 19.783912211931977
2.485 18.15977877630335
2.495 16.505772349732617
2.505 14.854945401464093
2.515 13.237418609197816
2.525 11.671666160466728
2.535 10.197720440310569
2.545 8.821255519779726
2.555 7.55465711160046
2.565 6.405546201469027
2.5749999999999997 5.377180730684703
2.585 4.46899794031916
2.5949999999999998 3.677246392075567
2.605 2.9956589050879163
2.6149999999999998 2.4218746979078363
2.625 1.9378510988226958
2.635 1.5378060311256772
2.645 1.2120829870712995
2.655 0.9514141670610742
2.665 0.7528257468432735
2.675 0.6003286478451775
2.685 0.4915906002915974
2.695 0.42197334272002146
2.705 0.38834392435046505
2.715 0.3891370719482976
2.725 0.4243885667156041
2.735 0.4957442642801021
2.745 0.6064456912560119
2.755 0.7612893744859025
2.765 0.9665535841283518
2.775 1.2298833641876716
2.785 1.560122922656957
2.795 1.9670839559768631
2.805 2.4551600438476373
2.815 3.0493213139399047
2.8249999999999997 3.7512941815731913
2.835 4.571079106410951
2.8449999999999998 5.517230103831437
2.855 6.596190553853629
2.8649999999999998 7.811598652922989
2.875 9.16359885546597
2.885 10.648202329383627
2.895 12.2567439207096
2.905 13.97548458261286
2.915 15.785406026090104
2.925 17.662238102655788
2.935 19.576749079735173
2.945 21.499987633426457
2.955 23.387702249777433
2.965 25.20368642481051
2.975 26.9075998835683
2.985 28.459597073008588
2.995 29.821931736392095
3.005 30.960570151982182
3.015 31.846723242805602
3.025 32.458208299181806
3.035 32.78055809331006
3.045 32.80780833965845
3.055 32.54291282984323
3.065 31.99775772355617
3.075 31.19277063966741
3.085 30.156144430389325
3.0949999999999998 28.92271793594663
3.105 27.53257493232428
3.1149999999999998 26.029436612238165
3.125 24.45893149079729
3.135 22.86682936307765
3.145 21.29732315457064
3.155 19.791434945799487
3.165 18.385611197060875
3.175 17.110558500742254
3.185 15.990356314004416
3.195 15.041868211710295
3.205 14.274459148912854
3.215 13.690013636976811
3.225 13.28323891505407
3.235 13.042228171971399
3.245 12.9492514885753
3.255 12.98173618464707
3.265 13.113393436192176
3.275 13.315444240390038
3.285 13.557895053410062
3.295 13.810811872568458
3.305 14.045541465840138
3.315 14.23583021563966
3.325 14.35879496048728
3.335 14.395706489185988
3.3449999999999998 14.33255496974278
3.355 14.160377329715073
3.3649999999999998 13.875338929535994
3.375 13.478575030524254
3.385 12.97581062849534
3.395 12.376789202888778
3.405 11.694550861876774
3.415 10.944607442196265
3.425 10.140229577759719
3.435 9.308217310892175
3.445 8.460717758981422
3.455 7.6147221796359545
3.465 6.785707159032901
3.475 5.983453990839737
3.485 5.22783895864995
3.495 4.522197244025049
3.505 3.8728783553576207
3.515 3.283789174206088
3.525 2.756599877013218
3.535 2.2910219666519285
3.545 1.8851322765288665
3.555 1.5357179501547815
3.565 1.23862016722401
3.575 0.9890582924108237
3.585 0.7819206545635713
3.5949999999999998 0.6120128448719594
3.605 0.474258850455377
3.6149999999999998 0.3638542118980748
3.625 0.2763735162757683
3.635 0.2078368237557476
3.645 0.1547410803247392
3.655 0.11406326728597772
3.665 0.08324210342808418
3.675 0.060144696701493305
3.685 0.04302379224270135
3.695 0.030470325349651148
3.705 0.021364982941100334
3.715 0.01483149960377701
3.725 0.010193530666068493
3.735 0.006936194426897275
3.745 0.0046727757337499355
3.755 0.0
3.765 0.0
3.775 0.0
3.785 0.0
3.795 0.0
3.805 0.0
3.815 0.0
3.825 0.0
3.835 0.0
3.8449999999999998 0.0
3.855 0.0
3.8649999999999998 0.0
3.875 0.0
3.885 0.0
3.895 0.0
3.905 0.0
3.915 0.0
3.925 0.0
3.935 0.0
3.945 0.002769413164380773
3.955 0.004110873119335079
3.965 0.006041398009802267
3.975 0.008790182236553786
3.985 0.012662380645940136
3.995 0.018058842314388063
4.005 0.025498903308783717
4.015 0.03564594671423155
4.025 0.04933508265749334
4.035 0.06760185636826334
4.045 0.09171036859882153
4.055 0.12317861342991142
4.065 0.16379824281575003
4.075 0.21564541115634991
4.085 0.2810789086856487
4.095 0.36272154409566526
4.1049999999999995 0.4634207754952081
4.115 0.5861850025368854
4.125 0.7340927945679274
4.135 0.9101736848221078
4.145 1.117261011589033
4.155 1.357819582160782
4.165 1.6337535596223351
4.175 1.9462027467770793
4.185 2.2953381271660946
4.195 2.6801698376136183
4.205 3.098382387320161
4.215 3.5462126142741655
4.225 4.018385338110837
4.235 4.50811977275508
4.245 5.0072164643534185
4.255 5.506229924559452
4.265 5.994726492033313
4.275 6.461620674650932
4.285 6.895576815101219
4.295 7.285456966769129
4.305 7.6207909594065635
4.315 7.892241314203428
4.325 8.092034354280363
4.335 8.21432979234922
4.345 8.25782646659786
4.355 8.217776791938341
4.365 8.097100114242537
4.375 7.899611951456907
4.385 7.631408465619186
4.395 7.3005994487262855
4.405 6.916957846983474
4.415 6.491510082596865
4.425 6.038340157087146
4.435 5.566248257806081
4.445 5.089015501877962
4.455 4.618534261970598
4.465 4.165999800877702
4.475 3.7416775060556535
4.485 3.3569381535844944
4.495 3.0164734464290683
4.505 2.7287071142269124
4.515 2.4994982960889915
4.525 2.3336847795053264
4.535 2.235183985585225
4.545 2.207095662535946
4.555 2.251790855148819
4.565 2.370974917361224
4.575 2.565716422429273
4.585 2.8364383798979755
4.595 3.1849683027256566
4.605 3.6070941488508512
4.615 4.102438509930804
4.625 4.668292490629106
4.635 5.300916249292811
4.645 5.995458508351993
4.655 6.745904820391295
4.665 7.5450646677870425
4.675 8.384604639253164
4.685 9.255131565708496
4.695 10.146325915092275
4.705 11.047122241875869
4.715 11.945930330666702
4.725 12.830888077766875
4.735 13.690135262600592
4.745 14.51209623933682
4.755 15.283912088798932
4.765 15.999720455479908
4.775 16.647722951202304
4.785 17.220131591747197
4.795 17.712501152713873
4.805 18.117031677175177
4.815 18.431848087736903
4.825 18.65540611289331
4.835 18.787746144403698
4.845 18.830407417874824
4.855 18.786300941948298
4.865 18.65954946188885
4.875 18.455304358620054
4.885 18.17955045307241
4.895 17.838910040844524
4.905 17.440456987724154
4.915 16.991550300658425
4.925 16.499694272678752
4.935 15.972429218123054
4.945 15.417253216950455
4.955 14.843394785941253
4.965 14.255373235846534
4.975 13.661657981738099
4.985 13.069381486191862
4.995 12.485535716557214
5.005 11.916932348538035
5.015 11.370135157381782
5.025 10.851360864933701
5.035 10.366349436796986
5.045 9.920209827256974
5.055 9.51725182887292
5.065 9.160818382886518
5.075 8.853134916475192
5.085 8.595192623445147
5.095 8.38841247860287
5.105 8.228551149747725
5.115 8.115722008653462
5.125 8.043476738524594
5.135 8.00834173290951
5.145 8.005101392311419
5.155 8.028383657886874
5.165 8.073731834938497
5.175 8.134923597944255
5.185 8.20751346096839
5.195 8.287873720450998
5.205 8.373363914072048
5.215 8.462428682302132
5.225 8.55462232201221
5.235 8.649066465061622
5.245 8.750846488230309
5.255 8.860180901573077
5.265 8.980141402582284
5.275 9.114212683992418
5.285 9.266091776213095
5.295 9.43802927082304
5.305 9.636982308091095
5.315 9.864016936773183
5.325 10.121848178008523
5.335 10.412490318967127
5.345 10.737098697489614
5.355 11.095810208766691
5.365 11.487583840264765
5.375 11.910046713017966
5.385 12.35935566937442
5.395 12.830088596067947
5.405 13.313784923673378
5.415 13.805014247132227
5.425 14.291495833411876
5.435 14.761652042825439
5.445 15.202798981540845
5.455 15.601531437150221
5.465 15.94419623804109
5.475 16.21743446707443
5.485 16.408764669049166
5.495 16.507172847418886
5.505 16.50367144813588
5.515 16.39178919027077
5.525 16.167956686377853
5.535 15.831759091334582
5.545 15.386035971242947
5.555 14.836819358852463
5.565 14.193112542326208
5.575 13.46652343886438
5.585 12.670776408033975
5.595 11.821134199926586
5.605 10.932474664773284
5.615 10.02425263638582
5.625 9.110664729746455
5.635 8.206900932495229
5.645 7.326731225048688
5.655 6.482132661117842
5.665 5.684452490973651
5.675 4.93927059710019
5.685 4.2531367520529635
5.695 3.629537105646844
5.705 3.070009162351602
5.715 2.574375650033246
5.725 2.1424180431917357
5.735 1.770671279972854
5.745 1.4544846080380622
5.755 1.1909069173919051
5.765 0.9746713962837779
5.775 0.8046600843598452
5.785 0.6754559822167266
5.795 0.5839394116512904
5.805 0.5276061845515689
5.815 0.5046640846555919
5.825 0.5140855482891058
5.835 0.5556182260774614
5.845 0.6297552869731643
5.855 0.7376673218895324
5.865 0.8810976973622644
5.875 1.062223365998269
5.885 1.2834835926675872
5.895 1.547379887498165
5.905 1.8550967778471685
5.915 2.211271193289969
5.925 2.614358899252496
5.935 3.0674501544278607
5.945 3.56812640551007
5.955 4.114295976723
5.965 4.7011743467402365
5.975 5.326069335310773
5.985 5.980269931063261
5.995 6.655031476539474
6.005 7.339993885402414
6.015 8.023382459992735
6.025 8.693562659415427
6.035 9.33495650195503
6.045 9.934508375619835
6.055 10.478513642171897
6.065 10.953987380043063
6.075 11.349191789941804
6.085 11.654139048754093
6.095 11.861041512453903
6.105 11.965918583112328
6.115 11.964522689477697
6.125 11.858371373015554
6.135 11.651199365361194
6.1450000000000005 11.34968061631438
6.155 10.963200702864729
6.165 10.503516020155065
6.175 9.98431837765191
6.185 9.420728500667359
6.195 8.828745028337478
6.205 8.22467674355955
6.215 7.624584991630692
6.225 7.043760740145254
6.235 6.496256846028134
6.245 5.994491270077772
6.255 5.548931705694693
6.265 5.167866848125362
6.275 4.857264744860383
6.285 4.620714657732459
6.295 4.459445828643208
6.305 4.372414537282144
6.315 4.356449811702536
6.325 4.406447943654298
6.335 4.515606347855638
6.345 4.675688039028738
6.355 4.87730884405407
6.365 5.11138265783541
6.375 5.365416911591707
6.385 5.6292645590543895
6.3950000000000005 5.892133823077462
6.405 6.14365757731572
6.415 6.374184867473209
6.425 6.575049423847989
6.435 6.738807891508978
6.445 6.8594406402975485
6.455 6.9325085193810745
6.465 6.955259832244721
6.475 6.92573510727483
6.485 6.846877046253386
6.495 6.719709337994837
6.505 6.548220007546465
6.515 6.337772663675832
6.525 6.0948912120695145
6.535 5.826074921024855
6.545 5.540619695808235
6.555 5.247705134460188
6.565 4.954377967480987
6.575 4.668738805123018
6.585 4.398263415213817
6.595 4.149538392699669
6.605 3.9280328093366776
6.615 3.7379151537657687
6.625 3.581923116388641
6.635 3.461291704067547
6.6450000000000005 3.3757428408885746
6.655 3.323537085653534
6.665 3.301585449530796
6.675 3.305616620060223
6.685 3.3303923010770364
6.695 3.369960991052426
6.705 3.4179384874699603
6.715 3.4678018692336634
6.725 3.5131828108965872
6.735 3.5481459348083146
6.745 3.5674385813094167
6.755 3.5666998872502274
6.765 3.5426193566936095
6.775 3.4930380615231456
6.785 3.4169890351404946
6.795 3.3146770787916604
6.805 3.1874018155412465
6.815 3.0374311248084083
6.825 2.8678348171128607
6.835 2.682588038870352
6.845 2.4860114970910763
6.855 2.2819742910706777
6.865 2.074847974022396
6.875 1.8688308088338392
6.885 1.6678057573254628
6.8950000000000005 1.475233340815837
6.905 1.294082165279783
6.915 1.1259729410308907
6.925 0.9747578994931423
6.935 0.8406781050452585
6.945 0.7247680967312339
6.955 0.6276964312428046
6.965 0.549849371507457
6.975 0.49141445991215743
6.985 0.45245687505382126
6.995 0.4329824416277023
