0.005 0.0
0.015 0.0
0.025 0.0
0.034999999999999996 0.0
0.045 0.0
0.055 0.0
0.065 0.0
0.07500000000000001 0.0
0.085 0.0
0.095 0.0
0.10500000000000001 0.0
0.115 0.0
0.125 0.0
0.135 0.0
0.14500000000000002 0.0
0.155 0.0
0.165 0.0
0.17500000000000002 0.0
0.185 0.0
0.195 0.0
0.20500000000000002 0.0
0.215 0.0
0.225 0.0
0.23500000000000001 0.0
0.245 0.0
0.255 0.0
0.265 0.0
0.275 0.0
0.28500000000000003 0.0
0.295 0.0
0.305 0.0
0.315 0.0
0.325 0.0
0.335 0.0
0.34500000000000003 0.0
0.35500000000000004 0.0
0.365 0.0
0.375 0.0
0.385 0.0
0.395 0.0
0.405 0.0
0.41500000000000004 0.0
0.425 0.0
0.435 0.0
0.445 0.0
0.455 0.0
0.465 0.0
0.47500000000000003 0.0
0.485 0.0
0.495 0.0
0.505 0.0
0.515 0.0
0.525 0.0
0.535 0.0
0.545 0.0
0.555 0.0
0.5650000000000001 0.0
0.5750000000000001 0.0
0.585 0.0
0.595 0.0
0.605 0.0
0.615 0.0
0.625 0.0
0.635 0.0
0.645 0.0
0.655 0.0
0.665 0.0
0.675 0.0
0.685 0.0
0.6950000000000001 0.0
0.7050000000000001 0.0
0.715 0.0
0.725 0.0
0.735 0.0
0.745 0.0
0.755 0.0
0.765 0.0
0.775 0.0
0.785 0.0
0.795 0.0
0.805 0.0
0.8150000000000001 0.0
0.8250000000000001 0.0
0.8350000000000001 0.0
0.845 0.0
0.855 0.0
0.865 0.0
0.875 0.0
0.885 0.0
0.895 0.0
0.905 0.0
0.915 0.0
0.925 0.0
0.935 0.0
0.9450000000000001 0.0
0.9550000000000001 0.0
0.965 0.0
0.975 0.0
0.985 0.0
0.995 0.0
1.005 0.0
1.015 0.0
1.025 0.0
1.035 0.0
1.045 0.0
1.055 0.0
1.065 0.0
1.075 0.0
1.085 0.0
1.095 0.0
1.105 0.0
1.115 0.0
1.125 0.0
1.135 0.0
1.145 0.0
1.155 0.0
1.1649999999999998 0.0
1.1749999999999998 0.0
1.1849999999999998 0.0
1.1949999999999998 0.0
1.2049999999999998 0.0
1.2149999999999999 0.0
1.2249999999999999 0.0
1.2349999999999999 0.0
1.2449999999999999 0.0
1.255 0.0
1.265 0.0
1.275 0.0
1.285 0.0
1.295 0.0
1.305 0.0
1.315 0.0
1.325 0.0
1.335 0.0
1.345 0.0
1.355 0.0
1.365 0.0
1.375 0.0
1.385 0.0
1.395 0.0
1.405 0.0
1.4149999999999998 0.0
1.4249999999999998 0.0
1.4349999999999998 0.0
1.4449999999999998 0.0
1.4549999999999998 0.0
1.4649999999999999 0.0
1.4749999999999999 0.0
1.4849999999999999 0.0
1.4949999999999999 0.0
1.505 0.0
1.515 0.0
1.525 0.0
1.535 0.0
1.545 0.0
1.555 0.0
1.565 0.0
1.575 0.0
1.585 0.0
1.595 0.0
1.605 0.0
1.615 0.0
1.625 0.0
1.635 0.0
1.645 0.0
1.655 0.0
1.665 0.0
1.6749999999999998 0.0
1.6849999999999998 0.0
1.6949999999999998 0.0
1.7049999999999998 0.0
1.7149999999999999 0.0
1.7249999999999999 0.0
1.7349999999999999 0.0
1.7449999999999999 0.0
1.755 0.0
1.765 0.0
1.775 0.0
1.785 0.0
1.795 0.0
1.805 0.0
1.815 0.0
1.825 0.0
1.835 0.0
1.845 0.0
1.855 0.0
1.865 0.0
1.875 0.0
1.885 0.0
1.895 0.0
1.905 0.0
1.915 0.0
1.9249999999999998 0.0
1.9349999999999998 0.0
1.9449999999999998 0.0
1.9549999999999998 0.0
1.9649999999999999 0.0
1.9749999999999999 0.0
1.9849999999999999 0.0
1.9949999999999999 0.0
2.005 0.0
2.015 0.0
2.025 0.0
2.035 0.0
2.045 0.0
2.0549999999999997 0.0
2.065 0.0
2.0749999999999997 0.0
2.085 0.0
2.0949999999999998 0.0
2.105 0.0
2.1149999999999998 0.0
2.125 0.0
2.135 0.0
2.145 0.0
2.155 0.0
2.165 0.0
2.175 0.0
2.185 0.0
2.195 0.0
2.205 0.0
2.215 0.0
2.225 0.00758766878382568
2.235 0.011263015588654952
2.245 0.01655228901170219
2.255 0.024083438404305876
2.265 0.03469253038580142
2.275 0.04947781568430242
2.285 0.06986217699340941
2.295 0.0976631586186469
2.305 0.1351688045114865
2.315 0.18521631293279056
2.3249999999999997 0.2512690810892486
2.335 0.3374861259338493
2.3449999999999998 0.4487762352846546
2.355 0.5908276799038568
2.3649999999999998 0.7701030993339539
2.375 0.9937884938057303
2.385 1.2696853605039835
2.395 1.6060361460332715
2.405 2.0112755487027005
2.415 2.4937039171359863
2.425 3.061084062881283
2.435 3.720169092188245
2.445 4.476176052114004
2.455 5.332227786971648
2.465 6.28879275935603
2.475 7.3431589312023355
2.485 8.488982295236934
2.495 9.71595249860572
2.505 11.009616543865839
2.515 12.35139635841565
2.525 13.718826988001084
2.535 15.086029579298351
2.545 16.42441787169898
2.555 17.70361971141062
2.565 18.892577539297722
2.5749999999999997 19.960775486174054
2.585 20.879527263921023
2.5949999999999998 21.623249944935687
2.605 22.17064512342158
2.6149999999999998 22.505711515744025
2.625 22.618521864172354
2.635 22.505711515744025
2.645 22.17064512342158
2.655 21.623249944935687
2.665 20.879527263921023
2.675 19.960775486174054
2.685 18.892577539297722
2.695 17.70361971141062
2.705 16.42441787169898
2.715 15.086029579298351
2.725 13.718826988001084
2.735 12.35139635841565
2.745 11.009616543865839
2.755 9.71595249860572
2.765 8.488982295236934
2.775 7.3431589312023355
2.785 6.28879275935603
2.795 5.332227786971648
2.805 4.476176052114004
2.815 3.720169092188245
2.8249999999999997 3.061084062881283
2.835 2.4937039171359863
2.8449999999999998 2.0112755487027005
2.855 1.6060361460332715
2.8649999999999998 1.2696853605039835
2.875 0.9937884938057303
2.885 0.7701030993339539
2.895 0.5908276799038568
2.905 0.4487762352846546
2.915 0.3374861259338493
2.925 0.2512690810892486
2.935 0.18521631293279056
2.945 0.1351688045114865
2.955 0.0976631586186469
2.965 0.06986217699340941
2.975 0.04947781568430242
2.985 0.03469253038580142
2.995 0.024083438404305876
3.005 0.01655228901170219
3.015 0.011263015588654952
3.025 0.00758766878382568
3.035 0.0
3.045 0.004405434495812501
3.055 0.0065393573197217204
3.065 0.009610333170084024
3.075 0.013982952254092774
3.085 0.0201426385973023
3.0949999999999998 0.028727041493656003
3.105 0.040562293010916836
3.1149999999999998 0.05670366751718766
3.125 0.08268735431098986
3.135 0.113783325048502
3.145 0.15506702410112705
3.155 0.20930142457842052
3.165 0.2798002313175201
3.175 0.3704751146088397
3.185 0.48586737134037417
3.195 0.6311571444021443
3.205 0.812142852490555
3.215 1.0351834649611547
3.225 1.3070968319138012
3.235 1.635008555257967
3.245 2.026147925803148
3.255 2.4875902571024104
3.265 3.025948445964077
3.275 3.6470206252739725
3.285 4.355405105753204
3.295 5.154098113631051
3.305 6.044093750697014
3.315 7.024008737123206
3.325 8.089756463955883
3.335 9.234295353179181
3.3449999999999998 10.447475264449434
3.355 11.716002592468888
3.3649999999999998 13.023539812105273
3.375 14.350948754418102
3.385 15.67667919300554
3.395 16.977295872656804
3.405 18.22812849811452
3.415 19.40402103925507
3.425 20.480149608804442
3.435 21.43287267507103
3.445 22.24057392066629
3.455 22.8844569391061
3.465 23.34925229763703
3.475 23.623801235330944
3.485 23.70148619185778
3.495 23.580486107917128
3.505 23.263843517773307
3.515 22.759340299111223
3.525 22.079188942849377
3.535 21.239555739130527
3.545 20.259940764400987
3.555 19.162446489134442
3.565 17.970971801270796
3.575 16.710370982051813
3.585 15.405617552820129
3.5949999999999998 14.081010965963372
3.605 12.75946002979881
3.6149999999999998 11.461871068716956
3.625 10.206661578067983
3.635 9.009412073436797
3.645 7.882660532134363
3.655 6.835835850693627
3.665 5.875319613087415
3.675 5.004619603980186
3.685 4.2246342085889514
3.695 3.5339842716805605
3.705 2.9293881521751723
3.715 2.406056479978758
3.725 1.958085258253507
3.735 1.5788291367618579
3.745 1.2612405458264906
3.755 0.9981645551195742
3.765 0.7825834635225546
3.775 0.6078089462582206
3.785 0.46762286562078337
3.795 0.35637045380004156
3.805 0.26901144094353735
3.815 0.20113583907385452
3.825 0.14895156909282892
3.835 0.10925103933499536
3.8449999999999998 0.07936327728802034
3.855 0.054159091787372396
3.8649999999999998 0.03874206107777162
3.875 0.027437916190570517
3.885 0.019238738169810556
3.895 0.016189735993417966
3.905 0.013386212887069343
3.915 0.012428781698873112
3.925 0.013203774965362677
3.935 0.01295891333714467
3.945 0.018481751501945996
3.955 0.026096046818550357
3.965 0.036480717742307815
3.975 0.05049043134272776
3.985 0.06918498366160772
3.995 0.0938580786679141
4.005 0.12606325943452557
4.015 0.16763413553725826
4.025 0.22069548158971694
4.035 0.2903194805208977
4.045 0.3751616233821591
4.055 0.4800720368094925
4.065 0.6083495590101794
4.075 0.7634377499269723
4.085 0.9488218348119479
4.095 1.1678999762459794
4.1049999999999995 1.4238314354193176
4.115 1.7193665279326975
4.125 2.056665691750009
4.135 2.437117230813613
4.145 2.8611651104883915
4.155 3.3281592882656468
4.165 3.836241221007165
4.175 4.382276219275148
4.185 4.961842140715385
4.195 5.569280576523431
4.205 6.1978123790790765
4.215 6.839714437006484
4.225 7.486549477195635
4.235 8.129435889954651
4.245 8.759340680876596
4.255 9.36737614952293
4.265 9.945080160161751
4.275 10.484661103218196
4.285 10.979191825223138
4.295 11.422741669496029
4.305 11.810441837441918
4.315 12.138485895423289
4.325 12.404073660874735
4.335 12.60531214569883
4.345 12.741091052497122
4.355 12.810952033821914
4.365 12.814970315622492
4.375 12.753664423522704
4.385 12.627944991694475
4.395 12.439107579494468
4.405 12.188867836880105
4.415 11.879431076483637
4.425 11.513583113100363
4.435 11.09478575677343
4.445 10.627259000532913
4.455 10.11603285723954
4.465 9.566954813972448
4.475 8.986643572064793
4.485 8.38238551775026
4.495 7.761976506901931
4.505 7.133517321235508
4.515 6.505175917709559
4.525 5.8849328596628485
4.535 5.280327805972089
4.545 4.69822458719137
4.555 4.144610373112704
4.565 3.624441068282833
4.575 3.141540813968958
4.585 2.698558833908862
4.595 2.2969823326571635
4.605 1.9372001679424784
4.615 1.6186088926907893
4.625 1.339750688556286
4.635 1.098471747607947
4.645 0.892089738334838
4.655 0.7175599571877608
4.665 0.5716313955071677
4.675 0.45098599347318513
4.685 0.3523565603856041
4.695 0.27262099552985597
4.705 0.20698198228711764
4.715 0.15721774375513878
4.725 0.11822998433579646
4.735 0.08802595792360013
4.745 0.0648859911386996
4.755 0.04735307442894355
4.765 0.03421389155396065
4.775 0.02447449971088423
4.785 0.017333338836190003
4.795 0.012153676874072206
4.805 0.008437041781834074
4.815 0.00579868836136604
4.825 0.003945721184643657
4.835 0.002658153602535829
4.845 0.0
4.855 0.0
4.865 0.0
4.875 0.0
4.885 0.0
4.895 0.0
4.905 0.0
4.915 0.0
4.925 0.0
4.935 0.0
4.945 0.0
4.955 0.0
4.965 0.0
4.975 0.0
4.985 0.0
4.995 0.0
5.005 0.0
5.015 0.0
5.025 0.0
5.035 0.0
5.045 0.0
5.055 0.0
5.065 0.0
5.075 0.0017442114687857859
5.085 0.0025890799298885665
5.095 0.003804948944320074
5.105 0.0072614208414926145
5.115 0.010535865596656521
5.125 0.015137278617615336
5.135 0.021535524863904726
5.145 0.030338512775585545
5.155 0.042321920997391134
5.165 0.06014972935375332
5.175 0.08247261010347597
5.185 0.11199644767062844
5.195 0.1506344758637989
5.205 0.20066780021427136
5.215 0.2647720368104413
5.225 0.3460317941022046
5.235 0.44793821513887716
5.245 0.5743645646178008
5.255 0.7295149622244013
5.265 0.9178419220739258
5.275 1.143929428400293
5.285 1.4123398968556797
5.295 1.727425528821215
5.305 2.0931071954626654
5.315 2.512626957949707
5.325 2.9882834463519266
5.335 3.5211623334543045
5.345 4.110876763906145
5.355 4.755334532237807
5.365 5.450549759650233
5.375 6.190516562398284
5.385 6.967160578895729
5.395 7.770381182456046
5.405 8.588192833889005
5.415 9.406968539298592
5.425 10.211782115723569
5.435 10.986839376003285
5.445 11.715981936146147
5.455 12.383241655221823
5.465 12.97341923960549
5.475 13.472657698340385
5.485 13.868980416471384
5.495 14.152764752535216
5.505 14.31712522517755
5.515 14.358185320248971
5.525 14.275223359173573
5.535 14.070685239201126
5.545 13.75006463109995
5.555 13.32165882348485
5.565 12.796215289173599
5.575 12.186489748174132
5.585 11.506740657789951
5.595 10.77218745378099
5.605 9.998460425602069
5.615 9.201068904839925
5.625 8.396351978779105
5.635 7.5959874594254035
5.645 6.813496637425588
5.655 6.059818687937707
5.665 5.344106735610761
5.675 4.673654287289439
5.685 4.055318887199431
5.695 3.4906449906452197
5.705 2.9827344085864276
5.715 2.53236407386217
5.725 2.139166633112436
5.735 1.8018876698778692
5.745 1.5186465323896585
5.755 1.287187256370736
5.765 1.1051078249428201
5.775 0.9700580363095834
5.785 0.8798984167225556
5.795 0.8328148155445136
5.805 0.8273854816093131
5.815 0.8625995103183026
5.825 0.937827560540164
5.835 1.052747676319929
5.845 1.2072309195148216
5.855 1.4011933230873077
5.865 1.6344223853898594
5.875 1.9063878878265945
5.885 2.214884795956302
5.895 2.5608955632888204
5.905 2.940129309876315
5.915 3.3478750480172765
5.925 3.782166048161156
5.935 4.235543409145945
5.945 4.701155893182395
5.955 5.171133475231057
5.965 5.636751400593585
5.975 6.087530209142772
5.985 6.516402726344552
5.995 6.9120085561418945
6.005 7.264985008466805
6.015 7.566642551634745
6.025 7.809317082002359
6.035 7.986691024608534
6.045 8.094064648453191
6.055 8.128561468785648
6.065 8.089255314246975
6.075 7.977211295233265
6.085 7.79543816974023
6.095 7.548755056542001
6.105 7.243580667201561
6.115 6.8876578144286675
6.125 6.489729560510749
6.135 6.059185742324418
6.1450000000000005 5.605699607092882
6.155 5.138873895381902
6.165 4.667914013213736
6.175 4.201343146017788
6.185 3.746770565611661
6.195 3.310720298726679
6.205 2.898523108345145
6.215 2.514270716496949
6.225 2.160827652503018
6.235 1.83989325993081
6.245 1.552104374520705
6.255 1.2971680459689803
6.265 1.074013391738242
6.275 0.8809521472646374
6.285 0.7158385706773572
6.295 0.5762208981895975
6.305 0.45947834542118704
6.315 0.362939534776216
6.325 0.28398004665272353
6.335 0.22009842192550283
6.345 0.16897130129043464
6.355 0.12848942796830776
6.365 0.09677695281909342
6.375 0.07219688267735477
6.385 0.05334564244218765
6.3950000000000005 0.03903963113044398
6.405 0.028296399448603092
6.415 0.02031271853348321
6.425 0.014441397956096178
6.435 0.009207641385073694
6.445 0.006456153613801868
6.455 0.004481840216255019
6.465 0.0030803207298862874
6.475 0.0020960062003653026
6.485 0.0014120375393279678
6.495 0.0
6.505 0.0
6.515 0.0010934100490434498
6.525 0.0016230405909941573
6.535 0.002385243696805314
6.545 0.003470509100623911
6.555 0.004999316974858082
6.565 0.0071299291541636126
6.575 0.010067388093623578
6.585 0.01407360838978422
6.595 0.02054684828720455
6.605 0.029345000491470652
6.615 0.040125893118555515
6.625 0.054355527945762865
6.635 0.07294745063631299
6.6450000000000005 0.09699376389849827
6.655 0.12778079884495014
6.665 0.1668004208558152
6.675 0.21575502803025753
6.685 0.27764756494317977
6.695 0.3529236013152658
6.705 0.44464903500267006
6.715 0.555309989467265
6.725 0.687492435572083
6.735 0.8438175973700422
6.745 1.0268626171048294
6.755 1.2390675496258248
6.765 1.4826307043871962
6.775 1.7593953175981902
6.785 2.0707314525868954
6.795 2.417417824849924
6.805 2.7995288641860183
6.815 3.216332702713528
6.825 3.666205870659616
6.835 4.146570264718179
6.845 4.653857418693648
6.855 5.183504264806381
6.865 5.729983456665233
6.875 6.28686997803411
6.885 6.84694424495081
6.8950000000000005 7.402330292285261
6.905 7.944665995848405
6.915 8.465300697471106
6.925 8.955514153145142
6.935 9.406749490602856
6.945 9.81085191367966
6.955 10.160304287655295
6.965 10.448450529819905
6.975 10.669697942089556
6.985 10.819690265232023
6.995 10.89544429035105
