0.005 0.0
0.015 0.0
0.025 0.0
0.034999999999999996 0.0
0.045 0.0
0.055 0.0
0.065 0.0
0.07500000000000001 0.0
0.085 0.0
0.095 0.0
0.10500000000000001 0.0
0.115 0.0
0.125 0.0
0.135 0.0
0.14500000000000002 0.0
0.155 0.0
0.165 0.0
0.17500000000000002 0.0
0.185 0.0
0.195 0.0
0.20500000000000002 0.0
0.215 0.0
0.225 0.0
0.23500000000000001 0.0
0.245 0.0
0.255 0.0
0.265 0.0
0.275 0.0
0.28500000000000003 0.0
0.295 0.0
0.305 0.0
0.315 0.0
0.325 0.0
0.335 0.0
0.34500000000000003 0.0
0.35500000000000004 0.0
0.365 0.0
0.375 0.0
0.385 0.0
0.395 0.0
0.405 0.0
0.41500000000000004 0.0
0.425 0.0
0.435 0.0
0.445 0.0
0.455 0.0
0.465 0.0
0.47500000000000003 0.0
0.485 0.0
0.495 0.0
0.505 0.0
0.515 0.0
0.525 0.0
0.535 0.0
0.545 0.0
0.555 0.0
0.5650000000000001 0.0
0.5750000000000001 0.0
0.585 0.0
0.595 0.0
0.605 0.0
0.615 0.0
0.625 0.0
0.635 0.0
0.645 0.0
0.655 0.0
0.665 0.0
0.675 0.0
0.685 0.0
0.6950000000000001 0.0
0.7050000000000001 0.0
0.715 0.0
0.725 0.0
0.735 0.0
0.745 0.0
0.755 0.0
0.765 0.0
0.775 0.0
0.785 0.0
0.795 0.0
0.805 0.0
0.8150000000000001 0.0
0.8250000000000001 0.0
0.8350000000000001 0.0
0.845 0.0
0.855 0.0
0.865 0.0
0.875 0.0
0.885 0.0
0.895 0.0
0.905 0.0
0.915 0.0
0.925 0.0
0.935 0.0
0.9450000000000001 0.0
0.9550000000000001 0.0
0.965 0.0
0.975 0.0
0.985 0.0
0.995 0.0
1.005 0.0
1.015 0.0
1.025 0.0
1.035 0.0
1.045 0.0
1.055 0.0
1.065 0.0
1.075 0.0
1.085 0.0
1.095 0.0
1.105 0.0
1.115 0.0
1.125 0.0
1.135 0.0
1.145 0.0
1.155 0.0
1.1649999999999998 0.0
1.1749999999999998 0.0
1.1849999999999998 0.0
1.1949999999999998 0.0
1.2049999999999998 0.0
1.2149999999999999 0.0
1.2249999999999999 0.0
1.2349999999999999 0.0
1.2449999999999999 0.0
1.255 0.0
1.265 0.0
1.275 0.0
1.285 0.0
1.295 0.0
1.305 0.0
1.315 0.0
1.325 0.0
1.335 0.0
1.345 0.0
1.355 0.0
1.365 0.0
1.375 0.0
1.385 0.0
1.395 0.0
1.405 0.0
1.4149999999999998 0.0
1.4249999999999998 0.0
1.4349999999999998 0.0
1.4449999999999998 0.0
1.4549999999999998 0.0
1.4649999999999999 0.0
1.4749999999999999 0.0
1.4849999999999999 0.0
1.4949999999999999 0.0
1.505 0.0
1.515 0.0
1.525 0.0
1.535 0.0
1.545 0.0
1.555 0.0
1.565 0.0
1.575 0.0
1.585 0.0
1.595 0.0
1.605 0.0
1.615 0.0
1.625 0.012750187396447659
1.635 0.018926176602565983
1.645 0.027814180185255288
1.655 0.05285003054118381
1.665 0.07667435014103527
1.6749999999999998 0.11014968237154085
1.6849999999999998 0.15669162625304586
1.6949999999999998 0.22071854385608175
1.7049999999999998 0.307867216931969
1.7149999999999999 0.42522691168354937
1.7249999999999999 0.5815831091188183
1.7349999999999999 0.7876579018644774
1.7449999999999999 1.0563293279045443
1.755 1.4028070103325962
1.765 1.8447368360374066
1.775 2.413255786645946
1.785 3.114003923975649
1.795 3.9794261890396925
1.805 5.036336016235737
1.815 6.312628517610112
1.825 7.8363969219334155
1.835 9.63482431808557
1.845 11.732868275636836
1.855 14.151775543385131
1.865 16.907484875750296
1.875 20.008996334292707
1.885 23.456803055086674
1.895 27.24149421281287
1.905 31.34264359247844
1.915 35.72809501190663
1.9249999999999998 40.35374268488886
1.9349999999999998 45.163881235456785
1.9449999999999998 50.09216729644959
1.9549999999999998 55.06319440841608
1.9649999999999999 59.994638288843134
1.9749999999999999 64.799884307285
1.9849999999999999 69.39100749069286
1.9949999999999999 73.68194191660173
2.005 77.59165475027731
2.015 81.0471332694395
2.025 83.98600241455446
2.035 86.35861545556641
2.045 88.12949929990509
2.0549999999999997 89.27808523112714
2.065 89.79871070474982
2.0749999999999997 89.69993280765772
2.085 89.0032436449717
2.0949999999999998 87.74131740820368
2.105 85.95594455709235
2.1149999999999998 83.69581840017841
2.125 81.01433321457627
2.135 77.96753254675595
2.145 74.61231467695337
2.155 71.0049636951452
2.165 67.20003401892214
2.175 63.24957815916707
2.185 59.202676092357834
2.195 55.10520257144128
2.205 50.99975753419378
2.215 46.92568441226747
2.225 42.91911023887645
2.235 39.01295760650332
2.245 35.23689873551991
2.255 31.617243022001624
2.265 28.176768552868033
2.275 24.934522940776873
2.285 21.905628010944596
2.295 19.101125859254367
2.305 16.527900956309033
2.315 14.188705362588
2.3249999999999997 12.082303284015596
2.335 10.203738879593732
2.3449999999999998 8.54471912955845
2.355 7.094093121706714
2.3649999999999998 5.838401350959324
2.375 4.762464118372806
2.385 3.8499769598224245
2.395 3.0840829276933586
2.405 2.447895888468675
2.415 1.9249550068126675
2.425 1.4995974314262073
2.435 1.148739022261576
2.445 0.8789763238932753
2.455 0.6660674203447544
2.465 0.4915817788098596
2.475 0.3659981621466203
2.485 0.269785800302651
2.495 0.19688667549664812
2.505 0.14225600861397855
2.515 0.10176114097407671
2.525 0.07206931122994725
2.535 0.05660255857378928
2.545 0.04408932732251246
2.555 0.03735042272781655
2.565 0.03567033598647422
2.5749999999999997 0.03880317720604121
2.585 0.03957792560546389
2.5949999999999998 0.05588363199627153
2.605 0.0781219860404984
2.6149999999999998 0.10812322280493027
2.625 0.14815685277913365
2.635 0.2009932908468848
2.645 0.26995938685554816
2.655 0.35898174177546327
2.665 0.4726104747648049
2.675 0.6160151322857678
2.685 0.7949438860917196
2.695 1.0156372516726986
2.705 1.2846884654925712
2.715 1.6088445485660152
2.725 2.0000989149086164
2.735 2.4565467385129534
2.745 2.987489236203509
2.755 3.597542670604
2.765 4.28979497288205
2.775 5.065395798135134
2.785 5.923179739471056
2.795 6.859354605586652
2.805 7.867287460248256
2.815 8.937419097253088
2.8249999999999997 10.057332457151585
2.835 11.211992144556177
2.8449999999999998 12.384160981887144
2.855 13.554986105866826
2.8649999999999998 14.704732489656612
2.875 15.813627245566886
2.885 16.862765085300907
2.895 17.83501535943659
2.905 18.7158654884198
2.915 19.49413533827913
2.925 20.162502723232244
2.935 20.71779169872105
2.945 21.16099198633584
2.955 21.50164345560715
2.965 21.740977614537012
2.975 21.893263493006245
2.985 21.971446033217788
2.995 21.98922616934573
3.005 21.960024703402837
3.015 21.89601401892758
3.025 21.807298820335458
3.035 21.701314726580247
3.045 21.58249462811934
3.055 21.45222894140522
3.065 21.30911947923899
3.075 21.149500094636448
3.085 20.96817307206595
3.0949999999999998 20.75929072178934
3.105 20.517298605606463
3.1149999999999998 20.237851468570813
3.125 19.91861570463358
3.135 19.559882701269945
3.145 19.16493462167964
3.155 18.740126426232735
3.165 18.294673119814046
3.175 17.84015704228875
3.185 17.389794211992836
3.195 16.95751922445288
3.205 16.55696333419711
3.215 16.200408964620603
3.225 15.897805454795474
3.235 15.655925431593715
3.245 15.477729435510689
3.255 15.36198946831804
3.265 15.303201487174464
3.275 15.291794299454704
3.285 15.314619662314843
3.295 15.355687450785636
3.305 15.397092123942441
3.315 15.420063675075863
3.325 15.406068681191062
3.335 15.337885391071778
3.3449999999999998 15.196532750891686
3.355 14.97965511224625
3.3649999999999998 14.673266527795557
3.375 14.273475220090507
3.385 13.78054251027342
3.395 13.198759204735465
3.405 12.536093156845102
3.415 11.803645489600957
3.425 11.014963512570906
3.435 10.185264557781112
3.445 9.330626603423747
3.455 8.467198870900853
3.465 7.610479153169072
3.475 6.774695326493892
3.485 5.972317356903061
3.495 5.213714241951389
3.505 4.506958782285865
3.515 3.8577727629015452
3.525 3.2695967289582897
3.535 2.740191593003357
3.545 2.2773849715206707
3.555 1.8739112843031263
3.565 1.526576798950609
3.575 1.231247449966918
3.585 0.9831710581047085
3.5949999999999998 0.7772663787362224
3.605 0.6083699220596639
3.6149999999999998 0.47143588946733056
3.625 0.36491569100590676
3.635 0.2795189515983283
3.645 0.21363990690123041
3.655 0.16406344074523205
3.665 0.1281401336811334
3.675 0.10379107037345288
3.685 0.08950125079430743
3.695 0.08742475909419625
3.705 0.09240858500210727
3.715 0.10681764050512768
3.725 0.13151199989652584
3.735 0.16793185526153726
3.745 0.21810453660698353
3.755 0.28464971181213017
3.765 0.36767998015835235
3.775 0.47823193810638137
3.785 0.6161446883814484
3.795 0.7863471589061816
3.805 0.9941358882411522
3.815 1.2450583633154348
3.825 1.5447537404011928
3.835 1.8987499157976802
3.8449999999999998 2.312218691198508
3.855 2.789694055139873
3.8649999999999998 3.334762197402209
3.875 3.9497355408436157
3.885 4.635326512643918
3.895 5.390339648222013
3.905 6.211402585172108
3.915 7.092757249817872
3.925 8.026131819228995
3.935 9.000711709951826
3.945 10.003223881217803
3.955 11.018143268735423
3.965 12.028023456415735
3.975 13.013946154413471
3.985 13.956076198811623
3.995 14.834301206731812
4.005 15.628928316218502
4.015 16.321405184152614
4.025 16.895029090778817
4.035 17.335606953537734
4.045 17.632030461091563
4.055 17.77673438283994
4.065 17.766012175148624
4.075 17.60017089592546
4.085 17.283516606018487
4.095 16.824171225327547
4.1049999999999995 16.23373151875578
4.115 15.526789815919493
4.125 14.720343589480432
4.135 13.833126619456607
4.145 12.884897803855644
4.155 11.895724573911078
4.165 10.885296363970374
4.175 9.872299886368326
4.185 8.873882445898182
4.195 7.905222694426509
4.205 6.981686162889479
4.215 6.1099708098849215
4.225 5.299775245353458
4.235 4.556718534310985
4.245 3.884138981283077
4.255 3.2833283538011915
4.265 2.7562279492180948
4.275 2.297313958526831
4.285 1.9053813765806187
4.295 1.5769495040553374
4.305 1.308208266232945
4.315 1.0976849359277234
4.325 0.9382513907548804
4.335 0.8285457417875053
4.345 0.7663521500690325
4.355 0.7503030779607089
4.365 0.7799580597841298
4.375 0.855827276153068
4.385 0.9793404631432057
4.395 1.1550364032289666
4.405 1.3824324860604018
4.415 1.6666634539203753
4.425 2.0139275855139487
4.435 2.422701383035516
4.445 2.9034867864504106
4.455 3.456671995822866
4.465 4.085088375664691
4.475 4.7905015504353985
4.485 5.573349751304141
4.495 6.436881387254838
4.505 7.3695563917298905
4.515 8.374727996600186
4.525 9.443165023918798
4.535 10.566999557965477
4.545 11.736769671627496
4.555 12.941662474478926
4.565 14.169831397350762
4.575 15.408773905887106
4.585 16.645750793002954
4.595 17.86822416346193
4.605 19.06428858554122
4.615 20.223068946563423
4.625 21.335059490328113
4.635 22.392381370804706
4.645 23.38894071024416
4.655 24.320475333886794
4.665 25.184485667391513
4.675 25.980053221941464
4.685 26.707558083582423
4.695 27.368314272529002
4.705 27.96414817326396
4.715 28.496949954520254
4.725 28.96823060631294
4.735 29.37871766729133
4.745 29.728020810973977
4.755 30.014394286932177
4.765 30.234617023441547
4.775 30.384003393276796
4.785 30.45654874910891
4.795 30.44520446075764
4.805 30.342267988313928
4.815 30.139865155408145
4.825 29.830494849671116
4.835 29.40760138493802
4.845 28.866137094641847
4.855 28.203077611379644
4.865 27.41785476780324
4.875 26.512676985497507
4.885 25.492714075883725
4.895 24.366132071671647
4.905 23.14397341945918
4.915 21.839887888201993
4.925 20.469729147158567
4.935 19.05104043128034
4.945 17.60428950856503
4.955 16.145793488019905
4.965 14.695778272584398
4.975 13.27246582725392
4.985 11.892740097917958
4.995 10.571680805101028
5.005 9.32220629305168
5.015 8.153193458037268
5.025 7.0765039497724675
5.035 6.097040415722609
5.045 5.215320405106816
5.055 4.433654181450394
5.065 3.753068720925624
5.075 3.167074343991146
5.085 2.6773153432621397
5.095 2.2774488457331308
5.105 1.9631155753055138
5.115 1.7298526955319642
5.125 1.5717854357243892
5.135 1.488630296485053
5.145 1.4746379006096788
5.155 1.5269262271861048
5.165 1.643126309817084
5.175 1.8213190403516055
5.185 2.059920695310667
5.195 2.357528420819224
5.205 2.71122128359469
5.215 3.122944976082156
5.225 3.5884978627468533
5.235 4.105490635000687
5.245 4.671618485020998
5.255 5.281679693946995
5.265 5.93061684279381
5.275 6.612321499727241
5.285 7.319631298483074
5.295 8.044374271976348
5.305 8.774550463810149
5.315 9.507103071836418
5.325 10.227349313920971
5.335 10.92456219825541
5.345 11.589462673915989
5.355 12.208948933023375
5.365 12.77395267021478
5.375 13.275186301564975
5.385 13.704529391827162
5.395 14.055342187533437
5.405 14.322747581209732
5.415 14.503865517194196
5.425 14.597984072063728
5.435 14.606652863000242
5.445 14.533687188035284
5.455 14.385075378396193
5.465 14.168787079442676
5.475 13.894486243481607
5.485 13.57315904338122
5.495 13.216673131069754
5.505 12.837290065698149
5.515 12.447156756760453
5.525 12.057803953171536
5.535 11.679679878500227
5.545 11.321744997874044
5.555 10.991149764756656
5.565 10.69301141022002
5.575 10.430298947477244
5.585 10.203828218415742
5.595 10.012361680712221
5.605 9.852801344054843
5.615 9.720458308380124
5.625 9.609379057376268
5.635 9.512707138164362
5.645 9.423059036786194
5.655 9.33289469355967
5.665 9.234865826823873
5.675 9.122128622492955
5.685 8.988610977011104
5.695 8.82922798682431
5.705 8.640042489337969
5.715 8.418370026315495
5.725 8.162829584503562
5.735 7.873342930210101
5.745 7.551086418873543
5.755 7.197179350599006
5.765 6.817852628810087
5.775 6.41558590587565
5.785 5.995362949384264
5.795 5.562644701904681
5.805 5.12316242570467
5.815 4.682709555795565
5.825 4.246941023421015
5.835 3.8211884378280203
5.845 3.4091181276044966
5.855 3.0177224479462392
5.865 2.648804829818899
5.875 2.303979179174227
5.885 1.987946997357655
5.895 1.7001864536010223
5.905 1.4411571246328558
5.915 1.2106240788429636
5.925 1.007751092832964
5.935 0.8312059759130617
5.945 0.6792715205064018
5.955 0.5499560059505104
5.965 0.44109797394144046
5.975 0.35046105347664575
5.985 0.2758158187560311
5.995 0.21500689620889607
6.005 0.16727916211316982
6.015 0.12883392562948387
6.025 0.09891771728528113
6.035 0.07615050343526138
6.045 0.05828591706362031
6.055 0.046979157208504665
6.065 0.039954352202694464
6.075 0.036793715735600876
6.085 0.03728922415898618
6.095 0.04143974276656876
6.105 0.049447545510448415
6.115 0.061714142216503405
6.125 0.080062776345628
6.135 0.10341312208489097
6.1450000000000005 0.13361397449317233
6.155 0.17203702991475617
6.165 0.2206846854952194
6.175 0.28042124389348916
6.185 0.352994433525387
6.195 0.4402266655201136
6.205 0.543968256521149
6.215 0.6660408649587817
6.225 0.8081727812757473
6.235 0.9719285761732507
6.245 1.1586363873542265
6.255 1.3693167136669309
6.265 1.6057938635849047
6.275 1.8665024293085792
6.285 2.152046853569912
6.295 2.461774447387482
6.305 2.7945590589019256
6.315 3.148818748554874
6.325 3.522550896983806
6.335 3.9133815499926246
6.345 4.318624463168036
6.355 4.73534442230915
6.365 5.160419134095464
6.375 5.591733452595315
6.385 6.024219080559209
6.3950000000000005 6.455306751838711
6.405 6.881651700255025
6.415 7.2999048336094265
6.425 7.706717046392969
6.435 8.098741796349746
6.445 8.472642135040862
6.455 8.825108278388486
6.465 9.152890749542435
6.475 9.452852205275363
6.485 9.722038477945432
6.495 9.957766441274266
6.505 10.157723417062169
6.515 10.320070371713985
6.525 10.444629709347929
6.535 10.529134122087006
6.545 10.57447208397825
6.555 10.581560557031708
6.565 10.552062965320836
6.575 10.488340412354649
6.585 10.394436511960212
6.595 10.272190341029983
6.605 10.12619223571675
6.615 9.96159981454235
6.625 9.780929400181508
6.635 9.589009827525027
6.6450000000000005 9.389759299132086
6.655 9.186807922819153
6.665 8.983440298407778
6.675 8.783665357766312
6.685 8.588398761027323
6.695 8.400698453955206
6.705 8.222684441227809
6.715 8.05635646850484
6.725 7.9036885124942415
6.735 7.7667156633533185
6.745 7.647602227832319
6.755 7.548681216031414
6.765 7.472457534583662
6.775 7.421570048998021
6.785 7.39871100382807
6.795 7.406504867822612
6.805 7.447352241633901
6.815 7.5223977152503725
6.825 7.6361613874678405
6.835 7.786276425751534
6.845 7.973211936812067
6.855 8.195555735026364
6.865 8.450670772240379
6.875 8.734645806979207
6.885 9.042308362212921
6.8950000000000005 9.367304435913159
6.905 9.702245157777767
6.915 10.038916205783178
6.925 10.368541619006646
6.935 10.682447869807685
6.945 10.971814036653715
6.955 11.227777588974124
6.965 11.441879239836949
6.975 11.609462584834588
6.985 11.724166403116802
6.995 11.78242897207373
