0.005 0.0
0.015 0.0
0.025 0.0
0.034999999999999996 0.0
0.045 0.0
0.055 0.0
0.065 0.0
0.07500000000000001 0.0
0.085 0.0
0.095 0.0
0.10500000000000001 0.0
0.115 0.0
0.125 0.0
0.135 0.0
0.14500000000000002 0.0
0.155 0.0
0.165 0.0
0.17500000000000002 0.0
0.185 0.0
0.195 0.0
0.20500000000000002 0.0
0.215 0.0
0.225 0.0
0.23500000000000001 0.0
0.245 0.0
0.255 0.0
0.265 0.0
0.275 0.0
0.28500000000000003 0.0
0.295 0.0
0.305 0.0
0.315 0.0
0.325 0.0
0.335 0.0
0.34500000000000003 0.0
0.35500000000000004 0.0
0.365 0.0
0.375 0.0
0.385 0.0
0.395 0.0
0.405 0.0
0.41500000000000004 0.0
0.425 0.0
0.435 0.0
0.445 0.0
0.455 0.0
0.465 0.0
0.47500000000000003 0.0
0.485 0.0
0.495 0.0
0.505 0.0
0.515 0.0
0.525 0.0
0.535 0.0
0.545 0.0
0.555 0.0
0.5650000000000001 0.0
0.5750000000000001 0.0
0.585 0.0
0.595 0.0
0.605 0.0
0.615 0.0
0.625 0.0
0.635 0.0
0.645 0.0
0.655 0.0
0.665 0.0
0.675 0.0
0.685 0.0
0.6950000000000001 0.0
0.7050000000000001 0.0
0.715 0.0
0.725 0.0
0.735 0.0
0.745 0.0
0.755 0.0
0.765 0.0
0.775 0.0
0.785 0.0
0.795 0.0
0.805 0.0
0.8150000000000001 0.0
0.8250000000000001 0.0
0.8350000000000001 0.0
0.845 0.0
0.855 0.0
0.865 0.0
0.875 0.0
0.885 0.0
0.895 0.0
0.905 0.0
0.915 0.0
0.925 0.0
0.935 0.0
0.9450000000000001 0.0
0.9550000000000001 0.0
0.965 0.0
0.975 0.0
0.985 0.0
0.995 0.0
1.005 0.0
1.015 0.0
1.025 0.0
1.035 0.0
1.045 0.0
1.055 0.0
1.065 0.0
1.075 0.0
1.085 0.0
1.095 0.0
1.105 0.0
1.115 0.0
1.125 0.0
1.135 0.0
1.145 0.0
1.155 0.0
1.1649999999999998 0.0
1.1749999999999998 0.0
1.1849999999999998 0.0
1.1949999999999998 0.0
1.2049999999999998 0.0
1.2149999999999999 0.0
1.2249999999999999 0.0
1.2349999999999999 0.0
1.2449999999999999 0.0
1.255 0.0
1.265 0.0
1.275 0.0
1.285 0.0
1.295 0.0
1.305 0.0
1.315 0.0
1.325 0.0
1.335 0.0
1.345 0.0
1.355 0.0
1.365 0.0
1.375 0.0
1.385 0.0
1.395 0.0
1.405 0.0
1.4149999999999998 0.0
1.4249999999999998 0.01569786830656465
1.4349999999999998 0.02330166754542301
1.4449999999999998 0.034244464338213994
1.4549999999999998 0.049825401610300524
1.4649999999999999 0.07177418898129842
1.4749999999999999 0.10236295980187084
1.4849999999999999 0.14453546738758738
1.4949999999999999 0.2020519669581132
1.505 0.2796461143507189
1.515 0.3831876919620178
1.525 0.5198420037599202
1.535 0.6982134976022394
1.545 0.9284577966333417
1.555 1.2223431695877982
1.565 1.5932399502718482
1.575 2.0560150086672517
1.585 2.6268085953424105
1.595 3.322673226031545
1.605 4.16105915944181
1.615 5.159138702813527
1.625 6.33297207132522
1.635 7.696530535414167
1.645 9.273109480211495
1.655 11.050221399884629
1.665 13.037940944385806
1.6749999999999998 15.23169192764703
1.6849999999999998 17.61972701648273
1.6949999999999998 20.18252503535844
1.7049999999999998 22.892529121200894
1.7149999999999999 25.714298458314325
1.7249999999999999 28.605126025236103
1.7349999999999999 31.516146729569183
1.7449999999999999 34.393925989211006
1.755 37.182480604286994
1.765 39.825644742251626
1.775 42.269657589210496
1.785 44.46581939730325
1.795 46.37304271863933
1.805 47.96011834505625
1.815 49.20752264467105
1.825 50.10861509834726
1.835 50.670110970721254
1.845 50.91176187058799
1.855 50.865232888628746
1.865 50.5722245329689
1.875 50.08194578022571
1.885 49.448096148182756
1.895 48.72555515838998
1.905 47.967003183840546
1.915 47.21970603139323
1.9249999999999998 46.522685762777016
1.9349999999999998 45.90447288167193
1.9449999999999998 45.381592310293364
1.9549999999999998 44.95788107446678
1.9649999999999999 44.62467383526277
1.9749999999999999 44.36182845469239
1.9849999999999999 44.139502893628396
1.9949999999999999 43.92054180548474
2.005 43.66329034252903
2.015 43.32462695874266
2.025 42.862998049666245
2.035 42.24124532417911
2.045 41.42904061375752
2.0549999999999997 40.40477984739713
2.065 39.15683457368343
2.0749999999999997 37.684111431995746
2.085 35.99592282758467
2.0949999999999998 34.11122136860156
2.105 32.057292544850995
2.1149999999999998 29.868031713008925
2.125 27.58195085049145
2.135 25.24006710949428
2.145 22.883819491995016
2.155 20.553143571642888
2.165 18.284809515350148
2.175 16.111098619164547
2.185 14.058861260574108
2.195 12.148967534219118
2.205 10.39613342123586
2.215 8.809082076557036
2.225 7.390982915587922
2.235 6.129630997426064
2.245 5.043672825776646
2.255 4.108814532376121
2.265 3.313929190364167
2.275 2.646226206325918
2.285 2.092029300244907
2.295 1.6374408274366483
2.305 1.2688799116157021
2.315 0.9734922179964045
2.3249999999999997 0.7394375509665129
2.335 0.5560675785058327
2.3449999999999998 0.41400987696327174
2.355 0.30517635753862965
2.3649999999999998 0.22271431042164758
2.375 0.16091718132717198
2.385 0.1151101885518271
2.395 0.08152337842392011
2.405 0.05716202795149548
2.415 0.0396816883613216
2.425 0.02727279897506084
2.435 0.01855779341365996
2.445 0.012502014995286826
2.455 0.0
2.465 0.0
2.475 0.0
2.485 0.0
2.495 0.0
2.505 0.0
2.515 0.0
2.525 0.0
2.535 0.0
2.545 0.0
2.555 0.0
2.565 0.0
2.5749999999999997 0.0
2.585 0.0
2.5949999999999998 0.0
2.605 0.0
2.6149999999999998 0.0
2.625 0.0
2.635 0.0
2.645 0.0
2.655 0.0
2.665 0.0
2.675 0.0
2.685 0.005493596890285544
2.695 0.013612762828268787
2.705 0.020086127435677247
2.715 0.029343617736328043
2.725 0.042442272164139
2.735 0.06077866295071148
2.745 0.08617300213171705
2.755 0.12096476573869386
2.765 0.1681179772842881
2.775 0.23133270877023387
2.785 0.31515744213867075
2.795 0.42509475277545505
2.805 0.5676904533418434
2.815 0.7505940591648851
2.8249999999999997 0.9825764587454467
2.835 1.273489304211258
2.8449999999999998 1.6341502237656114
2.855 2.0761388551256923
2.8649999999999998 2.6114912243282014
2.875 3.252284381404466
2.885 4.0101095468846415
2.895 4.895440223260286
2.905 5.91691145408754
2.915 7.080537088643943
2.925 8.38890270516266
2.935 9.84038172991826
2.945 11.428430105350342
2.955 13.141019434262354
2.965 14.960268804345684
2.975 16.862330688859306
2.985 18.817576041130906
2.995 20.791108085116797
3.005 22.74361406489804
3.015 24.632540647631604
3.025 26.413553581738938
3.035 28.042217764902347
3.045 29.475812403723445
3.055 30.6751796894965
3.065 31.606496265749186
3.075 32.24285603045294
3.085 32.565561036482606
3.0949999999999998 32.56503409285749
3.105 32.241290916065054
3.1149999999999998 31.603939351390302
3.125 30.67170571808269
3.135 29.47152086133304
3.145 28.03722815086143
3.155 26.407999891349036
3.165 24.626565422272623
3.175 22.73736237621479
3.185 20.78472180318632
3.195 18.81118869402047
3.205 16.85606315818106
3.215 14.954226025192877
3.225 13.135288185880523
3.235 11.423077898521719
3.245 9.835456724893966
3.255 8.384434535165505
3.265 7.076538421759697
3.275 5.913380102100481
3.285 4.892361599185035
3.295 4.00745928159437
3.305 3.2500309307515147
3.315 2.609598327773398
3.325 2.0745677412632695
3.335 1.632861493634696
3.3449999999999998 1.2724444568697448
3.355 0.9817390529513289
3.3649999999999998 0.7499305286978245
3.375 0.5671706108408767
3.385 0.42469202800072525
3.395 0.31484890585997966
3.405 0.23109893398021308
3.415 0.1679427862554084
3.425 0.1208349057547142
3.435 0.08607778560775686
3.445 0.0607096000327944
3.455 0.04239271648537458
3.465 0.02930843930440591
3.475 0.020061420935337075
3.485 0.01359559507197771
3.495 0.005458154453036635
3.505 0.0
3.515 0.0
3.525 0.0
3.535 0.0
3.545 0.0
3.555 0.0
3.565 0.003325683318576794
3.575 0.004936591742104792
3.585 0.007254885923305296
3.5949999999999998 0.010555796732443647
3.605 0.015205773060260797
3.6149999999999998 0.02168617937193846
3.625 0.03062066666928182
3.635 0.04280586655942458
3.645 0.05924463114600626
3.655 0.081180507452028
3.665 0.11013150616615423
3.675 0.14792052885358198
3.685 0.19669910244914016
3.695 0.2589604020932219
3.705 0.337537009588327
3.715 0.43557855649794064
3.725 0.5565044473567878
3.735 0.7039273553004529
3.745 0.8815442175916188
3.755 1.092993085882607
3.765 1.3416764087523514
3.775 1.6305540798708194
3.785 1.9619127365260167
3.795 2.3371211247102157
3.805 2.7563845720782543
3.815 3.218514389454517
3.825 3.720729991686444
3.835 4.2585123401242955
3.8449999999999998 4.825526670577837
3.855 5.4136301940162275
3.8649999999999998 6.012976497035839
3.875 6.612222850630595
3.885 7.198839866294666
3.895 7.75951539663546
3.905 8.28063688036762
3.915 8.748829179488173
3.925 9.15151906332695
3.935 9.477493507436856
3.945 9.717417397847111
3.955 9.864277354878686
3.965 9.913722250882932
3.975 9.864277354878686
3.985 9.717417397847111
3.995 9.477493507436856
4.005 9.15151906332695
4.015 8.748829179488173
4.025 8.28063688036762
4.035 7.75951539663546
4.045 7.198839866294666
4.055 6.612222850630595
4.065 6.012976497035839
4.075 5.4136301940162275
4.085 4.825526670577837
4.095 4.2585123401242955
4.1049999999999995 3.720729991686444
4.115 3.218514389454517
4.125 2.7563845720782543
4.135 2.3371211247102157
4.145 1.9644437797111847
4.155 1.634311120361421
4.165 1.3471978092635737
4.175 1.101026676223104
4.185 0.893116717012837
4.195 0.720431830096678
4.205 0.5798085993984665
4.215 0.46815637178036795
4.225 0.38262570431830645
4.235 0.3231773104499506
4.245 0.2841282940629235
4.255 0.2658059250486682
4.265 0.2675558799044649
4.275 0.289392250488326
4.285 0.33200015688780227
4.295 0.39671502781223167
4.305 0.48547865456589057
4.315 0.6007715225647191
4.325 0.7455206060800892
4.335 0.9276458819759983
4.345 1.1435206214625793
4.355 1.400002372719931
4.365 1.7007666426838095
4.375 2.047019738719926
4.385 2.4469383297874803
4.395 2.8996689755662883
4.405 3.406856414103688
4.415 3.9691731871291305
4.425 4.5862044231983745
4.435 5.2563717359535795
4.445 5.976903905213665
4.455 6.743859111681849
4.465 7.552199845521388
4.475 8.395917480777385
4.485 9.268199265147306
4.495 10.161626538305994
4.505 11.068389797595422
4.515 11.980504180290817
4.525 12.890008347381338
4.535 13.789130828064692
4.545 14.670410648383175
4.555 15.526763372396353
4.565 16.351489200373127
4.575 17.138226006643013
4.585 17.880856552348046
4.595 18.57338490676825
4.605 19.209801694530388
4.615 19.783960575594552
4.625 20.28948893230668
4.635 20.71975386391903
4.645 21.06790030241758
4.655 21.32697165404775
4.665 21.4901153745564
4.675 21.550867041111648
4.685 21.50349766101884
4.695 21.343401071318343
4.705 21.067492193481588
4.715 20.674583320125713
4.725 20.165704994843253
4.735 19.544340572817575
4.745 18.816549063974783
4.755 17.990958890775005
4.765 17.078624998611062
4.775 16.092752407113444
4.785 15.048299766413155
4.795 13.963423086555663
4.805 12.85210440092871
4.815 11.732779673782565
4.825 10.622152377254798
4.835 9.53594773035557
4.845 8.488446745034494
4.855 7.492116461826288
4.865 6.557352477720429
4.875 5.692340958474251
4.885 4.903038471403785
4.895 4.193259912622052
4.905 3.5648581305239766
4.915 3.0179739738399958
4.925 2.5513326231241975
4.935 2.162561209374499
4.945 1.8485037263977904
4.955 1.6038236766235325
4.965 1.4303955836805267
4.975 1.3190768242956905
4.985 1.2673911109461045
4.995 1.2718213542381218
5.005 1.329040116113927
5.015 1.4358729929130254
5.025 1.5892173308628492
5.035 1.7859299770891606
5.045 2.021076392929424
5.055 2.2948481301415544
5.065 2.600879274169618
5.075 2.9347313490674547
5.085 3.2914297046251315
5.095 3.66548309792088
5.105 4.050956615654283
5.115 4.441596799878671
5.125 4.8310027228955
5.135 5.212831945755472
5.145 5.577915473271047
5.155 5.927984966235232
5.165 6.2537029554638615
5.175 6.551248170158478
5.185 6.817784081612789
5.195 7.0515236455210175
5.205 7.251719941383433
5.215 7.418582783401105
5.225 7.553128077605976
5.235 7.656973028165812
5.245 7.732095571382754
5.255 7.780580042821907
5.265 7.804372624004367
5.275 7.805069349576987
5.285 7.783756412978073
5.295 7.740917470402037
5.305 7.67641611626806
5.315 7.589554364090789
5.325 7.479200581603511
5.335 7.343973667573673
5.345 7.182465002835938
5.355 6.993476378400161
5.365 6.776250997224958
5.375 6.532243514007572
5.385 6.259763776022195
5.395 5.96153280144124
5.405 5.640178973000779
5.415 5.299249601172225
5.425 4.943114070666708
5.435 4.576814530710646
5.445 4.205878366944928
5.455 3.8376340946910212
5.465 3.4756354900495947
5.475 3.1267176671118153
5.485 2.7964114275294603
5.495 2.4898247513155822
5.505 2.2115478782967104
5.515 1.965600194685729
5.525 1.7554157384277875
5.535 1.5838606379435964
5.545 1.4532732361591933
5.555 1.3655161911098554
5.565 1.322029538566782
5.575 1.323874498717712
5.585 1.3717595667660676
5.595 1.4660429374024144
5.605 1.6054161893427574
5.615 1.7924611994631054
5.625 2.0243638773996167
5.635 2.299641228068756
5.645 2.6161111062702584
5.655 2.970800571164437
5.665 3.359866819712845
5.675 3.778541825208997
5.685 4.221110758824626
5.695 4.680932397132227
5.705 5.150507146456594
5.715 5.621595225226173
5.725 6.085384155502663
5.735 6.532701264159248
5.745 6.9542636273146705
5.755 7.340955040203971
5.765 7.68411736037206
5.775 7.9746305697689435
5.785 8.208447628287415
5.795 8.378204542765804
5.805 8.479818582135596
5.815 8.510829734129233
5.825 8.470496222904313
5.835 8.359822712330708
5.845 8.181519801140553
5.855 7.93989700605646
5.865 7.640694874757223
5.875 7.290864961190047
5.885 6.898308944190855
5.895 6.4715900253989505
5.905 6.01963079878724
5.915 5.551411989921193
5.925 5.075685823939959
5.935 4.600716360425026
5.945 4.134057047264082
5.955 3.683667757474767
5.965 3.253235541590155
5.975 2.848259826882632
5.985 2.472285401500365
5.995 2.1277939147658254
6.005 1.8162739750199834
6.015 1.538325828408144
6.025 1.2937920473926394
6.035 1.0819051609406893
6.045 0.9014432054924668
6.055 0.7508846859735763
6.065 0.6285553045880541
6.075 0.532759928136856
6.085 0.46189451348468036
6.095 0.41453400393883183
6.105 0.38949348040840326
6.115 0.3858610628910252
6.125 0.4030022002781596
6.135 0.4405360715627653
6.1450000000000005 0.49828587340478353
6.155 0.5762058125089311
6.165 0.6742886701593572
6.175 0.79245885303135
6.185 0.9294112328248091
6.195 1.0870314827859395
6.205 1.262829268886606
6.215 1.4553568474545306
6.225 1.6625690687058288
6.235 1.8817792204900519
6.245 2.1096494736880578
6.255 2.342220654936569
6.265 2.5739665351330214
6.275 2.8023212959098642
6.285 3.020577710547724
6.295 3.2234367626647478
6.305 3.4068548322054792
6.315 3.564174865997224
6.325 3.6918789415803834
6.335 3.7864293884204416
6.345 3.8452242252640114
6.355 3.866738001753492
6.365 3.8517571667026713
6.375 3.799402878518002
6.385 3.71255166865786
6.3950000000000005 3.5944630723782796
6.405 3.4494277293707354
6.415 3.2826133954792867
6.425 3.0998811161616158
6.435 2.9075829932543686
6.445 2.7123530806835343
6.455 2.520902042963555
6.465 2.339824458595828
6.475 2.175425291216866
6.485 2.0335693834969435
6.495 1.9195551721210151
6.505 1.838011480237784
6.515 1.7939078798565948
6.525 1.7886438466426058
6.535 1.8251981239515431
6.545 1.9049230434640558
6.555 2.028240330232363
6.565 2.1946145680957976
6.575 2.402535086360161
6.585 2.6495095854181443
6.595 2.932074282371198
6.605 3.245826202009102
6.615 3.5854832834589683
6.625 3.9449771263830504
6.635 4.317581472075597
6.6450000000000005 4.696077017735716
6.655 5.072950106570907
6.665 5.440619510526206
6.675 5.791682265940544
6.685 6.120260102649966
6.695 6.418401701981643
6.705 6.681511400230054
6.715 6.905377906551023
6.725 7.087048636805088
6.735 7.224915942720471
6.745 7.318737981663013
6.755 7.369592244280132
6.765 7.378901186192307
6.775 7.352011776149381
6.785 7.291826553705118
6.795 7.203117054915806
6.805 7.090977903874654
6.815 6.960579771044079
6.825 6.8169430909083175
6.835 6.665888828964009
6.845 6.509875084964277
6.855 6.353337586921589
6.865 6.19934216759071
6.875 6.0503534632161
6.885 5.908281012295545
6.8950000000000005 5.775716624542784
6.905 5.651935850841508
6.915 5.538526154415933
6.925 5.43611093020214
6.935 5.345199199448189
6.945 5.266237983757179
6.955 5.199641211464657
6.965 5.14579683856749
6.975 5.105056776544683
6.985 5.077716172786001
6.995 5.063989363993988
