0.005 0.0
0.015 0.0
0.025 0.0
0.034999999999999996 0.0
0.045 0.0
0.055 0.0
0.065 0.0
0.07500000000000001 0.0
0.085 0.0
0.095 0.0
0.10500000000000001 0.0
0.115 0.0
0.125 0.0
0.135 0.0
0.14500000000000002 0.0
0.155 0.0
0.165 0.0
0.17500000000000002 0.0
0.185 0.0
0.195 0.0
0.20500000000000002 0.0
0.215 0.0
0.225 0.0
0.23500000000000001 0.0
0.245 0.0
0.255 0.0
0.265 0.0
0.275 0.0
0.28500000000000003 0.0
0.295 0.0
0.305 0.0
0.315 0.0
0.325 0.0
0.335 0.0
0.34500000000000003 0.0
0.35500000000000004 0.0
0.365 0.0
0.375 0.0
0.385 0.0
0.395 0.0
0.405 0.0
0.41500000000000004 0.0
0.425 0.0
0.435 0.0
0.445 0.0
0.455 0.0
0.465 0.0
0.47500000000000003 0.0
0.485 0.0
0.495 0.0
0.505 0.0
0.515 0.0
0.525 0.0
0.535 0.0
0.545 0.0
0.555 0.0
0.5650000000000001 0.0
0.5750000000000001 0.0
0.585 0.0
0.595 0.0
0.605 0.0
0.615 0.0
0.625 0.0
0.635 0.0
0.645 0.0
0.655 0.0
0.665 0.0
0.675 0.0
0.685 0.0
0.6950000000000001 0.0
0.7050000000000001 0.0
0.715 0.0
0.725 0.0
0.735 0.0
0.745 0.0
0.755 0.0
0.765 0.0
0.775 0.0
0.785 0.0
0.795 0.0
0.805 0.0
0.8150000000000001 0.0
0.8250000000000001 0.0
0.8350000000000001 0.0
0.845 0.0
0.855 0.0
0.865 0.0
0.875 0.0
0.885 0.0
0.895 0.0
0.905 0.0
0.915 0.0
0.925 0.0
0.935 0.0
0.9450000000000001 0.0
0.9550000000000001 0.0
0.965 0.0
0.975 0.0
0.985 0.0
0.995 0.0
1.005 0.0
1.015 0.0
1.025 0.0
1.035 0.0
1.045 0.0
1.055 0.0
1.065 0.0
1.075 0.0
1.085 0.0
1.095 0.0
1.105 0.0
1.115 0.0
1.125 0.0
1.135 0.0
1.145 0.0
1.155 0.0
1.1649999999999998 0.0
1.1749999999999998 0.0
1.1849999999999998 0.0
1.1949999999999998 0.0
1.2049999999999998 0.0
1.2149999999999999 0.0
1.2249999999999999 0.0
1.2349999999999999 0.0
1.2449999999999999 0.0
1.255 0.0
1.265 0.0
1.275 0.0
1.285 0.0
1.295 0.0
1.305 0.0
1.315 0.0
1.325 0.0
1.335 0.0
1.345 0.0
1.355 0.0
1.365 0.0
1.375 0.0
1.385 0.0
1.395 0.0
1.405 0.0
1.4149999999999998 0.0
1.4249999999999998 0.0
1.4349999999999998 0.0
1.4449999999999998 0.0
1.4549999999999998 0.0
1.4649999999999999 0.0
1.4749999999999999 0.0
1.4849999999999999 0.0
1.4949999999999999 0.01455955391970396
1.505 0.021611971665269174
1.515 0.03176126307385982
1.525 0.04621236508989613
1.535 0.06656955926170119
1.545 0.09494021758308281
1.555 0.13405463019836714
1.565 0.1874003813803607
1.575 0.27277180789480326
1.585 0.3752978322351289
1.595 0.5113865251729953
1.605 0.6901276911116971
1.615 0.9224174758323533
1.625 1.2211108906983057
1.635 1.6011223161450079
1.645 2.0794513354253006
1.655 2.6751097319993904
1.665 3.408925506799488
1.6749999999999998 4.30320176867226
1.6849999999999998 5.38121267198229
1.6949999999999998 6.666525423079516
1.7049999999999998 8.182146750704065
1.7149999999999999 9.949503880505453
1.7249999999999999 11.987283436602997
1.7349999999999999 14.310165999596801
1.7449999999999999 16.927508220727887
1.755 19.842037189084728
1.765 23.048631860322715
1.775 26.533272518808644
1.785 30.27224038553436
1.795 34.23164484797661
1.805 38.367345055833525
1.815 42.62531598886971
1.825 46.94248728756071
1.835 51.24805737951963
1.845 55.46525739416436
1.855 59.51351098543086
1.865 63.31090955316496
1.875 66.77689948644236
1.885 69.83506072953028
1.895 72.4158455866366
1.905 74.45914412214262
1.915 75.91654809233937
1.9249999999999998 76.7531987874863
1.9349999999999998 76.94912463910276
1.9449999999999998 76.50000064789084
1.9549999999999998 75.42671918283361
1.9649999999999999 73.74176972841578
1.9749999999999999 71.4930366143042
1.9849999999999999 68.73495084663448
1.9949999999999999 65.5327744222559
2.005 61.960261354438536
2.015 58.097103923686674
2.025 54.02629160475196
2.035 49.83150890999917
2.045 45.59468948591899
2.0549999999999997 41.39382793861165
2.065 37.30112926154387
2.0749999999999997 33.381550015804564
2.085 29.691757485278764
2.0949999999999998 26.27950496931146
2.105 23.18339525664294
2.1149999999999998 20.432982057615934
2.125 18.049142350935256
2.135 16.04464237089303
2.145 14.424816916982614
2.155 13.188285803462394
2.165 12.327641967388976
2.175 11.830061844438486
2.185 11.677808460537697
2.195 11.848619301820367
2.205 12.3159922811845
2.215 13.04940190634136
2.225 14.014492176025279
2.235 15.173301285863968
2.245 16.484574955758244
2.255 17.904219791408412
2.265 19.385935962940884
2.275 20.882050713036783
2.285 22.34455249286221
2.295 23.726302022603168
2.305 24.972662810362454
2.315 26.065048422221654
2.3249999999999997 26.95307203475319
2.335 27.607060812397773
2.3449999999999998 28.004620481236707
2.355 28.131476877709364
2.3649999999999998 27.981972663497466
2.375 27.55917893094691
2.385 26.865667386102604
2.395 25.941633939394933
2.405 24.800136720697633
2.415 23.47296107335613
2.425 21.99574809096636
2.435 20.406412018317745
2.445 18.743540119382384
2.455 17.044868080685784
2.465 15.345912717289304
2.475 13.678827043540975
2.485 12.071522496915307
2.495 10.547081283854975
2.505 9.123460437785612
2.515 7.813469990090892
2.525 6.624992011677936
2.535 5.561396056742958
2.545 4.622100086957392
2.555 3.8032241445522788
2.565 3.0982863430706113
2.5749999999999997 2.504803685393502
2.585 2.004178033993214
2.5949999999999998 1.590399118105823
2.605 1.2534761892700403
2.6149999999999998 0.9838193899728022
2.625 0.7725908400934334
2.635 0.6119701209480242
2.645 0.495342811255802
2.655 0.4174229052818752
2.665 0.3743204032431532
2.675 0.36909376426086227
2.685 0.3922974783306421
2.695 0.4482553688927519
2.705 0.5390108636912373
2.715 0.6679465040989635
2.725 0.8396894087469737
2.735 1.059985796486313
2.745 1.3355385379298157
2.755 1.6738016233024609
2.765 2.0764387719420077
2.775 2.566305678516289
2.785 3.1422635164460875
2.795 3.811951197997451
2.805 4.581945235387906
2.815 5.457319888310068
2.8249999999999997 6.441200384362688
2.835 7.534332825724276
2.8449999999999998 8.734696662886355
2.855 10.037186203337368
2.8649999999999998 11.433386284933128
2.875 12.911463904706567
2.885 14.461037402834641
2.895 16.05630966594233
2.905 17.679438997700895
2.915 19.30698798601007
2.925 20.913756104776585
2.935 22.473487921324093
2.945 23.959660997768694
2.955 25.346321722301532
2.965 26.60893489511636
2.975 27.72521238807007
2.985 28.67588740041046
2.995 29.445403415375736
3.005 30.02249053103404
3.015 30.40060601301717
3.025 30.578220397907014
3.035 30.55893509457677
3.045 30.35142216469544
3.055 29.969181921462308
3.065 29.430119357953757
3.075 28.755946403334313
3.085 27.97142373379804
3.0949999999999998 27.10346331299717
3.105 26.18012077640454
3.1149999999999998 25.229514751630056
3.125 24.278717561458375
3.135 23.352667681840806
3.145 22.473157966879743
3.155 21.657954218567873
3.165 20.920095573347798
3.175 20.26742110417579
3.185 19.70235608024597
3.195 19.22197698833667
3.205 18.818357603252
3.215 18.47918033840304
3.225 18.188579272032502
3.235 17.928165167632773
3.245 17.678169941614925
3.255 17.418639586930475
3.265 17.130601368784493
3.275 16.797133522890654
3.285 16.404273542126404
3.295 15.941713759097736
3.305 15.403249203820703
3.315 14.786961195656426
3.325 14.09513919934617
3.335 13.333961509862434
3.3449999999999998 12.516698751866898
3.355 11.64992649373105
3.3649999999999998 10.75048497854597
3.375 9.833880095931914
3.385 8.912036806093926
3.395 8.009670627811088
3.405 7.135574069596492
3.415 6.3029173182308975
3.425 5.5230199793014325
3.435 4.805180306668337
3.445 4.156646570762576
3.455 3.582712706722459
3.465 3.0869129241985607
3.475 2.6712851855784954
3.485 2.3329834263784215
3.495 2.0805873288961534
3.505 1.9080883298574167
3.515 1.81457915718764
3.525 1.79890375503338
3.535 1.8597542726146077
3.545 1.9956815224219335
3.555 2.2050218028626993
3.565 2.4857497511163302
3.575 2.835272997157495
3.585 3.2501895131590066
3.5949999999999998 3.726032391809829
3.605 4.257029063139939
3.6149999999999998 4.83590243455192
3.625 5.453739945475246
3.635 6.099953003319218
3.645 6.762343786083201
3.655 7.427289197621327
3.665 8.0800432571043
3.675 8.705149972281793
3.685 9.28694949587234
3.695 9.806920358422078
3.705 10.258311914815474
3.715 10.623709997996908
3.725 10.892650497012777
3.735 11.057271827810576
3.745 11.115739747517253
3.755 11.06178897815557
3.765 10.899288965851884
3.775 10.63336891316402
3.785 10.272225717417223
3.795 9.826763954520183
3.805 9.310123424069634
3.815 8.737126919607517
3.825 8.12368482420427
3.835 7.486193902481939
3.8449999999999998 6.840965316491142
3.855 6.2037117874236625
3.8649999999999998 5.589116564773486
3.875 5.010498236490193
3.885 4.479576297012672
3.895 4.006333663186469
3.905 3.5989647823542508
3.915 3.2638922456323147
3.925 3.005831327404637
3.935 2.827880809241741
3.945 2.7316197646555844
3.955 2.717193412389734
3.965 2.7833762379560723
3.975 2.9276067470329727
3.985 3.1459947805962223
3.995 3.433308599238301
4.005 3.782954279373067
4.015 4.18696379566213
4.025 4.636010071328377
4.035 5.1194670190465725
4.045 5.625530131707994
4.055 6.141408689675891
4.065 6.653594508884762
4.075 7.148204918756536
4.085 7.611390017268275
4.095 8.02978695760053
4.1049999999999995 8.390997826566586
4.115 8.684063247245577
4.125 8.902455156333758
4.135 9.035475229752805
4.145 9.080693259222592
4.155 9.034256039350902
4.165 8.90344441536422
4.175 8.691379474162487
4.185 8.401171593959818
4.195 8.043793690835395
4.205 7.630482786698909
4.215 7.176428703770844
4.225 6.691676640314669
4.235 6.192338525807796
4.245 5.693048897230543
4.255 5.208210585456305
4.265 4.751666797720739
4.275 4.336446173904213
4.285 3.9745823036607586
4.295 3.677001819384936
4.305 3.4534688847491495
4.315 3.3125692332649312
4.325 3.2617142566415334
4.335 3.3071451823558764
4.345 3.4539190955794243
4.355 3.7058622445610645
4.365 4.065481349717562
4.375 4.538416192338717
4.385 5.11714190709708
4.395 5.802592547215806
4.405 6.590691594778079
4.415 7.475229198959686
4.425 8.449964860790324
4.435 9.500653289500107
4.445 10.615743325125063
4.455 11.780007414097685
4.465 12.97850358195204
4.475 14.189195489127007
4.485 15.393979967826242
4.495 16.572930807181177
4.505 17.70650081898808
4.515 18.77630747845829
4.525 19.76593344218729
4.535 20.661694225375417
4.545 21.453322706062902
4.555 22.13249131298965
4.565 22.701994545475905
4.575 23.16143752183654
4.585 23.517865033001137
4.595 23.78239680233747
4.605 23.969659095243557
4.615 24.096991708795187
4.625 24.183468584776257
4.635 24.248784587597505
4.645 24.312072301450055
4.655 24.390720016459696
4.665 24.499264649250932
4.675 24.648430785482116
4.685 24.844379346958757
4.695 25.088216997405773
4.705 25.375801128496057
4.715 25.69985463878902
4.725 26.043363775099323
4.735 26.389795153999444
4.745 26.720241596167916
4.755 27.008949173467727
4.765 27.233969776413858
4.775 27.372744102207378
4.785 27.40468289359315
4.795 27.312322666946237
4.805 27.082310003069477
4.815 26.706163677667874
4.825 26.18077913970687
4.835 25.50865647710441
4.845 24.697849758429818
4.855 23.7616513160475
4.865 22.718038139445987
4.875 21.58891833805445
4.885 20.39922317424805
4.895 19.175894333974195
4.905 17.94681705653317
4.915 16.739747886145
4.925 15.581281703944502
4.935 14.494193903445094
4.945 13.503987151163898
4.955 12.627863380264227
4.965 11.876745490159477
4.975 11.261021444977116
4.985 10.783401556544346
4.995 10.449137491546495
5.005 10.247977233152305
5.015 10.171819510085921
5.025 10.205863095171313
5.035 10.337532374473312
5.045 10.545542661943339
5.055 10.809369473141707
5.065 11.107692148030715
5.075 11.421061353304687
5.085 11.726677061874522
5.095 12.007546625233735
5.105 12.248207394621819
5.115 12.436530993941373
5.125 12.56420059830479
5.135 12.62699818822874
5.145 12.624884606578558
5.155 12.561866124221321
5.165 12.445653077294253
5.175 12.287128144298297
5.185 12.096594226483088
5.195 11.896232647948302
5.205 11.697399927762447
5.215 11.515845176591789
5.225 11.36623939839328
5.235 11.25986428184016
5.245 11.210415117360466
5.255 11.22277572476306
5.265 11.300554916874832
5.275 11.442200849955533
5.285 11.64742437129258
5.295 11.906910921645892
5.305 12.210479500895358
5.315 12.545406050510572
5.325 12.897061329077015
5.335 13.249616007292682
5.345 13.586773208568907
5.355 13.892489739614506
5.365 14.151650565935693
5.375 14.350666286124971
5.385 14.477969936048439
5.395 14.524396841388183
5.405 14.483438858760625
5.415 14.351371667005822
5.425 14.127260338867096
5.435 13.812853899952074
5.445 13.41238375758407
5.455 12.932283680320817
5.465 12.380850473436924
5.475 11.767864767429783
5.485 11.104190622383685
5.495 10.401371189514888
5.505 9.671235701141132
5.515 8.925530794658282
5.525 8.174253918286933
5.535 7.431146962083375
5.545 6.703951410286146
5.555 5.999934055809967
5.565 5.329476062672297
5.575 4.696603414226552
5.585 4.105911112743778
5.595 3.5606142257487416
5.605 3.0626149825923
5.615 2.612604663925886
5.625 2.210193217571178
5.635 1.8540589444620412
5.645 1.5421103956922202
5.655 1.2716528143796602
5.665 1.0395520229661779
5.675 0.8423895477609847
5.685 0.6766039136153899
5.695 0.5386143413736109
5.705 0.4249244407018975
5.715 0.33220481528733936
5.725 0.2573547021599415
5.735 0.19754378657698157
5.745 0.15023612580115592
5.755 0.11319866037676637
5.765 0.0832810220074775
5.775 0.06167898037908189
5.785 0.04524293869489968
5.795 0.032868182805398126
5.805 0.022450268480828674
5.815 0.01605953209317718
5.825 0.011373687495557422
5.835 0.007974927623238277
5.845 0.005536168047046296
5.855 0.003804948944320074
5.865 0.0025890799298885665
5.875 0.0017442114687857859
5.885 0.0
5.895 0.0
5.905 0.0
5.915 0.0
5.925 0.0
5.935 0.0
5.945 0.0012986860119372874
5.955 0.0019277489850898378
5.965 0.002833047516631659
5.975 0.0041220598139044785
5.985 0.005937884904358353
5.995 0.009746954149074373
6.005 0.013855154010145925
6.015 0.019504696554710103
6.025 0.027193001660269094
6.035 0.03754654704077698
6.045 0.05134316481208013
6.055 0.06953444531087179
6.065 0.09326680486092284
6.075 0.12389934927952821
6.085 0.1630162511912297
6.095 0.21243100097815187
6.105 0.27417964191237276
6.115 0.35173181445447244
6.125 0.44685069929790144
6.135 0.5610817929018403
6.1450000000000005 0.6979608736045291
6.155 0.860195630344273
6.165 1.0503813863802136
6.175 1.2708825537369401
6.185 1.5237032004281839
6.195 1.811554805555097
6.205 2.1334983789194455
6.215 2.4905452013354425
6.225 2.88208290550182
6.235 3.306613118850201
6.245 3.761725738801964
6.255 4.244117690581191
6.265 4.749659495124617
6.275 5.273509536832012
6.285 5.810272048076785
6.295 6.354190851652643
6.305 6.899367213196429
6.315 7.439987162085477
6.325 7.970541724176634
6.335 8.486022981449596
6.345 8.982079921412591
6.355 9.455120698246716
6.365 9.903494495764512
6.375 10.323447803211657
6.385 10.714469794492425
6.3950000000000005 11.075842579658799
6.405 11.40721857377512
6.415 11.70841268420437
6.425 11.979192518568208
6.435 12.21908867044107
6.445 12.428361688056516
6.455 12.603988185254538
6.465 12.74495116969337
6.475 12.850176516561094
6.485 12.915523287813665
6.495 12.939249150457051
6.505 12.91906457069991
6.515 12.853156716030304
6.525 12.740481490401447
6.535 12.581035987049384
6.545 12.376086821157454
6.555 12.128332879622313
6.565 11.841985884458387
6.575 11.52275833447104
6.585 11.177755294727241
6.595 10.815273538277298
6.605 10.444518128465175
6.615 10.075252160319108
6.625 9.717399671582104
6.635 9.380624446239072
6.6450000000000005 9.0739084748183
6.655 8.805153258290673
6.665 8.580825120873133
6.675 8.40566249951793
6.685 8.28245913083557
6.695 8.211932508648431
6.705 8.192682275409545
6.715 8.221238637840887
6.725 8.293302872772745
6.735 8.400070963244763
6.745 8.533778407574411
6.755 8.685087954859092
6.765 8.844044021692113
6.775 8.99961379760058
6.785 9.14144780991796
6.795 9.259743616230823
6.805 9.34478911737033
6.815 9.391022259215074
6.825 9.391260292643125
6.835 9.342587690472207
6.845 9.24123923030822
6.855 9.088134985563327
6.865 8.885591763934721
6.875 8.638017946753205
6.885 8.351762947965693
6.8950000000000005 8.0348885300465
6.905 7.696870492246077
6.915 7.348242221245279
6.925 6.99937253493067
6.935 6.662783213913714
6.945 6.350405739940039
6.955 6.07164243898555
6.965 5.836049230961234
6.975 5.651743183210973
6.985 5.52509107788757
6.995 5.460463352436997
