0.005 0.0
0.015 0.0
0.025 0.0
0.034999999999999996 0.0
0.045 0.0
0.055 0.0
0.065 0.0
0.07500000000000001 0.0
0.085 0.0
0.095 0.0
0.10500000000000001 0.0
0.115 0.0
0.125 0.0
0.135 0.0
0.14500000000000002 0.0
0.155 0.0
0.165 0.0
0.17500000000000002 0.0
0.185 0.0
0.195 0.0
0.20500000000000002 0.0
0.215 0.0
0.225 0.0
0.23500000000000001 0.0
0.245 0.0
0.255 0.0
0.265 0.0
0.275 0.0
0.28500000000000003 0.0
0.295 0.0
0.305 0.0
0.315 0.0
0.325 0.0
0.335 0.0
0.34500000000000003 0.0
0.35500000000000004 0.0
0.365 0.0
0.375 0.0
0.385 0.0
0.395 0.0
0.405 0.0
0.41500000000000004 0.0
0.425 0.0
0.435 0.0
0.445 0.0
0.455 0.0
0.465 0.0
0.47500000000000003 0.0
0.485 0.0
0.495 0.0
0.505 0.0
0.515 0.0
0.525 0.0
0.535 0.0
0.545 0.0
0.555 0.0
0.5650000000000001 0.0
0.5750000000000001 0.0
0.585 0.0
0.595 0.0
0.605 0.0
0.615 0.0
0.625 0.0
0.635 0.0
0.645 0.0
0.655 0.0
0.665 0.0
0.675 0.0
0.685 0.0
0.6950000000000001 0.0
0.7050000000000001 0.0
0.715 0.0
0.725 0.0
0.735 0.0
0.745 0.0
0.755 0.0
0.765 0.0
0.775 0.0
0.785 0.0
0.795 0.0
0.805 0.0
0.8150000000000001 0.0
0.8250000000000001 0.0
0.8350000000000001 0.0
0.845 0.0
0.855 0.0
0.865 0.0
0.875 0.0
0.885 0.0
0.895 0.0
0.905 0.0
0.915 0.0
0.925 0.0
0.935 0.0
0.9450000000000001 0.0
0.9550000000000001 0.0
0.965 0.0
0.975 0.0
0.985 0.0
0.995 0.0
1.005 0.0
1.015 0.0
1.025 0.0
1.035 0.0
1.045 0.0
1.055 0.0
1.065 0.0
1.075 0.0
1.085 0.0
1.095 0.0
1.105 0.0
1.115 0.0
1.125 0.0
1.135 0.0
1.145 0.0
1.155 0.0
1.1649999999999998 0.0
1.1749999999999998 0.0
1.1849999999999998 0.0
1.1949999999999998 0.0
1.2049999999999998 0.0
1.2149999999999999 0.0
1.2249999999999999 0.0
1.2349999999999999 0.0
1.2449999999999999 0.0
1.255 0.0
1.265 0.0
1.275 0.0
1.285 0.0
1.295 0.0
1.305 0.0
1.315 0.0
1.325 0.0
1.335 0.0
1.345 0.0
1.355 0.0
1.365 0.0
1.375 0.0
1.385 0.0
1.395 0.0
1.405 0.0
1.4149999999999998 0.0
1.4249999999999998 0.0
1.4349999999999998 0.0
1.4449999999999998 0.0
1.4549999999999998 0.0
1.4649999999999999 0.0
1.4749999999999999 0.0
1.4849999999999999 0.0
1.4949999999999999 0.0
1.505 0.0
1.515 0.0
1.525 0.0
1.535 0.0
1.545 0.0
1.555 0.0
1.565 0.0
1.575 0.0
1.585 0.0
1.595 0.0
1.605 0.0
1.615 0.0
1.625 0.0
1.635 0.0
1.645 0.0
1.655 0.0
1.665 0.0
1.6749999999999998 0.0
1.6849999999999998 0.0
1.6949999999999998 0.0
1.7049999999999998 0.0
1.7149999999999999 0.0
1.7249999999999999 0.0
1.7349999999999999 0.0
1.7449999999999999 0.0
1.755 0.0
1.765 0.0
1.775 0.0
1.785 0.0
1.795 0.0
1.805 0.0
1.815 0.0
1.825 0.0
1.835 0.0
1.845 0.010373709851943202
1.855 0.015398570905425017
1.865 0.02262996033233955
1.875 0.0329263979967045
1.885 0.04743093755214912
1.895 0.06764508555130809
1.905 0.0955141789135034
1.915 0.13352312806455058
1.9249999999999998 0.1848001011885506
1.9349999999999998 0.25322405931940667
1.9449999999999998 0.34353009023543823
1.9549999999999998 0.4614043191970922
1.9649999999999999 0.6135579432795333
1.9749999999999999 0.8170369972826764
1.9849999999999999 1.0666286120501134
1.9949999999999999 1.3789082443934444
2.005 1.7653090529983797
2.015 2.2470859262619047
2.025 2.8235253033615293
2.035 3.5142425785998763
2.045 4.332813143115483
2.0549999999999997 5.292252589573039
2.065 6.404457055200613
2.0749999999999997 7.679608037774497
2.085 9.125574073177567
2.0949999999999998 10.74734718807755
2.105 12.546554886026547
2.1149999999999998 14.521087773493
2.125 16.664878234442465
2.135 18.967856662044106
2.145 21.416098987779563
2.155 23.992163480869387
2.165 26.675597406722183
2.175 29.443576928199782
2.185 32.279452950368324
2.195 35.145984697051865
2.205 38.02327297663961
2.215 40.88673269123737
2.225 43.71277280331922
2.235 46.47906310543675
2.245 49.16459287448613
2.255 51.749533855687446
2.265 54.21494624325958
2.275 56.54238945783493
2.285 58.71351636004433
2.295 60.7097374311084
2.305 62.51203869098936
2.315 64.10102325927038
2.3249999999999997 65.45722243966205
2.335 66.56169033975132
2.3449999999999998 67.39685978520257
2.355 67.94760087560269
2.3649999999999998 68.20923018578564
2.375 68.1646363383802
2.385 67.81786876238098
2.395 67.17516375842787
2.405 66.24997282974427
2.415 65.06299793521009
2.425 63.64175544964886
2.435 62.019673947246076
2.445 60.23477643777129
2.455 58.32803901843451
2.465 56.341550411873015
2.475 54.316616884343205
2.485 52.29196233858963
2.495 50.302163391606285
2.505 48.37643514845993
2.515 46.53784791692774
2.525 44.80301226029283
2.535 43.182224304007846
2.545 41.68002004515584
2.555 40.296051143856495
2.565 39.02616900524779
2.5749999999999997 37.86359131378802
2.585 36.8000264649051
2.5949999999999998 35.82664588246202
2.605 34.934819891281265
2.6149999999999998 34.1165663425122
2.625 33.36469851982265
2.635 32.67269566654661
2.645 32.03435167239036
2.655 31.436362602202905
2.665 30.88781078992435
2.675 30.370337058628557
2.685 29.87428217099606
2.695 29.388178796254252
2.705 28.89885441098869
2.715 28.39178421223436
2.725 27.851676081597763
2.735 27.263241828916833
2.745 26.612087030798826
2.755 25.8856379150035
2.765 25.074019073892735
2.775 24.170800391299576
2.785 23.16736218567801
2.795 22.080023028782772
2.805 20.905984193295428
2.815 19.655695071559535
2.8249999999999997 18.33712517112817
2.835 16.981018575316593
2.8449999999999998 15.59741503495607
2.855 14.20626186138534
2.8649999999999998 12.827523304061248
2.875 11.480299910794539
2.885 10.182050567845893
2.895 8.947961013969842
2.905 7.790486903455073
2.915 6.719083282859788
2.925 5.740117169880695
2.935 4.856947003851205
2.945 4.070142910808178
2.955 3.377815407973447
2.965 2.776017380017656
2.975 2.2591845718070553
2.985 1.8205828890241316
2.995 1.4475171286328974
3.005 1.1443648462354574
3.015 0.8956995585529501
3.025 0.6940923651391383
3.035 0.5325117923675611
3.045 0.40448111277096194
3.055 0.30417556240672905
3.065 0.22646831434701775
3.075 0.16693508806425766
3.085 0.1218273699944204
3.0949999999999998 0.08802360724324214
3.105 0.06296663875923017
3.1149999999999998 0.04459425515874128
3.125 0.03126830743697625
3.135 0.021706354301371925
3.145 0.014918544592971228
3.155 0.010151333159533777
3.165 0.00683875052134305
3.175 0.0
3.185 0.0
3.195 0.0
3.205 0.0
3.215 0.0
3.225 0.0
3.235 0.0
3.245 0.0
3.255 0.0
3.265 0.0
3.275 0.0
3.285 0.0
3.295 0.0
3.305 0.0
3.315 0.0
3.325 0.0
3.335 0.0
3.3449999999999998 0.0
3.355 0.0
3.3649999999999998 0.0
3.375 0.0
3.385 0.0
3.395 0.0
3.405 0.0
3.415 0.0
3.425 0.0
3.435 0.0
3.445 0.0
3.455 0.0
3.465 0.0
3.475 0.0
3.485 0.0
3.495 0.0
3.505 0.0
3.515 0.0
3.525 0.0
3.535 0.0
3.545 0.0
3.555 0.0
3.565 0.0
3.575 0.0
3.585 0.0
3.5949999999999998 0.0
3.605 0.0
3.6149999999999998 0.0
3.625 0.0
3.635 0.0
3.645 0.0
3.655 0.0
3.665 0.0
3.675 0.0
3.685 0.0
3.695 0.0
3.705 0.0
3.715 0.0
3.725 0.00307269452860728
3.735 0.004561059181793834
3.745 0.006702997894504851
3.755 0.01278128808279242
3.765 0.01854448465863369
3.775 0.02664303841823382
3.785 0.03790379333929637
3.795 0.053396481482901006
3.805 0.0744860141081006
3.815 0.10288925854002914
3.825 0.14073418918030564
3.835 0.1906182694917824
3.8449999999999998 0.2556617745965136
3.855 0.3395505744516114
3.8649999999999998 0.4465617709065026
3.875 0.5815646549791581
3.885 0.7499888855199126
3.895 0.9577517633939631
3.905 1.2111371601339065
3.915 1.5166202058772051
3.925 1.8806343474574807
3.935 2.3092808763566115
3.945 2.80798541981044
3.955 3.3811109904611247
3.965 4.031542679268385
3.975 4.760264514084961
3.985 5.565953860298867
3.995 6.4446224266001915
4.005 7.389334880053234
4.015 8.390035765314302
4.025 9.436182684244596
4.035 10.507480135784812
4.045 11.586881494175497
4.055 12.653341776526483
4.065 13.686871633948439
4.075 14.660115393769868
4.085 15.551744563832894
4.095 16.339859686760754
4.1049999999999995 17.00475007283397
4.115 17.52986426726428
4.125 17.902681767763323
4.135 18.115430953080477
4.145 18.165606020173044
4.155 18.056247206151493
4.165 17.795962770983266
4.175 17.398686963045265
4.185 16.88318417976473
4.195 16.272324482513753
4.205 15.59216839381873
4.215 14.87090862817195
4.225 14.137722561891586
4.235 13.421591683651311
4.245 12.75014319229458
4.255 12.148564822190696
4.265 11.638637576373604
4.275 11.23792311781374
4.285 10.95913386861576
4.295 10.809705037452327
4.305 10.791579299344615
4.315 10.901206947826662
4.325 11.129757098261061
4.335 11.463528873625789
4.345 11.88454531254079
4.355 12.371306875270822
4.365 12.899675839085925
4.375 13.443857652330516
4.385 13.977440689364741
4.395 14.474452183365852
4.405 14.910385864903866
4.415 15.263156469777343
4.425 15.513938197710427
4.435 15.647848648097272
4.445 15.654446752743734
4.455 15.528022530720271
4.465 15.267667604995676
4.475 14.877127612073927
4.485 14.36445000930793
4.495 13.74145237475896
4.505 13.023046171209405
4.515 12.226458317044953
4.525 11.370397205327002
4.535 10.472161341041806
4.545 9.555728403017667
4.555 8.636415256326583
4.565 7.729051656931047
4.575 6.853194160204721
4.585 6.0183872082335235
4.595 5.234627969123235
4.605 4.509292045208379
4.615 3.8472100219473244
4.625 3.250846542192633
4.635 2.7205583740077985
4.645 2.2549063990550744
4.655 1.8509968848624727
4.665 1.5048294902646777
4.675 1.2136627644676916
4.685 0.969185307250559
4.695 0.7674470860816912
4.705 0.603218391951257
4.715 0.4715333178641674
4.725 0.3678350585472324
4.735 0.2880803757096302
4.745 0.2288082072026921
4.755 0.1871781816249599
4.765 0.16098486169773238
4.775 0.14865301150028098
4.785 0.14921822032501314
4.795 0.16423328282152577
4.805 0.19091671686121306
4.815 0.2313234558007012
4.825 0.28668717670827815
4.835 0.3568720075792575
4.845 0.44803090747695035
4.855 0.5598246249336727
4.865 0.6947208441914429
4.875 0.853470549136423
4.885 1.0425796407570413
4.895 1.2617056090594903
4.905 1.512745824025916
4.915 1.7970789381717933
4.925 2.1154317154144198
4.935 2.46775693992473
4.945 2.8549610219117265
4.955 3.272395404715751
4.965 3.718527096990711
4.975 4.189650868987174
4.985 4.681164034113818
4.995 5.187665560938273
5.005 5.70309712114444
5.015 6.220920013810711
5.025 6.734319246450422
5.035 7.236424040961332
5.045 7.720532872097319
5.055 8.180330948043496
5.065 8.61183940815672
5.075 9.007430889425677
5.085 9.366033422984911
5.095 9.682055554478701
5.105 9.95488604766747
5.115 10.183892396096901
5.125 10.36957223615357
5.135 10.513513182175883
5.145 10.620025129943826
5.155 10.69176480099698
5.165 10.731761354219266
5.175 10.746439903509721
5.185 10.7434054546709
5.195 10.726550159361874
5.205 10.703895317731854
5.215 10.682608106533053
5.225 10.669987396395644
5.235 10.673333095985914
5.245 10.699818950585211
5.255 10.759640326112049
5.265 10.854402575208116
5.275 10.99257439273994
5.285 11.179934700217359
5.295 11.421671072757135
5.305 11.722300112297704
5.315 12.08718755831358
5.325 12.51683476523214
5.335 13.014403640683947
5.345 13.580986968948299
5.355 14.216572043622834
5.365 14.919932309994088
5.375 15.688521069722153
5.385 16.51837616866319
5.395 17.404046427300994
5.405 18.338551336924535
5.415 19.31338500045494
5.425 20.318573374286892
5.435 21.342790677026407
5.445 22.37353665601151
5.455 23.3973716669094
5.465 24.400201737213226
5.475 25.36760148555318
5.485 26.283805483750427
5.495 27.13793428950162
5.505 27.914678174184807
5.515 28.60174832150753
5.525 29.188116665166497
5.535 29.664231341573974
5.545 30.022172658773073
5.555 30.255749290250193
5.565 30.360538899406095
5.575 30.333881107134733
5.585 30.174833257547487
5.595 29.884100586315583
5.605 29.462659959992454
5.615 28.917278522532683
5.625 28.2512143136456
5.635 27.47095257916019
5.645 26.584198409456192
5.655 25.59980792278518
5.665 24.52771485617924
5.675 23.378845088271746
5.685 22.165011227553116
5.695 20.89878030577575
5.705 19.593309709773607
5.715 18.262149511494876
5.725 16.919012950771663
5.735 15.577520559951056
5.745 14.25092685531357
5.755 12.950620634479318
5.765 11.691150636234841
5.775 10.48127260001914
5.785 9.330173902219789
5.795 8.245479124011162
5.805 7.233139395505166
5.815 6.297380703923155
5.825 5.440712607076907
5.835 4.663994991504639
5.845 3.9665570754908224
5.855 3.3463600502174686
5.865 2.800192763683061
5.875 2.322721164410987
5.885 1.9117819146474018
5.895 1.5591231443167013
5.905 1.2618080267765512
5.915 1.0123979798466198
5.925 0.8052396980809022
5.935 0.6348736167507948
5.945 0.4961480048293512
5.955 0.3831673499811165
5.965 0.2931373336494303
5.975 0.22320952259574622
5.985 0.16841241797301784
5.995 0.124786490975283
6.005 0.09252272173283245
6.015 0.06796159294666809
6.025 0.04945429673536912
6.035 0.03565010566362401
6.045 0.025458036613648455
6.055 0.018008904941602146
6.065 0.010438475563224678
6.075 0.0073191818525147855
6.085 0.0050809515291826484
6.095 0.00349208351206383
6.105 0.0023761904474633826
6.115 0.0016007920739099166
6.125 0.0
6.135 0.0
6.1450000000000005 0.0
6.155 0.0
6.165 0.0
6.175 0.0
6.185 0.0
6.195 0.0
6.205 0.0
6.215 0.0
6.225 0.0
6.235 0.0
6.245 0.0
6.255 0.0
6.265 0.0
6.275 0.0
6.285 0.0
6.295 0.0
6.305 0.0
6.315 0.0
6.325 0.0
6.335 0.0
6.345 0.0
6.355 0.0
6.365 0.0
6.375 0.0
6.385 0.0
6.3950000000000005 0.0
6.405 0.0
6.415 0.0
6.425 0.0
6.435 0.0
6.445 0.0
6.455 0.0
6.465 0.0
6.475 0.0
6.485 0.0
6.495 0.0
6.505 0.0
6.515 0.0
6.525 0.0
6.535 0.0
6.545 0.0
6.555 0.0
6.565 0.0
6.575 0.0
6.585 0.0
6.595 0.0
6.605 0.0
6.615 0.0
6.625 0.0
6.635 0.0
6.6450000000000005 0.0
6.655 0.0
6.665 0.0
6.675 0.0
6.685 0.0
6.695 0.0
6.705 0.0
6.715 0.0
6.725 0.0
6.735 0.0
6.745 0.0
6.755 0.0
6.765 0.0
6.775 0.0
6.785 0.0
6.795 0.0
6.805 0.0
6.815 0.0
6.825 0.0
6.835 0.0
6.845 0.0
6.855 0.0
6.865 0.0
6.875 0.0
6.885 0.0
6.8950000000000005 0.0
6.905 0.0
6.915 0.0
6.925 0.0
6.935 0.0
6.945 0.0
6.955 0.0
6.965 0.0
6.975 0.0
6.985 0.0
6.995 0.0
