0.005 0.0
0.015 0.0
0.025 0.0
0.034999999999999996 0.0
0.045 0.0
0.055 0.0
0.065 0.0
0.07500000000000001 0.0
0.085 0.0
0.095 0.0
0.10500000000000001 0.0
0.115 0.0
0.125 0.0
0.135 0.0
0.14500000000000002 0.0
0.155 0.0
0.165 0.0
0.17500000000000002 0.0
0.185 0.0
0.195 0.0
0.20500000000000002 0.0
0.215 0.0
0.225 0.0
0.23500000000000001 0.0
0.245 0.0
0.255 0.0
0.265 0.0
0.275 0.0
0.28500000000000003 0.0
0.295 0.0
0.305 0.0
0.315 0.0
0.325 0.0
0.335 0.0
0.34500000000000003 0.0
0.35500000000000004 0.0
0.365 0.0
0.375 0.0
0.385 0.0
0.395 0.0
0.405 0.0
0.41500000000000004 0.0
0.425 0.0
0.435 0.0
0.445 0.0
0.455 0.0
0.465 0.0
0.47500000000000003 0.0
0.485 0.0
0.495 0.0
0.505 0.0
0.515 0.0
0.525 0.0
0.535 0.0
0.545 0.0
0.555 0.0
0.5650000000000001 0.0
0.5750000000000001 0.0
0.585 0.0
0.595 0.0
0.605 0.0
0.615 0.0
0.625 0.0
0.635 0.0
0.645 0.0
0.655 0.0
0.665 0.0
0.675 0.0
0.685 0.0
0.6950000000000001 0.0
0.7050000000000001 0.0
0.715 0.0
0.725 0.0
0.735 0.0
0.745 0.0
0.755 0.0
0.765 0.0
0.775 0.0
0.785 0.0
0.795 0.0
0.805 0.0
0.8150000000000001 0.0
0.8250000000000001 0.0
0.8350000000000001 0.0
0.845 0.0
0.855 0.0
0.865 0.0
0.875 0.0
0.885 0.0
0.895 0.0
0.905 0.0
0.915 0.0
0.925 0.0
0.935 0.0
0.9450000000000001 0.0
0.9550000000000001 0.0
0.965 0.0
0.975 0.0
0.985 0.0
0.995 0.0
1.005 0.0
1.015 0.0
1.025 0.0
1.035 0.0
1.045 0.0
1.055 0.0
1.065 0.0
1.075 0.0
1.085 0.0
1.095 0.0
1.105 0.0
1.115 0.0
1.125 0.0
1.135 0.0
1.145 0.0
1.155 0.0
1.1649999999999998 0.0
1.1749999999999998 0.0
1.1849999999999998 0.0
1.1949999999999998 0.0
1.2049999999999998 0.0
1.2149999999999999 0.0
1.2249999999999999 0.0
1.2349999999999999 0.0
1.2449999999999999 0.0
1.255 0.0
1.265 0.0
1.275 0.0
1.285 0.0
1.295 0.0
1.305 0.0
1.315 0.0
1.325 0.0
1.335 0.0
1.345 0.0
1.355 0.0
1.365 0.0
1.375 0.0
1.385 0.0
1.395 0.0
1.405 0.0
1.4149999999999998 0.0
1.4249999999999998 0.0
1.4349999999999998 0.0
1.4449999999999998 0.0
1.4549999999999998 0.0
1.4649999999999999 0.0
1.4749999999999999 0.0
1.4849999999999999 0.0
1.4949999999999999 0.0
1.505 0.0
1.515 0.0
1.525 0.0
1.535 0.0
1.545 0.0
1.555 0.0
1.565 0.0
1.575 0.0
1.585 0.0
1.595 0.0
1.605 0.0
1.615 0.0
1.625 0.0
1.635 0.0
1.645 0.0
1.655 0.0
1.665 0.0
1.6749999999999998 0.0
1.6849999999999998 0.0
1.6949999999999998 0.0
1.7049999999999998 0.0
1.7149999999999999 0.0
1.7249999999999999 0.0
1.7349999999999999 0.0
1.7449999999999999 0.0
1.755 0.011258283412576734
1.765 0.016711617914536056
1.775 0.024559633021654592
1.785 0.0357340551926811
1.795 0.051475407073034364
1.805 0.07341322973882572
1.815 0.1036587403614679
1.825 0.1449087394325861
1.835 0.20055813624513857
1.845 0.27481665357808316
1.855 0.37282314348652734
1.865 0.5007485911450308
1.875 0.6658764621399869
1.885 0.8766467880796212
1.895 1.1426485783995934
1.905 1.4745441365696428
1.915 1.8839090161426728
1.9249999999999998 2.3829730340138218
1.9349999999999998 2.9842512625681574
1.9449999999999998 3.7000594314311197
1.9549999999999998 4.541915693935104
1.9649999999999999 5.519840042549461
1.9749999999999999 6.6415733257507545
1.9849999999999999 7.911749096654143
1.9949999999999999 9.331062441564958
2.005 10.895489345462348
2.015 12.595616820788102
2.025 14.41614677298614
2.035 16.335634414993567
2.045 18.32651433606729
2.0549999999999997 20.355453923905884
2.065 22.384055157534483
2.0749999999999997 24.369902871926104
2.085 26.267932064247013
2.0949999999999998 28.032060754272095
2.105 29.61701069993944
2.1149999999999998 30.98021831935122
2.125 32.08372467443527
2.135 32.89592803144119
2.145 33.3930863173744
2.155 33.56046985910002
2.165 33.3930863173744
2.175 32.89592803144119
2.185 32.08372467443527
2.195 30.98021831935122
2.205 29.61701069993944
2.215 28.032060754272095
2.225 26.267932064247013
2.235 24.369902871926104
2.245 22.384055157534483
2.255 20.355453923905884
2.265 18.32651433606729
2.275 16.335634414993567
2.285 14.41614677298614
2.295 12.595616820788102
2.305 10.895489345462348
2.315 9.331062441564958
2.3249999999999997 7.911749096654143
2.335 6.6415733257507545
2.3449999999999998 5.519840042549461
2.355 4.541915693935104
2.3649999999999998 3.7000594314311197
2.375 2.9842512625681574
2.385 2.3829730340138218
2.395 1.8839090161426728
2.405 1.4745441365696428
2.415 1.1426485783995934
2.425 0.8766467880796212
2.435 0.6658764621399869
2.445 0.5007485911450308
2.455 0.37282314348652734
2.465 0.27481665357808316
2.475 0.20055813624513857
2.485 0.1449087394325861
2.495 0.1036587403614679
2.505 0.07341322973882572
2.515 0.051475407073034364
2.525 0.0357340551926811
2.535 0.024559633021654592
2.545 0.016711617914536056
2.555 0.011258283412576734
2.565 0.0
2.5749999999999997 0.0
2.585 0.0
2.5949999999999998 0.0
2.605 0.0
2.6149999999999998 0.0
2.625 0.0
2.635 0.0
2.645 0.0
2.655 0.0
2.665 0.0
2.675 0.0
2.685 0.0
2.695 0.0
2.705 0.0
2.715 0.005388290856050075
2.725 0.007998293762804446
2.735 0.0117544070609108
2.745 0.017102561357552778
2.755 0.024636479210786252
2.765 0.03513607004003124
2.775 0.04961177671326094
2.785 0.06935430625010701
2.795 0.0959884852808825
2.805 0.13152911570078793
2.815 0.17843568698298734
2.8249999999999997 0.23966167451714404
2.835 0.318692994368906
2.8449999999999998 0.41956910295207894
2.855 0.5468793652672832
2.8649999999999998 0.7057268321247555
2.875 0.9016516420231546
2.885 1.1405070683374985
2.895 1.4282829096564367
2.905 1.7708735577708354
2.915 2.1737916790442187
2.925 2.6418329098823974
2.935 3.1787020729067086
2.945 3.7866168180879765
2.955 4.465909818449782
2.965 5.2146551530904315
2.975 6.028347702274587
2.985 6.899665694112991
2.995 7.818345507962387
3.005 8.771194151142884
3.015 9.742258409164306
3.025 10.713160728564267
3.035 11.66360092347097
3.045 12.57201057765271
3.055 13.416334542595617
3.065 14.17490234432604
3.075 14.827342763650421
3.085 15.355488395163853
3.0949999999999998 15.744214434598891
3.105 15.98215776467272
3.1149999999999998 16.062268663846382
3.125 15.98215776467272
3.135 15.744214434598891
3.145 15.355488395163853
3.155 14.827342763650421
3.165 14.17490234432604
3.175 13.416334542595617
3.185 12.57201057765271
3.195 11.667646397673614
3.205 10.71916576651545
3.215 9.751083498938163
3.225 8.784034580997082
3.235 7.836842327038016
3.245 6.926045499644398
3.255 6.065595721767727
3.265 5.266725663809446
3.275 4.537977001036767
3.285 3.885367546042231
3.295 3.3126697795145157
3.305 2.821768467840093
3.315 2.413063151525213
3.325 2.0858817909128082
3.335 1.8388743983588984
3.3449999999999998 1.67035962636509
3.355 1.5786025630153344
3.3649999999999998 1.562007988089571
3.375 1.6192197083290503
3.385 1.7491230348938787
3.395 1.9507537710478124
3.405 2.2231230670339817
3.415 2.564973009740603
3.425 2.9744826722399837
3.435 3.448948346679285
3.445 3.9844645816778885
3.455 4.575634177070709
3.465 5.215335194047163
3.475 5.894571103157596
3.485 6.602426296247303
3.495 7.326143352030218
3.505 8.051330866934777
3.515 8.762301736399523
3.525 9.438938213619839
3.535 10.072848095269222
3.545 10.642373118108626
3.555 11.132218777085225
3.565 11.528745168218698
3.575 11.82059674164758
3.585 12.002534569089937
3.5949999999999998 12.064275800122012
3.605 12.006424430760497
3.6149999999999998 11.831046849021106
3.625 11.543798694276926
3.635 11.153687824728191
3.645 10.67268719696536
3.655 10.11522537034387
3.665 9.497589661016306
3.675 8.837281137439588
3.685 8.152361393432141
3.695 7.4608284273172085
3.705 6.780053397933754
3.715 6.126302198650878
3.725 5.514356562061589
3.735 4.957239749495934
3.745 4.466042751310825
3.755 4.049839181122587
3.765 3.7156713590741246
3.775 3.468586872924625
3.785 3.3117043368789734
3.795 3.2462890196896783
3.805 3.2718231205072907
3.815 3.386061165583163
3.825 3.585067572665809
3.835 3.8632401046086224
3.8449999999999998 4.213328936605189
3.855 4.62646569827369
3.8649999999999998 5.09221957204194
3.875 5.598697979260342
3.885 6.132707444459131
3.895 6.679986024144826
3.905 7.225512589177145
3.915 7.7538908399281965
3.925 8.249797950378673
3.935 8.698480007533322
3.945 9.086269766154
3.955 9.40109742185223
3.965 9.632962697722665
3.975 9.774336887087738
3.985 9.823185785272004
3.995 9.773593487912677
4.005 9.626053949288687
4.015 9.391231148317273
4.025 9.072322382371901
4.035 8.678962867424913
4.045 8.22276326261774
4.055 7.716822245331594
4.065 7.1752009795676335
4.075 6.612392470463451
4.085 6.042816721914792
4.095 5.480368098686594
4.1049999999999995 4.938034875438787
4.115 4.427603328665279
4.125 3.9594506708790504
4.135 3.542423416179024
4.145 3.183791102584814
4.155 2.8892602395103952
4.165 2.663030274524637
4.175 2.5078724503073966
4.185 2.425213607977893
4.195 2.41521004951617
4.205 2.4768010990016847
4.215 2.6077374777712863
4.225 2.8045854383173188
4.235 3.062713172293018
4.245 3.3762707386161153
4.255 3.7381781493612722
4.265 4.140137929588533
4.275 4.5726882169609535
4.285 5.025310253868401
4.295 5.486600104655458
4.305 5.944508941705627
4.315 6.38664978255602
4.325 6.800661738368013
4.335 7.1769483191147065
4.345 7.500906439230187
4.355 7.7644492261651985
4.365 7.959660628282842
4.375 8.08070059938429
4.385 8.124076666697306
4.395 8.086622472345457
4.405 7.9750923688630895
4.415 7.790454712425993
4.425 7.5393157104275375
4.435 7.23037230391173
4.445 6.87407062770358
4.455 6.482199372027548
4.465 6.06744244237251
4.475 5.642915858800221
4.485 5.221712337019923
4.495 4.818655802778399
4.505 4.4422463113079695
4.515 4.104715947572708
4.525 3.815453965453907
4.535 3.582265999165975
4.545 3.4112381992755134
4.555 3.3066566002136506
4.565 3.270975546536108
4.575 3.3048291251480033
4.585 3.4070806272628333
4.595 3.577002238190487
4.605 3.8070251296682254
4.615 4.092863312815533
4.625 4.427641728406529
4.635 4.803522745271305
4.645 5.211968830973587
4.655 5.644035035911011
4.665 6.092721927215459
4.675 6.546136996070777
4.685 6.99751793337736
4.695 7.439646762603969
4.705 7.866485628188886
4.715 8.273398518368877
4.725 8.657302070092127
4.735 9.016733035749816
4.745 9.351825239304421
4.755 9.664195137914401
4.765 9.95674182117795
4.775 10.233373734534277
4.785 10.498679927758731
4.795 10.75575403426545
4.805 11.015622238241288
4.815 11.277169462749399
4.825 11.545570082374715
4.835 11.823730228402049
4.845 12.113389122025577
4.855 12.415007565784858
4.865 12.727732360887021
4.875 13.049432914165031
4.885 13.376801996219157
4.895 13.705509634478176
4.905 14.03039756149171
4.915 14.345701381489999
4.925 14.645288396724755
4.935 14.922900475502152
4.945 15.172393040069974
4.955 15.387962838142696
4.965 15.564358370746092
4.975 15.697067555806248
4.985 15.78247744051582
4.995 15.818000705219731
5.005 15.80216359762294
5.015 15.734650112626744
5.025 15.616297982667994
5.035 15.449043574738312
5.045 15.235815178834834
5.055 14.98037733322056
5.065 14.687132517374499
5.075 14.360890370693141
5.085 14.006618094220155
5.095 13.629188373868761
5.105 13.233142589005876
5.115 12.822486922973487
5.125 12.4005371299953
5.135 11.96982419960323
5.145 11.53051288190666
5.155 11.087195223417394
5.165 10.639597754919583
5.175 10.185015574239605
5.185 9.724224278135178
5.195 9.25682952360181
5.205 8.782629939123753
5.215 8.301835044664392
5.225 7.815246620651035
5.235 7.3260362496390306
5.245 6.834028232608957
5.255 6.3435452567422494
5.265 5.858598430034365
5.275 5.383888959635332
5.285 4.924669704334077
5.295 4.486577688275113
5.305 4.073995807411894
5.315 3.6961831114898835
5.325 3.356720748615045
5.335 3.061028985365722
5.345 2.814050205839071
5.355 2.6201346608004394
5.365 2.482945493658499
5.375 2.4053794467862755
5.385 2.3894984977015286
5.395 2.4364676159014094
5.405 2.545097136985343
5.415 2.7178485759848865
5.425 2.9508102945577313
5.435 3.241016233099269
5.445 3.58430996145224
5.455 3.9753201403789546
5.465 4.407460945300845
5.475 4.871607431936598
5.485 5.363581448820648
5.495 5.86927874790897
5.505 6.379204376770213
5.515 6.882308619682682
5.525 7.367285781578701
5.535 7.822906276718651
5.545 8.23837684423288
5.555 8.603713501218056
5.565 8.910109460711206
5.575 9.150279012683626
5.585 9.318758418989457
5.595 9.412146231094075
5.605 9.429268021502086
5.615 9.369966978915956
5.625 9.24067365193437
5.635 9.045116315648926
5.645 8.790906768290451
5.655 8.487325362990395
5.665 8.144962323873672
5.675 7.775301883192187
5.685 7.390268434283008
5.695 7.001755654894795
5.705 6.62116022667589
5.715 6.258941371526932
5.725 5.92422600937904
5.735 5.624477021198887
5.745 5.366623608888133
5.755 5.152027531428825
5.765 4.983001840996755
5.775 4.85883558830354
5.785 4.776845529700461
5.795 4.73259339869784
5.805 4.720181180163893
5.815 4.7326095044250645
5.825 4.762181079262857
5.835 4.800928691774638
5.845 4.842386515465174
5.855 4.87728825895829
5.865 4.900318325746063
5.875 4.906548616390386
5.885 4.892575266967374
5.895 4.8566749272971785
5.905 4.798867801063033
5.915 4.720885735955422
5.925 4.627355851329226
5.935 4.520999858564647
5.945 4.408578475888149
5.955 4.296785869166167
5.965 4.192765495354521
5.975 4.102615336713126
5.985 4.035912864602232
5.995 3.997350743404839
6.005 3.992383891868398
6.015 4.025307162483663
6.025 4.099084843905595
6.035 4.215248995507838
6.045 4.3727693865285895
6.055 4.572854326417337
6.065 4.8112153117853325
6.075 5.084006307384847
6.085 5.386365119704855
6.095 5.712625750125944
6.105 6.056541854822414
6.115 6.411508574608532
6.125 6.770771421284911
6.135 7.1276130523910375
6.1450000000000005 7.475511445922088
6.155 7.808265969475479
6.165 8.120090866687228
6.175 8.405678494284277
6.185 8.66023699036052
6.195 8.879508735561013
6.205 9.05977684438205
6.215 9.197866933993357
6.225 9.291150590648332
6.235 9.337555402787187
6.245 9.3355843442972
6.255 9.28434491524645
6.265 9.183586053862074
6.275 9.033738694882274
6.285 8.835954207484368
6.295 8.591127088619348
6.305 8.304278402515529
6.315 7.978527958375829
6.325 7.616295014926238
6.335 7.223246384797686
6.345 6.804853940607764
6.355 6.367054025235449
6.365 5.916110594856396
6.375 5.458462170953312
6.385 5.000560723432178
6.3950000000000005 4.549843674097808
6.405 4.11060203327283
6.415 3.6892364513389158
6.425 3.2908754207307203
6.435 2.9200555236311043
6.445 2.5806775823335277
6.455 2.2759934172665046
6.465 2.008620228489772
6.475 1.7805775197285791
6.485 1.5933398930009581
6.495 1.4478980849645198
6.505 1.3448203628877002
6.515 1.2843068561666544
6.525 1.2662305160289948
6.535 1.2901600656281247
6.545 1.355362376431871
6.555 1.4598605116000545
6.565 1.6044041449323398
6.575 1.7858332681436384
6.585 2.001890054370264
6.595 2.249776371826953
6.605 2.5261021705474294
6.615 2.8268485092264437
6.625 3.1473529505442164
6.635 3.4823237712512083
6.6450000000000005 3.825887596280431
6.655 4.17077865101302
6.665 4.512338109285329
6.675 4.842290618945549
6.685 5.153641099853444
6.695 5.439537118369914
6.705 5.693482153326114
6.715 5.9095489983318465
6.725 6.082582636725078
6.735 6.2075104137189605
6.745 6.283276008536397
6.755 6.306736659802955
6.765 6.27732913992077
6.775 6.195784376586065
6.785 6.064098071896311
6.795 5.885451993030333
6.805 5.665222447739975
6.815 5.4068366642734
6.825 5.116969316713689
6.835 4.8020568090941875
6.845 4.468835441495792
6.855 4.1241260811786
6.865 3.7746308081217697
6.875 3.426750584633952
6.885 3.087590824256405
6.8950000000000005 2.7607646982771588
6.905 2.45182814887817
6.915 2.164882716887866
6.925 1.9033441304679066
6.935 1.6699697073553792
6.945 1.4669120220076675
6.955 1.2957915273792082
6.965 1.1577799705274536
6.975 1.0536861745406425
6.985 0.9840360781384263
6.995 0.9491397934319874
