0.005 0.0
0.015 0.0
0.025 0.0
0.034999999999999996 0.0
0.045 0.0
0.055 0.0
0.065 0.0
0.07500000000000001 0.0
0.085 0.0
0.095 0.0
0.10500000000000001 0.0
0.115 0.0
0.125 0.0
0.135 0.0
0.14500000000000002 0.0
0.155 0.0
0.165 0.0
0.17500000000000002 0.0
0.185 0.0
0.195 0.0
0.20500000000000002 0.0
0.215 0.0
0.225 0.0
0.23500000000000001 0.0
0.245 0.0
0.255 0.0
0.265 0.0
0.275 0.0
0.28500000000000003 0.0
0.295 0.0
0.305 0.0
0.315 0.0
0.325 0.0
0.335 0.0
0.34500000000000003 0.0
0.35500000000000004 0.0
0.365 0.0
0.375 0.0
0.385 0.0
0.395 0.0
0.405 0.0
0.41500000000000004 0.0
0.425 0.0
0.435 0.0
0.445 0.0
0.455 0.0
0.465 0.0
0.47500000000000003 0.0
0.485 0.0
0.495 0.0
0.505 0.0
0.515 0.0
0.525 0.0
0.535 0.0
0.545 0.0
0.555 0.0
0.5650000000000001 0.0
0.5750000000000001 0.0
0.585 0.0
0.595 0.0
0.605 0.0
0.615 0.0
0.625 0.0
0.635 0.0
0.645 0.0
0.655 0.0
0.665 0.0
0.675 0.0
0.685 0.0
0.6950000000000001 0.0
0.7050000000000001 0.0
0.715 0.0
0.725 0.0
0.735 0.0
0.745 0.0
0.755 0.0
0.765 0.0
0.775 0.0
0.785 0.0
0.795 0.0
0.805 0.0
0.8150000000000001 0.0
0.8250000000000001 0.0
0.8350000000000001 0.0
0.845 0.0
0.855 0.0
0.865 0.0
0.875 0.0
0.885 0.0
0.895 0.0
0.905 0.0
0.915 0.0
0.925 0.0
0.935 0.0
0.9450000000000001 0.0
0.9550000000000001 0.0
0.965 0.0
0.975 0.0
0.985 0.0
0.995 0.0
1.005 0.0
1.015 0.0
1.025 0.0
1.035 0.0
1.045 0.0
1.055 0.0
1.065 0.0
1.075 0.0
1.085 0.0
1.095 0.0
1.105 0.0
1.115 0.0
1.125 0.0
1.135 0.0
1.145 0.0
1.155 0.0
1.1649999999999998 0.0
1.1749999999999998 0.0
1.1849999999999998 0.0
1.1949999999999998 0.0
1.2049999999999998 0.0
1.2149999999999999 0.0
1.2249999999999999 0.0
1.2349999999999999 0.0
1.2449999999999999 0.0
1.255 0.0
1.265 0.0
1.275 0.0
1.285 0.0
1.295 0.0
1.305 0.0
1.315 0.0
1.325 0.0
1.335 0.0
1.345 0.0
1.355 0.0
1.365 0.0
1.375 0.0
1.385 0.0
1.395 0.0
1.405 0.0
1.4149999999999998 0.0
1.4249999999999998 0.0
1.4349999999999998 0.0
1.4449999999999998 0.0
1.4549999999999998 0.0
1.4649999999999999 0.0
1.4749999999999999 0.0
1.4849999999999999 0.0
1.4949999999999999 0.0
1.505 0.0
1.515 0.0
1.525 0.0
1.535 0.0
1.545 0.0
1.555 0.0
1.565 0.0
1.575 0.0
1.585 0.0
1.595 0.0
1.605 0.0
1.615 0.0
1.625 0.0
1.635 0.0
1.645 0.0
1.655 0.0
1.665 0.0
1.6749999999999998 0.0
1.6849999999999998 0.0
1.6949999999999998 0.0
1.7049999999999998 0.0
1.7149999999999999 0.0
1.7249999999999999 0.0
1.7349999999999999 0.0
1.7449999999999999 0.0
1.755 0.0
1.765 0.0
1.775 0.0
1.785 0.0
1.795 0.0
1.805 0.0
1.815 0.0
1.825 0.0
1.835 0.0
1.845 0.0
1.855 0.0
1.865 0.0
1.875 0.0
1.885 0.0
1.895 0.0
1.905 0.0
1.915 0.0
1.9249999999999998 0.0
1.9349999999999998 0.0
1.9449999999999998 0.0
1.9549999999999998 0.0
1.9649999999999999 0.0
1.9749999999999999 0.0
1.9849999999999999 0.0
1.9949999999999999 0.0
2.005 0.0
2.015 0.0
2.025 0.0
2.035 0.0
2.045 0.0
2.0549999999999997 0.0
2.065 0.0
2.0749999999999997 0.0
2.085 0.0
2.0949999999999998 0.0
2.105 0.0
2.1149999999999998 0.0
2.125 0.0
2.135 0.0
2.145 0.0
2.155 0.0
2.165 0.0
2.175 0.0
2.185 0.0
2.195 0.0
2.205 0.0
2.215 0.0
2.225 0.0
2.235 0.0
2.245 0.0
2.255 0.0
2.265 0.0
2.275 0.0
2.285 0.0
2.295 0.0
2.305 0.0
2.315 0.0
2.3249999999999997 0.0
2.335 0.0
2.3449999999999998 0.0
2.355 0.0
2.3649999999999998 0.0
2.375 0.0
2.385 0.0
2.395 0.0
2.405 0.0
2.415 0.0
2.425 0.0
2.435 0.0
2.445 0.0
2.455 0.0
2.465 0.0
2.475 0.0
2.485 0.0
2.495 0.0
2.505 0.0
2.515 0.0
2.525 0.006111043029441014
2.535 0.009071135662939685
2.545 0.01333107088199168
2.555 0.019396593680964584
2.565 0.027941064907808053
2.5749999999999997 0.039849006231539016
2.585 0.0562663951077068
2.5949999999999998 0.07865706605194717
2.605 0.1088637899388271
2.6149999999999998 0.14917162178974452
2.625 0.2023699518589554
2.635 0.2718084165478359
2.645 0.3614405112491366
2.655 0.475847520199324
2.665 0.620234397575122
2.675 0.8003886860159123
2.685 1.0225936441019836
2.695 1.293487667275121
2.705 1.619863988842658
2.715 2.0084076380334692
2.725 2.465370716349577
2.735 2.9961921173496986
2.745 3.605073605760401
2.755 4.294530293471149
2.765 5.064939476217483
2.775 5.914116901920966
2.785 6.836953161811557
2.795 7.825144386580352
2.805 8.867050256678086
2.815 9.947708152582582
2.8249999999999997 11.049024993795424
2.835 12.150158174936772
2.8449999999999998 13.228084568138733
2.855 14.258342702558314
2.8649999999999998 15.215919087797605
2.875 16.076236505874267
2.885 16.81619126762605
2.895 17.415179103697657
2.905 17.856046461662277
2.915 18.12590604561866
2.925 18.216762527767866
2.935 18.12590604561866
2.945 17.856046461662277
2.955 17.415179103697657
2.965 16.81619126762605
2.975 16.076236505874267
2.985 15.215919087797605
2.995 14.258342702558314
3.005 13.228084568138733
3.015 12.150158174936772
3.025 11.049024993795424
3.035 9.947708152582582
3.045 8.867050256678086
3.055 7.825144386580352
3.065 6.836953161811557
3.075 5.914116901920966
3.085 5.064939476217483
3.0949999999999998 4.294530293471149
3.105 3.605073605760401
3.1149999999999998 2.9961921173496986
3.125 2.465370716349577
3.135 2.0084076380334692
3.145 1.619863988842658
3.155 1.293487667275121
3.165 1.0225936441019836
3.175 0.8003886860159123
3.185 0.620234397575122
3.195 0.475847520199324
3.205 0.3614405112491366
3.215 0.2718084165478359
3.225 0.2023699518589554
3.235 0.14917162178974452
3.245 0.1088637899388271
3.255 0.07865706605194717
3.265 0.0562663951077068
3.275 0.039849006231539016
3.285 0.027941064907808053
3.295 0.019396593680964584
3.305 0.01333107088199168
3.315 0.009071135662939685
3.325 0.006111043029441014
3.335 0.0
3.3449999999999998 0.0
3.355 0.0
3.3649999999999998 0.0
3.375 0.0
3.385 0.0
3.395 0.0
3.405 0.0
3.415 0.0
3.425 0.0
3.435 0.0
3.445 0.0
3.455 0.0
3.465 0.0
3.475 0.0
3.485 0.0
3.495 0.0
3.505 0.0
3.515 0.0
3.525 0.0
3.535 0.0
3.545 0.0
3.555 0.0
3.565 0.0
3.575 0.0
3.585 0.0
3.5949999999999998 0.0
3.605 0.0
3.6149999999999998 0.0
3.625 0.0
3.635 0.0
3.645 0.0
3.655 0.0
3.665 0.0
3.675 0.0
3.685 0.0
3.695 0.0
3.705 0.0
3.715 0.0
3.725 0.0
3.735 0.0
3.745 0.0
3.755 0.0
3.765 0.0
3.775 0.0
3.785 0.0
3.795 0.0
3.805 0.0
3.815 0.0
3.825 0.0
3.835 0.0
3.8449999999999998 0.0
3.855 0.0
3.8649999999999998 0.0
3.875 0.0
3.885 0.0
3.895 0.0
3.905 0.0
3.915 0.0
3.925 0.0
3.935 0.0
3.945 0.0
3.955 0.0
3.965 0.0
3.975 0.0
3.985 0.0
3.995 0.0
4.005 0.0
4.015 0.0
4.025 0.0
4.035 0.0
4.045 0.0
4.055 0.0
4.065 0.0
4.075 0.0
4.085 0.0
4.095 0.0
4.1049999999999995 0.0
4.115 0.0
4.125 0.0
4.135 0.0
4.145 0.0
4.155 0.0
4.165 0.0
4.175 0.0
4.185 0.0
4.195 0.0
4.205 0.0
4.215 0.0
4.225 0.0
4.235 0.0
4.245 0.0
4.255 0.0
4.265 0.0
4.275 0.0
4.285 0.0
4.295 0.0
4.305 0.0
4.315 0.0
4.325 0.0
4.335 0.0
4.345 0.0
4.355 0.0
4.365 0.0
4.375 0.0
4.385 0.0
4.395 0.0
4.405 0.0
4.415 0.0
4.425 0.0
4.435 0.0
4.445 0.0
4.455 0.0
4.465 0.0
4.475 0.0
4.485 0.0
4.495 0.0
4.505 0.0
4.515 0.0
4.525 0.0
4.535 0.0
4.545 0.0
4.555 0.0
4.565 0.0
4.575 0.0
4.585 0.0
4.595 0.0
4.605 0.0
4.615 0.0
4.625 0.0
4.635 0.0
4.645 0.0
4.655 0.0
4.665 0.0
4.675 0.0
4.685 0.0
4.695 0.0
4.705 0.0
4.715 0.0
4.725 0.0
4.735 0.0
4.745 0.0
4.755 0.0
4.765 0.0
4.775 0.0
4.785 0.0
4.795 0.0
4.805 0.0
4.815 0.0
4.825 0.0
4.835 0.0
4.845 0.0
4.855 0.001893310893853327
4.865 0.002810400759334222
4.875 0.004130205204906642
4.885 0.006009413113750572
4.895 0.008656643771113299
4.905 0.01234593787736807
4.915 0.017432339831686846
4.925 0.02436937185963726
4.935 0.03372795747703891
4.945 0.04804613571539093
4.955 0.06541439955872914
4.965 0.08820341561686659
4.975 0.11778950437580805
4.985 0.15579368288192036
4.995 0.204093429142025
5.005 0.2648250162913533
5.015 0.3403734885435083
5.025 0.43512390980916527
5.035 0.5491727482677721
5.045 0.6867203590210544
5.055 0.8508539012531863
5.065 1.0446381535182754
5.075 1.2710040005033711
5.085 1.5326225499200032
5.095 1.8317694473759008
5.105 2.1719105896386006
5.115 2.551500462060013
5.125 2.972068187174616
5.135 3.4331259025053926
5.145 3.9332496532151726
5.155 4.470044193916518
5.165 5.0401470587139485
5.175 5.639274208849641
5.185 6.262306851802856
5.195 6.903416161448227
5.205 7.556219868046908
5.215 8.213962286873276
5.225 8.869707549548359
5.235 9.51653477702322
5.245 10.14772380007983
5.255 10.756920818912699
5.265 11.33827503501174
5.275 11.886539640581148
5.285 12.397133400977907
5.295 12.866162158991978
5.305 13.290402655488517
5.315 13.667253840390842
5.325 13.994663119243892
5.335 14.271036576921809
5.345 14.495143040910524
5.355 14.666021860776441
5.365 14.78290352192884
5.375 14.845150770360881
5.385 14.852225933506038
5.395 14.803687742667062
5.405 14.699218372672872
5.415 14.538678797055457
5.425 14.322188089795926
5.435 14.050220152651143
5.445 13.723709656017066
5.455 13.34415787121578
5.465 12.91372863055398
5.475 12.435324926698144
5.485 11.912637657290624
5.495 11.350159686153699
5.505 10.753160628383654
5.515 10.127620422831907
5.525 9.480122639734223
5.535 8.817711362908579
5.545 8.147718153939106
5.555 7.47756782983335
5.565 6.814573378179301
5.575 6.165731159660092
5.585 5.537527539127295
5.595 4.935767250881603
5.605 4.365432224025
5.615 3.830577418725025
5.625 3.3342676531441247
5.635 2.8785566614873765
5.645 2.4645069485480273
5.655 2.0922466086733733
5.665 1.7597945368198666
5.675 1.4686525669119983
5.685 1.2149299144634418
5.695 0.9961416286884935
5.705 0.8094568045008877
5.715 0.6518329164188337
5.725 0.520137778915763
5.735 0.4112553620335304
5.745 0.32217315400414515
5.755 0.24882952907399292
5.765 0.19283541575169635
5.775 0.1479662264036273
5.785 0.11316439142542856
5.795 0.08674116703533992
5.805 0.06729761997420505
5.815 0.05372097155033437
5.825 0.04517650475645847
5.835 0.03991237575165335
5.845 0.04039079991578642
5.855 0.04482939849452154
5.865 0.0534428125687682
5.875 0.06666153417812577
5.885 0.0851258007556702
5.895 0.10967678273107873
5.905 0.141343362848248
5.915 0.18017181260323842
5.925 0.23019134782065423
5.935 0.29117105434478857
5.945 0.36464012565351456
5.955 0.45210339790270965
5.965 0.554968252880597
5.975 0.6744590148788008
5.985 0.8115215238125327
5.995 0.9667219449411752
6.005 1.1401452095709141
6.015 1.331299630771349
6.025 1.5390350530548862
6.035 1.761482230627394
6.045 1.9960208647401345
6.055 2.239282788991327
6.065 2.487195153319583
6.075 2.735066174774605
6.085 2.9777132230266177
6.095 3.209629888979985
6.105 3.4251855009582255
6.115 3.6188475945599943
6.125 3.785415404673399
6.135 3.920250799073474
6.1450000000000005 4.019492420538007
6.155 4.08023926921199
6.165 4.100691553660263
6.175 4.08023926921199
6.185 4.019492420538007
6.195 3.920250799073474
6.205 3.785415404673399
6.215 3.6188475945599943
6.225 3.4251855009582255
6.235 3.209629888979985
6.245 2.9777132230266177
6.255 2.735066174774605
6.265 2.487195153319583
6.275 2.239282788991327
6.285 1.9960208647401345
6.295 1.761482230627394
6.305 1.5390350530548862
6.315 1.331299630771349
6.325 1.1401452095709141
6.335 0.9667219449411752
6.345 0.8115215238125327
6.355 0.6744590148788008
6.365 0.554968252880597
6.375 0.45210339790270965
6.385 0.36464012565351456
6.3950000000000005 0.29117105434478857
6.405 0.23019134782065423
6.415 0.18017181260323842
6.425 0.13961811005380168
6.435 0.10711584475766048
6.445 0.08136220963361228
6.455 0.06118554140739822
6.465 0.045554568274011324
6.475 0.03357933708509303
6.485 0.02450582661003122
6.495 0.017706130049357328
6.505 0.01266586918621683
6.515 0.008970226352039402
6.525 0.0073799389642994415
6.535 0.005984634407747033
6.545 0.005379255879448617
6.555 0.005502454799363262
6.565 0.006360517706477733
6.575 0.0071093521723503365
6.585 0.010038333602726046
6.595 0.014032991943586483
6.605 0.019422090904724687
6.615 0.026613300900452212
6.625 0.03610426941408151
6.635 0.048492595911163616
6.6450000000000005 0.06448361268770403
6.655 0.08489465412964531
6.665 0.11065432187057071
6.675 0.14388541002436686
6.685 0.1840564906573286
6.695 0.2331459555353278
6.705 0.29245599540670153
6.715 0.3632994005120322
6.725 0.4469493962650095
6.735 0.5445807714866624
6.745 0.6572043102363518
6.755 0.7855974904545641
6.765 0.9302352948554833
6.775 1.0912256844853605
6.785 1.268254703170752
6.795 1.4605462126041764
6.805 1.666840829609448
6.815 1.8853977158098774
6.825 2.1140214738647702
6.835 2.350114610546918
6.845 2.5907539705738505
6.855 2.832787412028254
6.865 3.0729450043007964
6.875 3.3079574134989107
6.885 3.5346731117709767
6.8950000000000005 3.75016577314448
6.905 3.951823793494857
6.915 4.137415297920701
6.925 4.305124175428069
6.935 4.453555411225258
6.945 4.58171099386149
6.955 4.688940630331517
6.965 4.774874067826347
6.975 4.839343687713335
6.985 4.882306969114444
6.995 4.903778284749778
