0.005 0.0
0.015 0.0
0.025 0.0
0.034999999999999996 0.0
0.045 0.0
0.055 0.0
0.065 0.0
0.07500000000000001 0.0
0.085 0.0
0.095 0.0
0.10500000000000001 0.0
0.115 0.0
0.125 0.0
0.135 0.0
0.14500000000000002 0.0
0.155 0.0
0.165 0.0
0.17500000000000002 0.0
0.185 0.0
0.195 0.0
0.20500000000000002 0.0
0.215 0.0
0.225 0.0
0.23500000000000001 0.0
0.245 0.0
0.255 0.0
0.265 0.0
0.275 0.0
0.28500000000000003 0.0
0.295 0.0
0.305 0.0
0.315 0.0
0.325 0.0
0.335 0.0
0.34500000000000003 0.0
0.35500000000000004 0.0
0.365 0.0
0.375 0.0
0.385 0.0
0.395 0.0
0.405 0.0
0.41500000000000004 0.0
0.425 0.0
0.435 0.0
0.445 0.0
0.455 0.0
0.465 0.0
0.47500000000000003 0.0
0.485 0.0
0.495 0.0
0.505 0.0
0.515 0.0
0.525 0.0
0.535 0.0
0.545 0.0
0.555 0.0
0.5650000000000001 0.0
0.5750000000000001 0.0
0.585 0.0
0.595 0.0
0.605 0.0
0.615 0.0
0.625 0.0
0.635 0.0
0.645 0.0
0.655 0.0
0.665 0.0
0.675 0.0
0.685 0.0
0.6950000000000001 0.0
0.7050000000000001 0.0
0.715 0.0
0.725 0.0
0.735 0.0
0.745 0.0
0.755 0.0
0.765 0.0
0.775 0.0
0.785 0.0
0.795 0.0
0.805 0.0
0.8150000000000001 0.0
0.8250000000000001 0.0
0.8350000000000001 0.0
0.845 0.0
0.855 0.0
0.865 0.0
0.875 0.0
0.885 0.0
0.895 0.0
0.905 0.0
0.915 0.0
0.925 0.0
0.935 0.0
0.9450000000000001 0.0
0.9550000000000001 0.0
0.965 0.0
0.975 0.0
0.985 0.0
0.995 0.0
1.005 0.0
1.015 0.0
1.025 0.0
1.035 0.0
1.045 0.0
1.055 0.0
1.065 0.0
1.075 0.0
1.085 0.0
1.095 0.0
1.105 0.0
1.115 0.0
1.125 0.0
1.135 0.0
1.145 0.0
1.155 0.0
1.1649999999999998 0.0
1.1749999999999998 0.0
1.1849999999999998 0.0
1.1949999999999998 0.0
1.2049999999999998 0.0
1.2149999999999999 0.0
1.2249999999999999 0.0
1.2349999999999999 0.0
1.2449999999999999 0.0
1.255 0.0
1.265 0.0
1.275 0.0
1.285 0.0
1.295 0.0
1.305 0.0
1.315 0.0
1.325 0.0
1.335 0.0
1.345 0.0
1.355 0.0
1.365 0.0
1.375 0.0
1.385 0.0
1.395 0.0
1.405 0.0
1.4149999999999998 0.0
1.4249999999999998 0.0
1.4349999999999998 0.0
1.4449999999999998 0.0
1.4549999999999998 0.0
1.4649999999999999 0.0
1.4749999999999999 0.0
1.4849999999999999 0.0
1.4949999999999999 0.0
1.505 0.0
1.515 0.0
1.525 0.0
1.535 0.0
1.545 0.0
1.555 0.0
1.565 0.0
1.575 0.0
1.585 0.0
1.595 0.0
1.605 0.0
1.615 0.0
1.625 0.0
1.635 0.0
1.645 0.0
1.655 0.0
1.665 0.0
1.6749999999999998 0.0
1.6849999999999998 0.0
1.6949999999999998 0.0
1.7049999999999998 0.0
1.7149999999999999 0.0
1.7249999999999999 0.0
1.7349999999999999 0.0
1.7449999999999999 0.0
1.755 0.0
1.765 0.0
1.775 0.0
1.785 0.0
1.795 0.0
1.805 0.0
1.815 0.0
1.825 0.0
1.835 0.0
1.845 0.0
1.855 0.0
1.865 0.0
1.875 0.0
1.885 0.0
1.895 0.0
1.905 0.0
1.915 0.0
1.9249999999999998 0.0
1.9349999999999998 0.0
1.9449999999999998 0.0
1.9549999999999998 0.0
1.9649999999999999 0.0
1.9749999999999999 0.0
1.9849999999999999 0.0
1.9949999999999999 0.0
2.005 0.0
2.015 0.0
2.025 0.0
2.035 0.0
2.045 0.0
2.0549999999999997 0.0
2.065 0.0
2.0749999999999997 0.0
2.085 0.0
2.0949999999999998 0.0
2.105 0.0
2.1149999999999998 0.0
2.125 0.0
2.135 0.008136001407375174
2.145 0.012076951866418011
2.155 0.01774846142224328
2.165 0.025823858992046315
2.175 0.037199630622512816
2.185 0.05305339354024474
2.195 0.07491085688298685
2.205 0.10472091212834772
2.215 0.14493695166069065
2.225 0.19860120751478558
2.235 0.2694273637417856
2.245 0.3618749939929475
2.255 0.481207625938508
2.265 0.63352460052827
2.275 0.8257555882461644
2.285 1.0656058948529918
2.295 1.3614408027409477
2.305 1.722098409497772
2.315 2.1566229577319396
2.3249999999999997 2.673914631414081
2.335 3.2822972316325614
2.3449999999999998 3.9890118865278805
2.355 4.7996526597589115
2.3649999999999998 5.717568071991245
2.375 6.743260439870428
2.385 7.873821736419952
2.395 9.102449496537929
2.405 10.418088276487763
2.415 11.805240614415748
2.425 13.243985869458456
2.435 14.710235628608539
2.445 16.17624086999087
2.455 17.611349510183217
2.465 18.982994512716306
2.475 20.257873904080817
2.485 21.403266546636203
2.495 22.3884131008337
2.505 23.18588185597107
2.515 23.772835249620144
2.525 24.132115644846493
2.535 24.253078377897765
2.545 24.132115644846493
2.555 23.772835249620144
2.565 23.18588185597107
2.5749999999999997 22.3884131008337
2.585 21.403266546636203
2.5949999999999998 20.257873904080817
2.605 18.982994512716306
2.6149999999999998 17.611349510183217
2.625 16.17624086999087
2.635 14.710235628608539
2.645 13.243985869458456
2.655 11.805240614415748
2.665 10.418088276487763
2.675 9.102449496537929
2.685 7.873821736419952
2.695 6.743260439870428
2.705 5.717568071991245
2.715 4.7996526597589115
2.725 3.9890118865278805
2.735 3.2822972316325614
2.745 2.673914631414081
2.755 2.1566229577319396
2.765 1.722098409497772
2.775 1.3614408027409477
2.785 1.0656058948529918
2.795 0.8257555882461644
2.805 0.63352460052827
2.815 0.481207625938508
2.8249999999999997 0.3618749939929475
2.835 0.2694273637417856
2.8449999999999998 0.19860120751478558
2.855 0.14493695166069065
2.8649999999999998 0.10472091212834772
2.875 0.07491085688298685
2.885 0.05305339354024474
2.895 0.037199630622512816
2.905 0.025823858992046315
2.915 0.01774846142224328
2.925 0.012076951866418011
2.935 0.008136001407375174
2.945 0.0046727757337499355
2.955 0.006936194426897275
2.965 0.010193530666068493
2.975 0.01483149960377701
2.985 0.021364982941100334
2.995 0.030470325349651148
3.005 0.04302379224270135
3.015 0.060144696701493305
3.025 0.08769913843705951
3.035 0.12067921959168175
3.045 0.1644639785831734
3.055 0.22198355724697563
3.065 0.2967520840394359
3.075 0.3929177310045818
3.085 0.5152962464638333
3.0949999999999998 0.6693806780565478
3.105 0.8613194937845531
3.1149999999999998 1.0978552911325516
3.125 1.3862168959419423
3.135 1.7339590069517041
3.145 2.1487457062720865
3.155 2.6380771332159383
3.165 3.2089623314166698
3.175 3.867545560337605
3.185 4.618697955998709
3.195 5.4655909967688245
3.205 6.409272385524471
3.215 7.448268280623496
3.225 8.578237889942375
3.235 9.791706936799502
3.245 11.077905165659292
3.255 12.422729766495866
3.265 13.808851407408945
3.275 15.215972693215507
3.285 16.621240692912096
3.295 17.99980621737026
3.305 19.325513392862035
3.315 20.571694423381686
3.325 21.71203691087301
3.335 22.721485285496364
3.3449999999999998 23.577134249421043
3.355 24.259070964360227
3.3649999999999998 24.751124144621237
3.375 25.041482198156615
3.385 25.123148854826276
3.395 24.994212943940212
3.405 24.65791861646659
3.415 24.122532747443127
3.425 23.40101685121383
3.435 22.510520942669743
3.445 21.471725766284617
3.455 20.30806715264158
3.465 19.04488152121993
3.475 17.70851443863092
3.485 16.32543453134113
3.495 14.921392976915074
3.505 13.520664459602024
3.515 12.145399228232252
3.525 10.815108215956172
3.535 9.546294639668185
3.545 8.352236702067977
3.555 7.242917574384175
3.565 6.225091290093202
3.575 5.302466977645625
3.585 4.475989319288294
3.5949999999999998 3.7441904081605055
3.605 3.1035872962537354
3.6149999999999998 2.5491003468553424
3.625 2.0744697725015673
3.635 1.6726511135395057
3.645 1.3361745071992601
3.655 1.057457020029753
3.665 0.8290617040691718
3.675 0.6439010828330103
3.685 0.4953862466461531
3.695 0.377525491913661
3.705 0.2849784126843204
3.715 0.21307255640069958
3.725 0.15779025938400076
3.735 0.11573319314862522
3.745 0.08407161495473175
3.755 0.05736783318458834
3.765 0.04103739600845631
3.775 0.02906351910650702
3.785 0.02037856776366765
3.795 0.014146733491228034
3.805 0.009722898258434209
3.815 0.00661595230570403
3.825 0.00445703500897533
3.835 0.0
3.8449999999999998 0.002901428786338991
3.855 0.00430683502152445
3.8649999999999998 0.006329386427716616
3.875 0.009209202912128641
3.885 0.013265985798809863
3.895 0.018919692306235483
3.905 0.02671441481961826
3.915 0.03734515934392993
3.925 0.05168684501103345
3.935 0.07082438063035981
3.945 0.09608212558557579
3.955 0.12905043547259196
3.965 0.17160636880399327
3.975 0.22865661140950347
3.985 0.298532395212513
3.995 0.38597100704857407
4.005 0.49418170292748986
4.015 0.6266172746268546
4.025 0.7868984149020744
4.035 0.9787113104823899
4.045 1.2056786789933405
4.055 1.47120651950047
4.065 1.7783111571236088
4.075 2.129433552077145
4.085 2.526250085807279
4.095 2.9694908741663095
4.1049999999999995 3.458777827893716
4.115 3.9924949502110807
4.125 4.567702559378878
4.135 5.180105176050379
4.145 5.824079768301498
4.155 6.492767082954602
4.165 7.178224222529774
4.175 7.871631873034626
4.185 8.563545135934557
4.195 9.244173266358132
4.205 9.903671214573437
4.215 10.532425038587055
4.225 11.121314162349893
4.235 11.661936052550509
4.245 12.146782921214623
4.255 12.56936508440477
4.265 12.924281031638643
4.275 13.207239431199085
4.285 13.415042577603915
4.295 13.545543650658903
4.305 13.59759125519402
4.315 13.570973935821389
4.325 13.466374854396719
4.335 13.285342957870345
4.345 13.030282313489547
4.355 12.704456514530282
4.365 12.31200084134463
4.375 11.857931793381821
4.385 11.348142115144878
4.395 10.789369726462747
4.405 10.189130991699058
4.415 9.555612245740765
4.425 8.897517969739159
4.435 8.223878890575447
4.445 7.543827943710511
4.455 6.86635591759895
4.465 6.200061239577946
4.475 5.552909492306508
4.485 4.932017789005871
4.495 4.343477201896198
4.505 3.792223313206899
4.515 3.281961040182797
4.525 2.8151456301297695
4.535 2.3930175811458074
4.545 2.0156856146637843
4.555 1.6822490066301283
4.565 1.3909487547842507
4.575 1.1393362749196254
4.585 0.9244485198325793
4.595 0.7429794502596928
4.605 0.5914394458756344
4.615 0.4662962864778496
4.625 0.36409352110634646
4.635 0.28154416536276483
4.645 0.2155995581795604
4.655 0.16155956974918828
4.665 0.12149509937309609
4.675 0.09045693920557965
4.685 0.06667792426435522
4.695 0.0486608072874812
4.705 0.03515876431551064
4.715 0.025150403183978057
4.725 0.017812027432814626
4.735 0.012489320605592174
4.745 0.008670044536143423
4.755 0.005958828656331623
4.765 0.004054688750234978
4.775 0.0027315628764002435
4.785 0.0
4.795 0.0
4.805 0.0
4.815 0.0
4.825 0.0
4.835 0.0
4.845 0.0
4.855 0.0
4.865 0.0
4.875 0.0
4.885 0.0
4.895 0.0
4.905 0.0
4.915 0.0
4.925 0.0
4.935 0.0
4.945 0.0
4.955 0.0
4.965 0.0
4.975 0.0
4.985 0.0018030009912369809
4.995 0.0026763461676069106
5.005 0.005722879130796037
5.015 0.008379343738809632
5.025 0.01214786923952686
5.035 0.017437537419243313
5.045 0.024783657975601996
5.055 0.03663418646467871
5.065 0.05120545061323637
5.075 0.07088000749215029
5.085 0.09716592283557662
5.095 0.13191427710270295
5.105 0.1773627251984042
5.115 0.23617339144924188
5.125 0.3114606431255236
5.135 0.40680353917234086
5.145 0.5262372066174912
5.155 0.6742171737096528
5.165 0.8555509075205852
5.175 1.0752915754599182
5.185 1.3385904594512925
5.195 1.6505065393088956
5.205 2.015774508905838
5.215 2.4385358024120407
5.225 2.922040914732389
5.235 3.468335146785203
5.245 4.077943569682828
5.255 4.749574111798628
5.265 5.479859842736349
5.275 6.263162395608674
5.285 7.091457738521908
5.295 7.954322993117078
5.305 8.839038665197506
5.315 9.730814634834505
5.325 10.613140866072154
5.335 11.468255523030958
5.345 12.277714639303024
5.355 13.023039385059668
5.365 13.686410034248073
5.375 14.251370621566677
5.385 14.703505538279794
5.395 15.03104930127417
5.405 15.225393561238498
5.415 15.281460958626788
5.425 15.19792330608036
5.435 14.977251172727346
5.445 14.62559250874638
5.455 14.152488631005497
5.465 13.570445842005695
5.475 12.894389402545436
5.485 12.141032901552968
5.495 11.32819984719377
5.505 10.475634795327345
5.515 9.599069984329379
5.525 8.71675871238729
5.535 7.844624527694741
5.545 6.996856367232594
5.555 6.185620801650854
5.565 5.4208948547200695
5.575 4.710415315735963
5.585 4.059734014883951
5.595 3.472363438984289
5.605 2.9499935214974364
5.615 2.4942035882153357
5.625 2.1016773324284683
5.635 1.7713840715131681
5.645 1.500695662892007
5.655 1.286624980988944
5.665 1.1260631267803227
5.675 1.01597036401045
5.685 0.9535154851226872
5.695 0.9361617071434133
5.705 0.9617003101784323
5.715 1.0282359710105795
5.725 1.134130054417455
5.735 1.2779099678135422
5.745 1.4581540334656617
5.755 1.6733621641175538
5.765 1.9218229231003852
5.775 2.2014872967303645
5.785 2.5098587073321625
5.795 2.8427049157204523
5.805 3.199222060383941
5.815 3.5722472119413524
5.825 3.9598004382954106
5.835 4.354829360847585
5.845 4.751597702335032
5.855 5.144018888771038
5.865 5.524627896674312
5.875 5.889823903001804
5.885 6.231677367643258
5.895 6.544273585374235
5.905 6.822112534871767
5.915 7.060250793740453
5.925 7.254424562053851
5.935 7.401151273223791
5.945 7.4978085487465
5.955 7.542690261798821
5.965 7.535040136487243
5.975 7.47506361572567
5.985 7.3639187387947445
5.995 7.203686590823534
6.005 6.997321663486864
6.015 6.748582346072569
6.025 6.461941872056639
6.035 6.142480454678161
6.045 5.795760069898755
6.055 5.427684334564136
6.065 5.044347070792058
6.075 4.651874292489383
6.085 4.256265327346027
6.095 3.863239438559426
6.105 3.4780945109637007
6.115 3.10558404666807
6.125 2.7498178712326142
6.135 2.4141906438230962
6.1450000000000005 2.1013406111222714
6.155 1.8131392021390187
6.165 1.5507102047782821
6.175 1.3144755660134928
6.185 1.1042234617159217
6.195 0.9191932950906071
6.205 0.7581717601563573
6.215 0.6195940533010293
6.225 0.5016446894943083
6.235 0.40235310133482755
6.245 0.3196801661487487
6.255 0.25159290668368584
6.265 0.19612573603232483
6.275 0.1514276731312668
6.285 0.1157958690954311
6.295 0.08769650970242096
6.305 0.06577467396021455
6.315 0.0478549458163477
6.325 0.03527499914147474
6.335 0.025743301913298784
6.345 0.01860023980542466
6.355 0.013305459948111189
6.365 0.009423197547502964
6.375 0.006607295870417224
6.385 0.00458676266460354
6.3950000000000005 0.0031524328037407256
6.405 0.0021450749068975873
6.415 0.0025708279510382706
6.425 0.0016710214612012256
6.435 0.0024557570708168305
6.445 0.00357310545442643
6.455 0.005147108459695643
6.465 0.007340706510706478
6.475 0.010365003596356299
6.485 0.014489657120322578
6.495 0.02115389195743322
6.505 0.029111827675606182
6.515 0.0396782849805143
6.525 0.0535613260248081
6.535 0.07269752886003854
6.545 0.0964423621366011
6.555 0.1267526454317681
6.565 0.1650479243620216
6.575 0.2129370741655797
6.585 0.2722115498197029
6.595 0.3448286023904129
6.605 0.4328829185787778
6.615 0.5385655166823358
6.625 0.6641092696480164
6.635 0.8117211105278761
6.6450000000000005 0.98350177731203
6.655 1.1813548273370953
6.665 1.4079746508193227
6.675 1.6629208402192732
6.685 1.9476881028412218
6.695 2.262465004875594
6.705 2.60787451065679
6.715 2.9810388040459745
6.725 3.3807650936792326
6.735 3.8043437459477736
6.745 4.248292092287959
6.755 4.708395958332467
6.765 5.179783377884879
6.775 5.657029953627745
6.785 6.135419491447299
6.795 6.60714709186089
6.805 7.066858452178876
6.815 7.50859222166536
6.825 7.926738572021586
6.835 8.316244882137347
6.845 8.672809519663442
6.855 8.993053446566986
6.865 9.274659457736663
6.875 9.516469538409027
6.885 9.718532171814896
6.8950000000000005 9.882093476918309
6.905 10.009528783121846
6.915 10.104214557830398
6.925 10.170344318808715
6.935 10.212696037039684
6.945 10.236362259688278
6.955 10.246457418175995
6.965 10.247819199611158
6.975 10.244722162513295
6.985 10.240621765839379
6.995 10.237945565841784
