0.005 0.0
0.015 0.0
0.025 0.0
0.034999999999999996 0.0
0.045 0.0
0.055 0.0
0.065 0.0
0.07500000000000001 0.0
0.085 0.0
0.095 0.0
0.10500000000000001 0.0
0.115 0.0
0.125 0.0
0.135 0.0
0.14500000000000002 0.0
0.155 0.0
0.165 0.0
0.17500000000000002 0.0
0.185 0.0
0.195 0.0
0.20500000000000002 0.0
0.215 0.0
0.225 0.0
0.23500000000000001 0.0
0.245 0.0
0.255 0.0
0.265 0.0
0.275 0.0
0.28500000000000003 0.0
0.295 0.0
0.305 0.0
0.315 0.0
0.325 0.0
0.335 0.0
0.34500000000000003 0.0
0.35500000000000004 0.0
0.365 0.0
0.375 0.0
0.385 0.0
0.395 0.0
0.405 0.0
0.41500000000000004 0.0
0.425 0.0
0.435 0.0
0.445 0.0
0.455 0.0
0.465 0.0
0.47500000000000003 0.0
0.485 0.0
0.495 0.0
0.505 0.0
0.515 0.0
0.525 0.0
0.535 0.0
0.545 0.0
0.555 0.0
0.5650000000000001 0.0
0.5750000000000001 0.0
0.585 0.0
0.595 0.0
0.605 0.0
0.615 0.0
0.625 0.0
0.635 0.0
0.645 0.0
0.655 0.0
0.665 0.0
0.675 0.0
0.685 0.0
0.6950000000000001 0.0
0.7050000000000001 0.0
0.715 0.0
0.725 0.0
0.735 0.0
0.745 0.0
0.755 0.0
0.765 0.0
0.775 0.0
0.785 0.0
0.795 0.0
0.805 0.0
0.8150000000000001 0.0
0.8250000000000001 0.0
0.8350000000000001 0.0
0.845 0.0
0.855 0.0
0.865 0.0
0.875 0.0
0.885 0.0
0.895 0.0
0.905 0.0
0.915 0.0
0.925 0.0
0.935 0.0
0.9450000000000001 0.0
0.9550000000000001 0.0
0.965 0.0
0.975 0.0
0.985 0.0
0.995 0.0
1.005 0.0
1.015 0.0
1.025 0.0
1.035 0.0
1.045 0.0
1.055 0.0
1.065 0.0
1.075 0.0
1.085 0.0
1.095 0.0
1.105 0.0
1.115 0.0
1.125 0.0
1.135 0.0
1.145 0.0
1.155 0.0
1.1649999999999998 0.0
1.1749999999999998 0.0
1.1849999999999998 0.0
1.1949999999999998 0.0
1.2049999999999998 0.0
1.2149999999999999 0.0
1.2249999999999999 0.0
1.2349999999999999 0.0
1.2449999999999999 0.0
1.255 0.0
1.265 0.0
1.275 0.0
1.285 0.0
1.295 0.0
1.305 0.0
1.315 0.0
1.325 0.0
1.335 0.0
1.345 0.0
1.355 0.0
1.365 0.0
1.375 0.0
1.385 0.0
1.395 0.0
1.405 0.0
1.4149999999999998 0.0
1.4249999999999998 0.0
1.4349999999999998 0.0
1.4449999999999998 0.0
1.4549999999999998 0.0
1.4649999999999999 0.0
1.4749999999999999 0.0
1.4849999999999999 0.0
1.4949999999999999 0.0
1.505 0.0
1.515 0.0
1.525 0.0
1.535 0.0
1.545 0.0
1.555 0.0
1.565 0.0
1.575 0.0
1.585 0.0
1.595 0.0
1.605 0.0
1.615 0.012877053891185628
1.625 0.019114495221712578
1.635 0.028090935924947144
1.645 0.04087207059938809
1.655 0.05887679024048228
1.665 0.08396893922716452
1.6749999999999998 0.11856329575394255
1.6849999999999998 0.1657444193395117
1.6949999999999998 0.22939535576616898
1.7049999999999998 0.314331122128886
1.7149999999999999 0.42642945950304956
1.7249999999999999 0.5727486471788881
1.7349999999999999 0.7616194026764287
1.7449999999999999 1.0026953061978734
1.755 1.3069441213658846
1.765 1.6865612292481142
1.775 2.154786572512424
1.785 2.7256084303188577
1.795 3.413341352732356
1.805 4.232071884591441
1.815 5.194974315061948
1.825 6.313509359626749
1.835 7.596530883421702
1.845 9.049338674255036
1.855 10.67272776130525
1.865 12.462095537195752
1.875 14.406675569458809
1.885 16.488970129461027
1.895 18.684450994863873
1.905 20.961589266752352
1.915 23.282259608500105
1.9249999999999998 25.602542945831935
1.9349999999999998 27.873925456005924
1.9449999999999998 30.04486247196846
1.9549999999999998 32.06264612334311
1.9649999999999999 33.87548784327978
1.9749999999999999 35.443973196216184
1.9849999999999999 36.710636862839664
1.9949999999999999 37.646084159387016
2.005 38.223926369594736
2.015 38.42833726090051
2.025 38.254948301392844
2.035 37.71120785550678
2.045 36.8161838236834
2.0549999999999997 35.59982711803635
2.065 34.101749261874346
2.0749999999999997 32.36959802102415
2.085 30.457137656592643
2.0949999999999998 28.42215334165593
2.105 26.32430177410799
2.1149999999999998 24.223022422316614
2.125 22.175607572326946
2.135 20.235506656686855
2.145 18.450914036893717
2.155 16.863662492630997
2.165 15.508420004580827
2.175 14.41216740103103
2.185 13.59392075172898
2.195 13.06465584171218
2.205 12.82739252815389
2.215 12.877403300112809
2.225 13.202521249610845
2.235 13.783535781780435
2.245 14.59467741523946
2.255 15.604203732118652
2.265 16.775105091434565
2.275 18.06594988391383
2.285 19.43188439609311
2.295 20.825792090257302
2.305 22.19960238773461
2.315 23.505721597774127
2.3249999999999997 24.69854062417311
2.335 25.735957836755286
2.3449999999999998 26.58084322838086
2.355 27.20236351481087
2.3649999999999998 27.577088381033924
2.375 27.689806066739298
2.385 27.533991512406146
2.395 27.111891154981873
2.405 26.43421330426306
2.415 25.519439534880302
2.425 24.38420950204422
2.435 23.079292138271075
2.445 21.626853740555724
2.455 20.06417268758087
2.465 18.429189089895235
2.475 16.759005762547947
2.485 15.088543862186452
2.495 13.449417159606229
2.505 11.869068984920602
2.515 10.370194429048079
2.525 8.970449365019403
2.535 7.68242898505086
2.545 6.5138831685271406
2.555 5.4681249582904785
2.565 4.544582077473943
2.5749999999999997 3.7394396397257816
2.585 3.0463244673850745
2.5949999999999998 2.456986923172187
2.605 1.9619439074326903
2.6149999999999998 1.5510556618229834
2.625 1.2140183055745934
2.635 0.9407628138165094
2.645 0.7217588282760541
2.655 0.5482278856500078
2.665 0.4122751846241824
2.675 0.30695189768104336
2.685 0.22626141859456445
2.695 0.16512306596664691
2.705 0.11930593187814668
2.715 0.08534407700022234
2.725 0.06044241237948062
2.735 0.04238061440395285
2.745 0.029420480581375114
2.755 0.020220380880457106
2.765 0.013758971034406108
2.775 0.009269144146482744
2.785 0.0
2.795 0.0
2.805 0.0
2.815 0.0
2.8249999999999997 0.0
2.835 0.0
2.8449999999999998 0.0
2.855 0.0
2.8649999999999998 0.0
2.875 0.0
2.885 0.0
2.895 0.0
2.905 0.0
2.915 0.0
2.925 0.0
2.935 0.0
2.945 0.0
2.955 0.0
2.965 0.0
2.975 0.0
2.985 0.0
2.995 0.0
3.005 0.0
3.015 0.0
3.025 0.0
3.035 0.0
3.045 0.0
3.055 0.0
3.065 0.0
3.075 0.0
3.085 0.0
3.0949999999999998 0.0
3.105 0.0
3.1149999999999998 0.0
3.125 0.0
3.135 0.0
3.145 0.0
3.155 0.0
3.165 0.0
3.175 0.0
3.185 0.0
3.195 0.0
3.205 0.0
3.215 0.004000834857360423
3.225 0.005938776012751139
3.235 0.008727710280170217
3.245 0.012698743526922681
3.255 0.018292717936426305
3.265 0.026088720435159047
3.275 0.03683701027147223
3.285 0.05149594432934585
3.295 0.07127196509553338
3.305 0.09766107378235672
3.315 0.1324894545135807
3.325 0.17795007860515674
3.335 0.23663125743036892
3.3449999999999998 0.3115323090395775
3.355 0.40606086155794485
3.3649999999999998 0.5240059575791077
3.375 0.6694811796494037
3.385 0.8468326146401711
3.395 1.0605077201260376
3.405 1.314883113622622
3.415 1.6140519794685946
3.425 1.9615751034136804
3.435 2.360203336122731
3.445 2.811583294592069
3.455 3.3159619903257873
3.465 3.871909416725901
3.475 4.476080498228517
3.485 5.123038779940097
3.495 5.805163468490482
3.505 6.512658696062453
3.515 7.233679115341919
3.525 7.954579294326495
3.535 8.66028623613896
3.545 9.334785276058504
3.555 9.96170034803452
3.565 10.528266692244054
3.575 11.014318110973914
3.585 11.408787368934107
3.5949999999999998 11.700719448713853
3.605 11.882043623682394
3.6149999999999998 11.948006802255444
3.625 11.897458517291415
3.635 11.732969518540834
3.645 11.460777114156807
3.655 11.09374172244825
3.665 10.639792405216266
3.675 10.116557295010894
3.685 9.541576807324507
3.695 8.933784923319122
3.705 8.312850524852244
3.715 7.701621829579647
3.725 7.11467321449606
3.735 6.572470408591177
3.745 6.092000186627134
3.755 5.688488062860262
3.765 5.375147071571343
3.775 5.163009655699668
3.785 5.060830872823201
3.795 5.075048788200599
3.805 5.212744520900866
3.815 5.471279915789584
3.825 5.852423613481077
3.835 6.3538726831618115
3.8449999999999998 6.971318066490101
3.855 7.6985512721882445
3.8649999999999998 8.527587081393964
3.875 9.44880589021725
3.885 10.4511191285852
3.895 11.522159896367546
3.905 12.648498827270016
3.915 13.815882612971308
3.925 15.00949002300365
3.935 16.214198046733408
3.945 17.414849289323083
3.955 18.596511177782553
3.965 19.744717935541782
3.975 20.84568758055829
3.985 21.88650818887066
3.995 22.8552900586568
4.005 23.74128289439929
4.015 24.534959411102662
4.025 25.225400136578063
4.035 25.81190106768757
4.045 26.284954225274234
4.055 26.640316932542515
4.065 26.87500129282364
4.075 26.98725547807459
4.085 26.976539605664783
4.095 26.8434988341521
4.1049999999999995 26.589935364777947
4.115 26.218780164666775
4.125 25.734064422376992
4.135 25.143432193262264
4.145 24.44917081224413
4.155 23.660273739083276
4.165 22.785049999412188
4.175 21.832778756260993
4.185 20.813655642144923
4.195 19.738722443588436
4.205 18.6197763745036
4.215 17.469255896521776
4.225 16.300101243569443
4.235 15.125589409661988
4.245 13.959145215216983
4.255 12.814131975298412
4.265 11.703627025382161
4.275 10.64018870119425
4.285 9.63562215358265
4.295 8.700751522458784
4.305 7.845205508922945
4.315 7.077222383914827
4.325 6.403479149031112
4.335 5.828948163852231
4.345 5.356783324422678
4.355 4.98823703098804
4.365 4.722608851965493
4.375 4.555008846205139
4.385 4.48599965287948
4.395 4.5058343412660316
4.405 4.6062528376034315
4.415 4.777303269106989
4.425 5.007535657684445
4.435 5.284245406766519
4.445 5.593767569545197
4.455 5.921819770382058
4.465 6.251766978380068
4.475 6.574242849397427
4.485 6.8724640941128365
4.495 7.1338541064630325
4.505 7.34728450834805
4.515 7.503450884524062
4.525 7.593122519685523
4.535 7.6163033374348235
4.545 7.567672730287415
4.555 7.447466368012218
4.565 7.260422989118258
4.575 7.008134732367094
4.585 6.698854281668586
4.595 6.341002808405932
4.605 5.944180528965017
4.615 5.516765088492248
4.625 5.074041438340571
4.635 4.623736803826106
4.645 4.17606846123568
4.655 3.7405000832898474
4.665 3.3255265678201984
4.675 2.9385349717089326
4.685 2.585739841703149
4.695 2.27218563311405
4.705 2.001804348550836
4.715 1.7775133113408046
4.725 1.6013362776428868
4.735 1.4745309200913335
4.745 1.3977069962943656
4.755 1.3728895380145718
4.765 1.3966656039269032
4.775 1.4695748105279252
4.785 1.5904122677112749
4.795 1.757506081433052
4.805 1.9686581144129762
4.815 2.2210715969373296
4.825 2.511279228121368
4.835 2.83508646420885
4.845 3.187544347204961
4.855 3.5629644386924166
4.865 3.9549852585104297
4.875 4.356695277359049
4.885 4.7608122896720495
4.895 5.1599133207192835
4.905 5.546703604752387
4.915 5.91430815652241
4.925 6.256565585916673
4.935 6.568301548953745
4.945 6.843863339982466
4.955 7.08464412042509
4.965 7.287077833903995
4.975 7.4515767538130735
4.985 7.5798911363508035
4.995 7.674917369274153
5.005 7.740424979570347
5.015 7.780722403957009
5.025 7.800287238254121
5.035 7.803390359158618
5.045 7.793744426926118
5.055 7.774205651200359
5.065 7.746553431477416
5.075 7.713110147790438
5.085 7.670590545304018
5.095 7.6184912721946905
5.105 7.5542369623675825
5.115 7.474621438830782
5.125 7.376145521552898
5.135 7.255386937115533
5.145 7.109372450018824
5.155 6.935922943353386
5.165 6.733945251092056
5.175 6.503649678178614
5.185 6.2466787480893595
5.195 5.966140091558013
5.205 5.6665438086507525
5.215 5.353651427304749
5.225 5.034249196565194
5.235 4.715862518303399
5.245 4.406430664060328
5.255 4.11559651253489
5.265 3.8486125487471896
5.275 3.613792250115671
5.285 3.4174858923543243
5.295 3.2649220707065827
5.305 3.1600098786558064
5.315 3.1051975012895454
5.325 3.1013900918157686
5.335 3.1495174830250394
5.345 3.2449831749484632
5.355 3.3853253798912504
5.365 3.565772883503741
5.375 3.7790986376936058
5.385 4.0220111542166075
5.395 4.285356589509604
5.405 4.561895222421516
5.415 4.844510820162015
5.425 5.126536071491827
5.435 5.402056453514155
5.445 5.66617518007882
5.455 5.915222415686124
5.465 6.14689385764538
5.475 6.360307135358737
5.485 6.555969129254556
5.495 6.735652988766869
5.505 6.902189901287162
5.515 7.059187002588589
5.525 7.210688648198887
5.535 7.360803026657005
5.545 7.5133193126148905
5.555 7.671341889105374
5.565 7.835655184954469
5.575 8.010161489132614
5.585 8.192351998903964
5.595 8.380154427817473
5.605 8.56999747592899
5.615 8.756942674207021
5.625 8.934907776467213
5.635 9.096967132009667
5.645 9.235709492489654
5.655 9.343630291470582
5.665 9.413533762140169
5.675 9.438920354843157
5.685 9.4157487070913
5.695 9.337764307503797
5.705 9.203440615921192
5.715 9.012036795435852
5.725 8.76459831524671
5.735 8.463930388340374
5.745 8.114491614894218
5.755 7.722217656629251
5.765 7.294288094628699
5.775 6.83885187110603
5.785 6.364727808117735
5.795 5.881096637513661
5.805 5.397199847981433
5.815 4.922058608731523
5.825 4.4642232766748755
5.835 4.031560791246507
5.845 3.631083891089747
5.855 3.2688228372102692
5.865 2.9497374669663436
5.875 2.6776651595678995
5.885 2.4541354823184975
5.895 2.2834202727528785
5.905 2.16557305008513
5.915 2.097973755490962
5.925 2.079888305755781
5.935 2.108718206129778
5.945 2.1809422611591884
5.955 2.292191644354239
5.965 2.438629826644287
5.975 2.612523469842011
5.985 2.8085150793160607
5.995 3.0200491212502256
6.005 3.240420872175211
6.015 3.4629887587954076
6.025 3.6814054192540464
6.035 3.889858719028013
6.045 4.083311050688511
6.055 4.257723041173416
6.065 4.409156126787644
6.075 4.539899220422502
6.085 4.646397474976749
6.095 4.730958448216004
6.105 4.796458159575402
6.115 4.847044135282141
6.125 4.88793070667881
6.135 4.925126933534621
6.1450000000000005 4.964050459492682
6.155 5.014983506681425
6.165 5.080858092747963
6.175 5.168270800096714
6.185 5.2820401362892895
6.195 5.425737649765629
6.205 5.6014760035322215
6.215 5.809779174391334
6.225 6.0495429527722315
6.235 6.318087909556173
6.245 6.6113008211555915
6.255 6.9238546472128455
6.265 7.250668936852775
6.275 7.583099711686719
6.285 7.914891308621369
6.295 8.239124689664425
6.305 8.549335328552417
6.315 8.839803581757673
6.325 9.105785727181292
6.335 9.343673528891431
6.345 9.55107565602871
6.355 9.726820093269975
6.365 9.870882360426043
6.375 9.984249453665633
6.385 10.068733527828831
6.3950000000000005 10.126752146532336
6.405 10.161093242921082
6.415 10.174682706230062
6.425 10.170370828007542
6.435 10.150750929807446
6.445 10.118019682761593
6.455 10.07388432297037
6.465 10.019517599200462
6.475 9.955557279112487
6.485 9.882143746160835
6.495 9.798045109147175
6.505 9.70483052175109
6.515 9.6002507288017
6.525 9.483302560099704
6.535 9.352909241234538
6.545 9.208000021272603
6.555 9.047574811297022
6.565 8.87075391017066
6.575 8.676814813174563
6.585 8.465219384589469
6.595 8.235635214836714
6.605 7.987954770288102
6.615 7.722315074701481
6.625 7.439119315376308
6.635 7.139060181590001
6.6450000000000005 6.8231431778525895
6.655 6.4927068574476765
6.665 6.149436094320918
6.675 5.7953642838293105
6.685 5.432860778563268
6.695 5.064600877923668
6.705 4.693517172235136
6.715 4.321855586963217
6.725 3.9548997840323055
6.735 3.594622505835188
6.745 3.2442131503662135
6.755 2.9066652192989304
6.765 2.584684340798772
6.775 2.279746939008539
6.785 1.9957715445253519
6.795 1.7329376633062716
6.805 1.4922052006939504
6.815 1.274027942551184
6.825 1.0783780501593423
6.835 0.9047884715433945
6.845 0.7524096423224327
6.855 0.620076186409922
6.865 0.5063790824880423
6.875 0.4097389062524836
6.885 0.3276444653185941
6.8950000000000005 0.2603266920001858
6.905 0.20488407591432659
6.915 0.1597167806787104
6.925 0.12331808187776262
6.935 0.09547868850976916
6.945 0.07316601293321388
6.955 0.05613410316677149
6.965 0.042711793326606566
6.975 0.034111549383286734
6.985 0.028641787243365194
6.995 0.025985988887238222
