0.005 0.0
0.015 0.0
0.025 0.0
0.034999999999999996 0.0
0.045 0.0
0.055 0.0
0.065 0.0
0.07500000000000001 0.0
0.085 0.0
0.095 0.0
0.10500000000000001 0.0
0.115 0.0
0.125 0.0
0.135 0.0
0.14500000000000002 0.0
0.155 0.0
0.165 0.0
0.17500000000000002 0.0
0.185 0.0
0.195 0.0
0.20500000000000002 0.0
0.215 0.0
0.225 0.0
0.23500000000000001 0.0
0.245 0.0
0.255 0.0
0.265 0.0
0.275 0.0
0.28500000000000003 0.0
0.295 0.0
0.305 0.0
0.315 0.0
0.325 0.0
0.335 0.0
0.34500000000000003 0.0
0.35500000000000004 0.0
0.365 0.0
0.375 0.0
0.385 0.0
0.395 0.0
0.405 0.0
0.41500000000000004 0.0
0.425 0.0
0.435 0.0
0.445 0.0
0.455 0.0
0.465 0.0
0.47500000000000003 0.0
0.485 0.0
0.495 0.0
0.505 0.0
0.515 0.0
0.525 0.0
0.535 0.0
0.545 0.0
0.555 0.0
0.5650000000000001 0.0
0.5750000000000001 0.0
0.585 0.0
0.595 0.0
0.605 0.0
0.615 0.0
0.625 0.0
0.635 0.0
0.645 0.0
0.655 0.0
0.665 0.0
0.675 0.0
0.685 0.0
0.6950000000000001 0.0
0.7050000000000001 0.0
0.715 0.0
0.725 0.0
0.735 0.0
0.745 0.0
0.755 0.0
0.765 0.0
0.775 0.0
0.785 0.0
0.795 0.0
0.805 0.0
0.8150000000000001 0.0
0.8250000000000001 0.0
0.8350000000000001 0.0
0.845 0.0
0.855 0.0
0.865 0.0
0.875 0.0
0.885 0.0
0.895 0.0
0.905 0.0
0.915 0.0
0.925 0.0
0.935 0.0
0.9450000000000001 0.0
0.9550000000000001 0.0
0.965 0.0
0.975 0.0
0.985 0.0
0.995 0.0
1.005 0.0
1.015 0.0
1.025 0.0
1.035 0.0
1.045 0.0
1.055 0.0
1.065 0.0
1.075 0.0
1.085 0.0
1.095 0.0
1.105 0.0
1.115 0.0
1.125 0.0
1.135 0.0
1.145 0.0
1.155 0.0
1.1649999999999998 0.0
1.1749999999999998 0.0
1.1849999999999998 0.0
1.1949999999999998 0.0
1.2049999999999998 0.0
1.2149999999999999 0.0
1.2249999999999999 0.0
1.2349999999999999 0.0
1.2449999999999999 0.0
1.255 0.0
1.265 0.0
1.275 0.0
1.285 0.0
1.295 0.0
1.305 0.0
1.315 0.0
1.325 0.0
1.335 0.0
1.345 0.0
1.355 0.0
1.365 0.0
1.375 0.0
1.385 0.0
1.395 0.0
1.405 0.0
1.4149999999999998 0.0
1.4249999999999998 0.0
1.4349999999999998 0.0
1.4449999999999998 0.0
1.4549999999999998 0.0
1.4649999999999999 0.0
1.4749999999999999 0.0
1.4849999999999999 0.0
1.4949999999999999 0.0
1.505 0.0
1.515 0.0
1.525 0.0
1.535 0.0
1.545 0.0
1.555 0.0
1.565 0.0
1.575 0.0
1.585 0.0
1.595 0.0
1.605 0.0
1.615 0.0
1.625 0.0
1.635 0.0
1.645 0.0
1.655 0.0
1.665 0.0
1.6749999999999998 0.0
1.6849999999999998 0.0
1.6949999999999998 0.0
1.7049999999999998 0.0
1.7149999999999999 0.0
1.7249999999999999 0.0
1.7349999999999999 0.0
1.7449999999999999 0.0
1.755 0.0
1.765 0.0
1.775 0.0
1.785 0.0
1.795 0.0
1.805 0.0
1.815 0.0
1.825 0.0
1.835 0.0
1.845 0.0
1.855 0.0
1.865 0.0
1.875 0.0
1.885 0.0
1.895 0.0
1.905 0.0
1.915 0.0
1.9249999999999998 0.0
1.9349999999999998 0.0
1.9449999999999998 0.0
1.9549999999999998 0.0
1.9649999999999999 0.0
1.9749999999999999 0.0
1.9849999999999999 0.0
1.9949999999999999 0.0
2.005 0.0
2.015 0.0
2.025 0.0
2.035 0.0
2.045 0.0
2.0549999999999997 0.0
2.065 0.0
2.0749999999999997 0.0
2.085 0.0
2.0949999999999998 0.0
2.105 0.0
2.1149999999999998 0.0
2.125 0.0
2.135 0.008136001407375174
2.145 0.012076951866418011
2.155 0.01774846142224328
2.165 0.025823858992046315
2.175 0.037199630622512816
2.185 0.05305339354024474
2.195 0.07491085688298685
2.205 0.10472091212834772
2.215 0.14493695166069065
2.225 0.19860120751478558
2.235 0.2694273637417856
2.245 0.3618749939929475
2.255 0.481207625938508
2.265 0.63352460052827
2.275 0.8257555882461644
2.285 1.0656058948529918
2.295 1.3614408027409477
2.305 1.722098409497772
2.315 2.1566229577319396
2.3249999999999997 2.673914631414081
2.335 3.2822972316325614
2.3449999999999998 3.9890118865278805
2.355 4.7996526597589115
2.3649999999999998 5.717568071991245
2.375 6.743260439870428
2.385 7.873821736419952
2.395 9.102449496537929
2.405 10.418088276487763
2.415 11.805240614415748
2.425 13.243985869458456
2.435 14.710235628608539
2.445 16.17624086999087
2.455 17.611349510183217
2.465 18.982994512716306
2.475 20.257873904080817
2.485 21.403266546636203
2.495 22.3884131008337
2.505 23.18588185597107
2.515 23.772835249620144
2.525 24.132115644846493
2.535 24.253078377897765
2.545 24.132115644846493
2.555 23.772835249620144
2.565 23.18588185597107
2.5749999999999997 22.3884131008337
2.585 21.403266546636203
2.5949999999999998 20.257873904080817
2.605 18.982994512716306
2.6149999999999998 17.611349510183217
2.625 16.17624086999087
2.635 14.710235628608539
2.645 13.243985869458456
2.655 11.805240614415748
2.665 10.418088276487763
2.675 9.102449496537929
2.685 7.873821736419952
2.695 6.743260439870428
2.705 5.717568071991245
2.715 4.7996526597589115
2.725 3.9890118865278805
2.735 3.2822972316325614
2.745 2.673914631414081
2.755 2.1566229577319396
2.765 1.722098409497772
2.775 1.3614408027409477
2.785 1.0656058948529918
2.795 0.8257555882461644
2.805 0.63352460052827
2.815 0.481207625938508
2.8249999999999997 0.3618749939929475
2.835 0.2694273637417856
2.8449999999999998 0.19860120751478558
2.855 0.14493695166069065
2.8649999999999998 0.10472091212834772
2.875 0.07491085688298685
2.885 0.05305339354024474
2.895 0.037199630622512816
2.905 0.025823858992046315
2.915 0.01774846142224328
2.925 0.012076951866418011
2.935 0.008136001407375174
2.945 0.0
2.955 0.0
2.965 0.0
2.975 0.0
2.985 0.0
2.995 0.0
3.005 0.0
3.015 0.0
3.025 0.0
3.035 0.0
3.045 0.0
3.055 0.0
3.065 0.0
3.075 0.0
3.085 0.0
3.0949999999999998 0.0
3.105 0.0
3.1149999999999998 0.0
3.125 0.0
3.135 0.0
3.145 0.0
3.155 0.0
3.165 0.0
3.175 0.0
3.185 0.0
3.195 0.0
3.205 0.0
3.215 0.0
3.225 0.0
3.235 0.0
3.245 0.0
3.255 0.0
3.265 0.0
3.275 0.0
3.285 0.0
3.295 0.0
3.305 0.0
3.315 0.0
3.325 0.0
3.335 0.0
3.3449999999999998 0.0
3.355 0.0
3.3649999999999998 0.0
3.375 0.0
3.385 0.0
3.395 0.0
3.405 0.0
3.415 0.0
3.425 0.0
3.435 0.0
3.445 0.0
3.455 0.0
3.465 0.0
3.475 0.0
3.485 0.0
3.495 0.0
3.505 0.0
3.515 0.0
3.525 0.0
3.535 0.0
3.545 0.0
3.555 0.0
3.565 0.0
3.575 0.0
3.585 0.0
3.5949999999999998 0.0
3.605 0.0
3.6149999999999998 0.0
3.625 0.0
3.635 0.0
3.645 0.0
3.655 0.0
3.665 0.0
3.675 0.0
3.685 0.0
3.695 0.0
3.705 0.0
3.715 0.0
3.725 0.00307269452860728
3.735 0.004561059181793834
3.745 0.006702997894504851
3.755 0.009752804388708437
3.765 0.014049051340673656
3.775 0.020036485233076072
3.785 0.03127653539236963
3.795 0.04398078573129893
3.805 0.06124999484141882
3.815 0.08448016602411354
3.825 0.11540276713822994
3.835 0.15613411471931943
3.8449999999999998 0.21212330063783008
3.855 0.2819914671596775
3.8649999999999998 0.3713690720978065
3.875 0.4845225108957007
3.885 0.6262933771812926
3.895 0.8020757649142947
3.905 1.01776073998912
3.915 1.279642548163432
3.925 1.594282328147436
3.935 1.9683269112593167
3.945 2.408282693710193
3.955 2.9202474846836486
3.965 3.5123506112366965
3.975 4.1847755517063945
3.985 4.942477178911215
3.995 5.7869120355842245
4.005 6.717565355083382
4.015 7.73169139418906
4.025 8.82411698571762
4.035 9.987126523917276
4.045 11.210443696342908
4.055 12.481320999817317
4.065 13.78474262368183
4.075 15.10373996448727
4.085 16.419812260111904
4.095 17.71343806811992
4.1049999999999995 18.964657057605066
4.115 20.15369631406174
4.125 21.261611495375913
4.135 22.270911055839626
4.145 23.166131589159306
4.155 23.93433421163244
4.165 24.56549575277166
4.175 25.05277414396038
4.185 25.39263447037989
4.195 25.584830243186413
4.205 25.63224304007453
4.215 25.540592182301214
4.225 25.318033976445378
4.235 24.974676682198677
4.245 24.52204226847396
4.255 23.9725087887647
4.265 23.338767586432517
4.275 22.633327450996042
4.285 21.868093404065537
4.295 21.054041316653002
4.305 20.20100155379236
4.315 19.317555965241176
4.325 18.41104354706362
4.335 17.48766176967615
4.345 16.552643633914972
4.355 15.61048558010128
4.365 14.665198843816622
4.375 13.720556893554768
4.385 12.780314107293165
4.395 11.848375506409592
4.405 10.928903617278245
4.415 10.026355681317874
4.425 9.145451729261772
4.435 8.29108074533734
4.445 7.468157646837169
4.455 6.681447637819014
4.465 5.935376414860387
4.475 5.23384468186303
4.485 4.58006365035161
4.495 3.9764250100973526
4.505 3.4244147136637504
4.515 2.924575338678278
4.525 2.4765172714819235
4.535 2.076925510811692
4.545 1.728547693828341
4.555 1.4257048417890468
4.565 1.1652451319716826
4.575 0.9436285172032511
4.585 0.7570807622165471
4.595 0.5997453195783297
4.605 0.4724497954374527
4.615 0.3686144546034844
4.625 0.28483844541720293
4.635 0.21798064220043492
4.645 0.16520209618278653
4.655 0.12205241536767762
4.665 0.09087187856774558
4.675 0.06698378576716288
4.685 0.04888402160929744
4.695 0.03532004276874754
4.705 0.025265771804086443
4.715 0.01789373383772688
4.725 0.012546610966856692
4.735 0.00870981531306084
4.745 0.005986162684916151
4.755 0.004073288207375355
4.765 0.0027440929594165805
4.775 0.0
4.785 0.0
4.795 0.0
4.805 0.0
4.815 0.0
4.825 0.0
4.835 0.0
4.845 0.0
4.855 0.0
4.865 0.0
4.875 0.0
4.885 0.0
4.895 0.0
4.905 0.0
4.915 0.0
4.925 0.0
4.935 0.0
4.945 0.0
4.955 0.0
4.965 0.0
4.975 0.0
4.985 0.0
4.995 0.0
5.005 0.0
5.015 0.0
5.025 0.0
5.035 0.0
5.045 0.0
5.055 0.0
5.065 0.0
5.075 0.0
5.085 0.0
5.095 0.0
5.105 0.0
5.115 0.0
5.125 0.0
5.135 0.0
5.145 0.0
5.155 0.0
5.165 0.0
5.175 0.0
5.185 0.0
5.195 0.0
5.205 0.0
5.215 0.0
5.225 0.0
5.235 0.0
5.245 0.0
5.255 0.0
5.265 0.0016291743519706234
5.275 0.0024183206523190172
5.285 0.0035539986644849203
5.295 0.005171037544390112
5.305 0.00744895201935948
5.315 0.012224343338591378
5.325 0.017376537744266212
5.335 0.026051321264528374
5.345 0.036463154587417126
5.355 0.05055538045391254
5.365 0.06943489568199414
5.375 0.09447004590408388
5.385 0.12732835410894117
5.395 0.17001198306151724
5.405 0.22488790270803438
5.415 0.29470908074663915
5.425 0.38262244720096183
5.435 0.4921589822914011
5.445 0.627201130069704
5.455 0.7919229386387562
5.465 0.9906989538823284
5.475 1.2279790108523838
5.485 1.5081277073357442
5.495 1.8352294965990237
5.505 2.212862937022506
5.515 2.643850562559166
5.525 3.1299939074260443
5.535 3.6718061952844057
5.545 4.268257811241521
5.555 4.916551618478559
5.565 5.611946171513207
5.575 6.347644664605621
5.585 7.11476585670577
5.595 7.902410154160782
5.605 8.697829553735051
5.615 9.48670443346895
5.625 10.25352354753785
5.635 10.982056476859329
5.645 11.65590074644398
5.655 12.259079430146569
5.665 12.776659906945957
5.675 13.195361031974222
5.685 13.504114743661084
5.695 13.694549281974249
5.705 13.761364776964154
5.715 13.70257780063304
5.725 13.519619168677632
5.735 13.217278263112116
5.745 12.803496724497798
5.755 12.28902377210541
5.765 11.686953899940463
5.775 11.012174596856553
5.785 10.28075652775641
5.795 9.509320963686502
5.805 8.714419058133597
5.815 7.911954958087943
5.825 7.116680040341426
5.835 6.341779269506045
5.845 5.598563385993751
5.855 4.896272995062519
5.865 4.2419932664447995
5.875 3.6406714139083642
5.885 3.095223827996235
5.895 2.6067159547438656
5.905 2.17459585947602
5.915 1.7969618465282537
5.925 1.470845351940056
5.935 1.192492319315247
5.945 0.9576290835994885
5.955 0.7617020788164295
5.965 0.6000841249932448
5.975 0.46824335136591355
5.985 0.3618737546067188
5.995 0.27826727848980926
6.005 0.21187920213418082
6.015 0.16044381161222912
6.025 0.12128709052522008
6.035 0.09217524220819309
6.045 0.0712984102487839
6.055 0.057246921324744626
6.065 0.04898387652772336
6.075 0.04473037531813191
6.085 0.04665412002023815
6.095 0.053097005449334406
6.105 0.06428530366430518
6.115 0.08068353549620375
6.125 0.10190907848661644
6.135 0.13134546027427277
6.1450000000000005 0.16744489779450838
6.155 0.21393117020967783
6.165 0.27060341310351027
6.175 0.3388828013085772
6.185 0.42016787287962537
6.195 0.5157665954520024
6.205 0.6268168099172229
6.215 0.7541975442744191
6.225 0.8996262012931687
6.235 1.0613762657624493
6.245 1.2398583787038049
6.255 1.4341022141616968
6.265 1.6425018242101326
6.275 1.862794422323624
6.285 2.092073147711
6.295 2.3268381932343023
6.305 2.5630884051784077
6.315 2.796452669530841
6.325 3.02351334150771
6.335 3.237938281178652
6.345 3.4361984682831186
6.355 3.6144492158078587
6.365 3.7695220079999197
6.375 3.899123745633085
6.385 4.001999941052323
6.3950000000000005 4.078048886458376
6.405 4.12950553041481
6.415 4.1569609868477935
6.425 4.164656633894712
6.435 4.157075870878894
6.445 4.139498666520856
6.455 4.117755890470788
6.465 4.097950865132109
6.475 4.086164795101683
6.485 4.088163740383784
6.495 4.1091244752198985
6.505 4.153394959450648
6.515 4.2243023979807575
6.525 4.324018225801785
6.535 4.453485151629886
6.545 4.612406983465698
6.555 4.7992977124491
6.565 5.011582589735694
6.575 5.245740981749185
6.585 5.497478839423737
6.595 5.761917778177836
6.605 6.033788044945531
6.615 6.307613952632227
6.625 6.5778825066999485
6.635 6.83918867866474
6.6450000000000005 7.086353798428885
6.655 7.314516529047541
6.665 7.519198558662822
6.675 7.696349246424786
6.685 7.842374814276701
6.695 7.954158193278612
6.705 8.029075313994154
6.715 8.065012567934854
6.725 8.0603885310395
6.735 8.014181056923231
6.745 7.925958773252477
6.755 7.795914105982044
6.765 7.624893442803089
6.775 7.414419106740544
6.785 7.166697551607109
6.795 6.885737686836535
6.805 6.572495226330567
6.815 6.2338878874524255
6.825 5.8733685779273745
6.835 5.4960752648299
6.845 5.10743508466021
6.855 4.713033025588743
6.865 4.318473737067048
6.875 3.9304001315218335
6.885 3.5522998619386588
6.8950000000000005 3.189893411749237
6.905 2.8476997323259896
6.915 2.529744288478326
6.925 2.2395227642154936
6.935 1.9799908429060982
6.945 1.7535772820690023
6.955 1.562215669293026
6.965 1.4073888605406217
6.975 1.2913705104021989
6.985 1.2130863116476593
6.995 1.173825136424707
