0.005 0.0
0.015 0.0
0.025 0.0
0.034999999999999996 0.0
0.045 0.0
0.055 0.0
0.065 0.0
0.07500000000000001 0.0
0.085 0.0
0.095 0.0
0.10500000000000001 0.0
0.115 0.0
0.125 0.0
0.135 0.0
0.14500000000000002 0.0
0.155 0.0
0.165 0.0
0.17500000000000002 0.0
0.185 0.0
0.195 0.0
0.20500000000000002 0.0
0.215 0.0
0.225 0.0
0.23500000000000001 0.0
0.245 0.0
0.255 0.0
0.265 0.0
0.275 0.0
0.28500000000000003 0.0
0.295 0.0
0.305 0.0
0.315 0.0
0.325 0.0
0.335 0.0
0.34500000000000003 0.0
0.35500000000000004 0.0
0.365 0.0
0.375 0.0
0.385 0.0
0.395 0.0
0.405 0.0
0.41500000000000004 0.0
0.425 0.0
0.435 0.0
0.445 0.0
0.455 0.0
0.465 0.0
0.47500000000000003 0.0
0.485 0.0
0.495 0.0
0.505 0.0
0.515 0.0
0.525 0.0
0.535 0.0
0.545 0.0
0.555 0.0
0.5650000000000001 0.0
0.5750000000000001 0.0
0.585 0.0
0.595 0.0
0.605 0.0
0.615 0.0
0.625 0.0
0.635 0.0
0.645 0.0
0.655 0.0
0.665 0.0
0.675 0.0
0.685 0.0
0.6950000000000001 0.0
0.7050000000000001 0.0
0.715 0.0
0.725 0.0
0.735 0.0
0.745 0.0
0.755 0.0
0.765 0.0
0.775 0.0
0.785 0.0
0.795 0.0
0.805 0.0
0.8150000000000001 0.0
0.8250000000000001 0.0
0.8350000000000001 0.0
0.845 0.0
0.855 0.0
0.865 0.0
0.875 0.0
0.885 0.0
0.895 0.0
0.905 0.0
0.915 0.0
0.925 0.0
0.935 0.0
0.9450000000000001 0.0
0.9550000000000001 0.0
0.965 0.0
0.975 0.0
0.985 0.0
0.995 0.0
1.005 0.0
1.015 0.0
1.025 0.0
1.035 0.0
1.045 0.0
1.055 0.0
1.065 0.0
1.075 0.0
1.085 0.0
1.095 0.0
1.105 0.0
1.115 0.0
1.125 0.0
1.135 0.0
1.145 0.0
1.155 0.0
1.1649999999999998 0.0
1.1749999999999998 0.0
1.1849999999999998 0.0
1.1949999999999998 0.0
1.2049999999999998 0.0
1.2149999999999999 0.0
1.2249999999999999 0.0
1.2349999999999999 0.0
1.2449999999999999 0.019321211900858757
1.255 0.028680101495067747
1.265 0.04214868789753716
1.275 0.061325979028338654
1.285 0.08834093185378689
1.295 0.12599012799106948
1.305 0.17789679070102823
1.315 0.24868910812243597
1.325 0.3441933469630721
1.335 0.47163413844560187
1.345 0.6398306644866023
1.355 0.859373430567711
1.365 1.142762155945428
1.375 1.5044814323800124
1.385 1.9609877014475177
1.395 2.5305793677217663
1.405 3.233122134957875
1.4149999999999998 4.089604538892623
1.4249999999999998 5.121504664296588
1.4349999999999998 6.349958488395299
1.4449999999999998 7.794733205980923
1.4549999999999998 9.473024901984937
1.4649999999999999 11.398118245857129
1.4749999999999999 13.577965236877592
1.4849999999999999 16.013758766475913
1.4949999999999999 18.698592910892586
1.505 21.61631331332494
1.515 24.740665729163435
1.525 28.034847098844995
1.535 31.45155028658491
1.545 34.93357061544589
1.555 38.41501026844809
1.565 41.82307729665367
1.575 45.080432159285856
1.585 48.10799000192128
1.595 50.82804532743244
1.605 53.167551477197414
1.615 55.06136417840417
1.625 56.45524924881993
1.635 57.30846107861387
1.645 57.59572093519059
1.655 57.30846107861387
1.665 56.45524924881993
1.6749999999999998 55.06136417840417
1.6849999999999998 53.167551477197414
1.6949999999999998 50.82804532743244
1.7049999999999998 48.10799000192128
1.7149999999999999 45.080432159285856
1.7249999999999999 41.82307729665367
1.7349999999999999 38.41501026844809
1.7449999999999999 34.93357061544589
1.755 31.45155028658491
1.765 28.034847098844995
1.775 24.740665729163435
1.785 21.61631331332494
1.795 18.698592910892586
1.805 16.013758766475913
1.815 13.577965236877592
1.825 11.398118245857129
1.835 9.473024901984937
1.845 7.794733205980923
1.855 6.349958488395299
1.865 5.121504664296588
1.875 4.089604538892623
1.885 3.233122134957875
1.895 2.5305793677217663
1.905 1.9609877014475177
1.915 1.5044814323800124
1.9249999999999998 1.142762155945428
1.9349999999999998 0.859373430567711
1.9449999999999998 0.6398306644866023
1.9549999999999998 0.47163413844560187
1.9649999999999999 0.3441933469630721
1.9749999999999999 0.24868910812243597
1.9849999999999999 0.17789679070102823
1.9949999999999999 0.12599012799106948
2.005 0.08834093185378689
2.015 0.061325979028338654
2.025 0.04214868789753716
2.035 0.028680101495067747
2.045 0.019321211900858757
2.0549999999999997 0.0
2.065 0.0
2.0749999999999997 0.0
2.085 0.0
2.0949999999999998 0.0
2.105 0.0
2.1149999999999998 0.0
2.125 0.0
2.135 0.0
2.145 0.0
2.155 0.008009126297984833
2.165 0.011888620459817624
2.175 0.017471686889926195
2.185 0.025421154423739996
2.195 0.036619529050721876
2.205 0.05222606390103822
2.215 0.07374267577218496
2.225 0.10308786457630373
2.235 0.14267676380231792
2.245 0.1955041640573384
2.255 0.2652258371520159
2.265 0.3562318128835065
2.275 0.47370353798136106
2.285 0.6308975830083162
2.295 0.823643787284561
2.305 1.0648093231419211
2.315 1.3632292205714593
2.3249999999999997 1.7284028714194557
2.335 2.1702831951900565
2.3449999999999998 2.698991584639904
2.355 3.3244592581238157
2.3649999999999998 4.056001351258853
2.375 4.901836505324182
2.385 5.868571361370452
2.395 6.960675618935541
2.405 8.17997845179594
2.415 9.525220361573615
2.425 10.991695340256985
2.435 12.57101602477896
2.445 14.251029145464852
2.455 16.015900116313087
2.465 17.84637458248763
2.475 19.720211986443093
2.485 21.612772898382758
2.495 23.4977293292232
2.505 25.347856892403165
2.515 27.135860753659156
2.525 28.83518473982662
2.535 30.420755239809527
2.545 31.86961853323036
2.555 33.1614412481693
2.565 34.27885757040177
2.5749999999999997 35.20766199695946
2.585 35.93686104249073
2.5949999999999998 36.458609602163605
2.605 36.76806616432206
2.6149999999999998 36.86320475451137
2.625 36.74462002013565
2.635 36.41535556472466
2.645 35.88077549575275
2.655 35.14848665716271
2.665 34.22830597670715
2.675 33.13778500213861
2.685 31.882767541405812
2.695 30.483674789973325
2.705 28.959436103144036
2.715 27.331032331576452
2.725 25.621254326191327
2.735 23.85435882553947
2.745 22.055628183944677
2.755 20.250852017596756
2.765 18.46575833006233
2.775 16.72542782800661
2.785 15.05372723481338
2.795 13.472795293511988
2.805 12.002609212084034
2.815 10.660650409523178
2.8249999999999997 9.461677776283691
2.835 8.417605646247502
2.8449999999999998 7.537473660205529
2.855 6.827487880699976
2.8649999999999998 6.291107784167112
2.875 5.929152599140042
2.885 5.739902930668373
2.895 5.71917933481342
2.905 5.860387734193628
2.915 6.1545312660272185
2.925 6.590198132902531
2.935 7.15354405243735
2.945 7.828294837398496
2.955 8.595798557721924
2.965 9.429815124913627
2.975 10.319935306835196
2.985 11.23385431208874
2.995 12.146048533173085
3.005 13.030409559043028
3.015 13.860994379064048
3.025 14.612853255148803
3.035 15.262894610913099
3.045 15.790738098315584
3.055 16.17950286253044
3.065 16.416478522576572
3.075 16.49363163873994
3.085 16.407910078734247
3.0949999999999998 16.156483751374378
3.105 15.761834643804711
3.1149999999999998 15.221920771537624
3.125 14.555362642630827
3.135 13.781155598799765
3.145 12.920673235667499
3.155 11.996769483379534
3.165 11.032875104460167
3.175 10.05214274820167
3.185 9.076687526003683
3.195 8.126959590645235
3.205 7.221272506384595
3.215 6.37549750876885
3.225 5.602920298311002
3.235 4.914244902468053
3.245 4.317719282053156
3.255 3.819350392112587
3.265 3.423172681616457
3.275 3.1315335906477286
3.285 2.9453622776819017
3.295 2.864393167681073
3.305 2.8873233771846385
3.315 3.0118919613919326
3.325 3.234878500068012
3.335 3.5520280419827346
3.3449999999999998 3.957918136699004
3.355 4.445790934823404
3.3649999999999998 5.00737856471279
3.375 5.632752753193739
3.385 6.310229666910216
3.395 7.026358114780416
3.405 7.766013688208191
3.415 8.512613466164279
3.425 9.248456139041492
3.435 9.955181564514106
3.445 10.614332761729193
3.455 11.207993151950815
3.465 11.7194634244771
3.475 12.13393659489357
3.485 12.435439299495497
3.495 12.623376897153625
3.505 12.686651837166687
3.515 12.623376897153625
3.525 12.435439299495497
3.535 12.128407209224626
3.545 11.711255691804615
3.555 11.195930950468771
3.565 10.596782362131423
3.575 9.929899968044902
3.585 9.212400015247763
3.5949999999999998 8.461702582825243
3.605 7.694843308341205
3.6149999999999998 6.927856127958416
3.625 6.178483673894016
3.635 5.454435158617607
3.645 4.768481445184966
3.655 4.128996257004408
3.665 3.54211824099947
3.675 3.0118728494312017
3.685 2.540386451481696
3.695 2.131287226796101
3.705 1.7790712498068175
3.715 1.484289859107667
3.725 1.2448863842720035
3.735 1.0586192016631948
3.745 0.9233718209679875
3.755 0.8374173298101568
3.765 0.7996281843179067
3.775 0.8096251704189772
3.785 0.8678617494715121
3.795 0.9756419769012923
3.805 1.1350718595821223
3.815 1.3489455620834527
3.825 1.6205694622410702
3.835 1.9535288486631102
3.8449999999999998 2.3514041482068997
3.855 2.8174459933531537
3.8649999999999998 3.3542211194749263
3.875 3.963243859376192
3.885 4.64461063514585
3.895 5.396657035285054
3.905 6.215658482736687
3.915 7.092757249817872
3.925 8.026131819228995
3.935 9.000711709951826
3.945 10.003223881217803
3.955 11.018143268735423
3.965 12.028023456415735
3.975 13.013946154413471
3.985 13.956076198811623
3.995 14.834301206731812
4.005 15.628928316218502
4.015 16.321405184152614
4.025 16.895029090778817
4.035 17.335606953537734
4.045 17.632030461091563
4.055 17.77673438283994
4.065 17.766012175148624
4.075 17.60017089592546
4.085 17.283516606018487
4.095 16.826758889627897
4.1049999999999995 16.237572606734634
4.115 15.532434733823134
4.125 14.728556896566456
4.135 13.844958003367255
4.145 12.901771494702388
4.155 11.919550055294266
4.165 10.918602966593298
4.175 9.918397245111958
4.185 8.937047780927168
4.195 7.990914367250094
4.205 7.094315390012906
4.215 6.259359655742798
4.225 5.495889991705737
4.235 4.8115254080960295
4.245 4.211783221196566
4.255 3.7002589231754692
4.265 3.2788399267766306
4.275 2.947929638701086
4.285 2.7066605054969366
4.295 2.5530784809528657
4.305 2.4842864259512014
4.315 2.496539830005813
4.325 2.5852944461048444
4.335 2.7452114456269427
4.345 2.9701310310514604
4.355 3.2530296421451643
4.365 3.5859785883423174
4.375 3.9601228791006737
4.385 4.365698084161679
4.395 4.794374267905589
4.405 5.231395104711776
4.415 5.666603258923645
4.425 6.088138697251407
4.435 6.482143925860838
4.445 6.842492206632385
4.455 7.155852804172722
4.465 7.413461061495018
4.475 7.608287898582016
4.485 7.735383056862137
4.495 7.792140924135557
4.505 7.776389663600122
4.515 7.695473397243877
4.525 7.55136454682189
4.535 7.351456948701564
4.545 7.105167734584551
4.555 6.823559672463645
4.565 6.518886037413776
4.575 6.2040816737506175
4.585 5.892225897145435
4.595 5.596003177712898
4.605 5.327186327414192
4.615 5.096164484596919
4.625 4.911534901523606
4.635 4.779773756814994
4.645 4.704997246974465
4.655 4.688820291017143
4.665 4.732354463348912
4.675 4.829104296049269
4.685 4.974826572451427
4.695 5.163906377726752
4.705 5.3839806873226514
4.715 5.625941136299969
4.725 5.878586766003611
4.735 6.1324719673187165
4.745 6.373475575172647
4.755 6.592773333082534
4.765 6.781614345548027
4.775 6.933107797284017
4.785 7.04261276344175
4.795 7.108033191121981
4.805 7.130001422861291
4.815 7.111938515193162
4.825 7.059985280773029
4.835 6.982804081226887
4.845 6.891257519069542
4.855 6.797975936206679
4.865 6.7168306979434504
4.875 6.662334388991403
4.885 6.648992139736283
4.895 6.690630305553505
4.905 6.798003776234305
4.915 6.985650826149703
4.925 7.259010493652202
4.935 7.6230341934563395
4.945 8.079216270362986
4.955 8.625336065331982
4.965 9.255340115954361
4.975 9.959376224218019
4.985 10.723985697737042
4.995 11.53245378856965
5.005 12.365311333338965
5.015 13.200973082229357
5.025 14.016490568688248
5.035 14.788390110988768
5.045 15.49356022643933
5.055 16.110147977374673
5.065 16.618421106933702
5.075 17.001552694475215
5.085 17.24628771313403
5.095 17.343456320736095
5.105 17.288306719871475
5.115 17.080640494316455
5.125 16.724744765835737
5.135 16.229127466793308
5.145 15.60607357131753
5.155 14.87105037554203
5.165 14.041998082476537
5.175 13.13854743498636
5.185 12.182884782325742
5.195 11.193062965896637
5.205 10.188720992782493
5.215 9.19216996970119
5.225 8.2181691350832
5.235 7.281533442052625
5.245 6.394612357923457
5.255 5.567181120388542
5.265 4.8064609789343855
5.275 4.117252188732158
5.285 3.5037762708077738
5.295 2.9642804648942436
5.305 2.4990709572608827
5.315 2.1061888455905193
5.325 1.7828431444482533
5.335 1.5257406644821008
5.345 1.331375792359646
5.355 1.1962683840408532
5.365 1.1171422584662234
5.375 1.0910409126359846
5.385 1.115380893694342
5.395 1.1879466372588692
5.405 1.306833438461589
5.415 1.4703475205748462
5.425 1.676873883214331
5.435 1.9247237354753879
5.445 2.2119738413266368
5.455 2.5363100224957873
5.465 2.8948863850667963
5.475 3.2828512726160497
5.485 3.699166064583705
5.495 4.136874026190801
5.505 4.588933774094858
5.515 5.052067233683273
5.525 5.517280826830117
5.535 5.978575330663006
5.545 6.424567332399085
5.555 6.852967752390832
5.565 7.25189557392409
5.575 7.615092390281832
5.585 7.935912395163314
5.595 8.208535601159928
5.605 8.428179498376663
5.615 8.59128567027921
5.625 8.695675486351332
5.635 8.740669908357914
5.645 8.727169247098777
5.655 8.657689373985079
5.665 8.53777282916645
5.675 8.370932753423874
5.685 8.16530830977314
5.695 7.929396619405791
5.705 7.672797239332462
5.715 7.40596106903533
5.725 7.139895588240148
5.735 6.885832519442384
5.745 6.654866432836174
5.755 6.457575286642966
5.765 6.303636217375704
5.775 6.201451832950871
5.785 6.157803584143519
5.795 6.17754928327418
5.805 6.264739281760136
5.815 6.417676319241471
5.825 6.635300479388071
5.835 6.913283323648097
5.845 7.245059531970296
5.855 7.622052414279063
5.865 8.033991582867902
5.875 8.469309677860707
5.885 8.915599885996883
5.895 9.36011180131294
5.905 9.790260329574897
5.915 10.194121127190364
5.925 10.560886649135323
5.935 10.881259262117329
5.945 11.147761896920137
5.955 11.35495205189423
5.965 11.49953117831375
5.975 11.581634552432433
5.985 11.600210859765134
5.995 11.557839507363408
6.005 11.46160226630392
6.015 11.315659075092842
6.025 11.126800819102677
6.035 10.902418477574784
6.045 10.65141240353028
6.055 10.379440736293155
6.065 10.094621339240176
6.075 9.803654640796577
6.085 9.512486768323228
6.095 9.22511555782377
6.105 8.948219689961302
6.115 8.6834708758049
6.125 8.433284438767801
6.135 8.199307895346543
6.1450000000000005 7.9825597899710194
6.155 7.783588815332561
6.165 7.602639859658021
6.175 7.439813210559439
6.185 7.2952035654053455
6.195 7.1690068427348415
6.205 7.061585088869572
6.215 6.973482971678054
6.225 6.905393289108789
6.235 6.858073329334248
6.245 6.832218450203081
6.255 6.828303490751075
6.265 6.846406167765975
6.275 6.886029064861835
6.285 6.9459378953508235
6.295 7.024033244238641
6.305 7.117270950626482
6.315 7.221642819486276
6.325 7.332224737319015
6.335 7.443293912981829
6.345 7.547521347768008
6.355 7.640506555488338
6.365 7.713015957949494
6.375 7.7607784270815205
6.385 7.776303345458594
6.3950000000000005 7.754366371925842
6.405 7.691930660004301
6.415 7.584391857045695
6.425 7.431101222016437
6.435 7.232179540049616
6.445 6.98927695384733
6.455 6.7055065476890565
6.465 6.385311253997476
6.475 6.033326511454033
6.485 5.658262181173916
6.495 5.265883370711759
6.505 4.863740238958918
6.515 4.4594817415903485
6.525 4.060606681577182
6.535 3.6742418153049288
6.545 3.306954999480612
6.555 2.964607949245472
6.565 2.6522497905214886
6.575 2.3740495203749385
6.585 2.1332629844597397
6.595 1.9322282227211849
6.605 1.772382127831202
6.615 1.6533856032924943
6.625 1.5770928630056944
6.635 1.5411354142196525
6.6450000000000005 1.5437421773252442
6.655 1.5824257703780766
6.665 1.6540262078733527
6.675 1.754757109436638
6.685 1.8802586603719422
6.695 2.025662071977506
6.705 2.185670022420031
6.715 2.3546565220010343
6.725 2.5267879313829344
6.735 2.696164640148336
6.745 2.8569804225739106
6.755 3.0036940041805957
6.765 3.131205182962711
6.775 3.2350262176782887
6.785 3.310580273893478
6.795 3.3581856759724174
6.805 3.3730660508627452
6.815 3.3553070056931147
6.825 3.3053204536350416
6.835 3.2245692840237754
6.845 3.1154937379845316
6.855 2.9805580076401332
6.865 2.8257469847436574
6.875 2.65441095045612
6.885 2.471512839753954
6.8950000000000005 2.2821893694300797
6.905 2.091578776180148
6.915 1.9046651217441204
6.925 1.726145592804458
6.935 1.560324614052076
6.945 1.4110358783968766
6.955 1.281590853665489
6.965 1.1747501956054003
6.975 1.0927129749605327
6.985 1.0371178343881837
6.995 1.0090501726933676
