0.005 0.0
0.015 0.0
0.025 0.0
0.034999999999999996 0.0
0.045 0.0
0.055 0.0
0.065 0.0
0.07500000000000001 0.0
0.085 0.0
0.095 0.0
0.10500000000000001 0.0
0.115 0.0
0.125 0.0
0.135 0.0
0.14500000000000002 0.0
0.155 0.0
0.165 0.0
0.17500000000000002 0.0
0.185 0.0
0.195 0.0
0.20500000000000002 0.0
0.215 0.0
0.225 0.0
0.23500000000000001 0.0
0.245 0.0
0.255 0.0
0.265 0.0
0.275 0.0
0.28500000000000003 0.0
0.295 0.0
0.305 0.0
0.315 0.0
0.325 0.0
0.335 0.0
0.34500000000000003 0.0
0.35500000000000004 0.0
0.365 0.0
0.375 0.0
0.385 0.0
0.395 0.0
0.405 0.0
0.41500000000000004 0.0
0.425 0.0
0.435 0.0
0.445 0.0
0.455 0.0
0.465 0.0
0.47500000000000003 0.0
0.485 0.0
0.495 0.0
0.505 0.0
0.515 0.0
0.525 0.0
0.535 0.0
0.545 0.0
0.555 0.0
0.5650000000000001 0.0
0.5750000000000001 0.0
0.585 0.0
0.595 0.0
0.605 0.0
0.615 0.0
0.625 0.0
0.635 0.0
0.645 0.0
0.655 0.0
0.665 0.0
0.675 0.0
0.685 0.0
0.6950000000000001 0.0
0.7050000000000001 0.0
0.715 0.0
0.725 0.0
0.735 0.0
0.745 0.0
0.755 0.0
0.765 0.0
0.775 0.0
0.785 0.0
0.795 0.0
0.805 0.0
0.8150000000000001 0.0
0.8250000000000001 0.0
0.8350000000000001 0.0
0.845 0.0
0.855 0.0
0.865 0.0
0.875 0.0
0.885 0.0
0.895 0.0
0.905 0.0
0.915 0.0
0.925 0.0
0.935 0.0
0.9450000000000001 0.0
0.9550000000000001 0.0
0.965 0.0
0.975 0.0
0.985 0.0
0.995 0.0
1.005 0.0
1.015 0.0
1.025 0.0
1.035 0.0
1.045 0.0
1.055 0.0
1.065 0.0
1.075 0.0
1.085 0.0
1.095 0.0
1.105 0.0
1.115 0.0
1.125 0.0
1.135 0.0
1.145 0.0
1.155 0.0
1.1649999999999998 0.0
1.1749999999999998 0.0
1.1849999999999998 0.0
1.1949999999999998 0.0
1.2049999999999998 0.0
1.2149999999999999 0.0
1.2249999999999999 0.0
1.2349999999999999 0.0
1.2449999999999999 0.0
1.255 0.0
1.265 0.0
1.275 0.0
1.285 0.0
1.295 0.0
1.305 0.0
1.315 0.0
1.325 0.0
1.335 0.0
1.345 0.0
1.355 0.0
1.365 0.0
1.375 0.0
1.385 0.0
1.395 0.0
1.405 0.0
1.4149999999999998 0.0
1.4249999999999998 0.0
1.4349999999999998 0.0
1.4449999999999998 0.015359380571318587
1.4549999999999998 0.022799221702403134
1.4649999999999999 0.03350606273156342
1.4749999999999999 0.04875103361208365
1.4849999999999999 0.07022654682995977
1.4949999999999999 0.10015574250588108
1.505 0.14141889881513373
1.515 0.19769518988736512
1.525 0.2736162013670973
1.535 0.37492514755194983
1.545 0.5086328294247727
1.555 0.6831581600935931
1.565 0.9084377804937909
1.575 1.1959862042287348
1.585 1.5588854651953272
1.595 2.011681864171151
1.605 2.5701676250528003
1.615 3.251027566042678
1.625 4.071335671921193
1.635 5.0478939693738045
1.645 6.196416372682814
1.655 7.530572894586269
1.665 9.060924171491994
1.6749999999999998 10.793791638301302
1.6849999999999998 12.730123583017106
1.6949999999999998 14.864430147562024
1.7049999999999998 17.183869440066626
1.7149999999999999 19.66757067164668
1.7249999999999999 22.28627728215892
1.7349999999999999 25.002382505217017
1.7449999999999999 27.770411532716402
1.755 30.53797895244764
1.765 33.247218868006236
1.775 35.8366502788164
1.785 38.243404748739216
1.795 40.40571036051665
1.805 42.2654987365027
1.815 43.77098349376778
1.825 44.87905121638529
1.835 45.557311217310684
1.845 45.78566819008567
1.855 45.557311217310684
1.865 44.87905121638529
1.875 43.77098349376778
1.885 42.2654987365027
1.895 40.40571036051665
1.905 38.243404748739216
1.915 35.8366502788164
1.9249999999999998 33.247218868006236
1.9349999999999998 30.53797895244764
1.9449999999999998 27.770411532716402
1.9549999999999998 25.002382505217017
1.9649999999999999 22.28627728215892
1.9749999999999999 19.66757067164668
1.9849999999999999 17.183869440066626
1.9949999999999999 14.864430147562024
2.005 12.730123583017106
2.015 10.793791638301302
2.025 9.060924171491994
2.035 7.530572894586269
2.045 6.196416372682814
2.0549999999999997 5.0478939693738045
2.065 4.071335671921193
2.0749999999999997 3.251027566042678
2.085 2.5701676250528003
2.0949999999999998 2.011681864171151
2.105 1.5588854651953272
2.1149999999999998 1.1959862042287348
2.125 0.9084377804937909
2.135 0.6831581600935931
2.145 0.5086328294247727
2.155 0.37492514755194983
2.165 0.2736162013670973
2.175 0.19769518988736512
2.185 0.14141889881513373
2.195 0.10015574250588108
2.205 0.07022654682995977
2.215 0.04875103361208365
2.225 0.03350606273156342
2.235 0.022799221702403134
2.245 0.015359380571318587
2.255 0.0
2.265 0.0
2.275 0.0
2.285 0.0
2.295 0.0
2.305 0.0
2.315 0.0
2.3249999999999997 0.0
2.335 0.0
2.3449999999999998 0.0
2.355 0.0
2.3649999999999998 0.0
2.375 0.0
2.385 0.0
2.395 0.0
2.405 0.0
2.415 0.0
2.425 0.0
2.435 0.0
2.445 0.0
2.455 0.0
2.465 0.006369682892882283
2.475 0.009455056587373849
2.485 0.013895286570841051
2.495 0.020217522664233316
2.505 0.02912362460790235
2.515 0.04153554999834641
2.525 0.05864777790551717
2.535 0.08198609723768036
2.545 0.11347127112130746
2.555 0.1554850657800974
2.565 0.21093492783134749
2.5749999999999997 0.2833122615378703
2.585 0.3767378874942799
2.5949999999999998 0.4959869852710464
2.605 0.6464848001852115
2.6149999999999998 0.8342638231166943
2.625 1.0658732412496803
2.635 1.3482324092144695
2.645 1.6884220727653658
2.655 2.093410194018236
2.665 2.569713484406814
2.675 3.1230010297304083
2.685 3.757652427509408
2.695 4.476289237614825
2.705 5.279304724204783
2.715 6.1644221903176115
2.725 7.126315979845428
2.735 8.156330775843672
2.745 9.242333601348607
2.755 10.368728568531592
2.765 11.516656836966364
2.775 12.664393672218635
2.785 13.787941530331636
2.795 14.861803648868461
2.805 15.859907882515904
2.815 16.75663682289007
2.8249999999999997 17.5279089551153
2.835 18.15224796796282
2.8449999999999998 18.61673952464108
2.855 18.900425542441468
2.8649999999999998 18.99858856581453
2.875 18.908814958695384
2.885 18.634476378546257
2.895 18.184625214569962
2.905 17.573625300951182
2.915 16.820545548998844
2.925 15.948359517996037
2.935 14.983005325954489
2.945 13.952366755872827
2.955 12.885237526675946
2.965 11.810326608767681
2.975 10.7553538313894
2.985 9.746272944975928
2.995 8.806645158042604
3.005 7.9571714948264525
3.015 7.215378616767192
3.025 6.595441330775417
3.035 6.108116867303967
3.045 5.76076174465228
3.055 5.557401789994083
3.065 5.498829369816948
3.075 5.5827084105322164
3.085 5.803676378453883
3.0949999999999998 6.15344186122381
3.105 6.620885511198394
3.1149999999999998 7.192179703595892
3.125 7.8509473448792235
3.135 8.578482146145191
3.145 9.354051020825835
3.155 10.155294143845776
3.165 10.958730085237347
3.175 11.740363122902616
3.185 12.476378436170018
3.195 13.143899632574318
3.205 13.721773239586401
3.215 14.191337561917024
3.225 14.537129579855105
3.235 14.747483909358323
3.245 14.814982403230191
3.255 14.736721443281464
3.265 14.514375638140086
3.275 14.149802011918677
3.285 13.663125461680885
3.295 13.061913535336638
3.305 12.36290716504871
3.315 11.58487805712252
3.325 10.747795157406
3.335 9.871981882307905
3.3449999999999998 8.977313133331556
3.355 8.082495160874144
3.3649999999999998 7.204462544694012
3.375 6.357915880479197
3.385 5.555012269948714
3.395 4.805209452009341
3.405 4.115254305688517
3.415 3.4892982165139803
3.425 2.9291158854101345
3.435 2.4344007602636752
3.445 2.003109317142872
3.455 1.6318276296891419
3.465 1.3161366065706344
3.475 1.0509564264495808
3.485 0.8308555149810248
3.495 0.6503143821989326
3.505 0.5039393436273207
3.515 0.3866252628578078
3.525 0.29366977180131665
3.535 0.22084385445731036
3.545 0.16442522554119152
3.555 0.1212016770860276
3.565 0.08845163548013377
3.575 0.06390872610877425
3.585 0.04571634583588047
3.5949999999999998 0.03237724660714346
3.605 0.022702065485143835
3.6149999999999998 0.01575969782779942
3.625 0.010831471354031915
3.635 0.0073702815738827775
3.645 0.004965211579968558
3.655 0.0
3.665 0.0
3.675 0.0
3.685 0.0
3.695 0.0
3.705 0.0
3.715 0.0
3.725 0.0
3.735 0.0
3.745 0.0
3.755 0.0030284836940839828
3.765 0.004495433317960032
3.775 0.006606553185157749
3.785 0.009612478164623055
3.795 0.013846909449167978
3.805 0.019748194377990805
3.815 0.027884251393360548
3.825 0.038980521134474554
3.835 0.05395023584641316
3.8449999999999998 0.07392581299687359
3.855 0.10028960627912116
3.8649999999999998 0.13470161369575634
3.875 0.17912109101930426
3.885 0.23581841084266933
3.895 0.30737302135116473
3.905 0.3966530873454215
3.915 0.50677243834103
3.925 0.6410209010097175
3.935 0.8027650358882457
3.945 0.9953177802144287
3.955 1.2217775228167227
3.965 1.4848396465253708
3.975 1.786586443332015
3.985 2.128264341270192
3.995 2.5100603188928954
4.005 2.9308919142093584
4.015 3.388227029004606
4.025 3.8779504684291397
4.035 4.394293574370255
4.045 4.929841237979036
4.055 5.475626970392422
4.065 6.02394423910708
4.075 6.559408560254864
4.085 7.0718074837733855
4.095 7.548961975083232
4.1049999999999995 7.97898113789387
4.115 8.350794940468143
4.125 8.654684206224575
4.135 8.882776257963316
4.145 9.029475291552455
4.155 9.091799649004964
4.165 9.069603455304348
4.175 8.965667148386334
4.185 8.785649659772151
4.195 8.537903676457395
4.205 8.233163785907278
4.215 7.884124684434097
4.225 7.504932456236952
4.235 7.1106158373774
4.245 6.716486218533078
4.255 6.3375349871967375
4.265 5.9878549322990375
4.275 5.68010924093394
4.285 5.42506758904365
4.295 5.231224445592847
4.305 5.106872212155262
4.315 5.051609089564494
4.325 5.067494638698496
4.335 5.152243179434606
4.345 5.300932534715213
4.355 5.506236923678098
4.365 5.758752313127024
4.375 6.047404467604674
4.385 6.359926827814223
4.395 6.683391957476972
4.405 7.004776815904713
4.415 7.311538849338052
4.425 7.592177248475035
4.435 7.836752125616312
4.445 8.037334223773072
4.455 8.188359387034483
4.465 8.28686555094666
4.475 8.332595421045948
4.485 8.327955064354075
4.495 8.277826921973489
4.505 8.189244687933755
4.515 8.070946418855485
4.525 7.9328304366693025
4.535 7.787492201292782
4.545 7.64203740739563
4.555 7.50766933910253
4.565 7.390882888559436
4.575 7.303175677206838
4.585 7.2462757463789504
4.595 7.222567492583863
4.605 7.231993661766278
4.615 7.272141704870281
4.625 7.338479870249381
4.635 7.424726778378654
4.645 7.523329185855797
4.655 7.626015309417165
4.665 7.72438596103805
4.675 7.810503209244608
4.685 7.877436522559517
4.695 7.91972937073556
4.705 7.933754864803432
4.715 7.917936828044344
4.725 7.872822163247529
4.735 7.801000846349844
4.745 7.706880582834093
4.755 7.596333337616647
4.765 7.476239853646175
4.775 7.353965263867121
4.785 7.236803473375582
4.795 7.131429823167588
4.805 7.0434005295180215
4.815 6.978656089393358
4.825 6.9364535713255195
4.835 6.91833796250159
4.845 6.9225496019200286
4.855 6.945422142156305
4.865 6.98163281933269
4.875 7.022819567915707
4.885 7.065627891029466
4.895 7.09975281340618
4.905 7.117702862413749
4.915 7.11270559312037
4.925 7.079185410338316
4.935 7.013160940093959
4.945 6.9125377657532665
4.955 6.777279798484164
4.965 6.609450849893899
4.975 6.413126480047449
4.985 6.194184292316875
4.995 5.9599879977088905
5.005 5.718986351832039
5.015 5.480252197202212
5.025 5.252989194975101
5.035 5.046034421812192
5.045 4.867383980784454
5.055 4.7255233859137045
5.065 4.622892863666618
5.075 4.56397818603962
5.085 4.550059843405335
5.095 4.580326424947315
5.105 4.651924641516832
5.115 4.758539259764456
5.125 4.8974813820900005
5.135 5.05879262967503
5.145 5.233958607364522
5.155 5.414001662485503
5.165 5.589956789094281
5.175 5.753344069043017
5.185 5.896612361427963
5.195 6.013529792399108
5.205 6.099498868239561
5.215 6.151777725396933
5.225 6.169594019842198
5.235 6.154144006347907
5.245 6.108476119995893
5.255 6.03726541641774
5.265 5.9464920719208045
5.275 5.843043298110723
5.285 5.734263030348259
5.295 5.627477222943696
5.305 5.529524252885855
5.315 5.446319656909914
5.325 5.382482206121113
5.335 5.341044302861926
5.345 5.321832269988844
5.355 5.327604860264464
5.365 5.353884592271262
5.375 5.396664245707958
5.385 5.450518111313361
5.395 5.508941543335892
5.405 5.564749496944047
5.415 5.61050805767218
5.425 5.638971332817945
5.435 5.643496380175188
5.445 5.618411049803888
5.455 5.559313518270865
5.465 5.463287579984137
5.475 5.3290239991211195
5.485 5.1568449196205375
5.495 4.95013947922034
5.505 4.709921899857083
5.515 4.441770800584244
5.525 4.151209657152554
5.535 3.844416842947717
5.545 3.527924401389545
5.555 3.208328689405291
5.565 2.8920299102580445
5.575 2.585013833896118
5.585 2.292684580692988
5.595 2.0197526297307293
5.605 1.7701776048681903
5.615 1.5471612449371872
5.625 1.3519003211578977
5.635 1.1892180111613488
5.645 1.058508251068837
5.655 0.9605948305253686
5.665 0.8959040328932064
5.675 0.8673779476408948
5.685 0.8705705182814236
5.695 0.907162550796865
5.705 0.9767744123281927
5.715 1.078844124797823
5.725 1.2125944718418347
5.735 1.3769856613261213
5.745 1.5706621311521562
5.755 1.791903160457968
5.765 2.0385871229637536
5.775 2.308178419109403
5.785 2.59774434346562
5.795 2.9040064608605975
5.805 3.22342764642271
5.815 3.5523320495556514
5.825 3.8870512083266693
5.835 4.224085765818556
5.845 4.560269145592064
5.855 4.892917533736168
5.865 5.218778033891071
5.875 5.539189232729507
5.885 5.851743018172012
5.895 6.156419101640578
5.905 6.455031666551291
5.915 6.746429445519464
5.925 7.032526043251893
5.935 7.314234158704117
5.945 7.59207179967338
5.955 7.8659050369409815
5.965 8.134731182090617
5.975 8.396527299900765
5.985 8.648184604112068
5.995 8.885542593146926
6.005 9.103528304631535
6.015 9.296396568572092
6.025 9.458057527232361
6.035 9.582468922702674
6.045 9.664063633578191
6.055 9.698178417782582
6.065 9.681448297735901
6.075 9.612132717692862
6.085 9.490344399884972
6.095 9.318159303985636
6.105 9.099595566302611
6.115 8.84045988324222
6.125 8.548070533006054
6.135 8.230876129143926
6.1450000000000005 7.897997399516283
6.155 7.558725097793757
6.165 7.222010137807928
6.175 6.895982023594753
6.185 6.5875287351321745
6.195 6.301965777008013
6.205 6.042814662510818
6.215 5.811702386368188
6.225 5.608384201847589
6.235 5.43088302644775
6.245 5.275730752660181
6.255 5.138290214218938
6.265 5.014308948076078
6.275 4.8961847724857535
6.285 4.77896919514466
6.295 4.657339770477751
6.305 4.52571087703604
6.315 4.3828504318199055
6.325 4.224908160058941
6.335 4.050808858277609
6.345 3.8607678118910433
6.355 3.6562335098200776
6.365 3.439764353645314
6.375 3.2148537355113898
6.385 2.9857195557158214
6.3950000000000005 2.7570744985492714
6.405 2.5338923181060675
6.415 2.321183248820954
6.425 2.123788772455808
6.435 1.9462027112124622
6.445 1.7924223462522613
6.455 1.6658303184203282
6.465 1.5691057224851195
6.475 1.504161235312222
6.485 1.470212595803238
6.495 1.4719573236948662
6.505 1.5060934038328628
6.515 1.5712958513617874
6.525 1.6654100476792315
6.535 1.7854911091522792
6.545 1.9278583839543277
6.555 2.088168064283468
6.565 2.2615067459609692
6.575 2.4425079042384357
6.585 2.625491737899443
6.595 2.8046268082224484
6.605 2.974109584640247
6.615 3.1283556742666474
6.625 3.262194445232257
6.635 3.3710572248972133
6.6450000000000005 3.451148484648432
6.655 3.499589556583519
6.665 3.5145255106217577
6.675 3.4951877958147866
6.685 3.4419079598300413
6.695 3.356080966341669
6.705 3.240080036523417
6.715 3.096251012238215
6.725 2.9305555974194113
6.735 2.7461282999602585
6.745 2.5477026429106324
6.755 2.3400961745154754
6.765 2.1280201251570205
6.775 1.9159087032359594
6.785 1.7077761528809752
6.795 1.507107165225297
6.805 1.3167835108763895
6.815 1.1390470921087072
6.825 0.9754972175504724
6.835 0.8271179491163253
6.845 0.6943299693899273
6.855 0.577060611966884
6.865 0.4748254713253677
6.875 0.3868152959789958
6.885 0.3119825659015183
6.8950000000000005 0.2491231388425285
6.905 0.19694949153691524
6.915 0.15415326083037195
6.925 0.11945590503195291
6.935 0.09282425577084942
6.945 0.07135980248725365
6.955 0.05491729524264529
6.965 0.042711793326606566
6.975 0.034111549383286734
6.985 0.028641787243365194
6.995 0.025985988887238222
