0.005 0.0
0.015 0.0
0.025 0.0
0.034999999999999996 0.0
0.045 0.0
0.055 0.0
0.065 0.0
0.07500000000000001 0.0
0.085 0.0
0.095 0.0
0.10500000000000001 0.0
0.115 0.0
0.125 0.0
0.135 0.0
0.14500000000000002 0.0
0.155 0.0
0.165 0.0
0.17500000000000002 0.0
0.185 0.0
0.195 0.0
0.20500000000000002 0.0
0.215 0.0
0.225 0.0
0.23500000000000001 0.0
0.245 0.0
0.255 0.0
0.265 0.0
0.275 0.0
0.28500000000000003 0.0
0.295 0.0
0.305 0.0
0.315 0.0
0.325 0.0
0.335 0.0
0.34500000000000003 0.0
0.35500000000000004 0.0
0.365 0.0
0.375 0.0
0.385 0.0
0.395 0.0
0.405 0.0
0.41500000000000004 0.0
0.425 0.0
0.435 0.0
0.445 0.0
0.455 0.0
0.465 0.0
0.47500000000000003 0.0
0.485 0.0
0.495 0.0
0.505 0.0
0.515 0.0
0.525 0.0
0.535 0.0
0.545 0.0
0.555 0.0
0.5650000000000001 0.0
0.5750000000000001 0.0
0.585 0.0
0.595 0.0
0.605 0.0
0.615 0.0
0.625 0.0
0.635 0.0
0.645 0.0
0.655 0.0
0.665 0.0
0.675 0.0
0.685 0.0
0.6950000000000001 0.0
0.7050000000000001 0.0
0.715 0.0
0.725 0.0
0.735 0.0
0.745 0.0
0.755 0.0
0.765 0.0
0.775 0.0
0.785 0.0
0.795 0.0
0.805 0.0
0.8150000000000001 0.0
0.8250000000000001 0.0
0.8350000000000001 0.0
0.845 0.0
0.855 0.0
0.865 0.0
0.875 0.0
0.885 0.0
0.895 0.0
0.905 0.0
0.915 0.0
0.925 0.0
0.935 0.0
0.9450000000000001 0.0
0.9550000000000001 0.0
0.965 0.0
0.975 0.0
0.985 0.0
0.995 0.0
1.005 0.0
1.015 0.0
1.025 0.0
1.035 0.0
1.045 0.0
1.055 0.0
1.065 0.0
1.075 0.0
1.085 0.0
1.095 0.0
1.105 0.0
1.115 0.0
1.125 0.0
1.135 0.0
1.145 0.0
1.155 0.0
1.1649999999999998 0.0
1.1749999999999998 0.0
1.1849999999999998 0.0
1.1949999999999998 0.0
1.2049999999999998 0.0
1.2149999999999999 0.0
1.2249999999999999 0.0
1.2349999999999999 0.0
1.2449999999999999 0.0
1.255 0.0
1.265 0.018859827856285222
1.275 0.02799523031335964
1.285 0.04114219140055661
1.295 0.05986153526638865
1.305 0.08623138010055117
1.315 0.12298152609139913
1.325 0.17364867514640073
1.335 0.24275049582753044
1.345 0.33597412555232475
1.355 0.46037167377870825
1.365 0.6245517233240202
1.375 0.8388518819594302
1.385 1.115473379847887
1.395 1.4685549215680056
1.405 1.9141599744035116
1.4149999999999998 2.4701499831787648
1.4249999999999998 3.155916265321882
1.4349999999999998 3.991946157392408
1.4449999999999998 4.999204854717337
1.4549999999999998 6.198323614491781
1.4649999999999999 7.608597597541824
1.4749999999999999 9.246812252071948
1.4849999999999999 11.12593501409167
1.4949999999999999 13.253727991811665
1.505 15.63135559081522
1.515 18.252076798480495
1.525 21.100123018614322
1.535 24.149866949141984
1.545 27.36538437518992
1.555 30.70049783947172
1.565 34.09936869350365
1.575 37.497672738021095
1.585 40.82435627135484
1.595 44.003926594960994
1.605 46.9591873741522
1.615 49.627165746839665
1.625 51.91704271759986
1.635 53.774608248887965
1.645 55.14798894710836
1.655 55.99883108489011
1.665 56.304323421652654
1.6749999999999998 56.05851759040357
1.6849999999999998 55.27286129584848
1.6949999999999998 53.97591266872919
1.7049999999999998 52.21225934450703
1.7149999999999999 50.040718152451525
1.7249999999999999 47.53193602133109
1.7349999999999999 44.765545997637425
1.7449999999999999 41.82705157755271
1.755 38.80461685938698
1.765 35.78592992275176
1.775 32.855284411984144
1.785 30.090992805508776
1.795 27.56320830187434
1.805 25.332194903205764
1.815 23.447051113542443
1.825 21.944864950441968
1.835 20.850258875233365
1.845 20.175273688346707
1.855 19.919540013377198
1.865 20.070693134737574
1.875 20.60499918395059
1.885 21.488174984178364
1.895 22.676397152256282
1.905 24.117505532074233
1.915 25.75240959167887
1.9249999999999998 27.516702920235446
1.9349999999999998 29.34248037757393
1.9449999999999998 31.16033585181635
1.9549999999999998 32.901498005302535
1.9649999999999999 34.500039566603796
1.9749999999999999 35.895075725848415
1.9849999999999999 37.032852017357584
1.9949999999999999 37.868614274334085
2.005 38.36815456415977
2.015 38.50893817258796
2.025 38.280737269113914
2.035 37.68572531377294
2.045 36.73802008320582
2.0549999999999997 35.46269928238306
2.065 33.89434767113606
2.0749999999999997 32.06264612334311
2.085 30.04486247196846
2.0949999999999998 27.873925456005924
2.105 25.602542945831935
2.1149999999999998 23.282259608500105
2.125 20.961589266752352
2.135 18.684450994863873
2.145 16.488970129461027
2.155 14.406675569458809
2.165 12.462095537195752
2.175 10.67272776130525
2.185 9.049338674255036
2.195 7.596530883421702
2.205 6.313509359626749
2.215 5.194974315061948
2.225 4.232071884591441
2.235 3.413341352732356
2.245 2.7256084303188577
2.255 2.154786572512424
2.265 1.6865612292481142
2.275 1.3069441213658846
2.285 1.0026953061978734
2.295 0.7616194026764287
2.305 0.5727486471788881
2.315 0.42642945950304956
2.3249999999999997 0.314331122128886
2.335 0.22939535576616898
2.3449999999999998 0.1657444193395117
2.355 0.11856329575394255
2.3649999999999998 0.08396893922716452
2.375 0.05887679024048228
2.385 0.04087207059938809
2.395 0.028090935924947144
2.405 0.019114495221712578
2.415 0.012877053891185628
2.425 0.0
2.435 0.0
2.445 0.0
2.455 0.0
2.465 0.0
2.475 0.0
2.485 0.0
2.495 0.0
2.505 0.0
2.515 0.0
2.525 0.0
2.535 0.0
2.545 0.0
2.555 0.0
2.565 0.0
2.5749999999999997 0.0
2.585 0.0
2.5949999999999998 0.0
2.605 0.0
2.6149999999999998 0.0
2.625 0.0
2.635 0.0
2.645 0.0
2.655 0.0
2.665 0.0
2.675 0.0
2.685 0.0
2.695 0.0
2.705 0.0
2.715 0.0
2.725 0.0
2.735 0.0
2.745 0.0
2.755 0.0
2.765 0.0
2.775 0.0
2.785 0.0
2.795 0.0
2.805 0.0
2.815 0.0
2.8249999999999997 0.0
2.835 0.0
2.8449999999999998 0.0
2.855 0.0
2.8649999999999998 0.0
2.875 0.0
2.885 0.0
2.895 0.0
2.905 0.0
2.915 0.0
2.925 0.0
2.935 0.0
2.945 0.0
2.955 0.0
2.965 0.0
2.975 0.0
2.985 0.0
2.995 0.0
3.005 0.0
3.015 0.0
3.025 0.0
3.035 0.0
3.045 0.0
3.055 0.0
3.065 0.0
3.075 0.004329697830406885
3.085 0.006426935010920557
3.0949999999999998 0.013725402330837176
3.105 0.02009615205997108
3.1149999999999998 0.0291336800046968
3.125 0.041818906286621105
3.135 0.05943539468967164
3.145 0.08363981287618551
3.155 0.11654043482452875
3.165 0.1607815274702191
3.175 0.21963009520340673
3.185 0.2970598629220335
3.195 0.3978256376206377
3.205 0.5275194238136928
3.215 0.6925980525122793
3.225 0.900370835744295
3.235 1.1589351320783243
3.245 1.4770479715771454
3.255 1.863923296070361
3.265 2.32894712874572
3.275 2.88130721308759
3.285 3.5295393434588447
3.295 4.280999573099286
3.305 5.141279369377394
3.315 6.113589040856041
3.325 7.1981426669020525
3.335 8.391584476317611
3.3449999999999998 9.686501255089052
3.355 11.071067067803963
3.3649999999999998 12.52886465781804
3.375 14.038921913742175
3.385 15.575991675258738
3.395 17.111089241088447
3.405 18.612285020697136
3.415 20.045731037607318
3.425 21.37688097425557
3.435 22.57184586937829
3.445 23.602349691007852
3.455 24.434696846238694
3.465 25.047900735555665
3.475 25.42457465385536
3.485 25.554161833706804
3.495 25.43349402852307
3.505 25.067001107797875
3.515 24.46655894058731
3.525 23.654381198845588
3.535 22.650271247907234
3.545 21.486698826926506
3.555 20.19772792831197
3.565 18.819924829183236
3.575 17.390977361206005
3.585 15.948365981627814
3.5949999999999998 14.52815326708094
3.605 13.163943623040772
3.6149999999999998 11.8860473794524
3.625 10.720864878312888
3.635 9.690488459680807
3.645 8.812504995038314
3.655 8.099969997558674
3.665 7.561517078876093
3.675 7.201563832083183
3.685 7.020576824056716
3.695 7.0153635859964565
3.705 7.179367305305573
3.715 7.502949179959716
3.725 7.973652900215783
3.735 8.576454367507036
3.745 9.29400664053156
3.755 10.106894579607768
3.765 10.993915418416396
3.775 11.932400516985103
3.785 12.898590116306043
3.795 13.868067530396342
3.805 14.816252544570425
3.815 15.71894659086052
3.825 16.55291529949238
3.835 17.296487970412983
3.8449999999999998 17.930148940454366
3.855 18.43709314763193
3.8649999999999998 18.80371763932614
3.875 19.020022374229068
3.885 19.077009484681348
3.895 18.97937105367003
3.905 18.722057461613666
3.915 18.317769204568886
3.925 17.772008755338927
3.935 17.09774667007764
3.945 16.31064393167158
3.955 15.42846446547627
3.965 14.470427102740196
3.975 13.456528800971968
3.985 12.406871277308584
3.995 11.34102167986945
4.005 10.277434662679804
4.015 9.232958508120749
4.025 8.22244211981414
4.035 7.258453219545577
4.045 6.351111389095734
4.055 5.50803316218609
4.065 4.734380611763435
4.075 4.03300013704829
4.085 3.4046346761525252
4.095 2.8481904811813905
4.1049999999999995 2.361038902520833
4.115 1.9393342363018993
4.125 1.5783304011274863
4.135 1.2726817687778957
4.145 1.0167165848843207
4.155 0.804674780196126
4.165 0.6309053136455102
4.175 0.49002127095968184
4.185 0.3770135908913089
4.195 0.28732639332052534
4.205 0.2168983910447233
4.215 0.16217578802311436
4.225 0.12010245443258033
4.235 0.08809310804965252
4.245 0.06399482482236608
4.255 0.043682788085066815
4.265 0.031247962035316105
4.275 0.022130442717799972
4.285 0.015517278720169876
4.295 0.010772042918282064
4.305 0.00740350960841148
4.315 0.005037722823190365
4.325 0.0033938133092518033
4.335 0.0
4.345 0.0
4.355 0.0
4.365 0.0
4.375 0.0
4.385 0.002283512867944267
4.395 0.0033896104009409453
4.405 0.004981419989328675
4.415 0.007247923317080714
4.425 0.010440735068246103
4.435 0.014890374370810828
4.445 0.021025058511662545
4.455 0.029391778395118442
4.465 0.04067912203871888
4.475 0.05574094573511054
4.485 0.07561956067546408
4.495 0.10156662517549203
4.505 0.13505944148281582
4.515 0.17780989764261557
4.525 0.23176292838736628
4.535 0.2990811642250082
4.545 0.38425060303426256
4.555 0.4865112248649798
4.565 0.6099587011074318
4.575 0.7572679761815039
4.585 0.9310108679207287
4.595 1.1335292038239126
4.605 1.3667940117918176
4.615 1.6343361413945101
4.625 1.9337905709705088
4.635 2.26665468239487
4.645 2.632167240802518
4.655 3.02862637636332
4.665 3.453366599450241
4.675 3.902789570146335
4.685 4.372453528227138
4.695 4.857222041938836
4.705 5.351467781807574
4.715 5.849321773549494
4.725 6.344953529631546
4.735 6.832863147322038
4.745 7.30816342628534
4.755 7.766828759460534
4.765 8.205888307480157
4.775 8.623543909316657
4.785 9.01919821639332
4.795 9.393385337382746
4.805 9.747604305552516
4.815 10.084064221030022
4.825 10.405358169215699
4.835 10.71409015223432
4.845 11.012484547448913
4.855 11.302010441149859
4.865 11.583053221174769
4.875 11.854662966499697
4.885 12.11440364725788
4.895 12.360184227665986
4.905 12.583793096584195
4.915 12.779985323851527
4.925 12.941414371567337
4.935 13.060294313494506
4.945 13.128879235026147
4.955 13.139970825560864
4.965 13.087419393391102
4.975 12.96658425422223
4.985 12.774722709615045
4.995 12.511282257475575
5.005 12.178077717066156
5.015 11.779342959312748
5.025 11.321655229694528
5.035 10.813737987869288
5.045 10.266155205886008
5.055 9.690915736972773
5.065 9.101010418151125
5.075 8.509906895864969
5.085 7.931027813109775
5.095 7.377237148214615
5.105 6.8603574227752135
5.115 6.390737524552192
5.125 5.976887354514124
5.135 5.625191709735597
5.145 5.339712000008682
5.155 5.12208073326184
5.165 4.971490280332806
5.175 4.884774260316625
5.185 4.856576941887591
5.195 4.878080231631623
5.205 4.943933845834954
5.215 5.041774673744115
5.225 5.160683874157193
5.235 5.2893571428769315
5.245 5.41656487813989
5.255 5.531599509568988
5.265 5.624690645916617
5.275 5.6873695904985455
5.285 5.712766782762042
5.295 5.695828849025687
5.305 5.633446068260705
5.315 5.524485946766695
5.325 5.369733915678333
5.335 5.173337162208117
5.345 4.936995032736621
5.355 4.665818211332152
5.365 4.369602168653286
5.375 4.053385816225022
5.385 3.7246423869638483
5.395 3.390833616392256
5.405 3.0591368389461695
5.415 2.7377657917372726
5.425 2.4289785350041275
5.435 2.14234346691324
5.445 1.8803331182256766
5.455 1.6466802371911564
5.465 1.444359499697537
5.475 1.2756813427428715
5.485 1.1424065055850705
5.495 1.0458681897900486
5.505 0.9870891936312769
5.515 0.9668826834009944
5.525 0.9859272771046932
5.535 1.044809654287858
5.545 1.1440307805922125
5.555 1.2839748608770627
5.565 1.464843133752479
5.575 1.6880219373268088
5.585 1.9508147801032627
5.595 2.253280011705584
5.605 2.5938637836680707
5.615 2.9702592478253034
5.625 3.379311146028318
5.635 3.816953444385309
5.645 4.278189268341051
5.655 4.757120069467677
5.665 5.247028016881093
5.675 5.740512213316295
5.685 6.229675688778933
5.695 6.706356456590622
5.705 7.161148691428948
5.715 7.58908611071231
5.725 7.981064980747277
5.735 8.330685998894609
5.745 8.632645934690254
5.755 8.882948809269848
5.765 9.079057989339933
5.775 9.219978453440099
5.785 9.306262463250155
5.795 9.33993652342792
5.805 9.324352542305402
5.815 9.26397116581772
5.825 9.164089974381913
5.835 9.030533233183046
5.845 8.869322826941884
5.855 8.686351609194059
5.865 8.487080463853557
5.875 8.276278840821616
5.885 8.057825448634347
5.895 7.834581365044856
5.905 7.608342389926017
5.915 7.37987144891313
5.925 7.149005764964709
5.935 6.914827874872619
5.945 6.6758848748177995
5.955 6.430436947416304
5.965 6.176714539607206
5.975 5.913163654839854
5.985 5.63866054981543
5.995 5.3526804729155995
6.005 5.055409591955033
6.015 4.747794473263408
6.025 4.432795427492454
6.035 4.110862799412363
6.045 3.785845514790049
6.055 3.461175538325091
6.065 3.1405424838218217
6.075 2.827717806195981
6.085 2.5263873567881303
6.095 2.2400043006723838
6.105 1.971671506625616
6.115 1.724059108107809
6.125 1.4993593486817018
6.135 1.2992773968322013
6.1450000000000005 1.123993563478981
6.155 0.9768119306794067
6.165 0.8566649325485867
6.175 0.7637789460157989
6.185 0.6981593063409637
6.195 0.65965462889988
6.205 0.6480041629356577
6.215 0.6628633909138579
6.225 0.702773966753224
6.235 0.769615700823713
6.245 0.8612074445181872
6.255 0.9766834875133537
6.265 1.1160516372004021
6.275 1.2759774524092709
6.285 1.4553117419414516
6.295 1.6527946018835438
6.305 1.8637068351900785
6.315 2.0865791647941383
6.325 2.3157799557572325
6.335 2.549046250739978
6.345 2.780204504459471
6.355 3.0055990582830914
6.365 3.2209642237036813
6.375 3.4224263567900195
6.385 3.6057726441283453
6.3950000000000005 3.770932941174698
6.405 3.9152390718857855
6.415 4.038766205748088
6.425 4.143008425501752
6.435 4.230952399010853
6.445 4.30707387277153
6.455 4.377250047181784
6.465 4.448585366571599
6.475 4.529153103543399
6.485 4.627660057200273
6.495 4.753046442064043
6.505 4.914037362123398
6.515 5.118665915064385
6.525 5.373790761544873
6.535 5.684632763539548
6.545 6.054355917009026
6.555 6.48371718234832
6.565 6.971885659152251
6.575 7.512505986664346
6.585 8.099877976282148
6.595 8.722188519941156
6.605 9.367588393706535
6.615 10.02255907469082
6.625 10.669379645125751
6.635 11.292926915545397
6.6450000000000005 11.874487298701334
6.655 12.398347153440817
6.665 12.849430518197366
6.675 13.214742876043887
6.685 13.484024399294823
6.695 13.650294785079106
6.705 13.710257929908709
6.715 13.664541806731716
6.725 13.517757699755347
6.735 13.278372818730995
6.745 12.958400564493697
6.755 12.572922637768002
6.765 12.13946610582834
6.775 11.677265906131147
6.785 11.20644866629399
6.795 10.747176930264274
6.805 10.318793860169118
6.815 9.939007357679069
6.825 9.623149574324845
6.835 9.382698541210491
6.845 9.228443266320596
6.855 9.164111998638633
6.865 9.191797896740757
6.875 9.306630352954073
6.885 9.503579312142927
6.8950000000000005 9.77036795628244
6.905 10.095399833920089
6.915 10.460908456422572
6.925 10.849992318490024
6.935 11.245204541961256
6.945 11.626022736746672
6.955 11.975285215822504
6.965 12.276592104565372
6.975 12.515830637445912
6.985 12.68181402378272
6.995 12.766789150200973
