0.005 0.0
0.015 0.0
0.025 0.0
0.034999999999999996 0.0
0.045 0.0
0.055 0.0
0.065 0.0
0.07500000000000001 0.0
0.085 0.0
0.095 0.0
0.10500000000000001 0.0
0.115 0.0
0.125 0.0
0.135 0.0
0.14500000000000002 0.0
0.155 0.0
0.165 0.0
0.17500000000000002 0.0
0.185 0.0
0.195 0.0
0.20500000000000002 0.0
0.215 0.0
0.225 0.0
0.23500000000000001 0.0
0.245 0.0
0.255 0.0
0.265 0.0
0.275 0.0
0.28500000000000003 0.0
0.295 0.0
0.305 0.0
0.315 0.0
0.325 0.0
0.335 0.0
0.34500000000000003 0.0
0.35500000000000004 0.0
0.365 0.0
0.375 0.0
0.385 0.0
0.395 0.0
0.405 0.0
0.41500000000000004 0.0
0.425 0.0
0.435 0.0
0.445 0.0
0.455 0.0
0.465 0.0
0.47500000000000003 0.0
0.485 0.0
0.495 0.0
0.505 0.0
0.515 0.0
0.525 0.0
0.535 0.0
0.545 0.0
0.555 0.0
0.5650000000000001 0.0
0.5750000000000001 0.0
0.585 0.0
0.595 0.0
0.605 0.0
0.615 0.0
0.625 0.0
0.635 0.0
0.645 0.0
0.655 0.0
0.665 0.0
0.675 0.0
0.685 0.0
0.6950000000000001 0.0
0.7050000000000001 0.0
0.715 0.0
0.725 0.0
0.735 0.0
0.745 0.0
0.755 0.0
0.765 0.0
0.775 0.0
0.785 0.0
0.795 0.0
0.805 0.0
0.8150000000000001 0.0
0.8250000000000001 0.0
0.8350000000000001 0.0
0.845 0.0
0.855 0.0
0.865 0.0
0.875 0.0
0.885 0.0
0.895 0.0
0.905 0.0
0.915 0.0
0.925 0.0
0.935 0.0
0.9450000000000001 0.0
0.9550000000000001 0.0
0.965 0.0
0.975 0.0
0.985 0.0
0.995 0.0
1.005 0.0
1.015 0.0
1.025 0.0
1.035 0.0
1.045 0.0
1.055 0.0
1.065 0.0
1.075 0.0
1.085 0.0
1.095 0.0
1.105 0.0
1.115 0.0
1.125 0.0
1.135 0.0
1.145 0.0
1.155 0.0
1.1649999999999998 0.0
1.1749999999999998 0.0
1.1849999999999998 0.0
1.1949999999999998 0.0
1.2049999999999998 0.0
1.2149999999999999 0.0
1.2249999999999999 0.0
1.2349999999999999 0.0
1.2449999999999999 0.0
1.255 0.0
1.265 0.0
1.275 0.0
1.285 0.0
1.295 0.0
1.305 0.0
1.315 0.0
1.325 0.0
1.335 0.0
1.345 0.0
1.355 0.0
1.365 0.0
1.375 0.0
1.385 0.0
1.395 0.0
1.405 0.0
1.4149999999999998 0.0
1.4249999999999998 0.0
1.4349999999999998 0.0
1.4449999999999998 0.0
1.4549999999999998 0.0
1.4649999999999999 0.0
1.4749999999999999 0.0
1.4849999999999999 0.0
1.4949999999999999 0.0
1.505 0.0
1.515 0.0
1.525 0.0
1.535 0.0
1.545 0.0
1.555 0.0
1.565 0.013540710682455789
1.575 0.020099616870871303
1.585 0.02953868480891253
1.595 0.042978532796080805
1.605 0.061911178542454905
1.615 0.08829652512101592
1.625 0.12467380341255667
1.635 0.17428654476969957
1.645 0.24121791914336052
1.655 0.33053109967586186
1.665 0.44840675409141645
1.6749999999999998 0.6022669308331369
1.6849999999999998 0.8008716954151676
1.6949999999999998 1.0543721536473067
1.7049999999999998 1.3743013250620495
1.7149999999999999 1.7734831155073327
1.7249999999999999 2.265839826981172
1.7349999999999999 2.8660806656927025
1.7449999999999999 3.5892579240852722
1.755 4.450184138456834
1.765 5.4627125736573285
1.775 6.638894606801344
1.785 7.988040412967682
1.795 9.515722920094369
1.805 11.222778131523562
1.815 13.104366230989987
1.825 15.149165906308438
1.835 17.338777632010828
1.845 19.64740905178276
1.855 22.041906332305537
1.865 24.482179235758373
1.875 26.922045189386097
1.885 29.31049006811017
1.895 31.593312699077355
1.905 33.71508875701212
1.915 35.62136059917243
1.9249999999999998 37.26093559458902
1.9349999999999998 38.58815927006981
1.9449999999999998 39.56502317280747
1.9549999999999998 40.162971924540535
1.9649999999999999 40.36428965908783
1.9749999999999999 40.162971924540535
1.9849999999999999 39.56502317280747
1.9949999999999999 38.58815927006981
2.005 37.26093559458902
2.015 35.62136059917243
2.025 33.71508875701212
2.035 31.593312699077355
2.045 29.31049006811017
2.0549999999999997 26.922045189386097
2.065 24.482179235758373
2.0749999999999997 22.041906332305537
2.085 19.64740905178276
2.0949999999999998 17.338777632010828
2.105 15.149165906308438
2.1149999999999998 13.104366230989987
2.125 11.230978704033083
2.135 9.527895720284002
2.145 8.005929734458409
2.155 6.664923415983697
2.165 5.5002074378999515
2.175 4.503658588474573
2.185 3.6647633084700924
2.195 2.9716326918259885
2.205 2.4119270658950014
2.215 1.9736605148410065
2.225 1.6458669900348726
2.235 1.4191191563864718
2.245 1.2858984095288286
2.255 1.24081947809402
2.265 1.2807159238534322
2.275 1.404594139954322
2.285 1.61346375112876
2.295 1.9100523305051935
2.305 2.298412726877736
2.315 2.783432590277518
2.3249999999999997 3.370258252008294
2.335 4.063649078300263
2.3449999999999998 4.867283626837824
2.355 5.783044975998384
2.3649999999999998 6.81031881074719
2.375 7.936312058405552
2.385 9.174690781512073
2.395 10.500771084489475
2.405 11.898932510398112
2.415 13.349096318876821
2.425 14.826982920036773
2.435 16.304623062821918
2.445 17.751121394578544
2.455 19.133652411645308
2.465 20.418649840517663
2.475 21.573132853344212
2.485 22.56609799011008
2.495 23.369895829261566
2.505 23.961507558822667
2.515 24.323639370849193
2.525 24.445562120572124
2.535 24.323639370849193
2.545 23.961507558822667
2.555 23.369895829261566
2.565 22.56609799011008
2.5749999999999997 21.573132853344212
2.585 20.418649840517663
2.5949999999999998 19.133652411645308
2.605 17.751121394578544
2.6149999999999998 16.304623062821918
2.625 14.826982920036773
2.635 13.349096318876821
2.645 11.898932510398112
2.655 10.500771084489475
2.665 9.174690781512073
2.675 7.936312058405552
2.685 6.796778100064734
2.695 5.762945359127513
2.705 4.837744942028912
2.715 4.020670545504182
2.725 3.308347073465839
2.735 2.695136065156502
2.745 2.1737389234651796
2.755 1.735765785735494
2.765 1.3722458319853994
2.775 1.0740630402784601
2.785 0.8323091697620157
2.795 0.6385525472608831
2.805 0.48502671411366094
2.815 0.3647470027391651
2.8249999999999997 0.271565664972823
2.835 0.20017739933367362
2.8449999999999998 0.14608723891382905
2.855 0.10555202613328601
2.8649999999999998 0.07550538438482023
2.875 0.0534744500177395
2.885 0.03749486424262309
2.895 0.02602880918235345
2.905 0.017889321490727538
2.915 0.012172800189633948
2.925 0.008200572509521225
2.935 0.0
2.945 0.0
2.955 0.0
2.965 0.0
2.975 0.0
2.985 0.0
2.995 0.0
3.005 0.0
3.015 0.0
3.025 0.0
3.035 0.0
3.045 0.0
3.055 0.0
3.065 0.0
3.075 0.0
3.085 0.0
3.0949999999999998 0.0
3.105 0.0
3.1149999999999998 0.0
3.125 0.0
3.135 0.0
3.145 0.0
3.155 0.0
3.165 0.0
3.175 0.0
3.185 0.0
3.195 0.0
3.205 0.0
3.215 0.0
3.225 0.0
3.235 0.0
3.245 0.0
3.255 0.0
3.265 0.0
3.275 0.0
3.285 0.0
3.295 0.0
3.305 0.0
3.315 0.0
3.325 0.0
3.335 0.0
3.3449999999999998 0.0
3.355 0.0
3.3649999999999998 0.003688393849657148
3.375 0.005474993520320998
3.385 0.00804612888726121
3.395 0.011707048451876562
3.405 0.016864167289009784
3.415 0.02405134913815232
3.425 0.033960262537478504
3.435 0.051029397264416895
3.445 0.07098300398027364
3.455 0.09778941338215508
3.465 0.13342640250340165
3.475 0.18030739881560628
3.485 0.24133313468527345
3.495 0.31993534859670775
3.505 0.4201071094297902
3.515 0.5464135528754746
3.525 0.7039762997606591
3.535 0.8984247048014452
3.545 1.1358074887594567
3.555 1.422459347182188
3.565 1.7648188802259694
3.575 2.1691966738488904
3.585 2.641495538924265
3.5949999999999998 3.186888659277108
3.605 3.8127250920617684
3.6149999999999998 4.516698052869261
3.625 5.301986595410102
3.635 6.1674856122866935
3.645 7.1096925791359284
3.655 8.122492714412992
3.665 9.197040091661504
3.675 10.321755187044364
3.685 11.482454389592153
3.695 12.662620219792984
3.705 13.843812716357885
3.715 15.00621315462545
3.725 16.129281589589564
3.735 17.192500407229783
3.745 18.17616789620135
3.755 19.062199569609113
3.765 19.834891231448125
3.775 20.481597093361525
3.785 20.993278889426392
3.795 21.364887940286636
3.805 21.595551239184232
3.815 21.68854435528371
3.825 21.651047512220764
3.835 21.493695643463944
3.8449999999999998 21.229947465271863
3.855 20.875311515603535
3.8649999999999998 20.446477609484532
3.875 19.960409334167124
3.885 19.433456366517284
3.895 18.88054416884815
3.905 18.31731411445527
3.915 17.74969613688891
3.925 17.18702753625931
3.935 16.633808028672668
3.945 16.091718025348236
3.955 15.559953595057078
3.965 15.035727689999769
3.975 14.514894088831449
3.985 13.99264272541136
3.995 13.46691832527908
4.005 12.929578999183853
4.015 12.38254984381847
4.025 11.821033898996815
4.035 11.248407092221072
4.045 10.668622570043677
4.055 10.087999346747988
4.065 9.515062694927845
4.075 8.960244669298651
4.085 8.435471710383005
4.095 7.953670938139068
4.1049999999999995 7.528228441918425
4.115 7.172431849269744
4.125 6.898926195054812
4.135 6.719207252080034
4.145 6.643170728195923
4.155 6.678729765234268
4.165 6.831507582861539
4.175 7.1021472709742035
4.185 7.496833175570145
4.195 8.009667680448528
4.205 8.635633334668078
4.215 9.36695785546366
4.225 10.193221296661346
4.235 11.10151355206055
4.245 12.074268909571845
4.255 13.09980849927246
4.265 14.155734085638858
4.275 15.221783937284618
4.285 16.276680058375533
4.295 17.298573661618544
4.305 18.265530874378037
4.315 19.156052821347625
4.325 19.94962077587642
4.335 20.627253245205992
4.345 21.172057997631065
4.355 21.5697585707202
4.365 21.809172177726094
4.375 21.8826146044987
4.385 21.786208046406152
4.395 21.52007013407054
4.405 21.088366721650715
4.415 20.497043166518445
4.425 19.763013512364587
4.435 18.898268292679766
4.445 17.920822045356136
4.455 16.850831225135018
4.465 15.709891673454045
4.475 14.520291809014072
4.485 13.304259970470223
4.495 12.083244240962255
4.505 10.877260204138203
4.515 9.70433670105091
4.525 8.580082292036245
4.535 7.5173864675454505
4.545 6.52626048101251
4.555 5.6138137850122245
4.565 4.784354150957471
4.575 4.0395932072034215
4.585 3.3789347121253135
4.595 2.7998205454969765
4.605 2.298109103921367
4.615 1.86846229607916
4.625 1.5047202895648502
4.635 1.2002471219606379
4.645 0.9482347891252304
4.655 0.7419580233042687
4.665 0.5749762967701167
4.675 0.4412833473458474
4.685 0.33540753584245164
4.695 0.2524685276612776
4.705 0.1881971455175669
4.715 0.13704422204941052
4.725 0.10230527469941605
4.735 0.07565987529245868
4.745 0.056517251757249976
4.755 0.04339079963661985
4.765 0.03518343062719533
4.775 0.031148969985832175
4.785 0.030859453004622554
4.795 0.03417945359749387
4.805 0.041372146162662264
4.815 0.054137348063403964
4.825 0.07012889218611046
4.835 0.09466290844220751
4.845 0.1265575437593409
4.855 0.16758441321798562
4.865 0.2198008504017454
4.875 0.2855543371846144
4.885 0.3674734950923203
4.895 0.46844229894997647
4.905 0.5915544281719747
4.915 0.7400452414249733
4.925 0.9171997756908136
4.935 1.126236432750061
4.945 1.3701675926104777
4.955 1.6516402143682407
4.965 1.974577911063447
4.975 2.3376125245768486
4.985 2.7443510084751996
4.995 3.191617300069681
5.005 3.679107460998635
5.015 4.204077373714867
5.025 4.762499705835014
5.035 5.349075647568281
5.045 5.9573107732399455
5.055 6.579658451429829
5.065 7.207730189285016
5.075 7.83256781713658
5.085 8.444967790101757
5.095 9.035843434158217
5.105 9.596607042557299
5.115 10.119550673766136
5.125 10.598202620325972
5.135 11.027636057159775
5.145 11.404707506104888
5.155 11.728205540360051
5.165 11.998894554887103
5.175 12.21944428179797
5.185 12.39424274500209
5.195 12.530768315167297
5.205 12.63332219692198
5.215 12.710505624527592
5.225 12.769873126083763
5.235 12.818520374133513
5.245 12.86258058246942
5.255 12.906780059915405
5.265 12.9540871248808
5.275 13.005483297325178
5.285 13.05987776024294
5.295 13.114176004771338
5.305 13.163502063621511
5.315 13.2015617069928
5.325 13.221122446102672
5.335 13.214576201844856
5.345 13.17454300233825
5.355 13.09446983593849
5.365 12.969178291108896
5.375 12.795318008368394
5.385 12.571690034354207
5.395 12.299414333497415
5.405 11.98192810740398
5.415 11.624815107544132
5.425 11.235479606413058
5.435 10.822690929673142
5.445 10.3960343880695
5.455 9.965311253053734
5.465 9.541453525212583
5.475 9.130615097770784
5.485 8.740921504896388
5.495 8.377707347979463
5.505 8.044305720954062
5.515 7.741974570306748
5.525 7.469973709441957
5.535 7.224453280375195
5.545 7.0045490435740625
5.555 6.803337734081939
5.565 6.615316395090224
5.575 6.434907796888384
5.585 6.256935002042002
5.595 6.077041564929934
5.605 5.8920299650006145
5.615 5.698810904080469
5.625 5.500111714355739
5.635 5.295303921508704
5.645 5.087086455916463
5.655 4.879352392847556
5.665 4.67832324260133
5.675 4.487203861987587
5.685 4.312563595393534
5.695 4.1598355814167975
5.705 4.033895182910433
5.715 3.9387305680726543
5.725 3.877173132221462
5.735 3.850703058334112
5.745 3.8593403212365014
5.755 3.9016261030819175
5.765 3.9746941633655215
5.775 4.073214891398547
5.785 4.194882182966198
5.795 4.33086043671929
5.805 4.477723121983024
5.815 4.627413948522271
5.825 4.7739391700916025
5.835 4.911890982440986
5.845 5.03672629482487
5.855 5.144980284039036
5.865 5.235733303720667
5.875 5.3059757011546775
5.885 5.356906383509789
5.895 5.389957102480327
5.905 5.407487236833896
5.915 5.412532559480521
5.925 5.408516865706254
5.935 5.398949739634687
5.945 5.387134720976447
5.955 5.3759111015629575
5.965 5.367449566374143
5.975 5.36311711865581
5.985 5.3634205874394
5.995 5.369309499379734
6.005 5.37666799469107
6.015 5.387398930590235
6.025 5.39799920339159
6.035 5.406535185361893
6.045 5.411226222885206
6.055 5.41067794540731
6.065 5.404074208559036
6.075 5.391310718127486
6.085 5.37305891224805
6.095 5.350755168523198
6.105 5.326517218841052
6.115 5.302996141975719
6.125 5.283177850077433
6.135 5.271376349376325
6.1450000000000005 5.268686495562017
6.155 5.278576219007594
6.165 5.303141767439475
6.175 5.343767630655236
6.185 5.4010256886473575
6.195 5.474635940073879
6.205 5.563488934835256
6.215 5.6657246956011
6.225 5.778858416660718
6.235 5.8999399634217875
6.245 6.025732396402811
6.255 6.154074985055672
6.265 6.279905542467839
6.275 6.400016409223534
6.285 6.514163822265997
6.295 6.618720137496705
6.305 6.7120800337661395
6.315 6.79316831893606
6.325 6.861436807874853
6.335 6.916835717242488
6.345 6.9597655507884975
6.355 6.991015265912788
6.365 7.011691769717821
6.375 7.023144735214929
6.385 7.026889605865671
6.3950000000000005 7.0245306841830395
6.405 7.018814570928578
6.415 7.0095874887227705
6.425 6.999098800568298
6.435 6.988672801325372
6.445 6.979408736019469
6.455 6.972137053536187
6.465 6.967387143168152
6.475 6.964420585289464
6.485 6.965341606790977
6.495 6.968350018401547
6.505 6.972770792107869
6.515 6.977678879197101
6.525 6.98195692636648
6.535 6.984361587764081
6.545 6.983594838887376
6.555 6.978376318553096
6.565 6.967512629482227
6.575 6.9499596893430375
6.585 6.924874596088986
6.595 6.891654004526584
6.605 6.849956665788628
6.615 6.799708536009679
6.625 6.741089710786531
6.635 6.674503393536968
6.6450000000000005 6.600528160801538
6.655 6.5198559295067255
6.665 6.433219212670304
6.675 6.340423929774236
6.685 6.24412597438112
6.695 6.1434235439093445
6.705 6.038484044150385
6.715 5.929173806099231
6.725 5.815043163210277
6.735 5.695338586126208
6.745 5.569043464172465
6.755 5.434946585158894
6.765 5.29173470493078
6.775 5.138103098254398
6.785 4.972875929441002
6.795 4.7962559710328385
6.805 4.605113600009644
6.815 4.40215277258177
6.825 4.186633407469969
6.835 3.9596612344920685
6.845 3.7229157477503745
6.855 3.478620955908995
6.865 3.229483544938148
6.875 2.9786040428518006
6.885 2.729368445939715
6.8950000000000005 2.485328815449664
6.905 2.2500815084567956
6.915 2.0271509974677193
6.925 1.8198857875902053
6.935 1.6313709626153403
6.945 1.464723593241441
6.955 1.3224364599089902
6.965 1.206142017678256
6.975 1.1174899621931202
6.985 1.0577101673850733
6.995 1.0276174808880552
