0.005 0.0
0.015 0.0
0.025 0.0
0.034999999999999996 0.0
0.045 0.0
0.055 0.0
0.065 0.0
0.07500000000000001 0.0
0.085 0.0
0.095 0.0
0.10500000000000001 0.0
0.115 0.0
0.125 0.0
0.135 0.0
0.14500000000000002 0.0
0.155 0.0
0.165 0.0
0.17500000000000002 0.0
0.185 0.0
0.195 0.0
0.20500000000000002 0.0
0.215 0.0
0.225 0.0
0.23500000000000001 0.0
0.245 0.0
0.255 0.0
0.265 0.0
0.275 0.0
0.28500000000000003 0.0
0.295 0.0
0.305 0.0
0.315 0.0
0.325 0.0
0.335 0.0
0.34500000000000003 0.0
0.35500000000000004 0.0
0.365 0.0
0.375 0.0
0.385 0.0
0.395 0.0
0.405 0.0
0.41500000000000004 0.0
0.425 0.0
0.435 0.0
0.445 0.0
0.455 0.0
0.465 0.0
0.47500000000000003 0.0
0.485 0.0
0.495 0.0
0.505 0.0
0.515 0.0
0.525 0.0
0.535 0.0
0.545 0.0
0.555 0.0
0.5650000000000001 0.0
0.5750000000000001 0.0
0.585 0.0
0.595 0.0
0.605 0.0
0.615 0.0
0.625 0.0
0.635 0.0
0.645 0.0
0.655 0.0
0.665 0.0
0.675 0.0
0.685 0.0
0.6950000000000001 0.0
0.7050000000000001 0.0
0.715 0.0
0.725 0.0
0.735 0.0
0.745 0.0
0.755 0.0
0.765 0.0
0.775 0.0
0.785 0.0
0.795 0.0
0.805 0.0
0.8150000000000001 0.0
0.8250000000000001 0.0
0.8350000000000001 0.0
0.845 0.0
0.855 0.0
0.865 0.0
0.875 0.0
0.885 0.0
0.895 0.0
0.905 0.0
0.915 0.0
0.925 0.0
0.935 0.0
0.9450000000000001 0.0
0.9550000000000001 0.0
0.965 0.0
0.975 0.0
0.985 0.0
0.995 0.0
1.005 0.0
1.015 0.0
1.025 0.0
1.035 0.0
1.045 0.0
1.055 0.0
1.065 0.0
1.075 0.0
1.085 0.0
1.095 0.0
1.105 0.0
1.115 0.0
1.125 0.0
1.135 0.0
1.145 0.0
1.155 0.0
1.1649999999999998 0.0
1.1749999999999998 0.0
1.1849999999999998 0.0
1.1949999999999998 0.0
1.2049999999999998 0.0
1.2149999999999999 0.0
1.2249999999999999 0.0
1.2349999999999999 0.0
1.2449999999999999 0.0
1.255 0.0
1.265 0.0
1.275 0.0
1.285 0.0
1.295 0.0
1.305 0.0
1.315 0.0
1.325 0.0
1.335 0.0
1.345 0.0
1.355 0.0
1.365 0.0
1.375 0.0
1.385 0.0
1.395 0.0
1.405 0.0
1.4149999999999998 0.0
1.4249999999999998 0.0
1.4349999999999998 0.0
1.4449999999999998 0.0
1.4549999999999998 0.0
1.4649999999999999 0.0
1.4749999999999999 0.0
1.4849999999999999 0.0
1.4949999999999999 0.0
1.505 0.0
1.515 0.0
1.525 0.0
1.535 0.0
1.545 0.0
1.555 0.0
1.565 0.0
1.575 0.0
1.585 0.0
1.595 0.0
1.605 0.0
1.615 0.0
1.625 0.0
1.635 0.0
1.645 0.0
1.655 0.0
1.665 0.0
1.6749999999999998 0.0
1.6849999999999998 0.0
1.6949999999999998 0.0
1.7049999999999998 0.0
1.7149999999999999 0.0
1.7249999999999999 0.0
1.7349999999999999 0.0
1.7449999999999999 0.0
1.755 0.0
1.765 0.0
1.775 0.0
1.785 0.0
1.795 0.0
1.805 0.0
1.815 0.0
1.825 0.0
1.835 0.0
1.845 0.0
1.855 0.0
1.865 0.0
1.875 0.0
1.885 0.0
1.895 0.0
1.905 0.0
1.915 0.0
1.9249999999999998 0.0
1.9349999999999998 0.0
1.9449999999999998 0.0
1.9549999999999998 0.0
1.9649999999999999 0.0
1.9749999999999999 0.0
1.9849999999999999 0.0
1.9949999999999999 0.0
2.005 0.0
2.015 0.0
2.025 0.0
2.035 0.0
2.045 0.0
2.0549999999999997 0.0
2.065 0.0
2.0749999999999997 0.008535255148167876
2.085 0.012669597807416732
2.0949999999999998 0.018619422384678962
2.105 0.027091099714857847
2.1149999999999998 0.03902510863541996
2.125 0.05565685496706911
2.135 0.07858691817390645
2.145 0.10985982666547725
2.155 0.1520493668671539
2.165 0.20834706067483402
2.175 0.28264883181433453
2.185 0.379633096261717
2.195 0.5048216760270154
2.205 0.6646132218276505
2.215 0.86627746024202
2.225 1.1178978154695676
2.235 1.428250075029103
2.245 1.806606043847723
2.255 2.262453787920019
2.265 2.805130245288566
2.275 3.4433676865780223
2.285 4.184762580021998
2.295 5.035183503838818
2.305 5.998143298896949
2.315 7.074168931763903
2.3249999999999997 8.260209671376659
2.335 9.54912923882203
2.3449999999999998 10.92932967235648
2.355 12.38455301128811
2.3649999999999998 13.89390105956569
2.375 15.432103326091989
2.385 16.97004907575804
2.395 18.475582051487166
2.405 19.914537071666583
2.415 21.25197795246255
2.425 22.453577848964834
2.435 23.487067984646455
2.445 24.32367050681652
2.455 24.93942715729307
2.465 25.31633833140026
2.475 25.443237005370055
2.485 25.31633833140026
2.495 24.93942715729307
2.505 24.32367050681652
2.515 23.487067984646455
2.525 22.453577848964834
2.535 21.25197795246255
2.545 19.914537071666583
2.555 18.475582051487166
2.565 16.97004907575804
2.5749999999999997 15.432103326091989
2.585 13.89390105956569
2.5949999999999998 12.38455301128811
2.605 10.92932967235648
2.6149999999999998 9.54912923882203
2.625 8.260209671376659
2.635 7.074168931763903
2.645 5.998143298896949
2.655 5.035183503838818
2.665 4.184762580021998
2.675 3.4433676865780223
2.685 2.805130245288566
2.695 2.262453787920019
2.705 1.806606043847723
2.715 1.428250075029103
2.725 1.1178978154695676
2.735 0.86627746024202
2.745 0.6646132218276505
2.755 0.5048216760270154
2.765 0.379633096261717
2.775 0.28264883181433453
2.785 0.20834706067483402
2.795 0.1520493668671539
2.805 0.10985982666547725
2.815 0.07858691817390645
2.8249999999999997 0.05565685496706911
2.835 0.03902510863541996
2.8449999999999998 0.027091099714857847
2.855 0.018619422384678962
2.8649999999999998 0.012669597807416732
2.875 0.008535255148167876
2.885 0.0
2.895 0.0
2.905 0.0
2.915 0.0
2.925 0.0
2.935 0.0
2.945 0.0
2.955 0.0
2.965 0.0
2.975 0.0
2.985 0.0
2.995 0.0
3.005 0.0
3.015 0.0
3.025 0.0
3.035 0.0
3.045 0.0
3.055 0.0
3.065 0.0
3.075 0.0
3.085 0.0
3.0949999999999998 0.0
3.105 0.0
3.1149999999999998 0.0
3.125 0.0
3.135 0.0
3.145 0.0
3.155 0.0
3.165 0.0
3.175 0.0
3.185 0.0
3.195 0.0
3.205 0.0
3.215 0.0
3.225 0.0
3.235 0.0
3.245 0.0
3.255 0.0
3.265 0.0
3.275 0.0
3.285 0.0
3.295 0.0
3.305 0.0
3.315 0.0
3.325 0.0
3.335 0.0
3.3449999999999998 0.0
3.355 0.0
3.3649999999999998 0.0
3.375 0.0
3.385 0.0
3.395 0.0
3.405 0.0
3.415 0.0
3.425 0.0
3.435 0.0
3.445 0.0
3.455 0.0
3.465 0.0
3.475 0.0
3.485 0.0
3.495 0.0
3.505 0.0
3.515 0.0
3.525 0.0
3.535 0.0
3.545 0.0
3.555 0.0
3.565 0.0
3.575 0.0
3.585 0.0
3.5949999999999998 0.0
3.605 0.0
3.6149999999999998 0.0
3.625 0.0
3.635 0.0
3.645 0.0
3.655 0.0
3.665 0.0
3.675 0.0
3.685 0.0
3.695 0.0
3.705 0.0
3.715 0.0
3.725 0.0
3.735 0.0
3.745 0.0
3.755 0.0
3.765 0.0
3.775 0.0
3.785 0.0
3.795 0.0
3.805 0.0
3.815 0.0
3.825 0.0
3.835 0.0
3.8449999999999998 0.0
3.855 0.0
3.8649999999999998 0.0
3.875 0.0
3.885 0.0
3.895 0.0
3.905 0.0
3.915 0.0
3.925 0.0
3.935 0.0027822048884089956
3.945 0.00689927411663797
3.955 0.010180175920332822
3.965 0.014872181477972184
3.975 0.021511049525385066
3.985 0.03080463547895342
3.995 0.04367552325864468
4.005 0.06130949613611884
4.015 0.08520890463800185
4.025 0.1172491872311095
4.035 0.15973582868961034
4.045 0.21545793535409452
4.055 0.2877334287735007
4.065 0.38568481240823954
4.075 0.5058083581374783
4.085 0.6569178945349569
4.095 0.8449309214773209
4.1049999999999995 1.0762951378463652
4.115 1.3578709171784415
4.125 1.6967639475667813
4.135 2.100106596512739
4.145 2.5747900443884877
4.155 3.1271533192154397
4.165 3.7626397848696644
4.175 4.485436009976041
4.185 5.298111827410713
4.195 6.201283303817659
4.205 7.193321816148408
4.215 8.270132103490347
4.225 9.425019799513084
4.235 10.648664525596583
4.245 11.92920834282541
4.255 13.252461668948904
4.265 14.602220325362566
4.275 15.960679005715606
4.285 17.308919034850533
4.295 18.627442655158006
4.305 19.89672292130829
4.315 21.09773802825123
4.325 22.212461631012985
4.335 23.224286159711703
4.345 24.118363660305754
4.355 24.88185739058654
4.365 25.504106194531907
4.375 25.976711466250666
4.385 26.293562328101864
4.395 26.450817787455147
4.405 26.4468647785533
4.415 26.282268240417686
4.425 25.959724241953047
4.435 25.484020493796827
4.445 24.862001449778546
4.455 24.102528723110325
4.465 23.216422739804926
4.475 22.21636918511389
4.485 21.11677426581261
4.495 19.933556094943256
4.505 18.683865184923995
4.515 17.385734353818314
4.525 16.057666333403763
4.535 14.71817496628993
4.545 13.385302114624919
4.555 12.076136499053812
4.565 10.806362164480934
4.575 9.58986299405618
4.585 8.438405871188841
4.595 7.361419220103972
4.605 6.365876445364165
4.615 5.456286050466157
4.625 4.6347827514251065
4.635 3.90130741892774
4.645 3.2538587144014586
4.655 2.6887961474194046
4.665 2.2011730641248315
4.675 1.78507866126712
4.685 1.4339702244892705
4.695 1.140980018494259
4.705 0.8991851655721838
4.715 0.7018329977573742
4.725 0.5425183676309265
4.735 0.4153129472309423
4.745 0.3129937603975094
4.755 0.23329313115623845
4.765 0.17369410528464682
4.775 0.12803398499935356
4.785 0.0934377777808595
4.795 0.0675113503102004
4.805 0.04829344013797607
4.815 0.03420239724469346
4.825 0.02398181264204909
4.835 0.01664809401809366
4.845 0.011442056530939894
4.855 0.007785754645966901
4.865 0.0052451074954770385
4.875 0.0
4.885 0.0
4.895 0.0
4.905 0.0
4.915 0.0
4.925 0.0
4.935 0.0
4.945 0.0
4.955 0.001823259264500385
4.965 0.0027064172281744633
4.975 0.00397738951832024
4.985 0.005787067601748371
4.995 0.008336351946425017
5.005 0.011889143873273127
5.015 0.01678735130254016
5.025 0.02346771634673787
5.035 0.032480038615068665
5.045 0.046269559704549164
5.055 0.06299574290454871
5.065 0.08669294935784905
5.075 0.11603343027879601
5.085 0.15385334484022728
5.095 0.20383728187277955
5.105 0.2656112295488476
5.115 0.3429867498631635
5.125 0.4389477980702953
5.135 0.5567907056712573
5.145 0.7034943455275942
5.155 0.8794098467250402
5.165 1.0884236212572815
5.175 1.3361084913071037
5.185 1.6270118218907652
5.195 1.9673681932239646
5.205 2.359130870312118
5.215 2.8078180525171135
5.225 3.3175802262787215
5.235 3.892216668395508
5.245 4.535080939665493
5.255 5.248990480503231
5.265 6.036140266273454
5.275 6.898019263208222
5.285 7.8353273531222865
5.295 8.847889667098741
5.305 9.934565070652958
5.315 11.09314601867598
5.325 12.320248222202007
5.335 13.61119052686475
5.345 14.959867982287754
5.355 16.35862407294448
5.365 17.79813119149285
5.375 19.26729131506129
5.385 20.753171120500767
5.395 22.24098709041875
5.405 23.71415621980967
5.415 25.154426529627948
5.425 26.542098648092697
5.435 27.856345292770126
5.445 29.07562978146295
5.455 30.178218058553718
5.465 31.142771600830947
5.475 31.94900149957165
5.485 32.5783575805948
5.495 33.014721191572804
5.505 33.245066771462206
5.515 33.260055933750934
5.525 33.054528812793556
5.535 32.62786093398909
5.545 31.984159770968706
5.555 31.132283143008525
5.565 30.08567119340905
5.575 28.86199422917731
5.585 27.482629441732584
5.595 25.971989670151302
5.605 24.356736139974238
5.615 22.664913834706198
5.625 20.925052316687317
5.635 19.165276102184343
5.645 17.4124670460609
5.655 15.691516784567828
5.665 14.024700528415616
5.675 12.431194985198475
5.685 10.926753637768048
5.695 9.523542783500247
5.705 8.230132397393682
5.715 7.051627678727247
5.725 5.989920591013423
5.735 5.044036141550896
5.745 4.210545707256528
5.755 3.484019345090922
5.765 2.8562744391615755
5.775 2.3221065843215785
5.785 1.8710418608050847
5.795 1.494129912990954
5.805 1.1824472862880264
5.815 0.9273625041369173
5.825 0.7207389177202674
5.835 0.555078109231274
5.845 0.4236092851825207
5.855 0.3191556877993771
5.865 0.23924296326060565
5.875 0.17651916693852054
5.885 0.12997913477253287
5.895 0.09481778126014398
5.905 0.06736790003455573
5.915 0.048294739480931506
5.925 0.034294416690135616
5.935 0.02412243072088492
5.945 0.016806987479660813
5.955 0.009330843089843752
5.965 0.005301238395797037
5.975 0.0036434843137463564
5.985 0.002479211219290142
5.995 0.0016701951115176167
6.005 0.0
6.015 0.0
6.025 0.0
6.035 0.0
6.045 0.0
6.055 0.0
6.065 0.0
6.075 0.0
6.085 0.0
6.095 0.0
6.105 0.0
6.115 0.0
6.125 0.0
6.135 0.0
6.1450000000000005 0.0
6.155 0.0
6.165 0.0
6.175 0.0
6.185 0.0
6.195 0.0
6.205 0.0
6.215 0.0
6.225 0.0
6.235 0.0
6.245 0.0
6.255 0.0
6.265 0.0
6.275 0.0
6.285 0.0
6.295 0.0
6.305 0.0
6.315 0.0
6.325 0.0
6.335 0.0
6.345 0.0
6.355 0.0
6.365 0.0
6.375 0.0
6.385 0.0
6.3950000000000005 0.0
6.405 0.0
6.415 0.0
6.425 0.0
6.435 0.0
6.445 0.0
6.455 0.0
6.465 0.0
6.475 0.0
6.485 0.0
6.495 0.0
6.505 0.0
6.515 0.0
6.525 0.0
6.535 0.0
6.545 0.0
6.555 0.0
6.565 0.0
6.575 0.0
6.585 0.0
6.595 0.0
6.605 0.0
6.615 0.0
6.625 0.0
6.635 0.0
6.6450000000000005 0.0
6.655 0.0
6.665 0.0
6.675 0.0
6.685 0.0
6.695 0.0
6.705 0.0
6.715 0.0
6.725 0.0
6.735 0.0
6.745 0.0
6.755 0.0
6.765 0.0
6.775 0.0
6.785 0.0
6.795 0.0
6.805 0.0
6.815 0.0
6.825 0.0
6.835 0.0
6.845 0.0
6.855 0.0
6.865 0.0
6.875 0.0
6.885 0.0
6.8950000000000005 0.0
6.905 0.0
6.915 0.0
6.925 0.0
6.935 0.0
6.945 0.0
6.955 0.0
6.965 0.0
6.975 0.0
6.985 0.0
6.995 0.0
