0.005 0.0
0.015 0.0
0.025 0.0
0.034999999999999996 0.0
0.045 0.0
0.055 0.0
0.065 0.0
0.07500000000000001 0.0
0.085 0.0
0.095 0.0
0.10500000000000001 0.0
0.115 0.0
0.125 0.0
0.135 0.0
0.14500000000000002 0.0
0.155 0.0
0.165 0.0
0.17500000000000002 0.0
0.185 0.0
0.195 0.0
0.20500000000000002 0.0
0.215 0.0
0.225 0.0
0.23500000000000001 0.0
0.245 0.0
0.255 0.0
0.265 0.0
0.275 0.0
0.28500000000000003 0.0
0.295 0.0
0.305 0.0
0.315 0.0
0.325 0.0
0.335 0.0
0.34500000000000003 0.0
0.35500000000000004 0.0
0.365 0.0
0.375 0.0
0.385 0.0
0.395 0.0
0.405 0.0
0.41500000000000004 0.0
0.425 0.0
0.435 0.0
0.445 0.0
0.455 0.0
0.465 0.0
0.47500000000000003 0.0
0.485 0.0
0.495 0.0
0.505 0.0
0.515 0.0
0.525 0.0
0.535 0.0
0.545 0.0
0.555 0.0
0.5650000000000001 0.0
0.5750000000000001 0.0
0.585 0.0
0.595 0.0
0.605 0.0
0.615 0.0
0.625 0.0
0.635 0.0
0.645 0.0
0.655 0.0
0.665 0.0
0.675 0.0
0.685 0.0
0.6950000000000001 0.0
0.7050000000000001 0.0
0.715 0.0
0.725 0.0
0.735 0.0
0.745 0.0
0.755 0.0
0.765 0.0
0.775 0.0
0.785 0.0
0.795 0.0
0.805 0.0
0.8150000000000001 0.0
0.8250000000000001 0.0
0.8350000000000001 0.0
0.845 0.0
0.855 0.0
0.865 0.0
0.875 0.0
0.885 0.0
0.895 0.0
0.905 0.0
0.915 0.0
0.925 0.0
0.935 0.0
0.9450000000000001 0.0
0.9550000000000001 0.0
0.965 0.0
0.975 0.0
0.985 0.0
0.995 0.0
1.005 0.0
1.015 0.0
1.025 0.0
1.035 0.0
1.045 0.0
1.055 0.0
1.065 0.0
1.075 0.0
1.085 0.0
1.095 0.0
1.105 0.0
1.115 0.0
1.125 0.0
1.135 0.0
1.145 0.0
1.155 0.0
1.1649999999999998 0.0
1.1749999999999998 0.0
1.1849999999999998 0.0
1.1949999999999998 0.0
1.2049999999999998 0.0
1.2149999999999999 0.0
1.2249999999999999 0.0
1.2349999999999999 0.0
1.2449999999999999 0.0
1.255 0.0
1.265 0.0
1.275 0.0
1.285 0.0
1.295 0.0
1.305 0.0
1.315 0.0
1.325 0.0
1.335 0.0
1.345 0.0
1.355 0.0
1.365 0.0
1.375 0.0
1.385 0.0
1.395 0.0
1.405 0.0
1.4149999999999998 0.0
1.4249999999999998 0.0
1.4349999999999998 0.0
1.4449999999999998 0.0
1.4549999999999998 0.0
1.4649999999999999 0.0
1.4749999999999999 0.0
1.4849999999999999 0.0
1.4949999999999999 0.0
1.505 0.0
1.515 0.0
1.525 0.0
1.535 0.0
1.545 0.0
1.555 0.0
1.565 0.0
1.575 0.0
1.585 0.0
1.595 0.0
1.605 0.0
1.615 0.0
1.625 0.0
1.635 0.0
1.645 0.0
1.655 0.0
1.665 0.0
1.6749999999999998 0.0
1.6849999999999998 0.0
1.6949999999999998 0.0
1.7049999999999998 0.0
1.7149999999999999 0.0
1.7249999999999999 0.0
1.7349999999999999 0.0
1.7449999999999999 0.0
1.755 0.0
1.765 0.0
1.775 0.0
1.785 0.0
1.795 0.0
1.805 0.0
1.815 0.0
1.825 0.0
1.835 0.0
1.845 0.0
1.855 0.0
1.865 0.0
1.875 0.0
1.885 0.0
1.895 0.0
1.905 0.0
1.915 0.0
1.9249999999999998 0.0
1.9349999999999998 0.0
1.9449999999999998 0.0
1.9549999999999998 0.0
1.9649999999999999 0.0
1.9749999999999999 0.0
1.9849999999999999 0.0
1.9949999999999999 0.0
2.005 0.0
2.015 0.0
2.025 0.0
2.035 0.0
2.045 0.0
2.0549999999999997 0.0
2.065 0.0
2.0749999999999997 0.0
2.085 0.0
2.0949999999999998 0.0
2.105 0.0
2.1149999999999998 0.0
2.125 0.0
2.135 0.0
2.145 0.0
2.155 0.0
2.165 0.0
2.175 0.0
2.185 0.0
2.195 0.0
2.205 0.0
2.215 0.0
2.225 0.0
2.235 0.0
2.245 0.0
2.255 0.0
2.265 0.0
2.275 0.0
2.285 0.0
2.295 0.0
2.305 0.0
2.315 0.0
2.3249999999999997 0.0
2.335 0.0
2.3449999999999998 0.0
2.355 0.0
2.3649999999999998 0.0
2.375 0.0
2.385 0.0
2.395 0.0
2.405 0.0
2.415 0.0
2.425 0.0
2.435 0.0
2.445 0.0
2.455 0.0
2.465 0.0
2.475 0.0
2.485 0.0
2.495 0.0
2.505 0.0
2.515 0.0
2.525 0.0
2.535 0.0
2.545 0.0
2.555 0.0
2.565 0.0
2.5749999999999997 0.0
2.585 0.005867842231305562
2.5949999999999998 0.008710132242968073
2.605 0.012800535085912166
2.6149999999999998 0.01862466865252126
2.625 0.026829096091094462
2.635 0.03826313781697782
2.645 0.054027164892427065
2.655 0.07552675570219723
2.665 0.10453134448334245
2.675 0.14323504806515336
2.685 0.19431624751198523
2.695 0.260991273954354
2.705 0.347056285775549
2.715 0.4569102461291336
2.725 0.5955509679552313
2.735 0.7685356674199264
2.745 0.9818975486538404
2.755 1.2420108192895738
2.765 1.555398362752402
2.775 1.9284791645800994
2.785 2.3672565117813216
2.795 2.876952846607197
2.805 3.4616027164156438
2.815 4.123621139345198
2.8249999999999997 4.863370395916551
2.835 5.678753160594945
2.8449999999999998 6.564863363432349
2.855 7.513727603688616
2.8649999999999998 8.514168810885268
2.875 9.551819831935637
2.885 10.609307635536961
2.895 11.666619088175196
2.905 12.701647311965647
2.915 13.690904327694152
2.925 14.610372105279415
2.935 15.436451524749607
2.945 16.146958353018483
2.955 16.722108307552645
2.965 17.145430494780893
2.975 17.404550493712836
2.985 17.491791166111067
2.995 17.404550493712836
3.005 17.145430494780893
3.015 16.722108307552645
3.025 16.146958353018483
3.035 15.436451524749607
3.045 14.610372105279415
3.055 13.690904327694152
3.065 12.701647311965647
3.075 11.666619088175196
3.085 10.609307635536961
3.0949999999999998 9.551819831935637
3.105 8.514168810885268
3.1149999999999998 7.513727603688616
3.125 6.564863363432349
3.135 5.678753160594945
3.145 4.863370395916551
3.155 4.123621139345198
3.165 3.4616027164156438
3.175 2.876952846607197
3.185 2.3672565117813216
3.195 1.9284791645800994
3.205 1.555398362752402
3.215 1.2420108192895738
3.225 0.9818975486538404
3.235 0.7685356674199264
3.245 0.5955509679552313
3.255 0.4569102461291336
3.265 0.347056285775549
3.275 0.260991273954354
3.285 0.19431624751198523
3.295 0.14323504806515336
3.305 0.10453134448334245
3.315 0.07552675570219723
3.325 0.054027164892427065
3.335 0.03826313781697782
3.3449999999999998 0.026829096091094462
3.355 0.01862466865252126
3.3649999999999998 0.012800535085912166
3.375 0.008710132242968073
3.385 0.005867842231305562
3.395 0.0
3.405 0.0
3.415 0.0
3.425 0.0
3.435 0.0
3.445 0.0
3.455 0.0
3.465 0.0
3.475 0.0
3.485 0.0
3.495 0.0
3.505 0.0
3.515 0.0
3.525 0.0
3.535 0.0
3.545 0.0
3.555 0.0
3.565 0.0
3.575 0.0
3.585 0.0
3.5949999999999998 0.0
3.605 0.0
3.6149999999999998 0.0
3.625 0.0
3.635 0.0
3.645 0.0
3.655 0.0
3.665 0.0
3.675 0.0
3.685 0.0
3.695 0.0
3.705 0.0
3.715 0.0
3.725 0.0
3.735 0.0
3.745 0.0
3.755 0.0
3.765 0.0
3.775 0.0
3.785 0.0
3.795 0.0
3.805 0.0
3.815 0.0
3.825 0.0
3.835 0.0
3.8449999999999998 0.0
3.855 0.0
3.8649999999999998 0.0
3.875 0.0
3.885 0.0
3.895 0.0
3.905 0.0
3.915 0.0
3.925 0.0
3.935 0.0
3.945 0.0
3.955 0.0
3.965 0.0
3.975 0.0
3.985 0.0
3.995 0.0
4.005 0.0
4.015 0.0
4.025 0.0
4.035 0.0
4.045 0.0
4.055 0.0
4.065 0.0
4.075 0.0
4.085 0.0
4.095 0.0
4.1049999999999995 0.0
4.115 0.0025647900413592016
4.125 0.003807133790424994
4.135 0.005595018342051083
4.145 0.008140703652315688
4.155 0.011726797647352235
4.165 0.01672453194132734
4.175 0.023614870512313983
4.185 0.033012181180962885
4.195 0.045689870445121676
4.205 0.06260697039384691
4.215 0.0849341813987631
4.225 0.11407733779012039
4.235 0.15412941664656563
4.245 0.20332461078612812
4.255 0.26561994191582855
4.265 0.34364583917176544
4.275 0.4403075349882172
4.285 0.5587434060494745
4.295 0.7022609381030152
4.305 0.8742487895273969
4.315 1.078064830246941
4.325 1.316901767107575
4.335 1.593633936959943
4.345 1.910650908871334
4.355 2.2696855006528165
4.365 2.6716454696940746
4.375 3.1164592668522335
4.385 3.6029466497003493
4.395 4.12872449307006
4.405 4.692421285651689
4.415 5.2857166128383035
4.425 5.904174487455064
4.435 6.540809450634061
4.445 7.187770629483845
4.455 7.83656103594142
4.465 8.478291966532655
4.475 9.103959562325036
4.485 9.704729256932904
4.495 10.272213701999327
4.505 10.798730791754616
4.515 11.277530444352035
4.525 11.705137082468633
4.535 12.073913219088631
4.545 12.382412664267509
4.555 12.62919834841112
4.565 12.814293741810399
4.575 12.939156816014085
4.585 13.00661788752345
4.595 13.020784558039683
4.605 12.98691615137417
4.615 12.911269206630442
4.625 12.8009150731944
4.635 12.66353075068943
4.645 12.507164986931038
4.655 12.339983288779031
4.665 12.169997745428144
4.675 12.00479009514715
4.685 11.851238871396108
4.695 11.715263300271392
4.705 11.601597492998616
4.715 11.513608106753786
4.725 11.453166926316928
4.735 11.420586834811452
4.745 11.414625669062413
4.755 11.432557919068847
4.765 11.47030964409683
4.775 11.522647862220634
4.785 11.583412479194141
4.795 11.645776873933531
4.805 11.70252268923157
4.815 11.746315130765534
4.825 11.769966920893262
4.835 11.766681619891243
4.845 11.730269882515142
4.855 11.655334933920875
4.865 11.537425771998352
4.875 11.37315810576329
4.885 11.160303749774657
4.895 10.897849196822605
4.905 10.58602359944679
4.915 10.226295701745348
4.925 9.819628040508121
4.935 9.373832200944024
4.945 8.891269402470158
4.955 8.377739339079302
4.965 7.839753979652798
4.975 7.2843472123257555
4.985 6.718862264205645
4.995 6.150725665456275
5.005 5.587218084920709
5.015 5.035253185087517
5.025 4.5011755725145255
5.035 3.9905879159127324
5.045 3.5065922216356906
5.055 3.056741641894134
5.065 2.641420240529851
5.075 2.262405520339883
5.085 1.9222196784226666
5.095 1.6181022431303294
5.105 1.3503917095375095
5.115 1.1176337888611183
5.125 0.9178915613797073
5.135 0.7489008361104449
5.145 0.6082222945756728
5.155 0.4933840648153922
5.165 0.40200975194927674
5.175 0.33192835813594573
5.185 0.2812638104474846
5.195 0.24850287421669986
5.205 0.23254100551139686
5.215 0.23119578647209682
5.225 0.24941605960166446
5.235 0.2826841902181387
5.245 0.33280899607745323
5.255 0.400831161284705
5.265 0.4880586190667137
5.275 0.5959816353823205
5.285 0.7261717193186097
5.295 0.8801671856259007
5.305 1.0593492217340028
5.315 1.2648134410226166
5.325 1.4972430001872254
5.335 1.7553525664410754
5.345 2.0420251144121813
5.355 2.3539824373078244
5.365 2.6893216837232865
5.375 3.04535273920751
5.385 3.4186292910564644
5.395 3.805019146242311
5.405 4.201363423231609
5.415 4.600161868052497
5.425 4.997121735245015
5.435 5.386852841962094
5.445 5.764092083534207
5.455 6.123884680472457
5.465 6.4617454829761005
5.475 6.7737906366023175
5.485 7.058342353325287
5.495 7.310676750481817
5.505 7.530224618473975
5.515 7.716189152037889
5.525 7.86851296719664
5.535 7.987819999431162
5.545 8.076828143213708
5.555 8.136556532378398
5.565 8.16812412941755
5.575 8.175444735277214
5.585 8.161926296914414
5.595 8.131446053577601
5.605 8.088347717143547
5.615 8.037435330650306
5.625 7.983953876189097
5.635 7.933546913687898
5.645 7.893613944470084
5.655 7.868170586622764
5.665 7.864510907715182
5.675 7.888890344162785
5.685 7.947277091302935
5.695 8.045132080925033
5.705 8.187184233132111
5.715 8.378612636976616
5.725 8.61993677580358
5.735 8.913510681913131
5.745 9.259364577716065
5.755 9.656076044757764
5.765 10.100761077087778
5.775 10.589116889302701
5.785 11.115512962435496
5.795 11.673124705979987
5.805 12.254102802848612
5.815 12.84977074373803
5.825 13.450843096380023
5.835 14.047657470896525
5.845 14.630413690283723
5.855 15.189414137959858
5.865 15.715299485360758
5.875 16.19927395234315
5.885 16.633313978013966
5.895 17.009194718764288
5.905 17.323676054334438
5.915 17.570357702630414
5.925 17.745871866051928
5.935 17.84818070221939
5.945 17.87656196069243
5.955 17.83154565771551
5.965 17.71480564130661
5.975 17.529013087625437
5.985 17.2776618541918
5.995 16.96487782607528
6.005 16.595225612596025
6.015 16.173525973546067
6.025 15.704696104054502
6.035 15.192520339064663
6.045 14.64434470964716
6.055 14.063171581086113
6.065 13.453466322510009
6.075 12.819534649363465
6.085 12.16557609414085
6.095 11.495750330960872
6.105 10.814244598750893
6.115 10.125330863980484
6.125 9.433402975551504
6.135 8.742986667783583
6.1450000000000005 8.058718536271526
6.155 7.385293660958192
6.165 6.727384985998737
6.175 6.089540528019016
6.185 5.47606668940554
6.195 4.8909072195851575
6.205 4.337527627879655
6.215 3.817779311100689
6.225 3.336311525175355
6.235 2.893141688812121
6.245 2.4890942765130193
6.255 2.124263571035096
6.265 1.798056285773774
6.275 1.5092588247678618
6.285 1.2561239918297697
6.295 1.0354641521462706
6.305 0.8471278170338847
6.315 0.6869281948056258
6.325 0.5520582696052645
6.335 0.4396785665073337
6.345 0.34700108841130195
6.355 0.27037121397043445
6.365 0.20861866810813384
6.375 0.16032673121916421
6.385 0.1220484193956896
6.3950000000000005 0.09202808303743035
6.405 0.0687320906010794
6.415 0.05084392753508088
6.425 0.03725193338869429
6.435 0.027032050997343775
6.445 0.019427652552742355
6.455 0.012873843811224755
6.465 0.00911751821447485
6.475 0.006392961639960201
6.485 0.004437972559651765
6.495 0.003050170959817187
6.505 0.0020754907701403614
6.515 0.0013982167034888218
6.525 0.0
6.535 0.0
6.545 0.0
6.555 0.0
6.565 0.0
6.575 0.0
6.585 0.0
6.595 0.0
6.605 0.0
6.615 0.0
6.625 0.0
6.635 0.0
6.6450000000000005 0.0
6.655 0.0
6.665 0.0
6.675 0.0
6.685 0.0
6.695 0.0
6.705 0.0
6.715 0.0
6.725 0.0
6.735 0.0
6.745 0.0
6.755 0.0
6.765 0.0
6.775 0.0
6.785 0.0
6.795 0.0
6.805 0.0
6.815 0.0
6.825 0.0
6.835 0.0
6.845 0.0
6.855 0.0
6.865 0.0
6.875 0.0
6.885 0.0
6.8950000000000005 0.0
6.905 0.0
6.915 0.0
6.925 0.0
6.935 0.0
6.945 0.0
6.955 0.0
6.965 0.0
6.975 0.0
6.985 0.0
6.995 0.0
