0.005 0.0
0.015 0.0
0.025 0.0
0.034999999999999996 0.0
0.045 0.0
0.055 0.0
0.065 0.0
0.07500000000000001 0.0
0.085 0.0
0.095 0.0
0.10500000000000001 0.0
0.115 0.0
0.125 0.0
0.135 0.0
0.14500000000000002 0.0
0.155 0.0
0.165 0.0
0.17500000000000002 0.0
0.185 0.0
0.195 0.0
0.20500000000000002 0.0
0.215 0.0
0.225 0.0
0.23500000000000001 0.0
0.245 0.0
0.255 0.0
0.265 0.0
0.275 0.0
0.28500000000000003 0.0
0.295 0.0
0.305 0.0
0.315 0.0
0.325 0.0
0.335 0.0
0.34500000000000003 0.0
0.35500000000000004 0.0
0.365 0.0
0.375 0.0
0.385 0.0
0.395 0.0
0.405 0.0
0.41500000000000004 0.0
0.425 0.0
0.435 0.0
0.445 0.0
0.455 0.0
0.465 0.0
0.47500000000000003 0.0
0.485 0.0
0.495 0.0
0.505 0.0
0.515 0.0
0.525 0.0
0.535 0.0
0.545 0.0
0.555 0.0
0.5650000000000001 0.0
0.5750000000000001 0.0
0.585 0.0
0.595 0.0
0.605 0.0
0.615 0.0
0.625 0.0
0.635 0.0
0.645 0.0
0.655 0.0
0.665 0.0
0.675 0.0
0.685 0.0
0.6950000000000001 0.0
0.7050000000000001 0.0
0.715 0.0
0.725 0.0
0.735 0.0
0.745 0.0
0.755 0.0
0.765 0.0
0.775 0.0
0.785 0.0
0.795 0.0
0.805 0.0
0.8150000000000001 0.0
0.8250000000000001 0.0
0.8350000000000001 0.0
0.845 0.0
0.855 0.0
0.865 0.0
0.875 0.0
0.885 0.0
0.895 0.0
0.905 0.0
0.915 0.0
0.925 0.0
0.935 0.0
0.9450000000000001 0.0
0.9550000000000001 0.0
0.965 0.0
0.975 0.0
0.985 0.0
0.995 0.0
1.005 0.0
1.015 0.0
1.025 0.0
1.035 0.0
1.045 0.0
1.055 0.0
1.065 0.0
1.075 0.0
1.085 0.0
1.095 0.0
1.105 0.0
1.115 0.0
1.125 0.0
1.135 0.0
1.145 0.0
1.155 0.0
1.1649999999999998 0.0
1.1749999999999998 0.0
1.1849999999999998 0.0
1.1949999999999998 0.0
1.2049999999999998 0.0
1.2149999999999999 0.0
1.2249999999999999 0.0
1.2349999999999999 0.0
1.2449999999999999 0.0
1.255 0.0
1.265 0.0
1.275 0.0
1.285 0.0
1.295 0.0
1.305 0.017985292031092774
1.315 0.026697083160049997
1.325 0.039234415752714705
1.335 0.057085738077761
1.345 0.08223280536655184
1.355 0.11727883616107056
1.365 0.16559653444978653
1.375 0.2314940831602401
1.385 0.32039490545698895
1.395 0.439024102385626
1.405 0.5955910742187044
1.4149999999999998 0.7999540707814164
1.4249999999999998 1.0637485475663255
1.4349999999999998 1.4004575932169467
1.4449999999999998 1.825399807262991
1.4549999999999998 2.35560839402166
1.4649999999999999 3.0095754897664073
1.4749999999999999 3.8068384271691156
1.4849999999999999 4.767390239215992
1.4949999999999999 5.910905505571826
1.505 7.255784664718261
1.515 8.81803481863581
1.525 10.610022099470683
1.535 12.63914868416796
1.545 14.906524984477823
1.555 17.40572257053798
1.565 20.12170404064913
1.575 23.030030438353407
1.585 26.09644336530209
1.595 29.276906626632854
1.605 32.51817082859437
1.615 35.758894504167124
1.625 38.931318732954324
1.635 41.963451435289414
1.645 44.7816758934769
1.655 47.313659374692854
1.665 49.491405860159965
1.6749999999999998 51.254275324982835
1.6849999999999998 52.55178348222703
1.6949999999999998 53.346001981665204
1.7049999999999998 53.61339992936394
1.7149999999999999 53.346001981665204
1.7249999999999999 52.55178348222703
1.7349999999999999 51.254275324982835
1.7449999999999999 49.491405860159965
1.755 47.313659374692854
1.765 44.7816758934769
1.775 41.963451435289414
1.785 38.931318732954324
1.795 35.758894504167124
1.805 32.51817082859437
1.815 29.276906626632854
1.825 26.09644336530209
1.835 23.030030438353407
1.845 20.12170404064913
1.855 17.40572257053798
1.865 14.906524984477823
1.875 12.63914868416796
1.885 10.610022099470683
1.895 8.81803481863581
1.905 7.255784664718261
1.915 5.910905505571826
1.9249999999999998 4.767390239215992
1.9349999999999998 3.8068384271691156
1.9449999999999998 3.0095754897664073
1.9549999999999998 2.35560839402166
1.9649999999999999 1.825399807262991
1.9749999999999999 1.4004575932169467
1.9849999999999999 1.0637485475663255
1.9949999999999999 0.7999540707814164
2.005 0.5955910742187044
2.015 0.439024102385626
2.025 0.32039490545698895
2.035 0.2314940831602401
2.045 0.17434252841281558
2.0549999999999997 0.13026125133368063
2.065 0.10131194863111441
2.0749999999999997 0.08484572772597022
2.085 0.07922306970703732
2.0949999999999998 0.08372812782046155
2.105 0.09851255219970995
2.1149999999999998 0.11257230910102649
2.125 0.15580352568463854
2.135 0.21349123174930365
2.145 0.2896275429137014
2.155 0.38900638708893315
2.165 0.5172859222475868
2.175 0.6810227843161355
2.185 0.8876661922884822
2.195 1.145499153294661
2.205 1.4635141325074106
2.215 1.851211859373135
2.225 2.3183146639767562
2.235 2.8743900170424586
2.245 3.5283857923995536
2.255 4.288086018077452
2.265 5.159504169804531
2.275 6.1462398218753345
2.285 7.2488329518696935
2.295 8.46415750497181
2.305 9.784901004728463
2.315 11.199179131147861
2.3249999999999997 12.690332508078484
2.335 14.236946954768925
2.3449999999999998 15.813128041733192
2.355 17.389046278334796
2.3649999999999998 18.931751456831364
2.375 20.40623484380556
2.385 21.776697667270263
2.395 23.007965538980123
2.405 24.066972953592888
2.415 24.924231521888277
2.425 25.555191446843647
2.435 25.941408706446865
2.445 26.071440558710176
2.455 25.941408706446865
2.465 25.555191446843647
2.475 24.924231521888277
2.485 24.066972953592888
2.495 23.007965538980123
2.505 21.776697667270263
2.515 20.40623484380556
2.525 18.931751456831364
2.535 17.389046278334796
2.545 15.813128041733192
2.555 14.236946954768925
2.565 12.690332508078484
2.5749999999999997 11.205086487319448
2.585 9.793669790839706
2.5949999999999998 8.477044238622547
2.605 7.267583038693988
2.6149999999999998 6.173249584599744
2.625 5.1980249708788175
2.635 4.342477000891868
2.645 3.6044211438677656
2.655 2.979625273652381
2.665 2.4625142541874516
2.675 2.046836628876216
2.685 1.7262629168389259
2.695 1.4948925096337886
2.705 1.3476532635038971
2.715 1.280584181395878
2.725 1.2909968945359256
2.735 1.3775160155449901
2.745 1.5400020399246608
2.755 1.7793636181031045
2.765 2.097269033036036
2.775 2.4957698821363197
2.785 2.9768534536540714
2.795 3.541944129286965
2.805 4.191378181238607
2.815 4.923880231217828
2.8249999999999997 5.736072921861275
2.835 6.6220534462065075
2.8449999999999998 7.573070899371992
2.855 8.571503065059035
2.8649999999999998 9.616141608756184
2.875 10.680750515528475
2.885 11.745181883793576
2.895 12.787179968362915
2.905 13.78309862240783
2.915 14.70875807887985
2.925 15.54040030177286
2.935 16.25569166978824
2.945 16.834714673402562
2.955 17.260887504354116
2.965 17.521752412532077
2.975 17.609580561993155
2.985 17.521752412532077
2.995 17.260887504354116
3.005 16.834714673402562
3.015 16.25569166978824
3.025 15.54040030177286
3.035 14.713189200967792
3.045 13.789676109983212
3.055 12.796846338302798
3.065 11.759246369066629
3.075 10.701010603581716
3.085 9.645036154391757
3.0949999999999998 8.612301872229843
3.105 7.621359205621937
3.1149999999999998 6.6880082504007206
3.125 5.825158238415157
3.135 5.042858852195982
3.145 4.348478023053556
3.155 3.74699388248011
3.165 3.241363603153442
3.175 2.832930020598879
3.185 2.521827970593435
3.195 2.3073558387759157
3.205 2.1882834178500303
3.215 2.1630742757418226
3.225 2.230008923981341
3.235 2.387203634837438
3.245 2.6325283226754292
3.255 2.963435052033917
3.265 3.376716064394887
3.275 3.8682163515022476
3.285 4.432530388819688
3.295 5.0627153502009845
3.305 5.750053676272579
3.315 6.48389607023931
3.325 7.251611775389917
3.335 8.038666441357753
3.3449999999999998 8.828839297713634
3.355 9.604581216681389
3.3649999999999998 10.347504249497542
3.375 11.038982206645164
3.385 11.65689168428009
3.395 12.19343346169522
3.405 12.627760010868387
3.415 12.947433277497082
3.425 13.143108673227607
3.435 13.208988779609534
3.445 13.143108673227607
3.455 12.947433277497082
3.465 12.627760010868387
3.475 12.19343346169522
3.485 11.65689168428009
3.495 11.033074850473577
3.505 10.338735463386298
3.515 9.591694483030652
3.525 8.81008921088934
3.535 8.011656678633344
3.545 7.213090974315631
3.555 6.429505087424895
3.565 5.674018324804367
3.575 4.9574800935910615
3.585 4.2883307986089925
3.5949999999999998 3.672591581999167
3.605 3.1139672800633713
3.6149999999999998 2.6140416956947896
3.625 2.1725412514600144
3.635 1.7876422377576955
3.645 1.4562979516930024
3.655 1.1745646472857656
3.665 0.9379089208390708
3.675 0.7414834524221148
3.685 0.5803624632420376
3.695 0.44973244756358627
3.705 0.3450374096679879
3.715 0.26208079785355687
3.725 0.1970884957692714
3.735 0.14673861062636379
3.745 0.10816445981844448
3.755 0.07893721936682319
3.765 0.057034300212974474
3.775 0.04079880717080656
3.785 0.028894545635573244
3.795 0.02026008805324211
3.805 0.014064485273053632
3.815 0.012609247164512881
3.825 0.010945848003443868
3.835 0.0108509271342384
3.8449999999999998 0.00934076122588298
3.855 0.016343304472688298
3.8649999999999998 0.023476585251170003
3.875 0.03339571535802185
3.885 0.04704462191081179
3.895 0.06562892310361917
3.905 0.0906670118315715
3.915 0.12404370461519545
3.925 0.1680638191896608
3.935 0.22550204037485114
3.945 0.2996443792512566
3.955 0.39431551221446426
3.965 0.5138854184982582
3.975 0.6632481547169257
3.985 0.8477654647903738
3.995 1.0731683761284538
4.005 1.3454111140079807
4.015 1.6704736732602972
4.025 2.054112256413919
4.035 2.5015604749495997
4.045 3.017188571411135
4.055 3.6041327040479967
4.065 4.263911188078584
4.075 4.996049067466635
4.085 5.79773600200324
4.095 6.663544690026015
4.1049999999999995 7.585237445989829
4.115 8.551686758434622
4.125 9.548931475255074
4.135 10.560383718512526
4.145 11.567192980452127
4.155 12.548763602271125
4.165 13.483410716461849
4.175 14.349128640581238
4.185 15.124435633611983
4.195 15.78925084637098
4.205 16.328219598728012
4.215 16.722837051115057
4.225 16.963857246684746
4.235 17.044683204483423
4.245 16.963346917848238
4.255 16.722633110896382
4.265 16.32998415733866
4.275 15.797193543847584
4.285 15.139908954132354
4.295 14.376977842166582
4.305 13.529677274865337
4.315 12.620875172875127
4.325 11.674171541404796
4.335 10.71306592511834
4.345 9.760191572290113
4.355 8.836648391260256
4.365 7.961456681106041
4.375 7.151142879295526
4.385 6.419458242847874
4.395 5.77722239774556
4.405 5.2322767757665165
4.415 4.789528557806136
4.425 4.451064005234686
4.435 4.216310835169021
4.445 4.082232169103247
4.455 4.043538944358512
4.465 4.092912791002869
4.475 4.221236477853929
4.485 4.417833409896177
4.495 4.670720739017583
4.505 4.969055195022616
4.515 5.295790906828989
4.525 5.63834881405452
4.535 5.982691706154483
4.545 6.3173024993720865
4.555 6.6260740843129495
4.565 6.89889431485564
4.575 7.1258600217452654
4.585 7.299071453051346
4.595 7.412945486518339
4.605 7.464454194867345
4.615 7.45327231434486
4.625 7.379858904839631
4.635 7.253910635515572
4.645 7.080192730676399
4.655 6.868616926103646
4.665 6.629010464663662
4.675 6.379034981090947
4.685 6.129955267979952
4.695 5.8962652980692845
4.705 5.692255818045362
4.715 5.531472341586369
4.725 5.42619488378836
4.735 5.386956507140798
4.745 5.422115579209477
4.755 5.5374946388977175
4.765 5.736097062975963
4.775 6.017911305506823
4.785 6.379811203140656
4.795 6.817496748046608
4.805 7.31879525101105
4.815 7.87310527091941
4.825 8.466132827302046
4.835 9.08163508924256
4.845 9.701969911100718
4.855 10.308727516016585
4.865 10.883422442481423
4.875 11.408218209695974
4.885 11.866652514688475
4.895 12.244327750342595
4.905 12.529530729311352
4.915 12.713747042302208
4.925 12.792039573810104
4.935 12.763267197745908
4.945 12.63012818911551
4.955 12.399022816965624
4.965 12.079740181506157
4.975 11.684984807950686
4.985 11.22976800879546
4.995 10.73069686675186
5.005 10.205199323842553
5.015 9.669082500510466
5.025 9.142891426506004
5.035 8.639466000091325
5.045 8.171993221701694
5.055 7.751048079889264
5.065 7.3842434718170225
5.075 7.0760366005410145
5.085 6.827695946000701
5.095 6.637424263299387
5.105 6.500625077795279
5.115 6.410293185445982
5.125 6.35750401478737
5.135 6.331972575553062
5.145 6.322650249650341
5.155 6.318326945958483
5.165 6.308207143914972
5.175 6.282431019621214
5.185 6.232516028656309
5.195 6.151699773670769
5.205 6.035171391388404
5.215 5.8801856604317395
5.225 5.6860611150297355
5.235 5.454070185996137
5.245 5.187235331381313
5.255 4.890049872658692
5.265 4.568145518803431
5.275 4.22793016294356
5.285 3.876219436694923
5.295 3.5198838101355205
5.305 3.165529964099285
5.315 2.817781632622021
5.325 2.485358789341698
5.335 2.170596077457841
5.345 1.8770067121546947
5.355 1.6056659067677421
5.365 1.3614340132169827
5.375 1.142865340708994
5.385 0.9498402805293641
5.395 0.7831184017150238
5.405 0.639008017245788
5.415 0.5169188322609687
5.425 0.41499767944786253
5.435 0.3312968497434484
5.445 0.26388812873772377
5.455 0.21095899868603055
5.465 0.17089050570764602
5.475 0.14231738663843418
5.485 0.1241717479942629
5.495 0.1157118980909539
5.505 0.11653789712338164
5.515 0.12659508218859597
5.525 0.14616633788933617
5.535 0.17585332232456494
5.545 0.21654632966091267
5.555 0.26938207552838955
5.565 0.3356885188413386
5.575 0.41691595189325376
5.585 0.514554041341473
5.595 0.6300352945127344
5.605 0.7633343966347719
5.615 0.9199031161621761
5.625 1.0962547187491856
5.635 1.2935378178671058
5.645 1.5113155304275439
5.655 1.748445373065553
5.665 2.0030209492810997
5.675 2.2723476683625394
5.685 2.5529596877794223
5.695 2.840683231233246
5.705 3.130748619066201
5.715 3.4179499053430695
5.725 3.6968471829694773
5.735 3.9620027039338557
5.745 4.20823832340285
5.755 4.430898785634386
5.765 4.626103373708547
5.775 4.790967726788915
5.785 4.923778370558641
5.795 5.024104763395203
5.805 5.092837344726459
5.815 5.132144951882087
5.825 5.1453506891551894
5.835 5.136731431568752
5.845 5.111252113375527
5.855 5.074251266767355
5.865 5.032430525248185
5.875 4.988824248623577
5.885 4.948811609561664
5.895 4.915982236460522
5.905 4.894125433627827
5.915 4.882472158259802
5.925 4.881910940996912
5.935 4.891237370479573
5.945 4.908179163856698
5.955 4.9296253330078965
5.965 4.951920413108725
5.975 4.971202681318287
5.985 4.983762039888692
5.995 4.986391775033093
6.005 4.976708808525217
6.015 4.953419264068905
6.025 4.916509970312326
6.035 4.867351600098068
6.045 4.808705104014114
6.055 4.744629495272664
6.065 4.680295437048279
6.075 4.621715057220183
6.085 4.575403611914988
6.095 4.54799275914926
6.105 4.545818095529254
6.115 4.57573694376869
6.125 4.640406636594126
6.135 4.743802112420452
6.1450000000000005 4.887378235700879
6.155 5.07070445061551
6.165 5.291376193298378
6.175 5.545032390019697
6.185 5.825481059285053
6.195 6.124929035819254
6.205 6.433267432479045
6.215 6.74298041244629
6.225 7.042201563015835
6.235 7.3206857982582605
6.245 7.5687556436593475
6.255 7.777780800129018
6.265 7.940606279941186
6.275 8.051903663231547
6.285 8.108424130157513
6.295 8.109137584639079
6.305 8.055249068513579
6.315 7.95009131986184
6.325 7.798900221152257
6.335 7.608487435423284
6.345 7.386831174463719
6.355 7.14261127391484
6.365 6.884718164140169
6.375 6.621766662411318
6.385 6.361644676415645
6.3950000000000005 6.111123979046766
6.405 5.875555432274865
6.415 5.658664788085646
6.425 5.461494125014387
6.435 5.286600624964578
6.445 5.131304890688971
6.455 4.992987967455226
6.465 4.867934775873159
6.475 4.751672092417104
6.485 4.639331282207419
6.495 4.5260107114119705
6.505 4.40711422212776
6.515 4.2786451376606465
6.525 4.137439662658888
6.535 3.981328842268081
6.545 3.810307970442591
6.555 3.623816093734144
6.565 3.422034811110075
6.575 3.2077801775505796
6.585 2.9839423333598867
6.595 2.7540230436936697
6.605 2.5219398975775578
6.615 2.2918333601670158
6.625 2.067889969213971
6.635 1.8541920745508755
6.6450000000000005 1.6556818980587995
6.655 1.4753653868416896
6.665 1.3156016250094673
6.675 1.179238440742881
6.685 1.07107663043614
6.695 0.992302583530231
6.705 0.9452291741884595
6.715 0.9311425776279807
6.725 0.9541539372355147
6.735 1.0149700872401102
6.745 1.115520884958582
6.755 1.2576166537857287
6.765 1.4428888124309025
6.775 1.672700147941129
6.785 1.9480291700435184
6.795 2.269335490783118
6.805 2.6364152395296117
6.815 3.0482569882560244
6.825 3.502909400039662
6.835 3.997371747718125
6.845 4.527517561262975
6.855 5.088059999038663
6.865 5.672565213223537
6.875 6.273517166290934
6.885 6.8824342718012375
6.8950000000000005 7.490035121483111
6.905 8.086447663720609
6.915 8.661453731551717
6.925 9.203937367808033
6.935 9.705734328216764
6.945 10.156060963968276
6.955 10.546126616026177
6.965 10.86816344449741
6.975 11.115658560917407
6.985 11.28354889656713
6.995 11.368372632347569
