0.005 0.0
0.015 0.0
0.025 0.0
0.034999999999999996 0.0
0.045 0.0
0.055 0.0
0.065 0.0
0.07500000000000001 0.0
0.085 0.0
0.095 0.0
0.10500000000000001 0.0
0.115 0.0
0.125 0.0
0.135 0.0
0.14500000000000002 0.0
0.155 0.0
0.165 0.0
0.17500000000000002 0.0
0.185 0.0
0.195 0.0
0.20500000000000002 0.0
0.215 0.0
0.225 0.0
0.23500000000000001 0.0
0.245 0.0
0.255 0.0
0.265 0.0
0.275 0.0
0.28500000000000003 0.0
0.295 0.0
0.305 0.0
0.315 0.0
0.325 0.0
0.335 0.0
0.34500000000000003 0.0
0.35500000000000004 0.0
0.365 0.0
0.375 0.0
0.385 0.0
0.395 0.0
0.405 0.0
0.41500000000000004 0.0
0.425 0.0
0.435 0.0
0.445 0.0
0.455 0.0
0.465 0.0
0.47500000000000003 0.0
0.485 0.0
0.495 0.0
0.505 0.0
0.515 0.0
0.525 0.0
0.535 0.0
0.545 0.0
0.555 0.0
0.5650000000000001 0.0
0.5750000000000001 0.0
0.585 0.0
0.595 0.0
0.605 0.0
0.615 0.0
0.625 0.0
0.635 0.0
0.645 0.0
0.655 0.0
0.665 0.0
0.675 0.0
0.685 0.0
0.6950000000000001 0.0
0.7050000000000001 0.0
0.715 0.0
0.725 0.0
0.735 0.0
0.745 0.0
0.755 0.0
0.765 0.0
0.775 0.0
0.785 0.0
0.795 0.0
0.805 0.0
0.8150000000000001 0.0
0.8250000000000001 0.0
0.8350000000000001 0.0
0.845 0.0
0.855 0.0
0.865 0.0
0.875 0.0
0.885 0.0
0.895 0.0
0.905 0.0
0.915 0.0
0.925 0.0
0.935 0.0
0.9450000000000001 0.0
0.9550000000000001 0.0
0.965 0.0
0.975 0.0
0.985 0.0
0.995 0.0
1.005 0.0
1.015 0.0
1.025 0.0
1.035 0.0
1.045 0.0
1.055 0.0
1.065 0.0
1.075 0.0
1.085 0.0
1.095 0.0
1.105 0.0
1.115 0.0
1.125 0.0
1.135 0.0
1.145 0.0
1.155 0.0
1.1649999999999998 0.0
1.1749999999999998 0.0
1.1849999999999998 0.0
1.1949999999999998 0.0
1.2049999999999998 0.0
1.2149999999999999 0.0
1.2249999999999999 0.0
1.2349999999999999 0.0
1.2449999999999999 0.0
1.255 0.0
1.265 0.0
1.275 0.0
1.285 0.0
1.295 0.0
1.305 0.0
1.315 0.0
1.325 0.0
1.335 0.0
1.345 0.0
1.355 0.0
1.365 0.0
1.375 0.0
1.385 0.0
1.395 0.0
1.405 0.0
1.4149999999999998 0.0
1.4249999999999998 0.0
1.4349999999999998 0.0
1.4449999999999998 0.0
1.4549999999999998 0.01519422754137449
1.4649999999999999 0.02255407115567143
1.4749999999999999 0.03314578597717738
1.4849999999999999 0.048226834027565446
1.4949999999999999 0.06947142998539531
1.505 0.09907880947044116
1.515 0.13989828022493547
1.525 0.1955694557496069
1.535 0.2706741201752325
1.545 0.3708937334052056
1.555 0.5031637121958265
1.565 0.6758124445846502
1.575 0.8986697269406155
1.585 1.1831262620922298
1.595 1.5421234182678893
1.605 1.990051085924022
1.615 2.5425316817430597
1.625 3.216070619017982
1.635 4.02755829307345
1.645 4.993616065391441
1.655 6.129788885070797
1.665 7.449599776889177
1.6749999999999998 8.963495823124223
1.6849999999999998 10.677730486917405
1.6949999999999998 12.593241859725214
1.7049999999999998 14.716398583305129
1.7149999999999999 17.01661338653122
1.7249999999999999 19.48183368155799
1.7349999999999999 22.08409400646048
1.7449999999999999 24.78749211940001
1.755 27.548750057165893
1.765 30.318258389583722
1.775 33.04159986399126
1.785 35.67246391651938
1.795 38.13647229935416
1.805 40.38587919409045
1.815 42.37061454991927
1.825 44.048289095358584
1.835 45.386683840688626
1.845 46.3658599773957
1.855 46.97973637141973
1.865 47.237009656712395
1.875 47.16133013830233
1.885 46.79069242712869
1.895 46.176049367838026
1.905 45.379207462609145
1.915 44.470107771138615
1.9249999999999998 43.523634741201775
1.9349999999999998 42.616123898165384
1.9449999999999998 41.821756051233926
1.9549999999999998 41.209029964465415
1.9649999999999999 40.83749762490875
1.9749999999999999 40.754927553986235
1.9849999999999999 40.99503398625965
1.9949999999999999 41.5758755700498
2.005 42.49898911393686
2.015 43.74928436573903
2.025 45.29568719994805
2.035 47.09248289012538
2.045 49.081279919169916
2.0549999999999997 51.193489160269465
2.065 53.35319395786189
2.0749999999999997 55.480273997437855
2.085 57.49363991369674
2.0949999999999998 59.31443613609106
2.105 60.869076095682175
2.1149999999999998 62.09198604055989
2.125 62.92795061491985
2.135 63.33397421631821
2.145 63.28059601851935
2.155 62.75262240450772
2.165 61.7492672936832
2.175 60.283717319915766
2.185 58.382163861523324
2.195 56.08236641079337
2.205 53.43183065462186
2.215 50.485699018107226
2.225 47.30446060288228
2.235 43.95159099642146
2.245 40.49123021040254
2.255 36.98599923555323
2.265 33.484908732753354
2.275 30.065678044194637
2.285 26.761166409335004
2.295 23.611903773369388
2.305 20.650384701448534
2.315 17.900919827598187
2.3249999999999997 15.379821161352194
2.335 13.095876828973603
2.3449999999999998 11.051059977267581
2.355 9.241410215938892
2.3649999999999998 7.658024114686185
2.375 6.288093552169933
2.385 5.115936497783906
2.395 4.123973253171111
2.405 3.293611340667031
2.415 2.6060131408897402
2.425 2.0427311665842787
2.435 1.5862057719026041
2.445 1.2201285797398373
2.455 0.9296816152718496
2.465 0.7016669150817914
2.475 0.5245442719025273
2.485 0.38839595235686414
2.495 0.28483696648800017
2.505 0.20688810589416765
2.515 0.14095687605331397
2.525 0.1008318219742126
2.535 0.07141114859937915
2.545 0.05007160094690567
2.555 0.03475953768144057
2.565 0.023889857584184916
2.5749999999999997 0.016255868791995608
2.585 0.01095125432581605
2.5949999999999998 0.0
2.605 0.0
2.6149999999999998 0.0
2.625 0.0
2.635 0.0
2.645 0.0
2.655 0.0
2.665 0.0
2.675 0.0
2.685 0.0
2.695 0.0
2.705 0.0
2.715 0.0
2.725 0.0
2.735 0.0
2.745 0.005285983949515427
2.755 0.007846431008122393
2.765 0.01153122738173655
2.775 0.016777836840437
2.785 0.0293227548185763
2.795 0.04211952934742111
2.805 0.065003132706828
2.815 0.09195194456453049
2.8249999999999997 0.12883494288462896
2.835 0.17879591697038028
2.8449999999999998 0.2457750201117231
2.855 0.3346409695070719
2.8649999999999998 0.4513221760430749
2.875 0.6029278477247642
2.885 0.7978476339617196
2.895 1.0458160084646482
2.905 1.357925591193767
2.915 1.7465722999417732
2.925 2.2253149454411743
2.935 2.808632986262304
2.945 3.5115689476547343
2.955 4.349246702204109
2.965 5.336263494480428
2.975 6.485962169466631
2.985 7.809600219682113
2.995 9.315443445096726
3.005 11.007823437060498
3.015 12.886208768023346
3.025 14.944348575417798
3.035 17.169553015717604
3.045 19.542176759347395
3.055 22.035368437189454
3.065 24.615140215522082
3.075 27.24079740266145
3.085 29.86574864157405
3.0949999999999998 32.43869383823808
3.105 34.905161056492034
3.1149999999999998 37.209337139301674
3.125 39.2961120194122
3.135 41.11323584158237
3.145 42.61347324049937
3.155 43.7566321004471
3.165 44.511345947784484
3.175 44.85650011314556
3.185 44.78221142572117
3.195 44.290298122209435
3.205 43.39420880724242
3.215 42.118414103563964
3.225 40.49729921837566
3.235 38.573627178171556
3.245 36.39666839618127
3.255 34.020110531115385
3.265 31.49987200760298
3.275 28.891942674131947
3.285 26.250366303134406
3.295 23.625463191774397
3.305 21.062368815034723
3.315 18.59993852566137
3.325 16.270041052552752
3.335 14.097237296375798
3.3449999999999998 12.098817634622028
3.355 10.285152143007242
3.3649999999999998 8.660294773395918
3.375 7.222774971900532
3.385 5.966508296419679
3.395 4.881760661370494
3.405 3.95610792244011
3.415 3.1753424437313473
3.425 2.524289835968961
3.435 1.9875110578186117
3.445 1.549876537636932
3.455 1.1970091323136942
3.465 0.9156010815203691
3.475 0.6936163814007885
3.485 0.5203941594124213
3.495 0.3866708313115326
3.505 0.28453934060743585
3.515 0.20736297329211134
3.525 0.14965948486930802
3.535 0.10696893658621687
3.545 0.07571603357082071
3.555 0.0495495196607718
3.565 0.034515675401422044
3.575 0.023806114214849988
3.585 0.019549953526825446
3.5949999999999998 0.012442563403960834
3.605 0.012272168272896561
3.6149999999999998 0.010450107373526247
3.625 0.015053526058227972
3.635 0.02146904764296689
3.645 0.030314078856733956
3.655 0.042377275074646906
3.665 0.05865144739646757
3.675 0.08036769189611423
3.685 0.1090288202601692
3.695 0.1464394823479016
3.705 0.19472966304400444
3.715 0.2563675747040677
3.725 0.3372301325830641
3.735 0.43577840832028053
3.745 0.5576354737775483
3.755 0.7066321241128924
3.765 0.8867668538756026
3.775 1.1020860354000857
3.785 1.3565342595368093
3.795 1.653777815044505
3.805 1.997007008295601
3.815 2.3887258296680645
3.825 2.8305400847468247
3.835 3.322957217261812
3.8449999999999998 3.8652123401772376
3.855 4.455135177743719
3.8649999999999998 5.089071496110713
3.875 5.761870070739201
3.885 6.4669423611786785
3.895 7.196397059579818
3.905 7.941245934011375
3.915 8.691671424877386
3.925 9.437340886107421
3.935 10.167747828508547
3.945 10.872557600218604
3.955 11.541934070421002
3.965 12.166825300611482
3.975 12.739189868066827
3.985 13.252151147929318
3.995 13.700073905021178
4.005 14.078565233712343
4.015 14.384409339086297
4.025 14.615451995011634
4.035 14.770454974358477
4.045 14.848942769130545
4.055 14.851063245098782
4.065 14.77748058527079
4.075 14.629313380951901
4.085 14.408123722696
4.095 14.115955513177525
4.1049999999999995 13.757989121560257
4.115 13.333587998315878
4.125 12.84866956041828
4.135 12.308355802501845
4.145 11.718766926934203
4.155 11.087048691991889
4.165 10.421340850080046
4.175 9.730682208170888
4.185 9.024854604612507
4.195 8.31417436106317
4.205 7.614175832766952
4.215 6.928006203390673
4.225 6.269621339899384
4.235 5.649276971025017
4.245 5.076614023356977
4.255 4.56049825247944
4.265 4.10890840386187
4.275 3.728872805272104
4.285 3.42644923153129
4.295 3.2091106431952827
4.305 3.07744219596064
4.315 3.0364745466993672
4.325 3.0888696776234577
4.335 3.2365403830565826
4.345 3.4806655493824983
4.355 3.8239905602134217
4.365 4.262657055108488
4.375 4.79714192250996
4.385 5.4277709979274
4.395 6.145950114606437
4.405 6.954474647504928
4.415 7.845194414112097
4.425 8.812074306787576
4.435 9.847891915784137
4.445 10.94426191138017
4.455 12.093917807808594
4.465 13.283019011452687
4.475 14.501854576747768
4.485 15.738618654307121
4.495 16.981121079661445
4.505 18.217046544695883
4.515 19.434232359340488
4.525 20.620953549518052
4.535 21.7641531524756
4.545 22.858596583308707
4.555 23.892486657797708
4.565 24.85845619726802
4.575 25.75062411651789
4.585 26.564653291975247
4.595 27.297731500953372
4.605 27.948473880607423
4.615 28.516750555209434
4.625 29.003448643182445
4.635 29.41018329582165
4.645 29.738977190423
4.655 29.9919314569736
4.665 30.170912889516067
4.675 30.277282153181975
4.685 30.31168541384118
4.695 30.273927482779403
4.705 30.162938503009755
4.715 29.976838922170366
4.725 29.713099655280708
4.735 29.368786660847945
4.745 28.940872341719746
4.755 28.42659084857873
4.765 27.82381096039235
4.775 27.131398991539797
4.785 26.349545160240396
4.795 25.481967166829666
4.805 24.529286741431953
4.815 23.498345754332615
4.825 22.39660555131752
4.835 21.23334984573329
4.845 20.019506122152514
4.855 18.767389626729837
4.865 17.490386002515265
4.875 16.202591352363225
4.885 14.918429769284275
4.895 13.65226820022544
4.905 12.4180470361146
4.915 11.227223998190281
4.925 10.095936930836846
4.935 9.032511249619382
4.945 8.04634053672373
4.955 7.145189512469936
4.965 6.335125736513125
4.975 5.620497966948822
4.985 5.003953194702394
4.995 4.486483277658444
5.005 4.067492064547087
5.015 3.7433690697814104
5.025 3.515579056584462
5.035 3.3757867353371904
5.045 3.318144918731523
5.055 3.335667815648301
5.065 3.4203525047860848
5.075 3.5633132769026785
5.085 3.754935775654186
5.095 3.98505714767558
5.105 4.2415944712378
5.115 4.51765204558754
5.125 4.802225296665381
5.135 5.082818169604631
5.145 5.351532433507919
5.155 5.600421831770859
5.165 5.821382192330991
5.175 6.013094103294207
5.185 6.170216357428315
5.195 6.290114177158695
5.205 6.37885182966421
5.215 6.434415875153672
5.225 6.4625058610314134
5.235 6.469188754067879
5.245 6.461683401424439
5.255 6.447973111508844
5.265 6.434900200743028
5.275 6.43414782757611
5.285 6.451267524514812
5.295 6.493100441647076
5.305 6.5652431165965925
5.315 6.671809668407411
5.325 6.815283428875841
5.335 6.996462136242918
5.345 7.214493735141718
5.355 7.466993322845821
5.365 7.7517995618928595
5.375 8.061675083766657
5.385 8.39205209822832
5.395 8.736751581014829
5.405 9.089294737239046
5.415 9.44313969020863
5.425 9.791881953090897
5.435 10.129413024451518
5.445 10.450036491448536
5.455 10.74854553078396
5.465 11.020269203558477
5.475 11.261097111200804
5.485 11.467492643916803
5.495 11.636504217403896
5.505 11.765781738770087
5.515 11.853602399964313
5.525 11.898906208203073
5.535 11.901337928041132
5.545 11.8612888298596
5.555 11.779929259143474
5.565 11.659221897421691
5.575 11.501905870913324
5.585 11.311443600350668
5.595 11.091925326408543
5.605 10.846638150954037
5.615 10.583494849564053
5.625 10.305610811314487
5.635 10.01789168825911
5.645 9.724868059483912
5.655 9.430480151405682
5.665 9.137893103758064
5.675 8.849358945000382
5.685 8.56613816154477
5.695 8.288489089582267
5.705 8.015727760777395
5.715 7.746354837450303
5.725 7.478240473802899
5.735 7.208852917692149
5.745 6.93551292412174
5.755 6.655653954287073
5.765 6.367067875347554
5.775 6.06811745458049
5.785 5.757900164719196
5.795 5.436352327217081
5.805 5.1042879378892865
5.815 4.7633721017505
5.825 4.416194272469897
5.835 4.066548759631091
5.845 3.7172026090507755
5.855 3.372074794668318
5.865 3.0351627143778876
5.875 2.710360797559592
5.885 2.401301082238672
5.895 2.1112257305549536
5.905 1.8428978310630713
5.915 1.5985530258261613
5.925 1.3811977583085142
5.935 1.1888990067415568
5.945 1.0260174127831985
5.955 0.8913608642992993
5.965 0.7851764449069663
5.975 0.7075373989040611
5.985 0.6584350665610049
5.995 0.6378553396340475
6.005 0.6458335359266967
6.015 0.6813734476906557
6.025 0.7485319947599883
6.035 0.8440250527098065
6.045 0.9690583969481424
6.055 1.1239320127061099
6.065 1.3100534727484916
6.075 1.52544792001619
6.085 1.7706173018677585
6.095 2.0448367741302524
6.105 2.346920638413325
6.115 2.6751752811314162
6.125 3.0273789317430175
6.135 3.4007918511291346
6.1450000000000005 3.792198322519445
6.155 4.197979359039064
6.165 4.614212544701921
6.175 5.035743838240621
6.185 5.460875343188187
6.195 5.884022515647208
6.205 6.30138204973788
6.215 6.709478893016472
6.225 7.105260338825168
6.235 7.486156781126016
6.245 7.850104183718058
6.255 8.195526149892913
6.265 8.521276616632088
6.275 8.826547398976283
6.285 9.11074782200044
6.295 9.373366252986601
6.305 9.613825262525628
6.315 9.83134321915423
6.325 10.024815231941506
6.335 10.192725440372246
6.345 10.33310072738557
6.355 10.443513095451506
6.365 10.522276807605497
6.375 10.564538657169111
6.385 10.567869364745743
6.3950000000000005 10.530287333751739
6.405 10.447265169423602
6.415 10.317357173071988
6.425 10.139160969495185
6.435 9.912291737765488
6.445 9.637564779886468
6.455 9.3171277057885
6.465 8.954531506190936
6.475 8.554733857042544
6.485 8.124032518902805
6.495 7.669931253738193
6.505 7.200944876903996
6.515 6.726353541213921
6.525 6.255918851748119
6.535 5.800662905392245
6.545 5.368728396287128
6.555 4.970238288670174
6.565 4.613855584077447
6.575 4.3072412855030615
6.585 4.056821564057151
6.595 3.867594803013527
6.605 3.742982271651379
6.615 3.68472478857242
6.625 3.6928268148778236
6.635 3.764648976768204
6.6450000000000005 3.898854743998595
6.655 4.089084650821003
6.665 4.329930626493048
6.675 4.611955441087975
6.685 4.927101546274038
6.695 5.265823935790554
6.705 5.618127950442629
6.715 5.973905304773014
6.725 6.323280723194683
6.735 6.656082545888674
6.745 6.9659470498658
6.755 7.244387398908667
6.765 7.4856232078528535
6.775 7.685441137807537
6.785 7.841285466082905
6.795 7.95226691754938
6.805 8.020222612517841
6.815 8.045587298540104
6.825 8.032570656301482
6.835 7.985921244018341
6.845 7.91104474443711
6.855 7.81312042565632
6.865 7.697966405081278
6.875 7.570444774022365
6.885 7.437865038923387
6.8950000000000005 7.303866484072307
6.905 7.172704766776974
6.915 7.0479432353274065
6.925 6.932445167470948
6.935 6.828409164618913
6.945 6.737438380133074
6.955 6.660632814570079
6.965 6.598693460395165
6.975 6.552027493246292
6.985 6.520844801674789
6.995 6.5052377224290385
