0.005 0.0
0.015 0.0
0.025 0.0
0.034999999999999996 0.0
0.045 0.0
0.055 0.0
0.065 0.0
0.07500000000000001 0.0
0.085 0.0
0.095 0.0
0.10500000000000001 0.0
0.115 0.0
0.125 0.0
0.135 0.0
0.14500000000000002 0.0
0.155 0.0
0.165 0.0
0.17500000000000002 0.0
0.185 0.0
0.195 0.0
0.20500000000000002 0.0
0.215 0.0
0.225 0.0
0.23500000000000001 0.0
0.245 0.0
0.255 0.0
0.265 0.0
0.275 0.0
0.28500000000000003 0.0
0.295 0.0
0.305 0.0
0.315 0.0
0.325 0.0
0.335 0.0
0.34500000000000003 0.0
0.35500000000000004 0.0
0.365 0.0
0.375 0.0
0.385 0.0
0.395 0.0
0.405 0.0
0.41500000000000004 0.0
0.425 0.0
0.435 0.0
0.445 0.0
0.455 0.0
0.465 0.0
0.47500000000000003 0.0
0.485 0.0
0.495 0.0
0.505 0.0
0.515 0.0
0.525 0.0
0.535 0.0
0.545 0.0
0.555 0.0
0.5650000000000001 0.0
0.5750000000000001 0.0
0.585 0.0
0.595 0.0
0.605 0.0
0.615 0.0
0.625 0.0
0.635 0.0
0.645 0.0
0.655 0.0
0.665 0.0
0.675 0.0
0.685 0.0
0.6950000000000001 0.0
0.7050000000000001 0.0
0.715 0.0
0.725 0.0
0.735 0.0
0.745 0.0
0.755 0.0
0.765 0.0
0.775 0.0
0.785 0.0
0.795 0.0
0.805 0.0
0.8150000000000001 0.0
0.8250000000000001 0.0
0.8350000000000001 0.0
0.845 0.0
0.855 0.0
0.865 0.0
0.875 0.0
0.885 0.0
0.895 0.0
0.905 0.0
0.915 0.0
0.925 0.0
0.935 0.0
0.9450000000000001 0.0
0.9550000000000001 0.0
0.965 0.0
0.975 0.0
0.985 0.0
0.995 0.0
1.005 0.0
1.015 0.0
1.025 0.0
1.035 0.0
1.045 0.0
1.055 0.0
1.065 0.0
1.075 0.0
1.085 0.0
1.095 0.0
1.105 0.0
1.115 0.0
1.125 0.0
1.135 0.0
1.145 0.0
1.155 0.0
1.1649999999999998 0.0
1.1749999999999998 0.0
1.1849999999999998 0.0
1.1949999999999998 0.0
1.2049999999999998 0.0
1.2149999999999999 0.0
1.2249999999999999 0.0
1.2349999999999999 0.0
1.2449999999999999 0.0
1.255 0.0
1.265 0.0
1.275 0.0
1.285 0.0
1.295 0.0
1.305 0.0
1.315 0.0
1.325 0.0
1.335 0.0
1.345 0.0
1.355 0.0
1.365 0.0
1.375 0.0
1.385 0.0
1.395 0.0
1.405 0.0
1.4149999999999998 0.0
1.4249999999999998 0.0
1.4349999999999998 0.0
1.4449999999999998 0.0
1.4549999999999998 0.0
1.4649999999999999 0.0
1.4749999999999999 0.0
1.4849999999999999 0.0
1.4949999999999999 0.0
1.505 0.0
1.515 0.0
1.525 0.0
1.535 0.0
1.545 0.0
1.555 0.0
1.565 0.0
1.575 0.0
1.585 0.0
1.595 0.0
1.605 0.0
1.615 0.0
1.625 0.0
1.635 0.0
1.645 0.0
1.655 0.0
1.665 0.0
1.6749999999999998 0.0
1.6849999999999998 0.0
1.6949999999999998 0.0
1.7049999999999998 0.0
1.7149999999999999 0.0
1.7249999999999999 0.0
1.7349999999999999 0.0
1.7449999999999999 0.0
1.755 0.0
1.765 0.0
1.775 0.0
1.785 0.0
1.795 0.0
1.805 0.0
1.815 0.0
1.825 0.0
1.835 0.0
1.845 0.0
1.855 0.0
1.865 0.0
1.875 0.0
1.885 0.0
1.895 0.0
1.905 0.0
1.915 0.0
1.9249999999999998 0.0
1.9349999999999998 0.0
1.9449999999999998 0.0
1.9549999999999998 0.0
1.9649999999999999 0.0
1.9749999999999999 0.0
1.9849999999999999 0.0
1.9949999999999999 0.0
2.005 0.0
2.015 0.0
2.025 0.0
2.035 0.0
2.045 0.0
2.0549999999999997 0.0
2.065 0.0
2.0749999999999997 0.0
2.085 0.0
2.0949999999999998 0.0
2.105 0.0
2.1149999999999998 0.0
2.125 0.0
2.135 0.0
2.145 0.0
2.155 0.0
2.165 0.0
2.175 0.0
2.185 0.0
2.195 0.0
2.205 0.0
2.215 0.0
2.225 0.0
2.235 0.0
2.245 0.0
2.255 0.0
2.265 0.0
2.275 0.0
2.285 0.0
2.295 0.0
2.305 0.0
2.315 0.0
2.3249999999999997 0.0
2.335 0.0
2.3449999999999998 0.0
2.355 0.0
2.3649999999999998 0.0
2.375 0.0
2.385 0.0
2.395 0.0
2.405 0.0
2.415 0.0
2.425 0.0
2.435 0.0
2.445 0.0
2.455 0.0
2.465 0.0
2.475 0.0
2.485 0.0
2.495 0.006238352881401466
2.505 0.009260112394538262
2.515 0.01360879379316809
2.525 0.01980067813236903
2.535 0.028523154220531453
2.545 0.04067917074840913
2.555 0.057438579037193176
2.565 0.08029570930588494
2.5749999999999997 0.11113172242010659
2.585 0.15227927738883953
2.5949999999999998 0.20658587514541998
2.605 0.27747093424008573
2.6149999999999998 0.36897031225985655
2.625 0.48576073420558596
2.635 0.6331555877804038
2.645 0.8170629860718273
2.655 1.043897085236194
2.665 1.3204345767699686
2.675 1.653610215734222
2.685 2.050248298922691
2.695 2.5167311763257207
2.705 3.058611048629872
2.715 3.680177214889769
2.725 4.383997183700443
2.735 5.17045611090642
2.745 6.037324240444524
2.755 6.979385720492197
2.765 7.988163689279622
2.775 9.051775327351796
2.785 10.154946302625016
2.795 11.279206605918045
2.805 12.403279422994613
2.815 13.503661990843304
2.8249999999999997 14.555383238833207
2.835 15.532908576691275
2.8449999999999998 16.411148775315656
2.855 17.166518832086997
2.8649999999999998 17.777985233989185
2.875 18.228037072869135
2.885 18.503518574969128
2.895 18.596267847798476
2.905 18.503518574969128
2.915 18.228037072869135
2.925 17.777985233989185
2.935 17.166518832086997
2.945 16.411148775315656
2.955 15.532908576691275
2.965 14.555383238833207
2.975 13.503661990843304
2.985 12.403279422994613
2.995 11.279206605918045
3.005 10.154946302625016
3.015 9.051775327351796
3.025 7.988163689279622
3.035 6.979385720492197
3.045 6.037324240444524
3.055 5.17045611090642
3.065 4.383997183700443
3.075 3.680177214889769
3.085 3.058611048629872
3.0949999999999998 2.5167311763257207
3.105 2.050248298922691
3.1149999999999998 1.653610215734222
3.125 1.3204345767699686
3.135 1.043897085236194
3.145 0.8170629860718273
3.155 0.6331555877804038
3.165 0.48576073420558596
3.175 0.36897031225985655
3.185 0.27747093424008573
3.195 0.20658587514541998
3.205 0.15227927738883953
3.215 0.11113172242010659
3.225 0.08029570930588494
3.235 0.057438579037193176
3.245 0.04067917074840913
3.255 0.028523154220531453
3.265 0.01980067813236903
3.275 0.01360879379316809
3.285 0.009260112394538262
3.295 0.006238352881401466
3.305 0.0
3.315 0.0
3.325 0.0
3.335 0.0
3.3449999999999998 0.0
3.355 0.0
3.3649999999999998 0.0
3.375 0.0
3.385 0.0
3.395 0.0
3.405 0.0
3.415 0.0
3.425 0.0
3.435 0.0
3.445 0.0
3.455 0.0
3.465 0.0
3.475 0.0
3.485 0.0
3.495 0.0
3.505 0.0
3.515 0.0
3.525 0.0
3.535 0.0
3.545 0.0
3.555 0.0
3.565 0.0
3.575 0.0
3.585 0.0
3.5949999999999998 0.0
3.605 0.0
3.6149999999999998 0.0
3.625 0.0
3.635 0.0
3.645 0.0
3.655 0.0
3.665 0.0
3.675 0.0
3.685 0.0
3.695 0.0
3.705 0.0
3.715 0.0
3.725 0.0
3.735 0.0
3.745 0.0
3.755 0.0
3.765 0.0
3.775 0.0
3.785 0.0
3.795 0.0029710049102526187
3.805 0.0044101127199273945
3.815 0.0064811648123750615
3.825 0.009430039158731298
3.835 0.013584103505548086
3.8449999999999998 0.019373385625369926
3.855 0.027355025212856654
3.8649999999999998 0.03824069448383113
3.875 0.05292629308920936
3.885 0.07252274589992812
3.895 0.09838617037450956
3.905 0.13214505876020266
3.915 0.17572148134319843
3.925 0.2313427204214992
3.935 0.3015392678182171
3.945 0.38912485230552085
3.955 0.49715420480323713
3.965 0.6288547130680425
3.975 0.7875290423594266
3.985 0.9764272523756246
3.995 1.1985889264042058
4.005 1.4566582905439625
4.015 1.7526781161473817
4.025 2.0878711747998437
4.035 2.465079049917339
4.045 2.879211084358241
4.055 3.329719223211099
4.065 3.8127863621780484
4.075 4.323046224206875
4.085 4.85360917991569
4.095 5.396177391004848
4.1049999999999995 5.9412545430718575
4.115 6.478449045417706
4.125 6.996862411085497
4.135 7.485547151288253
4.145 7.934011573048283
4.155 8.332743032510013
4.165 8.673717101111398
4.175 8.950858265946769
4.185 9.160418551101797
4.195 9.301243932347738
4.205 9.374904495174883
4.215 9.385672582656346
4.225 9.340343105657173
4.235 9.247900989544272
4.245 9.119051559526465
4.255 8.965639654712716
4.265 8.79999160422767
4.275 8.634220224978012
4.285 8.479536225992234
4.295 8.345609569725664
4.305 8.240021427772616
4.315 8.167841593527145
4.325 8.13135800539007
4.335 8.129974992373695
4.345 8.1602857056081
4.355 8.216312740971462
4.365 8.289900000059593
4.375 8.371229146514217
4.385 8.449426264428865
4.395 8.513219044965243
4.405 8.551602365736763
4.415 8.554470626708953
4.425 8.51317858744836
4.435 8.420998417066158
4.445 8.273448726685837
4.455 8.068480852167744
4.465 7.806517833782636
4.475 7.492551576766237
4.485 7.12817864351945
4.495 6.721736389250537
4.505 6.2815343492376865
4.515 5.816876927383038
4.525 5.337606688104351
4.535 4.853665397602543
4.545 4.374698632049649
4.555 3.909724138508394
4.565 3.466877443172311
4.575 3.053241071327888
4.585 2.674756778149017
4.595 2.3362139240613935
4.605 2.0393203983393295
4.615 1.791402983664201
4.625 1.5914100773978923
4.635 1.440509642150133
4.645 1.3392638373282875
4.655 1.2877524433536425
4.665 1.28566256167574
4.675 1.3323371267388118
4.685 1.4288012718481802
4.695 1.570615488793084
4.705 1.7574248322805797
4.715 1.987015030727254
4.725 2.2585491070771746
4.735 2.56547064271406
4.745 2.904899528695313
4.755 3.271837329721596
4.765 3.6605132557468463
4.775 4.064464048797677
4.785 4.476681043624233
4.795 4.889824325606773
4.805 5.296497673815676
4.815 5.689571656960272
4.825 6.06253639098805
4.835 6.409860629741134
4.845 6.72555764006924
4.855 7.011169673236649
4.865 7.263342324356531
4.875 7.483294418619474
4.885 7.6741657749014776
4.895 7.840893920765343
4.905 7.989960247763062
4.915 8.12901393205025
4.925 8.266391623476267
4.935 8.410559776409539
4.945 8.569513785941364
4.955 8.750173134072234
4.965 8.957814036029173
4.975 9.1955803127826
4.985 9.46410934994397
4.995 9.761303235330693
5.005 10.082265938311401
5.015 10.419416354088906
5.025 10.762774996691885
5.035 11.100409994794706
5.045 11.419016759054003
5.055 11.704596131811407
5.065 11.943188757733942
5.075 12.121619393977191
5.085 12.228204234939447
5.095 12.255108647592468
5.105 12.192766655685006
5.115 12.03848040991043
5.125 11.79160743262932
5.135 11.454741759227087
5.145 11.03357227165007
5.155 10.536589059811426
5.165 9.974663054515478
5.175 9.360531100184437
5.185 8.708222731543097
5.195 8.03246600368945
5.205 7.348107892958705
5.215 6.669580384552313
5.225 6.012089376565047
5.235 5.385429226378182
5.245 4.801567498126101
5.255 4.269686999028141
5.265 3.797204928796914
5.275 3.3897700462823357
5.285 3.0498567724906227
5.295 2.783240788568138
5.305 2.5886733581516395
5.315 2.465771320802106
5.325 2.4129703742553392
5.335 2.4276667616468224
5.345 2.5063424627742377
5.355 2.644672998412496
5.365 2.8376203957688375
5.375 3.0795163660465272
5.385 3.364142098482673
5.395 3.6848112117300147
5.405 4.036012943095259
5.415 4.408061494925559
5.425 4.794598038331607
5.435 5.189772289947798
5.445 5.584024651915159
5.455 5.971544096695864
5.465 6.345975562065547
5.475 6.701585845662688
5.485 7.033387771785987
5.495 7.335892693608333
5.505 7.6090377689182205
5.515 7.848617081132247
5.525 8.053416923527235
5.535 8.221867318760731
5.545 8.357783361319733
5.555 8.46086108500166
5.565 8.53362965046128
5.575 8.580865098403123
5.585 8.604367098818102
5.595 8.609838108175634
5.605 8.602540005797804
5.615 8.588143037364452
5.625 8.572570489733927
5.635 8.561813480138825
5.645 8.5617163138687
5.655 8.577736701008925
5.665 8.614689491443716
5.675 8.676486913489576
5.685 8.765891949595787
5.695 8.88430384213764
5.705 9.031595295886417
5.715 9.206019423408023
5.725 9.404200802210834
5.735 9.621219384060694
5.745 9.852173480716251
5.755 10.08757862358399
5.765 10.32167381801514
5.775 10.543977897038872
5.785 10.747188241802487
5.795 10.923631923361913
5.805 11.066585795648628
5.815 11.170621449425099
5.825 11.23187006746729
5.835 11.248191633551766
5.845 11.219241147154012
5.855 11.146433077598697
5.865 11.032813329935063
5.875 10.882854644263361
5.885 10.702195948834113
5.895 10.497348337590841
5.905 10.274235062387145
5.915 10.04290677983685
5.925 9.80903414007538
5.935 9.579760847085264
5.945 9.36177340425145
5.955 9.16113671932495
5.965 8.983158707889658
5.975 8.832276338515841
5.985 8.711955323704121
5.995 8.624597344115687
6.005 8.571451941058129
6.015 8.552534433077156
6.025 8.56655566908599
6.035 8.609771212172115
6.045 8.680749467933161
6.055 8.772545917537435
6.065 8.878609253656837
6.075 8.991292432090699
6.085 9.102086458148486
6.095 9.20192166801429
6.105 9.281526661047229
6.115 9.331828289299173
6.125 9.344370468123778
6.135 9.311725748316112
6.1450000000000005 9.227872095101329
6.155 9.088508397371575
6.165 8.891285834201208
6.175 8.635938023387192
6.185 8.324300296719997
6.195 7.960216748209472
6.205 7.549342064662988
6.215 7.097817928246757
6.225 6.616405344528773
6.235 6.112702947739866
6.245 5.595161306861503
6.255 5.075567953822416
6.265 4.56136868021788
6.275 4.060747619453813
6.285 3.5808392285798583
6.295 3.1275510024557036
6.305 2.7054640651213284
6.315 2.3178087578325774
6.325 1.9665076002576207
6.335 1.6522744558497515
6.345 1.3747565221668978
6.355 1.1327048861228357
6.365 0.9241597051499845
6.375 0.7466373800320834
6.385 0.5963323092519703
6.3950000000000005 0.472517577922468
6.405 0.3707197607888862
6.415 0.28798604717313014
6.425 0.22151079711992916
6.435 0.16870031275590486
6.445 0.12721379135558866
6.455 0.09498381404749495
6.465 0.07022017161626617
6.475 0.05140091019395747
6.485 0.03725427661351855
6.495 0.026734841816993704
6.505 0.01899656210406818
6.515 0.013364972173348751
6.525 0.009310146183617078
6.535 0.0064215529891952375
6.545 0.0043854937918295965
6.555 0.0020419615910578096
6.565 0.001375628764808506
6.575 0.0
6.585 0.0
6.595 0.0
6.605 0.0
6.615 0.0
6.625 0.0
6.635 0.0
6.6450000000000005 0.0
6.655 0.0
6.665 0.0
6.675 0.0
6.685 0.0
6.695 0.0
6.705 0.0
6.715 0.0
6.725 0.0
6.735 0.0
6.745 0.0
6.755 0.0
6.765 0.0
6.775 0.0
6.785 0.0
6.795 0.0
6.805 0.0
6.815 0.0
6.825 0.0
6.835 0.0
6.845 0.0
6.855 0.0
6.865 0.0
6.875 0.0
6.885 0.0
6.8950000000000005 0.0
6.905 0.0
6.915 0.0
6.925 0.0
6.935 0.0
6.945 0.0
6.955 0.0
6.965 0.0
6.975 0.0
6.985 0.0
6.995 0.0
