0.005 0.0
0.015 0.0
0.025 0.0
0.034999999999999996 0.0
0.045 0.0
0.055 0.0
0.065 0.0
0.07500000000000001 0.0
0.085 0.0
0.095 0.0
0.10500000000000001 0.0
0.115 0.0
0.125 0.0
0.135 0.0
0.14500000000000002 0.0
0.155 0.0
0.165 0.0
0.17500000000000002 0.0
0.185 0.0
0.195 0.0
0.20500000000000002 0.0
0.215 0.0
0.225 0.0
0.23500000000000001 0.0
0.245 0.0
0.255 0.0
0.265 0.0
0.275 0.0
0.28500000000000003 0.0
0.295 0.0
0.305 0.0
0.315 0.0
0.325 0.0
0.335 0.0
0.34500000000000003 0.0
0.35500000000000004 0.0
0.365 0.0
0.375 0.0
0.385 0.0
0.395 0.0
0.405 0.0
0.41500000000000004 0.0
0.425 0.0
0.435 0.0
0.445 0.0
0.455 0.0
0.465 0.0
0.47500000000000003 0.0
0.485 0.0
0.495 0.0
0.505 0.0
0.515 0.0
0.525 0.0
0.535 0.0
0.545 0.0
0.555 0.0
0.5650000000000001 0.0
0.5750000000000001 0.0
0.585 0.0
0.595 0.0
0.605 0.0
0.615 0.0
0.625 0.0
0.635 0.0
0.645 0.0
0.655 0.0
0.665 0.0
0.675 0.0
0.685 0.0
0.6950000000000001 0.0
0.7050000000000001 0.0
0.715 0.0
0.725 0.0
0.735 0.0
0.745 0.0
0.755 0.0
0.765 0.0
0.775 0.0
0.785 0.0
0.795 0.0
0.805 0.0
0.8150000000000001 0.0
0.8250000000000001 0.0
0.8350000000000001 0.0
0.845 0.0
0.855 0.0
0.865 0.0
0.875 0.0
0.885 0.0
0.895 0.0
0.905 0.0
0.915 0.0
0.925 0.0
0.935 0.0
0.9450000000000001 0.0
0.9550000000000001 0.0
0.965 0.0
0.975 0.0
0.985 0.0
0.995 0.0
1.005 0.0
1.015 0.0
1.025 0.0
1.035 0.0
1.045 0.0
1.055 0.0
1.065 0.0
1.075 0.0
1.085 0.0
1.095 0.0
1.105 0.0
1.115 0.0
1.125 0.0
1.135 0.0
1.145 0.0
1.155 0.0
1.1649999999999998 0.0
1.1749999999999998 0.0
1.1849999999999998 0.0
1.1949999999999998 0.0
1.2049999999999998 0.0
1.2149999999999999 0.0
1.2249999999999999 0.0
1.2349999999999999 0.0
1.2449999999999999 0.0
1.255 0.0
1.265 0.0
1.275 0.0
1.285 0.0
1.295 0.0
1.305 0.0
1.315 0.0
1.325 0.0
1.335 0.0
1.345 0.0
1.355 0.0
1.365 0.0
1.375 0.0
1.385 0.0
1.395 0.0
1.405 0.0
1.4149999999999998 0.0
1.4249999999999998 0.0
1.4349999999999998 0.0
1.4449999999999998 0.0
1.4549999999999998 0.0
1.4649999999999999 0.0
1.4749999999999999 0.014871813550177212
1.4849999999999999 0.022075484924206475
1.4949999999999999 0.03244244879737193
1.505 0.047203484469366744
1.515 0.06799728061157677
1.525 0.09697640615198001
1.535 0.1369297079321925
1.545 0.19141956865512905
1.555 0.26493054925911513
1.565 0.36302355187925395
1.575 0.4924868271595228
1.585 0.6614720388637275
1.595 0.8796003999450768
1.605 1.1580209081535218
1.615 1.5094003222862977
1.625 1.9478231864436382
1.635 2.4885804173550476
1.645 3.1478271916093594
1.655 3.9420954986988415
1.665 4.887654003038118
1.6749999999999998 5.999717797596902
1.6849999999999998 7.291522955257485
1.6949999999999998 8.773294876380195
1.7049999999999998 10.451154328712493
1.7149999999999999 12.32601949787428
1.7249999999999999 14.392574795429898
1.7349999999999999 16.63838598155914
1.7449999999999999 19.043244788129684
1.755 21.578823373042056
1.765 24.20870875627238
1.775 26.888869678602802
1.785 29.568583646407337
1.795 32.19182165394284
1.805 34.69905434888967
1.815 37.029408986015184
1.825 39.12307453115475
1.835 40.92382592487303
1.845 42.38152068728348
1.855 43.45441399149064
1.865 44.111143357982236
1.875 44.332251384196155
1.885 44.111143357982236
1.895 43.45441399149064
1.905 42.38152068728348
1.915 40.92382592487303
1.9249999999999998 39.12307453115475
1.9349999999999998 37.029408986015184
1.9449999999999998 34.69905434888967
1.9549999999999998 32.19182165394284
1.9649999999999999 29.568583646407337
1.9749999999999999 26.888869678602802
1.9849999999999999 24.20870875627238
1.9949999999999999 21.578823373042056
2.005 19.043244788129684
2.015 16.63838598155914
2.025 14.392574795429898
2.035 12.32601949787428
2.045 10.451154328712493
2.0549999999999997 8.773294876380195
2.065 7.291522955257485
2.0749999999999997 5.999717797596902
2.085 4.896120702290095
2.0949999999999998 3.9546633332177588
2.105 3.1662970612078625
2.1149999999999998 2.5154539190499876
2.125 1.9947354145927418
2.135 1.576782936844311
2.145 1.2538659309991234
2.155 1.0146066323097505
2.165 0.849794996510695
2.175 0.752634876518457
2.185 0.7189075085916294
2.195 0.7470664262963673
2.205 0.8382737129048109
2.215 0.9963820990990467
2.225 1.2278615170362017
2.235 1.5416630483691591
2.245 1.9490084473833993
2.255 2.463090226315875
2.265 3.0986662211169302
2.275 3.871534054109379
2.285 4.7879560960765035
2.295 5.886915996351153
2.305 7.168479404617905
2.315 8.645101766290276
2.3249999999999997 10.325695677951808
2.335 12.214533509382164
2.3449999999999998 14.310174761625472
2.355 16.60448972484206
2.3649999999999998 19.08185732692954
2.375 21.718616121491984
2.385 24.482842139530717
2.395 27.334515280945357
2.405 30.226117113514753
2.415 33.10367813291309
2.425 35.90826317582143
2.435 38.577851862415
2.445 41.0495392490741
2.455 43.26195312560995
2.465 45.15776139510597
2.475 46.6861281993925
2.485 47.80497274917247
2.495 48.482891175309845
2.505 48.70061911341098
2.515 48.45194008481383
2.525 47.74397997506768
2.535 46.59686817044228
2.545 45.04278781460733
2.555 43.12447764329784
2.565 40.89328259322672
2.5749999999999997 38.406877049800094
2.585 35.72680119853631
2.5949999999999998 32.915956474731736
2.605 30.03620062144335
2.6149999999999998 27.146167428536465
2.625 24.299412739633333
2.635 21.5429592827548
2.645 18.91628111488408
2.655 16.45073678562325
2.665 14.169431262664798
2.675 12.087462269021211
2.685 10.212488364155838
2.695 8.545544559408254
2.705 7.08202650845962
2.715 5.812765775761802
2.725 4.72512532226621
2.735 3.8040548301749197
2.745 3.0330583693765782
2.755 2.3950407775686746
2.765 1.8730127373212522
2.775 1.4506468911824264
2.785 1.1126877420895709
2.795 0.8452261466020777
2.805 0.6358548075180054
2.815 0.47372442592148534
2.8249999999999997 0.34952136632769704
2.835 0.2553872137020528
2.8449999999999998 0.18479889455341159
2.855 0.13242552782822584
2.8649999999999998 0.09397525398332339
2.875 0.06604228453665674
2.885 0.04596156349460054
2.895 0.02602880918235345
2.905 0.017889321490727538
2.915 0.012172800189633948
2.925 0.008200572509521225
2.935 0.0
2.945 0.0
2.955 0.0
2.965 0.0
2.975 0.0
2.985 0.0
2.995 0.0
3.005 0.0
3.015 0.0
3.025 0.0
3.035 0.0
3.045 0.0
3.055 0.0
3.065 0.0
3.075 0.0
3.085 0.0
3.0949999999999998 0.0
3.105 0.0
3.1149999999999998 0.0
3.125 0.0
3.135 0.0
3.145 0.0
3.155 0.0
3.165 0.0
3.175 0.0
3.185 0.0
3.195 0.0
3.205 0.0
3.215 0.0
3.225 0.0
3.235 0.0
3.245 0.0
3.255 0.0
3.265 0.0
3.275 0.0
3.285 0.0
3.295 0.0
3.305 0.0
3.315 0.0
3.325 0.0
3.335 0.0
3.3449999999999998 0.0
3.355 0.0
3.3649999999999998 0.0
3.375 0.0
3.385 0.0
3.395 0.0
3.405 0.0
3.415 0.0
3.425 0.0
3.435 0.0
3.445 0.0
3.455 0.0
3.465 0.0
3.475 0.0
3.485 0.0
3.495 0.0
3.505 0.0
3.515 0.0
3.525 0.0
3.535 0.003376585867610851
3.545 0.0050121506811685234
3.555 0.007365928422266253
3.565 0.01071736261508959
3.575 0.015438510977451272
3.585 0.02201810568695328
3.5949999999999998 0.03108934328015518
3.605 0.04346104852137364
3.6149999999999998 0.060151423060037554
3.625 0.0824230475153299
3.635 0.11181716708326653
3.645 0.15018458446316277
3.655 0.19970975762831614
3.665 0.26292402198805614
3.675 0.3427033145354654
3.685 0.44224547475394843
3.695 0.5650222442140581
3.705 0.7147015912354996
3.715 0.8950370380026884
3.725 1.1097223197928983
3.735 1.3622119626948659
3.745 1.6555111641908096
3.755 1.9919415605916508
3.765 2.3728928477677202
3.775 2.7985734960967252
3.785 3.2677766224551434
3.795 3.7776790823549313
3.805 4.323692669229738
3.815 4.899385659674055
3.825 5.4964906320091895
3.835 6.105010464693343
3.8449999999999998 6.713428818137559
3.855 7.309024530371222
3.8649999999999998 7.878281699714126
3.875 8.407379412490767
3.885 8.882737812283091
3.895 9.29159122391272
3.905 9.622554997593626
3.915 9.866151137110652
3.925 10.015258916754256
3.935 10.065460610986788
3.945 10.015258916754256
3.955 9.866151137110652
3.965 9.622554997593626
3.975 9.29159122391272
3.985 8.882737812283091
3.995 8.407379412490767
4.005 7.878281699714126
4.015 7.309024530371222
4.025 6.713428818137559
4.035 6.105010464693343
4.045 5.4964906320091895
4.055 4.899385659674055
4.065 4.323692669229738
4.075 3.7776790823549313
4.085 3.2677766224551434
4.095 2.7985734960967252
4.1049999999999995 2.375469036857208
4.115 1.9957656149489094
4.125 1.661131049240206
4.135 1.370388847192879
4.145 1.121501236455304
4.155 0.9118359010750055
4.165 0.7384214165554887
4.175 0.5981811459592932
4.185 0.4881384109564184
4.195 0.4055885376740553
4.205 0.3482356880174927
4.215 0.31429410497589305
4.225 0.30255449858305206
4.235 0.3124168329490459
4.245 0.3438908657355775
4.255 0.3975656075666364
4.265 0.4745486020246503
4.275 0.5763757697980595
4.285 0.7048926844464107
4.295 0.8621086815880523
4.305 1.0500262187962526
4.315 1.270449399695309
4.325 1.5247774747373937
4.335 1.8137912782882435
4.345 2.1351906302548933
4.355 2.4931723378941957
4.365 2.8822058781033246
4.375 3.2987906475628357
4.385 3.738019519277142
4.395 4.193584807802451
4.405 4.657859141452674
4.415 5.122056050828499
4.425 5.5764698391227885
4.435 6.010788457476624
4.445 6.414467146060521
4.455 6.777145061314546
4.465 7.089082544777785
4.475 7.341593600679262
4.485 7.527446927521833
4.495 7.641209719328866
4.505 7.679511442438059
4.515 7.641209719328866
4.525 7.527446927521833
4.535 7.341593600679262
4.545 7.089082544777785
4.555 6.777145061314546
4.565 6.414467146060521
4.575 6.012900881944312
4.585 5.57960548860714
4.595 5.128759788245485
4.605 4.667674615638298
4.615 4.207814654991204
4.625 3.758445556604835
4.635 3.327821728622851
4.645 2.9230601769529247
4.655 2.5500979932258816
4.665 2.2137276278073075
4.675 1.9176991415386861
4.685 1.6648747837961244
4.695 1.4574186302847107
4.705 1.2970026569525204
4.715 1.1850104652277018
4.725 1.122720789698667
4.735 1.1114547655099325
4.745 1.1526735586834636
4.755 1.2480162300313802
4.765 1.3992714912341557
4.775 1.6082812105018602
4.785 1.876778022882717
4.795 2.2061640631469386
4.805 2.5972424936093113
4.815 3.0499179183816487
4.825 3.5628856761192758
4.835 4.135240860934365
4.845 4.75950924944779
4.855 5.430527671110784
4.865 6.1398172521702366
4.875 6.878738203544852
4.885 7.632010393946512
4.895 8.386913429241918
4.905 9.128243773297955
4.915 9.83836609857003
4.925 10.505286467060355
4.935 11.111088143858346
4.945 11.641716803940959
4.955 12.08512126314862
4.965 12.4319141258453
4.975 12.675932079828808
4.985 12.814655940948626
4.995 12.849457915348893
5.005 12.785653594319385
5.015 12.63234817414473
5.025 12.402079374783087
5.035 12.110272508832
5.045 11.77453513643658
5.055 11.413828854592296
5.065 11.04756332022026
5.075 10.694662142665694
5.085 10.372651608412422
5.095 10.096821374312116
5.105 9.879501558424344
5.115 9.731212512858486
5.125 9.654234174428982
5.135 9.652306915683166
5.145 9.719684159492495
5.155 9.850634123413624
5.165 10.034931281619096
5.175 10.259593542733604
5.185 10.509616578511315
5.195 10.768804515053798
5.205 11.020653222851253
5.215 11.249239933855861
5.225 11.440072751339585
5.235 11.580855844559064
5.245 11.662130662955978
5.255 11.677760164171112
5.265 11.625231496991825
5.275 11.505762364845806
5.285 11.325824602986222
5.295 11.091168745920584
5.305 10.814058522835388
5.315 10.507980354109034
5.325 10.189594227135228
5.335 9.872326805132081
5.345 9.573132961436958
5.355 9.307067722878624
5.365 9.087596368566432
5.375 8.925937100512517
5.385 8.829125216056307
5.395 8.805757439557395
5.405 8.854353090565105
5.415 8.976839744588073
5.425 9.166647712536639
5.435 9.41642244596266
5.445 9.716417042121147
5.455 10.055092636872862
5.465 10.419793715370849
5.475 10.797456054449412
5.485 11.175302752881478
5.495 11.541484465974841
5.505 11.885623676656108
5.515 12.199229519338193
5.525 12.475958986926802
5.535 12.711711701952208
5.545 12.904557998289224
5.555 13.054512847339055
5.565 13.163180092383985
5.575 13.233301464978783
5.585 13.268252014700032
5.595 13.27152718998288
5.605 13.24626648482543
5.615 13.194854308671085
5.625 13.118630925276353
5.635 13.017735675697942
5.645 12.889819805673579
5.655 12.73569261129155
5.665 12.550496005253214
5.675 12.330761747085317
5.685 12.07166187327456
5.695 11.77288177057958
5.705 11.430102866992478
5.715 11.041980152397642
5.725 10.608550816180857
5.735 10.131416106355184
5.745 9.61380572517184
5.755 9.060523459636768
5.765 8.477782617101466
5.775 7.872948297731332
5.785 7.254209912693955
5.795 6.630211233649874
5.805 6.009666499415207
5.815 5.4009898412883395
5.825 4.811961879551493
5.835 4.249452317960988
5.845 3.7192113442022174
5.855 3.2257362772454083
5.865 2.7722137858199307
5.875 2.360532633614908
5.885 1.9913576469457204
5.895 1.6642526561953797
5.905 1.377838588099178
5.915 1.1299726024959258
5.925 0.9167884557641262
5.935 0.7378551210568686
5.945 0.5870335620918035
5.955 0.463614984188274
5.965 0.36261565616013536
5.975 0.28088442753908294
5.985 0.21547566573974936
5.995 0.163702631755601
6.005 0.12316784164164078
6.015 0.0917741980967175
6.025 0.06772091333874419
6.035 0.0494881579600407
6.045 0.03581404477007213
6.055 0.025667075181287958
6.065 0.01821661373032547
6.075 0.012803376268984562
6.085 0.008911366546216546
6.095 0.005063216986907233
6.105 0.003479894751293672
6.115 0.0023678965974427827
6.125 0.0015952046727025148
6.135 0.0
6.1450000000000005 0.0
6.155 0.0
6.165 0.0
6.175 0.0
6.185 0.0
6.195 0.0
6.205 0.0
6.215 0.0
6.225 0.0
6.235 0.0
6.245 0.0
6.255 0.0
6.265 0.0
6.275 0.0
6.285 0.0
6.295 0.0
6.305 0.0
6.315 0.0
6.325 0.0
6.335 0.0
6.345 0.0
6.355 0.0
6.365 0.0
6.375 0.0
6.385 0.0
6.3950000000000005 0.0
6.405 0.0
6.415 0.0
6.425 0.0
6.435 0.0
6.445 0.0
6.455 0.0
6.465 0.0
6.475 0.0
6.485 0.0
6.495 0.0
6.505 0.0
6.515 0.0
6.525 0.0
6.535 0.0
6.545 0.0
6.555 0.0
6.565 0.0
6.575 0.0010746796056259002
6.585 0.001595237416896208
6.595 0.003412926730180818
6.605 0.006065729512015046
6.615 0.008830802337853931
6.625 0.013805048222447637
6.635 0.019767367667765066
6.6450000000000005 0.028030301581907495
6.655 0.039361898506339824
6.665 0.05473875857659338
6.675 0.07538514549782743
6.685 0.10281342039242947
6.695 0.13886355669419603
6.705 0.18573871591942331
6.715 0.24603306574746775
6.725 0.3227472778472381
6.735 0.41928654704384405
6.745 0.5394356354830177
6.755 0.6873054832723063
6.765 0.8672464550213961
6.775 1.0837244058134912
6.785 1.3411575111502787
6.795 1.643714221344864
6.805 1.9950757114918787
6.815 2.398169664184648
6.825 2.854885921482667
6.835 3.365788176427892
6.845 3.9298390842311015
6.855 4.544158569501759
6.865 5.203836306138475
6.875 5.901819020503705
6.885 6.628891185272268
6.8950000000000005 7.373763742141058
6.905 8.123279802647176
6.915 8.862739105187357
6.925 9.576334817194947
6.935 10.24768768747874
6.945 10.860454306789903
6.955 11.398979096405863
6.965 11.848954345886668
6.975 12.19804976962415
6.985 12.43647305643627
6.995 12.557425901223368
