0.005 0.0
0.015 0.0
0.025 0.0
0.034999999999999996 0.0
0.045 0.0
0.055 0.0
0.065 0.0
0.07500000000000001 0.0
0.085 0.0
0.095 0.0
0.10500000000000001 0.0
0.115 0.0
0.125 0.0
0.135 0.0
0.14500000000000002 0.0
0.155 0.0
0.165 0.0
0.17500000000000002 0.0
0.185 0.0
0.195 0.0
0.20500000000000002 0.0
0.215 0.0
0.225 0.0
0.23500000000000001 0.0
0.245 0.0
0.255 0.0
0.265 0.0
0.275 0.0
0.28500000000000003 0.0
0.295 0.0
0.305 0.0
0.315 0.0
0.325 0.0
0.335 0.0
0.34500000000000003 0.0
0.35500000000000004 0.0
0.365 0.0
0.375 0.0
0.385 0.0
0.395 0.0
0.405 0.0
0.41500000000000004 0.0
0.425 0.0
0.435 0.0
0.445 0.0
0.455 0.0
0.465 0.0
0.47500000000000003 0.0
0.485 0.0
0.495 0.0
0.505 0.0
0.515 0.0
0.525 0.0
0.535 0.0
0.545 0.0
0.555 0.0
0.5650000000000001 0.0
0.5750000000000001 0.0
0.585 0.0
0.595 0.0
0.605 0.0
0.615 0.0
0.625 0.0
0.635 0.0
0.645 0.0
0.655 0.0
0.665 0.0
0.675 0.0
0.685 0.0
0.6950000000000001 0.0
0.7050000000000001 0.0
0.715 0.0
0.725 0.0
0.735 0.0
0.745 0.0
0.755 0.0
0.765 0.0
0.775 0.0
0.785 0.0
0.795 0.0
0.805 0.0
0.8150000000000001 0.0
0.8250000000000001 0.0
0.8350000000000001 0.0
0.845 0.0
0.855 0.0
0.865 0.0
0.875 0.0
0.885 0.0
0.895 0.0
0.905 0.0
0.915 0.0
0.925 0.0
0.935 0.0
0.9450000000000001 0.0
0.9550000000000001 0.0
0.965 0.0
0.975 0.0
0.985 0.0
0.995 0.0
1.005 0.0
1.015 0.0
1.025 0.0
1.035 0.0
1.045 0.0
1.055 0.0
1.065 0.0
1.075 0.0
1.085 0.0
1.095 0.0
1.105 0.0
1.115 0.0
1.125 0.0
1.135 0.0
1.145 0.0
1.155 0.0
1.1649999999999998 0.0
1.1749999999999998 0.0
1.1849999999999998 0.0
1.1949999999999998 0.0
1.2049999999999998 0.0
1.2149999999999999 0.0
1.2249999999999999 0.0
1.2349999999999999 0.0
1.2449999999999999 0.0
1.255 0.0
1.265 0.0
1.275 0.0
1.285 0.0
1.295 0.0
1.305 0.0
1.315 0.0
1.325 0.0
1.335 0.0
1.345 0.0
1.355 0.0
1.365 0.0
1.375 0.0
1.385 0.0
1.395 0.0
1.405 0.0
1.4149999999999998 0.0
1.4249999999999998 0.0
1.4349999999999998 0.0
1.4449999999999998 0.0
1.4549999999999998 0.0
1.4649999999999999 0.0
1.4749999999999999 0.0
1.4849999999999999 0.0
1.4949999999999999 0.0
1.505 0.0
1.515 0.0
1.525 0.0
1.535 0.0
1.545 0.0
1.555 0.0
1.565 0.0
1.575 0.0
1.585 0.0
1.595 0.0
1.605 0.0
1.615 0.0
1.625 0.0
1.635 0.0
1.645 0.0
1.655 0.0
1.665 0.0
1.6749999999999998 0.0
1.6849999999999998 0.0
1.6949999999999998 0.0
1.7049999999999998 0.0
1.7149999999999999 0.0
1.7249999999999999 0.0
1.7349999999999999 0.0
1.7449999999999999 0.0
1.755 0.0
1.765 0.0
1.775 0.0
1.785 0.0
1.795 0.0
1.805 0.0
1.815 0.0
1.825 0.0
1.835 0.0
1.845 0.0
1.855 0.0
1.865 0.0
1.875 0.0
1.885 0.0
1.895 0.0
1.905 0.0
1.915 0.0
1.9249999999999998 0.0
1.9349999999999998 0.0
1.9449999999999998 0.0
1.9549999999999998 0.0
1.9649999999999999 0.0
1.9749999999999999 0.0
1.9849999999999999 0.0
1.9949999999999999 0.0
2.005 0.0
2.015 0.0
2.025 0.0
2.035 0.0
2.045 0.0
2.0549999999999997 0.0
2.065 0.0
2.0749999999999997 0.008535255148167876
2.085 0.012669597807416732
2.0949999999999998 0.018619422384678962
2.105 0.027091099714857847
2.1149999999999998 0.03902510863541996
2.125 0.05565685496706911
2.135 0.07858691817390645
2.145 0.10985982666547725
2.155 0.1520493668671539
2.165 0.20834706067483402
2.175 0.28264883181433453
2.185 0.379633096261717
2.195 0.5048216760270154
2.205 0.6646132218276505
2.215 0.86627746024202
2.225 1.1178978154695676
2.235 1.428250075029103
2.245 1.806606043847723
2.255 2.262453787920019
2.265 2.805130245288566
2.275 3.4433676865780223
2.285 4.184762580021998
2.295 5.035183503838818
2.305 5.998143298896949
2.315 7.074168931763903
2.3249999999999997 8.260209671376659
2.335 9.54912923882203
2.3449999999999998 10.92932967235648
2.355 12.38455301128811
2.3649999999999998 13.89390105956569
2.375 15.432103326091989
2.385 16.97004907575804
2.395 18.475582051487166
2.405 19.914537071666583
2.415 21.25197795246255
2.425 22.453577848964834
2.435 23.487067984646455
2.445 24.32367050681652
2.455 24.93942715729307
2.465 25.31633833140026
2.475 25.443237005370055
2.485 25.31633833140026
2.495 24.93942715729307
2.505 24.32367050681652
2.515 23.487067984646455
2.525 22.453577848964834
2.535 21.25197795246255
2.545 19.914537071666583
2.555 18.475582051487166
2.565 16.97004907575804
2.5749999999999997 15.432103326091989
2.585 13.89390105956569
2.5949999999999998 12.38455301128811
2.605 10.92932967235648
2.6149999999999998 9.54912923882203
2.625 8.260209671376659
2.635 7.074168931763903
2.645 5.998143298896949
2.655 5.035183503838818
2.665 4.184762580021998
2.675 3.4433676865780223
2.685 2.805130245288566
2.695 2.262453787920019
2.705 1.806606043847723
2.715 1.428250075029103
2.725 1.1178978154695676
2.735 0.86627746024202
2.745 0.6646132218276505
2.755 0.5048216760270154
2.765 0.379633096261717
2.775 0.28264883181433453
2.785 0.20834706067483402
2.795 0.1520493668671539
2.805 0.10985982666547725
2.815 0.07858691817390645
2.8249999999999997 0.05565685496706911
2.835 0.03902510863541996
2.8449999999999998 0.027091099714857847
2.855 0.018619422384678962
2.8649999999999998 0.012669597807416732
2.875 0.008535255148167876
2.885 0.0
2.895 0.0
2.905 0.0
2.915 0.0
2.925 0.0
2.935 0.0
2.945 0.0
2.955 0.0
2.965 0.0
2.975 0.0
2.985 0.0
2.995 0.0
3.005 0.0
3.015 0.0
3.025 0.0
3.035 0.0
3.045 0.0
3.055 0.0
3.065 0.0
3.075 0.0
3.085 0.0
3.0949999999999998 0.0
3.105 0.0
3.1149999999999998 0.0
3.125 0.0
3.135 0.0
3.145 0.0
3.155 0.0
3.165 0.0
3.175 0.0
3.185 0.0
3.195 0.0
3.205 0.0
3.215 0.0
3.225 0.0
3.235 0.0
3.245 0.0
3.255 0.0
3.265 0.0
3.275 0.0
3.285 0.0
3.295 0.0
3.305 0.0
3.315 0.0
3.325 0.0
3.335 0.0
3.3449999999999998 0.0
3.355 0.0
3.3649999999999998 0.0
3.375 0.0
3.385 0.0
3.395 0.0
3.405 0.0
3.415 0.0
3.425 0.0
3.435 0.0
3.445 0.0
3.455 0.0
3.465 0.0
3.475 0.0
3.485 0.0
3.495 0.0
3.505 0.0
3.515 0.0
3.525 0.0
3.535 0.0
3.545 0.0
3.555 0.003342522185571877
3.565 0.004961587090065313
3.575 0.007291619444637482
3.585 0.010609243690610672
3.5949999999999998 0.015282764152193363
3.605 0.02179598257780469
3.6149999999999998 0.03077570768911213
3.625 0.04302260466241145
3.635 0.05954460332269182
3.645 0.08159154712015942
3.655 0.1106891328571687
3.665 0.1486694919605905
3.675 0.197695045149304
3.685 0.2602715912083981
3.695 0.3392460540961511
3.705 0.43778401284365126
3.715 0.5593221853894107
3.725 0.7074915368459096
3.735 0.886007723105626
3.745 1.0985272162963227
3.755 1.3484696925479622
3.765 1.6388100323019679
3.775 1.9718464507319917
3.785 2.3489546241749917
3.795 2.7703409199172864
3.805 3.234810630116715
3.815 3.7395690907385557
3.825 4.280074381973475
3.835 4.849959664944197
3.8449999999999998 5.441040921396191
3.855 6.043421882774333
3.8649999999999998 6.64570238865566
3.875 7.235289610727732
3.885 7.798803998463658
3.895 8.322564066364018
3.905 8.79312695435242
3.915 9.197855769966916
3.925 9.525480714074074
3.935 9.76661940640398
3.945 9.914222956570098
3.955 9.963918205944658
3.965 9.914222956570098
3.975 9.76661940640398
3.985 9.525480714074074
3.995 9.197855769966916
4.005 8.79312695435242
4.015 8.322564066364018
4.025 7.798803998463658
4.035 7.235289610727732
4.045 6.64570238865566
4.055 6.043421882774333
4.065 5.441040921396191
4.075 4.849959664944197
4.085 4.280074381973475
4.095 3.742156755038909
4.1049999999999995 3.2386517180955705
4.115 2.7759858378209277
4.125 2.3571679312610145
4.135 1.9836778346426387
4.145 1.6556837231487096
4.155 1.3722951739311502
4.165 1.1318338189192472
4.175 0.9321050818492563
4.185 0.770656871874894
4.195 0.6450138582129957
4.205 0.5528787573329288
4.215 0.4922946749543356
4.225 0.46176479531438247
4.235 0.46032752878987726
4.245 0.4875866324932774
4.255 0.5436968950121852
4.265 0.6293068623994462
4.275 0.7454609346531317
4.285 0.8934641283857722
4.295 1.0747139943450146
4.305 1.2905056515679887
4.315 1.541817633049487
4.325 1.8290881307913538
4.335 2.151993105413202
4.345 2.5092393513752516
4.355 2.8983867126415808
4.365 3.3134845682994745
4.375 3.7546699128293506
4.385 4.212264442053793
4.395 4.678606809413203
4.405 5.144871407624511
4.415 5.60130930744942
4.425 6.037562526702302
4.435 6.4430393356541895
4.445 6.8095600455659335
4.455 7.123965874848274
4.465 7.37915432784383
4.475 7.570246199280644
4.485 7.688695585260654
4.495 7.73304160869286
4.505 7.702736548796828
4.515 7.599703808716217
4.525 7.4283190024154
4.535 7.195284526658337
4.545 6.909407529633371
4.555 6.581296944837424
4.565 6.222999374051407
4.575 5.847595743520548
4.585 5.468780714098543
4.595 5.1004449257857365
4.605 4.756276644455401
4.615 4.449394772868766
4.625 4.192020119143412
4.635 3.9951869472970984
4.645 3.8684927835567215
4.655 3.8198817152963143
4.665 3.8574933328133163
4.675 3.98233112821409
4.685 4.197815186031745
4.695 4.503765707457289
4.705 4.897671261982396
4.715 5.374633083642101
4.725 5.927357054840045
4.735 6.5462078002763295
4.745 7.2193395285152615
4.755 7.932916265308322
4.765 8.67142984191983
4.775 9.418117634109034
4.785 10.155474069638856
4.795 10.86584105037123
4.805 11.532053558681316
4.815 12.138108809405464
4.825 12.669821317300059
4.835 13.115422993331276
4.845 13.466067445903319
4.855 13.716201318869356
4.865 13.863772661772451
4.875 13.91025654697641
4.885 13.860490636275399
4.895 13.722327105882027
4.905 13.504395140120948
4.915 13.22294828298295
4.925 12.888827889223133
4.935 12.515798900016879
4.945 12.117212153232032
4.955 11.705316741252487
4.965 11.290680072521294
4.975 10.881751742030342
4.985 10.484595375173287
4.995 10.102799038287198
5.005 9.737560827296564
5.015 9.387933075248924
5.025 9.05119736685591
5.035 8.723334102238502
5.045 8.399545307282324
5.055 8.074788000339781
5.065 7.744277604031587
5.075 7.403926226629866
5.085 7.050688457854527
5.095 6.68279677504735
5.105 6.29987879577401
5.115 5.904677510588558
5.125 5.496904089831142
5.135 5.081228663479003
5.145 4.6620582203093655
5.155 4.24439966388468
5.165 3.8335650205548353
5.175 3.434888893804446
5.185 3.0534779191226633
5.195 2.69400695350291
5.205 2.3605710642809443
5.215 2.0565966161993243
5.225 1.784809384644095
5.235 1.547253040624756
5.245 1.3453478348853758
5.255 1.178491445840532
5.265 1.0506064213357127
5.275 0.959649552934463
5.285 0.904072037641836
5.295 0.8870340305099249
5.305 0.9059865723267485
5.315 0.9604228147836119
5.325 1.0512540015489105
5.335 1.1751488942481574
5.345 1.33204666522158
5.355 1.520449622114274
5.365 1.738391270104276
5.375 1.9833467712464348
5.385 2.25216233908222
5.395 2.541015475731504
5.405 2.8454162500298046
5.415 3.1602571029251054
5.425 3.479915073886484
5.435 3.7984060830282615
5.445 4.109586276847431
5.455 4.407390819291654
5.465 4.686096295368494
5.475 4.940744984247199
5.485 5.167974200443916
5.495 5.363756838721989
5.505 5.526366419283202
5.515 5.655465848243808
5.525 5.752144135281563
5.535 5.818867360112779
5.545 5.859344227802722
5.555 5.878313178252823
5.565 5.881264309483216
5.575 5.874114742603701
5.585 5.862859971186967
5.595 5.853225796445151
5.605 5.850345420042963
5.615 5.858484115902078
5.625 5.880829806235167
5.635 5.919362195123668
5.645 5.974806395367607
5.655 6.046669859658086
5.665 6.133354577965145
5.675 6.2323305857859115
5.685 6.340352403985479
5.695 6.453697507079055
5.705 6.568405500847508
5.715 6.680498368148782
5.725 6.786165678754467
5.735 6.881903624711576
5.745 6.964602559313241
5.755 7.031583725125213
5.765 7.080591387346536
5.775 7.1097510450095225
5.785 7.11750731375043
5.795 7.102556189368606
5.805 7.063785658953593
5.815 7.000236194428819
5.825 6.911088905894883
5.835 6.795684559678974
5.845 6.65357186925028
5.855 6.484579042182423
5.865 6.290231105420842
5.875 6.069154081381109
5.885 5.823491681337261
5.895 5.555110789315224
5.905 5.266520797195502
5.915 4.960868223771161
5.925 4.64074631861493
5.935 4.313090021810862
5.945 3.980889137541512
5.955 3.649101856581245
5.965 3.3227914350192256
5.975 3.00697817132675
5.985 2.706497877226078
5.995 2.4258754099002204
6.005 2.1692194277909524
6.015 1.9401416873723611
6.025 1.7417012782485266
6.035 1.576371547857655
6.045 1.4460253903989302
6.055 1.3519332795407952
6.065 1.2947680217682862
6.075 1.274610699946793
6.085 1.2909535654311504
6.095 1.3426975351043526
6.105 1.4281442057946199
6.115 1.5449846245999765
6.125 1.6902891553709734
6.135 1.8594404238647728
6.1450000000000005 2.050761354355629
6.155 2.2579606418986495
6.165 2.4758042292169438
6.175 2.698613320348066
6.185 2.9203894308461162
6.195 3.134970233904825
6.205 3.3362119475208685
6.215 3.5181909000081997
6.225 3.6754142466067066
6.235 3.803027887272883
6.245 3.8970086870579665
6.255 3.954328264094393
6.265 3.973076913124957
6.275 3.9525385848969603
6.285 3.8922007166566317
6.295 3.7961019385589934
6.305 3.6655365925384116
6.315 3.504243752033803
6.325 3.3167146661087856
6.335 3.107985398917191
6.345 2.883413209449673
6.355 2.648450453884957
6.365 2.408429161043083
6.375 2.168367834598954
6.385 1.9328096752980757
6.3950000000000005 1.7056985517360892
6.405 1.4902959651950571
6.415 1.2891392332267138
6.425 1.1040384052249457
6.435 0.9361072128614943
6.445 0.7858217720292763
6.455 0.6530998410778001
6.465 0.5373931844096916
6.475 0.4377859155371396
6.485 0.35309248280667427
6.495 0.28195007424314583
6.505 0.2229015097472889
6.515 0.17446602326016702
6.525 0.1351965997579651
6.535 0.10372363575081517
6.545 0.07878558223585992
6.555 0.059247880876218594
6.565 0.04411191880276212
6.575 0.032515926438781526
6.585 0.023729761351573817
6.595 0.017145401671910546
6.605 0.012264758821730474
6.615 0.008686151827923276
6.625 0.006090498985417396
6.635 0.0042280039978524865
6.6450000000000005 0.0029058618184093833
6.655 0.0019772955230592834
6.665 0.0013320645255811888
6.675 0.0
6.685 0.0
6.695 0.0
6.705 0.0
6.715 0.0
6.725 0.0
6.735 0.0
6.745 0.0
6.755 0.0
6.765 0.0
6.775 0.0
6.785 0.0
6.795 0.0
6.805 0.0
6.815 0.0
6.825 0.0
6.835 0.0
6.845 0.0
6.855 0.0
6.865 0.0
6.875 0.0
6.885 0.0
6.8950000000000005 0.0
6.905 0.0
6.915 0.0
6.925 0.0
6.935 0.0
6.945 0.0
6.955 0.0
6.965 0.0
6.975 0.0
6.985 0.0
6.995 0.0
