0.005 0.0
0.015 0.0
0.025 0.0
0.034999999999999996 0.0
0.045 0.0
0.055 0.0
0.065 0.0
0.07500000000000001 0.0
0.085 0.0
0.095 0.0
0.10500000000000001 0.0
0.115 0.0
0.125 0.0
0.135 0.0
0.14500000000000002 0.0
0.155 0.0
0.165 0.0
0.17500000000000002 0.0
0.185 0.0
0.195 0.0
0.20500000000000002 0.0
0.215 0.0
0.225 0.0
0.23500000000000001 0.0
0.245 0.0
0.255 0.0
0.265 0.0
0.275 0.0
0.28500000000000003 0.0
0.295 0.0
0.305 0.0
0.315 0.0
0.325 0.0
0.335 0.0
0.34500000000000003 0.0
0.35500000000000004 0.0
0.365 0.0
0.375 0.0
0.385 0.0
0.395 0.0
0.405 0.0
0.41500000000000004 0.0
0.425 0.0
0.435 0.0
0.445 0.0
0.455 0.0
0.465 0.0
0.47500000000000003 0.0
0.485 0.0
0.495 0.0
0.505 0.0
0.515 0.0
0.525 0.0
0.535 0.0
0.545 0.0
0.555 0.0
0.5650000000000001 0.0
0.5750000000000001 0.0
0.585 0.0
0.595 0.0
0.605 0.0
0.615 0.0
0.625 0.0
0.635 0.0
0.645 0.0
0.655 0.0
0.665 0.0
0.675 0.0
0.685 0.0
0.6950000000000001 0.0
0.7050000000000001 0.0
0.715 0.0
0.725 0.0
0.735 0.0
0.745 0.0
0.755 0.0
0.765 0.0
0.775 0.0
0.785 0.0
0.795 0.0
0.805 0.0
0.8150000000000001 0.0
0.8250000000000001 0.0
0.8350000000000001 0.0
0.845 0.0
0.855 0.0
0.865 0.0
0.875 0.0
0.885 0.0
0.895 0.0
0.905 0.0
0.915 0.0
0.925 0.0
0.935 0.0
0.9450000000000001 0.0
0.9550000000000001 0.0
0.965 0.0
0.975 0.0
0.985 0.0
0.995 0.0
1.005 0.0
1.015 0.0
1.025 0.0
1.035 0.0
1.045 0.0
1.055 0.0
1.065 0.0
1.075 0.0
1.085 0.0
1.095 0.0
1.105 0.0
1.115 0.0
1.125 0.0
1.135 0.0
1.145 0.0
1.155 0.0
1.1649999999999998 0.0
1.1749999999999998 0.0
1.1849999999999998 0.0
1.1949999999999998 0.0
1.2049999999999998 0.0
1.2149999999999999 0.0
1.2249999999999999 0.0
1.2349999999999999 0.0
1.2449999999999999 0.0
1.255 0.0
1.265 0.0
1.275 0.0
1.285 0.0
1.295 0.0
1.305 0.0
1.315 0.0
1.325 0.0
1.335 0.0
1.345 0.0
1.355 0.0
1.365 0.0
1.375 0.0
1.385 0.0
1.395 0.0
1.405 0.0
1.4149999999999998 0.0
1.4249999999999998 0.0
1.4349999999999998 0.0
1.4449999999999998 0.0
1.4549999999999998 0.0
1.4649999999999999 0.0
1.4749999999999999 0.0
1.4849999999999999 0.0
1.4949999999999999 0.0
1.505 0.0
1.515 0.0
1.525 0.0
1.535 0.0
1.545 0.0
1.555 0.0
1.565 0.0
1.575 0.0
1.585 0.0
1.595 0.0
1.605 0.0
1.615 0.0
1.625 0.0
1.635 0.0
1.645 0.0
1.655 0.0
1.665 0.0
1.6749999999999998 0.0
1.6849999999999998 0.0
1.6949999999999998 0.0
1.7049999999999998 0.0
1.7149999999999999 0.0
1.7249999999999999 0.0
1.7349999999999999 0.0
1.7449999999999999 0.0
1.755 0.0
1.765 0.0
1.775 0.0
1.785 0.0
1.795 0.0
1.805 0.0
1.815 0.0
1.825 0.0
1.835 0.0
1.845 0.0
1.855 0.0
1.865 0.0
1.875 0.0
1.885 0.0
1.895 0.0
1.905 0.0
1.915 0.0
1.9249999999999998 0.0
1.9349999999999998 0.0
1.9449999999999998 0.0
1.9549999999999998 0.0
1.9649999999999999 0.0
1.9749999999999999 0.0
1.9849999999999999 0.0
1.9949999999999999 0.0
2.005 0.0
2.015 0.0
2.025 0.0
2.035 0.0
2.045 0.0
2.0549999999999997 0.0
2.065 0.0
2.0749999999999997 0.0
2.085 0.0
2.0949999999999998 0.0
2.105 0.0
2.1149999999999998 0.0
2.125 0.0
2.135 0.0
2.145 0.0
2.155 0.0
2.165 0.0
2.175 0.0
2.185 0.0
2.195 0.0
2.205 0.0
2.215 0.0
2.225 0.0
2.235 0.0
2.245 0.0
2.255 0.0
2.265 0.0
2.275 0.0
2.285 0.0
2.295 0.0
2.305 0.0
2.315 0.0
2.3249999999999997 0.00704099449799415
2.335 0.010451540921183649
2.3449999999999998 0.01535973421889967
2.355 0.022348281419316423
2.3649999999999998 0.032193012442586155
2.375 0.04591305154865938
2.385 0.06482876596788863
2.395 0.09062675007064737
2.405 0.12543019944341421
2.415 0.17187189866253152
2.425 0.23316571503974218
2.435 0.31317101781181095
2.445 0.4164429277942999
2.455 0.5482598887728779
2.465 0.7146189218033722
2.475 0.9221882921368166
2.485 1.1782074168220114
2.495 1.4903248929242912
2.505 1.866367717915298
2.515 2.3140382191706808
2.525 2.8405399153147664
2.535 3.4521393666446447
2.545 4.153677743837579
2.555 4.948052897373472
2.565 5.835699538182232
2.5749999999999997 6.814101024375985
2.585 7.8773704199825
2.5949999999999998 9.015940209630934
2.605 10.216398701486291
2.6149999999999998 11.46150633084191
2.625 12.7304166923252
2.635 13.999115445160557
2.645 15.241075903827452
2.655 16.42811415916527
2.665 17.531410278566952
2.675 18.522646991845406
2.685 19.37520479272468
2.695 20.065343945374604
2.705 20.573300545715878
2.715 20.88422616622189
2.725 20.988908785512525
2.735 20.88422616622189
2.745 20.573300545715878
2.755 20.065343945374604
2.765 19.37520479272468
2.775 18.522646991845406
2.785 17.531410278566952
2.795 16.42811415916527
2.805 15.241075903827452
2.815 13.999115445160557
2.8249999999999997 12.7304166923252
2.835 11.46150633084191
2.8449999999999998 10.216398701486291
2.855 9.015940209630934
2.8649999999999998 7.8773704199825
2.875 6.814101024375985
2.885 5.835699538182232
2.895 4.948052897373472
2.905 4.153677743837579
2.915 3.4521393666446447
2.925 2.8405399153147664
2.935 2.3140382191706808
2.945 1.866367717915298
2.955 1.4903248929242912
2.965 1.1782074168220114
2.975 0.9221882921368166
2.985 0.7146189218033722
2.995 0.5482598887728779
3.005 0.4164429277942999
3.015 0.31317101781181095
3.025 0.23316571503974218
3.035 0.17187189866253152
3.045 0.12543019944341421
3.055 0.09062675007064737
3.065 0.06482876596788863
3.075 0.04591305154865938
3.085 0.032193012442586155
3.0949999999999998 0.022348281419316423
3.105 0.01535973421889967
3.1149999999999998 0.010451540921183649
3.125 0.00704099449799415
3.135 0.0
3.145 0.0
3.155 0.0
3.165 0.0
3.175 0.0
3.185 0.0
3.195 0.0
3.205 0.0
3.215 0.0
3.225 0.0
3.235 0.0
3.245 0.003935248552549315
3.255 0.00584142073874861
3.265 0.008584635575228271
3.275 0.012490571059583119
3.285 0.01799284258111268
3.295 0.025661044004714972
3.305 0.036233135462805745
3.315 0.05065176334669249
3.325 0.07010359274478697
3.335 0.09606010069008175
3.3449999999999998 0.1303175343874603
3.355 0.17503291543480318
3.3649999999999998 0.23275212461659833
3.375 0.30642531169836296
3.385 0.39940424303018807
3.395 0.5154158468442461
3.405 0.6585062710917544
3.415 0.8329503565695588
3.425 1.043122652992172
3.435 1.2933280313071451
3.445 1.5875925756490024
3.455 1.9294186992557614
3.465 2.321512157671724
3.475 2.7654925746460335
3.485 3.261602912384979
3.495 3.8084366066099826
3.505 4.402703418098406
3.515 5.039056012602892
3.525 5.709998525598057
3.535 6.40589567444339
3.545 7.115096294435991
3.555 7.824178645251458
3.565 8.518316823982419
3.575 9.181758696784561
3.585 9.79839665299169
3.5949999999999998 10.352404022586144
3.605 10.828903024656176
3.6149999999999998 11.21462539701379
3.625 11.498524990575515
3.635 11.672302941743542
3.645 11.730810603716279
3.655 11.672302941743542
3.665 11.498524990575515
3.675 11.21462539701379
3.685 10.828903024656176
3.695 10.352404022586144
3.705 9.79839665299169
3.715 9.181758696784561
3.725 8.518316823982419
3.735 7.824178645251458
3.745 7.115096294435991
3.755 6.40589567444339
3.765 5.709998525598057
3.775 5.039056012602892
3.785 4.402703418098406
3.795 3.8084366066099826
3.805 3.261602912384979
3.815 2.7654925746460335
3.825 2.321512157671724
3.835 1.9294186992557614
3.8449999999999998 1.5875925756490024
3.855 1.2933280313071451
3.8649999999999998 1.043122652992172
3.875 0.8329503565695588
3.885 0.6585062710917544
3.895 0.5154158468442461
3.905 0.39940424303018807
3.915 0.30642531169836296
3.925 0.23275212461659833
3.935 0.17503291543480318
3.945 0.1303175343874603
3.955 0.09606010069008175
3.965 0.07010359274478697
3.975 0.05065176334669249
3.985 0.036233135462805745
3.995 0.025661044004714972
4.005 0.01799284258111268
4.015 0.012490571059583119
4.025 0.01125481700164396
4.035 0.00980499583501071
4.045 0.009760175278123565
4.055 0.008475218376490644
4.065 0.01220867079345843
4.075 0.017411770100121748
4.085 0.02458524386494265
4.095 0.03436870527934622
4.1049999999999995 0.04756734136929562
4.115 0.0651795924087473
4.125 0.08842426474746122
4.135 0.11876496072976889
4.145 0.15792913504978467
4.155 0.20791855074835278
4.165 0.2710074794843498
4.175 0.34972475124405045
4.185 0.446815795944676
4.195 0.5651812182987872
4.205 0.7077892784405642
4.215 0.8775609574195579
4.225 1.0772280712655913
4.235 1.3091671099642157
4.245 1.5752140079176267
4.255 1.8764677272866617
4.265 2.2130931250458916
4.275 2.5865280426110013
4.285 2.9909142448471084
4.295 3.424365721757755
4.305 3.881994289233147
4.315 4.357525720407843
4.325 4.843400614658527
4.335 5.330960533739995
4.345 5.810718702678404
4.355 6.27270821057225
4.365 6.706894082183357
4.375 7.103629396429572
4.385 7.456413908804504
4.395 7.7543314267257735
4.405 7.993343337042117
4.415 8.17004513718833
4.425 8.28346053278364
4.435 8.33519563795435
4.445 8.329461401699904
4.455 8.272957610146126
4.465 8.174620803211447
4.475 8.045247428348514
4.485 7.897011817356786
4.495 7.742905466778251
4.505 7.5961291069313095
4.515 7.469471808228878
4.525 7.374711739649315
4.535 7.322071205654978
4.545 7.319754471904317
4.555 7.3735910296352145
4.565 7.486799841633036
4.575 7.659882326073213
4.585 7.890643955913124
4.595 8.174336943500393
4.605 8.503910039212458
4.615 8.87242525688678
4.625 9.266152835337223
4.635 9.674910527606066
4.645 10.08651888345424
4.655 10.488657294502142
4.665 10.869311163291872
4.675 11.21718112797661
4.685 11.522042906836324
4.695 11.77505049748597
4.705 11.96897921334095
4.715 12.098408041862452
4.725 12.159842865241089
4.735 12.151783139214132
4.745 12.074734773102335
4.755 11.931171420311099
4.765 11.725445498696908
4.775 11.4636493899551
4.785 11.153426786184465
4.795 10.803734367299185
4.805 10.42455510137744
4.815 10.026566513240954
4.825 9.620770158031526
4.835 9.216311060145813
4.845 8.827791113091354
4.855 8.462156687670536
4.865 8.127700812720793
4.875 7.831047583849599
4.885 7.576867869347972
4.895 7.369540600502903
4.905 7.208348025140633
4.915 7.089821614348068
4.925 7.011310296820138
4.935 6.96709223126979
4.945 6.94996396347042
4.955 6.951678610896691
4.965 6.963449199969631
4.975 6.976489257480159
4.985 6.982559646756939
4.995 6.97448959273513
5.005 6.948430621761998
5.015 6.89794440624027
5.025 6.8227930800170595
5.035 6.723916189785459
5.045 6.604650051144336
5.055 6.470620409137057
5.065 6.329507845977398
5.075 6.190698424113026
5.085 6.063242202617942
5.095 5.962257640297769
5.105 5.896987236799631
5.115 5.878626627384868
5.125 5.917356667638498
5.135 6.02180044719689
5.145 6.198538388685625
5.155 6.451704032166904
5.165 6.782679539769412
5.175 7.189905719630108
5.185 7.668816549405134
5.195 8.210379817401776
5.205 8.807898482576729
5.215 9.44646439473911
5.225 10.111415035444487
5.235 10.78656736925045
5.245 11.454800954762778
5.255 12.098680184312478
5.265 12.701086649161805
5.275 13.245831922151531
5.285 13.718222177669343
5.295 14.105549025310905
5.305 14.397485541526116
5.315 14.586372401094618
5.325 14.667385762251946
5.335 14.638585587995978
5.345 14.500849814737787
5.355 14.257705678597045
5.365 13.9150741568819
5.375 13.480946606287134
5.385 12.96501418205372
5.395 12.378270577082457
5.405 11.732607246825498
5.415 11.040417909189195
5.425 10.312839553150829
5.435 9.565430756212791
5.445 8.807987651061488
5.455 8.051606518508583
5.465 7.3064051141463064
5.475 6.581369416071832
5.485 5.884246008833156
5.495 5.2214781548816305
5.505 4.598182854316631
5.515 4.018165606307395
5.525 3.4839690732848294
5.535 2.9969513612104604
5.545 2.558868481969006
5.555 2.1667964181342008
5.565 1.8203089919443862
5.575 1.5173487342617342
5.585 1.2553705687978964
5.595 1.0314977857832148
5.605 0.8426720571897045
5.615 0.6857931677473476
5.625 0.5578448649691311
5.635 0.4560040236303462
5.645 0.37916188971956755
5.655 0.3229644237758383
5.665 0.2866718974632982
5.675 0.2690533149501635
5.685 0.2707690326585311
5.695 0.28940369187381515
5.705 0.3249214243130654
5.715 0.3797042560947661
5.725 0.4559535986358855
5.735 0.5533524159305647
5.745 0.6736628545917857
5.755 0.8187843483947173
5.765 0.9906567702601957
5.775 1.1911539664974975
5.785 1.4219713975089923
5.795 1.6845121344212752
5.805 1.9797758239440792
5.815 2.307061675874248
5.825 2.669057523426459
5.835 3.063254084313204
5.845 3.48818713498272
5.855 3.941618524753668
5.865 4.421860446205378
5.875 4.923106043553896
5.885 5.4418033349097925
5.895 5.972858379430945
5.905 6.510599750062431
5.915 7.048869446029181
5.925 7.58112664886703
5.935 8.100562841804464
5.945 8.600227491052792
5.955 9.073164072461775
5.965 9.51255651065675
5.975 9.911885902571965
5.985 10.265096611533863
5.995 10.566769425245429
6.005 10.812297566666924
6.015 10.998059138407992
6.025 11.121577370102703
6.035 11.181658183838978
6.045 11.178493464267005
6.055 11.11371834137735
6.065 10.990411990098622
6.075 10.813034004201404
6.085 10.587292225638919
6.095 10.319942743658531
6.105 10.018528205474013
6.115 9.69106607380074
6.125 9.345703444183169
6.135 8.99035893021055
6.1450000000000005 8.63237445623365
6.155 8.278200230890114
6.165 7.933134568480863
6.175 7.6011366512935306
6.185 7.2847250677923086
6.195 6.9849684852978955
6.205 6.701567719978465
6.215 6.434216251702192
6.225 6.178634805577158
6.235 5.9325436828043445
6.245 5.692523535921956
6.255 5.45513668475286
6.265 5.217233701898986
6.275 4.976221731889037
6.285 4.730278193988324
6.295 4.479665163619793
6.305 4.222705313606272
6.315 3.9613394993721642
6.325 3.6976965979128984
6.335 3.434762878730559
6.345 3.1762312307193374
6.355 2.9253355359447486
6.365 2.6889393629399807
6.375 2.4703063793571856
6.385 2.274120320989864
6.3950000000000005 2.1048407423619624
6.405 1.9665588624944808
6.415 1.8628762050827188
6.425 1.7968056048453114
6.435 1.770692373169072
6.445 1.7861524348302407
6.455 1.843069776206848
6.465 1.9437003467347291
6.475 2.085839554234773
6.485 2.267837421417826
6.495 2.4862201750321278
6.505 2.7397833952526707
6.515 3.0228987249400556
6.525 3.330524065697878
6.535 3.656860336317467
6.545 3.995446346939853
6.555 4.339281625523476
6.565 4.6809772004307435
6.575 5.012932200782193
6.585 5.327531924009933
6.595 5.617360944828514
6.605 5.875423094193826
6.615 6.095358881880722
6.625 6.27165028905612
6.635 6.399802882654957
6.6450000000000005 6.476495911739427
6.655 6.499692394755696
6.665 6.468703106070093
6.675 6.383312236270644
6.685 6.247596055952258
6.695 6.0635017367114425
6.705 5.835402682423215
6.715 5.5685988602632985
6.725 5.269117879350178
6.735 4.943494770304721
6.745 4.5985413003844045
6.755 4.241115825862036
6.765 3.877904203941809
6.775 3.515221208305955
6.785 3.158840303848748
6.795 2.8138576600673897
6.805 2.4845940663540564
6.815 2.174536116113517
6.825 1.886315809658086
6.835 1.6217257338927917
6.845 1.381765330129534
6.855 1.1667125457357583
6.865 0.9762144266779554
6.875 0.8093899512173531
6.885 0.664938596620825
6.8950000000000005 0.5412487053870925
6.905 0.43766703713960253
6.915 0.3504918128310101
6.925 0.2786062166696508
6.935 0.22017584998563977
6.945 0.17348719400873336
6.955 0.13699519816503403
6.965 0.10935898014363285
6.975 0.08946703888981933
6.985 0.07764838719533734
6.995 0.07148087832877614
