0.005 0.0
0.015 0.0
0.025 0.0
0.034999999999999996 0.0
0.045 0.0
0.055 0.0
0.065 0.0
0.07500000000000001 0.0
0.085 0.0
0.095 0.0
0.10500000000000001 0.0
0.115 0.0
0.125 0.0
0.135 0.0
0.14500000000000002 0.0
0.155 0.0
0.165 0.0
0.17500000000000002 0.0
0.185 0.0
0.195 0.0
0.20500000000000002 0.0
0.215 0.0
0.225 0.0
0.23500000000000001 0.0
0.245 0.0
0.255 0.0
0.265 0.0
0.275 0.0
0.28500000000000003 0.0
0.295 0.0
0.305 0.0
0.315 0.0
0.325 0.0
0.335 0.0
0.34500000000000003 0.0
0.35500000000000004 0.0
0.365 0.0
0.375 0.0
0.385 0.0
0.395 0.0
0.405 0.0
0.41500000000000004 0.0
0.425 0.0
0.435 0.0
0.445 0.0
0.455 0.0
0.465 0.0
0.47500000000000003 0.0
0.485 0.0
0.495 0.0
0.505 0.0
0.515 0.0
0.525 0.0
0.535 0.0
0.545 0.0
0.555 0.0
0.5650000000000001 0.0
0.5750000000000001 0.0
0.585 0.0
0.595 0.0
0.605 0.0
0.615 0.0
0.625 0.0
0.635 0.0
0.645 0.0
0.655 0.0
0.665 0.0
0.675 0.0
0.685 0.0
0.6950000000000001 0.0
0.7050000000000001 0.0
0.715 0.0
0.725 0.0
0.735 0.0
0.745 0.0
0.755 0.0
0.765 0.0
0.775 0.0
0.785 0.0
0.795 0.0
0.805 0.0
0.8150000000000001 0.0
0.8250000000000001 0.0
0.8350000000000001 0.0
0.845 0.0
0.855 0.0
0.865 0.0
0.875 0.0
0.885 0.0
0.895 0.0
0.905 0.0
0.915 0.0
0.925 0.0
0.935 0.0
0.9450000000000001 0.0
0.9550000000000001 0.0
0.965 0.0
0.975 0.0
0.985 0.0
0.995 0.0
1.005 0.0
1.015 0.0
1.025 0.0
1.035 0.0
1.045 0.0
1.055 0.0
1.065 0.0
1.075 0.0
1.085 0.0
1.095 0.0
1.105 0.0
1.115 0.0
1.125 0.0
1.135 0.0
1.145 0.0
1.155 0.0
1.1649999999999998 0.0
1.1749999999999998 0.0
1.1849999999999998 0.0
1.1949999999999998 0.0
1.2049999999999998 0.0
1.2149999999999999 0.0
1.2249999999999999 0.0
1.2349999999999999 0.0
1.2449999999999999 0.0
1.255 0.0
1.265 0.0
1.275 0.0
1.285 0.01841477515436817
1.295 0.02733460111850733
1.305 0.04017132127463952
1.315 0.05844892756846999
1.325 0.08419649892367993
1.335 0.12007941792318384
1.345 0.16955092766709556
1.355 0.23702208913776618
1.365 0.32804583514104985
1.375 0.4495078600226877
1.385 0.6098136019545999
1.395 0.8190567226706442
1.405 1.0891505286850434
1.4149999999999998 1.4339000805621471
1.4249999999999998 1.8689897811758012
1.4349999999999998 2.411859582410992
1.4449999999999998 3.081443206945721
1.4549999999999998 3.8977445328180456
1.4649999999999999 4.881234020360685
1.4749999999999999 6.052056072019673
1.4849999999999999 7.429050522966745
1.4949999999999999 9.028606719748764
1.505 10.863386093862536
1.515 12.940967583913048
1.525 15.262488117934224
1.535 17.82136575717827
1.545 20.602204011517607
1.555 23.579980329892113
1.565 26.71961823416344
1.575 29.97602995897078
1.585 33.294694531769345
1.595 36.612805670578794
1.605 39.86098639327105
1.615 42.96552547193481
1.625 45.85104824478413
1.635 48.44349469605997
1.645 50.67324508341889
1.655 52.47821131722222
1.665 53.80670356162413
1.6749999999999998 54.6198877493098
1.6849999999999998 54.89367107599136
1.6949999999999998 54.6198877493098
1.7049999999999998 53.80670356162413
1.7149999999999999 52.47821131722222
1.7249999999999999 50.67324508341889
1.7349999999999999 48.44349469605997
1.7449999999999999 45.85104824478413
1.755 42.96552547193481
1.765 39.86098639327105
1.775 36.612805670578794
1.785 33.294694531769345
1.795 29.97602995897078
1.805 26.71961823416344
1.815 23.579980329892113
1.825 20.602204011517607
1.835 17.82136575717827
1.845 15.262488117934224
1.855 12.940967583913048
1.865 10.863386093862536
1.875 9.028606719748764
1.885 7.429050522966745
1.895 6.052056072019673
1.905 4.881234020360685
1.915 3.8977445328180456
1.9249999999999998 3.081443206945721
1.9349999999999998 2.411859582410992
1.9449999999999998 1.8689897811758012
1.9549999999999998 1.4339000805621471
1.9649999999999999 1.0891505286850434
1.9749999999999999 0.8190567226706442
1.9849999999999999 0.6098136019545999
1.9949999999999999 0.4495078600226877
2.005 0.32804583514104985
2.015 0.23702208913776618
2.025 0.16955092766709556
2.035 0.12007941792318384
2.045 0.08419649892367993
2.0549999999999997 0.05844892756846999
2.065 0.04017132127463952
2.0749999999999997 0.02733460111850733
2.085 0.01841477515436817
2.0949999999999998 0.0
2.105 0.0
2.1149999999999998 0.0
2.125 0.0
2.135 0.0
2.145 0.0
2.155 0.0
2.165 0.0
2.175 0.0
2.185 0.0
2.195 0.0
2.205 0.0
2.215 0.0
2.225 0.0
2.235 0.0
2.245 0.0
2.255 0.0
2.265 0.0
2.275 0.0
2.285 0.0
2.295 0.0
2.305 0.0
2.315 0.0
2.3249999999999997 0.0
2.335 0.0
2.3449999999999998 0.0
2.355 0.0
2.3649999999999998 0.0
2.375 0.0
2.385 0.0
2.395 0.0
2.405 0.0
2.415 0.0
2.425 0.0
2.435 0.006505204126310806
2.445 0.009656222163809253
2.455 0.014190922382951483
2.465 0.020647670232707672
2.475 0.02974325820586099
2.485 0.04241925944849785
2.495 0.05989556674104605
2.505 0.08373043164309589
2.515 0.11588548339524118
2.525 0.15879316262708174
2.535 0.2154227747263325
2.545 0.28934000699627305
2.555 0.3847533545200455
2.565 0.5065395934838567
2.5749999999999997 0.6602393966050417
2.585 0.8520136019070809
2.5949999999999998 1.0885507369369503
2.605 1.3769173723621997
2.6149999999999998 1.7243449037283947
2.625 2.137949543360448
2.635 2.6243866521015304
2.645 3.189445931095993
2.655 3.8376001580849453
2.665 4.571526669189678
2.675 5.3916270956479115
2.685 6.295576301543387
2.695 7.277935322225758
2.705 8.329864690417116
2.715 9.438973288202135
2.725 10.589333409985029
2.735 11.761684975064535
2.745 12.933841034033351
2.755 14.081293471716176
2.765 15.178003057118094
2.775 16.19734293453444
2.785 17.11315066016279
2.795 17.90083236134553
2.805 18.53845479732753
2.815 19.007758014858553
2.8249999999999997 19.295023489937062
2.835 19.391740197663005
2.8449999999999998 19.295023489937062
2.855 19.007758014858553
2.8649999999999998 18.53845479732753
2.875 17.90083236134553
2.885 17.11315066016279
2.895 16.19734293453444
2.905 15.178003057118094
2.915 14.081293471716176
2.925 12.933841034033351
2.935 11.761684975064535
2.945 10.59400618571878
2.955 9.445909482629032
2.965 8.340058221083185
2.975 7.292766821829535
2.985 6.316941284484487
2.995 5.422097420997563
3.005 4.61455046143238
3.015 3.8977448547864384
3.025 3.272688034524077
3.035 2.738449919387508
3.045 2.2926906236851874
3.055 1.9321817274841422
3.065 1.653290888637968
3.075 1.452404948835025
3.085 1.3262724523624578
3.0949999999999998 1.272252241477001
3.105 1.288460248047428
3.1149999999999998 1.3738116469308692
3.125 1.527960174220283
3.135 1.751140724881114
3.145 2.0439254391559483
3.155 2.4069074500471697
3.165 2.840330308656314
3.175 3.343684740947134
3.185 3.9152976148061187
3.195 4.55194050223091
3.205 5.248486628882658
3.215 5.997644913222689
3.225 6.789797855880387
3.235 7.612966005968545
3.245 8.448576719860935
3.255 9.290552203207321
3.265 10.114782742684222
3.275 10.902564007980706
3.285 11.634769570042904
3.295 12.292606593140865
3.305 12.858408967322923
3.315 13.316421750365432
3.325 13.653528571930057
3.335 13.8598752314702
3.3449999999999998 13.92934814517664
3.355 13.8598752314702
3.3649999999999998 13.653528571930057
3.375 13.316421750365432
3.385 12.858408967322923
3.395 12.292606593140865
3.405 11.634769570042904
3.415 10.902564007980706
3.425 10.114782742684222
3.435 9.290552203207321
3.445 8.448576719860935
3.455 7.606460801842234
3.465 6.780141633716577
3.475 5.983453990839737
3.485 5.22783895864995
3.495 4.522197244025049
3.505 3.8728783553576207
3.515 3.283789174206088
3.525 2.756599877013218
3.535 2.2910219666519285
3.545 1.8851322765288665
3.555 1.5357179501547815
3.565 1.23862016722401
3.575 0.9890582924108237
3.585 0.7819206545635713
3.5949999999999998 0.6120128448719594
3.605 0.474258850455377
3.6149999999999998 0.3638542118980748
3.625 0.2763735162757683
3.635 0.2078368237557476
3.645 0.1547410803247392
3.655 0.11406326728597772
3.665 0.08324210342808418
3.675 0.060144696701493305
3.685 0.04302379224270135
3.695 0.030470325349651148
3.705 0.021364982941100334
3.715 0.01483149960377701
3.725 0.010193530666068493
3.735 0.006936194426897275
3.745 0.0046727757337499355
3.755 0.0
3.765 0.0
3.775 0.0
3.785 0.0
3.795 0.0029710049102526187
3.805 0.0044101127199273945
3.815 0.0064811648123750615
3.825 0.009430039158731298
3.835 0.013584103505548086
3.8449999999999998 0.019373385625369926
3.855 0.027355025212856654
3.8649999999999998 0.03824069448383113
3.875 0.05292629308920936
3.885 0.07252274589992812
3.895 0.09838617037450956
3.905 0.13214505876020266
3.915 0.17572148134319843
3.925 0.2313427204214992
3.935 0.3015392678182171
3.945 0.38912485230552085
3.955 0.49715420480323713
3.965 0.6315988060274591
3.975 0.791602330566802
3.985 0.9824134150605407
3.995 1.2072987417172667
4.005 1.469204901510819
4.015 1.7705718499851086
4.025 2.1131369466039303
4.035 2.4977409390835508
4.045 2.9241493847828948
4.055 3.3909043206168956
4.065 3.89522119896396
4.075 4.43294496270048
4.085 4.9985765084759475
4.095 5.585376698472874
4.1049999999999995 6.185549710507383
4.115 6.790501222680119
4.125 7.391160229585441
4.135 7.978346820636748
4.145 8.54316271589172
4.155 9.07737743291663
4.165 9.573781230673621
4.175 10.026476841086971
4.185 10.431085603055745
4.195 10.787326071366833
4.205 11.090297153510011
4.215 11.342138999065922
4.225 11.544649307991488
4.235 11.700637591981886
4.245 11.813574858424564
4.255 11.887223853704871
4.265 11.925285568699222
4.275 11.931096286423225
4.285 11.907404472361588
4.295 11.856248707568263
4.305 11.781309260906173
4.315 11.679705440768977
4.325 11.553435664738585
4.335 11.402826765632483
4.345 11.228440730700433
4.355 11.031415658584288
4.365 10.813778233053215
4.375 10.57869198071474
4.385 10.330611353253767
4.395 10.07532034670542
4.405 9.819845036292927
4.415 9.572240984358114
4.425 9.341267833080233
4.435 9.135973448624643
4.445 8.965217835029517
4.455 8.837172033712385
4.465 8.758829022013998
4.475 8.73556219779026
4.485 8.770762668380549
4.495 8.86557979269639
4.505 9.018780987328126
4.515 9.226737542750737
4.525 9.483533966075958
4.535 9.781189971133122
4.545 10.109977337506784
4.555 10.458808928578023
4.565 10.815674441044127
4.575 11.168096967872197
4.585 11.503585988452246
4.595 11.810065569028751
4.605 12.074279262142108
4.615 12.290722256406152
4.625 12.447784349603229
4.635 12.538412194473011
4.645 12.557290424935097
4.655 12.500932159884837
4.665 12.367712858667225
4.675 12.157852960135035
4.685 11.875376511951696
4.695 11.520897668565592
4.705 11.101102173511862
4.715 10.622728219017205
4.725 10.09372012081955
4.735 9.523009050598825
4.745 8.920274535194853
4.755 8.295692972236655
4.765 7.659680628538248
4.775 7.0208093192813665
4.785 6.393506831747341
4.795 5.784785590350163
4.805 5.203705119945866
4.815 4.658475471948146
4.825 4.156340797452891
4.835 3.703499936902725
4.845 3.3050620311267593
4.855 2.9650324510905075
4.865 2.6863222174657855
4.875 2.470772806451168
4.885 2.321059866278462
4.895 2.2341437646233637
4.905 2.2102040531513025
4.915 2.2472466182570883
4.925 2.3423702148202583
4.935 2.4917807836904022
4.945 2.6908083756432637
4.955 2.933935152160221
4.965 3.2148440249586328
4.975 3.526497300301074
4.985 3.861253113186894
4.995 4.211024527521018
5.005 4.56583054829568
5.015 4.92120575994042
5.025 5.266697194378869
5.035 5.594867477374695
5.045 5.899113556554021
5.055 6.17393910521225
5.065 6.415183450525425
5.075 6.620187240260108
5.085 6.787878213472916
5.095 6.918765478621346
5.105 7.014837256413278
5.115 7.077789278774832
5.125 7.115580882228523
5.135 7.130856942250897
5.145 7.1288699269299105
5.155 7.11472081442222
5.165 7.092976153508956
5.175 7.0673291908959595
5.185 7.040331627795133
5.195 7.01321703827697
5.205 6.985829588618387
5.215 6.956663103432561
5.225 6.923006511926454
5.235 6.881183096597061
5.245 6.826863533845207
5.255 6.755427116785684
5.265 6.66234225482941
5.275 6.543536592913593
5.285 6.395728877801315
5.295 6.21669877123167
5.305 6.005476713446793
5.315 5.762443064839978
5.325 5.489333400583549
5.335 5.189154292989255
5.345 4.866020538307305
5.355 4.5249300391870975
5.365 4.1714960781375385
5.375 3.81165833923016
5.385 3.4513937768017864
5.395 3.0964464880417837
5.405 2.752092457624952
5.415 2.422950835632617
5.425 2.1128487529962148
5.435 1.8247420277316615
5.445 1.560689870065812
5.455 1.3218781654901928
5.465 1.1086833033529098
5.475 0.9207669125359786
5.485 0.7571912468165062
5.495 0.6167011103422654
5.505 0.49841483393708247
5.515 0.39949108863832455
5.525 0.31800669239731666
5.535 0.25204658578762296
5.545 0.1997951252273128
5.555 0.15960981920575265
5.565 0.13007827502644137
5.575 0.11005984638125783
5.585 0.09871381313905826
5.595 0.09551591986001061
5.605 0.10026481098048576
5.615 0.1130794091288554
5.625 0.13582798163597454
5.635 0.16704457411792487
5.645 0.20875467936232073
5.655 0.2622733958796984
5.665 0.32912284792294066
5.675 0.4109777294400836
5.685 0.5095990593330046
5.695 0.6255077756765672
5.705 0.763314289340263
5.715 0.9227197494978161
5.725 1.1050007981053285
5.735 1.3110397945971761
5.745 1.541230773053573
5.755 1.7953955624239675
5.765 2.0727165136934165
5.775 2.3716918598862478
5.785 2.690118724998928
5.795 3.026469559275641
5.805 3.375149260653961
5.815 3.733057382497589
5.825 4.095757853650817
5.835 4.458524399984707
5.845 4.816493654180093
5.855 5.164825790880304
5.865 5.498863338616951
5.875 5.814279135072637
5.885 6.10720553506853
5.895 6.3743388207962814
5.905 6.613015078965511
5.915 6.821256312945382
5.925 6.99778793720122
5.935 7.143333552307801
5.945 7.25600573831777
5.955 7.337461519484906
5.965 7.389081309107432
5.975 7.412781376000117
5.985 7.410953586366823
5.995 7.386402210194683
6.005 7.342277167725583
6.015 7.282002035861117
6.025 7.209194726078559
6.035 7.127579091790959
6.045 7.04088679813517
6.055 6.954005234125434
6.065 6.86845339409178
6.075 6.788240465633102
6.085 6.716131789742073
6.095 6.6543976870722705
6.105 6.604746636955536
6.115 6.568285954383827
6.125 6.545514188262986
6.135 6.536346753157582
6.1450000000000005 6.5401732099574375
6.155 6.555941522274571
6.165 6.582261937966358
6.175 6.617521231775576
6.185 6.659997146656193
6.195 6.7079631013387475
6.205 6.759774551443519
6.215 6.813930618862403
6.225 6.8691074434332435
6.235 6.924162798497148
6.245 6.978114470376454
6.255 7.0300973936044056
6.265 7.079306305899814
6.275 7.124931600171244
6.285 7.166096089630209
6.295 7.201799664558164
6.305 7.229874006629661
6.315 7.251313074281749
6.325 7.263113631672179
6.335 7.263584871388577
6.345 7.2508822750557105
6.355 7.223062193019247
6.365 7.178149917239102
6.375 7.114218039679148
6.385 7.029471582720083
6.3950000000000005 6.922336196296021
6.405 6.791545568873694
6.415 6.636224063824166
6.425 6.45596048232641
6.435 6.2499081757866515
6.445 6.020997686711249
6.455 5.7691104587543265
6.465 5.496146529642972
6.475 5.204561927125651
6.485 4.897319570107596
6.495 4.57781461220794
6.505 4.249777150734949
6.515 3.9171568463103057
6.525 3.583995383520814
6.535 3.254293690684029
6.545 2.931881305129961
6.555 2.620295153963311
6.565 2.3226743198616364
6.575 2.041676143721807
6.585 1.7794174037474808
6.595 1.5374424659275643
6.605 1.315809755923265
6.615 1.1170552925179427
6.625 0.9397562464493476
6.635 0.7833844516000272
6.6450000000000005 0.6470196063883429
6.655 0.5294311785166645
6.665 0.42916174621492525
6.675 0.3446073811014221
6.685 0.27409146486979097
6.695 0.21592926864986092
6.705 0.16848160836016016
6.715 0.13019683203662438
6.725 0.09964122571874781
6.735 0.07551859584821799
6.745 0.05581134443370467
6.755 0.041553308869832786
6.765 0.03062991525126871
6.775 0.022353371370179995
6.785 0.016150922261074608
6.795 0.011553369823066071
6.805 0.008182331659836069
6.815 0.005737233663401767
6.825 0.003982768394437906
6.835 0.0027373140174047073
6.845 0.0018626070646347674
6.855 0.001254801200408369
6.865 0.0
6.875 0.0
6.885 0.0
6.8950000000000005 0.0
6.905 0.0
6.915 0.0
6.925 0.0
6.935 0.0
6.945 0.0
6.955 0.0
6.965 0.0
6.975 0.0
6.985 0.0
6.995 0.0
