0.005 0.0
0.015 0.0
0.025 0.0
0.034999999999999996 0.0
0.045 0.0
0.055 0.0
0.065 0.0
0.07500000000000001 0.0
0.085 0.0
0.095 0.0
0.10500000000000001 0.0
0.115 0.0
0.125 0.0
0.135 0.0
0.14500000000000002 0.0
0.155 0.0
0.165 0.0
0.17500000000000002 0.0
0.185 0.0
0.195 0.0
0.20500000000000002 0.0
0.215 0.0
0.225 0.0
0.23500000000000001 0.0
0.245 0.0
0.255 0.0
0.265 0.0
0.275 0.0
0.28500000000000003 0.0
0.295 0.0
0.305 0.0
0.315 0.0
0.325 0.0
0.335 0.0
0.34500000000000003 0.0
0.35500000000000004 0.0
0.365 0.0
0.375 0.0
0.385 0.0
0.395 0.0
0.405 0.0
0.41500000000000004 0.0
0.425 0.0
0.435 0.0
0.445 0.0
0.455 0.0
0.465 0.0
0.47500000000000003 0.0
0.485 0.0
0.495 0.0
0.505 0.0
0.515 0.0
0.525 0.0
0.535 0.0
0.545 0.0
0.555 0.0
0.5650000000000001 0.0
0.5750000000000001 0.0
0.585 0.0
0.595 0.0
0.605 0.0
0.615 0.0
0.625 0.0
0.635 0.0
0.645 0.0
0.655 0.0
0.665 0.0
0.675 0.0
0.685 0.0
0.6950000000000001 0.0
0.7050000000000001 0.0
0.715 0.0
0.725 0.0
0.735 0.0
0.745 0.0
0.755 0.0
0.765 0.0
0.775 0.0
0.785 0.0
0.795 0.0
0.805 0.0
0.8150000000000001 0.0
0.8250000000000001 0.0
0.8350000000000001 0.0
0.845 0.0
0.855 0.0
0.865 0.0
0.875 0.0
0.885 0.0
0.895 0.0
0.905 0.0
0.915 0.0
0.925 0.0
0.935 0.0
0.9450000000000001 0.0
0.9550000000000001 0.0
0.965 0.0
0.975 0.0
0.985 0.0
0.995 0.0
1.005 0.0
1.015 0.0
1.025 0.0
1.035 0.0
1.045 0.0
1.055 0.0
1.065 0.0
1.075 0.0
1.085 0.0
1.095 0.0
1.105 0.0
1.115 0.0
1.125 0.0
1.135 0.0
1.145 0.0
1.155 0.0
1.1649999999999998 0.0
1.1749999999999998 0.0
1.1849999999999998 0.0
1.1949999999999998 0.0
1.2049999999999998 0.0
1.2149999999999999 0.0
1.2249999999999999 0.0
1.2349999999999999 0.0
1.2449999999999999 0.0
1.255 0.0
1.265 0.0
1.275 0.0
1.285 0.0
1.295 0.0
1.305 0.0
1.315 0.0
1.325 0.0
1.335 0.0
1.345 0.0
1.355 0.0
1.365 0.0
1.375 0.0
1.385 0.0
1.395 0.0
1.405 0.0
1.4149999999999998 0.0
1.4249999999999998 0.0
1.4349999999999998 0.0
1.4449999999999998 0.0
1.4549999999999998 0.0
1.4649999999999999 0.0
1.4749999999999999 0.0
1.4849999999999999 0.0
1.4949999999999999 0.0
1.505 0.0
1.515 0.0
1.525 0.0
1.535 0.0
1.545 0.0
1.555 0.0
1.565 0.0
1.575 0.0
1.585 0.0
1.595 0.0
1.605 0.0
1.615 0.0
1.625 0.0
1.635 0.0
1.645 0.0
1.655 0.0
1.665 0.0
1.6749999999999998 0.0
1.6849999999999998 0.0
1.6949999999999998 0.0
1.7049999999999998 0.0
1.7149999999999999 0.0
1.7249999999999999 0.0
1.7349999999999999 0.0
1.7449999999999999 0.0
1.755 0.0
1.765 0.0
1.775 0.0
1.785 0.0
1.795 0.0
1.805 0.0
1.815 0.0
1.825 0.0
1.835 0.0
1.845 0.0
1.855 0.0
1.865 0.0
1.875 0.0
1.885 0.0
1.895 0.0
1.905 0.0
1.915 0.0
1.9249999999999998 0.0
1.9349999999999998 0.0
1.9449999999999998 0.0
1.9549999999999998 0.0
1.9649999999999999 0.0
1.9749999999999999 0.0
1.9849999999999999 0.0
1.9949999999999999 0.0
2.005 0.0
2.015 0.0
2.025 0.0
2.035 0.0
2.045 0.0
2.0549999999999997 0.0
2.065 0.0
2.0749999999999997 0.008535255148167876
2.085 0.012669597807416732
2.0949999999999998 0.018619422384678962
2.105 0.027091099714857847
2.1149999999999998 0.03902510863541996
2.125 0.05565685496706911
2.135 0.07858691817390645
2.145 0.10985982666547725
2.155 0.1520493668671539
2.165 0.20834706067483402
2.175 0.28264883181433453
2.185 0.379633096261717
2.195 0.5048216760270154
2.205 0.6646132218276505
2.215 0.86627746024202
2.225 1.1178978154695676
2.235 1.428250075029103
2.245 1.806606043847723
2.255 2.262453787920019
2.265 2.805130245288566
2.275 3.4433676865780223
2.285 4.184762580021998
2.295 5.035183503838818
2.305 5.998143298896949
2.315 7.074168931763903
2.3249999999999997 8.260209671376659
2.335 9.54912923882203
2.3449999999999998 10.92932967235648
2.355 12.38455301128811
2.3649999999999998 13.89390105956569
2.375 15.432103326091989
2.385 16.97004907575804
2.395 18.475582051487166
2.405 19.914537071666583
2.415 21.25197795246255
2.425 22.453577848964834
2.435 23.487067984646455
2.445 24.32367050681652
2.455 24.93942715729307
2.465 25.31633833140026
2.475 25.443237005370055
2.485 25.31633833140026
2.495 24.93942715729307
2.505 24.32367050681652
2.515 23.487067984646455
2.525 22.453577848964834
2.535 21.25197795246255
2.545 19.914537071666583
2.555 18.475582051487166
2.565 16.97004907575804
2.5749999999999997 15.432103326091989
2.585 13.89390105956569
2.5949999999999998 12.38455301128811
2.605 10.92932967235648
2.6149999999999998 9.54912923882203
2.625 8.260209671376659
2.635 7.074168931763903
2.645 5.998143298896949
2.655 5.035183503838818
2.665 4.184762580021998
2.675 3.4433676865780223
2.685 2.805130245288566
2.695 2.262453787920019
2.705 1.806606043847723
2.715 1.428250075029103
2.725 1.1178978154695676
2.735 0.86627746024202
2.745 0.6646132218276505
2.755 0.5048216760270154
2.765 0.379633096261717
2.775 0.28264883181433453
2.785 0.20834706067483402
2.795 0.1520493668671539
2.805 0.10985982666547725
2.815 0.07858691817390645
2.8249999999999997 0.05565685496706911
2.835 0.03902510863541996
2.8449999999999998 0.027091099714857847
2.855 0.018619422384678962
2.8649999999999998 0.012669597807416732
2.875 0.008535255148167876
2.885 0.0
2.895 0.0
2.905 0.0
2.915 0.0
2.925 0.0
2.935 0.0
2.945 0.0
2.955 0.0
2.965 0.0
2.975 0.0
2.985 0.0
2.995 0.0
3.005 0.0
3.015 0.0
3.025 0.0
3.035 0.0
3.045 0.0
3.055 0.0
3.065 0.0
3.075 0.0
3.085 0.0
3.0949999999999998 0.0
3.105 0.0
3.1149999999999998 0.0
3.125 0.0
3.135 0.0
3.145 0.0
3.155 0.0
3.165 0.0
3.175 0.0
3.185 0.0
3.195 0.0
3.205 0.0
3.215 0.0
3.225 0.0
3.235 0.0
3.245 0.0
3.255 0.0
3.265 0.0
3.275 0.0
3.285 0.0
3.295 0.0
3.305 0.0
3.315 0.0
3.325 0.0
3.335 0.0
3.3449999999999998 0.0
3.355 0.0
3.3649999999999998 0.0
3.375 0.0
3.385 0.0
3.395 0.0
3.405 0.0
3.415 0.0
3.425 0.0
3.435 0.0
3.445 0.0
3.455 0.0
3.465 0.0
3.475 0.0
3.485 0.0
3.495 0.0
3.505 0.0
3.515 0.0
3.525 0.0
3.535 0.0
3.545 0.0
3.555 0.0
3.565 0.0
3.575 0.0
3.585 0.0
3.5949999999999998 0.0
3.605 0.0
3.6149999999999998 0.0
3.625 0.0
3.635 0.0
3.645 0.0
3.655 0.0
3.665 0.0
3.675 0.0
3.685 0.0
3.695 0.0
3.705 0.0
3.715 0.0
3.725 0.0
3.735 0.0
3.745 0.0
3.755 0.0
3.765 0.0
3.775 0.0
3.785 0.0
3.795 0.0
3.805 0.0
3.815 0.0
3.825 0.0
3.835 0.0
3.8449999999999998 0.0
3.855 0.005775614160053636
3.8649999999999998 0.008573230352042587
3.875 0.015460191987225607
3.885 0.02542604753992657
3.895 0.036875075951954564
3.905 0.05295390954583254
3.915 0.0752965121345442
3.925 0.10601421406072864
3.935 0.14779727450777203
3.945 0.20402459165937584
3.955 0.2788772226290071
3.965 0.37744934200657476
3.975 0.5058480273491877
3.985 0.6712709633593199
3.995 0.8820490185178462
4.005 1.1476389430695808
4.015 1.4785504870008843
4.025 1.8861923858906953
4.035 2.3826232448465645
4.045 2.980196644093054
4.055 3.691094965759082
4.065 4.526753513587634
4.075 5.497185275610203
4.085 6.610226739225912
4.095 7.870735839579003
4.1049999999999995 9.27978351305886
4.115 10.833889375996208
4.125 12.52435861020017
4.135 14.336780102739809
4.145 16.250744318613307
4.155 18.239832652926417
4.165 20.271917920386585
4.175 22.30979852755435
4.185 24.31216763758642
4.195 26.234894721162583
4.205 28.032572182604156
4.215 29.66025643688799
4.225 31.07531314662767
4.235 32.23926239543924
4.245 33.119513050273895
4.255 33.69087749865285
4.265 33.936768605537836
4.275 33.849999537228705
4.285 33.43313264222537
4.295 32.69835376024527
4.305 31.666880562291862
4.315 30.367945001839217
4.325 28.837417955465625
4.335 27.116166294072627
4.345 25.248247205807157
4.355 23.279050617297752
4.365 21.253497907945224
4.375 19.214394482779163
4.385 17.201016568470084
4.395 15.247990746470236
4.405 13.384500441340824
4.415 11.633829080742377
4.425 10.013226981468804
4.435 8.534069857472293
4.445 7.202262348806894
4.455 6.018830729927787
4.465 4.980645015841571
4.475 4.08121160760362
4.485 3.311482596921369
4.495 2.660635840146535
4.505 2.11678977533293
4.515 1.6676275830297196
4.525 1.3009157046463435
4.535 1.0049111556897588
4.545 0.7686599662710842
4.555 0.5821951506366859
4.565 0.4366467733448768
4.575 0.32427904423420395
4.585 0.2384701700837481
4.595 0.17365022921947615
4.605 0.1252109588475945
4.615 0.08939938806710854
4.625 0.06320500993923613
4.635 0.04424790668105228
4.645 0.0306731037649013
4.655 0.021054550535395948
4.665 0.01045837011918838
4.675 0.007087652581959517
4.685 0.0028475126095807417
4.695 0.0
4.705 0.0
4.715 0.0
4.725 0.0
4.735 0.0
4.745 0.0
4.755 0.0
4.765 0.0
4.775 0.0
4.785 0.0
4.795 0.0
4.805 0.0
4.815 0.0
4.825 0.0
4.835 0.0
4.845 0.0
4.855 0.0
4.865 0.0
4.875 0.0
4.885 0.0
4.895 0.0
4.905 0.0
4.915 0.0
4.925 0.0
4.935 0.0
4.945 0.0
4.955 0.0
4.965 0.0
4.975 0.0
4.985 0.0
4.995 0.0
5.005 0.0
5.015 0.0
5.025 0.0
5.035 0.0
5.045 0.0
5.055 0.0
5.065 0.0
5.075 0.0
5.085 0.0
5.095 0.0
5.105 0.0
5.115 0.0
5.125 0.0
5.135 0.0
5.145 0.0
5.155 0.0
5.165 0.0
5.175 0.0
5.185 0.0016761814675273665
5.195 0.002488097271512239
5.205 0.003656543383353024
5.215 0.00532023922995764
5.225 0.007663879137458979
5.235 0.010930076162595437
5.245 0.015433157362784524
5.255 0.023209575283745804
5.265 0.03391600998359019
5.275 0.04690078059208558
5.285 0.06425084760942716
5.295 0.0871999530792628
5.305 0.11724864918661601
5.315 0.1561959266454198
5.325 0.2061665828598584
5.335 0.26963133118667687
5.345 0.3494162043435268
5.355 0.4486974846408819
5.365 0.5709782653707206
5.375 0.7200428754503923
5.385 0.8998858409881945
5.395 1.11461285686675
5.405 1.3683124216584377
5.415 1.664898345006214
5.425 2.0079252291024496
5.435 2.4003811790187246
5.445 2.844464296736472
5.455 3.341351812633217
5.465 3.890972830039658
5.475 4.4917974103210785
5.485 5.140655911500934
5.495 5.832602929570291
5.505 6.560839725994704
5.515 7.316707553830387
5.525 8.089761779382311
5.535 8.867933175280974
5.545 9.637778358718926
5.555 10.384816277089627
5.565 11.093942195245202
5.575 11.749905173595096
5.585 12.337829947955841
5.595 12.843759848219747
5.605 13.255194320074192
5.615 13.561593079481899
5.625 13.75481917458933
5.635 13.829495367462158
5.645 13.783252241634678
5.655 13.616852094431646
5.665 13.334179635551028
5.675 12.942098304927967
5.685 12.450179070102
5.695 11.870316250202452
5.705 11.216251638949029
5.715 10.503033434346628
5.725 9.746439824939674
5.735 8.962398293946466
5.745 8.166430734102258
5.755 7.373151459634795
5.765 6.595840473119768
5.775 5.846108347420721
5.785 5.133662358213904
5.795 4.466176623884438
5.805 3.849262524158047
5.815 3.2865300471256917
5.825 2.779726310642711
5.835 2.3289345329017737
5.845 1.932815256088027
5.855 1.5888715868823309
5.865 1.2937214240249864
5.875 1.0433618294196902
5.885 0.8334135524753743
5.895 0.6593369148426335
5.905 0.516613503802235
5.915 0.4008911534967893
5.925 0.3080923227403895
5.935 0.23448808429540954
5.945 0.17674146885124936
5.955 0.1319248624311059
5.965 0.09751659032793779
5.975 0.071381817749197
5.985 0.051742558273633846
5.995 0.0360230370945201
6.005 0.025661504013488108
6.015 0.01809887122830587
6.025 0.012638294102348843
6.035 0.008737616722007513
6.045 0.005980879734968714
6.055 0.0040532619871348746
6.065 0.0016291743519706234
6.075 0.0
6.085 0.0
6.095 0.0
6.105 0.0
6.115 0.0
6.125 0.0
6.135 0.0
6.1450000000000005 0.0
6.155 0.0
6.165 0.0012131037932798662
6.175 0.0018007120926908252
6.185 0.0026463522802106917
6.195 0.0038504198477618567
6.205 0.005546583727956727
6.215 0.00791043041016434
6.225 0.012360678097320143
6.235 0.017382465564106716
6.245 0.025393267994255578
6.255 0.03515068162060281
6.265 0.04820206896702483
6.275 0.06548277986016884
6.285 0.08813147910374539
6.295 0.11751432837139578
6.305 0.1564087935146245
6.315 0.20493019774900448
6.325 0.2660736394944206
6.335 0.342348851372124
6.345 0.436543631553971
6.355 0.5516954120981319
6.365 0.6910440169868082
6.375 0.8579635347958134
6.385 1.055872057726633
6.3950000000000005 1.2881191389765163
6.405 1.5578521642386218
6.415 1.867864363483008
6.425 2.2204288223727677
6.435 2.617124481672838
6.445 3.0586616136318137
6.455 3.544715504067849
6.465 4.073777917781791
6.475 4.643036267363186
6.485 5.248290152091656
6.495 5.883914031912811
6.505 6.54287324375888
6.515 7.2167983957956405
6.525 7.896120481752238
6.535 8.570265981027298
6.545 9.227907927896588
6.555 9.857265648740283
6.565 10.44644279590441
6.575 10.983790663007689
6.585 11.458281741605438
6.595 11.859877230427005
6.605 12.179871845401689
6.615 12.411199853799747
6.625 12.548687759350633
6.635 12.589241424946827
6.6450000000000005 12.531958505022235
6.655 12.378160690776767
6.665 12.131344230612335
6.675 11.797051235653658
6.685 11.382668170618372
6.695 10.897161429540956
6.705 10.350762797433127
6.715 9.754619737908383
6.725 9.120426710558526
6.735 8.460054057259864
6.745 7.785190412317085
6.755 7.107013155990609
6.765 6.435899266518421
6.775 5.781186197485292
6.785 5.150989310596529
6.795 4.55207913881954
6.805 3.9898185509284856
6.815 3.468156929315541
6.825 2.989675922992191
6.835 2.5556793220117773
6.845 2.166318196982133
6.855 1.8207416880640126
6.865 1.5172636948346694
6.875 1.2535361527000144
6.885 1.0267204906675205
6.8950000000000005 0.8348131072361835
6.905 0.6727047121082637
6.915 0.5378448443684611
6.925 0.42698968374214985
6.935 0.33707090432479087
6.945 0.26526843045965776
6.955 0.21024818810259044
6.965 0.16803598163796454
6.975 0.13805715758460704
6.985 0.11904821667754739
6.995 0.10975398293610929
