0.005 0.0
0.015 0.0
0.025 0.0
0.034999999999999996 0.0
0.045 0.0
0.055 0.0
0.065 0.0
0.07500000000000001 0.0
0.085 0.0
0.095 0.0
0.10500000000000001 0.0
0.115 0.0
0.125 0.0
0.135 0.0
0.14500000000000002 0.0
0.155 0.0
0.165 0.0
0.17500000000000002 0.0
0.185 0.0
0.195 0.0
0.20500000000000002 0.0
0.215 0.0
0.225 0.0
0.23500000000000001 0.0
0.245 0.0
0.255 0.0
0.265 0.0
0.275 0.0
0.28500000000000003 0.0
0.295 0.0
0.305 0.0
0.315 0.0
0.325 0.0
0.335 0.0
0.34500000000000003 0.0
0.35500000000000004 0.0
0.365 0.0
0.375 0.0
0.385 0.0
0.395 0.0
0.405 0.0
0.41500000000000004 0.0
0.425 0.0
0.435 0.0
0.445 0.0
0.455 0.0
0.465 0.0
0.47500000000000003 0.0
0.485 0.0
0.495 0.0
0.505 0.0
0.515 0.0
0.525 0.0
0.535 0.0
0.545 0.0
0.555 0.0
0.5650000000000001 0.0
0.5750000000000001 0.0
0.585 0.0
0.595 0.0
0.605 0.0
0.615 0.0
0.625 0.0
0.635 0.0
0.645 0.0
0.655 0.0
0.665 0.0
0.675 0.0
0.685 0.0
0.6950000000000001 0.0
0.7050000000000001 0.0
0.715 0.0
0.725 0.0
0.735 0.0
0.745 0.0
0.755 0.0
0.765 0.0
0.775 0.0
0.785 0.0
0.795 0.0
0.805 0.0
0.8150000000000001 0.0
0.8250000000000001 0.0
0.8350000000000001 0.0
0.845 0.0
0.855 0.0
0.865 0.0
0.875 0.0
0.885 0.0
0.895 0.0
0.905 0.0
0.915 0.0
0.925 0.0
0.935 0.0
0.9450000000000001 0.0
0.9550000000000001 0.0
0.965 0.0
0.975 0.0
0.985 0.0
0.995 0.0
1.005 0.0
1.015 0.0
1.025 0.0
1.035 0.0
1.045 0.0
1.055 0.0
1.065 0.0
1.075 0.0
1.085 0.0
1.095 0.0
1.105 0.0
1.115 0.0
1.125 0.0
1.135 0.0
1.145 0.0
1.155 0.0
1.1649999999999998 0.0
1.1749999999999998 0.0
1.1849999999999998 0.0
1.1949999999999998 0.0
1.2049999999999998 0.0
1.2149999999999999 0.0
1.2249999999999999 0.0
1.2349999999999999 0.0
1.2449999999999999 0.0
1.255 0.0
1.265 0.0
1.275 0.0
1.285 0.0
1.295 0.0
1.305 0.0
1.315 0.0
1.325 0.0
1.335 0.0
1.345 0.0
1.355 0.0
1.365 0.0
1.375 0.0
1.385 0.0
1.395 0.0
1.405 0.0
1.4149999999999998 0.0
1.4249999999999998 0.0
1.4349999999999998 0.0
1.4449999999999998 0.0
1.4549999999999998 0.0
1.4649999999999999 0.0
1.4749999999999999 0.0
1.4849999999999999 0.0
1.4949999999999999 0.0
1.505 0.0
1.515 0.0
1.525 0.0
1.535 0.0
1.545 0.0
1.555 0.0
1.565 0.0
1.575 0.0
1.585 0.0
1.595 0.0
1.605 0.0
1.615 0.0
1.625 0.0
1.635 0.0
1.645 0.012502014995286826
1.655 0.01855779341365996
1.665 0.02727279897506084
1.6749999999999998 0.0396816883613216
1.6849999999999998 0.05716202795149548
1.6949999999999998 0.08152337842392011
1.7049999999999998 0.1151101885518271
1.7149999999999999 0.16091718132717198
1.7249999999999999 0.22271431042164758
1.7349999999999999 0.30517635753862965
1.7449999999999999 0.41400987696327174
1.755 0.5560675785058327
1.765 0.7394375509665129
1.775 0.9734922179964045
1.785 1.2688799116157021
1.795 1.6374408274366483
1.805 2.092029300244907
1.815 2.646226206325918
1.825 3.313929190364167
1.835 4.108814532376121
1.845 5.043672825776646
1.855 6.129630997426064
1.865 7.375285047281357
1.875 8.785780409011613
1.885 10.361888956897646
1.895 12.099142132608817
1.905 13.98708707159281
1.915 16.008735659362678
1.9249999999999998 18.14027404796256
1.9349999999999998 20.351091604684775
1.9449999999999998 22.604173377644297
1.9549999999999998 24.856879417532262
1.9649999999999999 27.06210884673153
1.9749999999999999 29.169818215406686
1.9849999999999999 31.128834748217653
1.9949999999999999 32.88887819901377
2.005 34.40268287731282
2.015 35.62809642332849
2.025 36.53002597834102
2.035 37.08210662136558
2.045 37.26798145431571
2.0549999999999997 37.08210662136558
2.065 36.53002597834102
2.0749999999999997 35.62809642332849
2.085 34.40268287731282
2.0949999999999998 32.88887819901377
2.105 31.128834748217653
2.1149999999999998 29.169818215406686
2.125 27.06210884673153
2.135 24.856879417532262
2.145 22.604173377644297
2.155 20.35910073098276
2.165 18.152162668422378
2.175 16.026207346252605
2.185 14.01250822601655
2.195 12.135761661659538
2.205 10.414115020798684
2.215 8.859523084783797
2.225 7.478372911857661
2.235 6.272307761228382
2.245 5.239176989833984
2.255 4.374040369528137
2.265 3.6701610032476735
2.275 3.1199297443072793
2.285 2.715674538790688
2.295 2.4503193492539097
2.305 2.317868446452764
2.315 2.3137023274118014
2.3249999999999997 2.4346810703105164
2.335 2.679059547257371
2.3449999999999998 3.0462267265832677
2.355 3.5362885168655867
2.3649999999999998 4.149520416232256
2.375 4.885722698644521
2.385 5.743516885285315
2.395 6.7196275058605055
2.405 7.808197158997613
2.415 9.000185010388215
2.425 10.28289845733699
2.435 11.639704143418935
2.445 13.049957419202286
2.455 14.480840049492047
2.465 15.923983990088642
2.475 17.33671313984157
2.485 18.686968321868566
2.495 19.94196688306357
2.505 21.069497948470335
2.515 22.03928184838953
2.525 22.82431464998199
2.535 23.402114926233764
2.545 23.75579260125842
2.555 23.87486900720383
2.565 23.75579260125842
2.5749999999999997 23.402114926233764
2.585 22.82431464998199
2.5949999999999998 22.03928184838953
2.605 21.069497948470335
2.6149999999999998 19.94196688306357
2.625 18.686968321868566
2.635 17.33671313984157
2.645 15.923983990088642
2.655 14.480840049492047
2.665 13.037455404207
2.675 11.621146350005276
2.685 10.25562565836193
2.695 8.960503322026893
2.705 7.751035131046118
2.715 6.638104127436585
2.725 5.628406696733488
2.735 4.724805517317349
2.745 3.926806105810608
2.755 3.231112159326957
2.765 2.632216849619996
2.775 2.1229919687515384
2.785 1.6952435193440036
2.795 1.3402101094153969
2.805 1.0489885348370618
2.815 0.8128785218172613
2.8249999999999997 0.6236452385457812
2.835 0.47370353798136106
2.8449999999999998 0.3562318128835065
2.855 0.2652258371520159
2.8649999999999998 0.1955041640573384
2.875 0.14267676380231792
2.885 0.10308786457630373
2.895 0.07374267577218496
2.905 0.05222606390103822
2.915 0.036619529050721876
2.925 0.025421154423739996
2.935 0.017471686889926195
2.945 0.011888620459817624
2.955 0.008009126297984833
2.965 0.0
2.975 0.0
2.985 0.0
2.995 0.0
3.005 0.0
3.015 0.0
3.025 0.0
3.035 0.0
3.045 0.0
3.055 0.0
3.065 0.0
3.075 0.0
3.085 0.0
3.0949999999999998 0.0
3.105 0.0
3.1149999999999998 0.0
3.125 0.0
3.135 0.0
3.145 0.0
3.155 0.0
3.165 0.0
3.175 0.0
3.185 0.0
3.195 0.0
3.205 0.0
3.215 0.0
3.225 0.0
3.235 0.0
3.245 0.0
3.255 0.0
3.265 0.0
3.275 0.0
3.285 0.0
3.295 0.0
3.305 0.0
3.315 0.0
3.325 0.0
3.335 0.0
3.3449999999999998 0.0
3.355 0.0
3.3649999999999998 0.0
3.375 0.0
3.385 0.0
3.395 0.0
3.405 0.0
3.415 0.0
3.425 0.0
3.435 0.0
3.445 0.0
3.455 0.0
3.465 0.0
3.475 0.0
3.485 0.0
3.495 0.0
3.505 0.0
3.515 0.0
3.525 0.0
3.535 0.0
3.545 0.0
3.555 0.0
3.565 0.0
3.575 0.0
3.585 0.0
3.5949999999999998 0.0
3.605 0.0
3.6149999999999998 0.0
3.625 0.0
3.635 0.0
3.645 0.0
3.655 0.0
3.665 0.0
3.675 0.0
3.685 0.0031331642819235122
3.695 0.004650819527645337
3.705 0.00683491098426573
3.715 0.009944736801786275
3.725 0.014325532670330167
3.735 0.020430797556702206
3.745 0.028848080200834143
3.755 0.0403278963488827
3.765 0.05581504443478893
3.775 0.07948062212152707
3.785 0.10820861773714194
3.795 0.1459010301341045
3.805 0.19483307676886177
3.815 0.25768411816433784
3.825 0.33755691969125623
3.835 0.43798127560275274
3.8449999999999998 0.5628971529706689
3.855 0.7166125961408342
3.8649999999999998 0.9037321259320603
3.875 1.1290523337200178
3.885 1.3974228371477162
3.895 1.7135727153164217
3.905 2.081904907993001
3.915 2.5062637205422345
3.925 2.9896833457050382
3.935 3.5341279737061924
3.945 4.143005779527909
3.955 4.811196342147717
3.965 5.538029898494707
3.975 6.319133003097427
3.985 7.1482040128153574
3.995 8.0170200517129
4.005 8.915530890495367
4.015 9.832043577405056
4.025 10.753496556986248
4.035 11.665816607308344
4.045 12.554346582453029
4.055 13.40432703601605
4.065 14.201410666250936
4.075 14.93218545417974
4.085 15.58468058089974
4.095 16.148828846842164
4.1049999999999995 16.61686042897515
4.115 16.983605379316103
4.125 17.246686197139983
4.135 17.406586943334908
4.145 17.46659149730953
4.155 17.435110361636234
4.165 17.31650371923987
4.175 17.122646827941374
4.185 16.86513063994461
4.195 16.55637714449079
4.205 16.20904612384008
4.215 15.835448974952435
4.225 15.447005188344821
4.235 15.053775291864294
4.245 14.664099722061064
4.255 14.284366296429019
4.265 13.918920077957274
4.275 13.570119033515738
4.285 13.238527774578538
4.295 12.923230757880098
4.305 12.622236595605049
4.315 12.332937516046053
4.325 12.052583314725156
4.335 11.778727889048838
4.345 11.509608888801012
4.355 11.244427018425112
4.365 10.98350061821194
4.375 10.728282536769584
4.385 10.481238951319636
4.395 10.245602521147445
4.405 10.025023878389877
4.415 9.823154876031492
4.425 9.643203344215824
4.435 9.487501771180105
4.445 9.3571310981549
4.455 9.251635846260754
4.465 9.168858579817392
4.475 9.104911055858471
4.485 9.054287331052656
4.495 9.008021976659478
4.505 8.9631230555203
4.515 8.908124291547669
4.525 8.834614693244259
4.535 8.734631352470739
4.545 8.6011577867013
4.555 8.428558731714832
4.565 8.21292143296298
4.575 7.954394172835598
4.585 7.647858115206915
4.595 7.301633547348039
4.605 6.916960771996699
4.615 6.499721444914166
4.625 6.057125521594932
4.635 5.5973449767981505
4.645 5.129124196571826
4.655 4.663441518961289
4.665 4.2059615323422115
4.675 3.7664691933760728
4.685 3.3527170098833365
4.695 2.9716319106333335
4.705 2.6292302823724056
4.715 2.330599870713538
4.725 2.079937454236704
4.735 1.8806275225086515
4.745 1.7353450951931475
4.755 1.6443182051708647
4.765 1.6134439413891457
4.775 1.641195004064639
4.785 1.7284072643197357
4.795 1.875519245674901
4.805 2.0825368833929785
4.815 2.348956950468141
4.825 2.6736561114423774
4.835 3.0547561376876606
4.845 3.489478567538296
4.855 3.974003840999201
4.865 4.503350564654916
4.875 5.071290020966407
4.885 5.670309354531405
4.895 6.291634147755378
4.905 6.925317511908489
4.915 7.5622494061578
4.925 8.187876187227015
4.935 8.791297367810767
4.945 9.360256342103074
4.955 9.882761070593933
4.965 10.345810830036674
4.975 10.743099613063585
4.985 11.063423933176672
4.995 11.29990363942834
5.005 11.447765648598224
5.015 11.504574009496958
5.025 11.470374031977624
5.035 11.347742097422195
5.045 11.141737126077679
5.055 10.859754206397284
5.065 10.511285351369231
5.075 10.107596514581296
5.085 9.661333683090604
5.095 9.186073912499573
5.105 8.695839472540657
5.115 8.204594763115445
5.125 7.725746315995062
5.135 7.2716660262278365
5.145 6.853256797388756
5.155 6.47957809365295
5.165 6.157546539598348
5.175 5.891723773860733
5.185 5.6842003295748995
5.195 5.534580474942572
5.205 5.440068805671333
5.215 5.395655060758887
5.225 5.394389282854819
5.235 5.427735242288624
5.245 5.48598619647743
5.255 5.558723791767832
5.265 5.635298467435522
5.275 5.705308311561605
5.285 5.759053125372839
5.295 5.787941588478278
5.305 5.78483190298043
5.315 5.744290042495787
5.325 5.662754542145494
5.335 5.538602331640374
5.345 5.372116046121853
5.355 5.165359109047874
5.365 4.9235433661506285
5.375 4.649228450907659
5.385 4.348084896481447
5.395 4.030122957459501
5.405 3.700362204378158
5.415 3.365948679612548
5.425 3.0337665355561185
5.435 2.7102088912679623
5.445 2.4010043867292117
5.455 2.111103539323121
5.465 1.8432596198484184
5.475 1.6039509330002664
5.485 1.3936965705110969
5.495 1.214337404872928
5.505 1.0670990610480684
5.515 0.9527096734321858
5.525 0.8715141630043244
5.535 0.8235741924939519
5.545 0.8087449938288883
5.555 0.8267228267560396
5.565 0.877059732949387
5.575 0.9591453073042081
5.585 1.0721582324752075
5.595 1.2149931355683354
5.605 1.3861707571279795
5.615 1.5837413133725184
5.625 1.8051921410562441
5.635 2.0473711240390213
5.645 2.3064369326643797
5.655 2.5778457330957654
5.665 2.856381778831622
5.675 3.1362362881223764
5.685 3.4111354216967205
5.695 3.67451425768453
5.705 3.9197297223883796
5.715 4.1403018147941735
5.725 4.328935052329113
5.735 4.483130458305559
5.745 4.596621446184301
5.755 4.666090483114484
5.765 4.689479358992948
5.775 4.666090483114484
5.785 4.596621446184301
5.795 4.483130458305559
5.805 4.328935052329113
5.815 4.138451009045671
5.825 3.9169824155948367
5.835 3.6704767762753474
5.845 3.405260920909679
5.855 3.1277739874477595
5.865 2.8443130093187703
5.875 2.560804752200826
5.885 2.2826146572675396
5.895 2.0144003648328015
5.905 1.7600136512646003
5.915 1.5237620989008915
5.925 1.3057962898971869
5.935 1.1083863887359773
5.945 0.9322031818208891
5.955 0.7772940050584307
5.965 0.643201165735971
5.975 0.5290888741728843
5.985 0.4338710634077541
5.995 0.3563336215790952
6.005 0.2952458767142546
6.015 0.24945750158697347
6.025 0.2179782227594912
6.035 0.20003873951020607
6.045 0.1951320465051195
6.055 0.20428971463309623
6.065 0.22567225397273755
6.075 0.26052382730022855
6.085 0.30951018722492957
6.095 0.3735089444454723
6.105 0.4535476833886075
6.115 0.5507286501003622
6.125 0.6661424411344261
6.135 0.8007738743577278
6.1450000000000005 0.955404036945054
6.155 1.1305132873480335
6.165 1.3261906192590611
6.175 1.5410058995630163
6.185 1.7765026022614114
6.195 2.0296790357811023
6.205 2.2985135170285877
6.215 2.5804145453533867
6.225 2.8722736624502776
6.235 3.1705463972415258
6.245 3.471357480706708
6.255 3.7706243198253393
6.265 4.065367914757491
6.275 4.3497105544669274
6.285 4.621775421669682
6.295 4.876284111109994
6.305 5.111005081258865
6.315 5.323441074378135
6.325 5.511655284894967
6.335 5.674290207391339
6.345 5.81056313083554
6.355 5.920244107739265
6.365 6.00362357817957
6.375 6.0614771363930195
6.385 6.095034114357674
6.3950000000000005 6.105954793247881
6.405 6.096318357550471
6.415 6.068620520799879
6.425 6.0257765046772525
6.435 5.971122205763647
6.445 5.908404371401529
6.455 5.84174977885569
6.465 5.77560398873861
6.475 5.714632277345983
6.485 5.6635787171449605
6.495 5.627083773669982
6.505 5.60946578250197
6.515 5.614476728505878
6.525 5.6450473003491455
6.535 5.703039691390184
6.545 5.789028604806077
6.555 5.902131076836506
6.565 6.039903914994171
6.575 6.198323813028189
6.585 6.371859803372921
6.595 6.5536410693600935
6.605 6.735715829866718
6.615 6.909389678679915
6.625 7.065625081128731
6.635 7.195478327669332
6.6450000000000005 7.290546636160942
6.655 7.3433966384400655
6.665 7.3479463409344605
6.675 7.299775756043057
6.685 7.196346492326292
6.695 7.037117214320183
6.705 6.823549445813292
6.715 6.559006024615101
6.725 6.247677500370254
6.735 5.898096277799703
6.745 5.516560706535909
6.755 5.111370783238021
6.765 4.691131195838954
6.775 4.264377125884401
6.785 3.839233145233684
6.795 3.4231224627274432
6.805 3.0225387272288984
6.815 2.6428871384249892
6.825 2.2883962507043303
6.835 1.9620970119658696
6.845 1.665861594734996
6.855 1.400491668816382
6.865 1.165007101439735
6.875 0.9604282054030896
6.885 0.7839711480840104
6.8950000000000005 0.6336273706943241
6.905 0.5070680884489392
6.915 0.4029579329289713
6.925 0.31696534791600406
6.935 0.24860871114914768
6.945 0.1938154326611843
6.955 0.15136626270524198
6.965 0.11953759041437564
6.975 0.09692058827394384
6.985 0.08244365276367133
6.995 0.07538617334102929
