0.005 0.0
0.015 0.0
0.025 0.0
0.034999999999999996 0.0
0.045 0.0
0.055 0.0
0.065 0.0
0.07500000000000001 0.0
0.085 0.0
0.095 0.0
0.10500000000000001 0.0
0.115 0.0
0.125 0.0
0.135 0.0
0.14500000000000002 0.0
0.155 0.0
0.165 0.0
0.17500000000000002 0.0
0.185 0.0
0.195 0.0
0.20500000000000002 0.0
0.215 0.0
0.225 0.0
0.23500000000000001 0.0
0.245 0.0
0.255 0.0
0.265 0.0
0.275 0.0
0.28500000000000003 0.0
0.295 0.0
0.305 0.0
0.315 0.0
0.325 0.0
0.335 0.0
0.34500000000000003 0.0
0.35500000000000004 0.0
0.365 0.0
0.375 0.0
0.385 0.0
0.395 0.0
0.405 0.0
0.41500000000000004 0.0
0.425 0.0
0.435 0.0
0.445 0.0
0.455 0.0
0.465 0.0
0.47500000000000003 0.0
0.485 0.0
0.495 0.0
0.505 0.0
0.515 0.0
0.525 0.0
0.535 0.0
0.545 0.0
0.555 0.0
0.5650000000000001 0.0
0.5750000000000001 0.0
0.585 0.0
0.595 0.0
0.605 0.0
0.615 0.0
0.625 0.0
0.635 0.0
0.645 0.0
0.655 0.0
0.665 0.0
0.675 0.0
0.685 0.0
0.6950000000000001 0.0
0.7050000000000001 0.0
0.715 0.0
0.725 0.0
0.735 0.0
0.745 0.0
0.755 0.0
0.765 0.0
0.775 0.0
0.785 0.0
0.795 0.0
0.805 0.0
0.8150000000000001 0.0
0.8250000000000001 0.0
0.8350000000000001 0.0
0.845 0.0
0.855 0.0
0.865 0.0
0.875 0.0
0.885 0.0
0.895 0.0
0.905 0.0
0.915 0.0
0.925 0.0
0.935 0.0
0.9450000000000001 0.0
0.9550000000000001 0.0
0.965 0.0
0.975 0.0
0.985 0.0
0.995 0.0
1.005 0.0
1.015 0.0
1.025 0.0
1.035 0.0
1.045 0.0
1.055 0.0
1.065 0.0
1.075 0.0
1.085 0.0
1.095 0.0
1.105 0.0
1.115 0.0
1.125 0.0
1.135 0.0
1.145 0.0
1.155 0.0
1.1649999999999998 0.0
1.1749999999999998 0.0
1.1849999999999998 0.0
1.1949999999999998 0.0
1.2049999999999998 0.0
1.2149999999999999 0.0
1.2249999999999999 0.0
1.2349999999999999 0.0
1.2449999999999999 0.0
1.255 0.0
1.265 0.0
1.275 0.0
1.285 0.0
1.295 0.0
1.305 0.0
1.315 0.0
1.325 0.0
1.335 0.0
1.345 0.0
1.355 0.0
1.365 0.0
1.375 0.0
1.385 0.0
1.395 0.0
1.405 0.0
1.4149999999999998 0.0
1.4249999999999998 0.0
1.4349999999999998 0.0
1.4449999999999998 0.0
1.4549999999999998 0.0
1.4649999999999999 0.0
1.4749999999999999 0.0
1.4849999999999999 0.0
1.4949999999999999 0.0
1.505 0.014407099258054348
1.515 0.02138567037568429
1.525 0.03142868745772528
1.535 0.04572847042370901
1.545 0.06587250221658995
1.555 0.09394608831041457
1.565 0.132650929686513
1.575 0.1854380917460824
1.585 0.2566520019087683
1.595 0.3516797952912428
1.605 0.47709760334421036
1.615 0.6408023667176589
1.625 0.8521146547915145
1.635 1.121835081537263
1.645 1.4622345949905207
1.655 1.886957625547881
1.665 2.4108172795144585
1.6749999999999998 3.0494639166706135
1.6849999999999998 3.818912935054024
1.6949999999999998 4.734924636004312
1.7049999999999998 5.812238671406945
1.7149999999999999 7.063677513461336
1.7249999999999999 8.499147039312026
1.7349999999999999 10.124576755012574
1.7449999999999999 11.940856154727134
1.755 13.942835751478269
1.765 16.118469850456545
1.775 18.44818165130515
1.785 20.90452850007224
1.795 23.452235249196594
1.805 26.048646527840738
1.815 28.64462481838988
1.825 31.185891908953582
1.835 33.614778619862335
1.845 35.87231435686291
1.855 37.90055706043249
1.865 39.64503859127241
1.875 41.057183321243365
1.885 42.09655086541421
1.895 42.732758758742115
1.905 42.94695760340006
1.915 42.732758758742115
1.9249999999999998 42.09655086541421
1.9349999999999998 41.057183321243365
1.9449999999999998 39.64503859127241
1.9549999999999998 37.90055706043249
1.9649999999999999 35.87231435686291
1.9749999999999999 33.614778619862335
1.9849999999999999 31.185891908953582
1.9949999999999999 28.64462481838988
2.005 26.048646527840738
2.015 23.452235249196594
2.025 20.90452850007224
2.035 18.44818165130515
2.045 16.118469850456545
2.0549999999999997 13.942835751478269
2.065 11.940856154727134
2.0749999999999997 10.124576755012574
2.085 8.499147039312026
2.0949999999999998 7.063677513461336
2.105 5.812238671406945
2.1149999999999998 4.734924636004312
2.125 3.818912935054024
2.135 3.0494639166706135
2.145 2.4108172795144585
2.155 1.886957625547881
2.165 1.4622345949905207
2.175 1.121835081537263
2.185 0.8521146547915145
2.195 0.6408023667176589
2.205 0.47709760334421036
2.215 0.3516797952912428
2.225 0.2566520019087683
2.235 0.1854380917460824
2.245 0.132650929686513
2.255 0.09394608831041457
2.265 0.06587250221658995
2.275 0.04572847042370901
2.285 0.03142868745772528
2.295 0.02138567037568429
2.305 0.014407099258054348
2.315 0.0
2.3249999999999997 0.0
2.335 0.0
2.3449999999999998 0.0
2.355 0.0
2.3649999999999998 0.0
2.375 0.0
2.385 0.0
2.395 0.0
2.405 0.0
2.415 0.0
2.425 0.0
2.435 0.0
2.445 0.0
2.455 0.0
2.465 0.0
2.475 0.0
2.485 0.0
2.495 0.0
2.505 0.0
2.515 0.0
2.525 0.0
2.535 0.0
2.545 0.0
2.555 0.0
2.565 0.0
2.5749999999999997 0.0
2.585 0.0
2.5949999999999998 0.0
2.605 0.0
2.6149999999999998 0.0
2.625 0.0
2.635 0.0
2.645 0.0
2.655 0.0
2.665 0.0
2.675 0.0
2.685 0.0
2.695 0.0
2.705 0.0
2.715 0.0
2.725 0.0
2.735 0.0
2.745 0.0
2.755 0.0
2.765 0.0
2.775 0.0
2.785 0.0
2.795 0.0
2.805 0.0
2.815 0.0
2.8249999999999997 0.0
2.835 0.0
2.8449999999999998 0.0
2.855 0.0
2.8649999999999998 0.0
2.875 0.0
2.885 0.0
2.895 0.0
2.905 0.0
2.915 0.0
2.925 0.0
2.935 0.0
2.945 0.0
2.955 0.0
2.965 0.0
2.975 0.0
2.985 0.0
2.995 0.0
3.005 0.0
3.015 0.0
3.025 0.0
3.035 0.0
3.045 0.0
3.055 0.0
3.065 0.0
3.075 0.0
3.085 0.0
3.0949999999999998 0.0
3.105 0.0
3.1149999999999998 0.0
3.125 0.004207740727698868
3.135 0.006245903815690259
3.145 0.0091790696978823
3.155 0.013355467604600832
3.165 0.019238738169810556
3.175 0.027437916190570517
3.185 0.03874206107777162
3.195 0.054159091787372396
3.205 0.07495784279220784
3.215 0.10271168201527364
3.225 0.1393412359227449
3.235 0.18715288681976175
3.245 0.24886880234623504
3.255 0.32764341230638555
3.265 0.4270605726098665
3.275 0.5511052787410329
3.285 0.7041038499392636
3.295 0.8906271338867625
3.305 1.1153525914232458
3.315 1.382883179788038
3.325 1.6975237651057975
3.335 2.063019281560489
3.3449999999999998 2.48226284191257
3.355 2.9606942843028063
3.3649999999999998 3.4929533923073364
3.375 4.080236862507516
3.385 4.719333502992372
3.395 5.4049342915573435
3.405 6.129561031374425
3.415 6.883606612150268
3.425 7.655501323529066
3.435 8.43201220928407
3.445 9.198673290482825
3.455 9.940334242435233
3.465 10.641804595765544
3.475 11.288560685394057
3.485 11.867474370569111
3.495 12.367516909820045
3.505 12.780389046332955
3.515 13.101029832742904
3.525 13.327962162277755
3.535 13.463442172463722
3.545 13.513392080357452
3.555 13.487110702278041
3.565 13.396771765624901
3.575 13.25673584983839
3.585 13.082716086348398
3.5949999999999998 12.890849388374813
3.605 12.696732964351236
3.6149999999999998 12.514489487090067
3.625 12.355923199772196
3.635 12.229823483896256
3.645 12.141462419869473
3.655 12.092319406352999
3.665 12.080050012644524
3.675 12.098699148382527
3.685 12.139141660901256
3.695 12.18971790609715
3.705 12.237018853662597
3.715 12.26676583646306
3.725 12.26472480095916
3.735 12.217594183469895
3.745 12.113809282596389
3.755 11.94421381864563
3.765 11.702560541112407
3.775 11.38581628242289
3.785 10.994261608463228
3.795 10.531389967208955
3.805 10.003624814096263
3.815 9.419884573851123
3.825 8.791033697933395
3.835 8.129263009363497
3.8449999999999998 7.447443838340374
3.855 6.75849831588495
3.8649999999999998 6.074823072269796
3.875 5.407796171446054
3.885 4.767388233228232
3.895 4.16188923251065
3.905 3.5977532600642497
3.915 3.0795553059714176
3.925 2.6100474335297363
3.935 2.187490425121745
3.945 1.8180326632041899
3.955 1.495940284762292
3.965 1.2186637384933283
3.975 0.9829028067362946
3.985 0.7875829510632213
3.995 0.6245266834116296
4.005 0.4915923858890512
4.015 0.38497703784496906
4.025 0.3011676898977067
4.035 0.2370461400621406
4.045 0.1899640251772658
4.055 0.15779284420652998
4.065 0.1389536348427
4.075 0.13243064002648414
4.085 0.13777245422864887
4.095 0.15508297541674246
4.1049999999999995 0.18500315923579497
4.115 0.22868322839597258
4.125 0.29029724468091855
4.135 0.3680135993158761
4.145 0.4660791956150825
4.155 0.5873522446403657
4.165 0.7324361097497366
4.175 0.9127928583872129
4.185 1.1241892037815369
4.195 1.3714761577688575
4.205 1.6575000232163286
4.215 1.9846099450310024
4.225 2.3569451316132617
4.235 2.7716972263998185
4.245 3.230623283663026
4.255 3.732898285194706
4.265 4.276721081156166
4.275 4.859346301396603
4.285 5.477176386054387
4.295 6.125912729590594
4.305 6.800759377007056
4.315 7.496667000781936
4.325 8.20859961398612
4.335 8.931802266958204
4.345 9.662045423727715
4.355 10.39582129943477
4.365 11.130469456532124
4.375 11.864213460575517
4.385 12.596097169246098
4.395 13.325817782379758
4.405 14.053462389572756
4.415 14.779164516469926
4.425 15.502706111283665
4.435 16.22309757521219
4.445 16.93817300431173
4.455 17.644239187562643
4.465 18.335814812334892
4.475 19.005490823950602
4.485 19.64393437452588
4.495 20.242230023666842
4.505 20.784522380249854
4.515 21.258857160676648
4.525 21.65144886150278
4.535 21.948804660831943
4.545 22.138436699195477
4.555 22.209572820720854
4.565 22.153819983230697
4.575 21.965737460458527
4.585 21.643282951473154
4.595 21.1881031951917
4.605 20.60565089868726
4.615 19.905120867816084
4.625 19.099209305327012
4.635 18.205772886105333
4.645 17.240035329029013
4.655 16.225796790787676
4.665 15.181553164613872
4.675 14.13085524897155
4.685 13.095641226967334
4.695 12.096891986361372
4.705 11.153987915919407
4.715 10.284156933277888
4.725 9.502032710800524
4.735 8.819335591604524
4.745 8.24468220319748
4.755 7.783523572432252
4.765 7.438205830690548
4.775 7.208142507019695
4.785 7.090083022190296
4.795 7.076644787681639
4.805 7.164584644606269
4.815 7.342300742438017
4.825 7.599840460237378
4.835 7.926610804650162
4.845 8.311766556121892
4.855 8.744537642229883
4.865 9.214480663961222
4.875 9.711645117955918
4.885 10.226651508319764
4.895 10.750685806466587
4.905 11.27727981924338
4.915 11.795649067200696
4.925 12.299374571460081
4.935 12.779168773928674
4.945 13.233209468447779
4.955 13.648490359544013
4.965 14.018519179373595
4.975 14.335574040928421
4.985 14.590458860894927
4.995 14.78002299906281
5.005 14.895644111623595
5.015 14.93242711757693
5.025 14.88713592252417
5.035 14.756968378958469
5.045 14.54697359662096
5.055 14.258672469034448
5.065 13.898774472930192
5.075 13.476706170200337
5.085 13.004422793997271
5.095 12.496060297607489
5.105 11.967441167784095
5.115 11.435457947419492
5.125 10.917367174994293
5.135 10.430032717522998
5.145 9.98916090329478
5.155 9.608570372446732
5.165 9.299537318206564
5.175 9.070252137513235
5.185 8.925416918356126
5.195 8.866005194370096
5.205 8.889196532814905
5.215 8.988489295600864
5.225 9.153985777450762
5.235 9.372835276852253
5.245 9.629812840773077
5.255 9.90800475168528
5.265 10.189566574670906
5.275 10.456516004584746
5.285 10.691521061880556
5.295 10.878644536062485
5.305 11.0025526700586
5.315 11.0553825109616
5.325 11.026778481210538
5.335 10.91182792842128
5.345 10.708977323742765
5.355 10.419965562585034
5.365 10.049602903702766
5.375 9.605414681513643
5.385 9.098738331052777
5.395 8.538688175304332
5.405 7.9390051410949445
5.415 7.312947959856389
5.425 6.673774292306323
5.435 6.034234671463302
5.445 5.404768790313394
5.455 4.799140826719284
5.465 4.22303550042655
5.475 3.6871097373440076
5.485 3.1951754668920143
5.495 2.751460275710448
5.505 2.358697044892356
5.515 2.018309745694893
5.525 1.7306296932904992
5.535 1.4951228093030697
5.545 1.310609915983712
5.555 1.1754646258452477
5.565 1.087776721418531
5.575 1.0454727531747134
5.585 1.046389644189969
5.595 1.0883011270551393
5.605 1.1689006313758887
5.615 1.2857475992489231
5.625 1.4361869702170065
5.635 1.6172536117593217
5.645 1.825574668327192
5.655 2.057283083523565
5.665 2.3079548760798128
5.675 2.5725811280951336
5.685 2.8455831385644803
5.695 3.1208759370668178
5.705 3.3919815402601974
5.715 3.6509501264102973
5.725 3.893937809634558
5.735 4.112601988109469
5.745 4.300884753461922
5.755 4.452185740818455
5.765 4.564893359444416
5.775 4.633882887749566
5.785 4.657110322384432
5.795 4.633882887749566
5.805 4.564893359444416
5.815 4.452185740818455
5.825 4.299054665519005
5.835 4.109885434499009
5.845 3.8899455235436626
5.855 3.645141384423345
5.865 3.381756176145402
5.875 3.1061845906400505
5.885 2.824680196190345
5.895 2.5431288490939514
5.905 2.2668589556750938
5.915 2.0004960069794206
5.925 1.7478651925662971
5.935 1.5119423569221457
5.945 1.2961490679604097
5.955 1.0998232355750324
5.965 0.9244691218053841
5.975 0.7700977493079427
5.985 0.6362092294484082
5.995 0.5219173560217701
6.005 0.4260752143560277
6.015 0.3473955426660987
6.025 0.28456093083063816
6.035 0.23632029823463357
6.045 0.20156932713315429
6.055 0.17941355092141703
6.065 0.16921356150491507
6.075 0.1718593651852351
6.085 0.18539582065592858
6.095 0.21095041480986343
6.105 0.24910530416352092
6.115 0.30069554862804576
6.125 0.3679891602016431
6.135 0.45030834694795135
6.1450000000000005 0.5498006562266465
6.155 0.6678066423132752
6.165 0.8055947308032603
6.175 0.9642742432870588
6.185 1.1447099026985572
6.195 1.3464006166149691
6.205 1.571933582813157
6.215 1.819503164956108
6.225 2.0883772025910354
6.235 2.3773312393929635
6.245 2.684669368284686
6.255 3.008269120273314
6.265 3.345647879930808
6.275 3.694046088670579
6.285 4.050520541681988
6.295 4.412039656648753
6.305 4.775571922576409
6.315 5.138158990489481
6.325 5.496966114708956
6.335 5.849304848568926
6.345 6.192625873782072
6.355 6.524483316474118
6.365 6.844760376735525
6.375 7.1475620638899295
6.385 7.432011205447022
6.3950000000000005 7.69557534413603
6.405 7.935554038236202
6.415 8.149076690927394
6.425 8.333143566329444
6.435 8.48471466467244
6.445 8.60084622508431
6.455 8.678869324404864
6.465 8.716599886167081
6.475 8.71256494959702
6.485 8.666226759508016
6.495 8.578184497083573
6.505 8.450333499252118
6.515 8.28596365760781
6.525 8.089782219061618
6.535 7.867851145807375
6.545 7.627435125682705
6.555 7.376762771577137
6.565 7.124709996699094
6.575 6.880420504850603
6.585 6.652883351708054
6.595 6.450491261045411
6.605 6.28060556974024
6.615 6.149154189676738
6.625 6.06028778566365
6.635 6.016116550953161
6.6450000000000005 6.016545682184868
6.655 6.059222159555
6.665 6.139599039376526
6.675 6.251116534053974
6.685 6.385492099765034
6.695 6.533105010867878
6.705 6.683454912240421
6.715 6.825669024071063
6.725 6.949029392723161
6.735 7.043490115074333
6.745 7.100154974080003
6.755 7.110822236541956
6.765 7.072065295512131
6.775 6.979272270185199
6.785 6.831315584806822
6.795 6.629238451082297
6.805 6.376127092242172
6.815 6.076882841913984
6.825 5.737912812985466
6.835 5.369046987193361
6.845 4.97510463831989
6.855 4.566361200490386
6.865 4.151555126873399
6.875 3.739072838063658
6.885 3.3358355197108573
6.8950000000000005 2.95069628708883
6.905 2.5883720568959996
6.915 2.2537687395173926
6.925 1.950743821668526
6.935 1.681356210090517
6.945 1.4495361934624678
6.955 1.2553928624856092
6.965 1.099698743014914
6.975 0.9828289198243149
6.985 0.9049137501076425
6.995 0.8659648832554045
