0.005 0.0
0.015 0.0
0.025 0.0
0.034999999999999996 0.0
0.045 0.0
0.055 0.0
0.065 0.0
0.07500000000000001 0.0
0.085 0.0
0.095 0.0
0.10500000000000001 0.0
0.115 0.0
0.125 0.0
0.135 0.0
0.14500000000000002 0.0
0.155 0.0
0.165 0.0
0.17500000000000002 0.0
0.185 0.0
0.195 0.0
0.20500000000000002 0.0
0.215 0.0
0.225 0.0
0.23500000000000001 0.0
0.245 0.0
0.255 0.0
0.265 0.0
0.275 0.0
0.28500000000000003 0.0
0.295 0.0
0.305 0.0
0.315 0.0
0.325 0.0
0.335 0.0
0.34500000000000003 0.0
0.35500000000000004 0.0
0.365 0.0
0.375 0.0
0.385 0.0
0.395 0.0
0.405 0.0
0.41500000000000004 0.0
0.425 0.0
0.435 0.0
0.445 0.0
0.455 0.0
0.465 0.0
0.47500000000000003 0.0
0.485 0.0
0.495 0.0
0.505 0.0
0.515 0.0
0.525 0.0
0.535 0.0
0.545 0.0
0.555 0.0
0.5650000000000001 0.0
0.5750000000000001 0.0
0.585 0.0
0.595 0.0
0.605 0.0
0.615 0.0
0.625 0.0
0.635 0.0
0.645 0.0
0.655 0.0
0.665 0.0
0.675 0.0
0.685 0.0
0.6950000000000001 0.0
0.7050000000000001 0.0
0.715 0.0
0.725 0.0
0.735 0.0
0.745 0.0
0.755 0.0
0.765 0.0
0.775 0.0
0.785 0.0
0.795 0.0
0.805 0.0
0.8150000000000001 0.0
0.8250000000000001 0.0
0.8350000000000001 0.0
0.845 0.0
0.855 0.0
0.865 0.0
0.875 0.0
0.885 0.0
0.895 0.0
0.905 0.0
0.915 0.0
0.925 0.0
0.935 0.0
0.9450000000000001 0.0
0.9550000000000001 0.0
0.965 0.0
0.975 0.0
0.985 0.0
0.995 0.0
1.005 0.0
1.015 0.0
1.025 0.0
1.035 0.0
1.045 0.0
1.055 0.0
1.065 0.0
1.075 0.0
1.085 0.0
1.095 0.0
1.105 0.0
1.115 0.0
1.125 0.0
1.135 0.0
1.145 0.0
1.155 0.0
1.1649999999999998 0.0
1.1749999999999998 0.0
1.1849999999999998 0.0
1.1949999999999998 0.0
1.2049999999999998 0.0
1.2149999999999999 0.0
1.2249999999999999 0.0
1.2349999999999999 0.0
1.2449999999999999 0.0
1.255 0.0
1.265 0.0
1.275 0.0
1.285 0.0
1.295 0.0
1.305 0.0
1.315 0.0
1.325 0.0
1.335 0.0
1.345 0.01717020397503721
1.355 0.025487179335432656
1.365 0.037456323764490644
1.375 0.054498629500493584
1.385 0.07850603922039513
1.395 0.11196379438039072
1.405 0.15809174903285417
1.4149999999999998 0.22100284054348168
1.4249999999999998 0.30587470416097606
1.4349999999999998 0.41912766136279445
1.4449999999999998 0.5685990648562924
1.4549999999999998 0.7637003915328542
1.4649999999999999 1.0155397815218918
1.4749999999999999 1.3369892739219331
1.4849999999999999 1.7426732339132782
1.4949999999999999 2.24885292608753
1.505 2.8731824286326018
1.515 3.634313648146644
1.525 4.551333539340169
1.535 5.643025035811561
1.545 6.926954673673426
1.555 8.4184041178317
1.565 10.129179071022026
1.575 12.066346245744068
1.585 14.23096573021958
1.595 16.6169004291051
1.605 19.209794431249165
1.615 21.986316346391707
1.625 24.91376035655164
1.635 27.950085974048065
1.645 31.044457051729367
1.655 34.138312099516185
1.665 37.16696301101972
1.6749999999999998 40.06168036609349
1.6849999999999998 42.7521837346717
1.6949999999999998 45.16941848174971
1.7049999999999998 47.24847014778589
1.7149999999999999 48.93144689567772
1.7249999999999999 50.17015237127649
1.7349999999999999 50.92837712584406
1.7449999999999999 51.18365667852279
1.755 50.92837712584406
1.765 50.17015237127649
1.775 48.93144689567772
1.785 47.24847014778589
1.795 45.1802701799068
1.805 42.76829182386073
1.815 40.085353044656735
1.825 37.20140655509025
1.835 34.187928507240095
1.845 31.115219012560154
1.855 28.050001149437055
1.865 25.053435815324494
1.875 22.17963146182476
1.885 19.47468626812003
1.895 16.976259318096364
1.905 14.71363012625196
1.915 12.708175031914111
1.9249999999999998 10.97416635602794
1.9349999999999998 9.519786719247275
1.9449999999999998 8.348246650697366
1.9549999999999998 7.458897957944457
1.9649999999999999 6.848247121450689
1.9749999999999999 6.510790704153276
1.9849999999999999 6.4396167278723375
1.9949999999999999 6.626740420948693
2.005 7.063168004034052
2.015 7.738706691934212
2.025 8.641561435550452
2.035 9.757777853438197
2.045 11.070605216046243
2.0549999999999997 12.559862339336547
2.065 14.201392132151545
2.0749999999999997 15.966686918634121
2.085 17.822756472642133
2.0949999999999998 19.73229433126935
2.105 21.654176254611425
2.1149999999999998 23.544299018453025
2.125 25.356739870460075
2.135 27.045189107133833
2.145 28.5645826871198
2.155 29.861388785675302
2.165 30.925042758573397
2.175 31.707913943229794
2.185 32.18711769548349
2.195 32.34845629433609
2.205 32.18711769548349
2.215 31.707913943229794
2.225 30.925042758573397
2.235 29.861388785675302
2.245 28.54741248314476
2.255 27.0197019277984
2.265 25.319283546695583
2.275 23.48980038895253
2.285 21.57567021539103
2.295 19.62033053688896
2.305 17.664664723609278
2.315 15.745684078090639
2.3249999999999997 13.895517427990569
2.335 12.140734677973752
2.3449999999999998 10.502006151189951
2.355 8.994077461905343
2.3649999999999998 7.626021654028561
2.375 6.401717418012279
2.385 5.320494770120774
2.395 4.377887494861162
2.405 3.5730793960802147
2.415 2.886340932703779
2.425 2.3114096765695766
2.435 1.836964615116318
2.445 1.4516748562221415
2.455 1.1447140759494183
2.465 0.9061708902520389
2.475 0.7273598188571108
2.485 0.601041966453662
2.495 0.5215668570694916
2.505 0.4849472220526271
2.515 0.4888773036415368
2.525 0.5327028336009905
2.535 0.6173477704129253
2.545 0.7451996330623696
2.555 0.9199523394096195
2.565 1.1464032800402275
2.5749999999999997 1.430200299069217
2.585 1.777534579299946
2.5949999999999998 2.194777287552284
2.605 2.680823400997085
2.6149999999999998 3.2580341320705224
2.625 3.9201267462726834
2.635 4.669836155138247
2.645 5.507572626879708
2.655 6.430961024140758
2.665 7.434445418758077
2.675 8.508996253020731
2.685 9.641955941261864
2.695 10.822512411193657
2.705 12.022718933936847
2.715 13.223886716911304
2.725 14.401432316793851
2.735 15.53467771648085
2.745 16.58915076578593
2.755 17.543024434512326
2.765 18.372923666347987
2.775 19.058675617086255
2.785 19.584438573577053
2.795 19.939687968901776
2.805 20.11999581162103
2.815 20.127550695186677
2.8249999999999997 19.971380309286975
2.835 19.66725578461094
2.8449999999999998 19.23727578619811
2.855 18.70914649432337
2.8649999999999998 18.11519006494707
2.875 17.491127712096265
2.885 16.87469346134712
2.895 16.304140591030755
2.905 15.816704943498051
2.915 15.447088150780742
2.925 15.226020114649344
2.935 15.178954638939754
2.945 15.324945701644163
2.955 15.67574505911306
2.965 16.235155009285208
2.975 16.998663225381193
2.985 17.953379367987072
2.995 19.078285286382503
3.005 20.34480158534157
3.015 21.717662823639042
3.025 23.156081527616045
3.035 24.61516778892764
3.045 26.04755709430458
3.055 27.405185191468075
3.065 28.641136485147925
3.075 29.71148306206542
3.085 30.5770262886951
3.0949999999999998 31.204853086016374
3.105 31.56962511252397
3.1149999999999998 31.65453127806021
3.125 31.45185174717027
3.135 30.963103749788182
3.145 30.19876446763587
3.155 29.177592026191327
3.165 27.9255900727428
3.175 26.47468252634484
3.185 24.86118111715383
3.195 23.124138050598713
3.205 21.303678906845082
3.215 19.434974623375087
3.225 17.566031315947022
3.235 15.72486203751456
3.245 13.941905483709576
3.255 12.242722178450713
3.265 10.647625968192216
3.275 9.171592943095277
3.285 7.824419199945375
3.295 6.611086985347209
3.305 5.53610008540184
3.315 4.590729397806364
3.325 3.7718363790001623
3.335 3.071575981846087
3.3449999999999998 2.480642727031717
3.355 1.9889241002854616
3.3649999999999998 1.5860798290889473
3.375 1.2620336357727449
3.385 1.0073715747211813
3.395 0.8136471897084695
3.405 0.6735982307222614
3.415 0.5812825045755855
3.425 0.5321417279915868
3.435 0.5230022668843344
3.445 0.5520207330422595
3.455 0.618580968134445
3.465 0.7231473793540047
3.475 0.8670782740042472
3.485 1.0524020813248145
3.495 1.281559368633385
3.505 1.5534740035590064
3.515 1.8790383544581553
3.525 2.2548269249484423
3.535 2.6819670470616543
3.545 3.156819391471613
3.555 3.6860852942228655
3.565 4.261260459504675
3.575 4.877169343604885
3.585 5.526556897050826
3.5949999999999998 6.200097384031314
3.605 6.886513949682232
3.6149999999999998 7.5728160457174996
3.625 8.244654071940124
3.635 8.886781953670699
3.645 9.483609559594274
3.655 10.019818673436127
3.665 10.481009483647792
3.675 10.854339989381417
3.685 11.129118914425733
3.695 11.297314007695471
3.705 11.353942029814247
3.715 11.297314007695471
3.725 11.129118914425733
3.735 10.854339989381417
3.745 10.481009483647792
3.755 10.019818673436127
3.765 9.483609559594274
3.775 8.886781953670699
3.785 8.244654071940124
3.795 7.5728160457174996
3.805 6.886513949682232
3.815 6.200097384031314
3.825 5.526556897050826
3.835 4.877169343604885
3.8449999999999998 4.261260459504675
3.855 3.6860852942228655
3.8649999999999998 3.156819391471613
3.875 2.6766472869714257
3.885 2.246930357171015
3.895 1.8702677137510346
3.905 1.5407961036461795
3.915 1.2579609509468768
3.925 1.018606924068855
3.935 0.8191495835034374
3.945 0.6558325945780716
3.955 0.5249534441465147
3.965 0.4230535450616734
3.975 0.34707140456113406
3.985 0.2944596231972401
3.995 0.2632678187353704
4.005 0.25219416213913587
4.015 0.2606081721539427
4.025 0.2885468991084571
4.035 0.3366858320590405
4.045 0.4062849978892298
4.055 0.4991099957947085
4.065 0.6173273147661054
4.075 0.7633733671793311
4.085 0.9397973382170046
4.095 1.149079233524275
4.1049999999999995 1.3934263670957312
4.115 1.6720134535037539
4.125 1.9917797006113096
4.135 2.349091272890013
4.145 2.7454661693377633
4.155 3.1746985850011096
4.165 3.6347806392312694
4.175 4.120523082474606
4.185 4.625265222940186
4.195 5.140981935729654
4.205 5.660946687217102
4.215 6.171350983438604
4.225 6.663408642846428
4.235 7.129102707377512
4.245 7.5547728022956
4.255 7.933220277150693
4.265 8.257190183762148
4.275 8.52148300509192
4.285 8.723373176374922
4.295 8.862927859458898
4.305 8.943200960527529
4.315 8.970284056681928
4.325 8.953203991926936
4.335 8.90366579606016
4.345 8.83564859511026
4.355 8.764870660093449
4.365 8.708147104064974
4.375 8.68266954037086
4.385 8.705240976317036
4.395 8.791501227827032
4.405 8.955178253797506
4.415 9.207399204696397
4.425 9.556091925998007
4.435 10.005503460858929
4.445 10.555857062659577
4.455 11.203163625570104
4.465 11.939197484740244
4.475 12.751640384559906
4.485 13.624391175748979
4.495 14.538032568746308
4.505 15.47044013532091
4.515 16.397512836833084
4.525 17.296154375165745
4.535 18.1375851451182
4.545 18.898520664960134
4.555 19.55585347632774
4.565 20.08896635399275
4.575 20.48052413237337
4.585 20.717146147928318
4.595 20.78992814850467
4.605 20.69478897474596
4.615 20.432625411064016
4.625 20.009267900293267
4.635 19.43523974816185
4.645 18.72738656405797
4.655 17.90106743534388
4.665 16.979212375605996
4.675 15.985569862085777
4.685 14.945214467150187
4.695 13.883668988595064
4.705 12.8241598330557
4.715 11.797023831976599
4.725 10.82048848449302
4.735 9.912563997238488
4.745 9.09144916227613
4.755 8.370798592284837
4.765 7.760885990150705
4.775 7.268574519149253
4.785 6.897411744826151
4.795 6.6478347362721575
4.805 6.517467839637982
4.815 6.501493571389149
4.825 6.593075843121638
4.835 6.783814143764915
4.845 7.0642072334960195
4.855 7.424105286880748
4.865 7.853130287160761
4.875 8.341045921337948
4.885 8.878060404047986
4.895 9.455048714795687
4.905 10.063684764786121
4.915 10.69647901423596
4.925 11.346722901671818
4.935 12.008347834965004
4.945 12.675712997704808
4.955 13.34165415374883
4.965 14.004521107106765
4.975 14.655856011089014
4.985 15.289047843607344
4.995 15.898414676702828
5.005 16.472791788365477
5.015 17.00244595166054
5.025 17.481147275272818
5.035 17.895897675136606
5.045 18.234350218045364
5.055 18.489853728348482
5.065 18.65040867703653
5.075 18.707789422352164
5.085 18.655665208871323
5.095 18.491834949476992
5.105 18.21255364788162
5.115 17.82106530422639
5.125 17.32274378235641
5.135 16.72794605312315
5.145 16.045838878153845
5.155 15.292189365332355
5.165 14.483960272790991
5.175 13.639869726841834
5.185 12.779732009830811
5.195 11.923754553884821
5.205 11.09182921975456
5.215 10.302854421395264
5.225 9.574120719686324
5.235 8.92078663850694
5.245 8.355464256198026
5.255 7.887926248514503
5.265 7.5249381454056365
5.275 7.27021218624143
5.285 7.124472783259311
5.295 7.085618569176087
5.305 7.148962514507249
5.315 7.307529725499593
5.325 7.552392231245673
5.335 7.871583506623818
5.345 8.256689984623312
5.355 8.692938992312218
5.365 9.16709850995433
5.375 9.665612172360756
5.385 10.17485705765273
5.395 10.681370783606173
5.405 11.1720528099119
5.415 11.634346674837648
5.425 12.056410544506301
5.435 12.427282865296121
5.445 12.737048154098094
5.455 12.975635126897295
5.465 13.138932145116527
5.475 13.219184673626785
5.485 13.2123786655353
5.495 13.116324468653879
5.505 12.93075946589643
5.515 12.657402997396114
5.525 12.298619748390685
5.535 11.861805664402542
5.545 11.358463232839313
5.555 10.791153495891452
5.565 10.172312340845522
5.575 9.51338950022771
5.585 8.826477930829254
5.595 8.123951670495249
5.605 7.418106006370074
5.615 6.720820128719148
5.625 6.043260418676668
5.635 5.3956389680720065
5.645 4.787037196888145
5.655 4.225298968525276
5.665 3.7169919118011148
5.675 3.267430253258185
5.685 2.8807478119926575
5.695 2.5614137046959278
5.705 2.309411079684553
5.715 2.1270632297420144
5.725 2.0150787577824567
5.735 1.973581044819142
5.745 2.0021608277674976
5.755 2.0998851179863802
5.765 2.2652621363941883
5.775 2.4961671966466326
5.785 2.7897393794836773
5.795 3.142262973319919
5.805 3.547852508362232
5.815 4.003555365091409
5.825 4.500750751815701
5.835 5.031466419700557
5.845 5.586649325119261
5.855 6.156305419851047
5.865 6.729713270309952
5.875 7.295705657407515
5.885 7.843006528834369
5.895 8.360604664046443
5.905 8.836985916411843
5.915 9.2655197859315
5.925 9.636561071184852
5.935 9.943816067186342
5.945 10.181667853038903
5.955 10.350214280083938
5.965 10.447148293610562
5.975 10.473659985644856
5.985 10.43254274131042
5.995 10.327934483292802
6.005 10.1650105615413
6.015 9.949654228943565
6.025 9.688130886187132
6.035 9.386790021234596
6.045 9.053073036873979
6.055 8.690897925929846
6.065 8.306527053063462
6.075 7.904873759293332
6.085 7.490352845651337
6.095 7.066940768607065
6.105 6.6382697731900056
6.115 6.207739174847134
6.125 5.778627402224393
6.135 5.354190460928405
6.1450000000000005 4.938956287301206
6.155 4.534475959756644
6.165 4.1451403995049585
6.175 3.7746275576355037
6.185 3.4266681951346927
6.195 3.1049757234388125
6.205 2.81316158234955
6.215 2.554643595809295
6.225 2.3325539318032273
6.235 2.149651902905609
6.245 2.0082451836781994
6.255 1.9101213860348132
6.265 1.8564905698220469
6.275 1.8479383403952294
6.285 1.884388771396626
6.295 1.9650764691703961
6.305 2.088527564978424
6.315 2.252550125515814
6.325 2.4542352272024126
6.335 2.6899705651096015
6.345 2.9554688142435834
6.355 3.243839581011647
6.365 3.5542170726704465
6.375 3.877773710387192
6.385 4.20823406362972
6.3950000000000005 4.539044590545855
6.405 4.863515609544579
6.415 5.174973305229452
6.425 5.466917264886796
6.435 5.733178405615692
6.445 5.968071877170203
6.455 6.166539604168523
6.465 6.325386912248264
6.475 6.439489908974856
6.485 6.507160096816224
6.495 6.5269972593163486
6.505 6.497728090604991
6.515 6.422289756612392
6.525 6.301119089517361
6.535 6.13705997127007
6.545 5.933888424768118
6.555 5.696220148284404
6.565 5.429395727710565
6.575 5.139346773524309
6.585 4.8324467851321415
6.595 4.516419554428808
6.605 4.197484576127967
6.615 3.8815180361984263
6.625 3.5758858481027214
6.635 3.2869174257145968
6.6450000000000005 3.020485942386535
6.655 2.7818928922956516
6.665 2.5757721536234413
6.675 2.4060151660420654
6.685 2.2757179731814428
6.695 2.1871501114443133
6.705 2.141744685114176
6.715 2.1401084592305004
6.725 2.18205040235278
6.735 2.267736171750861
6.745 2.393847316785305
6.755 2.558932655601355
6.765 2.760282589489549
6.775 2.9947609491647147
6.785 3.2588996145517557
6.795 3.548991681496017
6.805 3.861178818711141
6.815 4.191528576107457
6.825 4.536097922301291
6.835 4.890980251162796
6.845 5.252334486538077
6.855 5.615557115182674
6.865 5.978921678428546
6.875 6.337577994451538
6.885 6.687960652604401
6.8950000000000005 7.0265137960784205
6.905 7.349681666108898
6.915 7.653912550358968
6.925 7.935680979043036
6.935 8.191530782614386
6.945 8.418138904014453
6.955 8.611582911030986
6.965 8.770967440253331
6.975 8.892717939959113
6.985 8.974968861693798
6.995 9.016425834651278
