0.005 0.0
0.015 0.0
0.025 0.0
0.034999999999999996 0.0
0.045 0.0
0.055 0.0
0.065 0.0
0.07500000000000001 0.0
0.085 0.0
0.095 0.0
0.10500000000000001 0.0
0.115 0.0
0.125 0.0
0.135 0.0
0.14500000000000002 0.0
0.155 0.0
0.165 0.0
0.17500000000000002 0.0
0.185 0.0
0.195 0.0
0.20500000000000002 0.0
0.215 0.0
0.225 0.0
0.23500000000000001 0.0
0.245 0.0
0.255 0.0
0.265 0.0
0.275 0.0
0.28500000000000003 0.0
0.295 0.0
0.305 0.0
0.315 0.0
0.325 0.0
0.335 0.0
0.34500000000000003 0.0
0.35500000000000004 0.0
0.365 0.0
0.375 0.0
0.385 0.0
0.395 0.0
0.405 0.0
0.41500000000000004 0.0
0.425 0.0
0.435 0.0
0.445 0.0
0.455 0.0
0.465 0.0
0.47500000000000003 0.0
0.485 0.0
0.495 0.0
0.505 0.0
0.515 0.0
0.525 0.0
0.535 0.0
0.545 0.0
0.555 0.0
0.5650000000000001 0.0
0.5750000000000001 0.0
0.585 0.0
0.595 0.0
0.605 0.0
0.615 0.0
0.625 0.0
0.635 0.0
0.645 0.0
0.655 0.0
0.665 0.0
0.675 0.0
0.685 0.0
0.6950000000000001 0.0
0.7050000000000001 0.0
0.715 0.0
0.725 0.0
0.735 0.0
0.745 0.0
0.755 0.0
0.765 0.0
0.775 0.0
0.785 0.0
0.795 0.0
0.805 0.0
0.8150000000000001 0.0
0.8250000000000001 0.0
0.8350000000000001 0.0
0.845 0.0
0.855 0.0
0.865 0.0
0.875 0.0
0.885 0.0
0.895 0.0
0.905 0.0
0.915 0.0
0.925 0.0
0.935 0.0
0.9450000000000001 0.0
0.9550000000000001 0.0
0.965 0.0
0.975 0.0
0.985 0.0
0.995 0.0
1.005 0.0
1.015 0.0
1.025 0.0
1.035 0.0
1.045 0.0
1.055 0.0
1.065 0.0
1.075 0.0
1.085 0.0
1.095 0.0
1.105 0.0
1.115 0.0
1.125 0.0
1.135 0.0
1.145 0.0
1.155 0.0
1.1649999999999998 0.0
1.1749999999999998 0.0
1.1849999999999998 0.0
1.1949999999999998 0.0
1.2049999999999998 0.0
1.2149999999999999 0.0
1.2249999999999999 0.0
1.2349999999999999 0.0
1.2449999999999999 0.0
1.255 0.0
1.265 0.0
1.275 0.0
1.285 0.0
1.295 0.0
1.305 0.0
1.315 0.0
1.325 0.0
1.335 0.0
1.345 0.0
1.355 0.01697509013239722
1.365 0.025197555431988025
1.375 0.03703068832815672
1.385 0.05387933359487047
1.395 0.07761393479315556
1.405 0.1106914923046628
1.4149999999999998 0.1562952713271541
1.4249999999999998 0.21849147180753176
1.4349999999999998 0.3023988928670634
1.4449999999999998 0.41436489857418113
1.4549999999999998 0.562137781773872
1.4649999999999999 0.7550220719139216
1.4749999999999999 1.0039996816247336
1.4849999999999999 1.3217963784162878
1.4949999999999999 1.722870343299456
1.505 2.223298055768048
1.515 2.8405329816562452
1.525 3.593015076371971
1.535 4.499614399760466
1.545 5.578900445302818
1.555 6.848240131543443
1.565 8.322741469984624
1.575 10.014076009100982
1.585 11.929230158710126
1.595 14.069251960707117
1.605 16.428074058713555
1.615 18.991503675166452
1.625 21.73647454637118
1.635 24.63065250734695
1.645 27.632474798057203
1.655 30.69168294858876
1.665 33.750380933138445
1.6749999999999998 36.74461572948006
1.6849999999999998 39.60643892515269
1.6949999999999998 42.266368722698054
1.7049999999999998 44.65613519038049
1.7149999999999999 46.71156152498804
1.7249999999999999 48.37541374408381
1.7349999999999999 49.60004317343439
1.7449999999999999 50.34965183085696
1.755 50.60203051092271
1.765 50.34965183085696
1.775 49.60004317343439
1.785 48.37541374408381
1.795 46.71156152498804
1.805 44.65613519038049
1.815 42.266368722698054
1.825 39.60643892515269
1.835 36.74461572948006
1.845 33.750380933138445
1.855 30.69168294858876
1.865 27.632474798057203
1.875 24.63065250734695
1.885 21.73647454637118
1.895 18.991503675166452
1.905 16.428074058713555
1.915 14.069251960707117
1.9249999999999998 11.929230158710126
1.9349999999999998 10.014076009100982
1.9449999999999998 8.322741469984624
1.9549999999999998 6.848240131543443
1.9649999999999999 5.578900445302818
1.9749999999999999 4.499614399760466
1.9849999999999999 3.593015076371971
1.9949999999999999 2.8405329816562452
2.005 2.223298055768048
2.015 1.722870343299456
2.025 1.3217963784162878
2.035 1.0039996816247336
2.045 0.7550220719139216
2.0549999999999997 0.562137781773872
2.065 0.41436489857418113
2.0749999999999997 0.3023988928670634
2.085 0.21849147180753176
2.0949999999999998 0.1562952713271541
2.105 0.1106914923046628
2.1149999999999998 0.07761393479315556
2.125 0.05387933359487047
2.135 0.03703068832815672
2.145 0.025197555431988025
2.155 0.01697509013239722
2.165 0.0
2.175 0.0
2.185 0.0
2.195 0.0
2.205 0.0
2.215 0.0
2.225 0.0
2.235 0.0
2.245 0.0
2.255 0.0
2.265 0.0
2.275 0.0
2.285 0.0
2.295 0.0
2.305 0.0
2.315 0.0
2.3249999999999997 0.0
2.335 0.0
2.3449999999999998 0.0
2.355 0.0
2.3649999999999998 0.0
2.375 0.0
2.385 0.0
2.395 0.0
2.405 0.0
2.415 0.0
2.425 0.0
2.435 0.0
2.445 0.0
2.455 0.0
2.465 0.0
2.475 0.0
2.485 0.0
2.495 0.0
2.505 0.0
2.515 0.0
2.525 0.0
2.535 0.0
2.545 0.0
2.555 0.0
2.565 0.0
2.5749999999999997 0.0
2.585 0.0
2.5949999999999998 0.0
2.605 0.0
2.6149999999999998 0.0
2.625 0.0
2.635 0.0
2.645 0.0
2.655 0.0
2.665 0.0
2.675 0.0
2.685 0.0
2.695 0.0
2.705 0.0
2.715 0.0
2.725 0.0
2.735 0.0
2.745 0.0
2.755 0.0
2.765 0.0
2.775 0.0
2.785 0.0
2.795 0.0
2.805 0.0
2.815 0.0
2.8249999999999997 0.0
2.835 0.0
2.8449999999999998 0.0
2.855 0.0
2.8649999999999998 0.0
2.875 0.0
2.885 0.0
2.895 0.0
2.905 0.0
2.915 0.0
2.925 0.0
2.935 0.004700840368761885
2.945 0.006977853127432978
2.955 0.01025475288898839
2.965 0.014920577412509302
2.975 0.021493300772394437
2.985 0.030653329758242153
2.995 0.04328219262288659
3.005 0.06050592502851109
3.015 0.08374205450287314
3.025 0.11474832990123027
3.035 0.15567045339721564
3.045 0.20908508922644398
3.055 0.27803341229971545
3.065 0.36603951593069206
3.075 0.4771072434229838
3.085 0.6156885866778201
3.0949999999999998 0.7866168606365772
3.105 0.9949985646523455
3.1149999999999998 1.2460593050924318
3.125 1.5449414537441148
3.135 1.8964543583715512
3.145 2.304781817105279
3.155 2.773155982812089
3.165 3.3076254197600408
3.175 3.9022453459958624
3.185 4.5583317499160625
3.195 5.272294743952733
3.205 6.038199979373905
3.215 6.847688736262042
3.225 7.690022666113279
3.235 8.552269329840257
3.245 9.419636345422944
3.255 10.275951730220736
3.265 11.10427658461438
3.275 11.88762452301768
3.285 12.609751264024897
3.295 13.255968635566704
3.305 13.813930955435174
3.315 14.274339148890357
3.325 14.631509610827809
3.335 14.8837608908962
3.3449999999999998 15.033581548327962
3.355 15.087556354217186
3.3649999999999998 15.05604441573707
3.375 14.95262048554978
3.385 14.79330826519497
3.395 14.595650450173112
3.405 14.37767324176284
3.415 14.156811944988522
3.425 13.948868297492494
3.435 13.76706894815641
3.445 13.621288079357281
3.455 13.517486020742368
3.465 13.457400694191971
3.475 13.438511023191666
3.485 13.454272405626817
3.495 13.494605451125494
3.505 13.54660186219597
3.515 13.59539689355753
3.525 13.625147316388897
3.535 13.620047980244955
3.545 13.565319261134668
3.555 13.448101858991432
3.565 13.258204111380063
3.575 12.988659414535578
3.585 12.636066394068372
3.5949999999999998 12.200700865296387
3.605 11.68640501521431
3.6149999999999998 11.100274323045156
3.625 10.45217537882159
3.635 9.75413708821385
3.645 9.01966322909431
3.655 8.263015780961279
3.665 7.4985160754769
3.675 6.73990513031713
3.685 5.999796294928798
3.695 5.289243478620036
3.705 4.617437726595467
3.715 3.991534691356742
3.725 3.416606418242245
3.735 2.8957034340079244
3.745 2.426872424292383
3.755 2.0169840681919933
3.765 1.6596443960551956
3.775 1.3520248534436077
3.785 1.090464072451947
3.795 0.87075324782728
3.805 0.6883921349517937
3.815 0.5388076481167775
3.825 0.41753093575329964
3.835 0.32033221820891816
3.8449999999999998 0.2433154231223119
3.855 0.18297666648373043
3.8649999999999998 0.13623190796635207
3.875 0.10041972369996716
3.885 0.07328519711340871
3.895 0.05295055953148881
3.905 0.04069866828153584
3.915 0.03101327373200366
3.925 0.024963622716461468
3.935 0.02201173659376162
3.945 0.02187302275900614
3.955 0.027259228611849762
3.965 0.03418081478703104
3.975 0.04232511919732869
3.985 0.05900599778970159
3.995 0.08417499547677688
4.005 0.11541641684674778
4.015 0.15676493551091616
4.025 0.2109300016571647
4.035 0.281156060643859
4.045 0.3712685152460906
4.055 0.48570502923632036
4.065 0.6295256266911717
4.075 0.8083945224139997
4.085 1.0285265088383382
4.095 1.2965911509053272
4.1049999999999995 1.6195691124667504
4.115 2.0045567317749997
4.125 2.458517505233996
4.135 2.9879823882270475
4.145 3.5987046638409397
4.155 4.295279368220788
4.165 5.0807416212198895
4.175 5.958660312144387
4.185 6.923971400047288
4.195 7.974526254818677
4.205 9.103602794707012
4.215 10.301410648531725
4.225 11.555051039771076
4.235 12.84861608136918
4.245 14.163439694977434
4.255 15.47850430143218
4.265 16.770998115258884
4.275 18.017007890776547
4.285 19.192322002292702
4.295 20.273309553147904
4.305 21.237833561378945
4.315 22.06850268747341
4.325 22.745239844063775
4.335 23.2572000218057
4.345 23.596541234251923
4.355 23.76037822794613
4.365 23.750947136312142
4.375 23.575534864137587
4.385 23.246172416164423
4.395 22.779105917462005
4.405 22.19407303822772
4.415 21.513424866646062
4.425 20.761142998999944
4.435 19.961807945305377
4.445 19.139577346139912
4.455 18.31723073895411
4.465 17.515331819409813
4.475 16.751549777202246
4.485 16.042360097880724
4.495 15.395055696596604
4.505 14.81809363331336
4.515 14.314874773340025
4.525 13.885495461023368
4.535 13.527172433173156
4.545 13.234761805013772
4.555 13.001329301253122
4.565 12.8187302874814
4.575 12.680275269939905
4.585 12.573800057419348
4.595 12.492139567954606
4.605 12.427355470829667
4.615 12.372399054244312
4.625 12.32128271182845
4.635 12.269179936764392
4.645 12.21246765156298
4.655 12.148725070279882
4.665 12.076701467012626
4.675 11.996261802338623
4.685 11.908314911821103
4.695 11.814724727068864
4.705 11.718201563122935
4.715 11.620286863892176
4.725 11.529355000785106
4.735 11.446999753617893
4.745 11.377729511499354
4.755 11.325891308295319
4.765 11.293554525998257
4.775 11.288203585661774
4.785 11.309350610934988
4.795 11.35798664663338
4.805 11.433755902946507
4.815 11.535877515419475
4.825 11.659410791353956
4.835 11.799245345626918
4.845 11.94883480594872
4.855 12.100440153744328
4.865 12.245453246490625
4.875 12.376663664519615
4.885 12.4820845660646
4.895 12.554347428055344
4.905 12.585719127140571
4.915 12.56978259007818
4.925 12.501812766948724
4.935 12.379080973401182
4.945 12.201071339285402
4.955 11.969597682147732
4.965 11.688814060956012
4.975 11.365117298446947
4.985 11.00527859598677
4.995 10.623374454585608
5.005 10.22852325661447
5.015 9.833221553431715
5.025 9.450348319342869
5.035 9.092636382234756
5.045 8.772136026849022
5.055 8.49969436121024
5.065 8.284473731906402
5.075 8.13353119297057
5.085 8.051478774795
5.095 8.040241105577762
5.105 8.098922899365165
5.115 8.22379408448808
5.125 8.40682648704259
5.135 8.6427235139288
5.145 8.918067034407393
5.155 9.220018820570026
5.165 9.534476734663766
5.175 9.846635308569091
5.185 10.141573973915925
5.195 10.404846426674876
5.205 10.62304438500518
5.215 10.784310192123913
5.225 10.878775291219345
5.235 10.898905434363133
5.245 10.839738376478792
5.255 10.699005470404966
5.265 10.477134684979482
5.275 10.177138744584036
5.285 9.804397955448572
5.295 9.364891146128574
5.305 8.87115803409071
5.315 8.331450932034405
5.325 7.756989170031588
5.335 7.159315772087751
5.345 6.549863545211789
5.355 5.939559566597007
5.365 5.338484400928591
5.375 4.755598015055515
5.385 4.197130665122626
5.395 3.6725733656674557
5.405 3.1845825580310163
5.415 2.736431932478146
5.425 2.329982977571442
5.435 1.9673501298642122
5.445 1.645665850171843
5.455 1.3645748690908082
5.465 1.1219918678366734
5.475 0.9153284782289864
5.485 0.7416873402739854
5.495 0.5980403914211387
5.505 0.48138635722783774
5.515 0.3888843264807959
5.525 0.3179619564450749
5.535 0.2663981709381197
5.545 0.23238113997297516
5.555 0.21454286772788164
5.565 0.21197191161432544
5.575 0.224205689924912
5.585 0.2512036135784836
5.595 0.2933020152904397
5.605 0.35115166262494346
5.615 0.42435145975691296
5.625 0.5169395933955723
5.635 0.6281071863537744
5.645 0.7588686056453197
5.655 0.9100077342828667
5.665 1.0819495473090905
5.675 1.2746333513324837
5.685 1.4861417727522166
5.695 1.7180386963298282
5.705 1.9677612859049156
5.715 2.2302583709780195
5.725 2.502791724653144
5.735 2.780930882391827
5.745 3.0595929358185163
5.755 3.3331955115550933
5.765 3.5958548167201165
5.775 3.841621307658472
5.785 4.064742055909931
5.795 4.259935939048135
5.805 4.422665677875556
5.815 4.549389719648619
5.825 4.637777184132741
5.835 4.688215503987973
5.845 4.699180159342658
5.855 4.673660172133372
5.865 4.615218303157691
5.875 4.528765013181313
5.885 4.420364833986015
5.895 4.296982120846346
5.905 4.166179875605227
5.915 4.035788101692714
5.925 3.913559784612907
5.935 3.806833013946526
5.945 3.7235156871235437
5.955 3.667245658061807
5.965 3.643350716256358
5.975 3.654937588711654
5.985 3.7036760992949325
5.995 3.7897889962753712
6.005 3.912111419379101
6.015 4.0682139214027835
6.025 4.254579544158653
6.035 4.466822662848255
6.045 4.699935309737812
6.055 4.948545583677275
6.065 5.20717261752407
6.075 5.470463426570811
6.085 5.733398749530852
6.095 5.991457603007152
6.105 6.240733517412549
6.115 6.4779990665866825
6.125 6.700719065014029
6.135 6.90701639104897
6.1450000000000005 7.096818050609417
6.155 7.2674590300023
6.165 7.419366547547093
6.175 7.552400449095527
6.185 7.667750892570065
6.195 7.763592311852189
6.205 7.8407385648370145
6.215 7.899104699384256
6.225 7.938496907416315
6.235 7.958632924220762
6.245 7.958170810010169
6.255 7.939234897780021
6.265 7.900215786072071
6.275 7.841290008485995
6.285 7.763008297026706
6.295 7.666412418871827
6.305 7.553134770565235
6.315 7.425470827190321
6.325 7.286415399895457
6.335 7.139655117488932
6.345 6.989511635932221
6.355 6.840832776183545
6.365 6.698832024579181
6.375 6.568880462510921
6.385 6.456259014286411
6.3950000000000005 6.365882640351369
6.405 6.302011438497259
6.415 6.267966212425362
6.425 6.265867608355778
6.435 6.29641814734471
6.445 6.358745228856828
6.455 6.450320408285949
6.465 6.5669660562180585
6.475 6.702955131889727
6.485 6.851203618720882
6.495 7.003548648292141
6.505 7.15109901288527
6.515 7.283703542256074
6.525 7.394445716400044
6.535 7.47341115533659
6.545 7.5130399115642685
6.555 7.508176156479816
6.565 7.452568703257044
6.575 7.344227339968322
6.585 7.1824116865764225
6.595 6.96836634393684
6.605 6.705234660109549
6.615 6.397881291595241
6.625 6.052638449700682
6.635 5.676994959146295
6.6450000000000005 5.2794336523427
6.655 4.869164704409762
6.665 4.454523056032194
6.675 4.044253591196653
6.685 3.646614908264603
6.695 3.2691599144600714
6.705 2.9185747304287615
6.715 2.6005764117691816
6.725 2.319865527430118
6.735 2.080126019367658
6.745 1.8840622369908466
6.755 1.7325955147449257
6.765 1.6287000898379935
6.775 1.571307602440583
6.785 1.5599520966358826
6.795 1.5935381430994393
6.805 1.6703917577041898
6.815 1.788294871976258
6.825 1.9445053825302279
6.835 2.1357669331071647
6.845 2.358314087785677
6.855 2.607879343966916
6.865 2.8797084873071697
6.875 3.168590153934314
6.885 3.46890424172438
6.8950000000000005 3.774692149114496
6.905 4.079749890075722
6.915 4.377743118868578
6.925 4.662341170657279
6.935 4.927365533394351
6.945 5.166946828436892
6.955 5.3748694040525695
6.965 5.548257159635027
6.975 5.681909468677516
6.985 5.7727165169268115
6.995 5.817732521889024
