0.005 0.0
0.015 0.0
0.025 0.0
0.034999999999999996 0.0
0.045 0.0
0.055 0.0
0.065 0.0
0.07500000000000001 0.0
0.085 0.0
0.095 0.0
0.10500000000000001 0.0
0.115 0.0
0.125 0.0
0.135 0.0
0.14500000000000002 0.0
0.155 0.0
0.165 0.0
0.17500000000000002 0.0
0.185 0.0
0.195 0.0
0.20500000000000002 0.0
0.215 0.0
0.225 0.0
0.23500000000000001 0.0
0.245 0.0
0.255 0.0
0.265 0.0
0.275 0.0
0.28500000000000003 0.0
0.295 0.0
0.305 0.0
0.315 0.0
0.325 0.0
0.335 0.0
0.34500000000000003 0.0
0.35500000000000004 0.0
0.365 0.0
0.375 0.0
0.385 0.0
0.395 0.0
0.405 0.0
0.41500000000000004 0.0
0.425 0.0
0.435 0.0
0.445 0.0
0.455 0.0
0.465 0.0
0.47500000000000003 0.0
0.485 0.0
0.495 0.0
0.505 0.0
0.515 0.0
0.525 0.0
0.535 0.0
0.545 0.0
0.555 0.0
0.5650000000000001 0.0
0.5750000000000001 0.0
0.585 0.0
0.595 0.0
0.605 0.0
0.615 0.0
0.625 0.0
0.635 0.0
0.645 0.0
0.655 0.0
0.665 0.0
0.675 0.0
0.685 0.0
0.6950000000000001 0.0
0.7050000000000001 0.0
0.715 0.0
0.725 0.0
0.735 0.0
0.745 0.0
0.755 0.0
0.765 0.0
0.775 0.0
0.785 0.0
0.795 0.0
0.805 0.0
0.8150000000000001 0.0
0.8250000000000001 0.0
0.8350000000000001 0.0
0.845 0.0
0.855 0.0
0.865 0.0
0.875 0.0
0.885 0.0
0.895 0.0
0.905 0.0
0.915 0.0
0.925 0.0
0.935 0.0
0.9450000000000001 0.0
0.9550000000000001 0.0
0.965 0.0
0.975 0.0
0.985 0.0
0.995 0.0
1.005 0.0
1.015 0.0
1.025 0.0
1.035 0.0
1.045 0.0
1.055 0.0
1.065 0.0
1.075 0.0
1.085 0.0
1.095 0.0
1.105 0.0
1.115 0.0
1.125 0.0
1.135 0.0
1.145 0.0
1.155 0.0
1.1649999999999998 0.0
1.1749999999999998 0.0
1.1849999999999998 0.0
1.1949999999999998 0.0
1.2049999999999998 0.0
1.2149999999999999 0.0
1.2249999999999999 0.0
1.2349999999999999 0.0
1.2449999999999999 0.0
1.255 0.0
1.265 0.0
1.275 0.018635308763602133
1.285 0.02766195772162096
1.295 0.04065240922679363
1.305 0.05914890640853048
1.315 0.0852048282481951
1.325 0.1215174776989521
1.335 0.1715814535743599
1.345 0.23986064330677145
1.355 0.33197448110122957
1.365 0.4548911237290776
1.375 0.6171166720964643
1.385 0.8288656686775171
1.395 1.1021940926208766
1.405 1.4510723325932686
1.4149999999999998 1.891372626397038
1.4249999999999998 2.4407437851349365
1.4349999999999998 3.1183462799607633
1.4449999999999998 3.944423553467962
1.4549999999999998 4.939691218290164
1.4649999999999999 6.124534924335839
1.4749999999999999 7.518020130864602
1.4849999999999999 9.136732461690714
1.4949999999999999 10.993484980419579
1.505 13.095947390309606
1.515 15.445270235137546
1.525 18.03479275147838
1.535 20.8489340622919
1.545 23.86237194880816
1.555 27.039609860297197
1.565 30.33502006457569
1.575 33.69342865107743
1.585 37.05127717571684
1.595 40.33835780417577
1.605 43.48007654983445
1.615 46.40015607107135
1.625 49.02364941636859
1.635 51.28010308391926
1.645 53.106685422983126
1.655 54.45108756511887
1.665 55.27401036988668
1.6749999999999998 55.55107249984849
1.6849999999999998 55.27401036988668
1.6949999999999998 54.45108756511887
1.7049999999999998 53.106685422983126
1.7149999999999999 51.28010308391926
1.7249999999999999 49.02364941636859
1.7349999999999999 46.40015607107135
1.7449999999999999 43.48007654983445
1.755 40.33835780417577
1.765 37.05127717571684
1.775 33.69342865107743
1.785 30.33502006457569
1.795 27.039609860297197
1.805 23.86237194880816
1.815 20.8489340622919
1.825 18.03479275147838
1.835 15.445270235137546
1.845 13.095947390309606
1.855 10.993484980419579
1.865 9.136732461690714
1.875 7.518020130864602
1.885 6.124534924335839
1.895 4.939691218290164
1.905 3.944423553467962
1.915 3.1183462799607633
1.9249999999999998 2.4407437851349365
1.9349999999999998 1.891372626397038
1.9449999999999998 1.4510723325932686
1.9549999999999998 1.1021940926208766
1.9649999999999999 0.8288656686775171
1.9749999999999999 0.626385816242947
1.9849999999999999 0.4686500947634837
1.9949999999999999 0.3521948619816867
2.005 0.26928112388814657
2.015 0.21396206797831274
2.025 0.18195989007843272
2.035 0.17054890524841743
2.045 0.17845483828667716
2.0549999999999997 0.20577547519344055
2.065 0.2539233763161854
2.0749999999999997 0.3255872064446455
2.085 0.4122751846241824
2.0949999999999998 0.5482278856500078
2.105 0.7217588282760541
2.1149999999999998 0.9407628138165094
2.125 1.2140183055745934
2.135 1.5510556618229834
2.145 1.9619439074326903
2.155 2.456986923172187
2.165 3.0463244673850745
2.175 3.7394396397257816
2.185 4.544582077473943
2.195 5.4681249582904785
2.205 6.5138831685271406
2.215 7.68242898505086
2.225 8.970449365019403
2.235 10.370194429048079
2.245 11.869068984920602
2.255 13.449417159606229
2.265 15.088543862186452
2.275 16.759005762547947
2.285 18.429189089895235
2.295 20.06417268758087
2.305 21.626853740555724
2.315 23.079292138271075
2.3249999999999997 24.38420950204422
2.335 25.506562480989118
2.3449999999999998 26.41509880904135
2.355 27.083800219056926
2.3649999999999998 27.49311944180676
2.375 27.630929276498815
2.385 27.49311944180676
2.395 27.083800219056926
2.405 26.41509880904135
2.415 25.506562480989118
2.425 24.38420950204422
2.435 23.079292138271075
2.445 21.626853740555724
2.455 20.06417268758087
2.465 18.429189089895235
2.475 16.759005762547947
2.485 15.088543862186452
2.495 13.449417159606229
2.505 11.869068984920602
2.515 10.370194429048079
2.525 8.970449365019403
2.535 7.68242898505086
2.545 6.5138831685271406
2.555 5.4681249582904785
2.565 4.544582077473943
2.5749999999999997 3.7394396397257816
2.585 3.0463244673850745
2.5949999999999998 2.456986923172187
2.605 1.9619439074326903
2.6149999999999998 1.5510556618229834
2.625 1.2140183055745934
2.635 0.9407628138165094
2.645 0.7217588282760541
2.655 0.5482278856500078
2.665 0.4122751846241824
2.675 0.30695189768104336
2.685 0.22626141859456445
2.695 0.17058122041968354
2.705 0.13283098396251064
2.715 0.10530078503996523
2.725 0.08959696411288175
2.735 0.084549425794699
2.745 0.0898075421888613
2.755 0.105838168425777
2.765 0.13394436416189265
2.775 0.17630395046957764
2.785 0.22984226192795565
2.795 0.3131269392795545
2.805 0.42235596508337936
2.815 0.56403298316104
2.8249999999999997 0.7457582305507946
2.835 0.9762460944560707
2.8449999999999998 1.2652847646183605
2.855 1.6236221855670232
2.8649999999999998 2.062763404356745
2.875 2.5995415810900755
2.885 3.23856785981585
2.895 3.9949091158698504
2.905 4.8793748199803595
2.915 5.901081533829544
2.925 7.066709951734448
2.935 8.379743141816679
2.945 9.839732704228739
2.955 11.441646703731875
2.965 13.175356995602671
2.975 15.025322917453735
2.985 16.97052252247554
2.995 18.984671269180645
3.005 21.03675158913898
3.015 23.09185586282234
3.025 25.112321479967825
3.035 27.059111797845553
3.045 28.893373249313555
3.055 30.578079035428352
3.065 32.07965606999142
3.075 33.36948601144809
3.085 34.42517452884964
3.0949999999999998 35.2314957354472
3.105 35.78094033706355
3.1149999999999998 36.073824860199764
3.125 36.117952878204754
3.135 35.927854365908544
3.145 35.52366282217929
3.155 34.92971832990254
3.165 34.17300545537266
3.175 33.28154578838779
3.185 32.2828649743405
3.195 31.202643410523088
3.205 30.063639608961076
3.215 28.884947772826003
3.225 27.681619302526208
3.235 26.464645014173907
3.245 25.241264080063146
3.255 24.01553998025409
3.265 22.78912530563392
3.275 21.562127412532664
3.285 20.333986055030937
3.295 19.104281615891825
3.305 17.873406999733177
3.315 16.643055616554967
3.325 15.416499809788343
3.335 14.198656163253892
3.3449999999999998 12.99595416833737
3.355 11.816040995337548
3.3649999999999998 10.667366421690446
3.375 9.558697799333927
3.385 8.498615395187635
3.395 7.495034153433761
3.405 6.55478994847199
3.415 5.68331800140071
3.425 4.88443966454934
3.435 4.160262493693969
3.445 3.5111884724424356
3.455 2.9360171856187605
3.465 2.4321250933851584
3.475 1.995698955498337
3.485 1.6220007425682235
3.495 1.3056426873659306
3.505 1.037213518713894
3.515 0.8157034644046359
3.525 0.6418486167583745
3.535 0.4997868832184148
3.545 0.38697800920918657
3.555 0.2990862515020978
3.565 0.23233367329801097
3.575 0.183557097161475
3.585 0.15023932227558914
3.5949999999999998 0.13052135892255945
3.605 0.12320156019288846
3.6149999999999998 0.12772620358076944
3.625 0.14417445454841127
3.635 0.17323888574581875
3.645 0.21620097593619478
3.655 0.2748994093966655
3.665 0.35168766911895294
3.675 0.4493764869136787
3.685 0.567905004528673
3.695 0.7183480200356109
3.705 0.8996035436220442
3.715 1.1153841561126188
3.725 1.3691620086910417
3.735 1.6639576314465712
3.745 2.002104505747718
3.755 2.384999417734524
3.765 2.8128519014067717
3.775 3.284448916087305
3.785 3.7969529135208377
3.795 4.345752277974494
3.805 4.9243824711984345
3.815 5.524533890882384
3.825 6.136158409872753
3.835 6.747680931873078
3.8449999999999998 7.346315391165576
3.855 7.918476927537206
3.8649999999999998 8.450274112599345
3.875 8.928057805102128
3.885 9.338997199012296
3.895 9.671649559721612
3.905 9.916488533996002
3.915 10.06635706597132
3.925 10.116814890742681
3.935 10.06635706597132
3.945 9.916488533996002
3.955 9.671649559721612
3.965 9.338997199012296
3.975 8.928057805102128
3.985 8.450274112599345
3.995 7.921183686349528
4.005 7.350333261155224
4.015 6.753585651151552
4.025 6.144749725728664
4.035 5.536909801721258
4.045 4.94203275581595
4.055 4.370674301933691
4.065 3.8317924172948805
4.075 3.332667857001342
4.085 2.8789243541587166
4.095 2.47463495914776
4.1049999999999995 2.1224963640949506
4.115 1.8240501531717006
4.125 1.5799287243590856
4.135 1.3901040219774194
4.145 1.2541189870119176
4.155 1.1712845063707937
4.165 1.1408283377731112
4.175 1.1619867291932326
4.185 1.234033992233097
4.195 1.3562499101084473
4.205 1.5302948894790969
4.215 1.7514026270232699
4.225 2.019938573488494
4.235 2.3340782852233426
4.245 2.6912657171758623
4.255 3.088045517559704
4.265 3.5199329864435027
4.275 3.983731715581744
4.285 4.469119133524599
4.295 4.970109085984699
4.305 5.4783019175824625
4.315 5.984741073784839
4.325 6.480252292680198
4.335 6.953581527984556
4.345 7.401659519432159
4.355 7.813915530981458
4.365 8.184652840755863
4.375 8.51004385848913
4.385 8.788432427515131
4.395 9.02052191836743
4.405 9.209427877091272
4.415 9.360582455255264
4.425 9.483733637028486
4.435 9.584660179127646
4.445 9.67534645121949
4.455 9.76688259010144
4.465 9.870304876842479
4.475 9.995921574473394
4.485 10.152665829231633
4.495 10.347518415121892
4.505 10.585039028875862
4.515 10.86703791413837
4.525 11.192410328605334
4.535 11.557145459216713
4.545 11.954509646442478
4.555 12.37539205662777
4.565 12.808790082939591
4.575 13.242402526547925
4.585 13.663291649120975
4.595 14.058570967203671
4.605 14.418161631891536
4.615 14.72806287592837
4.625 14.982866109557678
4.635 15.172825176829672
4.645 15.295346984533065
4.655 15.349094657416554
4.665 15.335311339738084
4.675 15.257621896452719
4.685 15.121715808130709
4.695 14.934941217710517
4.705 14.705845175493906
4.715 14.44369717152762
4.725 14.158031863098923
4.735 13.858242603696919
4.745 13.55325035198808
4.755 13.251263446763694
4.765 12.959633456177624
4.775 12.68480186824041
4.785 12.432322850231628
4.795 12.2069396688224
4.805 12.010882112921493
4.815 11.85372373330897
4.825 11.732821632974998
4.835 11.652010190450614
4.845 11.613299963584353
4.855 11.618061546613326
4.865 11.666866067880175
4.875 11.759282197894175
4.885 11.893655815242136
4.895 12.06690422502674
4.905 12.274359006330862
4.915 12.509689767905325
4.925 12.764935340566115
4.935 13.030659705749038
4.945 13.296238135164101
4.955 13.552089057039872
4.965 13.78377428662851
4.975 13.981255777552807
4.985 14.134233113471499
4.995 14.233956193289313
5.005 14.27375583422294
5.015 14.24781982047209
5.025 14.160380007412979
5.035 14.0078453746656
5.045 13.79585510313169
5.055 13.531430932876752
5.065 13.22376431078134
5.075 12.883693047228952
5.085 12.521498363444447
5.095 12.153184765031202
5.105 11.788470539130222
5.115 11.438628543094136
5.125 11.113616653057562
5.135 10.82172012318263
5.145 10.569328894373708
5.155 10.360852152486302
5.165 10.198760126026908
5.175 10.083732665199763
5.185 10.014886507581732
5.195 9.990048922976221
5.205 10.006044865216847
5.215 10.058967670768013
5.225 10.14440920248121
5.235 10.256135423121261
5.245 10.394337331316681
5.255 10.549231023493185
5.265 10.716766621385087
5.275 10.89161001488339
5.285 11.068200663213949
5.295 11.240724240790161
5.305 11.403115079232602
5.315 11.549104830401031
5.325 11.672327632542347
5.335 11.76648470107532
5.345 11.825563514711806
5.355 11.844099457658679
5.365 11.81746165905469
5.375 11.742140438990237
5.385 11.616011622229248
5.395 11.438553184989956
5.405 11.210992198077408
5.415 10.934972457758985
5.425 10.618556846527142
5.435 10.264778925248443
5.445 9.884739357190657
5.455 9.486872420143
5.465 9.078473076247196
5.475 8.67044415188909
5.485 8.272424446319526
5.495 7.893355400017153
5.505 7.541066199257012
5.515 7.221921189979485
5.525 6.940552189201915
5.535 6.699692689314329
5.545 6.500124183412986
5.555 6.340737349776457
5.565 6.218703121936544
5.575 6.129741259833594
5.585 6.068467439302415
5.595 6.02879456054644
5.605 6.004360334347652
5.615 5.988951523964446
5.625 5.97705371558691
5.635 5.964684802554249
5.645 5.947359040511313
5.655 5.9228440556480875
5.665 5.890260602461252
5.675 5.85003823958442
5.685 5.803772800909085
5.695 5.754000641213933
5.705 5.703910671269844
5.715 5.657019483797436
5.725 5.616837047435396
5.735 5.5865503267958285
5.745 5.568749786661565
5.755 5.565219272746185
5.765 5.575587559717462
5.775 5.6039293452502275
5.785 5.645310884126289
5.795 5.698844861568935
5.805 5.762084371760767
5.815 5.8321660817644885
5.825 5.906059149524182
5.835 5.979626352112845
5.845 6.052987352735602
5.855 6.122248355475346
5.865 6.185874413308476
5.875 6.242974296492001
5.885 6.293295932199512
5.895 6.337161696309855
5.905 6.375354779942068
5.915 6.408971841134838
5.925 6.439259326608235
5.935 6.467451050854736
5.945 6.494622918908049
5.955 6.521577361385339
5.965 6.5500561197982865
5.975 6.578166343392837
5.985 6.60652509202993
5.995 6.635843732015456
6.005 6.66336034851429
6.015 6.689004877762785
6.025 6.711788321470831
6.035 6.73073991014539
6.045 6.744979385374373
6.055 6.752678950070381
6.065 6.7558521113240495
6.075 6.752576844963606
6.085 6.742785325866721
6.095 6.7266395931105745
6.105 6.704548156799721
6.115 6.677186496037963
6.125 6.645522529682699
6.135 6.610844992135899
6.1450000000000005 6.574789483838559
6.155 6.539354342391523
6.165 6.506896891300114
6.175 6.480100437263461
6.185 6.461903788525156
6.195 6.455388026412239
6.205 6.463619532486883
6.215 6.489453414977351
6.225 6.53530690857178
6.235 6.60291738651757
6.245 6.6931036746534325
6.255 6.806732344789991
6.265 6.93938213249094
6.275 7.091275106855374
6.285 7.256592779967214
6.295 7.429709982395892
6.305 7.603850451662186
6.315 7.771359296190489
6.325 7.924054845266921
6.335 8.053640315675226
6.345 8.152149919448073
6.355 8.212400222569887
6.365 8.228416113092026
6.375 8.19580179185692
6.385 8.112030663153293
6.3950000000000005 7.976633554711393
6.405 7.7912718287979885
6.415 7.55969002178742
6.425 7.287550970572555
6.435 6.981203615835257
6.445 6.651491324614133
6.455 6.306475853030517
6.465 5.956039198132098
6.475 5.609968826787947
6.485 5.277498029020197
6.495 4.966886476496334
6.505 4.685062712129063
6.515 4.437345583930216
6.525 4.227256272686193
6.535 4.056426941017426
6.545 3.924606500437258
6.555 3.8297588421980784
6.565 3.768244329490204
6.575 3.735071562053125
6.585 3.723288961226225
6.595 3.728296168303573
6.605 3.741683466680212
6.615 3.7564153053213145
6.625 3.765801536321077
6.635 3.763803039564735
6.6450000000000005 3.7452868877197147
6.655 3.7062205948690155
6.665 3.643798710299156
6.675 3.556499034021932
6.685 3.444069801446296
6.695 3.3074530528894845
6.705 3.1486528146989565
6.715 2.970559445306606
6.725 2.7767433644096364
6.735 2.5712322785651405
6.745 2.3582859146042106
6.755 2.1421812301220373
6.765 1.9270192220221505
6.775 1.7157012376301741
6.785 1.5135375371496904
6.795 1.3220222166274105
6.805 1.1424727950705653
6.815 0.9784310415605584
6.825 0.8296055200233792
6.835 0.696418178252515
6.845 0.5787961312981584
6.855 0.4762535167808665
6.865 0.38797864937703147
6.875 0.3129208586266052
6.885 0.24987238080145432
6.8950000000000005 0.1975418203889607
6.905 0.15461687931099954
6.915 0.11981517064135087
6.925 0.09192291181341684
6.935 0.06982208129913858
6.945 0.05368771484456459
6.955 0.04084560624350129
6.965 0.0313918220728557
6.975 0.02477698723258761
6.985 0.02059233299688962
6.995 0.018567308194687555
