0.005 0.0
0.015 0.0
0.025 0.0
0.034999999999999996 0.0
0.045 0.0
0.055 0.0
0.065 0.0
0.07500000000000001 0.0
0.085 0.0
0.095 0.0
0.10500000000000001 0.0
0.115 0.0
0.125 0.0
0.135 0.0
0.14500000000000002 0.0
0.155 0.0
0.165 0.0
0.17500000000000002 0.0
0.185 0.0
0.195 0.0
0.20500000000000002 0.0
0.215 0.0
0.225 0.0
0.23500000000000001 0.0
0.245 0.0
0.255 0.0
0.265 0.0
0.275 0.0
0.28500000000000003 0.0
0.295 0.0
0.305 0.0
0.315 0.0
0.325 0.0
0.335 0.0
0.34500000000000003 0.0
0.35500000000000004 0.0
0.365 0.0
0.375 0.0
0.385 0.0
0.395 0.0
0.405 0.0
0.41500000000000004 0.0
0.425 0.0
0.435 0.0
0.445 0.0
0.455 0.0
0.465 0.0
0.47500000000000003 0.0
0.485 0.0
0.495 0.0
0.505 0.0
0.515 0.0
0.525 0.0
0.535 0.0
0.545 0.0
0.555 0.0
0.5650000000000001 0.0
0.5750000000000001 0.0
0.585 0.0
0.595 0.0
0.605 0.0
0.615 0.0
0.625 0.0
0.635 0.0
0.645 0.0
0.655 0.0
0.665 0.0
0.675 0.0
0.685 0.0
0.6950000000000001 0.0
0.7050000000000001 0.0
0.715 0.0
0.725 0.0
0.735 0.0
0.745 0.0
0.755 0.0
0.765 0.0
0.775 0.0
0.785 0.0
0.795 0.0
0.805 0.0
0.8150000000000001 0.0
0.8250000000000001 0.0
0.8350000000000001 0.0
0.845 0.0
0.855 0.0
0.865 0.0
0.875 0.0
0.885 0.0
0.895 0.0
0.905 0.0
0.915 0.0
0.925 0.0
0.935 0.0
0.9450000000000001 0.0
0.9550000000000001 0.0
0.965 0.0
0.975 0.0
0.985 0.0
0.995 0.0
1.005 0.0
1.015 0.0
1.025 0.0
1.035 0.0
1.045 0.0
1.055 0.0
1.065 0.0
1.075 0.0
1.085 0.0
1.095 0.0
1.105 0.0
1.115 0.0
1.125 0.0
1.135 0.0
1.145 0.0
1.155 0.0
1.1649999999999998 0.0
1.1749999999999998 0.0
1.1849999999999998 0.0
1.1949999999999998 0.0
1.2049999999999998 0.0
1.2149999999999999 0.0
1.2249999999999999 0.0
1.2349999999999999 0.0
1.2449999999999999 0.0
1.255 0.0
1.265 0.0
1.275 0.0
1.285 0.0
1.295 0.0
1.305 0.0
1.315 0.0
1.325 0.0
1.335 0.0
1.345 0.0
1.355 0.0
1.365 0.0
1.375 0.0
1.385 0.0
1.395 0.0
1.405 0.0
1.4149999999999998 0.0
1.4249999999999998 0.0
1.4349999999999998 0.0
1.4449999999999998 0.0
1.4549999999999998 0.0
1.4649999999999999 0.0
1.4749999999999999 0.0
1.4849999999999999 0.0
1.4949999999999999 0.0
1.505 0.0
1.515 0.0
1.525 0.014109286791494272
1.535 0.020943602258463354
1.545 0.03077901782160486
1.555 0.04478320668081568
1.565 0.06451083655355655
1.575 0.09200410708419694
1.585 0.12990887177090993
1.595 0.18160485824724185
1.605 0.251346689273173
1.615 0.34441014125478053
1.625 0.46723540891514054
1.635 0.6275561934254862
1.645 0.8345003965296665
1.655 1.0986453702204997
1.665 1.4320084069408932
1.6749999999999998 1.84795188992455
1.6849999999999998 2.3609827203448557
1.6949999999999998 2.9864277457910444
1.7049999999999998 3.739971306319788
1.7149999999999999 4.637047918452291
1.7249999999999999 5.692092547335518
1.7349999999999999 6.917662608893172
1.7449999999999999 8.323459213602126
1.755 9.915289297330805
1.765 11.694023967304654
1.775 13.654620182777416
1.785 15.78528124827106
1.795 18.066835039977263
1.805 20.47240617736377
1.815 22.967448693568073
1.825 25.510188956746344
1.835 28.052505182226234
1.845 30.541241155534976
1.855 32.91991978989658
1.865 35.130789485791915
1.875 37.11710591735398
1.885 38.825526868734954
1.895 40.20848082979125
1.905 41.226363368101595
1.915 41.849420061554824
1.9249999999999998 42.0591911525672
1.9349999999999998 41.849420061554824
1.9449999999999998 41.226363368101595
1.9549999999999998 40.20848082979125
1.9649999999999999 38.825526868734954
1.9749999999999999 37.11710591735398
1.9849999999999999 35.130789485791915
1.9949999999999999 32.91991978989658
2.005 30.541241155534976
2.015 28.052505182226234
2.025 25.510188956746344
2.035 22.967448693568073
2.045 20.47240617736377
2.0549999999999997 18.066835039977263
2.065 15.78528124827106
2.0749999999999997 13.654620182777416
2.085 11.694023967304654
2.0949999999999998 9.915289297330805
2.105 8.323459213602126
2.1149999999999998 6.917662608893172
2.125 5.692092547335518
2.135 4.637047918452291
2.145 3.739971306319788
2.155 2.9864277457910444
2.165 2.3609827203448557
2.175 1.84795188992455
2.185 1.4320084069408932
2.195 1.0986453702204997
2.205 0.8345003965296665
2.215 0.6275561934254862
2.225 0.46723540891514054
2.235 0.34441014125478053
2.245 0.251346689273173
2.255 0.18160485824724185
2.265 0.12990887177090993
2.275 0.09200410708419694
2.285 0.06451083655355655
2.295 0.04478320668081568
2.305 0.03077901782160486
2.315 0.020943602258463354
2.3249999999999997 0.014109286791494272
2.335 0.0
2.3449999999999998 0.0
2.355 0.0
2.3649999999999998 0.0
2.375 0.0
2.385 0.0
2.395 0.0
2.405 0.0
2.415 0.0
2.425 0.0
2.435 0.0
2.445 0.0
2.455 0.0
2.465 0.0
2.475 0.0
2.485 0.0
2.495 0.0
2.505 0.0
2.515 0.0
2.525 0.0
2.535 0.0
2.545 0.0
2.555 0.0
2.565 0.0
2.5749999999999997 0.0
2.585 0.0
2.5949999999999998 0.0
2.605 0.0
2.6149999999999998 0.0
2.625 0.0
2.635 0.0
2.645 0.0
2.655 0.0
2.665 0.0
2.675 0.0
2.685 0.0
2.695 0.0
2.705 0.0
2.715 0.0
2.725 0.0
2.735 0.0
2.745 0.0
2.755 0.0
2.765 0.0
2.775 0.0
2.785 0.0
2.795 0.0
2.805 0.0
2.815 0.0
2.8249999999999997 0.0
2.835 0.0
2.8449999999999998 0.0
2.855 0.0
2.8649999999999998 0.0
2.875 0.0
2.885 0.0
2.895 0.0
2.905 0.0
2.915 0.0
2.925 0.0
2.935 0.0
2.945 0.0
2.955 0.0
2.965 0.0
2.975 0.0
2.985 0.0
2.995 0.0
3.005 0.0
3.015 0.0
3.025 0.0
3.035 0.0
3.045 0.0
3.055 0.0
3.065 0.0
3.075 0.0
3.085 0.0
3.0949999999999998 0.0
3.105 0.0
3.1149999999999998 0.0
3.125 0.0
3.135 0.0
3.145 0.0
3.155 0.0
3.165 0.0
3.175 0.0
3.185 0.0
3.195 0.0
3.205 0.0
3.215 0.0
3.225 0.0
3.235 0.0
3.245 0.0
3.255 0.0
3.265 0.0
3.275 0.0
3.285 0.0
3.295 0.0
3.305 0.0
3.315 0.003788345735583057
3.325 0.005623360519642148
3.335 0.008264171154292822
3.3449999999999998 0.012024298078431445
3.355 0.017321169820142198
3.3649999999999998 0.02470311730701104
3.375 0.03488055262186727
3.385 0.04876093316898565
3.395 0.06748662583249548
3.405 0.09247417741204796
3.415 0.1254527812096176
3.425 0.16849893721313985
3.435 0.22406348848485774
3.445 0.2949864557081633
3.455 0.3844944838050939
3.465 0.49617537478780654
3.475 0.6339242339163242
3.485 0.8018563221930393
3.495 1.0041828874044059
3.505 1.2450480996780835
3.515 1.5283277494396208
3.525 1.8573935048510954
3.535 2.234850115610248
3.545 2.662256744916399
3.555 3.143189807382959
3.565 3.6712292663051085
3.575 4.245642131811933
3.585 4.861557310069221
3.5949999999999998 5.512127061476629
3.605 6.188559590214874
3.6149999999999998 6.880265478247033
3.625 7.575124683952087
3.635 8.259872685159857
3.645 8.920595218586612
3.655 9.543311667427606
3.665 10.11461830263756
3.675 10.622355151541555
3.685 11.05625505492539
3.695 11.40853114037688
3.705 11.674359919883157
3.715 11.852221663551193
3.725 11.944067443885414
3.735 11.955292809386355
3.745 11.894510680013315
3.755 11.773129798940213
3.765 11.604758842978937
3.775 11.404468985302428
3.785 11.187958295641444
3.795 10.970669001754452
3.805 10.766912709406391
3.815 10.589058861296476
3.825 10.449766952548037
3.835 10.351151668548841
3.8449999999999998 10.298378439189616
3.855 10.291068992094303
3.8649999999999998 10.325361946009147
3.875 10.394236133450665
3.885 10.488028674239466
3.895 10.59511374162852
3.905 10.702697805104982
3.915 10.797680013449046
3.925 10.86752274519751
3.935 10.901077399765247
3.945 10.889314167874076
3.955 10.825911485332824
3.965 10.707670589842108
3.975 10.534732330733142
3.985 10.31058626553421
3.995 10.041875200391878
4.005 9.738010800695278
4.015 9.410626913783032
4.025 9.072906159933602
4.035 8.738821707529503
4.045 8.424985920221665
4.055 8.140556637218822
4.065 7.899092438662542
4.075 7.710258134937877
4.085 7.581082272094333
4.095 7.515603590419708
4.1049999999999995 7.514688641088288
4.115 7.576028257151401
4.125 7.691784097514445
4.135 7.85989236619265
4.145 8.06653145411689
4.155 8.300052003296695
4.165 8.547879022669012
4.175 8.79724180242387
4.185 9.035901146826896
4.195 9.252831284268163
4.205 9.438815809285387
4.215 9.58692156360988
4.225 9.692821356407253
4.235 9.754945552806543
4.245 9.774453327415541
4.255 9.755026115950164
4.265 9.70249770234728
4.275 9.62434657946762
4.285 9.52908585134294
4.295 9.42559322003904
4.305 9.322427896353622
4.315 9.227182189942187
4.325 9.145912938033149
4.335 9.082691977187167
4.345 9.039305984609756
4.355 9.015124896483735
4.365 9.004916238562432
4.375 9.00873276304786
4.385 9.016380556860703
4.395 9.019666070424487
4.405 9.009631823450054
4.415 8.979430057456186
4.425 8.919255337003236
4.435 8.819752019093725
4.445 8.676673455290226
4.455 8.486283999087613
4.465 8.247126881059156
4.475 7.960156271554787
4.485 7.628732258824277
4.495 7.258489171870848
4.505 6.85709563702266
4.515 6.433930462838623
4.525 5.999701534710064
4.535 5.568182084557055
4.545 5.148248779990338
4.555 4.753702138146993
4.565 4.396698484467534
4.575 4.08887144399285
4.585 3.841068120303993
4.595 3.66312884042902
4.605 3.563703128905277
4.615 3.550092043413617
4.625 3.6281065022118466
4.635 3.8020415603328424
4.645 4.075770553198878
4.655 4.448499536558539
4.665 4.918986048150684
4.675 5.48389031881578
4.685 6.137707198484492
4.695 6.872741856269281
4.705 7.679146372786667
4.715 8.545032716245228
4.725 9.458664245306425
4.735 10.401752050111376
4.745 11.359315279091033
4.755 12.314396774298618
4.765 13.249932937117354
4.775 14.149335117620621
4.785 14.997078840055124
4.795 15.779266321889601
4.805 16.484127447797817
4.815 17.102427093006845
4.825 17.629667386367807
4.835 18.05950329611256
4.845 18.39285834586237
4.855 18.630480097407048
4.865 18.78160736890908
4.875 18.85100394095482
4.885 18.847802485375567
4.895 18.78234373358044
4.905 18.665640091277993
4.915 18.50885018068075
4.925 18.322793511306216
4.935 18.11752907698959
4.945 17.902015004079622
4.955 17.68385913507596
4.965 17.470979767187718
4.975 17.265153909373296
4.985 17.070678112119587
4.995 16.88920313162072
5.005 16.721092553536202
5.015 16.565608559554317
5.025 16.42112065912205
5.035 16.285323034583065
5.045 16.155448262398828
5.055 16.028467730266485
5.065 15.901271783980835
5.075 15.770825260383983
5.085 15.634296395038366
5.095 15.489158992730362
5.105 15.333269130926716
5.115 15.164918503282035
5.125 14.98286682881907
5.135 14.786355628509163
5.145 14.57510522308218
5.155 14.349296184563737
5.165 14.111224099102326
5.175 13.859316040972821
5.185 13.59610280695802
5.195 13.323263103126079
5.205 13.042668564680731
5.215 12.756293260626379
5.225 12.464613215116962
5.235 12.171538817503887
5.245 11.88009928830111
5.255 11.589619455594372
5.265 11.301314518209367
5.275 11.01602303329531
5.285 10.734215699902474
5.295 10.456037224319054
5.305 10.181380998632754
5.315 9.909992522984036
5.325 9.64159368074062
5.335 9.376016606757883
5.345 9.11190156914982
5.355 8.853021598047988
5.365 8.598150698362252
5.375 8.348649891700443
5.385 8.106303509825024
5.395 7.873243463339802
5.405 7.6518172119615855
5.415 7.444407927403031
5.425 7.253220827414855
5.435 7.080054044405469
5.445 6.924699581272656
5.455 6.790716782293591
5.465 6.6754765326170435
5.475 6.577335125297921
5.485 6.49357026744827
5.495 6.420459859369627
5.505 6.353439305150422
5.515 6.287328359407
5.525 6.216612166343601
5.535 6.134428533028689
5.545 6.038655059402379
5.555 5.922754586470863
5.565 5.783054601102837
5.575 5.616980024026635
5.585 5.423204066577107
5.595 5.20171800620342
5.605 4.953817838520507
5.615 4.682012177065189
5.625 4.389861491575514
5.635 4.080485987185481
5.645 3.761857691788642
5.655 3.437424636900157
5.665 3.112582848414071
5.675 2.7925175984541273
5.685 2.4819912561170328
5.695 2.1851731298902473
5.705 1.9055176101851017
5.715 1.6456927271524986
5.725 1.407557411769012
5.735 1.1921825668124841
5.745 0.9999087004566691
5.755 0.8304314278569562
5.765 0.6829055887915944
5.775 0.554847423891062
5.785 0.44750744034377704
5.795 0.35734194913000034
5.805 0.28250412833169275
5.815 0.22111726331727904
5.825 0.17134741532856407
5.835 0.1314587565530585
5.845 0.09985240683152088
5.855 0.0750904332654018
5.865 0.055907199482592526
5.875 0.04121050353539449
5.885 0.03007496698315651
5.895 0.021729986305212765
5.905 0.015544286820038234
5.915 0.011008780306092345
5.925 0.007719064392749488
5.935 0.005358548649358157
5.945 0.0036828730365837063
5.955 0.002506013300804103
5.965 0.0016882511388438932
5.975 0.0
5.985 0.0
5.995 0.0
6.005 0.0
6.015 0.0
6.025 0.0
6.035 0.0
6.045 0.0
6.055 0.0
6.065 0.0
6.075 0.0
6.085 0.0
6.095 0.0
6.105 0.0
6.115 0.0
6.125 0.0
6.135 0.0
6.1450000000000005 0.0
6.155 0.0
6.165 0.0
6.175 0.0012094165505507257
6.185 0.0017952388078756006
6.195 0.0026383086624609114
6.205 0.003838716452993456
6.215 0.0055297248238499455
6.225 0.007886386567274861
6.235 0.011135498335594534
6.245 0.015566762832905161
6.255 0.022725391260820467
6.265 0.03127440503919654
6.275 0.042625635190669045
6.285 0.057539695729778136
6.295 0.07692908799858741
6.305 0.10187134844228493
6.315 0.13477746167685623
6.325 0.17531822556384866
6.335 0.2259376163696878
6.345 0.2884867981751875
6.355 0.36497680812311584
6.365 0.45754556160718785
6.375 0.5684115552773313
6.385 0.6998139313340378
6.3950000000000005 0.8539393742694656
6.405 1.0328372306756317
6.415 1.2383252127972395
6.425 1.471888991070035
6.435 1.7356989707807042
6.445 2.028576201389195
6.455 2.351227442568028
6.465 2.7029329133108804
6.475 3.0822390621588194
6.485 3.4869284203400435
6.495 3.914016262702628
6.505 4.3597760541464154
6.515 4.82088760070657
6.525 5.290676052894119
6.535 5.764424826633011
6.545 6.236346909958918
6.555 6.70154929522872
6.565 7.152399821650068
6.575 7.583844632093381
6.585 7.990457723803778
6.595 8.367334227564777
6.605 8.710250728312346
6.615 9.015807479431587
6.625 9.281546834987196
6.635 9.50604271848675
6.6450000000000005 9.690037432056748
6.655 9.832660352059202
6.665 9.936550849769526
6.675 10.00467182565501
6.685 10.042025319000112
6.695 10.051670645863933
6.705 10.03975504436781
6.715 10.01215056631683
6.725 9.974963346216802
6.735 9.934300948274117
6.745 9.89603740054506
6.755 9.865586941676238
6.765 9.848816682858093
6.775 9.847935681114524
6.785 9.866684160628191
6.795 9.907007934260072
6.805 9.969769512978777
6.815 10.054764734980486
6.825 10.160789216524122
6.835 10.285749350344775
6.845 10.426809792245125
6.855 10.580567149511273
6.865 10.743238092179867
6.875 10.910849469463905
6.885 11.080577794679833
6.8950000000000005 11.246831683661938
6.905 11.406899289590179
6.915 11.557689995589392
6.925 11.696566920472996
6.935 11.821367322796553
6.945 11.931567882849102
6.955 12.024089461095343
6.965 12.09884906656017
6.975 12.155269676949056
6.985 12.19218650675278
6.995 12.211281393671396
