0.005 0.0
0.015 0.0
0.025 0.0
0.034999999999999996 0.0
0.045 0.0
0.055 0.0
0.065 0.0
0.07500000000000001 0.0
0.085 0.0
0.095 0.0
0.10500000000000001 0.0
0.115 0.0
0.125 0.0
0.135 0.0
0.14500000000000002 0.0
0.155 0.0
0.165 0.0
0.17500000000000002 0.0
0.185 0.0
0.195 0.0
0.20500000000000002 0.0
0.215 0.0
0.225 0.0
0.23500000000000001 0.0
0.245 0.0
0.255 0.0
0.265 0.0
0.275 0.0
0.28500000000000003 0.0
0.295 0.0
0.305 0.0
0.315 0.0
0.325 0.0
0.335 0.0
0.34500000000000003 0.0
0.35500000000000004 0.0
0.365 0.0
0.375 0.0
0.385 0.0
0.395 0.0
0.405 0.0
0.41500000000000004 0.0
0.425 0.0
0.435 0.0
0.445 0.0
0.455 0.0
0.465 0.0
0.47500000000000003 0.0
0.485 0.0
0.495 0.0
0.505 0.0
0.515 0.0
0.525 0.0
0.535 0.0
0.545 0.0
0.555 0.0
0.5650000000000001 0.0
0.5750000000000001 0.0
0.585 0.0
0.595 0.0
0.605 0.0
0.615 0.0
0.625 0.0
0.635 0.0
0.645 0.0
0.655 0.0
0.665 0.0
0.675 0.0
0.685 0.0
0.6950000000000001 0.0
0.7050000000000001 0.0
0.715 0.0
0.725 0.0
0.735 0.0
0.745 0.0
0.755 0.0
0.765 0.0
0.775 0.0
0.785 0.0
0.795 0.0
0.805 0.0
0.8150000000000001 0.0
0.8250000000000001 0.0
0.8350000000000001 0.0
0.845 0.0
0.855 0.0
0.865 0.0
0.875 0.0
0.885 0.0
0.895 0.0
0.905 0.0
0.915 0.0
0.925 0.0
0.935 0.0
0.9450000000000001 0.0
0.9550000000000001 0.0
0.965 0.0
0.975 0.0
0.985 0.0
0.995 0.0
1.005 0.0
1.015 0.0
1.025 0.0
1.035 0.0
1.045 0.0
1.055 0.0
1.065 0.0
1.075 0.0
1.085 0.0
1.095 0.0
1.105 0.0
1.115 0.0
1.125 0.0
1.135 0.0
1.145 0.0
1.155 0.0
1.1649999999999998 0.0
1.1749999999999998 0.0
1.1849999999999998 0.0
1.1949999999999998 0.0
1.2049999999999998 0.0
1.2149999999999999 0.0
1.2249999999999999 0.0
1.2349999999999999 0.0
1.2449999999999999 0.0
1.255 0.0
1.265 0.0
1.275 0.0
1.285 0.0
1.295 0.0
1.305 0.0
1.315 0.0
1.325 0.0
1.335 0.0
1.345 0.0
1.355 0.0
1.365 0.0
1.375 0.0
1.385 0.0
1.395 0.0
1.405 0.0
1.4149999999999998 0.0
1.4249999999999998 0.0
1.4349999999999998 0.0
1.4449999999999998 0.0
1.4549999999999998 0.0
1.4649999999999999 0.0
1.4749999999999999 0.0
1.4849999999999999 0.0
1.4949999999999999 0.0
1.505 0.0
1.515 0.0
1.525 0.0
1.535 0.0
1.545 0.0
1.555 0.0
1.565 0.0
1.575 0.0
1.585 0.0
1.595 0.0
1.605 0.0
1.615 0.0
1.625 0.0
1.635 0.0
1.645 0.0
1.655 0.0
1.665 0.0
1.6749999999999998 0.0
1.6849999999999998 0.0
1.6949999999999998 0.0
1.7049999999999998 0.0
1.7149999999999999 0.0
1.7249999999999999 0.0
1.7349999999999999 0.0
1.7449999999999999 0.0
1.755 0.0
1.765 0.0
1.775 0.0
1.785 0.0
1.795 0.0
1.805 0.0
1.815 0.0
1.825 0.0
1.835 0.0
1.845 0.0
1.855 0.0
1.865 0.0
1.875 0.0
1.885 0.0
1.895 0.0
1.905 0.0
1.915 0.0
1.9249999999999998 0.0
1.9349999999999998 0.0
1.9449999999999998 0.0
1.9549999999999998 0.0
1.9649999999999999 0.0
1.9749999999999999 0.0
1.9849999999999999 0.0
1.9949999999999999 0.0
2.005 0.0
2.015 0.0
2.025 0.0
2.035 0.0
2.045 0.0
2.0549999999999997 0.0
2.065 0.0
2.0749999999999997 0.008535255148167876
2.085 0.012669597807416732
2.0949999999999998 0.018619422384678962
2.105 0.027091099714857847
2.1149999999999998 0.03902510863541996
2.125 0.05565685496706911
2.135 0.07858691817390645
2.145 0.10985982666547725
2.155 0.1520493668671539
2.165 0.20834706067483402
2.175 0.28264883181433453
2.185 0.379633096261717
2.195 0.5048216760270154
2.205 0.6646132218276505
2.215 0.86627746024202
2.225 1.1178978154695676
2.235 1.428250075029103
2.245 1.806606043847723
2.255 2.262453787920019
2.265 2.805130245288566
2.275 3.4433676865780223
2.285 4.184762580021998
2.295 5.035183503838818
2.305 5.998143298896949
2.315 7.074168931763903
2.3249999999999997 8.260209671376659
2.335 9.54912923882203
2.3449999999999998 10.92932967235648
2.355 12.38455301128811
2.3649999999999998 13.89390105956569
2.375 15.432103326091989
2.385 16.97004907575804
2.395 18.475582051487166
2.405 19.914537071666583
2.415 21.25197795246255
2.425 22.453577848964834
2.435 23.487067984646455
2.445 24.32367050681652
2.455 24.93942715729307
2.465 25.31633833140026
2.475 25.443237005370055
2.485 25.31633833140026
2.495 24.93942715729307
2.505 24.32367050681652
2.515 23.487067984646455
2.525 22.453577848964834
2.535 21.25197795246255
2.545 19.914537071666583
2.555 18.475582051487166
2.565 16.97004907575804
2.5749999999999997 15.432103326091989
2.585 13.89390105956569
2.5949999999999998 12.38455301128811
2.605 10.92932967235648
2.6149999999999998 9.54912923882203
2.625 8.260209671376659
2.635 7.074168931763903
2.645 5.998143298896949
2.655 5.035183503838818
2.665 4.184762580021998
2.675 3.4433676865780223
2.685 2.805130245288566
2.695 2.262453787920019
2.705 1.806606043847723
2.715 1.428250075029103
2.725 1.1178978154695676
2.735 0.86627746024202
2.745 0.6646132218276505
2.755 0.5048216760270154
2.765 0.379633096261717
2.775 0.28264883181433453
2.785 0.20834706067483402
2.795 0.1520493668671539
2.805 0.10985982666547725
2.815 0.07858691817390645
2.8249999999999997 0.05565685496706911
2.835 0.03902510863541996
2.8449999999999998 0.027091099714857847
2.855 0.018619422384678962
2.8649999999999998 0.012669597807416732
2.875 0.008535255148167876
2.885 0.0
2.895 0.0
2.905 0.0
2.915 0.0
2.925 0.0
2.935 0.0
2.945 0.0
2.955 0.0
2.965 0.0
2.975 0.0
2.985 0.0
2.995 0.0
3.005 0.0
3.015 0.0
3.025 0.0
3.035 0.0
3.045 0.0
3.055 0.0
3.065 0.0
3.075 0.0
3.085 0.0
3.0949999999999998 0.0
3.105 0.0
3.1149999999999998 0.0
3.125 0.0
3.135 0.0
3.145 0.0
3.155 0.0
3.165 0.0
3.175 0.0
3.185 0.0
3.195 0.0
3.205 0.0
3.215 0.0
3.225 0.0
3.235 0.0
3.245 0.0
3.255 0.0
3.265 0.0
3.275 0.0
3.285 0.0
3.295 0.0
3.305 0.0
3.315 0.0
3.325 0.0037680329386133933
3.335 0.005593208524946993
3.3449999999999998 0.008219859351068804
3.355 0.011959824785174248
3.3649999999999998 0.017228295138053695
3.375 0.024570661232143874
3.385 0.034693525979356085
3.395 0.048499481072306706
3.405 0.0671247681182359
3.415 0.09197833850984213
3.425 0.12478011375742203
3.435 0.16759545982746563
3.445 0.2228620785641217
3.455 0.29340476269442406
3.465 0.3824328561368139
3.475 0.49351492340536157
3.485 0.6305251845273672
3.495 0.7975568348155913
3.505 0.9987985416936475
3.515 1.2383722545912217
3.525 1.5201329822656864
3.535 1.8474343142728877
3.545 2.2228670338578023
3.555 2.6513244663010136
3.565 3.1279732704518275
3.575 3.653901074146317
3.585 4.226234070639245
3.5949999999999998 4.84022044761955
3.605 5.489166654742677
3.6149999999999998 6.1644736381507155
3.625 6.855785976742945
3.635 7.55126017330982
3.645 8.237950147015269
3.655 8.90229879661567
3.665 9.530715083503754
3.675 10.110207261351828
3.685 10.629035531041735
3.695 11.077342346078389
3.705 11.44771650666034
3.715 11.735648500399854
3.725 11.939839420641816
3.735 12.06233403811607
3.745 12.10845971011301
3.755 12.0865659845302
3.765 12.007573972135306
3.775 11.884358666934515
3.785 11.731000215718154
3.795 11.561950583675786
3.805 11.391169230011824
3.815 11.231284660725684
3.825 11.09283775405401
3.835 10.9836575954058
3.8449999999999998 10.908411593561063
3.855 10.86835956624169
3.8649999999999998 10.861327215604295
3.875 10.881899065429412
3.885 10.92181568182542
3.895 10.97054601047946
3.905 11.015993988210223
3.915 11.045290084239804
3.925 11.04561369633976
3.935 11.0049916609952
3.945 10.913021498263745
3.955 10.76147504076025
3.965 10.544748141097465
3.975 10.260134329809341
3.985 9.907913570210889
3.995 9.49126053266134
4.005 9.015989032916542
4.015 8.490159526191484
4.025 7.9235841122210795
4.035 7.327267949237575
4.045 6.712827156773896
4.055 6.09192136384664
4.065 5.475734447375547
4.075 4.87453032617634
4.085 4.297302677111529
4.095 3.75152891552373
4.1049999999999995 3.243030489467784
4.115 2.775934128442233
4.125 2.3527226571136053
4.135 1.9718464507319917
4.145 1.6388100323019679
4.155 1.3484696925479622
4.165 1.0985272162963227
4.175 0.886007723105626
4.185 0.7074915368459096
4.195 0.5593221853894107
4.205 0.43778401284365126
4.215 0.3392460540961511
4.225 0.2602715912083981
4.235 0.197695045149304
4.245 0.1486694919605905
4.255 0.1106891328571687
4.265 0.08159154712015942
4.275 0.05954460332269182
4.285 0.04302260466241145
4.295 0.03077570768911213
4.305 0.02179598257780469
4.315 0.015282764152193363
4.325 0.010609243690610672
4.335 0.007291619444637482
4.345 0.004961587090065313
4.355 0.003342522185571877
4.365 0.0
4.375 0.0
4.385 0.0
4.395 0.0
4.405 0.0
4.415 0.0
4.425 0.0
4.435 0.0
4.445 0.0
4.455 0.0
4.465 0.0
4.475 0.0
4.485 0.0
4.495 0.0
4.505 0.0
4.515 0.0
4.525 0.0
4.535 0.0
4.545 0.0
4.555 0.0
4.565 0.0
4.575 0.0
4.585 0.0
4.595 0.0
4.605 0.0
4.615 0.0
4.625 0.0
4.635 0.0
4.645 0.0
4.655 0.0
4.665 0.0
4.675 0.0
4.685 0.0
4.695 0.0
4.705 0.0
4.715 0.0
4.725 0.0
4.735 0.0
4.745 0.0
4.755 0.0
4.765 0.0
4.775 0.0
4.785 0.0
4.795 0.0
4.805 0.0
4.815 0.0
4.825 0.0
4.835 0.0
4.845 0.0
4.855 0.0
4.865 0.0
4.875 0.0
4.885 0.0
4.895 0.0
4.905 0.0
4.915 0.0
4.925 0.001843860894570819
4.935 0.0027369979621582165
4.945 0.004022331402942945
4.955 0.005852457658031169
4.965 0.008430547238494054
4.975 0.012023483376546382
4.985 0.016977037326975156
4.995 0.023732886100807846
5.005 0.03284704168108869
5.015 0.04500896470090436
5.025 0.061060286872671385
5.035 0.08201168076763057
5.045 0.10905601894721531
5.055 0.1435755942229535
5.065 0.18714087687598344
5.075 0.2414981193049555
5.085 0.30854314432290764
5.095 0.390278928786464
5.105 0.48875516817031583
5.115 0.6059889099596142
5.125 0.7455793609522943
5.135 0.9065716531834035
5.145 1.0914810235033465
5.155 1.3012080953924434
5.165 1.536055436371085
5.175 1.7956119117717264
5.185 2.078657070990004
5.195 2.383095699478261
5.205 2.7059320958767534
5.215 3.043292096446777
5.225 3.3904983493870473
5.235 3.742200923722177
5.245 4.092561215826848
5.255 4.435482591308599
5.265 4.764876657441347
5.275 5.074949942407286
5.285 5.362110245757389
5.295 5.619549452752478
5.305 5.84517410260566
5.315 6.037103304571032
5.325 6.194855234154886
5.335 6.319370805010773
5.345 6.412948677517677
5.355 6.479093688587832
5.365 6.522287841675421
5.375 6.54769952064277
5.385 6.56085193533467
5.395 6.567275411660308
5.405 6.572169602413323
5.415 6.580100820759455
5.425 6.594756524494733
5.435 6.618773781610903
5.445 6.653651816566616
5.455 6.699751128830574
5.465 6.756373946935449
5.475 6.821913708013684
5.485 6.894055545712877
5.495 6.970005997060122
5.505 7.048228098541293
5.515 7.123389237354882
5.525 7.193681578775066
5.535 7.256623699753167
5.545 7.310146699347858
5.555 7.352623870373281
5.565 7.382849904349474
5.575 7.399981081298918
5.585 7.403451830190669
5.595 7.392884923382608
5.605 7.368012212308559
5.615 7.32862031035768
5.625 7.274531323652871
5.635 7.205623172570526
5.645 7.121887930261471
5.655 7.023520681868121
5.665 6.9110264015573595
5.675 6.785328860682162
5.685 6.6478640418174795
5.695 6.500641132386228
5.705 6.3462568524289145
5.715 6.187853341555844
5.725 6.029015599650651
5.735 5.872381102349921
5.745 5.724767029563783
5.755 5.5881573314832425
5.765 5.46593082548688
5.775 5.3607676848645305
5.785 5.2744267008764725
5.795 5.2075702640441355
5.805 5.161012314227446
5.815 5.130911498325594
5.825 5.115284688815537
5.835 5.110215667143005
5.845 5.110976028746396
5.855 5.1123027155666
5.865 5.108719318711948
5.875 5.094879193077021
5.885 5.065906861195447
5.895 5.017714508648163
5.905 4.947272491394304
5.915 4.852816435179602
5.925 4.733978333589889
5.935 4.590692199535546
5.945 4.428115317861191
5.955 4.248366525060252
5.965 4.056365508499662
5.975 3.857878365401503
5.985 3.659232251563833
5.995 3.467003514309502
6.005 3.287696707996135
6.015 3.1274310731207384
6.025 2.9916494301840655
6.035 2.8848622503488213
6.045 2.810437163405327
6.055 2.770441559686205
6.065 2.7655433889537475
6.075 2.794972842774573
6.085 2.856545352976824
6.095 2.9469046307343225
6.105 3.0619864629423548
6.115 3.1954133397861284
6.125 3.3408372924746503
6.135 3.49142519633199
6.1450000000000005 3.640157861769077
6.155 3.7801395212974995
6.165 3.904904300966855
6.175 4.008705720113288
6.185 4.086775422329872
6.195 4.135538298731766
6.205 4.152772948249964
6.215 4.13770897347614
6.225 4.0910557965606555
6.235 4.014961288613689
6.245 3.9129022793157815
6.255 3.7895126720330725
6.265 3.650358166269953
6.275 3.5016692577902653
6.285 3.3500460858451486
6.295 3.202149743342738
6.305 3.0643948561975782
6.315 2.9416575519808297
6.325 2.8413519804386436
6.335 2.7660757356223282
6.345 2.718710706065736
6.355 2.700807266656213
6.365 2.713668952055694
6.375 2.7543388458143947
6.385 2.821099774966886
6.3950000000000005 2.910292951901132
6.405 3.0172582378608492
6.415 3.1365579381853625
6.425 3.262236617567492
6.435 3.38810560165167
6.445 3.5080393361189093
6.455 3.616269755070292
6.465 3.707664395507222
6.475 3.777974293127367
6.485 3.8240387752690395
6.495 3.8439361405165235
6.505 3.837071823482292
6.515 3.804198859536191
6.525 3.7473690973304454
6.535 3.669817420787968
6.545 3.575784978024305
6.555 3.470290816884141
6.565 3.358864167915796
6.575 3.2472517168116886
6.585 3.1411154528659324
6.595 3.0468055614801752
6.605 2.9683986040118606
6.615 2.907883093029552
6.625 2.870898142601988
6.635 2.8577741978064823
6.6450000000000005 2.8689683457377306
6.655 2.903722549140139
6.665 2.9601469634999913
6.675 3.035366311640762
6.685 3.125721757411352
6.695 3.227017517713307
6.705 3.334798684774256
6.715 3.4446445545668114
6.725 3.5524603242878743
6.735 3.654749468154817
6.745 3.7488495331059437
6.755 3.833115575526494
6.765 3.907037987737331
6.775 3.9712849678641096
6.785 4.027664220740558
6.795 4.079003416980001
6.805 4.12895419250583
6.815 4.181729702800292
6.825 4.241790590007631
6.835 4.314640748891371
6.845 4.402453610957172
6.855 4.509165197768892
6.865 4.636865244540384
6.875 4.786316996636997
6.885 4.956794048832556
6.8950000000000005 5.146010561654297
6.905 5.349326645310224
6.915 5.563471237321082
6.925 5.78088161024937
6.935 5.9943834976222234
6.945 6.196340283188247
6.955 6.379083305559831
6.965 6.535356297272601
6.975 6.658744678118749
6.985 6.74406085113368
6.995 6.787659221644107
