0.005 0.0
0.015 0.0
0.025 0.0
0.034999999999999996 0.0
0.045 0.0
0.055 0.0
0.065 0.0
0.07500000000000001 0.0
0.085 0.0
0.095 0.0
0.10500000000000001 0.0
0.115 0.0
0.125 0.0
0.135 0.0
0.14500000000000002 0.0
0.155 0.0
0.165 0.0
0.17500000000000002 0.0
0.185 0.0
0.195 0.0
0.20500000000000002 0.0
0.215 0.0
0.225 0.0
0.23500000000000001 0.0
0.245 0.0
0.255 0.0
0.265 0.0
0.275 0.0
0.28500000000000003 0.0
0.295 0.0
0.305 0.0
0.315 0.0
0.325 0.0
0.335 0.0
0.34500000000000003 0.0
0.35500000000000004 0.0
0.365 0.0
0.375 0.0
0.385 0.0
0.395 0.0
0.405 0.0
0.41500000000000004 0.0
0.425 0.0
0.435 0.0
0.445 0.0
0.455 0.0
0.465 0.0
0.47500000000000003 0.0
0.485 0.0
0.495 0.0
0.505 0.0
0.515 0.0
0.525 0.0
0.535 0.0
0.545 0.0
0.555 0.0
0.5650000000000001 0.0
0.5750000000000001 0.0
0.585 0.0
0.595 0.0
0.605 0.0
0.615 0.0
0.625 0.0
0.635 0.0
0.645 0.0
0.655 0.0
0.665 0.0
0.675 0.0
0.685 0.0
0.6950000000000001 0.0
0.7050000000000001 0.0
0.715 0.0
0.725 0.0
0.735 0.0
0.745 0.0
0.755 0.0
0.765 0.0
0.775 0.0
0.785 0.0
0.795 0.0
0.805 0.0
0.8150000000000001 0.0
0.8250000000000001 0.0
0.8350000000000001 0.0
0.845 0.0
0.855 0.0
0.865 0.0
0.875 0.0
0.885 0.0
0.895 0.0
0.905 0.0
0.915 0.0
0.925 0.0
0.935 0.0
0.9450000000000001 0.0
0.9550000000000001 0.0
0.965 0.0
0.975 0.0
0.985 0.0
0.995 0.0
1.005 0.0
1.015 0.0
1.025 0.0
1.035 0.0
1.045 0.0
1.055 0.0
1.065 0.0
1.075 0.0
1.085 0.0
1.095 0.0
1.105 0.0
1.115 0.0
1.125 0.0
1.135 0.0
1.145 0.0
1.155 0.0
1.1649999999999998 0.0
1.1749999999999998 0.0
1.1849999999999998 0.0
1.1949999999999998 0.0
1.2049999999999998 0.0
1.2149999999999999 0.0
1.2249999999999999 0.0
1.2349999999999999 0.0
1.2449999999999999 0.0
1.255 0.0
1.265 0.0
1.275 0.0
1.285 0.0
1.295 0.0
1.305 0.0
1.315 0.0
1.325 0.0
1.335 0.0
1.345 0.0
1.355 0.0
1.365 0.0
1.375 0.0
1.385 0.0
1.395 0.0
1.405 0.0
1.4149999999999998 0.0
1.4249999999999998 0.0
1.4349999999999998 0.0
1.4449999999999998 0.0
1.4549999999999998 0.0
1.4649999999999999 0.0
1.4749999999999999 0.0
1.4849999999999999 0.0
1.4949999999999999 0.0
1.505 0.0
1.515 0.0
1.525 0.0
1.535 0.0
1.545 0.0
1.555 0.0
1.565 0.0
1.575 0.0
1.585 0.0
1.595 0.0
1.605 0.0
1.615 0.0
1.625 0.0
1.635 0.0
1.645 0.0
1.655 0.0
1.665 0.0
1.6749999999999998 0.0
1.6849999999999998 0.0
1.6949999999999998 0.0
1.7049999999999998 0.0
1.7149999999999999 0.0
1.7249999999999999 0.0
1.7349999999999999 0.0
1.7449999999999999 0.0
1.755 0.0
1.765 0.0
1.775 0.0
1.785 0.0
1.795 0.0
1.805 0.0
1.815 0.0
1.825 0.0
1.835 0.0
1.845 0.0
1.855 0.0
1.865 0.0
1.875 0.0
1.885 0.0
1.895 0.0
1.905 0.0
1.915 0.0
1.9249999999999998 0.0
1.9349999999999998 0.0
1.9449999999999998 0.0
1.9549999999999998 0.0
1.9649999999999999 0.0
1.9749999999999999 0.0
1.9849999999999999 0.0
1.9949999999999999 0.009114982498495825
2.005 0.01353013592128801
2.015 0.019884081520970143
2.025 0.028931167900579983
2.035 0.041675752632902414
2.045 0.059437152157665915
2.0549999999999997 0.0839246597003771
2.065 0.11732167111120961
2.0749999999999997 0.16237678825558874
2.085 0.2224983059905133
2.0949999999999998 0.3018467650332597
2.105 0.4054183464003543
2.1149999999999998 0.5391099225469893
2.125 0.709754750158619
2.135 0.9251163265625812
2.145 1.1938271142719223
2.155 1.5252589654756936
2.165 1.9293134400186638
2.175 2.4161230475896427
2.185 2.9956589050879163
2.195 3.677246392075567
2.205 4.46899794031916
2.215 5.377180730684703
2.225 6.405546201469027
2.235 7.55465711160046
2.245 8.821255519779726
2.255 10.197720440310569
2.265 11.671666160466728
2.275 13.225730454445298
2.285 14.837595689328419
2.295 16.48027496430515
2.305 18.122680299411176
2.315 19.730471336287795
2.3249999999999997 21.26716234286813
2.335 22.695444217235398
2.3449999999999998 23.978658583611278
2.355 25.08234492169669
2.3649999999999998 25.97577074381924
2.375 26.633350510913953
2.385 27.035862058118486
2.395 27.171379880636692
2.405 27.035862058118486
2.415 26.633350510913953
2.425 25.97577074381924
2.435 25.08234492169669
2.445 23.978658583611278
2.455 22.695444217235398
2.465 21.26716234286813
2.475 19.730471336287795
2.485 18.122680299411176
2.495 16.48027496430515
2.505 14.837595689328419
2.515 13.225730454445298
2.525 11.671666160466728
2.535 10.197720440310569
2.545 8.821255519779726
2.555 7.55465711160046
2.565 6.405546201469027
2.5749999999999997 5.377180730684703
2.585 4.46899794031916
2.5949999999999998 3.677246392075567
2.605 2.9956589050879163
2.6149999999999998 2.4161230475896427
2.625 1.9293134400186638
2.635 1.5252589654756936
2.645 1.1938271142719223
2.655 0.9251163265625812
2.665 0.709754750158619
2.675 0.5391099225469893
2.685 0.4054183464003543
2.695 0.3018467650332597
2.705 0.2224983059905133
2.715 0.16237678825558874
2.725 0.11732167111120961
2.735 0.0839246597003771
2.745 0.059437152157665915
2.755 0.041675752632902414
2.765 0.028931167900579983
2.775 0.019884081520970143
2.785 0.01353013592128801
2.795 0.009114982498495825
2.805 0.0
2.815 0.0
2.8249999999999997 0.0
2.835 0.0
2.8449999999999998 0.0
2.855 0.0
2.8649999999999998 0.0
2.875 0.0
2.885 0.0
2.895 0.0
2.905 0.0
2.915 0.0
2.925 0.0
2.935 0.0
2.945 0.0
2.955 0.0
2.965 0.0
2.975 0.0
2.985 0.0
2.995 0.0
3.005 0.0
3.015 0.0
3.025 0.0
3.035 0.0
3.045 0.0
3.055 0.0
3.065 0.0
3.075 0.0
3.085 0.0
3.0949999999999998 0.0
3.105 0.0
3.1149999999999998 0.0
3.125 0.0
3.135 0.0
3.145 0.0
3.155 0.0
3.165 0.0
3.175 0.0
3.185 0.0
3.195 0.0
3.205 0.0
3.215 0.0
3.225 0.0
3.235 0.0
3.245 0.0
3.255 0.0
3.265 0.0
3.275 0.0
3.285 0.0
3.295 0.0
3.305 0.0
3.315 0.003788345735583057
3.325 0.005623360519642148
3.335 0.008264171154292822
3.3449999999999998 0.012024298078431445
3.355 0.017321169820142198
3.3649999999999998 0.02839151115666819
3.375 0.04035554614218827
3.385 0.05680706205624686
3.395 0.07919367428437205
3.405 0.10933834470105774
3.415 0.1495041303477699
3.425 0.20245919975061835
3.435 0.27153791097875657
3.445 0.36069251133995717
3.455 0.47452881832081795
3.465 0.618318204120864
3.475 0.7979774875180731
3.485 1.0200081094224274
3.495 1.29138640706909
3.505 1.6193980635616045
3.515 2.011412010606457
3.525 2.4745922529916813
3.535 3.0155502241842385
3.545 3.6399452254170623
3.555 4.3520459792728055
3.565 5.154271959908251
3.575 6.0467384626375
3.585 7.0268337950484465
3.5949999999999998 8.088859939383202
3.605 9.223769019473465
3.6149999999999998 10.41902647683014
3.625 11.65862775926454
3.635 12.923288514138719
3.645 14.190818979224787
3.655 15.4366819711354
3.665 16.63472133207597
3.675 17.758034862370295
3.685 18.779953717045494
3.695 19.675080083477873
3.705 20.420327700298778
3.715 20.995906242839105
3.725 21.38619130777473
3.735 21.580426832018315
3.745 21.57321602959728
3.755 21.36476968441932
3.765 20.960895916168027
3.775 20.372732112597504
3.785 19.61623623734674
3.795 18.711469827574753
3.805 17.6817174800249
3.815 16.552496535235246
3.825 15.350515400896342
3.835 14.10263929452158
3.8449999999999998 12.83491831970711
3.855 11.571725268345338
3.8649999999999998 10.335040200614046
3.875 9.14390672176235
3.885 8.014072052674734
3.895 6.9578105479118015
3.905 5.98391918482596
3.915 5.097864455711839
3.925 4.30205351151448
3.935 3.5961985294631713
3.945 2.977742050862875
3.955 2.4423121841865285
3.965 1.9841796554810143
3.975 1.5966931778805127
3.985 1.2726749362088268
3.995 1.0047635970588482
4.005 0.7856976853537256
4.015 0.6085370423764539
4.025 0.46682414129556893
4.035 0.3546901454971795
4.045 0.26691272039837366
4.055 0.1989338062236161
4.065 0.1468459466400685
4.075 0.10735550433586626
4.085 0.07773035371022535
4.095 0.055738593648191635
4.1049999999999995 0.039583623057120654
4.115 0.03040448491509458
4.125 0.020671301079434778
4.135 0.017302066793927644
4.145 0.0161868325395769
4.155 0.017201791167673234
4.165 0.020412925790984488
4.175 0.023614870512313983
4.185 0.033012181180962885
4.195 0.045689870445121676
4.205 0.06260697039384691
4.215 0.0849341813987631
4.225 0.11407733779012039
4.235 0.15169571206248894
4.245 0.19971205817615295
4.255 0.26031088286324944
4.265 0.33592120383056184
4.275 0.42918008957136883
4.285 0.5428736586643923
4.295 0.6798530147676068
4.305 0.8429238485478608
4.315 1.0347101519477249
4.325 1.2574946154945286
4.335 1.5130407097243028
4.345 1.8024040210395527
4.355 2.1257428995517893
4.365 2.4821406199243388
4.375 2.8694527756021335
4.385 3.28419425263562
4.395 3.721479636945015
4.405 4.1750291531534724
4.415 4.637249178951957
4.425 5.099392123060769
4.435 5.551795234163641
4.445 5.98419209186182
4.455 6.386084594478861
4.465 6.7471577428204
4.475 7.0577149741889516
4.485 7.311299705374497
4.495 7.497391949305577
4.505 7.612178672093158
4.515 7.652485577573155
4.525 7.617416761590128
4.535 7.50842667254226
4.545 7.329281795064182
4.555 7.085915721623971
4.565 6.78618844151003
4.575 6.439566772771483
4.585 6.058851309996741
4.595 5.652369198484271
4.605 5.233568331979439
4.615 4.814531770645537
4.625 4.407020216696871
4.635 4.022160786594642
4.645 3.6701943718412733
4.655 3.360284777779227
4.665 3.100387425321481
4.675 2.8971709141337247
4.685 2.755981556338962
4.695 2.6808393110999984
4.705 2.674453418324297
4.715 2.7382473097111752
4.725 2.8723847882145956
4.735 3.0757926287381023
4.745 3.3461782236544733
4.755 3.680044232903334
4.765 4.0727050019542546
4.775 4.518311470997261
4.785 5.0118369983413285
4.795 5.5423049220576335
4.805 6.1021393393212
4.815 6.681674248689439
4.825 7.270626533727233
4.835 7.858308221965251
4.845 8.433870885727796
4.855 8.986575218017924
4.865 9.506076608857414
4.875 9.982715983570312
4.885 10.407804297924978
4.895 10.77388889110247
4.905 11.076848082716065
4.915 11.30955662449377
4.925 11.469164631467384
4.935 11.559243304153819
4.945 11.578865025489723
4.955 11.531600812596015
4.965 11.422866783127196
4.975 11.259766486224187
4.985 11.050867225670029
4.995 10.805916002344116
5.005 10.535503601544171
5.015 10.250688306600829
5.025 9.962593526789707
5.035 9.681996019340339
5.045 9.418923068810098
5.055 9.182277682110968
5.065 8.97951034314598
5.075 8.818098239789617
5.085 8.699225107987925
5.095 8.625980762831999
5.105 8.598309211455538
5.115 8.614259158578717
5.125 8.670154813639352
5.135 8.760838476729973
5.145 8.881669464575857
5.155 9.02288176982074
5.165 9.178030849706742
5.175 9.339431888125183
5.185 9.499636713906725
5.195 9.651744700575577
5.205 9.789670824409313
5.215 9.908363577212635
5.225 10.00396887025866
5.235 10.073938917839158
5.245 10.117087139615695
5.255 10.133591316399231
5.265 10.1249476788901
5.275 10.093878540974217
5.285 10.0441958315305
5.295 9.979161446471345
5.305 9.907611387689364
5.315 9.833283328472845
5.325 9.762242914863972
5.335 9.700392581898278
5.345 9.653158393470779
5.355 9.625177637600595
5.365 9.620003261980042
5.375 9.639842744003026
5.385 9.685349257128276
5.395 9.754078474672141
5.405 9.84652121316404
5.415 9.956133036341296
5.425 10.076868924379202
5.435 10.201309666997826
5.445 10.320975957551825
5.455 10.426711333734815
5.465 10.509113714605643
5.475 10.558991320862905
5.485 10.567816557551247
5.495 10.52815118521701
5.505 10.434017826581997
5.515 10.281196394676083
5.525 10.067429073940094
5.535 9.792523607429626
5.545 9.458351335177586
5.555 9.068743158735863
5.565 8.629292863838026
5.575 8.147082569669895
5.585 7.6303491397754035
5.595 7.086815836058227
5.605 6.528934898125147
5.615 5.964259095239494
5.625 5.401931323081294
5.635 4.850433903519075
5.645 4.31733711307425
5.655 3.8091105563419934
5.665 3.331001171026104
5.675 2.8869772708889623
5.685 2.4797341714859256
5.695 2.11075382229457
5.705 1.7804086267051908
5.715 1.4868592194330539
5.725 1.231590161708127
5.735 1.0107439495655268
5.745 0.8218273657661941
5.755 0.6620193540828329
5.765 0.5283208984414121
5.775 0.4176847081081
5.785 0.32712220963082705
5.795 0.2537870740108465
5.805 0.19503596248406108
5.815 0.14846830341316944
5.825 0.11194769906069325
5.835 0.08360801793430285
5.845 0.0618473928412957
5.855 0.0453132689807827
5.865 0.032881390082098345
5.875 0.023631234158766792
5.885 0.015656620927006072
5.895 0.011088337607035597
5.905 0.0077748478593842475
5.915 0.005397273345070371
5.925 0.003709488104771154
5.935 0.00252412354088488
5.945 0.0017004516460923176
5.955 0.0
5.965 0.0
5.975 0.0
5.985 0.0
5.995 0.0
6.005 0.0
6.015 0.0
6.025 0.0
6.035 0.0
6.045 0.0
6.055 0.0
6.065 0.0
6.075 0.0
6.085 0.0
6.095 0.0
6.105 0.0
6.115 0.0
6.125 0.0
6.135 0.0
6.1450000000000005 0.0
6.155 0.0
6.165 0.0
6.175 0.0
6.185 0.0
6.195 0.0
6.205 0.0
6.215 0.0
6.225 0.0
6.235 0.0
6.245 0.0
6.255 0.0
6.265 0.0
6.275 0.0
6.285 0.0
6.295 0.0
6.305 0.0011629736120812048
6.315 0.0017262996442315313
6.325 0.0025369946802614126
6.335 0.0036913054787124037
6.345 0.005317377250443165
6.355 0.007583540566098495
6.365 0.010707882834721846
6.375 0.014968981854888097
6.385 0.02185324034062626
6.3950000000000005 0.03007421890027099
6.405 0.04098991820504496
6.415 0.055331787654364153
6.425 0.0739773458520162
6.435 0.09796282726444273
6.445 0.1284917454651596
6.455 0.16693755697727997
6.465 0.21483848015530982
6.475 0.2738825149276244
6.485 0.3458808564407849
6.495 0.4327282271641876
6.505 0.5363491849984807
6.515 0.6586302005878603
6.525 0.8013382167725679
6.535 0.9660274662585946
6.545 1.1539374672490423
6.555 1.3658862583791755
6.565 1.6021639767451756
6.575 1.8624327223267627
6.585 2.1456391878933965
6.595 2.451015221453001
6.605 2.7753475070820555
6.615 3.1142957161563203
6.625 3.4644151801590217
6.635 3.820850950731521
6.6450000000000005 4.178165629547296
6.655 4.530493806468352
6.665 4.871731724732217
6.675 5.195755686842876
6.685 5.496660502039746
6.695 5.769007410966836
6.705 6.008069535692787
6.715 6.210062097939985
6.725 6.372344499111102
6.735 6.4935819035354285
6.745 6.573855219333487
6.755 6.6147103052356275
6.765 6.619139791278105
6.775 6.591494000840166
6.785 6.537320985069096
6.795 6.463139482156729
6.805 6.376152517088125
6.815 6.2850488691942505
6.825 6.195643252278829
6.835 6.115899728017558
6.845 6.05227303587961
6.855 6.01012194108649
6.865 5.993413309395149
6.875 6.004493789733693
6.885 6.04394552346309
6.8950000000000005 6.111700965377992
6.905 6.203008948693601
6.915 6.314127663381187
6.925 6.439218657541835
6.935 6.571467384527116
6.945 6.703493462101251
6.955 6.827801839871987
6.965 6.937246756141061
6.975 7.025478630350676
6.985 7.087344433681293
6.995 7.119214661441171
