0.005 0.0
0.015 0.0
0.025 0.0
0.034999999999999996 0.0
0.045 0.0
0.055 0.0
0.065 0.0
0.07500000000000001 0.0
0.085 0.0
0.095 0.0
0.10500000000000001 0.0
0.115 0.0
0.125 0.0
0.135 0.0
0.14500000000000002 0.0
0.155 0.0
0.165 0.0
0.17500000000000002 0.0
0.185 0.0
0.195 0.0
0.20500000000000002 0.0
0.215 0.0
0.225 0.0
0.23500000000000001 0.0
0.245 0.0
0.255 0.0
0.265 0.0
0.275 0.0
0.28500000000000003 0.0
0.295 0.0
0.305 0.0
0.315 0.0
0.325 0.0
0.335 0.0
0.34500000000000003 0.0
0.35500000000000004 0.0
0.365 0.0
0.375 0.0
0.385 0.0
0.395 0.0
0.405 0.0
0.41500000000000004 0.0
0.425 0.0
0.435 0.0
0.445 0.0
0.455 0.0
0.465 0.0
0.47500000000000003 0.0
0.485 0.0
0.495 0.0
0.505 0.0
0.515 0.0
0.525 0.0
0.535 0.0
0.545 0.0
0.555 0.0
0.5650000000000001 0.0
0.5750000000000001 0.0
0.585 0.0
0.595 0.0
0.605 0.0
0.615 0.0
0.625 0.0
0.635 0.0
0.645 0.0
0.655 0.0
0.665 0.0
0.675 0.0
0.685 0.0
0.6950000000000001 0.0
0.7050000000000001 0.0
0.715 0.0
0.725 0.0
0.735 0.0
0.745 0.0
0.755 0.0
0.765 0.0
0.775 0.0
0.785 0.0
0.795 0.0
0.805 0.0
0.8150000000000001 0.0
0.8250000000000001 0.0
0.8350000000000001 0.0
0.845 0.0
0.855 0.0
0.865 0.0
0.875 0.0
0.885 0.0
0.895 0.0
0.905 0.0
0.915 0.0
0.925 0.0
0.935 0.0
0.9450000000000001 0.0
0.9550000000000001 0.0
0.965 0.0
0.975 0.0
0.985 0.0
0.995 0.0
1.005 0.0
1.015 0.0
1.025 0.0
1.035 0.0
1.045 0.0
1.055 0.0
1.065 0.0
1.075 0.0
1.085 0.0
1.095 0.0
1.105 0.0
1.115 0.0
1.125 0.0
1.135 0.0
1.145 0.0
1.155 0.0
1.1649999999999998 0.0
1.1749999999999998 0.0
1.1849999999999998 0.0
1.1949999999999998 0.0
1.2049999999999998 0.0
1.2149999999999999 0.0
1.2249999999999999 0.0
1.2349999999999999 0.0
1.2449999999999999 0.0
1.255 0.0
1.265 0.0
1.275 0.0
1.285 0.0
1.295 0.0
1.305 0.0
1.315 0.0
1.325 0.0
1.335 0.0
1.345 0.0
1.355 0.0
1.365 0.0
1.375 0.0
1.385 0.0
1.395 0.0
1.405 0.0
1.4149999999999998 0.0
1.4249999999999998 0.0
1.4349999999999998 0.0
1.4449999999999998 0.0
1.4549999999999998 0.0
1.4649999999999999 0.0
1.4749999999999999 0.0
1.4849999999999999 0.0
1.4949999999999999 0.0
1.505 0.0
1.515 0.0
1.525 0.0
1.535 0.0
1.545 0.0
1.555 0.0
1.565 0.0
1.575 0.0
1.585 0.0
1.595 0.0
1.605 0.0
1.615 0.0
1.625 0.0
1.635 0.0
1.645 0.0
1.655 0.0
1.665 0.0
1.6749999999999998 0.0
1.6849999999999998 0.0
1.6949999999999998 0.0
1.7049999999999998 0.0
1.7149999999999999 0.0
1.7249999999999999 0.0
1.7349999999999999 0.0
1.7449999999999999 0.0
1.755 0.0
1.765 0.0
1.775 0.0
1.785 0.0
1.795 0.0
1.805 0.0
1.815 0.0
1.825 0.0
1.835 0.0
1.845 0.0
1.855 0.0
1.865 0.0
1.875 0.0
1.885 0.0
1.895 0.0
1.905 0.0
1.915 0.0
1.9249999999999998 0.0
1.9349999999999998 0.0
1.9449999999999998 0.0
1.9549999999999998 0.0
1.9649999999999999 0.0
1.9749999999999999 0.0
1.9849999999999999 0.0
1.9949999999999999 0.0
2.005 0.0
2.015 0.0
2.025 0.0
2.035 0.0
2.045 0.0
2.0549999999999997 0.0
2.065 0.0
2.0749999999999997 0.0
2.085 0.0
2.0949999999999998 0.008398966020656743
2.105 0.012467292381144803
2.1149999999999998 0.01832211143292448
2.125 0.026658514832583104
2.135 0.038401964052789624
2.145 0.054768138218501405
2.155 0.07733205908348903
2.165 0.10810560846521923
2.175 0.1496214751182596
2.185 0.2050202193999159
2.195 0.2781355557597475
2.205 0.37357119622877355
2.215 0.496760791544939
2.225 0.6540008201404325
2.235 0.8524449271554974
2.245 1.1000474624019558
2.255 1.40544408350169
2.265 1.77775854518505
2.275 2.2263274100394392
2.285 2.7603385258790376
2.295 3.3883847283000286
2.305 4.1179411867570455
2.315 4.954782771267403
2.3249999999999997 5.902366230408388
2.335 6.961210116258145
2.3449999999999998 8.128312411174356
2.355 9.39665078681823
2.3649999999999998 10.754812475217184
2.375 12.18679911931616
2.385 13.672046220985889
2.395 15.185686802922651
2.405 16.69907496400549
2.415 18.180567911388728
2.425 19.596546005767618
2.435 20.91263091681492
2.445 22.095043923333378
2.455 23.112031509713514
2.465 23.935275341857228
2.475 24.541199721921732
2.485 24.9120924590664
2.495 25.036964842168796
2.505 24.9120924590664
2.515 24.541199721921732
2.525 23.935275341857228
2.535 23.112031509713514
2.545 22.095043923333378
2.555 20.91263091681492
2.565 19.596546005767618
2.5749999999999997 18.180567911388728
2.585 16.69907496400549
2.5949999999999998 15.185686802922651
2.605 13.672046220985889
2.6149999999999998 12.18679911931616
2.625 10.754812475217184
2.635 9.39665078681823
2.645 8.128312411174356
2.655 6.961210116258145
2.665 5.902366230408388
2.675 4.954782771267403
2.685 4.1179411867570455
2.695 3.3883847283000286
2.705 2.7603385258790376
2.715 2.2263274100394392
2.725 1.77775854518505
2.735 1.40544408350169
2.745 1.1000474624019558
2.755 0.8524449271554974
2.765 0.6540008201404325
2.775 0.496760791544939
2.785 0.37357119622877355
2.795 0.2781355557597475
2.805 0.2050202193999159
2.815 0.1496214751182596
2.8249999999999997 0.10810560846521923
2.835 0.07733205908348903
2.8449999999999998 0.054768138218501405
2.855 0.038401964052789624
2.8649999999999998 0.026658514832583104
2.875 0.01832211143292448
2.885 0.012467292381144803
2.895 0.008398966020656743
2.905 0.0
2.915 0.0
2.925 0.0
2.935 0.0
2.945 0.0
2.955 0.0
2.965 0.0
2.975 0.0
2.985 0.0
2.995 0.0
3.005 0.0
3.015 0.0
3.025 0.0
3.035 0.0
3.045 0.0
3.055 0.0
3.065 0.0
3.075 0.0
3.085 0.0
3.0949999999999998 0.0
3.105 0.0
3.1149999999999998 0.0
3.125 0.0
3.135 0.0
3.145 0.0
3.155 0.0
3.165 0.0
3.175 0.0
3.185 0.0
3.195 0.0
3.205 0.0
3.215 0.0
3.225 0.0
3.235 0.0
3.245 0.0
3.255 0.0
3.265 0.0
3.275 0.0
3.285 0.0
3.295 0.0
3.305 0.0
3.315 0.0
3.325 0.0
3.335 0.0
3.3449999999999998 0.0
3.355 0.0
3.3649999999999998 0.0
3.375 0.0
3.385 0.0
3.395 0.0
3.405 0.0
3.415 0.0
3.425 0.0
3.435 0.0
3.445 0.0
3.455 0.0
3.465 0.0
3.475 0.0
3.485 0.0
3.495 0.0
3.505 0.0
3.515 0.0
3.525 0.0
3.535 0.0
3.545 0.003359489266924387
3.555 0.004986772757391048
3.565 0.007328632662034434
3.575 0.010663097604150634
3.585 0.015360341469041335
3.5949999999999998 0.021906621846304333
3.605 0.030931929220953034
3.6149999999999998 0.043240993050813165
3.625 0.05984685954496614
3.635 0.0820057165230255
3.645 0.11125100542457698
3.655 0.1494241578160993
3.665 0.1986985711478794
3.675 0.26159276396854975
3.685 0.34096811159608736
3.695 0.4400062619562553
3.705 0.5621613782189243
3.715 0.7110828567520849
3.725 0.8905052146052415
3.735 1.1041034846386244
3.745 1.3553147017070986
3.755 1.647128847135689
3.765 1.9818558021399328
3.775 2.360878226170445
3.785 2.7844035340609774
3.795 3.2512309534755457
3.805 3.75855163429796
3.815 4.3018006013377645
3.825 4.8745786968078315
3.835 5.46866035930274
3.8449999999999998 6.074099085509198
3.855 6.6794368462935525
3.8649999999999998 7.27201689049392
3.875 7.8383917512287375
3.885 8.364810493982363
3.895 8.83776202095615
3.905 9.244545293163299
3.915 9.573833304490705
3.925 9.816196048474676
3.935 9.96454885363584
3.945 10.01449636261921
3.955 9.96454885363584
3.965 9.816196048474676
3.975 9.573833304490705
3.985 9.244545293163299
3.995 8.83776202095615
4.005 8.364810493982363
4.015 7.8383917512287375
4.025 7.27201689049392
4.035 6.6794368462935525
4.045 6.074099085509198
4.055 5.46866035930274
4.065 4.8745786968078315
4.075 4.3044114472757595
4.085 3.7624271327332504
4.095 3.2569264414787713
4.1049999999999995 2.7926904202077316
4.115 2.372815601748782
4.125 1.998880656252649
4.135 1.671167769526657
4.145 1.388919682134661
4.155 1.1506138074079542
4.165 0.9542364174355308
4.175 0.7975421999833164
4.185 0.6782872010674953
4.195 0.5944259716646461
4.205 0.5442663962313373
4.215 0.5265780454847422
4.225 0.5406519070407241
4.235 0.5863110278743072
4.245 0.6638730383054716
4.255 0.7740668417678972
4.265 0.91790707910754
4.275 1.0965314198116802
4.285 1.311007356827892
4.295 1.562116981097318
4.305 1.850130104713972
4.315 2.1745779307949498
4.325 2.5340410147907395
4.335 2.9259662691843484
4.345 3.346527969263556
4.355 3.7883061914499567
4.365 4.25000008957702
4.375 4.720520193505894
4.385 5.19096183159034
4.395 5.651488738632383
4.405 6.091650140274823
4.415 6.500759420585511
4.425 6.868316354082926
4.435 7.184450257037404
4.445 7.440358283078456
4.455 7.628711849759518
4.465 7.7440050648796355
4.475 7.782822051802651
4.485 7.7440050648796355
4.495 7.628711849759518
4.505 7.440358283078456
4.515 7.184450257037404
4.525 6.868316354082926
4.535 6.500759420585511
4.545 6.091650140274823
4.555 5.651488738632383
4.565 5.19096183159034
4.575 4.720520193505894
4.585 4.25000008957702
4.595 3.7883061914499567
4.605 3.3431684799966317
4.615 2.9209794964269573
4.625 2.526712382128705
4.635 2.163914833190799
4.645 1.8347697632449307
4.655 1.5402103592510135
4.665 1.2800754276069388
4.675 1.0532904267608671
4.685 0.8580602195625738
4.695 0.6920611252448717
4.705 0.5526220328808946
4.715 0.4368868700582079
4.725 0.34195333589284466
4.735 0.2669681160422366
4.745 0.20624157285892214
4.755 0.15874520823402852
4.765 0.12241938606731761
4.775 0.09552530920900869
4.785 0.07666090812016922
4.795 0.06476693630291373
4.805 0.05912663778355852
4.815 0.05936167830788639
4.825 0.06542618929653533
4.835 0.0775998370675907
4.845 0.09647986894919341
4.855 0.12297116768067956
4.865 0.15827252814660803
4.875 0.20385671703189995
4.885 0.25970007300581677
4.895 0.33179834831309657
4.905 0.4196946402323261
4.915 0.525593131826914
4.925 0.6516628974592509
4.935 0.8017694955943712
4.945 0.9748935520116474
4.955 1.1737362931242985
4.965 1.4010822845188697
4.975 1.654503287221329
4.985 1.9348794361593968
4.995 2.2410477002382585
5.005 2.570953919216901
5.015 2.921638036329916
5.025 3.289272681539052
5.035 3.669260834270893
5.045 4.0563943868093455
5.055 4.445070706623146
5.065 4.829559086966181
5.075 5.204303711012583
5.085 5.564244935142012
5.095 5.905136844340964
5.105 6.223836638605412
5.115 6.518540877604275
5.125 6.78894520506967
5.135 7.036307974967647
5.145 7.2651045318631855
5.155 7.4768870226557365
5.165 7.678102573388917
5.175 7.8748035102208505
5.185 8.073335341558078
5.195 8.279841341248416
5.205 8.499752821562408
5.215 8.737303326035912
5.225 8.995105242470995
5.235 9.273824378620489
5.245 9.571981947680591
5.255 9.885904558822245
5.265 10.20983184920873
5.275 10.536179197431439
5.285 10.855940540835224
5.295 11.159204756201383
5.305 11.435749390467626
5.315 11.67566864330717
5.325 11.869989077225497
5.335 12.011226936923089
5.345 12.09384523059656
5.355 12.114576541405803
5.365 12.072588247146705
5.375 11.969479505642731
5.385 11.809112898266093
5.395 11.59729681564022
5.405 11.341346350115003
5.415 11.04955960541559
5.425 10.730652164973398
5.435 10.393194515328734
5.445 10.045095398623198
5.455 9.693168632902939
5.465 9.342812487754415
5.475 8.997820099158517
5.485 8.660327689064292
5.495 8.330895626193401
5.505 8.008706684243478
5.515 7.691857133464587
5.525 7.3777102216934365
5.535 7.063278554094964
5.545 6.744279444140238
5.555 6.421217005654434
5.565 6.090235489554706
5.575 5.750301225458387
5.585 5.401341521871355
5.595 5.044275633567629
5.605 4.680961075455668
5.615 4.31406769531082
5.625 3.9468965116354697
5.635 3.5831629744441043
5.645 3.226764988666494
5.655 2.8815549159228966
5.665 2.551132157887727
5.675 2.2386692440738116
5.685 1.9467800676981082
5.695 1.677434499055801
5.705 1.4319194687267218
5.715 1.2108430791744833
5.725 1.0141755927254357
5.735 0.8413193640707795
5.745 0.6899737321424512
5.755 0.561553484717579
5.765 0.4525579171265899
5.775 0.3599243570077241
5.785 0.28454570472167284
5.795 0.2227152144228839
5.805 0.1725856940032324
5.815 0.13240877131999226
5.825 0.10057401156513583
5.835 0.07563309031106458
5.845 0.0563112247942494
5.855 0.041508320036462626
5.865 0.03029231015220978
5.875 0.021887022689981005
5.885 0.015656620927006072
5.895 0.011088337607035597
5.905 0.0077748478593842475
5.915 0.005397273345070371
5.925 0.003709488104771154
5.935 0.00252412354088488
5.945 0.0017004516460923176
5.955 0.0
5.965 0.0
5.975 0.0
5.985 0.0
5.995 0.0
6.005 0.0
6.015 0.0
6.025 0.0
6.035 0.0
6.045 0.0
6.055 0.0
6.065 0.0
6.075 0.0
6.085 0.0
6.095 0.0
6.105 0.0
6.115 0.0
6.125 0.0
6.135 0.0
6.1450000000000005 0.0
6.155 0.0
6.165 0.0
6.175 0.0
6.185 0.0
6.195 0.0
6.205 0.0
6.215 0.0
6.225 0.0
6.235 0.0
6.245 0.0
6.255 0.0
6.265 0.0
6.275 0.0
6.285 0.0
6.295 0.0
6.305 0.0
6.315 0.0
6.325 0.0
6.335 0.0
6.345 0.0
6.355 0.0
6.365 0.0
6.375 0.0
6.385 0.0
6.3950000000000005 0.0
6.405 0.0
6.415 0.0
6.425 0.0011224373672632756
6.435 0.0016661282832644974
6.445 0.002448565986443655
6.455 0.003562642488401664
6.465 0.005132036410570179
6.475 0.00731921104582336
6.485 0.010334652216622766
6.495 0.014447227700845852
6.505 0.019995405887432694
6.515 0.027398891093619013
6.525 0.03717002071224808
6.535 0.05101114709668452
6.545 0.06800077810993498
6.555 0.08977214025130746
6.565 0.11737121482873283
6.575 0.15198080698693023
6.585 0.19491233586748288
6.595 0.24758896106951275
6.605 0.31151882640758316
6.615 0.3882576116340143
6.625 0.4793601584081485
6.635 0.5863216613155555
6.6450000000000005 0.7105097509528314
6.655 0.8530896866534249
6.665 1.016032859171386
6.675 1.1982163596511335
6.685 1.4005230540021407
6.695 1.622635457569735
6.705 1.8637162619335832
6.715 2.122383048474912
6.725 2.396705677914335
6.735 2.684228525516578
6.745 2.9820182081693827
6.755 3.2867357597031948
6.765 3.5947304963508255
6.775 3.903273664590036
6.785 4.20673527870144
6.795 4.502054421555452
6.805 4.785622054483307
6.815 5.054153631116391
6.825 5.304799085366493
6.835 5.535233463125056
6.845 5.743724075746405
6.855 5.929171487003161
6.865 6.091123135876279
6.875 6.229759828600384
6.885 6.345856612651078
6.8950000000000005 6.440720612643705
6.905 6.516109236608969
6.915 6.574132753092268
6.925 6.617145617777613
6.935 6.647631125554265
6.945 6.6680840125096905
6.955 6.68089555667002
6.965 6.688245539190772
6.975 6.692005130893039
6.985 6.693654357616795
6.995 6.694217266645984
