0.005 0.0
0.015 0.0
0.025 0.0
0.034999999999999996 0.0
0.045 0.0
0.055 0.0
0.065 0.0
0.07500000000000001 0.0
0.085 0.0
0.095 0.0
0.10500000000000001 0.0
0.115 0.0
0.125 0.0
0.135 0.0
0.14500000000000002 0.0
0.155 0.0
0.165 0.0
0.17500000000000002 0.0
0.185 0.0
0.195 0.0
0.20500000000000002 0.0
0.215 0.0
0.225 0.0
0.23500000000000001 0.0
0.245 0.0
0.255 0.0
0.265 0.0
0.275 0.0
0.28500000000000003 0.0
0.295 0.0
0.305 0.0
0.315 0.0
0.325 0.0
0.335 0.0
0.34500000000000003 0.0
0.35500000000000004 0.0
0.365 0.0
0.375 0.0
0.385 0.0
0.395 0.0
0.405 0.0
0.41500000000000004 0.0
0.425 0.0
0.435 0.0
0.445 0.0
0.455 0.0
0.465 0.0
0.47500000000000003 0.0
0.485 0.0
0.495 0.0
0.505 0.0
0.515 0.0
0.525 0.0
0.535 0.0
0.545 0.0
0.555 0.0
0.5650000000000001 0.0
0.5750000000000001 0.0
0.585 0.0
0.595 0.0
0.605 0.0
0.615 0.0
0.625 0.0
0.635 0.0
0.645 0.0
0.655 0.0
0.665 0.0
0.675 0.0
0.685 0.0
0.6950000000000001 0.0
0.7050000000000001 0.0
0.715 0.0
0.725 0.0
0.735 0.0
0.745 0.0
0.755 0.0
0.765 0.0
0.775 0.0
0.785 0.0
0.795 0.0
0.805 0.0
0.8150000000000001 0.0
0.8250000000000001 0.0
0.8350000000000001 0.0
0.845 0.0
0.855 0.0
0.865 0.0
0.875 0.0
0.885 0.0
0.895 0.0
0.905 0.0
0.915 0.0
0.925 0.0
0.935 0.0
0.9450000000000001 0.0
0.9550000000000001 0.0
0.965 0.0
0.975 0.0
0.985 0.0
0.995 0.0
1.005 0.0
1.015 0.0
1.025 0.0
1.035 0.0
1.045 0.0
1.055 0.0
1.065 0.0
1.075 0.0
1.085 0.0
1.095 0.0
1.105 0.0
1.115 0.0
1.125 0.0
1.135 0.0
1.145 0.0
1.155 0.0
1.1649999999999998 0.0
1.1749999999999998 0.0
1.1849999999999998 0.0
1.1949999999999998 0.0
1.2049999999999998 0.0
1.2149999999999999 0.0
1.2249999999999999 0.0
1.2349999999999999 0.0
1.2449999999999999 0.0
1.255 0.0
1.265 0.0
1.275 0.0
1.285 0.0
1.295 0.01819813325432633
1.305 0.027013021306994157
1.315 0.03969872297815342
1.325 0.057761301104519526
1.335 0.08320596336998518
1.345 0.11866673527912638
1.355 0.16755623401399697
1.365 0.23423362632395273
1.375 0.32418651715155433
1.385 0.4442195936136376
1.395 0.6026394075215246
1.405 0.8094208730252405
1.4149999999999998 1.0763371417178977
1.4249999999999998 1.4170308635709508
1.4349999999999998 1.847001921212349
1.4449999999999998 2.3834850930030296
1.4549999999999998 3.045191354526802
1.4649999999999999 3.851889246810544
1.4749999999999999 4.823808404036015
1.4849999999999999 5.980856238428924
1.4949999999999999 7.341650942612892
1.505 8.922389049530135
1.515 10.73558303438808
1.525 12.788722672842619
1.535 15.08293151745893
1.545 17.611705063164322
1.555 20.359827952907626
1.565 23.3025720151669
1.575 26.405273431464693
1.585 29.62337487458426
1.595 32.90299678774535
1.605 36.18207177782989
1.615 39.392039053029876
1.625 42.46005456628935
1.635 45.31163040626093
1.645 47.87357784137974
1.655 50.07709617559182
1.665 51.86082775889714
1.6749999999999998 53.173690864110256
1.6849999999999998 53.97730828999582
1.6949999999999998 54.24787067373374
1.7049999999999998 53.97730828999582
1.7149999999999999 53.173690864110256
1.7249999999999999 51.86082775889714
1.7349999999999999 50.07709617559182
1.7449999999999999 47.87357784137974
1.755 45.31163040626093
1.765 42.46005456628935
1.775 39.392039053029876
1.785 36.18207177782989
1.795 32.90299678774535
1.805 29.62337487458426
1.815 26.405273431464693
1.825 23.3025720151669
1.835 20.359827952907626
1.845 17.611705063164322
1.855 15.08293151745893
1.865 12.788722672842619
1.875 10.73558303438808
1.885 8.922389049530135
1.895 7.341650942612892
1.905 5.980856238428924
1.915 4.823808404036015
1.9249999999999998 3.851889246810544
1.9349999999999998 3.045191354526802
1.9449999999999998 2.3834850930030296
1.9549999999999998 1.847001921212349
1.9649999999999999 1.4170308635709508
1.9749999999999999 1.0763371417178977
1.9849999999999999 0.8094208730252405
1.9949999999999999 0.6026394075215246
2.005 0.4442195936136376
2.015 0.32418651715155433
2.025 0.23423362632395273
2.035 0.16755623401399697
2.045 0.11866673527912638
2.0549999999999997 0.08320596336998518
2.065 0.057761301104519526
2.0749999999999997 0.03969872297815342
2.085 0.027013021306994157
2.0949999999999998 0.01819813325432633
2.105 0.0
2.1149999999999998 0.0
2.125 0.0
2.135 0.0
2.145 0.0
2.155 0.0
2.165 0.0
2.175 0.0
2.185 0.0
2.195 0.0
2.205 0.0
2.215 0.0
2.225 0.0
2.235 0.0
2.245 0.0
2.255 0.0
2.265 0.0
2.275 0.0
2.285 0.0
2.295 0.0
2.305 0.0
2.315 0.0
2.3249999999999997 0.0
2.335 0.0
2.3449999999999998 0.0
2.355 0.0
2.3649999999999998 0.0
2.375 0.0
2.385 0.0
2.395 0.0
2.405 0.0
2.415 0.0
2.425 0.0
2.435 0.0
2.445 0.0
2.455 0.0
2.465 0.0
2.475 0.0
2.485 0.0
2.495 0.0
2.505 0.0
2.515 0.0
2.525 0.0
2.535 0.0
2.545 0.0
2.555 0.0
2.565 0.0
2.5749999999999997 0.0
2.585 0.0
2.5949999999999998 0.0
2.605 0.0
2.6149999999999998 0.0
2.625 0.0
2.635 0.0
2.645 0.0
2.655 0.0
2.665 0.0
2.675 0.0
2.685 0.0
2.695 0.0
2.705 0.0
2.715 0.0
2.725 0.005353861000050016
2.735 0.007947186628862275
2.745 0.011679299284941574
2.755 0.016993280188346487
2.765 0.024479058155717666
2.775 0.03491155917671584
2.785 0.04929476963740371
2.795 0.0689111492563649
2.805 0.09537514242056272
2.815 0.13068867693562577
2.8249999999999997 0.17729552674067267
2.835 0.2381302952425651
2.8449999999999998 0.3166566243589187
2.855 0.41688815936855017
2.8649999999999998 0.5433849403561976
2.875 0.7012174108899772
2.885 0.8958903093433833
2.895 1.1332195081112686
2.905 1.4191565324395123
2.915 1.7595581104022318
2.925 2.1599016837779863
2.935 2.6249522460330548
2.945 3.1583909468815823
2.955 3.762421266055408
2.965 4.441991146097013
2.975 5.188188775077581
2.985 5.999900759737401
2.995 6.870234244418109
3.005 7.789499969950944
3.015 8.74525757245244
3.025 9.722521654702023
3.035 10.704138138568467
3.045 11.67132891622069
3.055 12.604389935168522
3.065 13.48351458745443
3.075 14.28970179369072
3.085 15.005697692444118
3.0949999999999998 15.616912500304307
3.105 16.11225082741742
3.1149999999999998 16.484795128118684
3.125 16.732288245078717
3.135 16.857371931625394
3.145 16.86755313376998
3.155 16.774887616023232
3.165 16.595389864623808
3.175 16.348197571107395
3.185 16.05453683417203
3.195 15.736549079646668
3.205 15.416051390429924
3.215 15.113307606101777
3.225 14.845887747788238
3.235 14.627688032476362
3.245 14.468173367544924
3.255 14.371889541673355
3.265 14.338274438339992
3.275 14.361777794949322
3.285 14.432278733906951
3.295 14.535770936858905
3.305 14.655268270926005
3.315 14.7718700808277
3.325 14.865916150995256
3.335 14.91815711294558
3.3449999999999998 14.910867054664873
3.355 14.828831123235599
3.3649999999999998 14.660151463370777
3.375 14.396829026014307
3.385 14.035095462581559
3.395 13.5754871619119
3.405 13.022671091576187
3.415 12.38504813003721
3.425 11.674172850785096
3.435 10.904038347739121
3.445 10.090280125448366
3.455 9.249354157592741
3.465 8.397741167846615
3.475 7.55122257698145
3.485 6.724264226500757
3.495 5.929532939235054
3.505 5.177559277880596
3.515 4.476548531648542
3.525 3.832331874998594
3.535 3.2448705637522406
3.545 2.723929376229154
3.555 2.263869373494699
3.565 1.8627901818230033
3.575 1.5175170226596402
3.585 1.2239403649495157
3.5949999999999998 0.9773362322064592
3.605 0.7726535354684076
3.6149999999999998 0.6047594286997469
3.625 0.4686380585969519
3.635 0.3595419069407152
3.645 0.2730980096433131
3.655 0.20537359607802363
3.665 0.15290712951155339
3.675 0.11271141927409394
3.685 0.08225553978930863
3.695 0.05943187748636933
3.705 0.04251388550943923
3.715 0.03010919902278464
3.725 0.021111770751058075
3.735 0.014655720549488197
3.745 0.010072719606619776
3.755 0.0068539884646348454
3.765 0.004617395217866491
3.775 0.0
3.785 0.0
3.795 0.0
3.805 0.0
3.815 0.0
3.825 0.0
3.835 0.0
3.8449999999999998 0.0
3.855 0.0
3.8649999999999998 0.0
3.875 0.0
3.885 0.0
3.895 0.0
3.905 0.0
3.915 0.0
3.925 0.0
3.935 0.0
3.945 0.0
3.955 0.0
3.965 0.0
3.975 0.0
3.985 0.0
3.995 0.0
4.005 0.0
4.015 0.0
4.025 0.0
4.035 0.0
4.045 0.0
4.055 0.0026343404863592283
4.065 0.0039103733714545485
4.075 0.0057467407088717
4.085 0.008361458393445239
4.095 0.012044797944314707
4.1049999999999995 0.017178057812910985
4.115 0.024255244471298575
4.125 0.03390738579987224
4.135 0.046928861072115746
4.145 0.06430470883667398
4.155 0.08723737581886716
4.165 0.1171708189249413
4.175 0.15580930581028393
4.185 0.2051277305290687
4.195 0.26736983796270636
4.205 0.345030514469876
4.215 0.44081833899276057
4.225 0.5575949824102112
4.235 0.6982888629069106
4.245 0.8657817541940362
4.255 1.0627688040609684
4.265 1.291594603673847
4.275 1.554070444309795
4.285 1.8512805371331296
4.295 2.1833875262991405
4.305 2.549449827260817
4.315 2.947264882726477
4.325 3.3732530715073157
4.335 3.8223964997814357
4.345 4.288245100972743
4.355 4.762999333456299
4.365 5.237674393994944
4.375 5.7023455025514895
4.385 6.146467840068509
4.395 6.559258623616326
4.405 6.930123138011131
4.415 7.249101874957664
4.425 7.509558581268902
4.435 7.70069494304396
4.445 7.818591188048096
4.455 7.8599865620637
4.465 7.82396036121866
4.475 7.712005811249108
4.485 7.527990674414387
4.495 7.278008348702634
4.505 6.9701305835414065
4.515 6.614079198361792
4.525 6.22083880244738
4.535 5.802235102443416
4.545 5.370503790935475
4.555 4.937873309052675
4.565 4.51618125762257
4.575 4.116539361947308
4.585 3.7511602191854343
4.595 3.4257447146283013
4.605 3.1493396094417876
4.615 2.9281553950790866
4.625 2.766924106247167
4.635 2.668890651073254
4.645 2.6358310801553073
4.655 2.6680894664452515
4.665 2.764627618475262
4.675 2.9230849490593807
4.685 3.139848955722467
4.695 3.410139431679327
4.705 3.728111281436398
4.715 4.086981351552069
4.725 4.479183858015205
4.735 4.896556837062881
4.745 5.3305587933145
4.755 5.7725107604427714
4.765 6.213854840114295
4.775 6.646416521519252
4.785 7.0626552741520445
4.795 7.455886534913416
4.805 7.820458610114789
4.815 8.151870312766697
4.825 8.446819251567122
4.835 8.703176242085679
4.845 8.919887779991456
4.855 9.096815211269416
4.865 9.232768354875853
4.875 9.332892341783355
4.885 9.395895673278376
4.895 9.423093099973546
4.905 9.415590166966911
4.915 9.374157545473945
4.925 9.299172985885754
4.935 9.190635850804743
4.945 9.048251478829378
4.955 8.871575277959547
4.965 8.660200251610062
4.975 8.413967278146647
4.985 8.133175335553933
4.995 7.818769158959993
5.005 7.472484433781326
5.015 7.096935198020123
5.025 6.697410598340367
5.035 6.275579737598753
5.045 5.837831489748328
5.055 5.389969549348292
5.065 4.938194554845242
5.075 4.488878968489089
5.085 4.04833810833904
5.095 3.624346541763223
5.105 3.219864559047326
5.115 2.8411339572588026
5.125 2.492576752860397
5.135 2.177912206836262
5.145 1.900168175458966
5.155 1.6617351752883542
5.165 1.4644533376241833
5.175 1.3097201548133148
5.185 1.198605780641758
5.195 1.1319626286008315
5.205 1.110517024260708
5.215 1.1349325625741669
5.225 1.2058374125780826
5.235 1.3223129952869084
5.245 1.4883389242214267
5.255 1.7020176314393
5.265 1.9633471790241468
5.275 2.2718254249825556
5.285 2.6262839323576634
5.295 3.0247190902782597
5.305 3.4641348473099685
5.315 3.940411693469323
5.325 4.448215808637016
5.335 4.980960603971435
5.345 5.530830261346079
5.355 6.088871432793863
5.365 6.645155174824794
5.375 7.189006701760205
5.385 7.709295938808104
5.395 8.194931069596048
5.405 8.635848937718972
5.415 9.020809599263416
5.425 9.340686566934465
5.435 9.587776155630817
5.445 9.756127634576082
5.455 9.841810913070098
5.465 9.84310719993505
5.475 9.760612213034097
5.485 9.597246316454342
5.495 9.358171074979046
5.505 9.050616762479875
5.515 8.683629979324486
5.525 8.267754405584464
5.535 7.814660597240369
5.545 7.336742471911809
5.555 6.846698684991265
5.565 6.357116528563532
5.575 5.880074451217613
5.585 5.426777027618384
5.595 5.0072334780809635
5.605 4.629987937314905
5.615 4.301906862419798
5.625 4.028026465012264
5.635 3.8114609880092285
5.645 3.653371074420725
5.655 3.552990357899601
5.665 3.5077076342396833
5.675 3.513201391810094
5.685 3.5636229112286566
5.695 3.6518234303103263
5.705 3.769619896700065
5.715 3.9080925565545153
5.725 4.057906097021908
5.735 4.209644401398084
5.745 4.35414738699383
5.755 4.482837118390139
5.765 4.5880196720903355
5.775 4.663149290667936
5.785 4.703042355737031
5.795 4.704030683549429
5.805 4.664046546498778
5.815 4.582635476791923
5.825 4.4608970451027155
5.835 4.300173195797878
5.845 4.107004475020946
5.855 3.8857852397692483
5.865 3.640051508433927
5.875 3.3767874219164207
5.885 3.1022854209513486
5.895 2.822781455746955
5.905 2.54307339546409
5.915 2.271346214430952
5.925 2.0107980186441154
5.935 1.7669465630002106
5.945 1.5412825848917875
5.955 1.3374804605722221
5.965 1.157682201464543
5.975 1.0034523638774548
5.985 0.8771676662680232
5.995 0.7776261088875939
6.005 0.7062689156112899
6.015 0.6635834045554763
6.025 0.6500568383173448
6.035 0.6662518738463064
6.045 0.7128542455666542
6.055 0.790689905465146
6.065 0.9007108150789901
6.075 1.0439504761244476
6.085 1.221452027631805
6.095 1.4341732679132484
6.105 1.6828742278705406
6.115 1.9679938835375428
6.125 2.289523213852047
6.135 2.6468820589260416
6.1450000000000005 3.038807104161712
6.155 3.463257815483031
6.165 3.9173463120860577
6.175 4.39729603950699
6.185 4.898432771249071
6.195 5.416412101182926
6.205 5.942015310835115
6.215 6.471471657397946
6.225 6.995707461991483
6.235 7.506788561150639
6.245 7.996555213832582
6.255 8.456833608998625
6.265 8.879661432211503
6.275 9.257521160945753
6.285 9.583574115972137
6.295 9.851887691631658
6.305 10.057647643707046
6.315 10.197346888309674
6.325 10.268942050767919
6.335 10.271969115804106
6.345 10.207610092366535
6.355 10.078703727261534
6.365 9.889695053273979
6.375 9.646520954490708
6.385 9.356431916695945
6.3950000000000005 9.027753568440454
6.405 8.669595299046986
6.415 8.291516894146348
6.425 7.903167452032576
6.435 7.5139135238242165
6.445 7.132475172641211
6.455 6.766589246085038
6.465 6.42271846254669
6.475 6.105822890743239
6.485 5.819207133086872
6.495 5.5644521987110735
6.505 5.34143596161246
6.515 5.148440609386851
6.525 4.982340009233001
6.535 4.838854870356235
6.545 4.712859358042891
6.555 4.598719744224173
6.565 4.490643999565558
6.575 4.383021066090359
6.585 4.270729894520455
6.595 4.14940105875239
6.605 4.015617629214575
6.615 3.867046663987296
6.625 3.7024977680881968
6.635 3.521910260440431
6.6450000000000005 3.326275173213197
6.655 3.1175022396251624
6.665 2.897353637046616
6.675 2.671109809380005
6.685 2.4410005056193382
6.695 2.2106957470149826
6.705 1.983777109672182
6.715 1.7635705551790481
6.725 1.5530120474986195
6.735 1.3545503144727469
6.745 1.1692190546668269
6.755 1.0003857401963783
6.765 0.8475670184446573
6.775 0.7110512380188413
6.785 0.5906580459591318
6.795 0.4849586544013982
6.805 0.39507026637858955
6.815 0.3186405416162279
6.825 0.2544396404348302
6.835 0.2011525627177937
6.845 0.15744302371819913
6.855 0.12200519656811028
6.865 0.09360311273502804
6.875 0.07109831508061135
6.885 0.05346694639871045
6.8950000000000005 0.039807830479186575
6.905 0.02934328233002791
6.915 0.021414400978990163
6.925 0.015472490469179959
6.935 0.011068061723331414
6.945 0.007838626585901204
6.955 0.0054962367932626
6.965 0.0038154691743152217
6.975 0.0026223310570642954
6.985 0.0017843668361184474
6.995 0.001202092320190654
