0.005 0.0
0.015 0.0
0.025 0.0
0.034999999999999996 0.0
0.045 0.0
0.055 0.0
0.065 0.0
0.07500000000000001 0.0
0.085 0.0
0.095 0.0
0.10500000000000001 0.0
0.115 0.0
0.125 0.0
0.135 0.0
0.14500000000000002 0.0
0.155 0.0
0.165 0.0
0.17500000000000002 0.0
0.185 0.0
0.195 0.0
0.20500000000000002 0.0
0.215 0.0
0.225 0.0
0.23500000000000001 0.0
0.245 0.0
0.255 0.0
0.265 0.0
0.275 0.0
0.28500000000000003 0.0
0.295 0.0
0.305 0.0
0.315 0.0
0.325 0.0
0.335 0.0
0.34500000000000003 0.0
0.35500000000000004 0.0
0.365 0.0
0.375 0.0
0.385 0.0
0.395 0.0
0.405 0.0
0.41500000000000004 0.0
0.425 0.0
0.435 0.0
0.445 0.0
0.455 0.0
0.465 0.0
0.47500000000000003 0.0
0.485 0.0
0.495 0.0
0.505 0.0
0.515 0.0
0.525 0.0
0.535 0.0
0.545 0.0
0.555 0.0
0.5650000000000001 0.0
0.5750000000000001 0.0
0.585 0.0
0.595 0.0
0.605 0.0
0.615 0.0
0.625 0.0
0.635 0.0
0.645 0.0
0.655 0.0
0.665 0.0
0.675 0.0
0.685 0.0
0.6950000000000001 0.0
0.7050000000000001 0.0
0.715 0.0
0.725 0.0
0.735 0.0
0.745 0.0
0.755 0.0
0.765 0.0
0.775 0.0
0.785 0.0
0.795 0.0
0.805 0.0
0.8150000000000001 0.0
0.8250000000000001 0.0
0.8350000000000001 0.0
0.845 0.0
0.855 0.0
0.865 0.0
0.875 0.0
0.885 0.0
0.895 0.0
0.905 0.0
0.915 0.0
0.925 0.0
0.935 0.0
0.9450000000000001 0.0
0.9550000000000001 0.0
0.965 0.0
0.975 0.0
0.985 0.0
0.995 0.0
1.005 0.0
1.015 0.0
1.025 0.0
1.035 0.0
1.045 0.0
1.055 0.0
1.065 0.0
1.075 0.0
1.085 0.0
1.095 0.0
1.105 0.0
1.115 0.0
1.125 0.0
1.135 0.0
1.145 0.0
1.155 0.0
1.1649999999999998 0.0
1.1749999999999998 0.0
1.1849999999999998 0.0
1.1949999999999998 0.0
1.2049999999999998 0.0
1.2149999999999999 0.0
1.2249999999999999 0.0
1.2349999999999999 0.0
1.2449999999999999 0.0
1.255 0.0
1.265 0.0
1.275 0.0
1.285 0.0
1.295 0.0
1.305 0.0
1.315 0.0
1.325 0.0
1.335 0.0
1.345 0.0
1.355 0.0
1.365 0.0
1.375 0.0
1.385 0.0
1.395 0.0
1.405 0.0
1.4149999999999998 0.0
1.4249999999999998 0.0
1.4349999999999998 0.0
1.4449999999999998 0.0
1.4549999999999998 0.0
1.4649999999999999 0.0
1.4749999999999999 0.0
1.4849999999999999 0.0
1.4949999999999999 0.0
1.505 0.0
1.515 0.0
1.525 0.0
1.535 0.0
1.545 0.0
1.555 0.0
1.565 0.0
1.575 0.0
1.585 0.0
1.595 0.0
1.605 0.0
1.615 0.0
1.625 0.0
1.635 0.0
1.645 0.0
1.655 0.0
1.665 0.0
1.6749999999999998 0.0
1.6849999999999998 0.0
1.6949999999999998 0.0
1.7049999999999998 0.0
1.7149999999999999 0.0
1.7249999999999999 0.0
1.7349999999999999 0.0
1.7449999999999999 0.0
1.755 0.0
1.765 0.0
1.775 0.0
1.785 0.0
1.795 0.0
1.805 0.0
1.815 0.0
1.825 0.0
1.835 0.0
1.845 0.0
1.855 0.0
1.865 0.0
1.875 0.0
1.885 0.0
1.895 0.0
1.905 0.009840676721544216
1.915 0.014607344953423678
1.9249999999999998 0.021467163341782478
1.9349999999999998 0.031234538358500076
1.9449999999999998 0.04499379004349338
1.9549999999999998 0.06416927292283298
1.9649999999999999 0.090606366519443
1.9749999999999999 0.12666229891579817
1.9849999999999999 0.17530450338983922
1.9949999999999999 0.24021262802261967
2.005 0.32587845721331926
2.015 0.4376959456112271
2.025 0.5820314483365318
2.035 0.7662622554726733
2.045 0.9987699593528804
2.0549999999999997 1.2888743006256684
2.065 1.6466932765213962
2.0749999999999997 2.0829167648854106
2.085 2.6084839806028683
2.0949999999999998 3.2341598963958558
2.105 3.9700123369246274
2.1149999999999998 4.82479960956427
2.125 5.805287860148634
2.135 6.915527199747713
2.145 8.156125191643905
2.155 9.52356451179307
2.165 11.009617425633042
2.175 12.60091212527224
2.185 14.278704081983255
2.195 16.018898832527018
2.205 17.79236089950238
2.215 19.565527216737227
2.225 21.30132339981384
2.235 22.96035888552727
2.245 24.502354187790214
2.255 25.88773235456454
2.265 27.079289272734798
2.275 28.043845671130377
2.285 28.75377900426352
2.295 29.18833672430106
2.305 29.334643870982838
2.315 29.18833672430106
2.3249999999999997 28.75377900426352
2.335 28.043845671130377
2.3449999999999998 27.079289272734798
2.355 25.88773235456454
2.3649999999999998 24.502354187790214
2.375 22.96035888552727
2.385 21.30132339981384
2.395 19.565527216737227
2.405 17.79236089950238
2.415 16.018898832527018
2.425 14.278704081983255
2.435 12.60091212527224
2.445 11.009617425633042
2.455 9.52356451179307
2.465 8.156125191643905
2.475 6.915527199747713
2.485 5.805287860148634
2.495 4.82479960956427
2.505 3.9700123369246274
2.515 3.2341598963958558
2.525 2.6084839806028683
2.535 2.0829167648854106
2.545 1.6466932765213962
2.555 1.2888743006256684
2.565 0.9987699593528804
2.5749999999999997 0.7662622554726733
2.585 0.5820314483365318
2.5949999999999998 0.4376959456112271
2.605 0.32587845721331926
2.6149999999999998 0.24021262802261967
2.625 0.17530450338983922
2.635 0.12666229891579817
2.645 0.090606366519443
2.655 0.06416927292283298
2.665 0.04499379004349338
2.675 0.031234538358500076
2.685 0.021467163341782478
2.695 0.014607344953423678
2.705 0.009840676721544216
2.715 0.0
2.725 0.0
2.735 0.0
2.745 0.0
2.755 0.0
2.765 0.0
2.775 0.0
2.785 0.0
2.795 0.0
2.805 0.0
2.815 0.0
2.8249999999999997 0.0
2.835 0.0
2.8449999999999998 0.0
2.855 0.0
2.8649999999999998 0.0
2.875 0.0
2.885 0.0
2.895 0.0
2.905 0.0
2.915 0.0
2.925 0.0
2.935 0.004700840368761885
2.945 0.006977853127432978
2.955 0.01025475288898839
2.965 0.014920577412509302
2.975 0.021493300772394437
2.985 0.030653329758242153
2.995 0.04328219262288659
3.005 0.06050592502851109
3.015 0.08374205450287314
3.025 0.11474832990123027
3.035 0.15567045339721564
3.045 0.20908508922644398
3.055 0.27803341229971545
3.065 0.36603951593069206
3.075 0.4771072434229838
3.085 0.6156885866778201
3.0949999999999998 0.7866168606365772
3.105 0.9949985646523455
3.1149999999999998 1.2460593050924318
3.125 1.5449414537441148
3.135 1.8964543583715512
3.145 2.304781817105279
3.155 2.773155982812089
3.165 3.3035115726008266
3.175 3.89613881630886
3.185 4.549357506433739
3.195 5.259237296733258
3.205 6.019390543743583
3.215 6.820863083048124
3.225 7.652145114186727
3.235 8.499318770308768
3.245 9.346351148309536
3.255 10.175532006520768
3.265 10.968044676648029
3.275 11.70464785653395
3.285 12.366435840902586
3.295 12.935636417357786
3.305 13.396400019681874
3.315 13.735531500773579
3.325 13.943117475876015
3.335 14.01300764306892
3.3449999999999998 13.943117475876015
3.355 13.735531500773579
3.3649999999999998 13.396400019681874
3.375 12.935636417357786
3.385 12.366435840902586
3.395 11.70464785653395
3.405 10.968044676648029
3.415 10.175532006520768
3.425 9.346351148309536
3.435 8.499318770308768
3.445 7.652145114186727
3.455 6.820863083048124
3.465 6.019390543743583
3.475 5.259237296733258
3.485 4.549357506433739
3.495 3.89613881630886
3.505 3.3035115726008266
3.515 2.773155982812089
3.525 2.304781817105279
3.535 1.8964543583715512
3.545 1.5449414537441148
3.555 1.2460593050924318
3.565 0.9949985646523455
3.575 0.7866168606365772
3.585 0.6156885866778201
3.5949999999999998 0.4771072434229838
3.605 0.36603951593069206
3.6149999999999998 0.27803341229971545
3.625 0.20908508922644398
3.635 0.15567045339721564
3.645 0.11474832990123027
3.655 0.08374205450287314
3.665 0.06050592502851109
3.675 0.04328219262288659
3.685 0.030653329758242153
3.695 0.021493300772394437
3.705 0.014920577412509302
3.715 0.01025475288898839
3.725 0.006977853127432978
3.735 0.004700840368761885
3.745 0.0
3.755 0.0
3.765 0.0
3.775 0.0
3.785 0.0
3.795 0.0
3.805 0.0
3.815 0.0
3.825 0.0
3.835 0.0
3.8449999999999998 0.0
3.855 0.0
3.8649999999999998 0.0
3.875 0.0
3.885 0.0
3.895 0.0
3.905 0.0
3.915 0.0
3.925 0.0
3.935 0.0
3.945 0.0
3.955 0.0
3.965 0.0
3.975 0.0
3.985 0.0
3.995 0.0
4.005 0.0
4.015 0.0
4.025 0.0026701814264156877
4.035 0.003963575096262101
4.045 0.005824926725574249
4.055 0.008475218376490644
4.065 0.01220867079345843
4.075 0.017411770100121748
4.085 0.02458524386494265
4.095 0.03436870527934622
4.1049999999999995 0.04756734136929562
4.115 0.0651795924087473
4.125 0.08842426474746122
4.135 0.11876496072976889
4.145 0.15792913504978467
4.155 0.20791855074835278
4.165 0.2710074794843498
4.175 0.34972475124405045
4.185 0.446815795944676
4.195 0.5651812182987872
4.205 0.7077892784405642
4.215 0.8775609574195579
4.225 1.0772280712655913
4.235 1.3091671099642157
4.245 1.5752140079176267
4.255 1.8764677272866617
4.265 2.2130931250458916
4.275 2.5841358061268553
4.285 2.9873632468290974
4.295 3.4191471242150775
4.305 3.874401274612203
4.315 4.346587876482291
4.325 4.827801273252355
4.335 5.308934420921026
4.345 5.779927510039301
4.355 6.230092256333434
4.365 6.6484991740923025
4.375 7.024409404064997
4.385 7.350011448924718
4.395 7.612841475878915
4.405 7.807067476566717
4.415 7.927247410604924
4.425 7.970139384992565
4.435 7.934889861658654
4.445 7.823111115089051
4.455 7.638843643873093
4.465 7.388407058095493
4.475 7.080150349800108
4.485 6.7241187347677664
4.495 6.331658881508926
4.505 5.914986951522117
4.515 5.486744318563641
4.525 5.059564201639721
4.535 4.645669040707299
4.545 4.256513744404204
4.555 3.902484537897162
4.565 3.5926576695685966
4.575 3.334617297327628
4.585 3.134327966285783
4.595 2.996054550982624
4.605 2.9223215195126033
4.615 2.91390383652182
4.625 2.9698435239110728
4.635 3.087488458011634
4.645 3.2646071274148643
4.655 3.492251415571355
4.665 3.7646468265590136
4.675 4.073404024464219
4.685 4.409087913363067
4.695 4.76146213857446
4.705 5.119780037384892
4.715 5.473118886731097
4.725 5.810749577522763
4.735 6.12252900352839
4.745 6.399298055187999
4.755 6.63326470215065
4.765 6.818349694802287
4.775 6.950472237997899
4.785 7.027754736675017
4.795 7.050629336276012
4.805 7.021834245402648
4.815 6.946294335666777
4.825 6.830887746955181
4.835 6.682326654657858
4.845 6.514458850626173
4.855 6.335075576375793
4.865 6.15477301065528
4.875 5.983743390218523
4.885 5.831254057508661
4.895 5.7051738319990015
4.905 5.611573453887504
4.915 5.554422439254302
4.925 5.5372428671412965
4.935 5.556560145156586
4.945 5.610738158651908
4.955 5.694832549975532
4.965 5.80212351568598
4.975 5.924514296567928
4.985 6.053002623963902
4.995 6.178198535379893
5.005 6.290859448275855
5.015 6.382412530749575
5.025 6.445435299236398
5.035 6.474067969210761
5.045 6.464335236458657
5.055 6.414360616083691
5.065 6.324462860930525
5.075 6.1971308968470336
5.085 6.036880688853639
5.095 5.850004032599888
5.105 5.644225035606071
5.115 5.428284677850152
5.125 5.2114770914293125
5.135 5.003162962505171
5.145 4.8122857404469865
5.155 4.646915245970862
5.165 4.513840986284291
5.175 4.418234241848071
5.185 4.363394034005444
5.195 4.349064604120009
5.205 4.379650257076371
5.215 4.44754803242674
5.225 4.549245106254556
5.235 4.678463625764816
5.245 4.827594843887508
5.255 4.988086570268767
5.265 5.150875401433433
5.275 5.306842774047736
5.285 5.447272396313668
5.295 5.564286192713317
5.305 5.65123665456452
5.315 5.7030354659458125
5.325 5.7164014296963375
5.335 5.690014914638456
5.345 5.624571052934252
5.355 5.5227294271461345
5.365 5.388963639637712
5.375 5.229319574377191
5.385 5.051095984993437
5.395 4.862464970250873
5.405 4.672052708744245
5.415 4.488502396991521
5.425 4.320041649067842
5.435 4.174075742844781
5.445 4.056826180756433
5.455 3.9716611496787637
5.465 3.9248171938475758
5.475 3.915490869596784
5.485 3.943017623521141
5.495 4.004864277191732
5.505 4.096762527297926
5.515 4.212922397518537
5.525 4.346315047726347
5.535 4.489011021941792
5.545 4.632557256855464
5.555 4.768374134659467
5.565 4.888152702998859
5.575 4.984232036876915
5.585 5.049937675186574
5.595 5.079864154759524
5.605 5.070087828861497
5.615 5.018300241304201
5.625 4.923857085183262
5.635 4.787742882272864
5.645 4.61245660035704
5.655 4.403254156286842
5.665 4.1628959533336225
5.675 3.8981565151064173
5.685 3.61540538042416
5.695 3.3212659199840355
5.705 3.0223393353648427
5.715 2.7249598450685597
5.725 2.4349925873634444
5.735 2.1564520175102437
5.745 1.896740777593137
5.755 1.6578359819801014
5.765 1.4427807175354534
5.775 1.2538890286864706
5.785 1.0928248420763036
5.795 0.960700028203156
5.805 0.8581802109639443
5.815 0.7855873620197507
5.825 0.7429894158360582
5.835 0.7302689759860066
5.845 0.7471654950383564
5.855 0.7932879305847942
5.865 0.8680976386808383
5.875 0.9708639963647825
5.885 1.1005977857454443
5.895 1.255969569456118
5.905 1.4352219970928892
5.915 1.6360860756786502
5.925 1.8557118084035367
5.935 2.0906231828784514
5.945 2.336706246815251
5.955 2.589236976722668
5.965 2.84424345831266
5.975 3.094085000419871
5.985 3.3337523480585314
5.995 3.5573318138984313
6.005 3.7590925632230014
6.015 3.932617847001684
6.025 4.075863840746973
6.035 4.183472509417696
6.045 4.252825650533993
6.055 4.2825400464352334
6.065 4.2725723942513785
6.075 4.22426244388391
6.085 4.140310877571904
6.095 4.024692537478628
6.105 3.8825095406926002
6.115 3.7197922904308656
6.125 3.5432591368516
6.135 3.3600472889329316
6.1450000000000005 3.177428462410259
6.155 3.002522703853071
6.165 2.842022983961173
6.175 2.701941695575335
6.185 2.587388347964657
6.195 2.50238574110116
6.205 2.450928376302346
6.215 2.4326763621823586
6.225 2.448615870491235
6.235 2.497602177262677
6.245 2.5772210754524263
6.255 2.6838992843617726
6.265 2.8130601087555247
6.275 2.959319846711612
6.285 3.116718856252686
6.295 3.2789794546850692
6.305 3.439781039519503
6.315 3.593041145110484
6.325 3.733189786246791
6.335 3.8554236053335678
6.345 3.9559262331399494
6.355 4.032042045534274
6.365 4.082392226355776
6.375 4.106924713002884
6.385 4.106893090879602
6.3950000000000005 4.0847636070333415
6.405 4.044053908251945
6.415 3.9891115418874428
6.425 3.9259667768046103
6.435 3.8580843295247353
6.445 3.791388797811985
6.455 3.7307090724457406
6.465 3.6792939825471365
6.475 3.642700911932365
6.485 3.621833030308512
6.495 3.617845759385113
6.505 3.6306891027999937
6.515 3.659153475176092
6.525 3.7009896997784564
6.535 3.7530948144987355
6.545 3.811750773860676
6.555 3.872899448589825
6.565 3.9324347727315754
6.575 3.986491665863418
6.585 4.031711569680189
6.595 4.065466089386167
6.605 4.086023222277349
6.615 4.092644789334136
6.625 4.085608671639708
6.635 4.0661549322497725
6.6450000000000005 4.036360470842307
6.655 3.998952093672327
6.665 3.9570723844733893
6.675 3.914016184211139
6.685 3.872957561607162
6.695 3.8366877194244022
6.705 3.807383290444037
6.715 3.7864220129068937
6.725 3.774259037344705
6.735 3.7703724069099236
6.745 3.7732809506841383
6.755 3.780632358995414
6.765 3.7893540067149774
6.775 3.7961162425181287
6.785 3.797358663658303
6.795 3.7887497727048194
6.805 3.7667385604785975
6.815 3.7282576285820315
6.825 3.670934271680209
6.835 3.5932551268209854
6.845 3.4946757707240006
6.855 3.375670961013186
6.865 3.2377255824307687
6.875 3.0832703985189185
6.885 2.9155700972615963
6.8950000000000005 2.73857361026465
6.905 2.556738135544525
6.915 2.3748386721310455
6.925 2.1977742583688626
6.935 2.0303806684534957
6.945 1.8772573081106376
6.955 1.7426137452024808
6.965 1.6301390046268083
6.975 1.5428947109423605
6.985 1.4832315808714938
6.995 1.4539262316117822
