0.005 0.0
0.015 0.0
0.025 0.0
0.034999999999999996 0.0
0.045 0.0
0.055 0.0
0.065 0.0
0.07500000000000001 0.0
0.085 0.0
0.095 0.0
0.10500000000000001 0.0
0.115 0.0
0.125 0.0
0.135 0.0
0.14500000000000002 0.0
0.155 0.0
0.165 0.0
0.17500000000000002 0.0
0.185 0.0
0.195 0.0
0.20500000000000002 0.0
0.215 0.0
0.225 0.0
0.23500000000000001 0.0
0.245 0.0
0.255 0.0
0.265 0.0
0.275 0.0
0.28500000000000003 0.0
0.295 0.0
0.305 0.0
0.315 0.0
0.325 0.0
0.335 0.0
0.34500000000000003 0.0
0.35500000000000004 0.0
0.365 0.0
0.375 0.0
0.385 0.0
0.395 0.0
0.405 0.0
0.41500000000000004 0.0
0.425 0.0
0.435 0.0
0.445 0.0
0.455 0.0
0.465 0.0
0.47500000000000003 0.0
0.485 0.0
0.495 0.0
0.505 0.0
0.515 0.0
0.525 0.0
0.535 0.0
0.545 0.0
0.555 0.0
0.5650000000000001 0.0
0.5750000000000001 0.0
0.585 0.0
0.595 0.0
0.605 0.0
0.615 0.0
0.625 0.0
0.635 0.0
0.645 0.0
0.655 0.0
0.665 0.0
0.675 0.0
0.685 0.0
0.6950000000000001 0.0
0.7050000000000001 0.0
0.715 0.0
0.725 0.0
0.735 0.0
0.745 0.0
0.755 0.0
0.765 0.0
0.775 0.0
0.785 0.0
0.795 0.0
0.805 0.0
0.8150000000000001 0.0
0.8250000000000001 0.0
0.8350000000000001 0.0
0.845 0.0
0.855 0.0
0.865 0.0
0.875 0.0
0.885 0.0
0.895 0.0
0.905 0.0
0.915 0.0
0.925 0.0
0.935 0.0
0.9450000000000001 0.0
0.9550000000000001 0.0
0.965 0.0
0.975 0.0
0.985 0.0
0.995 0.0
1.005 0.0
1.015 0.0
1.025 0.0
1.035 0.0
1.045 0.0
1.055 0.0
1.065 0.0
1.075 0.0
1.085 0.0
1.095 0.0
1.105 0.0
1.115 0.0
1.125 0.0
1.135 0.0
1.145 0.0
1.155 0.0
1.1649999999999998 0.0
1.1749999999999998 0.0
1.1849999999999998 0.0
1.1949999999999998 0.0
1.2049999999999998 0.0
1.2149999999999999 0.0
1.2249999999999999 0.0
1.2349999999999999 0.0
1.2449999999999999 0.0
1.255 0.0
1.265 0.0
1.275 0.0
1.285 0.0
1.295 0.0
1.305 0.0
1.315 0.0
1.325 0.0
1.335 0.0
1.345 0.0
1.355 0.0
1.365 0.0
1.375 0.0
1.385 0.0
1.395 0.0
1.405 0.0
1.4149999999999998 0.0
1.4249999999999998 0.0
1.4349999999999998 0.0
1.4449999999999998 0.0
1.4549999999999998 0.0
1.4649999999999999 0.0
1.4749999999999999 0.0
1.4849999999999999 0.0
1.4949999999999999 0.0
1.505 0.0
1.515 0.0
1.525 0.0
1.535 0.0
1.545 0.0
1.555 0.0
1.565 0.0
1.575 0.0
1.585 0.0
1.595 0.0
1.605 0.0
1.615 0.0
1.625 0.0
1.635 0.0
1.645 0.0
1.655 0.0
1.665 0.0
1.6749999999999998 0.0
1.6849999999999998 0.0
1.6949999999999998 0.0
1.7049999999999998 0.0
1.7149999999999999 0.0
1.7249999999999999 0.0
1.7349999999999999 0.0
1.7449999999999999 0.0
1.755 0.0
1.765 0.0
1.775 0.0
1.785 0.0
1.795 0.0
1.805 0.0
1.815 0.0
1.825 0.0
1.835 0.0
1.845 0.0
1.855 0.0
1.865 0.0
1.875 0.0
1.885 0.0
1.895 0.0
1.905 0.0
1.915 0.0
1.9249999999999998 0.0
1.9349999999999998 0.0
1.9449999999999998 0.0
1.9549999999999998 0.0
1.9649999999999999 0.0
1.9749999999999999 0.0
1.9849999999999999 0.0
1.9949999999999999 0.0
2.005 0.0
2.015 0.0
2.025 0.0
2.035 0.0
2.045 0.0
2.0549999999999997 0.0
2.065 0.0
2.0749999999999997 0.0
2.085 0.008466699251977447
2.0949999999999998 0.012567834518917244
2.105 0.018469869598503167
2.1149999999999998 0.026873501694939832
2.125 0.03871165563958253
2.135 0.05520981436837919
2.145 0.07795570135487409
2.155 0.10897742318232026
2.165 0.15082809340434447
2.175 0.20667359934119467
2.185 0.28037857232755525
2.195 0.3765838509039662
2.205 0.5007669053358528
2.215 0.6592749918331806
2.225 0.8593194459113987
2.235 1.1089187650184174
2.245 1.4167782488003715
2.255 1.7920952302576203
2.265 2.244281566430708
2.275 2.7825992002807416
2.285 3.415710264091104
2.295 4.151150210615659
2.305 4.994740481152726
2.315 5.949965701133774
2.3249999999999997 7.017348604485969
2.335 8.193862963877981
2.3449999999999998 9.47242981959656
2.355 10.841544365714547
2.3649999999999998 12.285079226864807
2.375 13.78230406308643
2.385 15.308151358018646
2.395 16.833744196455882
2.405 18.327184603116642
2.415 19.75458181403627
2.425 21.081280255784662
2.435 22.273228799593088
2.445 23.298417854495558
2.455 24.128300713964638
2.465 24.73911155458831
2.475 25.112995346048283
2.485 25.23887475906239
2.495 25.112995346048283
2.505 24.73911155458831
2.515 24.128300713964638
2.525 23.298417854495558
2.535 22.273228799593088
2.545 21.081280255784662
2.555 19.75458181403627
2.565 18.327184603116642
2.5749999999999997 16.833744196455882
2.585 15.308151358018646
2.5949999999999998 13.78230406308643
2.605 12.285079226864807
2.6149999999999998 10.841544365714547
2.625 9.47242981959656
2.635 8.193862963877981
2.645 7.017348604485969
2.655 5.949965701133774
2.665 4.994740481152726
2.675 4.151150210615659
2.685 3.415710264091104
2.695 2.7825992002807416
2.705 2.244281566430708
2.715 1.7920952302576203
2.725 1.4167782488003715
2.735 1.1089187650184174
2.745 0.8593194459113987
2.755 0.6592749918331806
2.765 0.5007669053358528
2.775 0.3765838509039662
2.785 0.28037857232755525
2.795 0.20667359934119467
2.805 0.15082809340434447
2.815 0.10897742318232026
2.8249999999999997 0.07795570135487409
2.835 0.05520981436837919
2.8449999999999998 0.03871165563958253
2.855 0.026873501694939832
2.8649999999999998 0.018469869598503167
2.875 0.012567834518917244
2.885 0.008466699251977447
2.895 0.0
2.905 0.0
2.915 0.0
2.925 0.0
2.935 0.0
2.945 0.0
2.955 0.0
2.965 0.0
2.975 0.0
2.985 0.0
2.995 0.0
3.005 0.0
3.015 0.0
3.025 0.0
3.035 0.0
3.045 0.0
3.055 0.0
3.065 0.0
3.075 0.0
3.085 0.0
3.0949999999999998 0.0
3.105 0.0
3.1149999999999998 0.0
3.125 0.0
3.135 0.0
3.145 0.0
3.155 0.0
3.165 0.0
3.175 0.0
3.185 0.0
3.195 0.0
3.205 0.0
3.215 0.0
3.225 0.0
3.235 0.0
3.245 0.0
3.255 0.0
3.265 0.0
3.275 0.0
3.285 0.0
3.295 0.0
3.305 0.0
3.315 0.0
3.325 0.0
3.335 0.0
3.3449999999999998 0.0
3.355 0.0
3.3649999999999998 0.0
3.375 0.0
3.385 0.0
3.395 0.0
3.405 0.0
3.415 0.0
3.425 0.0
3.435 0.0
3.445 0.0
3.455 0.0
3.465 0.0
3.475 0.0
3.485 0.0
3.495 0.0
3.505 0.0
3.515 0.0
3.525 0.0
3.535 0.0
3.545 0.0
3.555 0.0
3.565 0.0
3.575 0.0
3.585 0.0
3.5949999999999998 0.0
3.605 0.0
3.6149999999999998 0.0
3.625 0.0
3.635 0.0
3.645 0.0
3.655 0.0
3.665 0.0
3.675 0.0
3.685 0.0
3.695 0.0
3.705 0.0
3.715 0.0
3.725 0.0
3.735 0.0
3.745 0.0
3.755 0.0
3.765 0.0
3.775 0.0
3.785 0.0
3.795 0.0
3.805 0.0
3.815 0.0
3.825 0.0
3.835 0.0
3.8449999999999998 0.0
3.855 0.0
3.8649999999999998 0.0
3.875 0.0
3.885 0.0
3.895 0.0
3.905 0.0
3.915 0.0
3.925 0.0
3.935 0.0
3.945 0.0
3.955 0.0
3.965 0.005488185918833161
3.975 0.00814657641475071
3.985 0.011972325369832303
3.995 0.01741963062612168
4.005 0.025093221933713383
4.015 0.03578746767545376
4.025 0.050531543608172885
4.035 0.07064008553749508
4.045 0.09776804321859488
4.055 0.13923625250704422
4.065 0.18956450387840024
4.075 0.25559831215309864
4.085 0.3413242515797856
4.095 0.45143721024645034
4.1049999999999995 0.5913742336047946
4.115 0.7673209923253087
4.125 0.9861823908770301
4.135 1.2555089766884198
4.145 1.583371672031813
4.155 1.978179039961245
4.165 2.448433861548563
4.175 3.0024292161830517
4.185 3.64788839935887
4.195 4.391557664455713
4.205 5.238765624734696
4.215 6.1929678119809575
4.225 7.25529892651567
4.235 8.424158292399188
4.245 9.694855556216773
4.255 11.059343432208799
4.265 12.506062127018568
4.275 14.019915963026673
4.285 15.582396825747441
4.295 17.171861724232464
4.305 18.763963454177798
4.315 20.332224671921523
4.325 21.84873724804293
4.335 23.284961178776893
4.345 24.612591123638644
4.355 25.804454218019494
4.365 26.83540043710554
4.375 27.683146556209877
4.385 28.329036601830175
4.395 28.758685426446675
4.405 28.96247738105056
4.415 28.9358986563839
4.425 28.67968934526108
4.435 28.199809272555257
4.445 27.507219789811046
4.455 26.617491701206948
4.465 25.550256958000737
4.475 24.32852842500794
4.485 22.97791759343362
4.495 21.525784316500697
4.505 20.000355237717507
4.515 18.42984838122809
4.525 16.84164027593196
4.535 15.26150899363328
4.545 13.712981726290622
4.555 12.216809271475082
4.565 10.790582425644166
4.575 9.448497287886383
4.585 8.201268397373097
4.595 7.056181019997142
4.605 6.017267273798919
4.615 5.085585555980993
4.625 4.259579192245232
4.635 3.535488502977411
4.645 2.907790542140589
4.655 2.369642438857292
4.665 1.9133072655235637
4.675 1.530545297348147
4.685 1.2129580080390172
4.695 0.9522767635230163
4.705 0.7405925725479249
4.715 0.5705271436008664
4.725 0.4353486829918508
4.735 0.32903824224668954
4.745 0.2463139632197149
4.755 0.18262132805248504
4.765 0.13409760359218112
4.775 0.09385772214423149
4.785 0.06781477159974449
4.795 0.04851048894259715
4.805 0.03435611562582197
4.815 0.024089595888629415
4.825 0.016722916786890477
4.835 0.0114934814177434
4.845 0.007820746742909097
4.855 0.0052686809727184565
4.865 0.0
4.875 0.0
4.885 0.0
4.895 0.0
4.905 0.0
4.915 0.0
4.925 0.0
4.935 0.0
4.945 0.0
4.955 0.0
4.965 0.0
4.975 0.0
4.985 0.0018030009912369809
4.995 0.0026763461676069106
5.005 0.00393319665704924
5.015 0.005722767368011653
5.025 0.008243726559000008
5.035 0.01175704333763225
5.045 0.016600826677832543
5.055 0.0249639907705509
5.065 0.03647785244723337
5.075 0.05044303180931074
5.085 0.06910291681417247
5.095 0.09378426409273612
5.105 0.12610072099746017
5.115 0.16798682059911843
5.125 0.2234401753732299
5.135 0.2942281827493231
5.145 0.38205043701821356
5.155 0.49509548296464406
5.165 0.6323237759675384
5.175 0.8007079065423334
5.185 1.0053908768822173
5.195 1.253560159624363
5.205 1.548494884861205
5.215 1.89740854791856
5.225 2.306490929113639
5.235 2.7818761071922427
5.245 3.3294770388786086
5.255 3.9548044286731243
5.265 4.662774424198371
5.275 5.4575101828939845
5.285 6.342142550045971
5.295 7.318614973825991
5.305 8.387497413841437
5.315 9.547813472211276
5.325 10.796884419616884
5.335 12.130193347772579
5.345 13.541272491600935
5.355 15.02161693341233
5.365 16.56062847411838
5.375 18.145594401727998
5.385 19.761707084979083
5.395 21.392131562037157
5.405 23.018129300213026
5.415 24.619246748839714
5.425 26.173576868237674
5.435 27.658100214957578
5.445 29.049109217411292
5.455 30.322714950338963
5.465 31.455430150769125
5.475 32.42481573987382
5.485 33.21017122865068
5.495 33.79324273430662
5.505 34.1589166408558
5.515 34.2958629242292
5.525 34.19709046437745
5.535 33.860377747255285
5.545 33.28854643716271
5.555 32.48955230277768
5.565 31.476377530938542
5.575 30.266719899575687
5.585 28.882486717092412
5.595 27.349113841676782
5.605 25.694741408080365
5.615 23.949287127407302
5.625 22.14346438712216
5.635 20.30779533161974
5.645 18.471668437742917
5.655 16.66248594204733
5.665 14.904939271036056
5.675 13.220441075638599
5.685 11.626731458081787
5.695 10.13766446433256
5.705 8.763169839892498
5.715 7.509375241596609
5.725 6.3788662115773445
5.735 5.371055671851078
5.745 4.482631663707793
5.755 3.708051474630067
5.765 3.040051904542166
5.775 2.470148809062872
5.785 1.9891037140849062
5.795 1.586138125516574
5.805 1.2545081446271413
5.815 0.9832193298169346
5.825 0.7635923516424379
5.835 0.587620792340632
5.845 0.4480718931453833
5.855 0.3385353919098947
5.865 0.2522577680973669
5.875 0.18603317047635648
5.885 0.13686359623372557
5.895 0.0997492563607311
5.905 0.07201984188726054
5.915 0.051512408371046994
5.925 0.03649933644981988
5.935 0.024476929830846907
5.945 0.0159211281570864
5.955 0.011025178010003394
5.965 0.005301238395797037
5.975 0.0036434843137463564
5.985 0.002479211219290142
5.995 0.0016701951115176167
6.005 0.0
6.015 0.0
6.025 0.0
6.035 0.0
6.045 0.0
6.055 0.0
6.065 0.0
6.075 0.0
6.085 0.0
6.095 0.0
6.105 0.0
6.115 0.0
6.125 0.0
6.135 0.0
6.1450000000000005 0.0
6.155 0.0
6.165 0.0
6.175 0.0
6.185 0.0
6.195 0.0
6.205 0.0
6.215 0.0
6.225 0.0
6.235 0.0
6.245 0.0
6.255 0.0
6.265 0.0
6.275 0.0
6.285 0.0
6.295 0.0
6.305 0.0
6.315 0.0
6.325 0.0
6.335 0.0
6.345 0.0
6.355 0.0
6.365 0.0
6.375 0.0
6.385 0.0
6.3950000000000005 0.0
6.405 0.0
6.415 0.0
6.425 0.0
6.435 0.0
6.445 0.0
6.455 0.0
6.465 0.0
6.475 0.0
6.485 0.0
6.495 0.0
6.505 0.0
6.515 0.0
6.525 0.0
6.535 0.0
6.545 0.0
6.555 0.0
6.565 0.0
6.575 0.0
6.585 0.0
6.595 0.0
6.605 0.0
6.615 0.0
6.625 0.0
6.635 0.0
6.6450000000000005 0.0
6.655 0.0
6.665 0.0
6.675 0.0
6.685 0.0
6.695 0.0
6.705 0.0
6.715 0.0
6.725 0.0
6.735 0.0
6.745 0.0
6.755 0.0
6.765 0.0
6.775 0.0
6.785 0.0
6.795 0.0
6.805 0.0
6.815 0.0
6.825 0.0
6.835 0.0
6.845 0.0
6.855 0.0
6.865 0.0
6.875 0.0
6.885 0.0
6.8950000000000005 0.0
6.905 0.0
6.915 0.0
6.925 0.0
6.935 0.0
6.945 0.0
6.955 0.0
6.965 0.0
6.975 0.0
6.985 0.0
6.995 0.0
