0.005 0.0
0.015 0.0
0.025 0.0
0.034999999999999996 0.0
0.045 0.0
0.055 0.0
0.065 0.0
0.07500000000000001 0.0
0.085 0.0
0.095 0.0
0.10500000000000001 0.0
0.115 0.0
0.125 0.0
0.135 0.0
0.14500000000000002 0.0
0.155 0.0
0.165 0.0
0.17500000000000002 0.0
0.185 0.0
0.195 0.0
0.20500000000000002 0.0
0.215 0.0
0.225 0.0
0.23500000000000001 0.0
0.245 0.0
0.255 0.0
0.265 0.0
0.275 0.0
0.28500000000000003 0.0
0.295 0.0
0.305 0.0
0.315 0.0
0.325 0.0
0.335 0.0
0.34500000000000003 0.0
0.35500000000000004 0.0
0.365 0.0
0.375 0.0
0.385 0.0
0.395 0.0
0.405 0.0
0.41500000000000004 0.0
0.425 0.0
0.435 0.0
0.445 0.0
0.455 0.0
0.465 0.0
0.47500000000000003 0.0
0.485 0.0
0.495 0.0
0.505 0.0
0.515 0.0
0.525 0.0
0.535 0.0
0.545 0.0
0.555 0.0
0.5650000000000001 0.0
0.5750000000000001 0.0
0.585 0.0
0.595 0.0
0.605 0.0
0.615 0.0
0.625 0.0
0.635 0.0
0.645 0.0
0.655 0.0
0.665 0.0
0.675 0.0
0.685 0.0
0.6950000000000001 0.0
0.7050000000000001 0.0
0.715 0.0
0.725 0.0
0.735 0.0
0.745 0.0
0.755 0.0
0.765 0.0
0.775 0.0
0.785 0.0
0.795 0.0
0.805 0.0
0.8150000000000001 0.0
0.8250000000000001 0.0
0.8350000000000001 0.0
0.845 0.0
0.855 0.0
0.865 0.0
0.875 0.0
0.885 0.0
0.895 0.0
0.905 0.0
0.915 0.0
0.925 0.0
0.935 0.0
0.9450000000000001 0.0
0.9550000000000001 0.0
0.965 0.0
0.975 0.0
0.985 0.0
0.995 0.0
1.005 0.0
1.015 0.0
1.025 0.0
1.035 0.0
1.045 0.0
1.055 0.0
1.065 0.0
1.075 0.0
1.085 0.0
1.095 0.0
1.105 0.0
1.115 0.0
1.125 0.0
1.135 0.0
1.145 0.0
1.155 0.0
1.1649999999999998 0.0
1.1749999999999998 0.0
1.1849999999999998 0.0
1.1949999999999998 0.0
1.2049999999999998 0.0
1.2149999999999999 0.0
1.2249999999999999 0.0
1.2349999999999999 0.0
1.2449999999999999 0.0
1.255 0.0
1.265 0.0
1.275 0.0
1.285 0.0
1.295 0.0
1.305 0.0
1.315 0.0
1.325 0.0
1.335 0.0
1.345 0.0
1.355 0.0
1.365 0.0
1.375 0.01659470903547044
1.385 0.02463292374518476
1.395 0.036200897514891174
1.405 0.052671995085640036
1.4149999999999998 0.07587474675803114
1.4249999999999998 0.10821109597481052
1.4349999999999998 0.15279297671262201
1.4449999999999998 0.21359547272493024
1.4549999999999998 0.29562268009404924
1.4649999999999999 0.40507972992893276
1.4749999999999999 0.5495412898325985
1.4849999999999999 0.738103391560618
1.4949999999999999 0.9815018629249858
1.505 1.2921773099804592
1.515 1.6842639320264978
1.525 2.173477963700661
1.535 2.776881770205122
1.545 3.5125021008669735
1.555 4.398786171587358
1.565 5.453887367052381
1.575 6.694783444542829
1.585 8.136243872322463
1.595 9.789678660554355
1.605 11.66191766623611
1.615 13.753985446537673
1.625 16.05995060357374
1.635 18.56593839428104
1.645 21.249399428255032
1.655 24.078724090726293
1.665 27.013280968009347
1.6749999999999998 30.00393779168782
1.6849999999999998 32.99409588128224
1.6949999999999998 35.92123528623532
1.7049999999999998 38.71893019523082
1.7149999999999999 41.31925577234218
1.7249999999999999 43.655471891644375
1.7349999999999999 45.66483983612191
1.7449999999999999 47.291408133466014
1.755 48.488595830134656
1.765 49.221407112040964
1.775 49.468130441919136
1.785 49.221407112040964
1.795 48.488595830134656
1.805 47.291408133466014
1.815 45.66483983612191
1.825 43.655471891644375
1.835 41.31925577234218
1.845 38.71893019523082
1.855 35.92123528623532
1.865 32.99409588128224
1.875 30.00393779168782
1.885 27.013280968009347
1.895 24.078724090726293
1.905 21.249399428255032
1.915 18.56593839428104
1.9249999999999998 16.05995060357374
1.9349999999999998 13.753985446537673
1.9449999999999998 11.66191766623611
1.9549999999999998 9.789678660554355
1.9649999999999999 8.136243872322463
1.9749999999999999 6.694783444542829
1.9849999999999999 5.453887367052381
1.9949999999999999 4.398786171587358
2.005 3.5125021008669735
2.015 2.776881770205122
2.025 2.173477963700661
2.035 1.6842639320264978
2.045 1.2921773099804592
2.0549999999999997 0.9815018629249858
2.065 0.738103391560618
2.0749999999999997 0.5495412898325985
2.085 0.40507972992893276
2.0949999999999998 0.29562268009404924
2.105 0.21359547272493024
2.1149999999999998 0.15279297671262201
2.125 0.10821109597481052
2.135 0.07587474675803114
2.145 0.052671995085640036
2.155 0.036200897514891174
2.165 0.02463292374518476
2.175 0.024479905036473733
2.185 0.011704660286202095
2.195 0.017201336384206015
2.205 0.025027796758979443
2.215 0.03605289182442144
2.225 0.05141793685089282
2.235 0.0726016085235689
2.245 0.10149272058720864
2.255 0.14046903563665833
2.265 0.19247900398228132
2.275 0.2611218293560973
2.285 0.3507196118365543
2.295 0.46637362233775254
2.305 0.6139951797567786
2.315 0.800300336273593
2.3249999999999997 1.0327568691327396
2.335 1.319472187362738
2.3449999999999998 1.6690119398942962
2.355 2.090141565925078
2.3649999999999998 2.5914868868554817
2.375 3.181115109138499
2.385 3.866044141424496
2.395 4.651695601309597
2.405 5.541314785892405
2.415 6.535388527095187
2.425 7.631098442577793
2.435 8.821851764230601
2.445 10.096933850256463
2.455 11.441324973136185
2.465 12.835718577989955
2.475 14.25676881611329
2.485 15.677582074124665
2.495 17.068451168664403
2.505 18.397812994851627
2.515 19.633392166388685
2.525 20.743476227641334
2.535 21.69825404546701
2.545 22.471139536026794
2.555 23.039999141702566
2.565 23.388204137477228
2.5749999999999997 23.505437998580263
2.585 23.388204137477228
2.5949999999999998 23.039999141702566
2.605 22.471139536026794
2.6149999999999998 21.69825404546701
2.625 20.743476227641334
2.635 19.633392166388685
2.645 18.397812994851627
2.655 17.068451168664403
2.665 15.677582074124665
2.675 14.25676881611329
2.685 12.835718577989955
2.695 11.441324973136185
2.705 10.096933850256463
2.715 8.821851764230601
2.725 7.631098442577793
2.735 6.535388527095187
2.745 5.541314785892405
2.755 4.651695601309597
2.765 3.866044141424496
2.775 3.181115109138499
2.785 2.5914868868554817
2.795 2.090141565925078
2.805 1.6690119398942962
2.815 1.319472187362738
2.8249999999999997 1.0327568691327396
2.835 0.800300336273593
2.8449999999999998 0.6139951797567786
2.855 0.46637362233775254
2.8649999999999998 0.3507196118365543
2.875 0.2611218293560973
2.885 0.19247900398228132
2.895 0.1452847013750693
2.905 0.10864101867806535
2.915 0.08310684977182231
2.925 0.06670297267559454
2.935 0.05807120004496686
2.945 0.05642988198312823
2.955 0.061540764177248825
2.965 0.07368853705575212
2.975 0.09367278100675493
2.985 0.11755123711864607
2.995 0.15947294740946852
3.005 0.21419231916304757
3.015 0.2848248127382962
3.025 0.37498060293339297
3.035 0.4887613331794335
3.045 0.6307277422347264
3.055 0.8058312063086843
3.065 1.0193029589784588
3.075 1.276496250210308
3.085 1.582679062255817
3.0949999999999998 1.942778218711433
3.105 2.3610797135129533
3.1149999999999998 2.8408946499102017
3.125 3.384205003499817
3.135 3.99549206168097
3.145 4.6666932868419035
3.155 5.3968295943598115
3.165 6.179703574439285
3.175 7.006603364412027
3.185 7.866343612892737
3.195 8.745451088850512
3.205 9.628503484989519
3.215 10.50262046011482
3.225 11.344026469716594
3.235 12.1378338750857
3.245 12.867299627359078
3.255 13.517365030475249
3.265 14.075509062942444
3.275 14.532528133016527
3.285 14.883187544360867
3.295 15.126695083632569
3.305 15.266956331504929
3.315 15.312583950971401
3.325 15.276648397901146
3.335 15.176174063245687
3.3449999999999998 15.031401500658186
3.355 14.864851822430726
3.3649999999999998 14.700242386506726
3.375 14.561312600251874
3.385 14.470624388134553
3.395 14.448403310181387
3.405 14.51148352384049
3.415 14.672413119270468
3.425 14.93876645286735
3.435 15.312697766820898
3.445 15.790756526813501
3.455 16.363970470864725
3.465 17.018188226794315
3.475 17.734660307522944
3.485 18.490825975244633
3.495 19.26126435902163
3.505 20.018761631024304
3.515 20.735442150659665
3.525 21.383910285280123
3.535 21.93835099879884
3.545 22.3755410502684
3.555 22.675728466321388
3.565 22.823345484564904
3.575 22.80752900378982
3.585 22.62243228396543
3.5949999999999998 22.267321758775104
3.605 21.746462894309374
3.6149999999999998 21.068808594991854
3.625 20.247512289088853
3.635 19.29929512679819
3.645 18.24370235643597
3.655 17.10228764786596
3.665 15.897765742203731
3.675 14.653173270448242
3.685 13.391074971688383
3.695 12.132848050506999
3.705 10.894859421124673
3.715 9.701917910810826
3.725 8.564022532546673
3.735 7.493096729432457
3.745 6.498109081248044
3.755 5.5851316793905
3.765 4.757504772317988
3.775 4.016087863023486
3.785 3.359574992493106
3.795 2.784851143571949
3.805 2.287367427932922
3.815 1.861514747134073
3.825 1.5009786423203875
3.835 1.1990617195276925
3.8449999999999998 0.9489640062145747
3.855 0.7469033400140467
3.8649999999999998 0.582145681789286
3.875 0.4508837125717623
3.885 0.3479811764653054
3.895 0.2689650067441378
3.905 0.2100609594150597
3.915 0.16820566046160493
3.925 0.14104152038013604
3.935 0.12690011755377678
3.945 0.12198781674264009
3.955 0.13246804689607186
3.965 0.1545332864341515
3.975 0.18909342452042902
3.985 0.23756311303382638
3.995 0.30182289484434144
4.005 0.3841668629554703
4.015 0.48723309998808934
4.025 0.6112447294985166
4.035 0.7654756599035437
4.045 0.9490841037693555
4.055 1.1650245261349976
4.065 1.415867106141855
4.075 1.7035974108801168
4.085 2.029403970341548
4.095 2.3934650777063973
4.1049999999999995 2.7947485526109714
4.115 3.2308399157675627
4.125 3.6978151279464777
4.135 4.19017349195966
4.145 4.700844339447596
4.155 5.221277685455002
4.165 5.741624241882915
4.175 6.253502260729356
4.185 6.741566394397408
4.195 7.195815692093612
4.205 7.604842782932994
4.215 7.958005135077332
4.225 8.245927645676254
4.235 8.460972740204
4.245 8.597648814852045
4.255 8.652930886839753
4.265 8.626472437814028
4.275 8.520694223082824
4.285 8.340743680684714
4.295 8.094326809358549
4.305 7.7937840937046134
4.315 7.4497519756891135
4.325 7.0736696652246405
4.335 6.68162795447075
4.345 6.288615504127916
4.355 5.90956952378451
4.365 5.558885609948573
4.375 5.249975444699301
4.385 4.9948877787492165
4.395 4.804003124717102
4.405 4.685807715580064
4.415 4.6467478887098315
4.425 4.6911623516625
4.435 4.821286846774116
4.445 5.0373235129920975
4.455 5.337565620181626
4.465 5.718567167884656
4.475 6.175345962342642
4.485 6.70160814051642
4.495 7.28998171342314
4.505 7.932246658496511
4.515 8.619549574539914
4.525 9.34259212068034
4.535 10.091784558889316
4.545 10.85735878456734
4.555 11.629439198272324
4.565 12.398074411716804
4.575 13.153237690405902
4.585 13.884808672784816
4.595 14.582552653883662
4.605 15.236115971178872
4.615 15.835056277677893
4.625 16.37099502042247
4.635 16.830483829471703
4.645 17.20507517866111
4.655 17.485622546124446
4.665 17.662087675371087
4.675 17.732291338085112
4.685 17.688585888464438
4.695 17.52840471768472
4.705 17.25171824257952
4.715 16.86129254203697
4.725 16.362835291068656
4.735 15.765008701067067
4.745 15.079298586680803
4.755 14.319739290336841
4.765 13.502504918487714
4.775 12.645387106666757
4.785 11.767187406881295
4.795 10.887057707785146
4.805 10.023824504551662
4.815 9.19917725689385
4.825 8.42354585110851
4.835 7.713873889333902
4.845 7.082080804667017
4.855 6.537333864580071
4.865 6.085878913985633
4.875 5.730994671092593
4.885 5.4730654227423186
4.895 5.3097625950485785
4.905 5.236322372940208
4.915 5.245904121563897
4.925 5.330012563995186
4.935 5.478965236606941
4.945 5.682385490058818
4.955 5.9297001653787484
4.965 6.210620130231839
4.975 6.51558132620538
4.985 6.834458089936268
4.995 7.164090246643735
5.005 7.496600087184811
5.015 7.828263649878187
5.025 8.156977844117751
5.035 8.482100991751508
5.045 8.804177094523427
5.055 9.124560982131927
5.065 9.444970018438326
5.075 9.766995332461944
5.085 10.091610745880658
5.095 10.420451503438464
5.105 10.749351967662122
5.115 11.07474996957833
5.125 11.393830093633232
5.135 11.701301011006622
5.145 11.986732981041456
5.155 12.240843228997369
5.165 12.453652847208005
5.175 12.615091719844136
5.185 12.715657145574193
5.195 12.747078064670651
5.205 12.70459950912711
5.215 12.581661013897131
5.225 12.378215588704556
5.235 12.096157074109168
5.245 11.742137094044937
5.255 11.32168014841921
5.265 10.846701824973398
5.275 10.330323402802705
5.285 9.787408744584965
5.295 9.233923629674328
5.305 8.686253418958396
5.315 8.160520931637159
5.325 7.671943615326214
5.335 7.234263668570465
5.345 6.859277404725372
5.355 6.556481594654895
5.365 6.332845566811814
5.375 6.192709187852626
5.385 6.137799090822431
5.395 6.1673491115569306
5.405 6.278306132308034
5.415 6.465599560613237
5.425 6.7224515047768065
5.435 7.039324208906231
5.445 7.410239728678499
5.455 7.823240495895998
5.465 8.267950886589318
5.475 8.733747639790312
5.485 9.20995716060255
5.495 9.68601134904674
5.505 10.151568373768466
5.515 10.59660799836458
5.525 11.011512966857746
5.535 11.387148371214309
5.545 11.714949800217203
5.555 11.987028503363025
5.565 12.19629805329468
5.575 12.336622457244808
5.585 12.402980861868233
5.595 12.391639481233106
5.605 12.300317708959508
5.615 12.128333028676776
5.625 11.874144167606428
5.635 11.546535476459974
5.645 11.146323251565292
5.655 10.679804278615102
5.665 10.15476508056761
5.675 9.580263106762406
5.685 8.966344726515688
5.695 8.32512222430989
5.705 7.6654656223946755
5.715 6.999331894805824
5.725 6.33734082481109
5.735 5.689396476759654
5.745 5.064420148096989
5.755 4.470146273427133
5.765 3.9129890483572543
5.775 3.3979822273561657
5.785 2.928789391882879
5.795 2.507777397802484
5.805 2.13614201614903
5.815 1.8140721862712899
5.825 1.5409378946065437
5.835 1.315486456205905
5.845 1.1360328011861967
5.855 1.000631082982005
5.865 0.9072173223196811
5.875 0.8537156617391524
5.885 0.8381039195529443
5.895 0.858437308408071
5.905 0.9129925767087197
5.915 1.0006047527063109
5.925 1.1212271643520018
5.935 1.268936888801758
5.945 1.443427185943115
5.955 1.642364702068434
5.965 1.8630736700073476
5.975 2.102505628434034
5.985 2.357246967121213
5.995 2.6235705093313184
6.005 2.8975338562603348
6.015 3.1740131453355183
6.025 3.451703579295093
6.035 3.7254180730737887
6.045 3.9921717706075155
6.055 4.248653884822039
6.065 4.49618441649595
6.075 4.733076235158092
6.085 4.960510844914497
6.095 5.180925009908652
6.105 5.397945819884454
6.115 5.61622725850602
6.125 5.841189155230106
6.135 6.0786671602751134
6.1450000000000005 6.334490220438821
6.155 6.614009289274824
6.165 6.921607009974659
6.175 7.260222248260817
6.185 7.630925124065985
6.195 8.032577260669012
6.205 8.46160821485894
6.215 8.911932586078585
6.225 9.375023486079549
6.235 9.840147473311363
6.245 10.295938570236345
6.255 10.72676241443007
6.265 11.118986939977725
6.275 11.458266539095362
6.285 11.731071063980036
6.295 11.925406167544851
6.305 12.031468509581888
6.315 12.042193725040374
6.325 11.95366241565285
6.335 11.765339416707828
6.345 11.48013334312763
6.355 11.104275911613032
6.365 10.647032693703267
6.375 10.120267760493627
6.385 9.537893276149461
6.3950000000000005 8.916373241575222
6.405 8.27007513603433
6.415 7.615992331476644
6.425 6.969840813524652
6.435 6.346255850745182
6.445 5.758323423600816
6.455 5.217216609914503
6.465 4.731943850585163
6.475 4.309208683944112
6.485 3.954477350362181
6.495 3.6681595659197055
6.505 3.4500572347022906
6.515 3.3004526753187116
6.525 3.2144071780179178
6.535 3.1870029562962925
6.545 3.2122484895494257
6.555 3.2833976221225925
6.565 3.3932640532994798
6.575 3.5345214590729723
6.585 3.6999804473796707
6.595 3.882834337682673
6.605 4.076866515027703
6.615 4.276613016344192
6.625 4.477475234403787
6.635 4.675779296671078
6.6450000000000005 4.8687808378119435
6.655 5.054616485627846
6.665 5.232206274141072
6.675 5.401114157499731
6.685 5.561376546311994
6.695 5.713311033163312
6.705 5.857318953818357
6.715 5.993921688613905
6.725 6.123522089038857
6.735 6.2435219343714
6.745 6.357237377289739
6.755 6.46085724083477
6.765 6.552660744245818
6.775 6.630481335431041
6.785 6.69182880379779
6.795 6.734047831168846
6.805 6.755634665616894
6.815 6.752453684791817
6.825 6.72332433315473
6.835 6.6669329248006886
6.845 6.582752403784304
6.855 6.471171127101018
6.865 6.333577290659315
6.875 6.172392936711619
6.885 5.991054311689865
6.8950000000000005 5.793938262727533
6.905 5.586237224127248
6.915 5.373788022010027
6.925 5.162862102403741
6.935 4.959926766410719
6.945 4.771388492681776
6.955 4.604514446437131
6.965 4.463013683066391
6.975 4.352435356249183
6.985 4.276539800955117
6.995 4.237927555768401
