0.005 0.0
0.015 0.0
0.025 0.0
0.034999999999999996 0.0
0.045 0.0
0.055 0.0
0.065 0.0
0.07500000000000001 0.0
0.085 0.0
0.095 0.0
0.10500000000000001 0.0
0.115 0.0
0.125 0.0
0.135 0.0
0.14500000000000002 0.0
0.155 0.0
0.165 0.0
0.17500000000000002 0.0
0.185 0.0
0.195 0.0
0.20500000000000002 0.0
0.215 0.0
0.225 0.0
0.23500000000000001 0.0
0.245 0.0
0.255 0.0
0.265 0.0
0.275 0.0
0.28500000000000003 0.0
0.295 0.0
0.305 0.0
0.315 0.0
0.325 0.0
0.335 0.0
0.34500000000000003 0.0
0.35500000000000004 0.0
0.365 0.0
0.375 0.0
0.385 0.0
0.395 0.0
0.405 0.0
0.41500000000000004 0.0
0.425 0.0
0.435 0.0
0.445 0.0
0.455 0.0
0.465 0.0
0.47500000000000003 0.0
0.485 0.0
0.495 0.0
0.505 0.0
0.515 0.0
0.525 0.0
0.535 0.0
0.545 0.0
0.555 0.0
0.5650000000000001 0.0
0.5750000000000001 0.0
0.585 0.0
0.595 0.0
0.605 0.0
0.615 0.0
0.625 0.0
0.635 0.0
0.645 0.0
0.655 0.0
0.665 0.0
0.675 0.0
0.685 0.0
0.6950000000000001 0.0
0.7050000000000001 0.0
0.715 0.0
0.725 0.0
0.735 0.0
0.745 0.0
0.755 0.0
0.765 0.0
0.775 0.0
0.785 0.0
0.795 0.0
0.805 0.0
0.8150000000000001 0.0
0.8250000000000001 0.0
0.8350000000000001 0.0
0.845 0.0
0.855 0.0
0.865 0.0
0.875 0.0
0.885 0.0
0.895 0.0
0.905 0.0
0.915 0.0
0.925 0.0
0.935 0.0
0.9450000000000001 0.0
0.9550000000000001 0.0
0.965 0.0
0.975 0.0
0.985 0.0
0.995 0.0
1.005 0.0
1.015 0.0
1.025 0.0
1.035 0.0
1.045 0.0
1.055 0.0
1.065 0.0
1.075 0.0
1.085 0.0
1.095 0.0
1.105 0.0
1.115 0.0
1.125 0.0
1.135 0.0
1.145 0.0
1.155 0.0
1.1649999999999998 0.0
1.1749999999999998 0.0
1.1849999999999998 0.0
1.1949999999999998 0.0
1.2049999999999998 0.0
1.2149999999999999 0.0
1.2249999999999999 0.0
1.2349999999999999 0.0
1.2449999999999999 0.0
1.255 0.0
1.265 0.0
1.275 0.0
1.285 0.0
1.295 0.0
1.305 0.0
1.315 0.0
1.325 0.0
1.335 0.0
1.345 0.0
1.355 0.0
1.365 0.0
1.375 0.0
1.385 0.0
1.395 0.0
1.405 0.0
1.4149999999999998 0.0
1.4249999999999998 0.0
1.4349999999999998 0.0
1.4449999999999998 0.0
1.4549999999999998 0.0
1.4649999999999999 0.015031723991332973
1.4749999999999999 0.022312853455021275
1.4849999999999999 0.0327912889897168
1.4949999999999999 0.0477110439543023
1.505 0.06872842715959543
1.515 0.09801915321420891
1.525 0.13840205627282276
1.535 0.19347782386161141
1.545 0.2677792375421361
1.555 0.36692699352307756
1.565 0.49778233369130964
1.575 0.6685845732691659
1.585 0.8890583781211362
1.595 1.1704726265445324
1.605 1.5256302777388102
1.615 1.9687673210635823
1.625 2.515339090132121
1.635 3.181674471444733
1.645 3.9844832161179826
1.655 4.940208918765475
1.665 6.064230273939262
1.6749999999999998 7.369925676522014
1.6849999999999998 8.867630476361867
1.6949999999999998 10.563531255282516
1.7049999999999998 12.4585560717729
1.7149999999999999 14.54733218108022
1.7249999999999999 16.81729164316214
1.7349999999999999 19.24800889876303
1.7449999999999999 21.810851508249836
1.755 24.469014957931336
1.765 27.177994538726796
1.775 29.886522359079784
1.785 32.53796695659345
1.795 35.07215888451993
1.805 37.427570858251684
1.815 39.54374872038785
1.825 41.36386284675537
1.835 42.83723159618435
1.845 43.921661276974625
1.855 44.58545218188327
1.865 44.80893769097078
1.875 44.58545218188327
1.885 43.921661276974625
1.895 42.83723159618435
1.905 41.37370352347691
1.915 39.55835606534128
1.9249999999999998 37.449038021593466
1.9349999999999998 35.103393422878426
1.9449999999999998 32.58296074663694
1.9549999999999998 29.950691632002616
1.9649999999999999 27.268600905246238
1.9749999999999999 24.595677256847132
1.9849999999999999 21.986156011639675
1.9949999999999999 19.488221526785647
2.005 17.14317010037546
2.015 14.985028126691446
2.025 13.040587520109431
2.035 11.32979351075519
2.045 9.866400435714748
2.0549999999999997 8.658799977147682
2.065 7.710923550460658
2.0749999999999997 7.0231256836508855
2.085 6.592967196720851
2.0949999999999998 6.4158343678405885
2.105 6.485351427056749
2.1149999999999998 6.793566930627852
2.125 7.330918137887444
2.135 8.085999826292245
2.145 9.045183569765042
2.155 10.192149085062237
2.165 11.507399759324352
2.175 12.967839118795318
2.185 14.546483319525391
2.195 16.212376656388628
2.205 17.930762955775204
2.215 19.663546369951437
2.225 21.370051826973434
2.235 23.00806992948157
2.245 24.53514547677993
2.255 25.91004520801956
2.265 27.09432099672613
2.275 28.043845671130377
2.285 28.75377900426352
2.295 29.18833672430106
2.305 29.334643870982838
2.315 29.18833672430106
2.3249999999999997 28.75377900426352
2.335 28.043845671130377
2.3449999999999998 27.079289272734798
2.355 25.88773235456454
2.3649999999999998 24.502354187790214
2.375 22.96035888552727
2.385 21.30132339981384
2.395 19.565527216737227
2.405 17.79236089950238
2.415 16.018898832527018
2.425 14.278704081983255
2.435 12.60091212527224
2.445 11.009617425633042
2.455 9.52356451179307
2.465 8.156125191643905
2.475 6.921852648910002
2.485 5.81467725688561
2.495 4.838598401478622
2.505 3.9900894606921136
2.515 3.263081274426265
2.525 2.649731090444999
2.535 2.141157268197924
2.545 1.7281100281576416
2.555 1.4015575799864357
2.565 1.1531752720861403
2.5749999999999997 0.9757323633236089
2.585 0.8633762715479805
2.5949999999999998 0.8118176083263606
2.605 0.8184211023102708
2.6149999999999998 0.8822079685337979
2.625 1.0037748510987372
2.635 1.1851336725069495
2.645 1.4294760884276387
2.655 1.740866239689951
2.665 2.123866471896614
2.675 2.5831028622004273
2.685 3.122780773382011
2.695 3.746165069172819
2.705 4.455044697768519
2.715 5.2426430336910075
2.725 6.121613875521629
2.735 7.076827874004783
2.745 8.099689818321183
2.755 9.178150987951772
2.765 10.296723799407735
2.775 11.436680375904283
2.785 12.576446848610072
2.795 13.69219232250708
2.805 14.758597095294613
2.815 15.749770077493979
2.8249999999999997 16.640271758673194
2.835 17.406187856024385
2.8449999999999998 18.026191198767513
2.855 18.48252640156071
2.8649999999999998 18.761854017329227
2.875 18.855898201952126
2.885 18.761854017329227
2.895 18.48252640156071
2.905 18.026191198767513
2.915 17.406187856024385
2.925 16.640271758673194
2.935 15.749770077493979
2.945 14.758597095294613
2.955 13.69219232250708
2.965 12.576446848610072
2.975 11.436680375904283
2.985 10.296723799407735
2.995 9.178150987951772
3.005 8.099689818321183
3.015 7.076827874004783
3.025 6.121613875521629
3.035 5.2426430336910075
3.045 4.445204021046975
3.055 3.731557724219395
3.065 3.1013136100402283
3.075 2.5518683238419273
3.085 2.0788726818531202
3.0949999999999998 1.676696966767118
3.105 1.3388697219081958
3.1149999999999998 1.0584713735911513
3.125 0.828470347708898
3.135 0.6419953405111782
3.145 0.49254264509695145
3.155 0.37412166271513353
3.165 0.2813448232114487
3.175 0.20947010785093553
3.185 0.15440531273325986
3.195 0.11268327936076732
3.205 0.08141675163624551
3.215 0.05824050331251353
3.225 0.04124710984213092
3.235 0.028921378030409114
3.245 0.020077123767485976
3.255 0.013798791914352524
3.265 0.009389396736975888
3.275 0.00632544916228911
3.285 0.0
3.295 0.0
3.305 0.0
3.315 0.0
3.325 0.0
3.335 0.0
3.3449999999999998 0.0
3.355 0.0
3.3649999999999998 0.0
3.375 0.0
3.385 0.0
3.395 0.0
3.405 0.0
3.415 0.0
3.425 0.0
3.435 0.0
3.445 0.0
3.455 0.0
3.465 0.0
3.475 0.0
3.485 0.0
3.495 0.0
3.505 0.0
3.515 0.0
3.525 0.0
3.535 0.0
3.545 0.0
3.555 0.0
3.565 0.0
3.575 0.0
3.585 0.0
3.5949999999999998 0.0
3.605 0.0
3.6149999999999998 0.00324336765870535
3.625 0.004814403677926397
3.635 0.007075316594279557
3.645 0.010294524900382445
3.655 0.014829407326241826
3.665 0.021149413843146152
3.675 0.029862759153402006
3.685 0.04174635703471255
3.695 0.05777823749409631
3.705 0.07917116789697015
3.715 0.10740558588623336
3.725 0.14425927347394277
3.735 0.1918305040700405
3.745 0.2525507429835264
3.755 0.3291824613605699
3.765 0.42479733265028846
3.775 0.5427301259865946
3.785 0.6865040954159506
3.795 0.8597246734481422
3.805 1.0659398644899414
3.815 1.3084679014048561
3.825 1.5931243789839769
3.835 1.9177001542738699
3.8449999999999998 2.2856633161332565
3.855 2.697456508660323
3.8649999999999998 3.1522431997675313
3.875 3.6477355705168457
3.885 4.180075691001616
3.895 4.743787193479229
3.905 5.3318120571754815
3.915 5.935642786656838
3.925 6.545554329873606
3.935 7.150932867361129
3.945 7.7406906189137725
3.955 8.303747719158803
3.965 8.829554768303206
3.975 9.308623654406617
3.985 9.733030396388136
3.995 10.096852656148478
4.005 10.396506575736417
4.015 10.630952793339935
4.025 10.801749650664597
4.035 10.912942185177647
4.045 10.970787692168257
4.055 10.983331428068967
4.065 10.959858282893734
4.075 10.9102568513036
4.085 10.844340268145883
4.095 10.77117265360996
4.1049999999999995 10.69845054673523
4.115 10.631985162598593
4.125 10.575323932631893
4.135 10.529539180087024
4.145 10.49319884564888
4.155 10.462520029223882
4.165 10.431691979655687
4.175 10.39334226326951
4.185 10.33910927012911
4.195 10.260276843517953
4.205 10.148423208651767
4.215 9.996036743635825
4.225 9.797055326760075
4.235 9.54729351567911
4.245 9.244731888021233
4.255 8.889654521510886
4.265 8.484632738060956
4.275 8.034364812922432
4.285 7.545391401010128
4.295 7.0257142003026205
4.305 6.484350358980615
4.315 5.930857132148282
4.325 5.374860389254849
4.335 4.825617107478361
4.345 4.291636505341692
4.355 3.7803776513590974
4.365 3.298033952186196
4.375 2.8494075849428793
4.385 2.437870297975113
4.395 2.067675529025487
4.405 1.736066282254765
4.415 1.4442495027307785
4.425 1.188845707738273
4.435 0.9730072982779274
4.445 0.7912132403639331
4.455 0.6408933961683099
4.465 0.5193884085813264
4.475 0.4241280664666933
4.485 0.3527809506154688
4.495 0.3033735251012912
4.505 0.2743783206284065
4.515 0.2647718005826972
4.525 0.27406295558856664
4.535 0.3022937449616215
4.545 0.3500123404155521
4.555 0.4182198964637097
4.565 0.5082914415708822
4.575 0.6218716038267426
4.585 0.7607463676593692
4.595 0.9266929652523697
4.605 1.1233985133768722
4.615 1.3489404499989401
4.625 1.6076030093607308
4.635 1.8944278727419082
4.645 2.2147794704182306
4.655 2.5643010242038886
4.665 2.940522109818991
4.675 3.3399108754121465
4.685 3.7579172095574904
4.695 4.189084873303614
4.705 4.627235139871621
4.715 5.065719087761587
4.725 5.49972027560691
4.735 5.919613557460952
4.745 6.320820477007427
4.755 6.698437548329837
4.765 7.048926575160577
4.775 7.370420891768868
4.785 7.662947373269125
4.795 7.9285401708528775
4.805 8.171228259154557
4.815 8.39688702291451
4.825 8.612953697103102
4.835 8.828016772653626
4.845 9.051299639714543
4.855 9.292067875992611
4.865 9.55899686050217
4.875 9.859541093706374
4.885 10.199348227110265
4.895 10.581759100607652
4.905 11.007430096569237
4.915 11.474106183405723
4.925 11.976562747196553
4.935 12.506722527214425
4.945 13.05394165502281
4.955 13.605446977881439
4.965 14.146896513334562
4.975 14.663026882571536
4.985 15.13834653362009
4.995 15.557831837649175
5.005 15.907584754878926
5.015 16.17541544129126
5.025 16.351320347920982
5.035 16.427835284991627
5.045 16.40025269498312
5.055 16.26670209005737
5.065 16.028101423463724
5.075 15.687994405397758
5.085 15.254031844655625
5.095 14.731534872397066
5.105 14.131392622590251
5.115 13.464643276801375
5.125 12.743242863227264
5.135 11.979690360899074
5.145 11.186681068461695
5.155 10.376797022721888
5.165 9.562239559299336
5.175 8.754606018624568
5.185 7.964710210908174
5.195 7.202444539542917
5.205 6.476828070400745
5.215 5.796672636239641
5.225 5.167654675774231
5.235 4.595498185276405
5.245 4.084836470374096
5.255 3.639253226170411
5.265 3.2613338786470685
5.275 2.9527220882284473
5.285 2.7141765693507147
5.295 2.5456239867547987
5.305 2.4462046844144627
5.315 2.4143093581460953
5.325 2.447606401813453
5.335 2.543061383118364
5.345 2.696951740483421
5.355 2.904881126129631
5.365 3.161798659196311
5.375 3.463596255103536
5.385 3.801642150350029
5.395 4.170306525615833
5.405 4.562516826519814
5.415 4.9695269167209375
5.425 5.3870943693088105
5.435 5.8043258291509705
5.445 6.217176483013814
5.455 6.616685587490181
5.465 6.996425432403338
5.475 7.3505850341919245
5.485 7.674103115696852
5.495 7.96277515501597
5.505 8.21333157740386
5.515 8.424980245844448
5.525 8.594171165781239
5.535 8.720371268377221
5.545 8.807471598405863
5.555 8.855265971854548
5.565 8.866382995734494
5.575 8.844208893307897
5.585 8.79278176033862
5.595 8.716667796388537
5.605 8.620820817843224
5.615 8.510427041668198
5.625 8.390738288114301
5.635 8.266898248381118
5.645 8.14376806377124
5.655 8.025758869902475
5.665 7.916679866821084
5.675 7.819610622240683
5.685 7.7368055350975595
5.695 7.669636647021391
5.705 7.618578405506591
5.715 7.583234810202083
5.725 7.562405976882442
5.735 7.554187953579234
5.745 7.556097035886412
5.755 7.565208200010025
5.765 7.578296824594918
5.775 7.5919736660920325
5.785 7.602804973612514
5.795 7.607412403927896
5.805 7.602550630388809
5.815 7.585163772497323
5.825 7.552424551426325
5.835 7.501762018076552
5.845 7.430884548911203
5.855 7.337804469350912
5.865 7.220869228850443
5.875 7.0788017601827775
5.885 6.9107498738993165
5.895 6.71518258860401
5.905 6.4949763097936675
5.915 6.249199815565668
5.925 5.979264389042098
5.935 5.687203285057026
5.945 5.375660097894723
5.955 5.047844724624422
5.965 4.707456383179878
5.975 4.358576252114711
5.985 4.005535223960085
5.995 3.6527646601160786
6.005 3.3046396366229716
6.015 2.9642148113558253
6.025 2.6378998064644303
6.035 2.327424159226339
6.045 2.035600395584035
6.055 1.7646027004145213
6.065 1.515942291931409
6.075 1.2904745003091393
6.085 1.0884345459037563
6.095 0.9094972548366828
6.105 0.7528547861473673
6.115 0.6173059062265372
6.125 0.5013503960991116
6.135 0.40328272518604186
6.1450000000000005 0.3212800461348198
6.155 0.2534807180216851
6.165 0.19805081046744485
6.175 0.15323725598093765
6.185 0.11636178450048444
6.195 0.0883851677152792
6.205 0.06646690599229925
6.215 0.049486711032393924
6.225 0.03647781142374162
6.235 0.026621100934731322
6.245 0.01923447360940991
6.255 0.013759151543754103
6.265 0.009744511169734559
6.275 0.0068325924492671705
6.285 0.0047431627950954396
6.295 0.003259924936629317
6.305 0.0022182179971086172
6.315 0.0014943691873546786
6.325 0.0
6.335 0.0
6.345 0.0
6.355 0.0
6.365 0.0
6.375 0.0011390658395589387
6.385 0.001690811324659346
6.3950000000000005 0.002484840537574249
6.405 0.0036154216488658076
6.415 0.0052080655305571325
6.425 0.007427642305910799
6.435 0.010487756062843093
6.445 0.014661257750610135
6.455 0.02029163003546725
6.465 0.027804794990593663
6.475 0.037720680087701554
6.485 0.050663639693364536
6.495 0.06737058427066403
6.505 0.08979202012740102
6.515 0.11723612997104914
6.525 0.15158034122941982
6.535 0.19408657182562797
6.545 0.24611301266736027
6.555 0.3090846067891565
6.565 0.3844530447785572
6.575 0.47364635879111394
6.585 0.5780090005527285
6.595 0.6987341920361241
6.605 0.836791271169868
6.615 0.9928516301821227
6.625 1.1672175602655355
6.635 1.3597587708477388
6.6450000000000005 1.5698614536846873
6.655 1.7963944449842761
6.665 2.0376962743394107
6.675 2.2915856966669574
6.685 2.5553967545610208
6.695 2.8271342158167334
6.705 3.1016984908868865
6.715 3.3762018261908935
6.725 3.6469078854979387
6.735 3.910082411068962
6.745 4.162111300310623
6.755 4.399610912163727
6.765 4.619524953310342
6.775 4.819203743192867
6.785 4.996463448112742
6.795 5.149624780260839
6.805 5.277532429232986
6.815 5.379557898268467
6.825 5.456728337887856
6.835 5.507702455048307
6.845 5.534166310863366
6.855 5.537512526544596
6.865 5.519574424753737
6.875 5.482598079888156
6.885 5.429209988896354
6.8950000000000005 5.3623773189917845
6.905 5.285357274253153
6.915 5.201632439562834
6.925 5.114830017089457
6.935 5.028624560627159
6.945 4.946625925528795
6.955 4.872256400009353
6.965 4.8086230454048025
6.975 4.758392838271382
6.985 4.723679023209796
6.995 4.705946994944774
