0.005 0.0
0.015 0.0
0.025 0.0
0.034999999999999996 0.0
0.045 0.0
0.055 0.0
0.065 0.0
0.07500000000000001 0.0
0.085 0.0
0.095 0.0
0.10500000000000001 0.0
0.115 0.0
0.125 0.0
0.135 0.0
0.14500000000000002 0.0
0.155 0.0
0.165 0.0
0.17500000000000002 0.0
0.185 0.0
0.195 0.0
0.20500000000000002 0.0
0.215 0.0
0.225 0.0
0.23500000000000001 0.0
0.245 0.0
0.255 0.0
0.265 0.0
0.275 0.0
0.28500000000000003 0.0
0.295 0.0
0.305 0.0
0.315 0.0
0.325 0.0
0.335 0.0
0.34500000000000003 0.0
0.35500000000000004 0.0
0.365 0.0
0.375 0.0
0.385 0.0
0.395 0.0
0.405 0.0
0.41500000000000004 0.0
0.425 0.0
0.435 0.0
0.445 0.0
0.455 0.0
0.465 0.0
0.47500000000000003 0.0
0.485 0.0
0.495 0.0
0.505 0.0
0.515 0.0
0.525 0.0
0.535 0.0
0.545 0.0
0.555 0.0
0.5650000000000001 0.0
0.5750000000000001 0.0
0.585 0.0
0.595 0.0
0.605 0.0
0.615 0.0
0.625 0.0
0.635 0.0
0.645 0.0
0.655 0.0
0.665 0.0
0.675 0.0
0.685 0.0
0.6950000000000001 0.0
0.7050000000000001 0.0
0.715 0.0
0.725 0.0
0.735 0.0
0.745 0.0
0.755 0.0
0.765 0.0
0.775 0.0
0.785 0.0
0.795 0.0
0.805 0.0
0.8150000000000001 0.0
0.8250000000000001 0.0
0.8350000000000001 0.0
0.845 0.0
0.855 0.0
0.865 0.0
0.875 0.0
0.885 0.0
0.895 0.0
0.905 0.0
0.915 0.0
0.925 0.0
0.935 0.0
0.9450000000000001 0.0
0.9550000000000001 0.0
0.965 0.0
0.975 0.0
0.985 0.0
0.995 0.0
1.005 0.0
1.015 0.0
1.025 0.0
1.035 0.0
1.045 0.0
1.055 0.0
1.065 0.0
1.075 0.0
1.085 0.0
1.095 0.0
1.105 0.0
1.115 0.0
1.125 0.0
1.135 0.0
1.145 0.0
1.155 0.0
1.1649999999999998 0.0
1.1749999999999998 0.0
1.1849999999999998 0.0
1.1949999999999998 0.0
1.2049999999999998 0.0
1.2149999999999999 0.0
1.2249999999999999 0.0
1.2349999999999999 0.0
1.2449999999999999 0.0
1.255 0.0
1.265 0.0
1.275 0.0
1.285 0.0
1.295 0.0
1.305 0.0
1.315 0.0
1.325 0.0
1.335 0.0
1.345 0.0
1.355 0.0
1.365 0.0
1.375 0.0
1.385 0.0
1.395 0.0
1.405 0.0
1.4149999999999998 0.0
1.4249999999999998 0.0
1.4349999999999998 0.0
1.4449999999999998 0.0
1.4549999999999998 0.0
1.4649999999999999 0.0
1.4749999999999999 0.0
1.4849999999999999 0.0
1.4949999999999999 0.0
1.505 0.0
1.515 0.0
1.525 0.0
1.535 0.0
1.545 0.0
1.555 0.0
1.565 0.0
1.575 0.0
1.585 0.0
1.595 0.0
1.605 0.0
1.615 0.0
1.625 0.0
1.635 0.0
1.645 0.0
1.655 0.0
1.665 0.0
1.6749999999999998 0.0
1.6849999999999998 0.0
1.6949999999999998 0.0
1.7049999999999998 0.0
1.7149999999999999 0.0
1.7249999999999999 0.0
1.7349999999999999 0.0
1.7449999999999999 0.0
1.755 0.0
1.765 0.0
1.775 0.0
1.785 0.0
1.795 0.0
1.805 0.0
1.815 0.0
1.825 0.0
1.835 0.0
1.845 0.0
1.855 0.0
1.865 0.0
1.875 0.0
1.885 0.0
1.895 0.0
1.905 0.0
1.915 0.0
1.9249999999999998 0.0
1.9349999999999998 0.0
1.9449999999999998 0.0
1.9549999999999998 0.0
1.9649999999999999 0.009347695747382825
1.9749999999999999 0.013875571788953718
1.9849999999999999 0.020391739019231116
1.9949999999999999 0.02966980520211625
2.005 0.04273977001270694
2.015 0.060954633160562405
2.025 0.08606732757975412
2.035 0.12031699307190971
2.045 0.16652240564377685
2.0549999999999997 0.22817887681634325
2.065 0.30955316944692834
2.0749999999999997 0.4157690212990489
2.085 0.5528738569927035
2.0949999999999998 0.7278753920632689
2.105 0.9487353325220894
2.1149999999999998 1.2243065349858357
2.125 1.5642001229939277
2.135 1.978570451628087
2.145 2.4778087221598497
2.155 3.0721406225761645
2.165 3.771129617303824
2.175 4.583095255386151
2.185 5.514464724142366
2.195 6.576849359360082
2.205 7.7590588645396315
2.215 9.063406881925191
2.225 10.482720407898153
2.235 12.005153021316648
2.245 13.61402301455674
2.255 15.287898938409395
2.265 17.00096470486628
2.275 18.72367988384894
2.285 20.42373055579766
2.295 22.067243415438096
2.305 23.62021256270322
2.315 25.0500666440484
2.3249999999999997 26.327285884352644
2.335 27.426966097695225
2.3449999999999998 28.330221635181495
2.355 29.02532249481099
2.3649999999999998 29.508472828283555
2.375 29.784158368874806
2.385 29.86501760389464
2.395 29.77122384220459
2.405 29.52940015666096
2.415 29.171123676411977
2.425 28.731106981739078
2.435 28.245169756004646
2.445 27.74813118793996
2.455 27.271761375323706
2.465 26.84292744177349
2.475 26.482057382162452
2.485 26.202022773169993
2.495 26.007512137169414
2.505 25.894932228943425
2.515 25.852837512342
2.525 25.868962502415727
2.535 25.910080958750306
2.545 25.952759277663763
2.555 25.967572689526104
2.565 25.925169480688183
2.5749999999999997 25.798213285103106
2.585 25.563157137567202
2.5949999999999998 25.20174329197929
2.605 24.7021459332324
2.6149999999999998 24.059701813070983
2.625 23.277204082857597
2.635 22.364764649070096
2.645 21.339277850881246
2.655 20.223541125308834
2.665 19.045105098976585
2.675 17.83493540587651
2.685 16.625971369751532
2.695 15.451663081662211
2.705 14.34455949772659
2.715 13.335007537435349
2.725 12.450007539437054
2.735 11.71225557018762
2.745 11.139389496720133
2.755 10.743444551442636
2.765 10.530515959541209
2.775 10.494386464574987
2.785 10.643634816530817
2.795 10.957413984269392
2.805 11.418745278712523
2.815 12.005755930547554
2.8249999999999997 12.692409523482151
2.835 13.449370078837928
2.8449999999999998 14.244983621460026
2.855 15.046354555737988
2.8649999999999998 15.820486470208552
2.875 16.53544903616471
2.885 17.161525636166534
2.895 17.67229144931364
2.905 18.045569981460478
2.915 18.2642182017797
2.925 18.31669684393543
2.935 18.197392868106917
2.945 17.9066748843532
2.955 17.45067840916007
2.965 16.84083476658655
2.975 16.093173718501717
2.985 15.227444024905486
2.995 14.266106822641492
3.005 13.228084568138733
3.015 12.150158174936772
3.025 11.049024993795424
3.035 9.947708152582582
3.045 8.867050256678086
3.055 7.825144386580352
3.065 6.836953161811557
3.075 5.914116901920966
3.085 5.064939476217483
3.0949999999999998 4.294530293471149
3.105 3.605073605760401
3.1149999999999998 2.9961921173496986
3.125 2.465370716349577
3.135 2.0084076380334692
3.145 1.619863988842658
3.155 1.293487667275121
3.165 1.0225936441019836
3.175 0.8003886860159123
3.185 0.620234397575122
3.195 0.475847520199324
3.205 0.3614405112491366
3.215 0.2718084165478359
3.225 0.2023699518589554
3.235 0.14917162178974452
3.245 0.1088637899388271
3.255 0.07865706605194717
3.265 0.0562663951077068
3.275 0.039849006231539016
3.285 0.027941064907808053
3.295 0.019396593680964584
3.305 0.01333107088199168
3.315 0.009071135662939685
3.325 0.006111043029441014
3.335 0.0
3.3449999999999998 0.0
3.355 0.0
3.3649999999999998 0.0
3.375 0.0
3.385 0.0
3.395 0.0
3.405 0.0
3.415 0.0
3.425 0.0
3.435 0.0
3.445 0.0
3.455 0.0
3.465 0.0
3.475 0.0
3.485 0.0
3.495 0.0
3.505 0.0
3.515 0.0
3.525 0.0
3.535 0.0
3.545 0.0
3.555 0.0
3.565 0.0
3.575 0.0
3.585 0.0
3.5949999999999998 0.0
3.605 0.0
3.6149999999999998 0.0
3.625 0.0
3.635 0.0
3.645 0.0
3.655 0.0
3.665 0.0
3.675 0.0
3.685 0.0
3.695 0.0
3.705 0.0
3.715 0.0
3.725 0.0
3.735 0.0
3.745 0.0
3.755 0.0
3.765 0.0
3.775 0.0
3.785 0.0
3.795 0.0
3.805 0.0
3.815 0.0
3.825 0.0
3.835 0.0
3.8449999999999998 0.0
3.855 0.0
3.8649999999999998 0.0
3.875 0.0
3.885 0.0
3.895 0.0
3.905 0.0
3.915 0.0
3.925 0.0
3.935 0.0
3.945 0.0
3.955 0.0027567094565964195
3.965 0.004092015936333906
3.975 0.006013685223601707
3.985 0.008749860370556821
3.995 0.012604296433136793
4.005 0.017976003733768765
4.015 0.02538193606798969
4.025 0.03548243348457754
4.035 0.049108775336628906
4.045 0.06729175665471111
4.055 0.09128967957399152
4.065 0.1226135749118522
4.075 0.16304687605000884
4.085 0.21465621376117558
4.095 0.27978955815961926
4.1049999999999995 0.36105768672597194
4.115 0.46129499585755485
4.125 0.5860495517162763
4.135 0.7345157276261727
4.145 0.9115688998286418
4.155 1.120240732499056
4.165 1.36326608670495
4.175 1.6429099834787655
4.185 1.9607858377001106
4.195 2.3176755039676316
4.205 2.713363651659536
4.215 3.146500209433786
4.225 3.6145048091845258
4.235 4.113526096145767
4.245 4.638466335511145
4.255 5.183077950528867
4.265 5.740133642831079
4.275 6.301665905409884
4.285 6.859265522758875
4.295 7.40442265375807
4.305 7.928888959225214
4.315 8.425035600663437
4.325 8.88618033866701
4.335 9.306857767802022
4.345 9.683010075848722
4.355 10.012081472941977
4.365 10.293007183149221
4.375 10.526096955407397
4.385 10.71282256657424
4.395 10.855527786518273
4.405 10.957086788155467
4.415 11.020542167755206
4.425 11.048755970908811
4.435 11.044106082192359
4.445 11.008256070348299
4.455 10.942019482595601
4.465 10.845330367009293
4.475 10.717321425650523
4.485 10.556500747929388
4.495 10.361008632248668
4.505 10.12892854125814
4.515 9.858621487464555
4.525 9.549051535422144
4.535 9.200071706181225
4.545 8.812644102004164
4.555 8.38897495327811
4.565 7.9325537189198645
4.575 7.448094417755426
4.585 6.941386091640678
4.595 6.419066856594705
4.605 5.8883417235564055
4.615 5.356667845364449
4.625 4.831431919734682
4.635 4.319643259418474
4.645 3.8276628649320834
4.655 3.3609842019400995
4.665 2.9240758872051877
4.675 2.5202907348677774
4.685 2.15184016995075
4.695 1.8198283364154093
4.705 1.524336632899442
4.715 1.2645470683589113
4.725 1.0388917630138055
4.735 0.8452160217348726
4.745 0.6809434770263122
4.755 0.5432335788279256
4.765 0.42728525782357074
4.775 0.33443811042235555
4.785 0.259161609313213
4.795 0.19883032867041517
4.805 0.15102597490970557
4.815 0.11357368590458002
4.825 0.08455919666089154
4.835 0.06233056037852166
4.845 0.04548814949120077
4.855 0.03286643227395226
4.865 0.023510610768085024
4.875 0.016650693068417044
4.885 0.011675023790591084
4.895 0.00810476241434906
4.905 0.005570316314530145
4.915 0.005641131028585307
4.925 0.005300773276994803
4.935 0.004037481409182796
4.945 0.005874500787041565
4.955 0.00846230067461697
4.965 0.012068769512851846
4.975 0.01704098089493917
4.985 0.023822275396839957
4.995 0.03297075920621977
5.005 0.04517848979164379
5.015 0.06307334733629151
5.025 0.08496734913970974
5.035 0.11335651186239071
5.045 0.14977590082370607
5.055 0.19599837448671498
5.065 0.2540348479581638
5.075 0.32612265761112375
5.085 0.41469944170242157
5.095 0.5223602990200106
5.105 0.6517966069435749
5.115 0.8057157800788288
5.125 0.9867424113132517
5.135 1.199009208976219
5.145 1.4420280797161185
5.155 1.7186749439072997
5.165 2.030118198111309
5.175 2.3768317677669306
5.185 2.7584846876221483
5.195 3.1738537008244245
5.205 3.6207665451105777
5.215 4.09774068139664
5.225 4.598175388094065
5.235 5.118310578387479
5.245 5.652544326719923
5.255 6.194697871824761
5.265 6.738209796308943
5.275 7.27635657700296
5.285 7.802488544121643
5.295 8.310268878031925
5.305 8.793902665850846
5.315 9.248343282652968
5.325 9.669464430210216
5.335 10.054187973531583
5.345 10.400560126261304
5.355 10.707771382273464
5.365 10.976118690220808
5.375 11.206911539272603
5.385 11.402326699461712
5.395 11.566776089000648
5.405 11.701210539075726
5.415 11.810285418079081
5.425 11.897609115002666
5.435 11.966543748215688
5.445 12.019989153072826
5.455 12.060201982697954
5.465 12.090181642972453
5.475 12.10824887326803
5.485 12.115264550129965
5.495 12.111791478398889
5.505 12.093940021985267
5.515 12.060708607035076
5.525 12.009864158766117
5.535 11.939216347178654
5.545 11.84690669069515
5.555 11.73169659604864
5.565 11.593233927496673
5.575 11.433742549339653
5.585 11.253038852664076
5.595 11.055592202882568
5.605 10.846297156908793
5.615 10.631370956703066
5.625 10.418183723887713
5.635 10.215003943792007
5.645 10.030670625774524
5.655 9.874208471230007
5.665 9.754406324820987
5.675 9.67938184707814
5.685 9.656156541806695
5.695 9.690264923616642
5.705 9.78541975788795
5.715 9.943252095843155
5.725 10.161906060362124
5.735 10.441323622604546
5.745 10.774472916753831
5.755 11.153991070419254
5.765 11.570561361018278
5.775 12.013221421758258
5.785 12.469736282269135
5.795 12.92701809628143
5.805 13.371572830716762
5.815 13.789953786901235
5.825 14.16801325919871
5.835 14.496474175059035
5.845 14.762815603773161
5.855 14.957854299670721
5.865 15.074206794474781
5.875 15.106461852436983
5.885 15.051278704423463
5.895 14.907412736354384
5.905 14.67567306819044
5.915 14.35881869973708
5.925 13.96140156460602
5.935 13.48956591561581
5.945 12.949675733994308
5.955 12.352996374467388
5.965 11.707306668740706
5.975 11.02262703068064
5.985 10.309243249788421
5.995 9.577446475029301
6.005 8.83728937479332
6.015 8.098364105556488
6.025 7.368500725670225
6.035 6.658401869386308
6.045 5.973624399474857
6.055 5.320317531692394
6.065 4.703507317968766
6.075 4.127074134731204
6.085 3.5937637351738028
6.095 3.1052296134400423
6.105 2.6621033528776286
6.115 2.2640886765339534
6.125 1.9100741549508728
6.135 1.5982590139285326
6.1450000000000005 1.3262862651769458
6.155 1.0913774733926074
6.165 0.8904638649390996
6.175 0.7203091403596901
6.185 0.577620217744823
6.195 0.45914313364916215
6.205 0.3607039673273367
6.215 0.28177730385913496
6.225 0.21812741851220202
6.235 0.16731581730346837
6.245 0.12716303409721266
6.255 0.09575421467634859
6.265 0.07143406744985469
6.275 0.05177990845065611
6.285 0.037982176247053495
6.295 0.027593662062238032
6.305 0.018850114224384894
6.315 0.01348420463679866
6.325 0.009549788174105697
6.335 0.006696057855950194
6.345 0.004648380937685807
6.355 0.0031947823822077817
6.365 0.0021738917045084918
6.375 0.0014645074488160693
6.385 0.0
6.3950000000000005 0.0
6.405 0.0
6.415 0.0
6.425 0.0
6.435 0.0
6.445 0.0
6.455 0.0
6.465 0.0
6.475 0.0
6.485 0.0
6.495 0.0
6.505 0.0
6.515 0.0
6.525 0.0
6.535 0.0
6.545 0.0
6.555 0.0
6.565 0.0
6.575 0.0
6.585 0.0
6.595 0.0
6.605 0.0
6.615 0.0
6.625 0.0
6.635 0.0
6.6450000000000005 0.0
6.655 0.0
6.665 0.0
6.675 0.0
6.685 0.0
6.695 0.0
6.705 0.0
6.715 0.0
6.725 0.0
6.735 0.0
6.745 0.0
6.755 0.0
6.765 0.0
6.775 0.0
6.785 0.0
6.795 0.0
6.805 0.0
6.815 0.0
6.825 0.0
6.835 0.0
6.845 0.0
6.855 0.0
6.865 0.0
6.875 0.0
6.885 0.0
6.8950000000000005 0.0
6.905 0.0
6.915 0.0
6.925 0.0
6.935 0.0
6.945 0.0
6.955 0.0
6.965 0.0
6.975 0.0
6.985 0.0
6.995 0.0
