0.005 0.0
0.015 0.0
0.025 0.0
0.034999999999999996 0.0
0.045 0.0
0.055 0.0
0.065 0.0
0.07500000000000001 0.0
0.085 0.0
0.095 0.0
0.10500000000000001 0.0
0.115 0.0
0.125 0.0
0.135 0.0
0.14500000000000002 0.0
0.155 0.0
0.165 0.0
0.17500000000000002 0.0
0.185 0.0
0.195 0.0
0.20500000000000002 0.0
0.215 0.0
0.225 0.0
0.23500000000000001 0.0
0.245 0.0
0.255 0.0
0.265 0.0
0.275 0.0
0.28500000000000003 0.0
0.295 0.0
0.305 0.0
0.315 0.0
0.325 0.0
0.335 0.0
0.34500000000000003 0.0
0.35500000000000004 0.0
0.365 0.0
0.375 0.0
0.385 0.0
0.395 0.0
0.405 0.0
0.41500000000000004 0.0
0.425 0.0
0.435 0.0
0.445 0.0
0.455 0.0
0.465 0.0
0.47500000000000003 0.0
0.485 0.0
0.495 0.0
0.505 0.0
0.515 0.0
0.525 0.0
0.535 0.0
0.545 0.0
0.555 0.0
0.5650000000000001 0.0
0.5750000000000001 0.0
0.585 0.0
0.595 0.0
0.605 0.0
0.615 0.0
0.625 0.0
0.635 0.0
0.645 0.0
0.655 0.0
0.665 0.0
0.675 0.0
0.685 0.0
0.6950000000000001 0.0
0.7050000000000001 0.0
0.715 0.0
0.725 0.0
0.735 0.0
0.745 0.0
0.755 0.0
0.765 0.0
0.775 0.0
0.785 0.0
0.795 0.0
0.805 0.0
0.8150000000000001 0.0
0.8250000000000001 0.0
0.8350000000000001 0.0
0.845 0.0
0.855 0.0
0.865 0.0
0.875 0.0
0.885 0.0
0.895 0.0
0.905 0.0
0.915 0.0
0.925 0.0
0.935 0.0
0.9450000000000001 0.0
0.9550000000000001 0.0
0.965 0.0
0.975 0.0
0.985 0.0
0.995 0.0
1.005 0.0
1.015 0.0
1.025 0.0
1.035 0.0
1.045 0.0
1.055 0.0
1.065 0.0
1.075 0.0
1.085 0.0
1.095 0.0
1.105 0.0
1.115 0.0
1.125 0.0
1.135 0.0
1.145 0.0
1.155 0.0
1.1649999999999998 0.0
1.1749999999999998 0.0
1.1849999999999998 0.0
1.1949999999999998 0.0
1.2049999999999998 0.0
1.2149999999999999 0.0
1.2249999999999999 0.0
1.2349999999999999 0.0
1.2449999999999999 0.0
1.255 0.0
1.265 0.0
1.275 0.0
1.285 0.0
1.295 0.0
1.305 0.0
1.315 0.0
1.325 0.0
1.335 0.0
1.345 0.0
1.355 0.0
1.365 0.0
1.375 0.0
1.385 0.0
1.395 0.0
1.405 0.0
1.4149999999999998 0.0
1.4249999999999998 0.0
1.4349999999999998 0.0
1.4449999999999998 0.0
1.4549999999999998 0.0
1.4649999999999999 0.0
1.4749999999999999 0.0
1.4849999999999999 0.0
1.4949999999999999 0.0
1.505 0.0
1.515 0.0
1.525 0.0
1.535 0.0
1.545 0.0
1.555 0.0
1.565 0.0
1.575 0.0
1.585 0.0
1.595 0.0
1.605 0.0
1.615 0.0
1.625 0.0
1.635 0.0
1.645 0.0
1.655 0.0
1.665 0.0
1.6749999999999998 0.0
1.6849999999999998 0.0
1.6949999999999998 0.0
1.7049999999999998 0.0
1.7149999999999999 0.0
1.7249999999999999 0.0
1.7349999999999999 0.0
1.7449999999999999 0.0
1.755 0.0
1.765 0.0
1.775 0.0
1.785 0.0
1.795 0.0
1.805 0.0
1.815 0.0
1.825 0.0
1.835 0.0
1.845 0.0
1.855 0.0
1.865 0.0
1.875 0.0
1.885 0.0
1.895 0.0
1.905 0.0
1.915 0.0
1.9249999999999998 0.0
1.9349999999999998 0.0
1.9449999999999998 0.0
1.9549999999999998 0.0
1.9649999999999999 0.0
1.9749999999999999 0.0
1.9849999999999999 0.0
1.9949999999999999 0.0
2.005 0.0
2.015 0.0
2.025 0.0
2.035 0.0
2.045 0.0
2.0549999999999997 0.0
2.065 0.0
2.0749999999999997 0.0
2.085 0.0
2.0949999999999998 0.0
2.105 0.0
2.1149999999999998 0.0
2.125 0.0
2.135 0.0
2.145 0.0
2.155 0.0
2.165 0.0
2.175 0.0
2.185 0.007824306760332926
2.195 0.011614277259953823
2.205 0.017068508194416365
2.215 0.024834532883216222
2.225 0.03577449250411531
2.235 0.05102088912610711
2.245 0.0720409811385445
2.255 0.10070899692462136
2.265 0.13938433806965725
2.275 0.19099268704152572
2.285 0.2591054546318765
2.295 0.3480113657954646
2.305 0.4627722995895011
2.315 0.609253927888607
2.3249999999999997 0.794120441724651
2.335 1.0247819523962884
2.3449999999999998 1.3092832637692138
2.355 1.6561238810968981
2.3649999999999998 2.0740015571254795
2.375 2.571475504928163
2.385 3.1565506362381637
2.395 3.83619066763139
2.405 4.615775351139863
2.415 5.49852492377794
2.425 6.4849224581667775
2.435 7.572171335427854
2.445 8.753729696603848
2.455 10.018965638031576
2.465 11.35297541406517
2.475 12.73660155444699
2.485 14.146678486397242
2.495 15.556520268188661
2.505 16.936649114416547
2.515 18.255745649523824
2.525 19.481783716751817
2.535 20.583295743072
2.545 21.530700795993805
2.555 22.297618088598924
2.565 22.862084977919487
2.5749999999999997 23.207601145440844
2.585 23.323929730279026
2.5949999999999998 23.207601145440844
2.605 22.862084977919487
2.6149999999999998 22.297618088598924
2.625 21.530700795993805
2.635 20.583295743072
2.645 19.481783716751817
2.655 18.255745649523824
2.665 16.936649114416547
2.675 15.556520268188661
2.685 14.146678486397242
2.695 12.73660155444699
2.705 11.35297541406517
2.715 10.018965638031576
2.725 8.753729696603848
2.735 7.572171335427854
2.745 6.4849224581667775
2.755 5.49852492377794
2.765 4.615775351139863
2.775 3.83619066763139
2.785 3.1565506362381637
2.795 2.571475504928163
2.805 2.0740015571254795
2.815 1.6561238810968981
2.8249999999999997 1.3092832637692138
2.835 1.0247819523962884
2.8449999999999998 0.794120441724651
2.855 0.609253927888607
2.8649999999999998 0.4627722995895011
2.875 0.3480113657954646
2.885 0.2591054546318765
2.895 0.19099268704152572
2.905 0.13938433806965725
2.915 0.10070899692462136
2.925 0.0720409811385445
2.935 0.05102088912610711
2.945 0.03577449250411531
2.955 0.024834532883216222
2.965 0.017068508194416365
2.975 0.011614277259953823
2.985 0.007824306760332926
2.995 0.0
3.005 0.0
3.015 0.0
3.025 0.0
3.035 0.0
3.045 0.0
3.055 0.0
3.065 0.0
3.075 0.0
3.085 0.0
3.0949999999999998 0.0
3.105 0.0
3.1149999999999998 0.0
3.125 0.0
3.135 0.0
3.145 0.0
3.155 0.0
3.165 0.0
3.175 0.0
3.185 0.0
3.195 0.0
3.205 0.0
3.215 0.0
3.225 0.0
3.235 0.003956930308058843
3.245 0.005873604793858366
3.255 0.008631933723539622
3.265 0.01255938945930347
3.275 0.018091976449928257
3.285 0.025802426810603827
3.295 0.03643276655953514
3.305 0.05093083571895676
3.315 0.07048983746044728
3.325 0.09658935610802322
3.335 0.1310355355204162
3.3449999999999998 0.17599728168204287
3.355 0.23403450223337965
3.3649999999999998 0.3081136011676192
3.375 0.40160481182049707
3.385 0.5182555964122306
3.395 0.6621343956639758
3.405 0.837539603155017
3.415 1.048869870741347
3.425 1.3004537876079143
3.435 1.5963396201150157
3.445 1.9400490784946218
3.455 2.3343028259974714
3.465 2.7807294098970234
3.475 3.279573131030936
3.485 3.829419675474734
3.495 4.426960676011718
3.505 5.066819336572173
3.515 5.741458493205842
3.525 6.441189776449438
3.535 7.154297828017085
3.545 7.867286958788432
3.555 8.565249580646707
3.565 9.232346771350322
3.575 9.852382173290762
3.585 10.409441917386504
3.5949999999999998 10.888566251687894
3.605 11.276413810818424
3.6149999999999998 11.561877585522625
3.625 11.736612988551661
3.635 11.795443005975493
3.645 11.736612988551661
3.655 11.561877585522625
3.665 11.276413810818424
3.675 10.888566251687894
3.685 10.409441917386504
3.695 9.852382173290762
3.705 9.232346771350322
3.715 8.565249580646707
3.725 7.867286958788432
3.735 7.154297828017085
3.745 6.441189776449438
3.755 5.741458493205842
3.765 5.066819336572173
3.775 4.426960676011718
3.785 3.829419675474734
3.795 3.279573131030936
3.805 2.7807294098970234
3.815 2.3343028259974714
3.825 1.9400490784946218
3.835 1.5963396201150157
3.8449999999999998 1.3004537876079143
3.855 1.048869870741347
3.8649999999999998 0.837539603155017
3.875 0.6621343956639758
3.885 0.5182555964122306
3.895 0.40160481182049707
3.905 0.3081136011676192
3.915 0.23403450223337965
3.925 0.17599728168204287
3.935 0.1310355355204162
3.945 0.09658935610802322
3.955 0.07048983746044728
3.965 0.05093083571895676
3.975 0.03643276655953514
3.985 0.025802426810603827
3.995 0.018091976449928257
4.005 0.01255938945930347
4.015 0.008631933723539622
4.025 0.005873604793858366
4.035 0.0066150839105946725
4.045 0.003945721184643657
4.055 0.00579868836136604
4.065 0.008437041781834074
4.075 0.012153676874072206
4.085 0.01993255519016991
4.095 0.0283327353755151
4.1049999999999995 0.03988400994219717
4.115 0.055603048003696476
4.125 0.07677019363999206
4.135 0.10497497762250702
4.145 0.14216182929890156
4.155 0.1906730363219463
4.165 0.2532851324698313
4.175 0.3332340498055424
4.185 0.434223641496886
4.195 0.560411675051437
4.205 0.7163672337671433
4.215 0.9069937696985965
4.225 1.137412934975369
4.235 1.4128058617636263
4.245 1.7382108001324243
4.255 2.11827893023292
4.265 2.5569936370161463
4.275 3.0573623853663503
4.285 3.6210942921870357
4.295 4.248280220486987
4.305 4.937095332104885
4.315 5.683546129159634
4.325 6.4812847153014195
4.335 7.321512014730536
4.345 8.192988815895038
4.355 9.082168730266181
4.365 9.973460629566254
4.375 10.84962019323231
4.385 11.692261386228417
4.395 12.48246966405137
4.405 13.201490224495359
4.415 13.831457470523807
4.425 14.3561267308325
4.435 14.76156678027753
4.445 15.036772178850175
4.455 15.174158014628961
4.465 15.172115150575596
4.475 15.02741983555405
4.485 14.745741662559112
4.495 14.335073211526343
4.505 13.80903316413322
4.515 13.178738748378276
4.525 12.4625485817147
4.535 11.679107738937926
4.545 10.848099932477279
4.555 9.989558450427886
4.565 9.123222626921319
4.575 8.267971234555933
4.585 7.441356173539303
4.595 6.659250513109685
4.605 5.935615158655747
4.615 5.28237901016763
4.625 4.709419205554456
4.635 4.224621531355584
4.645 3.8339967800068164
4.655 3.541826980533708
4.665 3.350816062615936
4.675 3.2622224676158647
4.685 3.275956153645576
4.695 3.390628871063992
4.705 3.603553921869199
4.715 3.9106992121635504
4.725 4.306604596077901
4.735 4.7842806566014975
4.745 5.335110612234655
4.755 5.948779533311809
4.765 6.6152150749920064
4.775 7.317751899969984
4.785 8.04260544207999
4.795 8.773456390359453
4.805 9.4931215215182
4.815 10.184017296302098
4.825 10.828707623993235
4.835 11.410511384865181
4.845 11.914265766605403
4.855 12.32796601613881
4.865 12.639750478981483
4.875 12.844136630792017
4.885 12.934418477173711
4.895 12.910123116401923
4.905 12.779186443915744
4.915 12.546764696031182
4.925 12.224129761270275
4.935 11.8256684239566
4.945 11.36834399390931
4.955 10.871050656521131
4.965 10.353895108742869
4.975 9.837442440475805
4.985 9.341962987945855
4.995 8.886714257924096
5.005 8.489287427947982
5.015 8.16504193330383
5.025 7.926644888260501
5.035 7.783725184452148
5.045 7.742645623709414
5.055 7.8063908203905354
5.065 7.974564147258133
5.075 8.24348383946364
5.085 8.606366502746639
5.095 9.053585554805998
5.105 9.572992325847508
5.115 10.150288358534276
5.125 10.76943856077215
5.135 11.413115974090392
5.145 12.063169769905347
5.155 12.701108491650794
5.165 13.308590427610309
5.175 13.867912329823817
5.185 14.362486588119634
5.195 14.77729561148979
5.205 15.099310815596244
5.215 15.317862558899144
5.225 15.424946909903328
5.235 15.415455530861621
5.245 15.287316425081368
5.255 15.041535908664486
5.265 14.68213589969196
5.275 14.21451192767638
5.285 13.651556648991171
5.295 13.002792169001712
5.305 12.281703574581215
5.315 11.501589031208429
5.325 10.68132310564585
5.335 9.83448574957221
5.345 8.976488764208485
5.355 8.121928184014376
5.365 7.284170424711526
5.375 6.475016142301985
5.385 5.704453407636603
5.395 4.980505799487878
5.405 4.3091750102408435
5.415 3.6944720190121845
5.425 3.1385262199087407
5.435 2.6417583914579854
5.445 2.2046315971488686
5.455 1.822521945121153
5.465 1.4947872295486335
5.475 1.2152647740249116
5.485 0.9807849858856891
5.495 0.7870155694563086
5.505 0.6296912548858931
5.515 0.5047980719083662
5.525 0.40872440305665697
5.535 0.3383791830463434
5.545 0.29127890444289256
5.555 0.2656057505869847
5.565 0.2602392545070996
5.575 0.27345629679022504
5.585 0.3085878291381471
5.595 0.3646597925356029
5.605 0.44322736777536237
5.615 0.5463334982751482
5.625 0.6764005025246416
5.635 0.8360941162415771
5.645 1.0295908171053147
5.655 1.2560906898490867
5.665 1.5219165299530601
5.675 1.8285300307680905
5.685 2.1737127514177628
5.695 2.5616299712843813
5.705 2.9896025651237235
5.715 3.4555065681092025
5.725 3.955792593830184
5.735 4.485448887152378
5.745 5.0380416532817325
5.755 5.605841224535351
5.765 6.180037166005162
5.775 6.751038873429846
5.785 7.308851054637238
5.795 7.843506314825534
5.805 8.34553057170761
5.815 8.806411909587052
5.825 9.219040380484124
5.835 9.578085675346697
5.845 9.880281811663231
5.855 10.124593049975307
5.865 10.31224291242433
5.875 10.446597905620694
5.885 10.532908581614624
5.895 10.577921964545336
5.905 10.589390101867822
5.915 10.575508560743138
5.925 10.544325196984353
5.935 10.503162806949419
5.945 10.458098953006088
5.955 10.413542286040851
5.965 10.37193737352229
5.975 10.333619996705536
5.985 10.296832982786666
5.995 10.257899937841783
6.005 10.211541865256978
6.015 10.151310673899609
6.025 10.070104938668301
6.035 9.96072767935513
6.045 9.816443782440633
6.055 9.631496087038151
6.065 9.401543846680516
6.075 9.123994726668393
6.085 8.79821093621562
6.095 8.42558061330054
6.105 8.009456214178343
6.115 7.55497148938008
6.125 7.0687568647468995
6.135 6.558579099414022
6.1450000000000005 6.032934614885395
6.155 5.500626790919
6.165 4.970355961743499
6.175 4.450347186998908
6.185 3.948035637545399
6.195 3.4698232376364047
6.205 3.0209136727536006
6.215 2.6052265939777426
6.225 2.226577547028967
6.235 1.8857317716944308
6.245 1.5820058217718207
6.255 1.31460378044935
6.265 1.0845879859780165
6.275 0.8875774532540595
6.285 0.7237318939374275
6.295 0.5891880327734366
6.305 0.4815859223529099
6.315 0.39870825925095693
6.325 0.33861298381510263
6.335 0.299737557318153
6.345 0.280974382061827
6.355 0.2817174959689469
6.365 0.30188095675567256
6.375 0.341889345971776
6.385 0.40264071532306644
6.3950000000000005 0.4854422247414664
6.405 0.5919188350825826
6.415 0.7238958442404912
6.425 0.8832568777419987
6.435 1.0717801912847178
6.445 1.2909577755811048
6.455 1.5408493655214044
6.465 1.8240297243689307
6.475 2.138598368771302
6.485 2.482103019274384
6.495 2.8540791735211464
6.505 3.2492272816445795
6.515 3.662368447728919
6.525 4.087067885092113
6.535 4.515746455117915
6.545 4.939865615798882
6.555 5.350182677302396
6.565 5.737067811477811
6.575 6.090868951612691
6.585 6.4023060537964795
6.595 6.662872658739008
6.605 6.865220704156049
6.615 7.003504377001303
6.625 7.073660578778165
6.635 7.073607233274354
6.6450000000000005 7.00334593155939
6.655 6.864961853155342
6.665 6.6625209688305205
6.675 6.401871596522434
6.685 6.090363824570348
6.695 5.736505579774569
6.705 5.349577771213834
6.715 4.939232721753706
6.725 4.515099935431891
6.735 4.086421257571855
6.745 3.6617339499083776
6.755 3.2486155367007896
6.765 2.85349896661129
6.775 2.481561184899383
6.785 2.136683092420011
6.795 1.8214744737663517
6.805 1.5373540876549332
6.815 1.2846728829479552
6.825 1.062867262032095
6.835 0.8706293759478199
6.845 0.7060824311331733
6.855 0.5669506867436054
6.865 0.45071596926196966
6.875 0.35475487614091206
6.885 0.27645315872236176
6.8950000000000005 0.2132958871841163
6.905 0.1629337805493642
6.915 0.12322746145440608
6.925 0.09227234730919548
6.935 0.06840743712016442
6.945 0.05021144730905931
6.955 0.03648965961575697
6.965 0.027442188524100658
6.975 0.02165695657289441
6.985 0.017550022644539556
6.995 0.015579398292576124
