0.005 0.0
0.015 0.0
0.025 0.0
0.034999999999999996 0.0
0.045 0.0
0.055 0.0
0.065 0.0
0.07500000000000001 0.0
0.085 0.0
0.095 0.0
0.10500000000000001 0.0
0.115 0.0
0.125 0.0
0.135 0.0
0.14500000000000002 0.0
0.155 0.0
0.165 0.0
0.17500000000000002 0.0
0.185 0.0
0.195 0.0
0.20500000000000002 0.0
0.215 0.0
0.225 0.0
0.23500000000000001 0.0
0.245 0.0
0.255 0.0
0.265 0.0
0.275 0.0
0.28500000000000003 0.0
0.295 0.0
0.305 0.0
0.315 0.0
0.325 0.0
0.335 0.0
0.34500000000000003 0.0
0.35500000000000004 0.0
0.365 0.0
0.375 0.0
0.385 0.0
0.395 0.0
0.405 0.0
0.41500000000000004 0.0
0.425 0.0
0.435 0.0
0.445 0.0
0.455 0.0
0.465 0.0
0.47500000000000003 0.0
0.485 0.0
0.495 0.0
0.505 0.0
0.515 0.0
0.525 0.0
0.535 0.0
0.545 0.0
0.555 0.0
0.5650000000000001 0.0
0.5750000000000001 0.0
0.585 0.0
0.595 0.0
0.605 0.0
0.615 0.0
0.625 0.0
0.635 0.0
0.645 0.0
0.655 0.0
0.665 0.0
0.675 0.0
0.685 0.0
0.6950000000000001 0.0
0.7050000000000001 0.0
0.715 0.0
0.725 0.0
0.735 0.0
0.745 0.0
0.755 0.0
0.765 0.0
0.775 0.0
0.785 0.0
0.795 0.0
0.805 0.0
0.8150000000000001 0.0
0.8250000000000001 0.0
0.8350000000000001 0.0
0.845 0.0
0.855 0.0
0.865 0.0
0.875 0.0
0.885 0.0
0.895 0.0
0.905 0.0
0.915 0.0
0.925 0.0
0.935 0.0
0.9450000000000001 0.0
0.9550000000000001 0.0
0.965 0.0
0.975 0.0
0.985 0.0
0.995 0.0
1.005 0.0
1.015 0.0
1.025 0.0
1.035 0.0
1.045 0.0
1.055 0.0
1.065 0.0
1.075 0.0
1.085 0.0
1.095 0.0
1.105 0.0
1.115 0.0
1.125 0.0
1.135 0.0
1.145 0.0
1.155 0.0
1.1649999999999998 0.0
1.1749999999999998 0.0
1.1849999999999998 0.0
1.1949999999999998 0.0
1.2049999999999998 0.0
1.2149999999999999 0.0
1.2249999999999999 0.0
1.2349999999999999 0.0
1.2449999999999999 0.0
1.255 0.0
1.265 0.0
1.275 0.0
1.285 0.0
1.295 0.0
1.305 0.0
1.315 0.0
1.325 0.0
1.335 0.0
1.345 0.0
1.355 0.0
1.365 0.0
1.375 0.0
1.385 0.0
1.395 0.0
1.405 0.0
1.4149999999999998 0.0
1.4249999999999998 0.0
1.4349999999999998 0.0
1.4449999999999998 0.0
1.4549999999999998 0.0
1.4649999999999999 0.0
1.4749999999999999 0.0
1.4849999999999999 0.0
1.4949999999999999 0.0
1.505 0.0
1.515 0.0
1.525 0.0
1.535 0.0
1.545 0.0
1.555 0.0
1.565 0.0
1.575 0.0
1.585 0.0
1.595 0.0
1.605 0.0
1.615 0.0
1.625 0.0
1.635 0.0
1.645 0.0
1.655 0.0
1.665 0.0
1.6749999999999998 0.0
1.6849999999999998 0.0
1.6949999999999998 0.0
1.7049999999999998 0.0
1.7149999999999999 0.0
1.7249999999999999 0.0
1.7349999999999999 0.0
1.7449999999999999 0.0
1.755 0.0
1.765 0.0
1.775 0.0
1.785 0.0
1.795 0.0
1.805 0.0
1.815 0.0
1.825 0.0
1.835 0.0
1.845 0.0
1.855 0.0
1.865 0.0
1.875 0.0
1.885 0.0
1.895 0.0
1.905 0.0
1.915 0.0
1.9249999999999998 0.0
1.9349999999999998 0.0
1.9449999999999998 0.0
1.9549999999999998 0.0
1.9649999999999999 0.0
1.9749999999999999 0.0
1.9849999999999999 0.0
1.9949999999999999 0.0
2.005 0.0
2.015 0.0
2.025 0.0
2.035 0.0
2.045 0.0
2.0549999999999997 0.0
2.065 0.0
2.0749999999999997 0.0
2.085 0.0
2.0949999999999998 0.008398966020656743
2.105 0.012467292381144803
2.1149999999999998 0.01832211143292448
2.125 0.026658514832583104
2.135 0.038401964052789624
2.145 0.054768138218501405
2.155 0.07733205908348903
2.165 0.10810560846521923
2.175 0.1496214751182596
2.185 0.2050202193999159
2.195 0.2781355557597475
2.205 0.37357119622877355
2.215 0.496760791544939
2.225 0.6540008201404325
2.235 0.8524449271554974
2.245 1.1000474624019558
2.255 1.40544408350169
2.265 1.77775854518505
2.275 2.2263274100394392
2.285 2.7603385258790376
2.295 3.3883847283000286
2.305 4.1179411867570455
2.315 4.954782771267403
2.3249999999999997 5.902366230408388
2.335 6.961210116258145
2.3449999999999998 8.128312411174356
2.355 9.39665078681823
2.3649999999999998 10.754812475217184
2.375 12.18679911931616
2.385 13.672046220985889
2.395 15.185686802922651
2.405 16.69907496400549
2.415 18.180567911388728
2.425 19.596546005767618
2.435 20.91263091681492
2.445 22.095043923333378
2.455 23.112031509713514
2.465 23.935275341857228
2.475 24.541199721921732
2.485 24.9120924590664
2.495 25.036964842168796
2.505 24.9120924590664
2.515 24.54735276508215
2.525 23.9444088218506
2.535 23.125454202716373
2.545 22.114573826413597
2.555 20.946751606693393
2.565 19.645556772550158
2.5749999999999997 18.25028277911395
2.585 16.79727738010328
2.5949999999999998 15.322675408701713
2.605 13.861287070582094
2.6149999999999998 12.445689655125944
2.625 11.105557060395476
2.635 9.867239995770667
2.645 8.75358848243636
2.655 7.783989055724249
2.665 6.974573332169183
2.675 6.338543400665301
2.685 5.886553464621089
2.695 5.62708650386923
2.705 5.566769248369461
2.715 5.7105779272257795
2.725 6.061900268992387
2.735 6.622435068514477
2.745 7.3919281427607855
2.755 8.367761425620408
2.765 9.544429015267376
2.775 10.912948919905016
2.785 12.460270856947332
2.795 14.168747700333633
2.805 16.01574021738125
2.815 17.973421073830796
2.8249999999999997 20.00883458341182
2.835 22.0842536561017
2.8449999999999998 24.157855660430304
2.855 26.184715737345446
2.8649999999999998 28.118091178289795
2.875 29.91094580075523
2.885 31.51764095145079
2.895 32.89570191206185
2.905 34.0019549604071
2.915 34.81844246343835
2.925 35.31384893562001
2.935 35.47409583858057
2.945 35.2946064971639
2.955 34.780522969062865
2.965 33.94646158081563
2.975 32.81582333057793
2.985 31.41970450547212
2.995 29.795478191851444
3.005 27.985136818736933
3.015 26.03349800899889
3.025 23.98638008487938
3.035 21.88884962113888
3.045 19.783632229719302
3.055 17.70976067853228
3.065 15.7015133156116
3.075 13.787672635205354
3.085 11.99111073564514
3.0949999999999998 10.328687233449859
3.105 8.811427407658657
3.1149999999999998 7.444934979313553
3.125 6.229985496842233
3.135 5.163242813073818
3.145 4.238042183101935
3.155 3.445188329753879
3.165 2.7737244481578505
3.175 2.2116374984828617
3.185 1.7464752386140199
3.195 1.3658603674005105
3.205 1.057896157986995
3.215 0.8114655497443652
3.225 0.6164315481414202
3.235 0.46375086960072576
3.245 0.34551514647911064
3.255 0.25493488345839627
3.265 0.18628101568860803
3.275 0.13479767918789912
3.285 0.0965979799561198
3.295 0.0685524236341402
3.305 0.04817747730764482
3.315 0.033529657193888424
3.325 0.019004753774415874
3.335 0.013061763515218294
3.3449999999999998 0.008887885293884153
3.355 0.0059875909136233125
3.3649999999999998 0.0
3.375 0.0
3.385 0.0
3.395 0.0
3.405 0.0
3.415 0.0
3.425 0.0
3.435 0.0
3.445 0.0
3.455 0.0
3.465 0.0
3.475 0.0
3.485 0.0
3.495 0.0
3.505 0.0
3.515 0.0
3.525 0.0
3.535 0.0
3.545 0.0
3.555 0.0
3.565 0.0
3.575 0.0
3.585 0.0
3.5949999999999998 0.0
3.605 0.0
3.6149999999999998 0.0
3.625 0.0
3.635 0.0
3.645 0.0
3.655 0.0
3.665 0.0
3.675 0.0
3.685 0.0
3.695 0.0
3.705 0.0
3.715 0.0
3.725 0.0
3.735 0.0
3.745 0.0
3.755 0.0
3.765 0.0
3.775 0.0
3.785 0.0
3.795 0.0
3.805 0.002956890899281315
3.815 0.0043891621051711065
3.825 0.006450375488886224
3.835 0.009385240957393138
3.8449999999999998 0.013519571068980576
3.855 0.019281350712763698
3.8649999999999998 0.027225072843999165
3.875 0.03805902881924992
3.885 0.05267486224210651
3.895 0.07217822044062362
3.905 0.09791877852224488
3.915 0.13151729244359078
3.925 0.17488670153283425
3.935 0.23024370719439458
3.945 0.3001067799352188
3.955 0.3872762816701461
3.965 0.49479243156051766
3.975 0.625867285383568
3.985 0.7837878188071786
3.995 0.9717886518451602
4.005 1.1928949279867094
4.015 1.449738311710124
4.025 1.744351870009214
4.035 2.0779525655891677
4.045 2.4507229568645448
4.055 2.8616061710459775
4.065 3.3081299682523104
4.075 3.7862764360797154
4.085 4.290413286427106
4.095 4.813300702248294
4.1049999999999995 5.346184160819748
4.115 5.878978753580349
4.125 6.400544503780206
4.135 6.899045477656422
4.145 7.3623786411180046
4.155 7.7786520549605465
4.165 8.136686762024924
4.175 8.426513175082002
4.185 8.639831371709889
4.195 8.770405701499456
4.205 8.814367543023632
4.215 8.770405701499456
4.225 8.639831371709889
4.235 8.426513175082002
4.245 8.136686762024924
4.255 7.7786520549605465
4.265 7.3623786411180046
4.275 6.899045477656422
4.285 6.400544503780206
4.295 5.878978753580349
4.305 5.346184160819748
4.315 4.813300702248294
4.325 4.290413286427106
4.335 3.7862764360797154
4.345 3.3081299682523104
4.355 2.8616061710459775
4.365 2.4530256790025007
4.375 2.0813706899268327
4.385 1.7493751944883131
4.395 1.4570472057000547
4.405 1.2034234921632823
4.415 0.9868042863911496
4.425 0.8049897434235291
4.435 0.6555063120492066
4.445 0.5358137527828023
4.455 0.44348612902273954
4.465 0.3763624642689102
4.475 0.33266472682263565
4.485 0.3110822843159534
4.495 0.31082295495903967
4.505 0.3316313331773433
4.515 0.3737753025391858
4.525 0.4380017223316335
4.535 0.5254623529748047
4.545 0.6376113276314272
4.555 0.7760760104555142
4.565 0.9425039849334865
4.575 1.13839020540465
4.585 1.3648899677075388
4.595 1.6226251868320754
4.605 1.9114933229130686
4.615 2.2285177589000686
4.625 2.57625471233349
4.635 2.9486182841240933
4.645 3.3412222473397764
4.655 3.7484284883149117
4.665 4.16341929413097
4.675 4.578340894393989
4.685 4.984517868889947
4.695 5.3727328106777135
4.705 5.73356030451977
4.715 6.057739328416332
4.725 6.336564105588204
4.735 6.562270673819402
4.745 6.728395346841064
4.755 6.830082020477976
4.765 6.864317949077042
4.775 6.830082020477976
4.785 6.728395346841064
4.795 6.562270673819402
4.805 6.336564105588204
4.815 6.057739328416332
4.825 5.73356030451977
4.835 5.3727328106777135
4.845 4.984517868889947
4.855 4.578340894393989
4.865 4.165305419792879
4.875 3.7512282234295404
4.885 3.345336778160476
4.895 2.9546048911433935
4.905 2.584878503606076
4.915 2.2408168431795925
4.925 1.9259026150376182
4.935 1.6425129133130825
4.945 1.3920395500109835
4.955 1.1750456194599603
4.965 0.9914443176095232
4.975 0.840686202823691
4.985 0.7219420432569795
4.995 0.6342699416347629
5.005 0.5767573586197197
5.015 0.5486307935163399
5.025 0.5493280894425567
5.035 0.5785305200164259
5.045 0.6361539407000527
5.055 0.7223003376791675
5.065 0.8371730844934852
5.075 0.9809611235779936
5.085 1.1536991093083062
5.095 1.355112232031719
5.105 1.5844559020614357
5.115 1.8403615865389946
5.125 2.1207007141090397
5.135 2.422478540901336
5.145 2.7417690737707114
5.155 3.0737004858558357
5.165 3.4124979178641595
5.175 3.750051344688813
5.185 4.082744899957991
5.195 4.400726019769778
5.205 4.696274485839648
5.215 4.961804731953863
5.225 5.190185985050644
5.235 5.375058898454034
5.245 5.511129162294301
5.255 5.594419213429628
5.265 5.6224613564331785
5.275 5.594419213429628
5.285 5.512746893844579
5.295 5.379072288897478
5.305 5.197714339852766
5.315 4.972840631665417
5.325 4.7122921565055265
5.335 4.423744413887165
5.345 4.115496673815871
5.355 3.7961914805613937
5.365 3.474553892476652
5.375 3.1591656333314413
5.385 2.8582852173950943
5.395 2.5797201530962326
5.405 2.3307519756946196
5.415 2.11810957453963
5.425 1.9479815123818338
5.435 1.8260541780816781
5.445 1.7575599882371749
5.455 1.7473186822396924
5.465 1.7997551599999697
5.475 1.9188793051824535
5.485 2.108216724168316
5.495 2.3706841112543655
5.505 2.709908156927426
5.515 3.1262179125439253
5.525 3.618259534476593
5.535 4.185488668920994
5.545 4.824578339149617
5.555 5.530183541372193
5.565 6.2947727027485065
5.575 7.108550588499877
5.585 7.959496887063583
5.595 8.833538396758792
5.605 9.714864030372166
5.615 10.586381263510784
5.625 11.43030094189947
5.635 12.228825492693776
5.645 12.964904636006672
5.655 13.623013765145258
5.665 14.189904262455977
5.675 14.654014935068275
5.685 15.011469286147438
5.695 15.260283304556147
5.705 15.397260372499503
5.715 15.429433000092473
5.725 15.365628127199798
5.735 15.217842766906251
5.745 15.000559049291649
5.755 14.729921648521415
5.765 14.422834023869129
5.775 14.096036284160402
5.785 13.7652287518715
5.795 13.444301296353578
5.805 13.144719547308503
5.815 12.875105965305739
5.825 12.641037591508622
5.835 12.445064550401314
5.845 12.28693560082475
5.855 12.164000777882393
5.865 12.07174784681467
5.875 12.004420027937869
5.885 11.955657999502028
5.895 11.919109850008997
5.905 11.888958272650946
5.915 11.860324262158027
5.925 11.829519888509758
5.935 11.7941380879827
5.945 11.752983363315565
5.955 11.705862322127214
5.965 11.653265716771172
5.975 11.595982932339714
5.985 11.534694906269847
5.995 11.46959188178854
6.005 11.40005828380166
6.015 11.324458887341098
6.025 11.24004923516727
6.035 11.143020145954189
6.045 11.028672487415546
6.055 10.891705534123982
6.065 10.726591425800246
6.075 10.528000476169266
6.085 10.291237997985963
6.095 10.01157416093878
6.105 9.68819621211113
6.115 9.320361890460767
6.125 8.910214582981087
6.135 8.45921986548662
6.1450000000000005 7.972109725151795
6.155 7.4550731727315265
6.165 6.915462012114366
6.175 6.361431772794379
6.185 5.801547411236301
6.195 5.244383784455006
6.205 4.6981487227775585
6.215 4.170352230058918
6.225 3.6675395303934235
6.235 3.195099051859265
6.245 2.7571496798230744
6.255 2.356505341790096
6.265 1.9947096924401722
6.275 1.6721296805224661
6.285 1.3880942562678895
6.295 1.1410634142559521
6.305 0.928813021037493
6.315 0.7476221197564429
6.325 0.5957951100958678
6.335 0.47101824639313633
6.345 0.3686681190466342
6.355 0.2856870077215167
6.365 0.21918077215474582
6.375 0.16648360447566835
6.385 0.12519804367617274
6.3950000000000005 0.09321389820584715
6.405 0.06871014318569177
6.415 0.05014389804635168
6.425 0.036230337956728344
6.435 0.02591694062187257
6.445 0.01835490484802658
6.455 0.01286997183205651
6.465 0.008934291342707559
6.475 0.0061404426534379065
6.485 0.004178268110109607
6.495 0.002814815824410933
6.505 0.0
6.515 0.0
6.525 0.0
6.535 0.0
6.545 0.0
6.555 0.0
6.565 0.0
6.575 0.0
6.585 0.0
6.595 0.0
6.605 0.0
6.615 0.0
6.625 0.0
6.635 0.0
6.6450000000000005 0.0
6.655 0.0
6.665 0.0
6.675 0.0
6.685 0.0
6.695 0.0
6.705 0.0
6.715 0.0
6.725 0.0
6.735 0.0
6.745 0.0
6.755 0.0
6.765 0.0
6.775 0.0
6.785 0.0
6.795 0.0
6.805 0.0
6.815 0.0
6.825 0.0
6.835 0.0
6.845 0.0
6.855 0.0
6.865 0.0
6.875 0.0
6.885 0.0
6.8950000000000005 0.0
6.905 0.0
6.915 0.0
6.925 0.0
6.935 0.0
6.945 0.0
6.955 0.0
6.965 0.0
6.975 0.0
6.985 0.0
6.995 0.0
