0.005 0.0
0.015 0.0
0.025 0.0
0.034999999999999996 0.0
0.045 0.0
0.055 0.0
0.065 0.0
0.07500000000000001 0.0
0.085 0.0
0.095 0.0
0.10500000000000001 0.0
0.115 0.0
0.125 0.0
0.135 0.0
0.14500000000000002 0.0
0.155 0.0
0.165 0.0
0.17500000000000002 0.0
0.185 0.0
0.195 0.0
0.20500000000000002 0.0
0.215 0.0
0.225 0.0
0.23500000000000001 0.0
0.245 0.0
0.255 0.0
0.265 0.0
0.275 0.0
0.28500000000000003 0.0
0.295 0.0
0.305 0.0
0.315 0.0
0.325 0.0
0.335 0.0
0.34500000000000003 0.0
0.35500000000000004 0.0
0.365 0.0
0.375 0.0
0.385 0.0
0.395 0.0
0.405 0.0
0.41500000000000004 0.0
0.425 0.0
0.435 0.0
0.445 0.0
0.455 0.0
0.465 0.0
0.47500000000000003 0.0
0.485 0.0
0.495 0.0
0.505 0.0
0.515 0.0
0.525 0.0
0.535 0.0
0.545 0.0
0.555 0.0
0.5650000000000001 0.0
0.5750000000000001 0.0
0.585 0.0
0.595 0.0
0.605 0.0
0.615 0.0
0.625 0.0
0.635 0.0
0.645 0.0
0.655 0.0
0.665 0.0
0.675 0.0
0.685 0.0
0.6950000000000001 0.0
0.7050000000000001 0.0
0.715 0.0
0.725 0.0
0.735 0.0
0.745 0.0
0.755 0.0
0.765 0.0
0.775 0.0
0.785 0.0
0.795 0.0
0.805 0.0
0.8150000000000001 0.0
0.8250000000000001 0.0
0.8350000000000001 0.0
0.845 0.0
0.855 0.0
0.865 0.0
0.875 0.0
0.885 0.0
0.895 0.0
0.905 0.0
0.915 0.0
0.925 0.0
0.935 0.0
0.9450000000000001 0.0
0.9550000000000001 0.0
0.965 0.0
0.975 0.0
0.985 0.0
0.995 0.0
1.005 0.0
1.015 0.0
1.025 0.0
1.035 0.0
1.045 0.0
1.055 0.0
1.065 0.0
1.075 0.0
1.085 0.0
1.095 0.0
1.105 0.0
1.115 0.0
1.125 0.0
1.135 0.0
1.145 0.0
1.155 0.0
1.1649999999999998 0.0
1.1749999999999998 0.0
1.1849999999999998 0.0
1.1949999999999998 0.0
1.2049999999999998 0.0
1.2149999999999999 0.0
1.2249999999999999 0.0
1.2349999999999999 0.0
1.2449999999999999 0.0
1.255 0.0
1.265 0.0
1.275 0.0
1.285 0.0
1.295 0.0
1.305 0.0
1.315 0.0
1.325 0.0
1.335 0.0
1.345 0.0
1.355 0.0
1.365 0.0
1.375 0.0
1.385 0.0
1.395 0.0
1.405 0.0
1.4149999999999998 0.0
1.4249999999999998 0.0
1.4349999999999998 0.0
1.4449999999999998 0.0
1.4549999999999998 0.0
1.4649999999999999 0.0
1.4749999999999999 0.0
1.4849999999999999 0.0
1.4949999999999999 0.0
1.505 0.0
1.515 0.0
1.525 0.014109286791494272
1.535 0.020943602258463354
1.545 0.03077901782160486
1.555 0.04478320668081568
1.565 0.06451083655355655
1.575 0.09200410708419694
1.585 0.12990887177090993
1.595 0.18160485824724185
1.605 0.251346689273173
1.615 0.34441014125478053
1.625 0.46723540891514054
1.635 0.6275561934254862
1.645 0.8345003965296665
1.655 1.0986453702204997
1.665 1.4320084069408932
1.6749999999999998 1.84795188992455
1.6849999999999998 2.3609827203448557
1.6949999999999998 2.9864277457910444
1.7049999999999998 3.739971306319788
1.7149999999999999 4.637047918452291
1.7249999999999999 5.692092547335518
1.7349999999999999 6.917662608893172
1.7449999999999999 8.323459213602126
1.755 9.915289297330805
1.765 11.694023967304654
1.775 13.654620182777416
1.785 15.78528124827106
1.795 18.066835039977263
1.805 20.47240617736377
1.815 22.967448693568073
1.825 25.510188956746344
1.835 28.052505182226234
1.845 30.541241155534976
1.855 32.91991978989658
1.865 35.130789485791915
1.875 37.11710591735398
1.885 38.825526868734954
1.895 40.20848082979125
1.905 41.226363368101595
1.915 41.849420061554824
1.9249999999999998 42.0591911525672
1.9349999999999998 41.849420061554824
1.9449999999999998 41.226363368101595
1.9549999999999998 40.20848082979125
1.9649999999999999 38.825526868734954
1.9749999999999999 37.11710591735398
1.9849999999999999 35.130789485791915
1.9949999999999999 32.91991978989658
2.005 30.541241155534976
2.015 28.052505182226234
2.025 25.510188956746344
2.035 22.967448693568073
2.045 20.47240617736377
2.0549999999999997 18.066835039977263
2.065 15.78528124827106
2.0749999999999997 13.654620182777416
2.085 11.694023967304654
2.0949999999999998 9.915289297330805
2.105 8.323459213602126
2.1149999999999998 6.917662608893172
2.125 5.692092547335518
2.135 4.637047918452291
2.145 3.739971306319788
2.155 2.9864277457910444
2.165 2.3609827203448557
2.175 1.84795188992455
2.185 1.4320084069408932
2.195 1.0986453702204997
2.205 0.8345003965296665
2.215 0.6275561934254862
2.225 0.46723540891514054
2.235 0.34441014125478053
2.245 0.251346689273173
2.255 0.18160485824724185
2.265 0.12990887177090993
2.275 0.09200410708419694
2.285 0.06451083655355655
2.295 0.04478320668081568
2.305 0.03077901782160486
2.315 0.020943602258463354
2.3249999999999997 0.014109286791494272
2.335 0.0
2.3449999999999998 0.0
2.355 0.0
2.3649999999999998 0.0
2.375 0.0
2.385 0.0
2.395 0.0
2.405 0.0
2.415 0.0
2.425 0.0
2.435 0.0
2.445 0.0
2.455 0.0
2.465 0.0
2.475 0.0
2.485 0.0
2.495 0.0
2.505 0.0
2.515 0.0
2.525 0.0
2.535 0.0
2.545 0.0
2.555 0.0
2.565 0.0
2.5749999999999997 0.0
2.585 0.0
2.5949999999999998 0.0
2.605 0.0
2.6149999999999998 0.0
2.625 0.0
2.635 0.0
2.645 0.0
2.655 0.0
2.665 0.0
2.675 0.0
2.685 0.0
2.695 0.0
2.705 0.0
2.715 0.0
2.725 0.0
2.735 0.0
2.745 0.0
2.755 0.0
2.765 0.0
2.775 0.0
2.785 0.0
2.795 0.0
2.805 0.0
2.815 0.0
2.8249999999999997 0.0
2.835 0.0
2.8449999999999998 0.0
2.855 0.0
2.8649999999999998 0.0
2.875 0.0
2.885 0.0
2.895 0.0
2.905 0.0
2.915 0.0
2.925 0.0
2.935 0.0
2.945 0.0
2.955 0.0
2.965 0.0
2.975 0.0
2.985 0.0
2.995 0.0
3.005 0.0
3.015 0.0
3.025 0.0
3.035 0.0
3.045 0.0
3.055 0.0
3.065 0.0
3.075 0.0
3.085 0.0
3.0949999999999998 0.0
3.105 0.0
3.1149999999999998 0.0
3.125 0.0
3.135 0.0
3.145 0.0
3.155 0.0
3.165 0.0
3.175 0.0
3.185 0.0
3.195 0.0
3.205 0.0
3.215 0.0
3.225 0.0
3.235 0.0
3.245 0.0
3.255 0.0
3.265 0.0
3.275 0.0
3.285 0.0
3.295 0.0
3.305 0.0
3.315 0.0
3.325 0.0
3.335 0.0
3.3449999999999998 0.0
3.355 0.0
3.3649999999999998 0.0
3.375 0.0
3.385 0.0
3.395 0.0
3.405 0.0
3.415 0.0
3.425 0.0
3.435 0.0
3.445 0.0
3.455 0.0
3.465 0.0
3.475 0.0
3.485 0.0
3.495 0.0
3.505 0.0
3.515 0.0
3.525 0.0
3.535 0.0
3.545 0.0
3.555 0.0
3.565 0.0
3.575 0.0
3.585 0.0
3.5949999999999998 0.0
3.605 0.0
3.6149999999999998 0.0
3.625 0.0
3.635 0.0
3.645 0.0
3.655 0.0
3.665 0.0031640707553223226
3.675 0.007845257243850889
3.685 0.011576006230591507
3.695 0.016911332375115846
3.705 0.024460449215899478
3.715 0.03811590813032601
3.725 0.054247094795368905
3.735 0.0795090088010362
3.745 0.11123097654668788
3.755 0.15411286874370347
3.765 0.2114762207591676
3.775 0.2874084627263098
3.785 0.3868645935537788
3.795 0.5157580687200884
3.805 0.6810312259521945
3.815 0.8906938072728652
3.825 1.153816760860483
3.835 1.4804677804415771
3.8449999999999998 1.8815752355902147
3.855 2.368708521333451
3.8649999999999998 2.953765619950683
3.875 3.648562946397689
3.885 4.464328343110232
3.895 5.411105246836302
3.905 6.497084240277674
3.915 7.727886914381445
3.925 9.105835527712568
3.935 10.62924955609601
3.945 12.291816013463642
3.955 14.08208354632539
3.965 15.983130024749727
3.975 17.97244914759014
3.985 20.022093223503493
3.995 22.099096923710245
4.005 24.166190971504136
4.015 26.182796377849556
4.025 28.106270237774318
4.035 29.893354803746664
4.045 31.50176420093708
4.055 32.89182935421212
4.065 34.028112858482366
4.075 34.88090267950274
4.085 35.42749726921325
4.095 35.65320489796875
4.1049999999999995 35.55199613593386
4.115 35.12676929963812
4.125 34.38921271162966
4.135 33.359272897921855
4.145 32.064262350924906
4.155 30.537662276055755
4.165 28.81769314463198
4.175 26.94573764048657
4.185 24.96470598753838
4.195 22.917432533115875
4.205 20.845185257193513
4.215 18.78635749973994
4.225 16.775394949461294
4.235 14.84199235622932
4.245 13.010575131291894
4.255 11.300062519209758
4.265 9.723892684599935
4.275 8.290276862003713
4.285 7.002640301868247
4.295 5.860202354013571
4.305 4.858646541987158
4.315 3.990833470587736
4.325 3.247514221270179
4.335 2.6180087376771763
4.345 2.0908217538315563
4.355 1.6541772758591613
4.365 1.296460802207828
4.375 1.0065658112640106
4.385 0.7741471815667995
4.395 0.5897889312254972
4.405 0.44509691769211057
4.415 0.3327290031498815
4.425 0.24637583560488333
4.435 0.1807050516215123
4.445 0.13128062960462994
4.455 0.09446756618217578
4.465 0.06733024224468323
4.475 0.045420619476081295
4.485 0.029739954004547084
4.495 0.02071679748466411
4.505 0.014288943556807536
4.515 0.009758263109277378
4.525 0.004539025122422389
4.535 0.0030578506226251133
4.545 0.0
4.555 0.0
4.565 0.0
4.575 0.0
4.585 0.0
4.595 0.0
4.605 0.0
4.615 0.0
4.625 0.0
4.635 0.002062378692060559
4.645 0.0030613623261868447
4.655 0.006545113384090461
4.665 0.011621244200483272
4.675 0.016918356436704012
4.685 0.02641064500348758
4.695 0.03781437204825806
4.705 0.05361695399719292
4.715 0.07528631792721557
4.725 0.10468873482627755
4.735 0.14416342918018737
4.745 0.19659966943173451
4.755 0.26551205086873175
4.765 0.35706806292251514
4.775 0.4732507668917775
4.785 0.6212161100830167
4.795 0.8095629768688661
4.805 1.0427932236971618
4.815 1.3323663095805585
4.825 1.6841927847351423
4.835 2.10886910698487
4.845 2.6158441225988898
4.855 3.216256407396024
4.865 3.915875990671851
4.875 4.723660727134333
4.885 5.645795062300923
4.895 6.686461257816445
4.905 7.847365726816164
4.915 9.127315073268901
4.925 10.521874944328893
4.935 12.023143468455416
4.945 13.619666782073544
4.955 15.296516930773885
4.965 17.035542574665964
4.975 18.815791069950226
4.985 20.614087579380456
4.995 22.405744049646064
5.005 24.16535946513917
5.015 25.867664000323572
5.025 27.488354623195846
5.035 29.004869102028234
5.045 30.39704954751265
5.055 31.647655382584844
5.065 32.7426982525942
5.075 33.67158668605673
5.085 34.427084764519634
5.095 35.00510495864579
5.105 35.40436896076043
5.115 35.62598034285109
5.125 35.672958149551924
5.135 35.54978058923026
5.145 35.26198290260288
5.155 34.815843943110195
5.165 34.218183171949214
5.175 33.47627517951655
5.185 32.59787418085908
5.195 31.591327836722453
5.205 30.4657496249769
5.215 29.23121283290396
5.225 27.89892756289126
5.235 26.481364911648274
5.245 24.992299162953437
5.255 23.446748482607216
5.265 21.86080600367707
5.275 20.25136500744626
5.285 18.635752854540172
5.295 17.0312973048931
5.305 15.454855085725448
5.315 13.92233558587999
5.325 12.448252311360513
5.335 11.045331515668089
5.345 9.724201784187343
5.355 8.493181057736521
5.365 7.358169466643064
5.375 6.32264824127606
5.385 5.387777598335705
5.395 4.5525804441550894
5.405 3.8141943588910596
5.415 3.1681717928083266
5.425 2.6088076874288824
5.435 2.129474637343501
5.445 1.7215723633441276
5.455 1.380797545458802
5.465 1.096236250915407
5.475 0.8624063394356265
5.485 0.6735452656221887
5.495 0.5199035709433876
5.505 0.3988176157096185
5.515 0.303114583331827
5.525 0.22825033567793757
5.535 0.1702861055761151
5.545 0.1258639317842663
5.555 0.09216558550917402
5.565 0.06686099755947776
5.575 0.04674406683791615
5.585 0.03334701852425054
5.595 0.02356344413205653
5.605 0.015199616535651864
5.615 0.010579110121629582
5.625 0.006009413113750572
5.635 0.004130205204906642
5.645 0.002810400759334222
5.655 0.001893310893853327
5.665 0.0
5.675 0.0
5.685 0.0
5.695 0.0
5.705 0.0
5.715 0.0
5.725 0.0
5.735 0.0
5.745 0.0
5.755 0.0
5.765 0.0
5.775 0.0
5.785 0.0
5.795 0.0
5.805 0.0
5.815 0.0
5.825 0.0
5.835 0.0
5.845 0.0
5.855 0.0
5.865 0.0
5.875 0.0
5.885 0.0
5.895 0.0
5.905 0.0
5.915 0.0
5.925 0.0
5.935 0.0
5.945 0.0
5.955 0.0
5.965 0.0
5.975 0.0
5.985 0.0
5.995 0.0
6.005 0.0
6.015 0.0
6.025 0.0
6.035 0.0
6.045 0.0
6.055 0.0
6.065 0.0
6.075 0.0
6.085 0.0
6.095 0.0
6.105 0.0
6.115 0.0
6.125 0.0
6.135 0.0
6.1450000000000005 0.0
6.155 0.0
6.165 0.0
6.175 0.0
6.185 0.0
6.195 0.0
6.205 0.0
6.215 0.0
6.225 0.0
6.235 0.0
6.245 0.0
6.255 0.0
6.265 0.0
6.275 0.0
6.285 0.0
6.295 0.0
6.305 0.0
6.315 0.0
6.325 0.0
6.335 0.0
6.345 0.0
6.355 0.0
6.365 0.0
6.375 0.0
6.385 0.0
6.3950000000000005 0.0
6.405 0.0
6.415 0.0
6.425 0.0
6.435 0.0
6.445 0.0
6.455 0.0
6.465 0.0
6.475 0.001106170377013646
6.485 0.0016419818201040828
6.495 0.0024130799983709582
6.505 0.0035110106804166472
6.515 0.005057660067901691
6.525 0.009393645878132765
6.535 0.01450870216919215
6.545 0.0216922469496392
6.555 0.03060716244846365
6.565 0.042786790882441084
6.575 0.060335830269347565
6.585 0.08398910062096282
6.595 0.1166409626068946
6.605 0.16000938583295016
6.615 0.21603552847870877
6.625 0.2889531791386156
6.635 0.38191706818698323
6.6450000000000005 0.5005047323352095
6.655 0.6514598006479602
6.665 0.8407211916715678
6.675 1.0769506871303114
6.685 1.3658841907002208
6.695 1.7182305940190004
6.705 2.143992245287455
6.715 2.6537732817527377
6.725 3.2596817900557156
6.735 3.9711757451745235
6.745 4.800000958128911
6.755 5.7566087689831695
6.765 6.850461611748226
6.775 8.089559357579974
6.785 9.479938397199117
6.795 11.025161370486977
6.805 12.725818730024091
6.815 14.579065871986337
6.825 16.578221121936178
6.835 18.71245019841945
6.845 20.96656172202022
6.855 23.320935792400196
6.865 25.751603609098336
6.875 28.230490649148926
6.885 30.725829222800805
6.8950000000000005 33.20273859278263
6.905 35.62396263513766
6.915 37.95074668257276
6.925 40.14382721108068
6.935 42.16450090806073
6.945 43.97573387611142
6.955 45.54326770650699
6.965 46.83667723604855
6.975 47.83033519739155
6.985 48.50424176166796
6.995 48.84468207505378
