0.005 0.0
0.015 0.0
0.025 0.0
0.034999999999999996 0.0
0.045 0.0
0.055 0.0
0.065 0.0
0.07500000000000001 0.0
0.085 0.0
0.095 0.0
0.10500000000000001 0.0
0.115 0.0
0.125 0.0
0.135 0.0
0.14500000000000002 0.0
0.155 0.0
0.165 0.0
0.17500000000000002 0.0
0.185 0.0
0.195 0.0
0.20500000000000002 0.0
0.215 0.0
0.225 0.0
0.23500000000000001 0.0
0.245 0.0
0.255 0.0
0.265 0.0
0.275 0.0
0.28500000000000003 0.0
0.295 0.0
0.305 0.0
0.315 0.0
0.325 0.0
0.335 0.0
0.34500000000000003 0.0
0.35500000000000004 0.0
0.365 0.0
0.375 0.0
0.385 0.0
0.395 0.0
0.405 0.0
0.41500000000000004 0.0
0.425 0.0
0.435 0.0
0.445 0.0
0.455 0.0
0.465 0.0
0.47500000000000003 0.0
0.485 0.0
0.495 0.0
0.505 0.0
0.515 0.0
0.525 0.0
0.535 0.0
0.545 0.0
0.555 0.0
0.5650000000000001 0.0
0.5750000000000001 0.0
0.585 0.0
0.595 0.0
0.605 0.0
0.615 0.0
0.625 0.0
0.635 0.0
0.645 0.0
0.655 0.0
0.665 0.0
0.675 0.0
0.685 0.0
0.6950000000000001 0.0
0.7050000000000001 0.0
0.715 0.0
0.725 0.0
0.735 0.0
0.745 0.0
0.755 0.0
0.765 0.0
0.775 0.0
0.785 0.0
0.795 0.0
0.805 0.0
0.8150000000000001 0.0
0.8250000000000001 0.0
0.8350000000000001 0.0
0.845 0.0
0.855 0.0
0.865 0.0
0.875 0.0
0.885 0.0
0.895 0.0
0.905 0.0
0.915 0.0
0.925 0.0
0.935 0.0
0.9450000000000001 0.0
0.9550000000000001 0.0
0.965 0.0
0.975 0.0
0.985 0.0
0.995 0.0
1.005 0.0
1.015 0.0
1.025 0.0
1.035 0.0
1.045 0.0
1.055 0.0
1.065 0.0
1.075 0.0
1.085 0.0
1.095 0.0
1.105 0.0
1.115 0.0
1.125 0.0
1.135 0.0
1.145 0.0
1.155 0.0
1.1649999999999998 0.0
1.1749999999999998 0.0
1.1849999999999998 0.0
1.1949999999999998 0.0
1.2049999999999998 0.0
1.2149999999999999 0.0
1.2249999999999999 0.0
1.2349999999999999 0.0
1.2449999999999999 0.0
1.255 0.0
1.265 0.0
1.275 0.0
1.285 0.0
1.295 0.0
1.305 0.0
1.315 0.0
1.325 0.0
1.335 0.0
1.345 0.0
1.355 0.0
1.365 0.0
1.375 0.0
1.385 0.0
1.395 0.0
1.405 0.0
1.4149999999999998 0.0
1.4249999999999998 0.0
1.4349999999999998 0.0
1.4449999999999998 0.0
1.4549999999999998 0.0
1.4649999999999999 0.0
1.4749999999999999 0.0
1.4849999999999999 0.0
1.4949999999999999 0.0
1.505 0.0
1.515 0.014257026671547747
1.525 0.021162905000783282
1.535 0.031101308272449547
1.545 0.045252136519808125
1.555 0.06518633655546432
1.565 0.09296749211888493
1.575 0.13126916172864803
1.585 0.1835064625147765
1.595 0.25397856785596873
1.605 0.34801649738816476
1.615 0.47212788181543436
1.625 0.6341274027370292
1.635 0.8432385411509945
1.645 1.1101494056559076
1.655 1.4470031230738558
1.665 1.8673019956100216
1.6749999999999998 2.3857048277813813
1.6849999999999998 3.017698956269063
1.6949999999999998 3.779132953564227
1.7049999999999998 4.685602952693097
1.7149999999999999 5.751695068896253
1.7249999999999999 6.990098208168424
1.7349999999999999 8.410615062371809
1.7449999999999999 10.01911337243333
1.755 11.816473367037146
1.765 13.797599199207605
1.775 15.950570648982358
1.785 18.256014839154727
1.795 20.68677497415321
1.805 23.207943352530403
1.815 25.777308926189676
1.825 28.346246022005612
1.835 30.861041820989104
1.845 33.26462785863194
1.855 35.4986478121209
1.865 37.505763179567104
1.875 39.232073192965736
1.885 40.62950821570468
1.895 41.65804911303351
1.905 42.28762990104359
1.915 42.4995975280172
1.9249999999999998 42.28762990104359
1.9349999999999998 41.65804911303351
1.9449999999999998 40.62950821570468
1.9549999999999998 39.232073192965736
1.9649999999999999 37.505763179567104
1.9749999999999999 35.50791695626738
1.9849999999999999 33.278386829666346
1.9949999999999999 30.88126220186956
2.005 28.375666502586988
2.015 25.81968954059363
2.025 23.268385764909883
2.035 20.77211905115343
2.045 18.37532077103287
2.0549999999999997 16.115693714949007
2.065 14.02386061780217
2.0749999999999997 12.12342526471819
2.085 10.431388557057511
2.0949999999999998 8.958842948021816
2.105 7.720189078788602
2.1149999999999998 6.704825834646463
2.125 5.917797377556353
2.135 5.35663471290329
2.145 5.017738837634545
2.155 4.897023491982528
2.165 4.990342333645982
2.175 5.293686976570014
2.185 5.803160761592163
2.195 6.514750100273085
2.205 7.423929919228781
2.215 8.525151415989095
2.225 9.811268421659866
2.235 11.272962682812967
2.245 12.898228020814583
2.255 14.671968511873136
2.265 16.575756739657933
2.275 18.58778531280128
2.285 20.683029070050697
2.295 22.833617909279607
2.305 25.00940243577663
2.315 27.1786782456276
2.3249999999999997 29.29951214222629
2.335 31.361898154610742
2.3449999999999998 33.320841410256016
2.355 35.147345544708045
2.3649999999999998 36.8148969149092
2.375 38.300046490002
2.385 39.58281310787655
2.395 40.64690641140232
2.405 41.47978476626055
2.415 42.07257779353907
2.425 42.41991310000436
2.435 42.51969119656523
2.445 42.37285103324429
2.455 41.98316141925419
2.465 41.35706196425076
2.475 40.503562792082796
2.485 39.43419721472315
2.495 38.16300794437171
2.505 36.70653715900542
2.515 35.083785213813556
2.525 33.3161027175561
2.535 31.426986014585708
2.545 29.441756042882663
2.555 27.387113689963797
2.565 25.29057937016251
2.5749999999999997 23.179838698019935
2.585 21.08202806534521
2.5949999999999998 19.023002235722135
2.605 17.02662986465189
2.6149999999999998 15.11416185416838
2.625 13.303711971644379
2.635 11.609880027319695
2.645 10.043536301378492
2.655 8.611773211301129
2.665 7.318017785838851
2.675 6.162287571302666
2.685 5.141564058776632
2.695 4.2502521466516265
2.705 3.4806917220982694
2.715 2.8236879904265066
2.725 2.269030256015134
2.735 1.805973828101821
2.745 1.423665865933971
2.755 1.1115025714187161
2.765 0.8594115444136109
2.775 0.6580588300554024
2.785 0.4928025592522986
2.795 0.37059454912280065
2.805 0.2759193479646117
2.815 0.20338660083161236
2.8249999999999997 0.14842927846231233
2.835 0.10724421377037673
2.8449999999999998 0.07671587065088614
2.855 0.05433174102896062
2.8649999999999998 0.038095973932792765
2.875 0.02644609751607954
2.885 0.01817611928866203
2.895 0.012367951933700546
2.905 0.008332042344123497
2.915 0.0
2.925 0.0
2.935 0.0
2.945 0.0
2.955 0.0
2.965 0.0
2.975 0.0
2.985 0.0
2.995 0.0
3.005 0.0
3.015 0.0
3.025 0.0
3.035 0.0
3.045 0.0
3.055 0.0
3.065 0.0
3.075 0.0
3.085 0.0
3.0949999999999998 0.0
3.105 0.0
3.1149999999999998 0.0
3.125 0.0
3.135 0.0
3.145 0.0
3.155 0.0
3.165 0.0
3.175 0.0
3.185 0.0
3.195 0.0
3.205 0.0
3.215 0.0
3.225 0.0
3.235 0.0
3.245 0.0
3.255 0.0
3.265 0.0
3.275 0.0
3.285 0.0
3.295 0.0
3.305 0.0
3.315 0.0
3.325 0.0
3.335 0.0
3.3449999999999998 0.0
3.355 0.0
3.3649999999999998 0.0
3.375 0.0
3.385 0.0
3.395 0.0
3.405 0.0
3.415 0.0
3.425 0.0
3.435 0.0
3.445 0.0
3.455 0.0
3.465 0.0
3.475 0.0
3.485 0.0
3.495 0.0
3.505 0.0
3.515 0.0
3.525 0.0
3.535 0.003376585867610851
3.545 0.0050121506811685234
3.555 0.007365928422266253
3.565 0.01071736261508959
3.575 0.018747482354808845
3.585 0.02692989048771266
3.5949999999999998 0.038307772567188106
3.605 0.053963801161035135
3.6149999999999998 0.0752807853615961
3.625 0.10400025134142823
3.635 0.1422839613803318
3.645 0.19277534661929585
3.655 0.2586566776880816
3.665 0.34369658805218756
3.675 0.452281397215038
3.685 0.5894226859351867
3.695 0.7607329110476839
3.705 0.9723606875207651
3.715 1.2308778852919648
3.725 1.5431120439411425
3.735 1.9159199111906493
3.745 2.3559012035602267
3.755 2.869055917088486
3.765 3.4603935176700524
3.775 4.133507826566085
3.785 4.8901369805168695
3.795 5.72973298170697
3.805 6.649069491456255
3.815 7.641919082218971
3.825 8.698831616440646
3.835 9.807043360187158
3.8449999999999998 10.950541643908835
3.855 12.110302374363553
3.8649999999999998 13.264707779291786
3.875 14.39014001097436
3.885 15.461733482505116
3.895 16.45425609181831
3.905 17.343077936807223
3.915 18.105176864657615
3.925 18.720124223263934
3.935 19.170992238348745
3.945 19.445126929148607
3.955 19.534737394768218
3.965 19.437263224105827
3.975 19.155495880139245
3.985 18.69744603879529
3.995 18.075965670148335
4.005 17.308149712108474
4.015 16.414556157733177
4.025 15.418294124647236
4.035 14.344036192240305
4.045 13.217013571222786
4.055 12.062050527579643
4.065 10.902688339451762
4.075 9.760439680838523
4.085 8.654202702032803
4.095 7.599851340089057
4.1049999999999995 6.610005673538996
4.115 5.693974456085465
4.125 4.857852148622266
4.135 4.104745385239782
4.145 3.435099142019416
4.155 2.8470909373547277
4.165 2.3370619492972255
4.175 1.8999565746834177
4.185 1.5297461446562806
4.195 1.2198176710323003
4.205 0.9633140613574731
4.215 0.7534177061240995
4.225 0.583574308611407
4.235 0.44765801437254293
4.245 0.3400821438005955
4.255 0.2558620898936633
4.265 0.19063825970261183
4.275 0.14066742595972784
4.285 0.1027906717510847
4.295 0.07438543103721672
4.305 0.05330812477122269
4.315 0.03783272271933154
4.325 0.026589354507266856
4.335 0.018505948169169395
4.345 0.010502752639661496
4.355 0.007218429287032931
4.365 0.004911784800759382
4.375 0.0033089713773575735
4.385 0.0
4.395 0.0
4.405 0.0
4.415 0.0
4.425 0.0
4.435 0.0
4.445 0.0
4.455 0.0
4.465 0.0
4.475 0.0
4.485 0.0
4.495 0.0
4.505 0.0
4.515 0.0
4.525 0.0
4.535 0.0
4.545 0.0
4.555 0.0
4.565 0.0
4.575 0.0021124244676883792
4.585 0.0031356494843511554
4.595 0.004608195389222001
4.605 0.006704884728201191
4.615 0.011737341542051728
4.625 0.01686056651213156
4.635 0.02398476898511908
4.645 0.03378800235668517
4.655 0.04713632794846842
4.665 0.06715854593143576
4.675 0.0921198584068948
4.685 0.12516044424989883
4.695 0.16844246196903195
4.705 0.224551436152943
4.715 0.2965304644361868
4.725 0.3879018098297809
4.735 0.5026705171803708
4.745 0.6453043290362697
4.755 0.8206841728128705
4.765 1.0340199529801013
4.775 1.2907273965500328
4.785 1.596263322806688
4.795 1.9578562450735781
4.805 2.3774493337989338
4.815 2.860640961799556
4.825 3.4107820828696234
4.835 4.029963228676183
4.845 4.718715503194909
4.855 5.475736243798815
4.865 6.297659352573563
4.875 7.1788904575247745
4.885 8.111525685465011
4.895 9.08536980460228
4.905 10.08806485245993
4.915 11.105334286558048
4.925 12.121340521157517
4.935 13.120982879985576
4.945 14.083986289805495
4.955 14.994251889861179
4.965 15.835186678195111
4.975 16.59157245215673
4.985 17.25017028067817
4.995 17.80025021878882
5.005 18.23401431493122
5.015 18.5468870085938
5.025 18.737655157542314
5.035 18.81021953875905
5.045 18.767197501759604
5.055 18.61802861521295
5.065 18.37341940372512
5.075 18.04600044655065
5.085 17.64974591042273
5.095 17.199372503597267
5.105 16.709753542531512
5.115 16.197099267061454
5.125 15.672448246474403
5.135 15.15118237649893
5.145 14.641788647827457
5.155 14.154970283569348
5.165 13.698655635916456
5.175 13.279171695076315
5.185 12.901348125453449
5.195 12.568669631612853
5.205 12.283455794546487
5.215 12.047049070971234
5.225 11.859994722605546
5.235 11.722200481782128
5.245 11.633068161359592
5.255 11.591593615044165
5.265 11.596434993655368
5.275 11.64595183114104
5.285 11.738219026758621
5.295 11.871020345410601
5.305 12.041825865859828
5.315 12.247757192250676
5.325 12.48554356429447
5.335 12.751471575042974
5.345 13.041331256980332
5.355 13.350361917333036
5.365 13.673202231863911
5.375 14.00385054243938
5.385 14.334233801750546
5.395 14.660325808500755
5.405 14.97214023743389
5.415 15.261245573198625
5.425 15.517402420331683
5.435 15.73476833258308
5.445 15.902250198228646
5.455 16.01110334305911
5.465 16.053176984540602
5.475 16.01989804750267
5.485 15.908513233137157
5.495 15.712718781936664
5.505 15.430109728874118
5.515 15.060359786868553
5.525 14.605354833477573
5.535 14.069228819040733
5.545 13.458295125562564
5.555 12.780873452983888
5.565 12.047019578084171
5.575 11.2681721554351
5.585 10.456736486232693
5.595 9.625629355622827
5.605 8.786519149139643
5.615 7.954979426520857
5.625 7.140860696399893
5.635 6.354751519775233
5.645 5.605765547688684
5.655 4.9013501063934495
5.665 4.247183004588323
5.675 3.6471555071850643
5.685 3.1034341016947957
5.695 2.616589444597979
5.705 2.185777948909203
5.715 1.8089599474912292
5.725 1.4831381890155486
5.735 1.2046014292688239
5.745 0.9679346146177266
5.755 0.7715523324261453
5.765 0.6091528266189524
5.775 0.4763400233285718
5.785 0.36891563057882976
5.795 0.28297379302582504
5.805 0.21496377446327763
5.815 0.16172443679813536
5.825 0.12049509189945692
5.835 0.08890763069059338
5.845 0.06378422875809224
5.855 0.046229285426145045
5.865 0.033175480371641065
5.875 0.023572908903354624
5.885 0.016584592289181212
5.895 0.011552921564842434
5.905 0.00796845252257713
5.915 0.005441905845729048
5.925 0.002533252368351574
5.935 0.001706601554938376
5.945 0.0
5.955 0.0
5.965 0.0
5.975 0.0
5.985 0.0
5.995 0.0
6.005 0.0
6.015 0.0
6.025 0.0
6.035 0.0
6.045 0.0
6.055 0.0
6.065 0.0
6.075 0.0
6.085 0.0
6.095 0.0
6.105 0.0
6.115 0.0
6.125 0.0
6.135 0.0
6.1450000000000005 0.0
6.155 0.0
6.165 0.0
6.175 0.0
6.185 0.0
6.195 0.0
6.205 0.0
6.215 0.0
6.225 0.0
6.235 0.0
6.245 0.0
6.255 0.0
6.265 0.0
6.275 0.0
6.285 0.0
6.295 0.0
6.305 0.0
6.315 0.0
6.325 0.0
6.335 0.0
6.345 0.0
6.355 0.0
6.365 0.0
6.375 0.0
6.385 0.0
6.3950000000000005 0.0
6.405 0.0
6.415 0.0
6.425 0.0
6.435 0.0
6.445 0.0
6.455 0.0
6.465 0.0
6.475 0.0
6.485 0.0
6.495 0.001099762453153564
6.505 0.0016324699992295516
6.515 0.0023991012901907645
6.525 0.003490671780027012
6.535 0.00502836159698007
6.545 0.007171352032344909
6.555 0.010125876780059188
6.565 0.014155372086631174
6.575 0.020666148378783944
6.585 0.02844062991863928
6.595 0.03876351443734989
6.605 0.05232655261588436
6.615 0.06995964418457484
6.625 0.0937174817779302
6.635 0.12310949387594543
6.6450000000000005 0.1602173630286487
6.655 0.20658485090363737
6.665 0.26392688688454036
6.675 0.3341120916125004
6.685 0.4191341163533099
6.695 0.5210707930570215
6.705 0.64313040998388
6.715 0.7857194952162234
6.725 0.9515999824219414
6.735 1.1426248140144217
6.745 1.3603847605989392
6.755 1.6061198052338894
6.765 1.8806327473676714
6.775 2.1842094700916457
6.785 2.5165503258518602
6.795 2.876716788475968
6.805 3.2630968975570074
6.815 3.6733921206575397
6.825 4.104627144645503
6.835 4.553182868414567
6.845 5.014851608206507
6.855 5.484912349587411
6.865 5.95822288364055
6.875 6.429324926001489
6.885 6.892557884625124
6.8950000000000005 7.342176831522558
6.905 7.772470428019062
6.915 8.177875006188241
6.925 8.55308165313425
6.935 8.893133899631641
6.945 9.193514398096962
6.955 9.450219711917132
6.965 9.659822968130346
6.975 9.819524606544684
6.985 9.927191769271722
6.995 9.981387013629664
