0.005 0.0
0.015 0.0
0.025 0.0
0.034999999999999996 0.0
0.045 0.0
0.055 0.0
0.065 0.0
0.07500000000000001 0.0
0.085 0.0
0.095 0.0
0.10500000000000001 0.0
0.115 0.0
0.125 0.0
0.135 0.0
0.14500000000000002 0.0
0.155 0.0
0.165 0.0
0.17500000000000002 0.0
0.185 0.0
0.195 0.0
0.20500000000000002 0.0
0.215 0.0
0.225 0.0
0.23500000000000001 0.0
0.245 0.0
0.255 0.0
0.265 0.0
0.275 0.0
0.28500000000000003 0.0
0.295 0.0
0.305 0.0
0.315 0.0
0.325 0.0
0.335 0.0
0.34500000000000003 0.0
0.35500000000000004 0.0
0.365 0.0
0.375 0.0
0.385 0.0
0.395 0.0
0.405 0.0
0.41500000000000004 0.0
0.425 0.0
0.435 0.0
0.445 0.0
0.455 0.0
0.465 0.0
0.47500000000000003 0.0
0.485 0.0
0.495 0.0
0.505 0.0
0.515 0.0
0.525 0.0
0.535 0.0
0.545 0.0
0.555 0.0
0.5650000000000001 0.0
0.5750000000000001 0.0
0.585 0.0
0.595 0.0
0.605 0.0
0.615 0.0
0.625 0.0
0.635 0.0
0.645 0.0
0.655 0.0
0.665 0.0
0.675 0.0
0.685 0.0
0.6950000000000001 0.0
0.7050000000000001 0.0
0.715 0.0
0.725 0.0
0.735 0.0
0.745 0.0
0.755 0.0
0.765 0.0
0.775 0.0
0.785 0.0
0.795 0.0
0.805 0.0
0.8150000000000001 0.0
0.8250000000000001 0.0
0.8350000000000001 0.0
0.845 0.0
0.855 0.0
0.865 0.0
0.875 0.0
0.885 0.0
0.895 0.0
0.905 0.0
0.915 0.0
0.925 0.0
0.935 0.0
0.9450000000000001 0.0
0.9550000000000001 0.0
0.965 0.0
0.975 0.0
0.985 0.0
0.995 0.0
1.005 0.0
1.015 0.0
1.025 0.0
1.035 0.0
1.045 0.0
1.055 0.0
1.065 0.0
1.075 0.0
1.085 0.0
1.095 0.0
1.105 0.0
1.115 0.0
1.125 0.0
1.135 0.0
1.145 0.0
1.155 0.0
1.1649999999999998 0.0
1.1749999999999998 0.0
1.1849999999999998 0.0
1.1949999999999998 0.0
1.2049999999999998 0.0
1.2149999999999999 0.0
1.2249999999999999 0.0
1.2349999999999999 0.0
1.2449999999999999 0.0
1.255 0.0
1.265 0.0
1.275 0.0
1.285 0.0
1.295 0.0
1.305 0.0
1.315 0.0
1.325 0.0
1.335 0.0
1.345 0.0
1.355 0.0
1.365 0.0
1.375 0.0
1.385 0.0
1.395 0.0
1.405 0.0
1.4149999999999998 0.0
1.4249999999999998 0.0
1.4349999999999998 0.0
1.4449999999999998 0.0
1.4549999999999998 0.0
1.4649999999999999 0.0
1.4749999999999999 0.0
1.4849999999999999 0.0
1.4949999999999999 0.0
1.505 0.0
1.515 0.0
1.525 0.0
1.535 0.0
1.545 0.0
1.555 0.0
1.565 0.0
1.575 0.0
1.585 0.0
1.595 0.0
1.605 0.0
1.615 0.0
1.625 0.0
1.635 0.0
1.645 0.0
1.655 0.0
1.665 0.0
1.6749999999999998 0.0
1.6849999999999998 0.0
1.6949999999999998 0.0
1.7049999999999998 0.0
1.7149999999999999 0.0
1.7249999999999999 0.0
1.7349999999999999 0.0
1.7449999999999999 0.0
1.755 0.0
1.765 0.0
1.775 0.0
1.785 0.0
1.795 0.0
1.805 0.0
1.815 0.0
1.825 0.0
1.835 0.0
1.845 0.0
1.855 0.0
1.865 0.0
1.875 0.0
1.885 0.0
1.895 0.0
1.905 0.0
1.915 0.0
1.9249999999999998 0.0
1.9349999999999998 0.0
1.9449999999999998 0.0
1.9549999999999998 0.0
1.9649999999999999 0.0
1.9749999999999999 0.0
1.9849999999999999 0.0
1.9949999999999999 0.0
2.005 0.0
2.015 0.0
2.025 0.0
2.035 0.0
2.045 0.0
2.0549999999999997 0.0
2.065 0.0
2.0749999999999997 0.0
2.085 0.0
2.0949999999999998 0.0
2.105 0.0
2.1149999999999998 0.0
2.125 0.0
2.135 0.0
2.145 0.0
2.155 0.0
2.165 0.0
2.175 0.0
2.185 0.0
2.195 0.007764120083177568
2.205 0.01152493710788035
2.215 0.016937212627449454
2.225 0.02464349896050194
2.235 0.03549930546241369
2.245 0.05062842269092331
2.255 0.07148682248825707
2.265 0.0999343161675642
2.275 0.13831215616103856
2.285 0.1895235197982013
2.295 0.2571123456159849
2.305 0.3453343685404853
2.315 0.45921253029044423
2.3249999999999997 0.6045673824109467
2.335 0.7880118531796745
2.3449999999999998 1.0168990533212925
2.355 1.306100390571498
2.3649999999999998 1.6536096903995523
2.375 2.073074820587577
2.385 2.5735592400374303
2.395 3.16376530999958
2.405 3.851600230309366
2.415 4.643694138593082
2.425 5.544892563697164
2.435 6.557752069522127
2.445 7.6820733080406125
2.455 8.914508997035615
2.465 10.248284791674584
2.475 11.673068046913356
2.485 13.17501276969878
2.495 14.736998708758836
2.505 16.33906902855785
2.515 17.959055306156014
2.525 19.573362011653067
2.535 21.157866806955084
2.545 22.688879671177922
2.555 24.14409470686592
2.565 25.503464881928203
2.5749999999999997 26.74993280696628
2.585 27.86996017144935
2.5949999999999998 28.853814154285537
2.605 29.69558972601522
2.6149999999999998 30.39297035959929
2.625 30.94675388808607
2.635 31.360192510286048
2.645 31.638213770583683
2.655 31.78660065520434
2.665 31.811212361589995
2.675 31.71732228777474
2.685 31.50913679054351
2.695 31.189538635042375
2.705 30.760074937033018
2.715 30.221183434586116
2.725 29.57262597111616
2.735 28.814076834219797
2.745 27.94579831508806
2.755 26.969328044769526
2.765 25.8881029507239
2.775 24.707952749238014
2.785 23.437410572760648
2.795 22.08780776603384
2.805 20.673141777763277
2.815 19.209727991692166
2.8249999999999997 17.715666000224466
2.835 16.21016634863164
2.8449999999999998 14.712793882956753
2.855 13.242687924573552
2.8649999999999998 11.817817670355225
2.875 10.454324200117503
2.885 9.165989458150007
2.895 7.96385904891987
2.905 6.856031225513774
2.915 5.847610536147318
2.925 4.940812467317267
2.935 4.135195973159135
2.945 3.4279945061425736
2.955 2.8145131718693466
2.965 2.288559687499019
2.975 1.84287943577207
2.985 1.469569416806413
2.995 1.1604515831949342
3.005 0.902213708552078
3.015 0.6991402874436556
3.025 0.5363845883946027
3.035 0.40742278067203913
3.045 0.30638773859981283
3.055 0.22811534939980874
3.065 0.16814915610011227
3.075 0.12271338333959277
3.085 0.08866377612082109
3.0949999999999998 0.06342457593905997
3.105 0.04491857559010638
3.1149999999999998 0.03149571231053941
3.125 0.021864218002992798
3.135 0.015027042622605513
3.145 0.010225160712825369
3.155 0.006888486670342178
3.165 0.0
3.175 0.0
3.185 0.0
3.195 0.0
3.205 0.0
3.215 0.0
3.225 0.0
3.235 0.0
3.245 0.0
3.255 0.0
3.265 0.0
3.275 0.0
3.285 0.0
3.295 0.0038294672083214907
3.305 0.005684400583682464
3.315 0.008353876506588155
3.325 0.012154818595866456
3.335 0.017509186453858218
3.3449999999999998 0.024971262992699955
3.355 0.03525917162706239
3.3649999999999998 0.04929021996696067
3.375 0.06821917498140592
3.385 0.0934779597040761
3.395 0.1268145373645579
3.405 0.17032794779894342
3.415 0.22649563731089153
3.425 0.29818845424348006
3.435 0.3922230426509408
3.445 0.5068381732069844
3.455 0.6485603896228053
3.465 0.8218438297966876
3.475 1.0313371674293343
3.485 1.2817441089580097
3.495 1.5776491645051554
3.505 1.923312156686738
3.515 2.3224381034670105
3.525 2.777932376542874
3.535 3.2916540781283636
3.545 3.8641830357866547
3.555 4.494617318875852
3.565 5.180418400786227
3.575 5.91731978542166
3.585 6.699311976110707
3.5949999999999998 7.51871215463225
3.605 8.366321114687954
3.6149999999999998 9.231663305725018
3.625 10.103298898261805
3.635 10.969190294495839
3.645 11.817100218303533
3.655 12.634995101587071
3.665 13.411426454424456
3.675 14.135864537556143
3.685 14.798962920624193
3.695 15.392739060442352
3.705 15.910664222840708
3.715 16.347665016481688
3.725 16.700047491058008
3.735 16.965362151849547
3.745 17.142233461208807
3.755 17.230179788611004
3.765 17.22944903091011
3.775 17.140891341348862
3.785 16.96588405458963
3.795 16.70631577922628
3.805 16.364627776989124
3.815 15.943902275845671
3.825 15.447980329862137
3.835 14.881587101676782
3.8449999999999998 14.250440556136532
3.855 13.561320695903607
3.8649999999999998 12.822080436055648
3.875 12.041585453570745
3.885 11.229578046804217
3.895 10.396468242147725
3.905 9.553063116481933
3.915 8.710251698897865
3.925 7.878667216700422
3.935 7.0683504781742705
3.945 6.288437759115681
3.955 5.546893889486172
3.965 4.850306764642432
3.975 4.203753836992908
3.985 3.610744955981379
3.995 3.073239880044761
4.005 2.5917334573277
4.015 2.168079583208867
4.025 1.7962454875985507
4.035 1.4752896977759327
4.045 1.2018351399994833
4.055 0.9720960962248956
4.065 0.7821056492667902
4.075 0.6279236351038057
4.085 0.5058187829950365
4.095 0.4124212566915646
4.1049999999999995 0.3422897904945529
4.115 0.29908593424214225
4.125 0.27742258466943187
4.135 0.27636996195741054
4.145 0.2956390420291527
4.155 0.335565827955069
4.165 0.39706794737165957
4.175 0.48157399690324065
4.185 0.5909257414997592
4.195 0.7272533468655856
4.205 0.8928243920716112
4.215 1.0898685298559019
4.225 1.3203813139643004
4.235 1.5859127981719081
4.245 1.8849777704538717
4.255 2.2231298113972358
4.265 2.5958552228481175
4.275 3.0009113562993375
4.285 3.4346534338621852
4.295 3.8919722254015987
4.305 4.366300259445797
4.315 4.849696026165317
4.325 5.333011179842562
4.335 5.806140288387962
4.345 6.258346594666107
4.355 6.678651046222018
4.365 7.056266081578543
4.375 7.381050908260071
4.385 7.643961792247491
4.395 7.8374696063023634
4.405 7.955917790886145
4.415 7.995796994768641
4.425 7.958163599352587
4.435 7.840803248885786
4.445 7.648860961130654
4.455 7.388179156923838
4.465 7.0665344236322705
4.475 6.693295557010589
4.485 6.279024496278034
4.495 5.835046762132931
4.505 5.373018625372838
4.515 4.904516600910783
4.525 4.440671221824668
4.535 3.991861825293525
4.545 3.569620964044977
4.555 3.1789591430786084
4.565 2.8284556578658773
4.575 2.5240591585438397
4.585 2.272660944812828
4.595 2.074780035431165
4.605 1.934680647993632
4.615 1.8544018734382708
4.625 1.835273677687356
4.635 1.8780116122360542
4.645 1.9827861191907186
4.655 2.149263226171314
4.665 2.376617561321808
4.675 2.663522270120921
4.685 3.0081232277086456
4.695 3.408006649273588
4.705 3.860169659770112
4.715 4.361002578754052
4.725 4.9062897303590205
4.735 5.4912327568707155
4.745 6.110497060798638
4.755 6.7582785629493305
4.765 7.428384908462003
4.775 8.114323017474689
4.785 8.809383816094204
4.795 9.50671531422187
4.805 10.199376961165427
4.815 10.880371253727432
4.825 11.54086352379386
4.835 12.17793608313055
4.845 12.781812996386751
4.855 13.345281209531702
4.865 13.861013845918851
4.875 14.32160480298186
4.885 14.719645196304239
4.895 15.047850693409659
4.905 15.299243314934193
4.915 15.46738470524981
4.925 15.546650925594067
4.935 15.532532328301146
4.945 15.421936844707394
4.955 15.21347175545595
4.965 14.907678191318375
4.975 14.50719443792251
4.985 14.016828483521214
4.995 13.443526752396107
5.005 12.796233956807189
5.015 12.085647659218626
5.025 11.323879578397278
5.035 10.524043051524659
5.045 9.69979167006958
5.055 8.864837443630705
5.065 8.032477677175397
5.075 7.215158109516555
5.085 6.424096042304038
5.095 5.668981678853099
5.105 4.9577693126738644
5.115 4.2965630319080566
5.125 3.689594889201575
5.135 3.139287587130259
5.145 2.648089519197247
5.155 2.2126873458832335
5.165 1.832328831856842
5.175 1.5041601016308837
5.185 1.2246256824489634
5.195 0.9897271188502688
5.205 0.7969272798182344
5.215 0.6395127698494522
5.225 0.514696073060138
5.235 0.4174551525441015
5.245 0.3499056614384459
5.255 0.30494151243531487
5.265 0.2820053186966322
5.275 0.2801383451495725
5.285 0.2990947770773494
5.295 0.3393389394712429
5.305 0.40202112323970907
5.315 0.4889324514727477
5.325 0.6024384376021953
5.335 0.7453903559992648
5.345 0.9210133775861264
5.355 1.1313446083394911
5.365 1.3832618899639397
5.375 1.678132985546627
5.385 2.0191362484394935
5.395 2.4075059768072467
5.405 2.848398856768957
5.415 3.3406638241779882
5.425 3.884030036626822
5.435 4.476813809173538
5.445 5.115761944163824
5.455 5.795940233296819
5.465 6.51067894725888
5.475 7.251585321704985
5.485 8.008630384306134
5.495 8.770314042623538
5.505 9.523908329552757
5.515 10.255774303411606
5.525 10.951743590613846
5.535 11.597551236155725
5.545 12.180782020486532
5.555 12.686150635616055
5.565 13.103015218295308
5.575 13.42154413681684
5.585 13.634099103114139
5.595 13.735559046820423
5.605 13.723554251847535
5.615 13.59859790422599
5.625 13.364107389425198
5.635 13.027748932242865
5.645 12.596191671413013
5.655 12.081642301743472
5.665 11.498736463898327
5.675 10.860060211940018
5.685 10.182433275499656
5.695 9.482300043347625
5.705 8.776186301581138
5.715 8.080232402217172
5.725 7.409768731957524
5.735 6.778947459806686
5.745 6.201824689385111
5.755 5.6872609972947625
5.765 5.245350895313937
5.775 4.883329117422708
5.785 4.606470597404835
5.795 4.418120792958865
5.805 4.319769870575078
5.815 4.311160410367479
5.825 4.39041871917421
5.835 4.5542008767941065
5.845 4.7978460770027755
5.855 5.115531457974142
5.865 5.500424268437893
5.875 5.944828750845149
5.885 6.440326453742046
5.895 6.9779097707673845
5.905 7.548109337341933
5.915 8.141116514421501
5.925 8.746902575559968
5.935 9.355336408838319
5.945 9.956302558026588
5.955 10.538687093434717
5.965 11.09542279885445
5.975 11.615529896565882
5.985 12.090230835373784
5.995 12.511388290228957
6.005 12.871643629911993
6.015 13.16344253478636
6.025 13.383980989901636
6.035 13.52740845146106
6.045 13.590784909825505
6.055 13.57140542835074
6.065 13.471604305731177
6.075 13.290975399531696
6.085 13.032133179243946
6.095 12.69902666432413
6.105 12.296856022603778
6.115 11.83195285769488
6.125 11.311627593026632
6.135 10.74398885201846
6.1450000000000005 10.137740985952586
6.155 9.501966845872266
6.165 8.845903490687167
6.175 8.178718753254879
6.185 7.509296452719354
6.195 6.84603756420715
6.205 6.196683867847005
6.215 5.568169539472929
6.225 4.9665048652776065
6.235 4.396694820260741
6.245 3.8626937117420383
6.255 3.367395527810016
6.265 2.912658124587529
6.275 2.4993580148108654
6.285 2.1274713581629845
6.295 1.7961758650037565
6.305 1.503967756502651
6.315 1.2487877004648156
6.325 1.0281497629231984
6.335 0.8392678548521699
6.345 0.6791748620491671
6.355 0.5438438814978451
6.365 0.43256388607451574
6.375 0.34098267303025
6.385 0.26637362254119085
6.3950000000000005 0.2062049212516528
6.405 0.15817180818713678
6.415 0.12134000937260335
6.425 0.09219339298575156
6.435 0.06998720466227495
6.445 0.0525253567859458
6.455 0.04105523370826613
6.465 0.033427675441047244
6.475 0.028186576705220737
6.485 0.02723810712380991
6.495 0.029082841271916033
6.505 0.03381005059422798
6.515 0.041673929511632894
6.525 0.053091115930778435
6.535 0.06863732981377767
6.545 0.08904191525195079
6.555 0.11425526282862004
6.565 0.14744203166307907
6.575 0.18837508211497955
6.585 0.23827729317801616
6.595 0.2984000669995384
6.605 0.36997487312484756
6.615 0.45415343016732196
6.625 0.5519376532343431
6.635 0.664101562172367
6.6450000000000005 0.791108473384189
6.655 0.933027889663586
6.665 1.0894574432988005
6.675 1.2594559145764428
6.685 1.4414936225015655
6.695 1.633426268443345
6.705 1.8324975427988388
6.715 2.0353744642374285
6.725 2.2382175530962356
6.735 2.436785649039801
6.745 2.6265726302031216
6.755 2.802970685521786
6.765 2.9614523709985794
6.775 3.0977616858572397
6.785 3.209228788841673
6.795 3.290987591992384
6.805 3.3414839814739925
6.815 3.3593382784825514
6.825 3.344175332862871
6.835 3.296657277041889
6.845 3.2184680586344614
6.855 3.1122513429775625
6.865 2.981506500502859
6.875 2.8304500431981627
6.885 2.6638518138934453
6.8950000000000005 2.4868563032845823
6.905 2.304799607834145
6.915 2.123031781695601
6.925 1.9467528056274588
6.935 1.780868300106424
6.945 1.6298687046165452
6.955 1.497733207754459
6.965 1.3878575102983388
6.975 1.3030027627884335
6.985 1.245261903551511
6.995 1.2160392154067101
