0.005 0.0
0.015 0.0
0.025 0.0
0.034999999999999996 0.0
0.045 0.0
0.055 0.0
0.065 0.0
0.07500000000000001 0.0
0.085 0.0
0.095 0.0
0.10500000000000001 0.0
0.115 0.0
0.125 0.0
0.135 0.0
0.14500000000000002 0.0
0.155 0.0
0.165 0.0
0.17500000000000002 0.0
0.185 0.0
0.195 0.0
0.20500000000000002 0.0
0.215 0.0
0.225 0.0
0.23500000000000001 0.0
0.245 0.0
0.255 0.0
0.265 0.0
0.275 0.0
0.28500000000000003 0.0
0.295 0.0
0.305 0.0
0.315 0.0
0.325 0.0
0.335 0.0
0.34500000000000003 0.0
0.35500000000000004 0.0
0.365 0.0
0.375 0.0
0.385 0.0
0.395 0.0
0.405 0.0
0.41500000000000004 0.0
0.425 0.0
0.435 0.0
0.445 0.0
0.455 0.0
0.465 0.0
0.47500000000000003 0.0
0.485 0.0
0.495 0.0
0.505 0.0
0.515 0.0
0.525 0.0
0.535 0.0
0.545 0.0
0.555 0.0
0.5650000000000001 0.0
0.5750000000000001 0.0
0.585 0.0
0.595 0.0
0.605 0.0
0.615 0.0
0.625 0.0
0.635 0.0
0.645 0.0
0.655 0.0
0.665 0.0
0.675 0.0
0.685 0.0
0.6950000000000001 0.0
0.7050000000000001 0.0
0.715 0.0
0.725 0.0
0.735 0.0
0.745 0.0
0.755 0.0
0.765 0.0
0.775 0.0
0.785 0.0
0.795 0.0
0.805 0.0
0.8150000000000001 0.0
0.8250000000000001 0.0
0.8350000000000001 0.0
0.845 0.0
0.855 0.0
0.865 0.0
0.875 0.0
0.885 0.0
0.895 0.0
0.905 0.0
0.915 0.0
0.925 0.0
0.935 0.0
0.9450000000000001 0.0
0.9550000000000001 0.0
0.965 0.0
0.975 0.0
0.985 0.0
0.995 0.0
1.005 0.0
1.015 0.0
1.025 0.0
1.035 0.0
1.045 0.0
1.055 0.0
1.065 0.0
1.075 0.0
1.085 0.0
1.095 0.0
1.105 0.0
1.115 0.0
1.125 0.0
1.135 0.0
1.145 0.0
1.155 0.0
1.1649999999999998 0.0
1.1749999999999998 0.0
1.1849999999999998 0.0
1.1949999999999998 0.0
1.2049999999999998 0.0
1.2149999999999999 0.0
1.2249999999999999 0.0
1.2349999999999999 0.0
1.2449999999999999 0.0
1.255 0.0
1.265 0.0
1.275 0.0
1.285 0.0
1.295 0.0
1.305 0.0
1.315 0.0
1.325 0.0
1.335 0.0
1.345 0.0
1.355 0.0
1.365 0.0
1.375 0.0
1.385 0.0
1.395 0.0
1.405 0.0
1.4149999999999998 0.0
1.4249999999999998 0.0
1.4349999999999998 0.0
1.4449999999999998 0.0
1.4549999999999998 0.0
1.4649999999999999 0.0
1.4749999999999999 0.0
1.4849999999999999 0.0
1.4949999999999999 0.0
1.505 0.0
1.515 0.0
1.525 0.0
1.535 0.0
1.545 0.0
1.555 0.0
1.565 0.0
1.575 0.0
1.585 0.0
1.595 0.0
1.605 0.0
1.615 0.0
1.625 0.0
1.635 0.0
1.645 0.0
1.655 0.0
1.665 0.0
1.6749999999999998 0.0
1.6849999999999998 0.0
1.6949999999999998 0.0
1.7049999999999998 0.0
1.7149999999999999 0.0
1.7249999999999999 0.0
1.7349999999999999 0.0
1.7449999999999999 0.0
1.755 0.0
1.765 0.0
1.775 0.0
1.785 0.0
1.795 0.0
1.805 0.0
1.815 0.0
1.825 0.0
1.835 0.0
1.845 0.0
1.855 0.0
1.865 0.0
1.875 0.0
1.885 0.0
1.895 0.0
1.905 0.0
1.915 0.0
1.9249999999999998 0.0
1.9349999999999998 0.0
1.9449999999999998 0.0
1.9549999999999998 0.0
1.9649999999999999 0.0
1.9749999999999999 0.0
1.9849999999999999 0.0
1.9949999999999999 0.0
2.005 0.0
2.015 0.0
2.025 0.0
2.035 0.0
2.045 0.0
2.0549999999999997 0.0
2.065 0.0
2.0749999999999997 0.0
2.085 0.0
2.0949999999999998 0.0
2.105 0.0
2.1149999999999998 0.0
2.125 0.0
2.135 0.0
2.145 0.0
2.155 0.0
2.165 0.0
2.175 0.0
2.185 0.0
2.195 0.0
2.205 0.0
2.215 0.0
2.225 0.0
2.235 0.0
2.245 0.0
2.255 0.0
2.265 0.0
2.275 0.0
2.285 0.0
2.295 0.0
2.305 0.0
2.315 0.0
2.3249999999999997 0.0
2.335 0.0
2.3449999999999998 0.0
2.355 0.0
2.3649999999999998 0.0
2.375 0.0
2.385 0.0
2.395 0.0
2.405 0.0
2.415 0.0
2.425 0.0
2.435 0.0
2.445 0.0
2.455 0.0
2.465 0.0
2.475 0.0
2.485 0.0
2.495 0.0
2.505 0.0
2.515 0.0
2.525 0.0
2.535 0.0
2.545 0.006028322668053832
2.555 0.008948346866229287
2.565 0.013150618707833555
2.5749999999999997 0.019134037316815324
2.585 0.027562848787322316
2.5949999999999998 0.03930960171736486
2.605 0.05550476137106967
2.6149999999999998 0.07759234749275423
2.625 0.1073901868235596
2.635 0.14715240340039398
2.645 0.19963062970543252
2.655 0.268129160758506
2.665 0.3565479766087397
2.675 0.46940634826738903
2.685 0.6118387745587237
2.695 0.7895544567299333
2.705 1.0087516018540683
2.715 1.2759787466585617
2.725 1.5979371698185407
2.735 1.9812214106037955
2.745 2.4319989407578633
2.755 2.9556350318344187
2.765 3.5562745725905804
2.775 4.23639862983326
2.785 4.996379392143711
2.795 5.8340621739381895
2.805 6.744406728476425
2.815 7.719221589367776
2.8249999999999997 8.747024002872145
2.835 9.813053886626427
2.8449999999999998 10.899463071868267
2.855 11.985691083099892
2.8649999999999998 13.04902643834567
2.875 14.065338782367329
2.885 15.009953212624268
2.895 15.858625193516454
2.905 16.58856377226848
2.915 17.179443583240662
2.925 17.614343268093023
2.935 17.88054997606717
2.945 17.970176605799768
2.955 17.88054997606717
2.965 17.614343268093023
2.975 17.179443583240662
2.985 16.58856377226848
2.995 15.858625193516454
3.005 15.009953212624268
3.015 14.065338782367329
3.025 13.04902643834567
3.035 11.985691083099892
3.045 10.899463071868267
3.055 9.813053886626427
3.065 8.747024002872145
3.075 7.719221589367776
3.085 6.744406728476425
3.0949999999999998 5.8340621739381895
3.105 4.996379392143711
3.1149999999999998 4.23639862983326
3.125 3.5562745725905804
3.135 2.9556350318344187
3.145 2.4319989407578633
3.155 1.9812214106037955
3.165 1.5979371698185407
3.175 1.2759787466585617
3.185 1.0087516018540683
3.195 0.7895544567299333
3.205 0.6118387745587237
3.215 0.46940634826738903
3.225 0.3565479766087397
3.235 0.268129160758506
3.245 0.19963062970543252
3.255 0.14715240340039398
3.265 0.1073901868235596
3.275 0.07759234749275423
3.285 0.05550476137106967
3.295 0.03930960171736486
3.305 0.027562848787322316
3.315 0.019134037316815324
3.325 0.013150618707833555
3.335 0.008948346866229287
3.3449999999999998 0.006028322668053832
3.355 0.0
3.3649999999999998 0.0
3.375 0.0
3.385 0.0
3.395 0.0
3.405 0.0
3.415 0.0
3.425 0.0
3.435 0.0
3.445 0.0
3.455 0.0
3.465 0.0
3.475 0.0
3.485 0.0
3.495 0.0
3.505 0.0
3.515 0.0
3.525 0.0
3.535 0.0
3.545 0.0
3.555 0.0
3.565 0.0
3.575 0.0
3.585 0.0
3.5949999999999998 0.0
3.605 0.0
3.6149999999999998 0.0
3.625 0.0
3.635 0.0
3.645 0.0
3.655 0.0
3.665 0.0
3.675 0.0
3.685 0.0
3.695 0.0
3.705 0.0
3.715 0.0
3.725 0.0
3.735 0.0030578506226251133
3.745 0.004539025122422389
3.755 0.006670616325293092
3.765 0.009705689483513462
3.775 0.013981181659747672
3.785 0.019939690807127177
3.795 0.028154642420953453
3.805 0.039358511671748475
3.815 0.054473386333891004
3.825 0.0746426648233718
3.835 0.1012621053903993
3.8449999999999998 0.13600780288591302
3.855 0.18085801180591735
3.8649999999999998 0.24097940141439558
3.875 0.3146201267300391
3.885 0.40676956039476964
3.895 0.5208095996279402
3.905 0.6603786822331436
3.915 0.8292920417934205
3.925 1.0314337422876734
3.935 1.270620720400111
3.945 1.550441228643776
3.955 1.8740725084810674
3.965 2.2440850422345315
3.975 2.6622430967353736
3.985 3.1293132089548066
3.995 3.6448934982006653
4.005 4.20727697425985
4.015 4.813361166080679
4.025 5.458614342491645
4.035 6.137105384550022
4.045 6.841600189716765
4.055 7.563722670205926
4.065 8.29417339439197
4.075 9.022994224513132
4.085 9.739863451465904
4.095 10.434403388253902
4.1049999999999995 11.096481505358735
4.115 11.716487143012401
4.125 12.285568571244426
4.135 12.795819419199578
4.145 13.240408789974026
4.155 13.613655097090362
4.165 13.911049113454556
4.175 14.129236243078585
4.185 14.265971052619232
4.195 14.320058269054957
4.205 14.291293643813463
4.215 14.18041545164299
4.225 13.989073332479983
4.235 13.719816288560708
4.245 13.376096620032886
4.255 12.96228213497367
4.265 12.483665729852591
4.275 11.946459854616585
4.285 11.357763668059047
4.295 10.72549280930983
4.305 10.058265368483676
4.315 9.3652423427198
4.325 8.655925996561264
4.335 7.939924454155216
4.345 7.226694933098045
4.355 6.525280812364937
4.365 5.844058918960058
4.375 5.190512937704252
4.385 4.571046818518635
4.395 3.99084877184479
4.405 3.4538123241835956
4.415 2.962516431249112
4.425 2.5182622918721447
4.435 2.121160688137
4.445 1.7702607113517774
4.455 1.463708808580622
4.465 1.198926258456566
4.475 0.9727933955364356
4.485 0.7818299911922028
4.495 0.6223629434326842
4.505 0.49284772392304677
4.515 0.38635293312586666
4.525 0.3010020634209778
4.535 0.2337666162362121
4.545 0.17993682740099992
4.555 0.14201365912619834
4.565 0.11519201080857588
4.575 0.09813294117343306
4.585 0.08991628284464323
4.595 0.09004265649415436
4.605 0.09842923957070554
4.615 0.11540046354038892
4.625 0.1416737279167478
4.635 0.17833918178772415
4.645 0.22683173119642708
4.655 0.2888927743141929
4.665 0.36651882766801974
4.675 0.4599771756857186
4.685 0.5780618860603175
4.695 0.7172113355880704
4.705 0.881121511210532
4.715 1.0718938787234515
4.725 1.2912454291949653
4.735 1.540363231870362
4.745 1.8197606375583542
4.755 2.129145257442698
4.765 2.467309870021249
4.775 2.8320576144557363
4.785 3.2201720290551976
4.795 3.62937788031418
4.805 4.051613020458454
4.815 4.482392435826104
4.825 4.915411414229285
4.835 5.34409965787118
4.845 5.761921528925759
4.855 6.162696925602772
4.865 6.5409217461449
4.875 6.89206503380935
4.885 7.21281990544718
4.895 7.501287409731621
4.905 7.757076494296547
4.915 7.98130902488386
4.925 8.176525834792635
4.935 8.346497470835864
4.945 8.495950927520724
4.955 8.63023049060559
4.965 8.754916175747802
4.975 8.87542662180195
4.985 8.996634360876993
4.995 9.122520061050414
5.005 9.255888796333586
5.015 9.398166043683688
5.025 9.549284516731984
5.035 9.70766580266556
5.045 9.870293774975053
5.055 10.032870550312177
5.065 10.190040847830765
5.075 10.335667314655282
5.085 10.463137814138111
5.095 10.565685745048558
5.105 10.636705911362451
5.115 10.670050919415374
5.125 10.660296115551947
5.135 10.604670881484331
5.145 10.497237569035512
5.155 10.337143694577003
5.165 10.123770038186384
5.175 9.857908764954432
5.185 9.541757110116105
5.195 9.178867411468907
5.205 8.775720882747919
5.215 8.335749595621248
5.225 7.867098093698956
5.235 7.377628174568782
5.245 6.875831594272201
5.255 6.370620482171684
5.265 5.871112724555956
5.275 5.386419541037283
5.285 4.9254419665140965
5.295 4.496681933616738
5.305 4.108072187241162
5.315 3.7653780541172193
5.325 3.4783606086751084
5.335 3.2503359775668885
5.345 3.085734192111036
5.355 2.987858254966379
5.365 2.958826473186896
5.375 2.999522297575828
5.385 3.1111125903486236
5.395 3.2895177402372946
5.405 3.532818912832284
5.415 3.8367286899350117
5.425 4.195646864660128
5.435 4.602702750670777
5.445 5.049833537482655
5.455 5.527905394289525
5.465 6.026882162859826
5.475 6.537558442758236
5.485 7.046500503293499
5.495 7.542216034799534
5.505 8.016970990673402
5.515 8.458553051601541
5.525 8.857758896084745
5.535 9.206733279959305
5.545 9.499292402354541
5.555 9.731189663503155
5.565 9.901775205065798
5.575 10.00892973586866
5.585 10.056057550514998
5.595 10.047734775140647
5.605 9.989196786862534
5.615 9.89165122215358
5.625 9.762690775510652
5.635 9.612675134757165
5.645 9.45232588598262
5.655 9.292245581741138
5.665 9.142450158583987
5.675 9.011940054896474
5.685 8.908332520336227
5.695 8.837573244619954
5.705 8.803739913665298
5.715 8.8089440681306
5.725 8.853331192668037
5.735 8.935172814638367
5.745 9.051039014187484
5.755 9.196035539890051
5.765 9.364086966929293
5.775 9.54824616988683
5.785 9.741010802199613
5.795 9.934629327887638
5.805 10.121382163250708
5.815 10.293827290533907
5.825 10.445003885177684
5.835 10.568591630238707
5.845 10.659027090069591
5.855 10.71158146897841
5.865 10.722406079936603
5.875 10.689880623643173
5.885 10.609947732161665
5.895 10.482423925913283
5.905 10.307147108747255
5.915 10.084850182407497
5.925 9.817146871781876
5.935 9.506514097268592
5.945 9.155129800073006
5.955 8.769778637631147
5.965 8.353688028546681
5.975 7.91246735608479
5.985 7.453601531262924
5.995 6.981837204272172
6.005 6.505159324792881
6.015 6.0298280486521065
6.025 5.565895280085739
6.035 5.119124660125164
6.045 4.696678170777996
6.055 4.305288757851908
6.065 3.9511044256816503
6.075 3.6395450972607435
6.085 3.375176883903132
6.095 3.161607369206087
6.105 3.001404453153986
6.115 2.8960403289431533
6.125 2.845861344590417
6.135 2.8500838563848054
6.1450000000000005 2.9068156925417403
6.155 3.0131024618303215
6.165 3.164997595881957
6.175 3.3576546394506135
6.185 3.5854398528927596
6.195 3.8410206409106085
6.205 4.120032700557747
6.215 4.413806705821663
6.225 4.715028632167944
6.235 5.01634638335545
6.245 5.310535055039057
6.255 5.590654026960635
6.265 5.850191778594036
6.275 6.083195011463706
6.285 6.283369219568103
6.295 6.448554290026001
6.305 6.573591589901913
6.315 6.655704710004658
6.325 6.693019493334553
6.335 6.684579549164913
6.345 6.630343669936723
6.355 6.531166123350435
6.365 6.388760443722715
6.375 6.204666938323557
6.385 5.98443730558262
6.3950000000000005 5.730562163034268
6.405 5.447541511726175
6.415 5.140304367825369
6.425 4.814084499936412
6.435 4.474286042482973
6.445 4.126343198197732
6.455 3.775579113625721
6.465 3.427069591163583
6.475 3.0855174795733094
6.485 2.7551433006034323
6.495 2.439596918566255
6.505 2.1418938968901657
6.515 1.8643787153213671
6.525 1.6087153833076893
6.535 1.3759043350038667
6.545 1.1663229811450564
6.555 0.9797860524111152
6.565 0.8156209914832152
6.575 0.6727531863922351
6.585 0.5508673946356804
6.595 0.44672987447550705
6.605 0.35937360343546404
6.615 0.2881503012045239
6.625 0.22975058033173001
6.635 0.1833663218751734
6.6450000000000005 0.14764502799845752
6.655 0.12145067006073415
6.665 0.10390060880625833
6.675 0.0943942917769197
6.685 0.09174903635270713
6.695 0.0980581462010326
6.705 0.11238480718135366
6.715 0.13543612498553476
6.725 0.16823265138299212
6.735 0.2120958060506284
6.745 0.2686235450474615
6.755 0.3396521691152272
6.765 0.42720215990904964
6.775 0.5334062656726377
6.785 0.6604187695093834
6.795 0.8094505968205108
6.805 0.9843545309023034
6.815 1.1853854851345136
6.825 1.4135633600094986
6.835 1.66924193736603
6.845 1.9519662931065669
6.855 2.2603464593533147
6.865 2.591958222124165
6.875 2.943281841860766
6.885 3.3096884695447724
6.8950000000000005 3.6854820472502263
6.905 4.064001567140956
6.915 4.4377848567068545
6.925 4.798790799626704
6.935 5.138672415822502
6.945 5.449088895245937
6.955 5.722040915096679
6.965 5.9502107573408995
6.975 6.1272872065883135
6.985 6.248255167603346
6.995 6.309631482319796
