0.005 0.0
0.015 0.0
0.025 0.0
0.034999999999999996 0.0
0.045 0.0
0.055 0.0
0.065 0.0
0.07500000000000001 0.0
0.085 0.0
0.095 0.0
0.10500000000000001 0.0
0.115 0.0
0.125 0.0
0.135 0.0
0.14500000000000002 0.0
0.155 0.0
0.165 0.0
0.17500000000000002 0.0
0.185 0.0
0.195 0.0
0.20500000000000002 0.0
0.215 0.0
0.225 0.0
0.23500000000000001 0.0
0.245 0.0
0.255 0.0
0.265 0.0
0.275 0.0
0.28500000000000003 0.0
0.295 0.0
0.305 0.0
0.315 0.0
0.325 0.0
0.335 0.0
0.34500000000000003 0.0
0.35500000000000004 0.0
0.365 0.0
0.375 0.0
0.385 0.0
0.395 0.0
0.405 0.0
0.41500000000000004 0.0
0.425 0.0
0.435 0.0
0.445 0.0
0.455 0.0
0.465 0.0
0.47500000000000003 0.0
0.485 0.0
0.495 0.0
0.505 0.0
0.515 0.0
0.525 0.0
0.535 0.0
0.545 0.0
0.555 0.0
0.5650000000000001 0.0
0.5750000000000001 0.0
0.585 0.0
0.595 0.0
0.605 0.0
0.615 0.0
0.625 0.0
0.635 0.0
0.645 0.0
0.655 0.0
0.665 0.0
0.675 0.0
0.685 0.0
0.6950000000000001 0.0
0.7050000000000001 0.0
0.715 0.0
0.725 0.0
0.735 0.0
0.745 0.0
0.755 0.0
0.765 0.0
0.775 0.0
0.785 0.0
0.795 0.0
0.805 0.0
0.8150000000000001 0.0
0.8250000000000001 0.0
0.8350000000000001 0.0
0.845 0.0
0.855 0.0
0.865 0.0
0.875 0.0
0.885 0.0
0.895 0.0
0.905 0.0
0.915 0.0
0.925 0.0
0.935 0.0
0.9450000000000001 0.0
0.9550000000000001 0.0
0.965 0.0
0.975 0.0
0.985 0.0
0.995 0.0
1.005 0.0
1.015 0.0
1.025 0.0
1.035 0.0
1.045 0.0
1.055 0.0
1.065 0.0
1.075 0.0
1.085 0.0
1.095 0.0
1.105 0.0
1.115 0.0
1.125 0.0
1.135 0.0
1.145 0.0
1.155 0.0
1.1649999999999998 0.0
1.1749999999999998 0.0
1.1849999999999998 0.0
1.1949999999999998 0.0
1.2049999999999998 0.0
1.2149999999999999 0.0
1.2249999999999999 0.0
1.2349999999999999 0.0
1.2449999999999999 0.0
1.255 0.0
1.265 0.0
1.275 0.0
1.285 0.0
1.295 0.01819813325432633
1.305 0.027013021306994157
1.315 0.03969872297815342
1.325 0.057761301104519526
1.335 0.08320596336998518
1.345 0.11866673527912638
1.355 0.16755623401399697
1.365 0.23423362632395273
1.375 0.32418651715155433
1.385 0.4442195936136376
1.395 0.6026394075215246
1.405 0.8094208730252405
1.4149999999999998 1.0763371417178977
1.4249999999999998 1.4170308635709508
1.4349999999999998 1.847001921212349
1.4449999999999998 2.3834850930030296
1.4549999999999998 3.045191354526802
1.4649999999999999 3.851889246810544
1.4749999999999999 4.823808404036015
1.4849999999999999 5.980856238428924
1.4949999999999999 7.341650942612892
1.505 8.922389049530135
1.515 10.73558303438808
1.525 12.788722672842619
1.535 15.08293151745893
1.545 17.611705063164322
1.555 20.359827952907626
1.565 23.3025720151669
1.575 26.405273431464693
1.585 29.62337487458426
1.595 32.91613332180557
1.605 36.20157144131237
1.615 39.42069603774701
1.625 42.50175023302162
1.635 45.37169359826789
1.645 47.959238803854454
1.655 50.198048591115146
1.665 52.0299120252474
1.6749999999999998 53.40770867049219
1.6849999999999998 54.297973368120395
1.6949999999999998 54.68289293630849
1.7049999999999998 54.5615981574753
1.7149999999999999 53.950657343300605
1.7249999999999999 52.88372796209513
1.7349999999999999 51.421846184574974
1.7449999999999999 49.61115044811097
1.755 47.534859109776036
1.765 45.27699228121478
1.775 42.926605563719825
1.785 40.57421747965774
1.795 38.30826279166944
1.805 36.21174150975588
1.815 34.359212114682116
1.825 32.81424970759756
1.835 31.627458246289446
1.845 30.83509333876223
1.855 30.45832033701417
1.865 30.50310317901048
1.875 30.960693393603062
1.885 31.808666204436797
1.895 33.012431692540076
1.905 34.527133333132724
1.915 36.29983383324095
1.9249999999999998 38.271879227607165
1.9349999999999998 40.38132709968439
1.9449999999999998 42.565324278131925
1.9549999999999998 44.76232419470543
1.9649999999999999 46.91404491169323
1.9749999999999999 48.96708588206388
1.9849999999999999 50.87414443492055
1.9949999999999999 52.59480068593838
2.005 54.09587020663289
2.015 55.35135486385127
2.025 56.3420508944093
2.035 57.05489660527583
2.045 57.48215754007678
2.0549999999999997 57.620552715898135
2.065 57.470420832798524
2.0749999999999997 57.03501061692241
2.085 56.31995630725776
2.0949999999999998 55.33297040352452
2.105 54.07994885161984
2.1149999999999998 52.58845234843825
2.125 50.861055763725794
2.135 48.91560594428142
2.145 46.772957147334914
2.155 44.45725199393283
2.165 41.99604326928259
2.175 39.420211148946166
2.185 36.763653667294356
2.195 34.06275322107685
2.205 31.35564546137399
2.215 28.68133627996981
2.225 26.07872565813045
2.235 23.585602771533328
2.245 21.237674817000283
2.255 19.067683402312042
2.265 17.104648674974534
2.275 15.373264842463936
2.285 13.893453746415148
2.295 12.680067971442835
2.305 11.74272346734109
2.315 11.085735092416407
2.3249999999999997 10.70812735106156
2.335 10.603696634814956
2.3449999999999998 10.761109517358701
2.355 11.164032586575573
2.3649999999999998 11.791301070771706
2.375 12.617144188333555
2.385 13.611492931379143
2.395 14.740399472741624
2.405 15.957833939712724
2.415 17.24442562196665
2.425 18.54587782091872
2.435 19.820239882397694
2.445 21.025986842683466
2.455 22.123321990171195
2.465 23.075509242879054
2.475 23.850166946870516
2.485 24.420448445521867
2.495 24.766035117648997
2.505 24.873874854330083
2.515 24.738612705774422
2.525 24.362679534606293
2.535 23.756027228539754
2.545 22.927872874355522
2.555 21.91898873167332
2.565 20.745997292688568
2.5749999999999997 19.440399058294155
2.585 18.035703597960136
2.5949999999999998 16.566015312549947
2.605 15.064685957219202
2.6149999999999998 13.563106192345396
2.625 12.089693666069785
2.635 10.669117213503187
2.645 9.321777473102438
2.655 8.063545325651122
2.665 6.905742601214668
2.675 5.855335673621623
2.685 4.915302640182068
2.695 4.08512908068498
2.705 3.3613857902201225
2.715 2.7383439134262844
2.725 2.2085878436356534
2.735 1.763593213697868
2.745 1.3942453853525958
2.755 1.091282190538259
2.765 0.8456525733792047
2.775 0.6487896859089197
2.785 0.4928025592522986
2.795 0.37059454912280065
2.805 0.2759193479646117
2.815 0.20338660083161236
2.8249999999999997 0.14842927846231233
2.835 0.10724421377037673
2.8449999999999998 0.07671587065088614
2.855 0.05433174102896062
2.8649999999999998 0.038095973932792765
2.875 0.02644609751607954
2.885 0.01817611928866203
2.895 0.012367951933700546
2.905 0.008332042344123497
2.915 0.0
2.925 0.0
2.935 0.0
2.945 0.0
2.955 0.0
2.965 0.0
2.975 0.0
2.985 0.0
2.995 0.0
3.005 0.0
3.015 0.0
3.025 0.0
3.035 0.0
3.045 0.0
3.055 0.0
3.065 0.0
3.075 0.0
3.085 0.0
3.0949999999999998 0.0
3.105 0.0
3.1149999999999998 0.0
3.125 0.0
3.135 0.0
3.145 0.0
3.155 0.0
3.165 0.0
3.175 0.0
3.185 0.0
3.195 0.0
3.205 0.0
3.215 0.0
3.225 0.0
3.235 0.0
3.245 0.0
3.255 0.003913744515754902
3.265 0.005809500486490001
3.275 0.008537725115365007
3.285 0.012422316743226275
3.295 0.017894521282284
3.305 0.025520820070421675
3.315 0.03603514068108747
3.325 0.050374978445265214
3.335 0.06972051395886686
3.3449999999999998 0.09553518341684461
3.355 0.12960541849007692
3.3649999999999998 0.17407645380258807
3.375 0.23148025825672358
3.385 0.3047508606212556
3.395 0.3972217116288609
3.405 0.5125993738344835
3.415 0.6549078851464154
3.425 0.8283987266340144
3.435 1.0374225434281907
3.445 1.286260682650233
3.455 1.5789172280298087
3.465 1.918875453982538
3.475 2.3088263305401924
3.485 2.750380631070998
3.495 3.2437799901222273
3.505 3.7876255295397225
3.515 4.378644989505289
3.525 5.011520256104379
3.535 5.678796425717742
3.545 6.370890867391199
3.555 7.076216083829667
3.565 7.781423677369046
3.575 8.471768760762696
3.585 9.131585277185645
3.5949999999999998 9.74485363548249
3.605 10.295833649955396
3.6149999999999998 10.769728838838997
3.625 11.15657071550376
3.635 11.44048218836763
3.645 11.61556022814251
3.655 11.676951409032233
3.665 11.62327583711379
3.675 11.456736131651683
3.685 11.183058001109007
3.695 10.811268018349443
3.705 10.35332514740675
3.715 9.823631895166068
3.725 9.238457833965704
3.735 8.615312108794189
3.745 7.972302170970751
3.755 7.330541959522918
3.765 6.702935105573193
3.775 6.111091678335998
3.785 5.565621882521153
3.795 5.082132441670295
3.805 4.672352385652695
3.815 4.346028655020827
3.825 4.110894873138047
3.835 3.972697946913015
3.8449999999999998 3.935266138634356
3.855 4.000603775136047
3.8649999999999998 4.1690007300547
3.875 4.439148611905697
3.885 4.80825953783807
3.895 5.272186824537763
3.905 5.825549354882942
3.915 6.4618624392217825
3.925 7.173677573632929
3.935 7.952731742617644
3.945 8.790104189654517
3.955 9.676375436300738
3.965 10.601780422993755
3.975 11.556345633417124
3.985 12.532718632300147
3.995 13.51668299786454
4.005 14.500132115287126
4.015 15.473200770798568
4.025 16.428715148916787
4.035 17.352747722062876
4.045 18.237262014989263
4.055 19.072348807671517
4.065 19.845404328881465
4.075 20.552531923118664
4.085 21.18008806244054
4.095 21.71870723450928
4.1049999999999995 22.15974657782933
4.115 22.498290299650986
4.125 22.72462971655776
4.135 22.83698914864777
4.145 22.834611131377905
4.155 22.71990692388256
4.165 22.498777993581733
4.175 22.18077448193639
4.185 21.779055566325432
4.195 21.310130341172297
4.205 20.793374494624995
4.215 20.250336118676685
4.225 19.703861754595355
4.235 19.17708955246532
4.245 18.692368719809227
4.255 18.270172103145534
4.265 17.928071096472095
4.275 17.67983892033375
4.285 17.534739991607232
4.295 17.497050391671895
4.305 17.56583848662188
4.315 17.735016945381165
4.325 17.993659230784065
4.335 18.326556560827893
4.345 18.71497664769761
4.355 19.13757425179391
4.365 19.571396429234106
4.375 19.992922617265847
4.385 20.37908132114176
4.395 20.708190710340006
4.405 20.960779175885754
4.415 21.12025290298413
4.425 21.173389716454125
4.435 21.108498275382473
4.445 20.924891907086714
4.455 20.617507645833296
4.465 20.18808313725999
4.475 19.641638076551317
4.485 18.98828007274005
4.495 18.23505177730747
4.505 17.395870592826338
4.515 16.48469521950799
4.525 15.516503256963333
4.535 14.50683148763645
4.545 13.471352068626247
4.555 12.425492896085586
4.565 11.382087451286296
4.575 10.359862616040779
4.585 9.366811140810476
4.595 8.419358051299753
4.605 7.524953700163213
4.615 6.6925602861199875
4.625 5.92963320476454
4.635 5.242136448013746
4.645 4.6345861065496905
4.655 4.110114443244788
4.665 3.670546277943876
4.675 3.3164792807762113
4.685 3.0473603562010094
4.695 2.8615516802280654
4.705 2.7563820962596948
4.715 2.730180711045156
4.725 2.7752720606367918
4.735 2.887498393646224
4.745 3.0604542985741108
4.755 3.286848401211362
4.765 3.5585534569867097
4.775 3.866688777594151
4.785 4.2017444645705435
4.795 4.551940335118554
4.805 4.911319338458929
4.815 5.267087421245628
4.825 5.609491660298735
4.835 5.927662690552012
4.845 6.217691589986909
4.855 6.47026401199867
4.865 6.680349107191029
4.875 6.844766740515441
4.885 6.9623402207174205
4.895 7.033948208826384
4.905 7.062465728020198
4.915 7.052591564266191
4.925 7.008856756159807
4.935 6.942672584197121
4.945 6.859683928578246
4.955 6.76829748430859
4.965 6.676610596285697
4.975 6.591920470347094
4.985 6.520281778098363
4.995 6.4661424532761504
5.005 6.432082227011675
5.015 6.418671357864959
5.025 6.424458625463124
5.035 6.4460886202315315
5.045 6.478539370092758
5.055 6.515463084158532
5.065 6.54960588680026
5.075 6.573277374546809
5.085 6.578838012070408
5.095 6.559171970261034
5.105 6.5081149825228755
5.115 6.42081094602074
5.125 6.293976940158889
5.135 6.1260635532745
5.145 5.917305286268314
5.155 5.669663687932648
5.165 5.386673142655293
5.175 5.073205327207356
5.185 4.73517285612827
5.195 4.37919528207525
5.205 4.013915564078392
5.215 3.643810418822042
5.225 3.276801477923192
5.235 2.919181523882763
5.245 2.5765257242756743
5.255 2.253557022037852
5.265 1.9540768778065989
5.275 1.6809579704469855
5.285 1.4378093824707463
5.295 1.2219200896771767
5.305 1.0384252648140377
5.315 0.8853575624991711
5.325 0.7625978870323791
5.335 0.6698494563660494
5.345 0.606788620886467
5.355 0.5731929616049641
5.365 0.5690399887588623
5.375 0.5945716443256077
5.385 0.6518839664552799
5.395 0.7394238269971839
5.405 0.859376234499258
5.415 1.0130663195463883
5.425 1.2018955449009379
5.435 1.4272117168935374
5.445 1.6901617175518548
5.455 1.9915350294281913
5.465 2.331607012689928
5.475 2.7099914110384686
5.485 3.125511611286859
5.495 3.5760996780013765
5.505 4.058731078858027
5.515 4.569401305082625
5.525 5.101815462302775
5.535 5.653242001581448
5.545 6.215124281681463
5.555 6.780267988321633
5.565 7.341036448531838
5.575 7.889566514269336
5.585 8.41799540096032
5.595 8.918686410006233
5.605 9.384441583475423
5.615 9.808690417556868
5.625 10.18564571605944
5.635 10.510420323420625
5.645 10.779101591060115
5.655 10.98878370438919
5.665 11.137561114461079
5.675 11.224488977368445
5.685 11.249518453540992
5.695 11.21341578207644
5.705 11.117674142768907
5.715 10.964426477100414
5.725 10.756365788726487
5.735 10.49667720169175
5.745 10.18898350133506
5.755 9.83730332898074
5.765 9.446018950607796
5.775 9.019848832581317
5.785 8.56381932178458
5.795 8.083229636000748
5.805 7.583605111887669
5.815 7.0706351205169735
5.825 6.550094047880918
5.835 6.027745995563343
5.845 5.509236105351944
5.855 4.999973381358519
5.865 4.505011347192418
5.875 4.0289336752496405
5.885 3.577075586162894
5.895 3.150787081835385
5.905 2.754988354390669
5.915 2.3896893305850573
5.925 2.057137045913092
5.935 1.7580498042911303
5.945 1.492563986777821
5.955 1.2603280640763124
5.965 1.0606154604654445
5.975 0.8924497327614818
5.985 0.7547349976562022
5.995 0.646384408384992
6.005 0.5664396826798996
6.015 0.5130651333643675
6.025 0.4884473972643736
6.035 0.4909372373352427
6.045 0.520931148498744
6.055 0.5792028644026124
6.065 0.6668622859861292
6.075 0.7852771481590495
6.085 0.9359585542555273
6.095 1.1193343364571666
6.105 1.3404912479335018
6.115 1.5969410859704234
6.125 1.8899855995040067
6.135 2.2193241516525104
6.1450000000000005 2.5836932063549733
6.155 2.981926801391012
6.165 3.408565459784289
6.175 3.8595913007272493
6.185 4.328924286986501
6.195 4.808288082873185
6.205 5.291910019926793
6.215 5.769349368165495
6.225 6.23132421418496
6.235 6.668539962217288
6.245 7.072116530082637
6.255 7.434027297502165
6.265 7.747521955065366
6.275 8.007504195584346
6.285 8.212006185051717
6.295 8.359448687842677
6.305 8.450198587211826
6.315 8.488701543430684
6.325 8.480728861985321
6.335 8.433875647493794
6.345 8.357173820740003
6.355 8.260621476679786
6.365 8.15465838641959
6.375 8.04962152494589
6.385 7.955215978343089
6.3950000000000005 7.8800353108153995
6.405 7.831161552516797
6.415 7.813868730827304
6.425 7.831445833529366
6.435 7.885145934538693
6.445 7.974258693551835
6.455 8.096294346950074
6.465 8.247259383846874
6.475 8.421997990231075
6.485 8.614569531112707
6.495 8.818631113444797
6.505 9.027795696753813
6.515 9.235940129013605
6.525 9.437443498638137
6.535 9.627343737406594
6.545 9.801408771208315
6.555 9.956126905732148
6.565 10.088628757926656
6.575 10.196559178250054
6.585 10.277921674820455
6.595 10.3309194753264
6.605 10.353816419948158
6.615 10.344837506714839
6.625 10.302123500629396
6.635 10.223747173563613
6.6450000000000005 10.107791215845568
6.655 9.952480470908176
6.665 9.75635468420187
6.675 9.518463105501544
6.685 9.238559529011004
6.695 8.916393135000204
6.705 8.55567194415143
6.715 8.156966274081151
6.725 7.726180522430664
6.735 7.266914161403754
6.745 6.784959256347715
6.755 6.286797486637848
6.765 5.779365180117653
6.775 5.2697889211489075
6.785 4.76511119068217
6.795 4.272025325617433
6.805 3.796637216798906
6.815 3.3442679196353424
6.825 2.9193071605423206
6.835 2.5251230719345266
6.845 2.164028858928463
6.855 1.8373029158881597
6.865 1.5452554982383442
6.875 1.287332623614489
6.885 1.062246510549547
6.8950000000000005 0.8681215307456993
6.905 0.7038116760732591
6.915 0.5652925228688751
6.925 0.4508117206185162
6.935 0.35732963130024414
6.945 0.282369962738543
6.955 0.2236597376960277
6.965 0.17839347808507477
6.975 0.1468130257309782
6.985 0.1264629858570458
6.995 0.1165009713013592
