0.005 0.0
0.015 0.0
0.025 0.0
0.034999999999999996 0.0
0.045 0.0
0.055 0.0
0.065 0.0
0.07500000000000001 0.0
0.085 0.0
0.095 0.0
0.10500000000000001 0.0
0.115 0.0
0.125 0.0
0.135 0.0
0.14500000000000002 0.0
0.155 0.0
0.165 0.0
0.17500000000000002 0.0
0.185 0.0
0.195 0.0
0.20500000000000002 0.0
0.215 0.0
0.225 0.0
0.23500000000000001 0.0
0.245 0.0
0.255 0.0
0.265 0.0
0.275 0.0
0.28500000000000003 0.0
0.295 0.0
0.305 0.0
0.315 0.0
0.325 0.0
0.335 0.0
0.34500000000000003 0.0
0.35500000000000004 0.0
0.365 0.0
0.375 0.0
0.385 0.0
0.395 0.0
0.405 0.0
0.41500000000000004 0.0
0.425 0.0
0.435 0.0
0.445 0.0
0.455 0.0
0.465 0.0
0.47500000000000003 0.0
0.485 0.0
0.495 0.0
0.505 0.0
0.515 0.0
0.525 0.0
0.535 0.0
0.545 0.0
0.555 0.0
0.5650000000000001 0.0
0.5750000000000001 0.0
0.585 0.0
0.595 0.0
0.605 0.0
0.615 0.0
0.625 0.0
0.635 0.0
0.645 0.0
0.655 0.0
0.665 0.0
0.675 0.0
0.685 0.0
0.6950000000000001 0.0
0.7050000000000001 0.0
0.715 0.0
0.725 0.0
0.735 0.0
0.745 0.0
0.755 0.0
0.765 0.0
0.775 0.0
0.785 0.0
0.795 0.0
0.805 0.0
0.8150000000000001 0.0
0.8250000000000001 0.0
0.8350000000000001 0.0
0.845 0.0
0.855 0.0
0.865 0.0
0.875 0.0
0.885 0.0
0.895 0.0
0.905 0.0
0.915 0.0
0.925 0.0
0.935 0.0
0.9450000000000001 0.0
0.9550000000000001 0.0
0.965 0.0
0.975 0.0
0.985 0.0
0.995 0.0
1.005 0.0
1.015 0.0
1.025 0.0
1.035 0.0
1.045 0.0
1.055 0.0
1.065 0.0
1.075 0.0
1.085 0.0
1.095 0.0
1.105 0.0
1.115 0.0
1.125 0.0
1.135 0.0
1.145 0.0
1.155 0.0
1.1649999999999998 0.0
1.1749999999999998 0.0
1.1849999999999998 0.0
1.1949999999999998 0.0
1.2049999999999998 0.0
1.2149999999999999 0.0
1.2249999999999999 0.0
1.2349999999999999 0.019558279029435386
1.2449999999999999 0.029032000192913913
1.255 0.042665843263588375
1.265 0.0620784356459669
1.275 0.08942485615200496
1.285 0.12753599985589373
1.295 0.18007954619125793
1.305 0.2517404701732941
1.315 0.34841652555344244
1.325 0.4774209882308911
1.335 0.6476812495939668
1.345 0.8699177583565222
1.355 1.1567836026510552
1.365 1.5229410970739923
1.375 1.9850486002121333
1.385 2.5616290341412107
1.395 3.272791850543259
1.405 4.139783109989716
1.4149999999999998 5.184344428747525
1.4249999999999998 6.427871117952339
1.4349999999999998 7.89037291163938
1.4449999999999998 9.589256887016303
1.4549999999999998 11.537970713579517
1.4649999999999999 13.744563959935787
1.4749999999999999 16.210244154036854
1.4849999999999999 18.928020637918944
1.4949999999999999 21.88154084428406
1.505 25.044228394568826
1.515 28.378828663557954
1.525 31.837454067050814
1.535 35.362198038985746
1.545 38.88635421029358
1.555 42.33623749042576
1.565 45.63355939901766
1.575 48.6982647274338
1.585 51.45169454875285
1.595 53.81990593750894
1.605 55.73695531462613
1.615 57.147943056080585
1.625 58.011623612142564
1.635 58.302408085586144
1.645 58.011623612142564
1.655 57.16032369324758
1.665 55.755332936710346
1.6749999999999998 53.84691395411794
1.6849999999999998 51.490990981044796
1.6949999999999998 48.75487178862065
1.7049999999999998 45.71429129457807
1.7149999999999999 42.450230113152706
1.7249999999999999 39.045709101221014
1.7349999999999999 35.582750091616234
1.7449999999999999 32.139667570718416
1.755 28.788819058879533
1.765 25.594897301333447
1.775 22.613799446566816
1.785 19.892061549759884
1.795 17.466804940447958
1.805 15.366107429093173
1.815 13.609689210063184
1.825 12.209791779564615
1.835 11.17212828615104
1.845 10.496794561972932
1.855 10.1790499436991
1.865 10.209903596591214
1.875 10.576472753819079
1.885 11.262111277512462
1.895 12.24633748751483
1.905 13.504616757532538
1.915 15.008074784258367
1.9249999999999998 16.723230026467075
1.9349999999999998 18.61183752218878
1.9449999999999998 20.630930738846327
1.9549999999999998 22.733133641469173
1.9649999999999999 24.867292866182865
1.9749999999999999 26.97945154593554
1.9849999999999999 29.014154332041628
1.9949999999999999 30.916040293285867
2.005 32.63164965796046
2.015 34.11134472708575
2.025 35.311227305044696
2.035 36.19492661038997
2.045 36.72208901044983
2.0549999999999997 36.906159247615484
2.065 36.72208901044983
2.0749999999999997 36.17536833136054
2.085 35.28219530485178
2.0949999999999998 34.06867888382216
2.105 32.569571222314494
2.1149999999999998 30.826615437133864
2.125 28.886618332185733
2.135 26.79937199974428
2.145 24.61555239600957
2.155 22.38471711591573
2.165 20.153509750615438
2.175 17.964156272594813
2.185 15.853312268110551
2.195 13.851291181607312
2.205 11.981675660458546
2.215 10.261288887302698
2.225 8.700482243371251
2.235 7.30368090327582
2.245 6.070120486601497
2.255 4.994705514951575
2.265 4.068923444020593
2.275 3.2817553745116586
2.285 2.6205348925483127
2.295 2.071718496483667
2.305 1.6215434691573858
2.315 1.2565607864111035
2.3249999999999997 0.9640409118409389
2.335 0.7322586022827566
2.3449999999999998 0.5506689067646205
2.355 0.40999039532157977
2.3649999999999998 0.3022135036676004
2.375 0.22055205263048547
2.385 0.15935489092743166
2.395 0.11399262272694988
2.405 0.08073189556040204
2.415 0.056607061186841924
2.425 0.03929643229195052
2.435 0.027008016608992946
2.445 0.018377622084213306
2.455 0.012380637166993683
2.465 0.0
2.475 0.0
2.485 0.0
2.495 0.0
2.505 0.0
2.515 0.0
2.525 0.0
2.535 0.0
2.545 0.0
2.555 0.0
2.565 0.0
2.5749999999999997 0.0
2.585 0.0
2.5949999999999998 0.0
2.605 0.0
2.6149999999999998 0.0
2.625 0.0
2.635 0.0
2.645 0.0
2.655 0.0
2.665 0.0
2.675 0.0
2.685 0.0
2.695 0.0
2.705 0.0
2.715 0.0
2.725 0.0
2.735 0.0
2.745 0.0
2.755 0.0
2.765 0.0052193895963411506
2.775 0.007747579403065891
2.785 0.011385953647248074
2.795 0.01656646480398674
2.805 0.023864224615653858
2.815 0.03403469547627344
2.8249999999999997 0.04805664693145656
2.835 0.06718032752386047
2.8449999999999998 0.09297963210004707
2.855 0.12740620661444563
2.8649999999999998 0.1728424454313338
2.875 0.2321492443586189
2.885 0.30870325000518467
2.895 0.40641729806315385
2.905 0.5297368953876649
2.915 0.6836051326581385
2.925 0.8733884873002916
2.935 1.1047567560964948
2.945 1.3835119815260755
2.955 1.7153637898901946
2.965 2.105652047620444
2.975 2.559022067197723
2.985 3.079062539945995
2.995 3.667921601423504
3.005 4.325921496691746
3.015 5.0511966747279144
3.025 5.839383233191718
3.035 6.683388908312231
3.045 7.57327180269799
3.055 8.496252470959423
3.065 9.43687776775551
3.075 10.377346202054998
3.085 11.297993917215086
3.0949999999999998 12.177928580157115
3.105 12.995786382620842
3.1149999999999998 13.730576132885643
3.125 14.362565167596076
3.135 14.874155556481462
3.145 15.250696597092892
3.155 15.481181360199482
3.165 15.558781104695653
3.175 15.481181360199482
3.185 15.250696597092892
3.195 14.874155556481462
3.205 14.362565167596076
3.215 13.730576132885643
3.225 12.995786382620842
3.235 12.177928580157115
3.245 11.301929165767636
3.255 10.383187622793747
3.265 9.445462403330739
3.275 8.508743042019006
3.285 7.591264645279103
3.295 6.709049952316946
3.305 5.875616368654524
3.315 5.101848438074607
3.325 4.396025089436533
3.335 3.7639817021135857
3.3449999999999998 3.2093800743334553
3.355 2.7340549826325264
3.3649999999999998 2.3384041722370426
3.375 2.0217891015885576
3.385 1.7829162245562635
3.395 1.620172602940741
3.405 1.5318947583920461
3.415 1.5165554892276973
3.425 1.5728595483798369
3.435 1.699745329370299
3.445 1.896295825654187
3.455 2.16156794361438
3.465 2.4943546031030577
3.475 2.892898781260479
3.485 3.354582544485026
3.495 3.875616934133843
3.505 4.450760065029863
3.515 5.073090708079165
3.525 5.733862750213711
3.535 6.422462139247377
3.545 7.126482248083239
3.555 7.8319262246545245
3.565 8.52353621357876
3.575 9.181758696784561
3.585 9.79839665299169
3.5949999999999998 10.352404022586144
3.605 10.828903024656176
3.6149999999999998 11.21462539701379
3.625 11.498524990575515
3.635 11.672302941743542
3.645 11.730810603716279
3.655 11.672302941743542
3.665 11.498524990575515
3.675 11.21462539701379
3.685 10.828903024656176
3.695 10.352404022586144
3.705 9.79839665299169
3.715 9.181758696784561
3.725 8.518316823982419
3.735 7.824178645251458
3.745 7.115096294435991
3.755 6.40589567444339
3.765 5.709998525598057
3.775 5.039056012602892
3.785 4.405688638316103
3.795 3.8128678203075483
3.805 3.268115087496288
3.815 2.7749677335234786
3.825 2.3351612567641227
3.835 1.9488847803297116
3.8449999999999998 1.6150784859008533
3.855 1.331751695272808
3.8649999999999998 1.0963021814515157
3.875 0.905820100593277
3.885 0.7573631877969939
3.895 0.6481931774095069
3.905 0.5759664954112046
3.915 0.53887493298169
3.925 0.5357341613052375
3.935 0.566019605595394
3.945 0.6298504629160664
3.955 0.7279236822567365
3.965 0.8614007094750598
3.975 1.0317509075596636
3.985 1.2405569261981513
3.995 1.4892889781763397
4.005 1.7790569624624162
4.015 2.1103515410799583
4.025 2.485457609056877
4.035 2.9014857369693683
4.045 3.3535303270476624
4.055 3.8368258208174524
4.065 4.352164500782222
4.075 4.888981319807339
4.085 5.439323352787837
4.095 5.994147155115942
4.1049999999999995 6.543647939467541
4.115 7.077676374950847
4.125 7.586226220131895
4.135 8.059968520348852
4.145 8.490801679570176
4.155 8.872382030574855
4.165 9.20059714898241
4.175 9.473944499190416
4.185 9.693781264161377
4.195 9.864417354694117
4.205 9.99303232692101
4.215 10.089407737341537
4.225 10.165478618283078
4.235 10.234720412449095
4.245 10.311399942977339
4.255 10.40972989674788
4.265 10.542975015871047
4.275 10.722564010241816
4.285 10.957263591390138
4.295 11.252469675479922
4.305 11.60966564951225
4.315 12.026088836756228
4.325 12.494634388831106
4.335 13.00401146597681
4.345 13.539150644529037
4.355 14.08184507101047
4.365 14.611592119233356
4.375 15.106588368603457
4.385 15.544819700677023
4.395 15.905181128251986
4.405 16.168558286668798
4.415 16.318804653204026
4.425 16.34355545283324
4.435 16.234830389711355
4.445 15.989391967646345
4.455 15.611061210753022
4.465 15.102757873217055
4.475 14.476655663301742
4.485 13.74716449185011
4.495 12.931654864682368
4.505 12.051773099284846
4.515 11.12489886187347
4.525 10.173598528343275
4.535 9.21852058369042
4.545 8.279140355298699
4.555 7.373196731962617
4.565 6.5162888419288905
4.575 5.721637850445903
4.585 5.000006466385095
4.595 4.357766840849184
4.605 3.805712936237439
4.615 3.345116584750513
4.625 2.9785301664137664
4.635 2.7071186413660606
4.645 2.530955269802335
4.655 2.4492698987220116
4.665 2.460630594184131
4.675 2.5630470769051525
4.685 2.7539925104615923
4.695 3.030348137287989
4.705 3.388282551096355
4.715 3.8230835922950197
4.725 4.32896558532634
4.735 4.898877614252992
4.745 5.524339556342387
4.755 6.195331565840477
4.765 6.900259639845785
4.775 7.626014950595929
4.785 8.358138073036434
4.795 9.083028782023435
4.805 9.78151098975014
4.815 10.438518862385148
4.825 11.03803281658546
4.835 11.563176576663228
4.845 12.00276875364974
4.855 12.346889210818755
4.865 12.58414434473041
4.875 12.708774863400674
4.885 12.71830727318854
4.895 12.61372073541934
4.905 12.39946018433454
4.915 12.08329406627912
4.925 11.67602437537823
4.935 11.191065233632816
4.945 10.64391344049891
4.955 10.051539700960095
4.965 9.431732334789963
4.975 8.802426097173223
4.985 8.181047440999988
4.995 7.583904446294116
5.005 7.0256451865921825
5.015 6.518803017672887
5.025 6.073441683202832
5.035 5.6969076957280596
5.045 5.393692522313209
5.055 5.16540289778391
5.065 5.010834178980563
5.075 4.926138989522231
5.085 4.905081344372526
5.095 4.939364799998897
5.105 5.019021766068121
5.115 5.132849803351287
5.125 5.268879464603187
5.135 5.414857049936674
5.145 5.558724674784128
5.155 5.68907948300364
5.165 5.795593905943577
5.175 5.869379781128454
5.185 5.903281052280255
5.195 5.8920827284061055
5.205 5.834291955559531
5.215 5.726308219354095
5.225 5.570271142060849
5.235 5.369090939461002
5.245 5.12733193770457
5.255 4.850928021501229
5.265 4.545379444523415
5.275 4.221830550902694
5.285 3.8861801761769827
5.295 3.5465658362217574
5.305 3.210866022620895
5.315 2.885017641958861
5.325 2.5791268131441094
5.335 2.297011411480043
5.345 2.0437790848973973
5.355 1.8236384321035588
5.365 1.6414935023483763
5.375 1.4974603109563873
5.385 1.39441502567261
5.395 1.3335110648215294
5.405 1.3152923992328376
5.415 1.3397437051105778
5.425 1.4063222531285524
5.435 1.5139705620864938
5.445 1.6611121980645303
5.455 1.8456360740261664
5.465 2.0648768985472374
5.475 2.315600794147416
5.485 2.5940053958299716
5.495 2.895742888330097
5.505 3.2159724957120863
5.515 3.5494460613619534
5.525 3.8906268170507636
5.535 4.233837589722055
5.545 4.57343094344417
5.555 4.9039705280194195
5.565 5.220410602876232
5.575 5.518259647048343
5.585 5.793714356283424
5.595 6.043752217784228
5.605 6.2648819914196565
5.615 6.458739605059684
5.625 6.622810449575191
5.635 6.7571342824047615
5.645 6.862224215943491
5.655 6.938899958073829
5.665 6.988115098003918
5.675 7.010796099429937
5.685 7.007709392570885
5.695 6.97936995141942
5.705 6.926000312117506
5.715 6.847543610185973
5.725 6.743728477694072
5.735 6.61417817657178
5.745 6.458551746199978
5.755 6.276701700846416
5.765 6.068831250883939
5.775 5.835634267970611
5.785 5.578403187478767
5.795 5.299093469303189
5.805 5.000337697469708
5.815 4.685407372140982
5.825 4.358125388399881
5.835 4.022736594851903
5.845 3.68374726497181
5.855 3.347082839912008
5.865 3.0152071381670766
5.875 2.693309057974229
5.885 2.385288493037003
5.895 2.0945328477159397
5.905 1.8238396839571402
5.915 1.5753794567538237
5.925 1.3506976880947936
5.935 1.1507529981234879
5.945 0.9759850572309428
5.955 0.8276994611410639
5.965 0.704910999087554
5.975 0.6060773896950313
5.985 0.5316065047772478
5.995 0.4810931502387151
6.005 0.4542738602541454
6.015 0.4499913281974791
6.025 0.47106276642471545
6.035 0.5163914793378104
6.045 0.5868226816580961
6.055 0.6834571354469835
6.065 0.8076035166644566
6.075 0.9607078215007083
6.085 1.144263186581148
6.095 1.3597041850663203
6.105 1.608290201739557
6.115 1.8909828682833294
6.125 2.208322739076791
6.135 2.56031039801398
6.1450000000000005 2.9462970097572057
6.155 3.364888981673595
6.165 3.813870918575446
6.175 4.289101225615674
6.185 4.789035246008677
6.195 5.307241104055377
6.205 5.837961349510474
6.215 6.3746001203025
6.225 6.909813639977098
6.235 7.43563128987582
6.245 7.943606958689223
6.255 8.42499949806259
6.265 8.87097998296943
6.275 9.272862058448332
6.285 9.622349971105791
6.295 9.911797020184348
6.305 10.13446527149873
6.315 10.284775667668503
6.325 10.358536384335705
6.335 10.35313667203259
6.345 10.267693700169547
6.355 10.103141224470392
6.365 9.862251270419344
6.375 9.549583379421982
6.385 9.171360093390508
6.3950000000000005 8.73527193980557
6.405 8.251348872349832
6.415 7.727682981320502
6.425 7.175459534237236
6.435 6.605335267925993
6.445 6.0278413470695655
6.455 5.453055653419661
6.465 4.890314262730138
6.475 4.347975761585329
6.485 3.833247957199091
6.495 3.35208187615068
6.505 2.90913315035863
6.515 2.5077863568934715
6.525 2.1502339676021687
6.535 1.8386856603899568
6.545 1.5716985861480983
6.555 1.349519483414488
6.565 1.1711133831173854
6.575 1.035054524908364
6.585 0.9396722974103535
6.595 0.8831694458969727
6.605 0.863707642006502
6.615 0.8794585381981618
6.625 0.9286213411110275
6.635 1.009410545335209
6.6450000000000005 1.1200196180481758
6.655 1.2585679976099322
6.665 1.4232354994926564
6.675 1.612247070663634
6.685 1.8226388057400673
6.695 2.051780858044948
6.705 2.2967582095927073
6.715 2.5543866413933123
6.725 2.8212536958867647
6.735 3.0937832182927956
6.745 3.368319759812403
6.755 3.6412271796856666
6.765 3.9081309059070986
6.775 4.166909391154256
6.785 4.415369526606359
6.795 4.650874879603955
6.805 4.869685800820302
6.815 5.071082766832486
6.825 5.254115878072367
6.835 5.418349007042236
6.845 5.563827277042277
6.855 5.691025179425723
6.865 5.800780581645802
6.875 5.894220276809039
6.885 5.972682546893477
6.8950000000000005 6.037641542396819
6.905 6.090637260522382
6.915 6.1332137005878415
6.925 6.166866559290183
6.935 6.1930007462554695
6.945 6.212897155704537
6.955 6.227687574258729
6.965 6.238336336909393
6.975 6.245627319558268
6.985 6.250155007760736
6.995 6.252318630705741
