0.005 0.0
0.015 0.0
0.025 0.0
0.034999999999999996 0.0
0.045 0.0
0.055 0.0
0.065 0.0
0.07500000000000001 0.0
0.085 0.0
0.095 0.0
0.10500000000000001 0.0
0.115 0.0
0.125 0.0
0.135 0.0
0.14500000000000002 0.0
0.155 0.0
0.165 0.0
0.17500000000000002 0.0
0.185 0.0
0.195 0.0
0.20500000000000002 0.0
0.215 0.0
0.225 0.0
0.23500000000000001 0.0
0.245 0.0
0.255 0.0
0.265 0.0
0.275 0.0
0.28500000000000003 0.0
0.295 0.0
0.305 0.0
0.315 0.0
0.325 0.0
0.335 0.0
0.34500000000000003 0.0
0.35500000000000004 0.0
0.365 0.0
0.375 0.0
0.385 0.0
0.395 0.0
0.405 0.0
0.41500000000000004 0.0
0.425 0.0
0.435 0.0
0.445 0.0
0.455 0.0
0.465 0.0
0.47500000000000003 0.0
0.485 0.0
0.495 0.0
0.505 0.0
0.515 0.0
0.525 0.0
0.535 0.0
0.545 0.0
0.555 0.0
0.5650000000000001 0.0
0.5750000000000001 0.0
0.585 0.0
0.595 0.0
0.605 0.0
0.615 0.0
0.625 0.0
0.635 0.0
0.645 0.0
0.655 0.0
0.665 0.0
0.675 0.0
0.685 0.0
0.6950000000000001 0.0
0.7050000000000001 0.0
0.715 0.0
0.725 0.0
0.735 0.0
0.745 0.0
0.755 0.0
0.765 0.0
0.775 0.0
0.785 0.0
0.795 0.0
0.805 0.0
0.8150000000000001 0.0
0.8250000000000001 0.0
0.8350000000000001 0.0
0.845 0.0
0.855 0.0
0.865 0.0
0.875 0.0
0.885 0.0
0.895 0.0
0.905 0.0
0.915 0.0
0.925 0.0
0.935 0.0
0.9450000000000001 0.0
0.9550000000000001 0.0
0.965 0.0
0.975 0.0
0.985 0.0
0.995 0.0
1.005 0.0
1.015 0.0
1.025 0.0
1.035 0.0
1.045 0.0
1.055 0.0
1.065 0.0
1.075 0.0
1.085 0.0
1.095 0.0
1.105 0.0
1.115 0.0
1.125 0.0
1.135 0.0
1.145 0.0
1.155 0.0
1.1649999999999998 0.0
1.1749999999999998 0.0
1.1849999999999998 0.0
1.1949999999999998 0.0
1.2049999999999998 0.0
1.2149999999999999 0.0
1.2249999999999999 0.0
1.2349999999999999 0.0
1.2449999999999999 0.0
1.255 0.0
1.265 0.0
1.275 0.0
1.285 0.0
1.295 0.0
1.305 0.0
1.315 0.0
1.325 0.0
1.335 0.0
1.345 0.0
1.355 0.0
1.365 0.0
1.375 0.0
1.385 0.0
1.395 0.0
1.405 0.0
1.4149999999999998 0.0
1.4249999999999998 0.0
1.4349999999999998 0.0
1.4449999999999998 0.015359380571318587
1.4549999999999998 0.022799221702403134
1.4649999999999999 0.03350606273156342
1.4749999999999999 0.04875103361208365
1.4849999999999999 0.07022654682995977
1.4949999999999999 0.10015574250588108
1.505 0.14141889881513373
1.515 0.19769518988736512
1.525 0.2736162013670973
1.535 0.37492514755194983
1.545 0.5086328294247727
1.555 0.6831581600935931
1.565 0.9084377804937909
1.575 1.2093901412246382
1.585 1.5787820573681461
1.595 2.0409221809761995
1.605 2.6127120349648623
1.615 3.3123133844894457
1.625 4.15874032057178
1.635 5.171308452200527
1.645 6.368942462347634
1.655 7.769354289913603
1.665 9.388116601722576
1.6749999999999998 11.23766906994648
1.6849999999999998 13.326307061485709
1.6949999999999998 15.65721229902295
1.7049999999999998 18.227591460952482
1.7149999999999999 21.027990283771302
1.7249999999999999 24.04184657988853
1.7349999999999999 27.245335256804502
1.7449999999999999 30.60754213605298
1.755 34.09098205580917
1.765 37.652452035666364
1.775 41.24418440912634
1.785 44.81524038712308
1.795 48.31306418610848
1.805 51.685104064654226
1.815 54.88040119876684
1.825 57.85105124286967
1.835 60.55345655344445
1.845 62.94930815076918
1.855 65.00626328775516
1.865 66.6983139328267
1.875 68.0058701030579
1.885 68.9156063993856
1.895 69.42013740244704
1.905 69.51759580423445
1.915 69.21118549400353
1.9249999999999998 68.50877081876897
1.9349999999999998 67.42254467656403
1.9449999999999998 65.9687947471264
1.9549999999999998 64.1677623945381
1.9649999999999999 62.0435660884465
1.9749999999999999 59.624143717389
1.9849999999999999 56.941158246354206
1.9949999999999999 54.02981003688311
2.005 50.92850679742709
2.015 47.67835736241769
2.025 44.32247612225473
2.035 40.9051081097734
2.045 37.470607428178035
2.0549999999999997 34.06232101130419
2.065 30.72144333480409
2.0749999999999997 27.485914175332802
2.085 24.389430341494208
2.0949999999999998 21.46063393461563
2.105 18.722525425878832
2.1149999999999998 16.192131540362503
2.125 13.88043780697817
2.135 11.792575865092651
2.145 9.928238157576295
2.155 8.28227897314378
2.165 6.845451839750961
2.175 5.605229320197307
2.185 4.546652066475261
2.195 3.6609229659505855
2.205 2.9188820872744183
2.215 2.308640997827019
2.225 1.813718859421676
2.235 1.418718139289441
2.245 1.1097098241480992
2.255 0.8642689739491828
2.265 0.696117794636168
2.275 0.582189587806216
2.285 0.5167159500287837
2.295 0.4958937409433184
2.305 0.517860458205305
2.315 0.5826270131171665
2.3249999999999997 0.6919720310615337
2.335 0.8492976716264421
2.3449999999999998 1.0594434632333545
2.355 1.3284522207062044
2.3649999999999998 1.6632811218595458
2.375 2.071451714960875
2.385 2.5516950220344374
2.395 3.1322695976890405
2.405 3.80668165471926
2.415 4.5802695626540215
2.425 5.456228787576343
2.435 6.435038686182534
2.445 7.5139241519405005
2.455 8.686393647635805
2.465 9.94189705307477
2.475 11.265645266241316
2.485 12.638628181304178
2.495 14.03785842131518
2.505 15.436855320005773
2.515 16.806367843044256
2.525 18.115317531954535
2.535 19.331924583810462
2.545 20.424963482639406
2.555 21.36508084045899
2.565 22.12609879847655
2.5749999999999997 22.686223656295404
2.585 23.029082020299647
2.5949999999999998 23.144515774299258
2.605 23.029082020299647
2.6149999999999998 22.686223656295404
2.625 22.12609879847655
2.635 21.36508084045899
2.645 20.430602358338458
2.655 19.3402948417527
2.665 18.127618582900606
2.675 16.82426576656157
2.685 15.462637529549246
2.695 14.074628509790713
2.705 12.690547175576919
2.715 11.338224925095316
2.725 10.042349525203534
2.735 8.824039582878893
2.745 7.700658069253447
2.755 6.685845932586297
2.765 5.789742740221772
2.775 5.019350911808077
2.785 4.3789938860932125
2.795 3.870816567433252
2.805 3.495278371382527
2.815 3.2515946305857217
2.8249999999999997 3.138090366062995
2.835 3.1524407175968796
2.8449999999999998 3.2917838732447686
2.855 3.552704367831388
2.8649999999999998 3.931096397322897
2.875 4.421927633755539
2.885 5.018933292980916
2.895 5.714277336751203
2.905 6.498222191031851
2.915 7.35884984677621
2.925 8.28187543059886
2.935 9.255290066915231
2.945 10.252932709547377
2.955 11.25713505210275
2.965 12.245585905528158
2.975 13.195107988398014
2.985 14.082445365222656
2.995 14.885158743011795
3.005 15.57740080414651
3.015 16.153344210689422
3.025 16.59115440145126
3.035 16.885516636629347
3.045 17.02491412982214
3.055 17.01311484338379
3.065 16.856510072753775
3.075 16.566969487662774
3.085 16.16147801143139
3.0949999999999998 15.661528098113113
3.105 15.092299963221853
3.1149999999999998 14.481673999457426
3.125 13.859127742717705
3.135 13.254573962749262
3.145 12.69719674660357
3.155 12.214339184723858
3.165 11.83049009670011
3.175 11.566408954487617
3.185 11.438418640909426
3.195 11.45788574029059
3.205 11.630898389023084
3.215 11.958142833798984
3.225 12.43497208079168
3.235 13.051653522718176
3.245 13.793777219693027
3.255 14.642802515911281
3.265 15.576717793087669
3.275 16.570786291153865
3.285 17.598349988859667
3.295 18.63166348069306
3.305 19.642730575860192
3.315 20.604117937352527
3.325 21.489722402837074
3.335 22.275471568106028
3.3449999999999998 22.939940604078302
3.355 23.46487191904732
3.3649999999999998 23.835587955196935
3.375 24.041290926685363
3.385 24.075246519455415
3.395 23.934851406704702
3.405 23.621586897059892
3.415 23.140863207535162
3.425 22.501760872483214
3.435 21.716677807860542
3.445 20.800892663113384
3.455 19.768296360545207
3.465 18.64715055461197
3.475 17.45267075842848
3.485 16.20624919071383
3.495 14.929213666782438
3.505 13.642247035987126
3.515 12.364850465842741
3.525 11.114871027994619
3.535 9.908111037004895
3.545 8.758032428059746
3.555 7.675564392517327
3.565 6.669016889456712
3.575 5.744096954227639
3.585 4.904019385286812
3.5949999999999998 4.149698825422151
3.605 3.4800067959940635
3.6149999999999998 2.892075107994505
3.625 2.3816263406864584
3.635 1.9433126911549112
3.645 1.5710462815942325
3.655 1.2583067017886387
3.665 0.9984148458675819
3.675 0.7847656450450013
3.685 0.6110157930002797
3.695 0.4712257483359807
3.705 0.3599579870804972
3.715 0.2723355507425453
3.725 0.20406634889670439
3.735 0.15143945099512568
3.745 0.10816445981844448
3.755 0.07893721936682319
3.765 0.057034300212974474
3.775 0.04379834496408558
3.785 0.03334701211598642
3.795 0.02680349655859396
3.805 0.023585088470680284
3.815 0.023380932212094696
3.825 0.02613693096994906
3.835 0.0320488589953808
3.8449999999999998 0.038607949771356884
3.855 0.05343458566204348
3.8649999999999998 0.07321923853054435
3.875 0.09933104969161312
3.885 0.13341415107678195
3.895 0.1774090721159663
3.905 0.23356448544047162
3.915 0.3044351851648466
3.925 0.3928619224985663
3.935 0.5019287653308147
3.945 0.6348940965462213
3.955 0.7950922994809436
3.965 0.9885487396569673
3.975 1.2141732011857889
3.985 1.4766338816778493
3.995 1.778220269737091
4.005 2.1204692450554967
4.015 2.5066454743298983
4.025 2.9321261067425226
4.035 3.3970141288957856
4.045 3.8982831376261737
4.055 4.431541243513543
4.065 4.9910849926889345
4.075 5.570040710758952
4.085 6.16059582085371
4.095 6.754315686818976
4.1049999999999995 7.3425338592083715
4.115 7.916795905945903
4.125 8.469330036108726
4.135 8.993512243120158
4.145 9.484290413455707
4.155 9.938531336476542
4.165 10.355257157925012
4.175 10.735743612561052
4.185 11.08346110744452
4.195 11.403850851985235
4.205 11.703940912666134
4.215 11.991820268105297
4.225 12.276001496522888
4.235 12.567147184397324
4.245 12.86878595623529
4.255 13.188200596228754
4.265 13.528786899325096
4.275 13.891217892932126
4.285 14.273163436200196
4.295 14.66921690348019
4.305 15.073404388613874
4.315 15.471246758932695
4.325 15.851564928582961
4.335 16.20038354891676
4.345 16.50336538243532
4.355 16.746732924084036
4.365 16.918190597709685
4.375 17.007784871341045
4.385 17.00864352857335
4.395 16.917543459276946
4.405 16.735267998658326
4.415 16.466729095938167
4.425 16.120845308671235
4.435 15.710182603309642
4.445 15.250380037990642
4.455 14.759395577807757
4.465 14.256617717053295
4.475 13.761895683282628
4.485 13.294544481170028
4.495 12.872380885492621
4.505 12.510842950992817
4.515 12.222239120145234
4.525 12.01516417852714
4.535 11.894108823740083
4.545 11.859278202327406
4.555 11.908752646990312
4.565 12.031237554854918
4.575 12.216622806811749
4.585 12.44841378015135
4.595 12.714558752829623
4.605 12.994000681982138
4.615 13.270176691097127
4.625 13.521590549201715
4.635 13.732551679981187
4.645 13.887938830372129
4.655 13.975262096174239
4.665 13.985205610659616
4.675 13.912016939495023
4.685 13.7537302514664
4.695 13.512218188746811
4.705 13.193075102337
4.715 12.805341579418892
4.725 12.361086643084787
4.735 11.874869386475652
4.745 11.363105925618216
4.755 10.843370317937616
4.765 10.3336594845371
4.775 9.85177431708966
4.785 9.415681017177086
4.795 9.039085889444157
4.805 8.734856725451067
4.815 8.513101001435132
4.825 8.379009394205948
4.835 8.342285273320691
4.845 8.397573567649657
4.855 8.543008730998784
4.865 8.77219204911136
4.875 9.075776304188038
4.885 9.441897648041572
4.895 9.856711076199744
4.905 10.305008418345398
4.915 10.770893156026293
4.925 11.23848248480424
4.935 11.69260419422422
4.945 12.11945449072762
4.955 12.507183146104246
4.965 12.846374546975792
4.975 13.130397455767255
4.985 13.35560252038369
4.995 13.521354561496324
5.005 13.63168570032484
5.015 13.688704652650948
5.025 13.700670409414734
5.035 13.676257402079761
5.045 13.623488595100572
5.055 13.556100481168793
5.065 13.481292457741544
5.075 13.407660089207928
5.085 13.342225011854989
5.095 13.290020579131305
5.105 13.25382653030907
5.115 13.232493578981014
5.125 13.227848791986498
5.135 13.233693992792503
5.145 13.244487641052036
5.155 13.253470593214487
5.165 13.25322485966334
5.175 13.236260864144244
5.185 13.19558905535408
5.195 13.125233713372356
5.205 13.020652080696035
5.215 12.879030075108108
5.225 12.699436121805608
5.235 12.48282621226458
5.245 12.231905192696068
5.255 11.950860521763909
5.265 11.64499439635118
5.275 11.320287449861265
5.285 10.9829316139412
5.295 10.638870893751669
5.305 10.29338671455439
5.315 9.950759412513417
5.325 9.614029882053062
5.335 9.284876081003816
5.345 8.963608897586145
5.355 8.649281721960143
5.365 8.338478497007063
5.375 8.03176227272237
5.385 7.7238817483933495
5.395 7.411616662646794
5.405 7.0919941765681935
5.415 6.764141070804984
5.425 6.422705395398723
5.435 6.07293521426242
5.445 5.711007321218435
5.455 5.3396871940966
5.465 4.963265178792203
5.475 4.583112335553301
5.485 4.204742214704647
5.495 3.8332177417867492
5.505 3.4739634996055764
5.515 3.1325740638116972
5.525 2.8146465196211445
5.535 2.525647066795365
5.545 2.270816527591784
5.555 2.055114348742153
5.565 1.8831958265558248
5.575 1.7594132148469417
5.585 1.6865263003217517
5.595 1.671363719693728
5.605 1.715533006522947
5.615 1.8222559379961765
5.625 1.9943482563732315
5.635 2.2341064002734625
5.645 2.541875825635927
5.655 2.92137259633719
5.665 3.3703791846682414
5.675 3.8872102848293757
5.685 4.469978159293224
5.695 5.111414795550294
5.705 5.805428295331423
5.715 6.54293147088135
5.725 7.312794624205925
5.735 8.101968029093076
5.745 8.895725371881197
5.755 9.678029370320557
5.765 10.432011606024071
5.775 11.140549188672871
5.785 11.786912014758986
5.795 12.355446899488069
5.805 12.83225949059251
5.815 13.204658537776126
5.825 13.466888707707227
5.835 13.61204937227172
5.845 13.63866789163519
5.855 13.549014468184549
5.865 13.349019439212563
5.875 13.048005141839102
5.885 12.658246345521297
5.895 12.194384485540409
5.905 11.67273034459563
5.915 11.110496705827966
5.925 10.525006356422349
5.935 9.932921438871581
5.945 9.35083626764439
5.955 8.79010854816018
5.965 8.262570398046172
5.975 7.776459315006609
5.985 7.33713962719745
5.995 6.9471228266260665
6.005 6.606242665568146
6.015 6.311965802941765
6.025 6.059811584840993
6.035 5.843849397259023
6.045 5.657239138243665
6.055 5.492779761036148
6.065 5.343432431124313
6.075 5.202788381714688
6.085 5.065456702624879
6.095 4.927353639715882
6.105 4.785882053085383
6.115 4.639997005836449
6.125 4.4901605715677295
6.135 4.3381954426801475
6.1450000000000005 4.187052446032083
6.155 4.040511365441846
6.165 3.9028373650573953
6.175 3.7784167336778074
6.185 3.6713956492306163
6.195 3.5853442962329067
6.205 3.5241645779531856
6.215 3.487647477911935
6.225 3.475989997950954
6.235 3.4907325352910017
6.245 3.52719618338901
6.255 3.5856461009899863
6.265 3.658468354676887
6.275 3.7415906499298437
6.285 3.830100364702314
6.295 3.917716504425755
6.305 3.9990874878514604
6.315 4.069397559209291
6.325 4.124684631598451
6.335 4.162114782577887
6.345 4.180198266186183
6.355 4.178935077366644
6.365 4.159881894784022
6.375 4.126136392483048
6.385 4.082239185948863
6.3950000000000005 4.033997803941942
6.405 3.988240821596964
6.415 3.9525134679316483
6.425 3.9347285084434063
6.435 3.9427879431284953
6.445 3.984192055732919
6.455 4.065652653679918
6.465 4.192727032215316
6.475 4.369488372021945
6.485 4.598247017324369
6.495 4.878393640472675
6.505 5.210345760227623
6.515 5.5887750841026715
6.525 6.008697375208474
6.535 6.460353072296929
6.545 6.934611301996599
6.555 7.420119082493995
6.565 7.904410307890203
6.575 8.374351552410184
6.585 8.816634940311648
6.595 9.218297632870819
6.605 9.567244765660016
6.615 9.852751054007037
6.625 10.065916020501472
6.635 10.200049045859197
6.6450000000000005 10.250963246931988
6.655 10.217161453709181
6.665 10.09990306682311
6.675 9.904237238561144
6.685 9.634991009821883
6.695 9.30166651162902
6.705 8.914901011193297
6.715 8.486733809052351
6.725 8.03009461864428
6.735 7.558267637531015
6.745 7.084358975057733
6.755 6.619927819159146
6.765 6.178296627337728
6.775 5.768000138180719
6.785 5.39706885953251
6.795 5.071545323500775
6.805 4.795399803476999
6.815 4.570544701430325
6.825 4.396940193649981
6.835 4.27277913645134
6.845 4.194735583926493
6.855 4.158258713306205
6.865 4.157892584010767
6.875 4.187602007638214
6.885 4.241085851539213
6.8950000000000005 4.312061251182825
6.905 4.394505317822979
6.915 4.482844789286274
6.925 4.573261869582009
6.935 4.6596432723281005
6.945 4.740366020231519
6.955 4.810730004741595
6.965 4.869303799895866
6.975 4.914435813479239
6.985 4.944962186254232
6.995 4.961331025823592
