0.005 0.0
0.015 0.0
0.025 0.0
0.034999999999999996 0.0
0.045 0.0
0.055 0.0
0.065 0.0
0.07500000000000001 0.0
0.085 0.0
0.095 0.0
0.10500000000000001 0.0
0.115 0.0
0.125 0.0
0.135 0.0
0.14500000000000002 0.0
0.155 0.0
0.165 0.0
0.17500000000000002 0.0
0.185 0.0
0.195 0.0
0.20500000000000002 0.0
0.215 0.0
0.225 0.0
0.23500000000000001 0.0
0.245 0.0
0.255 0.0
0.265 0.0
0.275 0.0
0.28500000000000003 0.0
0.295 0.0
0.305 0.0
0.315 0.0
0.325 0.0
0.335 0.0
0.34500000000000003 0.0
0.35500000000000004 0.0
0.365 0.0
0.375 0.0
0.385 0.0
0.395 0.0
0.405 0.0
0.41500000000000004 0.0
0.425 0.0
0.435 0.0
0.445 0.0
0.455 0.0
0.465 0.0
0.47500000000000003 0.0
0.485 0.0
0.495 0.0
0.505 0.0
0.515 0.0
0.525 0.0
0.535 0.0
0.545 0.0
0.555 0.0
0.5650000000000001 0.0
0.5750000000000001 0.0
0.585 0.0
0.595 0.0
0.605 0.0
0.615 0.0
0.625 0.0
0.635 0.0
0.645 0.0
0.655 0.0
0.665 0.0
0.675 0.0
0.685 0.0
0.6950000000000001 0.0
0.7050000000000001 0.0
0.715 0.0
0.725 0.0
0.735 0.0
0.745 0.0
0.755 0.0
0.765 0.0
0.775 0.0
0.785 0.0
0.795 0.0
0.805 0.0
0.8150000000000001 0.0
0.8250000000000001 0.0
0.8350000000000001 0.0
0.845 0.0
0.855 0.0
0.865 0.0
0.875 0.0
0.885 0.0
0.895 0.0
0.905 0.0
0.915 0.0
0.925 0.0
0.935 0.0
0.9450000000000001 0.0
0.9550000000000001 0.0
0.965 0.0
0.975 0.0
0.985 0.0
0.995 0.0
1.005 0.0
1.015 0.0
1.025 0.0
1.035 0.0
1.045 0.0
1.055 0.0
1.065 0.0
1.075 0.0
1.085 0.0
1.095 0.0
1.105 0.0
1.115 0.0
1.125 0.0
1.135 0.0
1.145 0.0
1.155 0.0
1.1649999999999998 0.0
1.1749999999999998 0.0
1.1849999999999998 0.0
1.1949999999999998 0.0
1.2049999999999998 0.0
1.2149999999999999 0.0
1.2249999999999999 0.0
1.2349999999999999 0.0
1.2449999999999999 0.0
1.255 0.0
1.265 0.0
1.275 0.0
1.285 0.0
1.295 0.0
1.305 0.0
1.315 0.0
1.325 0.0
1.335 0.0
1.345 0.0
1.355 0.0
1.365 0.0
1.375 0.0
1.385 0.0
1.395 0.0
1.405 0.0
1.4149999999999998 0.0
1.4249999999999998 0.0
1.4349999999999998 0.0
1.4449999999999998 0.0
1.4549999999999998 0.0
1.4649999999999999 0.0
1.4749999999999999 0.0
1.4849999999999999 0.0
1.4949999999999999 0.0
1.505 0.0
1.515 0.0
1.525 0.0
1.535 0.0
1.545 0.0
1.555 0.0
1.565 0.0
1.575 0.0
1.585 0.0
1.595 0.0
1.605 0.0
1.615 0.0
1.625 0.0
1.635 0.0
1.645 0.0
1.655 0.0
1.665 0.0
1.6749999999999998 0.0
1.6849999999999998 0.0
1.6949999999999998 0.0
1.7049999999999998 0.0
1.7149999999999999 0.0
1.7249999999999999 0.0
1.7349999999999999 0.0
1.7449999999999999 0.0
1.755 0.0
1.765 0.0
1.775 0.0
1.785 0.0
1.795 0.0
1.805 0.0
1.815 0.0
1.825 0.0
1.835 0.0
1.845 0.0
1.855 0.0
1.865 0.0
1.875 0.0
1.885 0.0
1.895 0.0
1.905 0.0
1.915 0.0
1.9249999999999998 0.0
1.9349999999999998 0.0
1.9449999999999998 0.0
1.9549999999999998 0.0
1.9649999999999999 0.0
1.9749999999999999 0.0
1.9849999999999999 0.0
1.9949999999999999 0.0
2.005 0.0
2.015 0.00896463506446163
2.025 0.013306962567062127
2.035 0.019556102763435727
2.045 0.028453961624190262
2.0549999999999997 0.040988330306986294
2.065 0.058456763735123166
2.0749999999999997 0.08254036113038786
2.085 0.11538650423501594
2.0949999999999998 0.15969845799384985
2.105 0.21882829901154768
2.1149999999999998 0.29686794180438764
2.125 0.3987311576864167
2.135 0.5302175529203127
2.145 0.6980476727728381
2.155 0.90985695926212
2.165 1.1741354864118743
2.175 1.500100522029997
2.185 1.8974903042965316
2.195 2.37627021182436
2.205 2.9462468925364957
2.215 3.616591908158423
2.225 4.395283879634791
2.235 5.288486613572577
2.245 6.299889670023434
2.255 7.430046525466613
2.265 8.675752976842565
2.275 10.029513743100587
2.285 11.479147408135661
2.295 13.007578128054995
2.305 14.592856389006615
2.315 16.20844042666669
2.3249999999999997 17.823755042967935
2.335 19.405026307930843
2.3449999999999998 20.91637030481797
2.355 22.321093328148045
2.3649999999999998 23.58314166515061
2.375 24.668623205921588
2.385 25.547312381004147
2.395 26.194045673004496
2.405 26.58991797780771
2.415 26.72320049632123
2.425 26.58991797780771
2.435 26.194045673004496
2.445 25.547312381004147
2.455 24.668623205921588
2.465 23.58314166515061
2.475 22.321093328148045
2.485 20.91637030481797
2.495 19.405026307930843
2.505 17.823755042967935
2.515 16.20844042666669
2.525 14.592856389006615
2.535 13.007578128054995
2.545 11.479147408135661
2.555 10.029513743100587
2.565 8.675752976842565
2.5749999999999997 7.430046525466613
2.585 6.299889670023434
2.5949999999999998 5.288486613572577
2.605 4.395283879634791
2.6149999999999998 3.616591908158423
2.625 2.9462468925364957
2.635 2.37627021182436
2.645 1.8974903042965316
2.655 1.500100522029997
2.665 1.1741354864118743
2.675 0.90985695926212
2.685 0.6980476727728381
2.695 0.5302175529203127
2.705 0.3987311576864167
2.715 0.29686794180438764
2.725 0.21882829901154768
2.735 0.15969845799384985
2.745 0.11538650423501594
2.755 0.08254036113038786
2.765 0.058456763735123166
2.775 0.040988330306986294
2.785 0.028453961624190262
2.795 0.019556102763435727
2.805 0.013306962567062127
2.815 0.00896463506446163
2.8249999999999997 0.0
2.835 0.0
2.8449999999999998 0.0
2.855 0.0
2.8649999999999998 0.0
2.875 0.0
2.885 0.0
2.895 0.0
2.905 0.0
2.915 0.0
2.925 0.0
2.935 0.0
2.945 0.0
2.955 0.0
2.965 0.0
2.975 0.0
2.985 0.0
2.995 0.0
3.005 0.0
3.015 0.0
3.025 0.0
3.035 0.0
3.045 0.0
3.055 0.0
3.065 0.0
3.075 0.0
3.085 0.0
3.0949999999999998 0.0
3.105 0.0
3.1149999999999998 0.0
3.125 0.0
3.135 0.0
3.145 0.0
3.155 0.0
3.165 0.0
3.175 0.0
3.185 0.0
3.195 0.0
3.205 0.0
3.215 0.0
3.225 0.0
3.235 0.0
3.245 0.0
3.255 0.0
3.265 0.0
3.275 0.0
3.285 0.0
3.295 0.0
3.305 0.0
3.315 0.0
3.325 0.0
3.335 0.0
3.3449999999999998 0.0
3.355 0.003708065237017424
3.3649999999999998 0.0055041934167320734
3.375 0.008089041473211525
3.385 0.011769485896013334
3.395 0.016954109301921837
3.405 0.024179622696974625
3.415 0.0341413835094955
3.425 0.04772761881529212
3.435 0.06605648710005183
3.445 0.0905145164979568
3.455 0.12279425621614751
3.465 0.16492820221918392
3.475 0.21931526067741056
3.485 0.28873526814839967
3.495 0.37634649230429756
3.505 0.4856607044688304
3.515 0.6204904670154775
3.525 0.7848638326430446
3.535 0.9829028067362946
3.545 1.2186637384933283
3.555 1.4992828069478639
3.565 1.822994250294255
3.575 2.194782044566382
3.585 2.6164489364926484
3.5949999999999998 3.088592166307921
3.605 3.6103701729441724
3.6149999999999998 4.179309472595161
3.625 4.791172099720833
3.635 5.439902858578176
3.645 6.117672558312184
3.655 6.815028356954746
3.665 7.521155487508756
3.675 8.224246372497527
3.685 8.911964053219048
3.695 9.571977741127512
3.705 10.19254002459368
3.715 10.763068740291981
3.725 11.274692572699271
3.735 11.720718726787483
3.745 12.096983907469465
3.755 12.40205637730683
3.765 12.637266723475111
3.775 12.806557454413849
3.785 12.916155660028354
3.795 12.974087474819857
3.805 12.989566641866743
3.815 12.972300777769917
3.825 12.931766843984125
3.835 12.87651099229242
3.8449999999999998 12.813526916944358
3.855 12.74776110687191
3.8649999999999998 12.681783399847685
3.875 12.615647865983217
3.885 12.546953493522079
3.895 12.471097831270068
3.905 12.381701144718788
3.915 12.271165172122643
3.925 12.131320406876112
3.935 11.954109831525724
3.945 11.732255619774289
3.955 11.45985849070695
3.965 11.132886695063426
3.975 10.749522213140274
3.985 10.310344546717118
3.995 9.818346236982393
4.005 9.278787658821251
4.015 8.698910558668315
4.025 8.087539266612058
4.035 7.4546048714051425
4.045 6.810630590874844
4.055 6.166216138990481
4.065 5.5315554378941485
4.075 4.916016152044248
4.085 4.327802000788767
4.095 3.7737104742480514
4.1049999999999995 3.25899025281369
4.115 2.7872950292192082
4.125 2.360724110071005
4.135 1.9799354922052033
4.145 1.6443142257187
4.155 1.3521777577849796
4.165 1.0985272162963227
4.175 0.886007723105626
4.185 0.7074915368459096
4.195 0.5593221853894107
4.205 0.43778401284365126
4.215 0.3392460540961511
4.225 0.2602715912083981
4.235 0.20012874973338068
4.245 0.15228204457056568
4.255 0.1159981919097478
4.265 0.08931618246136305
4.275 0.07067204873954014
4.285 0.05889235204749366
4.295 0.05318363102452039
4.305 0.05312092355734081
4.315 0.05863744245140967
4.325 0.0700163953036571
4.335 0.09021684040517754
4.345 0.1166700495404145
4.355 0.15237230292078363
4.365 0.1969066524620953
4.375 0.2576688917140003
4.385 0.3339589063345459
4.395 0.42871629392735866
4.405 0.5451433795665809
4.415 0.6866487553790109
4.425 0.8567666985978306
4.435 1.059051530236681
4.445 1.2969475054175532
4.455 1.5736366309484322
4.465 1.8918687754434522
4.475 2.2537804230963494
4.485 2.660710246991595
4.495 3.115203188378607
4.505 3.6131783606365606
4.515 4.154181581076915
4.525 4.73498564355829
4.535 5.351011288278218
4.545 5.996349340635328
4.555 6.663843503694757
4.565 7.345234528036661
4.575 8.031362831273952
4.585 8.712423004245277
4.595 9.378260297188705
4.605 10.018696374338429
4.615 10.6238695540229
4.625 11.184573539154224
4.635 11.694640719347381
4.645 12.143979046576273
4.655 12.528627614952775
4.665 12.844976979533374
4.675 13.091267109329644
4.685 13.267636107746673
4.695 13.376092273238296
4.705 13.42040998135974
4.715 13.405953391002619
4.725 13.33943544249313
4.735 13.228622893688742
4.745 13.082001073652265
4.755 12.908414432635496
4.765 12.716700621763795
4.775 12.515336537035637
4.785 12.312114334681361
4.795 12.113863764130341
4.805 11.926234272497533
4.815 11.753546343567423
4.825 11.598716717052458
4.835 11.463256888638508
4.845 11.347339106030255
4.855 11.249919473359569
4.865 11.168904245350467
4.875 11.101343320363558
4.885 11.045506429186908
4.895 10.994502396477108
4.905 10.94537200747773
4.915 10.893837998392211
4.925 10.835694996156565
4.935 10.766925153377455
4.945 10.68379250037026
4.955 10.584746319499818
4.965 10.464085175471633
4.975 10.32070987594264
4.985 10.152936547250686
4.995 9.95981311668163
5.005 9.74122752060425
5.015 9.49801726552366
5.025 9.232070175986877
5.035 8.946403518215476
5.045 8.643584306066737
5.055 8.332768059287089
5.065 8.018059535444975
5.075 7.706943163875445
5.085 7.407651999704568
5.095 7.1306334432512
5.105 6.882136448675686
5.115 6.6720820189008165
5.125 6.50866191233723
5.135 6.399100029892639
5.145 6.347722317752117
5.155 6.364067715488382
5.165 6.445570801803104
5.175 6.593641260599094
5.185 6.806344983778162
5.195 7.079553892924691
5.205 7.407071113646179
5.215 7.780858471974028
5.225 8.19135719420004
5.235 8.62788707434672
5.245 9.079104446154204
5.255 9.533495337546903
5.265 9.979877443664575
5.275 10.407883237625
5.285 10.80839679886764
5.295 11.173918857418155
5.305 11.497382751421837
5.315 11.778630998398132
5.325 12.014078299608943
5.335 12.204305397880992
5.345 12.35167895015659
5.355 12.460045684009398
5.365 12.534339097721857
5.375 12.580125158038687
5.385 12.603117952914918
5.395 12.61025558803141
5.405 12.603782545920591
5.415 12.588283592741163
5.425 12.565903268196715
5.435 12.537225891985138
5.445 12.499868846523036
5.455 12.454550347780167
5.465 12.395502168422667
5.475 12.318052980787842
5.485 12.216979000860523
5.495 12.086967371761077
5.505 11.923096373447096
5.515 11.721297792976491
5.525 11.478768262725692
5.535 11.194300284320763
5.545 10.86850964148966
5.555 10.503943447632256
5.565 10.105061552611307
5.575 9.678092783319807
5.585 9.230775864793706
5.595 8.772002282565435
5.605 8.311384332853674
5.615 7.858775833595676
5.625 7.423775255078356
5.635 7.01524134044096
5.645 6.640849722786735
5.655 6.306715815664805
5.665 6.017104647615197
5.675 5.7742426732052525
5.685 5.578240294290849
5.695 5.425878745605553
5.705 5.317574861404658
5.715 5.2437895806795005
5.725 5.198615796578775
5.735 5.174244487911598
5.745 5.1623383906761475
5.755 5.154485276710549
5.765 5.141425672659368
5.775 5.118740934131385
5.785 5.078539294445226
5.795 5.016156772672215
5.805 4.928539608144545
5.815 4.814357450033629
5.825 4.674022340630586
5.835 4.509617092463978
5.845 4.324741435584831
5.855 4.124288254544043
5.865 3.9141651218570352
5.875 3.700978047647171
5.885 3.4916948978586206
5.895 3.293305387137136
5.905 3.11133822109421
5.915 2.9545704266250907
5.925 2.8265267983823246
5.935 2.731351443512567
5.945 2.6719098592898773
5.955 2.6496759865204673
5.965 2.6635446484071252
5.975 2.7147341153877353
5.985 2.7987818731213423
5.995 2.9116124546804856
6.005 3.048002084675528
6.015 3.201780648236666
6.025 3.3660703080968832
6.035 3.5335527565425005
6.045 3.6967554018137587
6.055 3.8483452470359216
6.065 3.9814180241187094
6.075 4.089769503969364
6.085 4.1681360008268955
6.095 4.212392047109538
6.105 4.219695076008102
6.115 4.188569652918717
6.125 4.118927183830078
6.135 4.012020851449902
6.1450000000000005 3.8703394785654797
6.155 3.6974477558155234
6.165 3.4977834720343157
6.175 3.2764247730217355
6.185 3.0388418528491052
6.195 2.791849848217648
6.205 2.538108103618839
6.215 2.28613678850018
6.225 2.039262945660886
6.235 1.8017723301662922
6.245 1.5772736311507387
6.255 1.368664328260274
6.265 1.1781385380265066
6.275 1.0072316226596285
6.285 0.856894470265034
6.295 0.7275891678788857
6.305 0.6193972679753028
6.315 0.5332914452124827
6.325 0.46716699261531003
6.335 0.4214570818481245
6.345 0.39586156976925524
6.355 0.3901847897051499
6.365 0.4043765423912869
6.375 0.43854821750579176
6.385 0.49296402294897335
6.3950000000000005 0.5680086399984665
6.405 0.6641338690384353
6.415 0.7817879599475054
6.425 0.9224547398288074
6.435 1.0846170706450968
6.445 1.26900750197662
6.455 1.4752784424245537
6.465 1.702682236750689
6.475 1.9500207292994456
6.485 2.2156176647697086
6.495 2.497317233812816
6.505 2.792510319407279
6.515 3.0972523769407676
6.525 3.410402057526046
6.535 3.7270486860721546
6.545 4.043561093474395
6.555 4.356307643773343
6.565 4.6617768797393815
6.575 4.956688113909073
6.585 5.238084797879623
6.595 5.503404843046256
6.605 5.7505239199702665
6.615 5.977769954122012
6.625 6.183909351741004
6.635 6.368107711064587
6.6450000000000005 6.529869698157722
6.655 6.668964229333841
6.665 6.785341995422206
6.675 6.879052641817677
6.685 6.950168599348293
6.695 6.998721714717195
6.705 7.024657564543645
6.715 7.02781078442204
6.725 7.007903039601176
6.735 6.96456353413601
6.745 6.897370310810919
6.755 6.805909124102376
6.765 6.689845442115787
6.775 6.550126640495038
6.785 6.385117485758766
6.795 6.196019561072223
6.805 5.983694654119628
6.815 5.749470844091924
6.825 5.495180643721724
6.835 5.223176494920793
6.845 4.936321701171718
6.855 4.637956449726417
6.865 4.331840172697544
6.875 4.02207298567814
6.885 3.714159706114261
6.8950000000000005 3.4108259144968134
6.905 3.1174224807768374
6.915 2.8384595766626095
6.925 2.578274970736894
6.935 2.3409378350593215
6.945 2.1301643777014183
6.955 1.9492469375152175
6.965 1.800996890004832
6.975 1.6877006031566115
6.985 1.6110868759703725
6.995 1.5723038715968252
