0.005 0.0
0.015 0.0
0.025 0.0
0.034999999999999996 0.0
0.045 0.0
0.055 0.0
0.065 0.0
0.07500000000000001 0.0
0.085 0.0
0.095 0.0
0.10500000000000001 0.0
0.115 0.0
0.125 0.0
0.135 0.0
0.14500000000000002 0.0
0.155 0.0
0.165 0.0
0.17500000000000002 0.0
0.185 0.0
0.195 0.0
0.20500000000000002 0.0
0.215 0.0
0.225 0.0
0.23500000000000001 0.0
0.245 0.0
0.255 0.0
0.265 0.0
0.275 0.0
0.28500000000000003 0.0
0.295 0.0
0.305 0.0
0.315 0.0
0.325 0.0
0.335 0.0
0.34500000000000003 0.0
0.35500000000000004 0.0
0.365 0.0
0.375 0.0
0.385 0.0
0.395 0.0
0.405 0.0
0.41500000000000004 0.0
0.425 0.0
0.435 0.0
0.445 0.0
0.455 0.0
0.465 0.0
0.47500000000000003 0.0
0.485 0.0
0.495 0.0
0.505 0.0
0.515 0.0
0.525 0.0
0.535 0.0
0.545 0.0
0.555 0.0
0.5650000000000001 0.0
0.5750000000000001 0.0
0.585 0.0
0.595 0.0
0.605 0.0
0.615 0.0
0.625 0.0
0.635 0.0
0.645 0.0
0.655 0.0
0.665 0.0
0.675 0.0
0.685 0.0
0.6950000000000001 0.0
0.7050000000000001 0.0
0.715 0.0
0.725 0.0
0.735 0.0
0.745 0.0
0.755 0.0
0.765 0.0
0.775 0.0
0.785 0.0
0.795 0.0
0.805 0.0
0.8150000000000001 0.0
0.8250000000000001 0.0
0.8350000000000001 0.0
0.845 0.0
0.855 0.0
0.865 0.0
0.875 0.0
0.885 0.0
0.895 0.0
0.905 0.0
0.915 0.0
0.925 0.0
0.935 0.0
0.9450000000000001 0.0
0.9550000000000001 0.0
0.965 0.0
0.975 0.0
0.985 0.0
0.995 0.0
1.005 0.0
1.015 0.0
1.025 0.0
1.035 0.0
1.045 0.0
1.055 0.0
1.065 0.0
1.075 0.0
1.085 0.0
1.095 0.0
1.105 0.0
1.115 0.0
1.125 0.0
1.135 0.0
1.145 0.0
1.155 0.0
1.1649999999999998 0.0
1.1749999999999998 0.0
1.1849999999999998 0.0
1.1949999999999998 0.0
1.2049999999999998 0.0
1.2149999999999999 0.0
1.2249999999999999 0.0
1.2349999999999999 0.0
1.2449999999999999 0.0
1.255 0.0
1.265 0.0
1.275 0.0
1.285 0.0
1.295 0.0
1.305 0.0
1.315 0.0
1.325 0.0
1.335 0.0
1.345 0.0
1.355 0.0
1.365 0.0
1.375 0.0
1.385 0.0
1.395 0.0
1.405 0.0
1.4149999999999998 0.0
1.4249999999999998 0.0
1.4349999999999998 0.0
1.4449999999999998 0.0
1.4549999999999998 0.0
1.4649999999999999 0.0
1.4749999999999999 0.0
1.4849999999999999 0.0
1.4949999999999999 0.0
1.505 0.0
1.515 0.0
1.525 0.0
1.535 0.0
1.545 0.0
1.555 0.0
1.565 0.0
1.575 0.013403936995903394
1.585 0.019896592172818958
1.595 0.029240316805048534
1.605 0.042544409912061924
1.615 0.061285818446767566
1.625 0.08740464865058702
1.635 0.1234144828267223
1.645 0.1725260896648197
1.655 0.2387813953273335
1.665 0.32719243023058237
1.6749999999999998 0.4438774316451774
1.6849999999999998 0.5961834784686038
1.6949999999999998 0.7927821514609257
1.7049999999999998 1.0437220208858573
1.7149999999999999 1.3604196121246241
1.7249999999999999 1.7555692977296107
1.7349999999999999 2.242952751587486
1.7449999999999999 2.837130603336578
1.755 3.553003103361527
1.765 4.405233167660127
1.775 5.4075341303099425
1.785 6.571835638383864
1.795 7.90735382559183
1.805 9.419605328151523
1.815 11.109417704999059
1.825 12.972000026484379
1.835 14.996145336133766
1.845 17.163639960683504
1.855 19.448952070444477
1.865 21.819262716441408
1.875 24.234886609290122
1.885 26.650107662882895
1.895 29.014427041930386
1.905 31.274191055495223
1.915 33.37453521518713
1.9249999999999998 35.26155195076274
1.9349999999999998 36.88456572411639
1.9449999999999998 38.198383214409986
1.9549999999999998 39.16537988932109
1.9649999999999999 39.757288806287576
1.9749999999999999 39.956573045742324
1.9849999999999999 39.757288806287576
1.9949999999999999 39.16537988932109
2.005 38.198383214409986
2.015 36.88456572411639
2.025 35.26155195076274
2.035 33.37453521518713
2.045 31.274191055495223
2.0549999999999997 29.014427041930386
2.065 26.650107662882895
2.0749999999999997 24.234886609290122
2.085 21.819262716441408
2.0949999999999998 19.448952070444477
2.105 17.163639960683504
2.1149999999999998 14.996145336133766
2.125 12.972000026484379
2.135 11.109417704999059
2.145 9.419605328151523
2.155 7.90735382559183
2.165 6.571835638383864
2.175 5.4075341303099425
2.185 4.405233167660127
2.195 3.553003103361527
2.205 2.837130603336578
2.215 2.242952751587486
2.225 1.7555692977296107
2.235 1.3604196121246241
2.245 1.0437220208858573
2.255 0.7927821514609257
2.265 0.5961834784686038
2.275 0.4438774316451774
2.285 0.32719243023058237
2.295 0.2387813953273335
2.305 0.1725260896648197
2.315 0.1234144828267223
2.3249999999999997 0.08740464865058702
2.335 0.061285818446767566
2.3449999999999998 0.042544409912061924
2.355 0.029240316805048534
2.3649999999999998 0.019896592172818958
2.375 0.013403936995903394
2.385 0.0
2.395 0.0
2.405 0.0
2.415 0.0
2.425 0.0
2.435 0.0
2.445 0.0
2.455 0.0
2.465 0.0
2.475 0.0
2.485 0.0
2.495 0.0
2.505 0.0
2.515 0.0
2.525 0.0
2.535 0.0
2.545 0.0
2.555 0.0
2.565 0.0
2.5749999999999997 0.0
2.585 0.0
2.5949999999999998 0.0
2.605 0.0
2.6149999999999998 0.0
2.625 0.0
2.635 0.0
2.645 0.0
2.655 0.0
2.665 0.0
2.675 0.0
2.685 0.0
2.695 0.0
2.705 0.0
2.715 0.0
2.725 0.0
2.735 0.0
2.745 0.0
2.755 0.0
2.765 0.0
2.775 0.0
2.785 0.0
2.795 0.0
2.805 0.0
2.815 0.0
2.8249999999999997 0.0
2.835 0.0
2.8449999999999998 0.0
2.855 0.0
2.8649999999999998 0.0
2.875 0.0
2.885 0.0
2.895 0.0
2.905 0.0
2.915 0.0
2.925 0.0
2.935 0.0
2.945 0.0
2.955 0.0
2.965 0.0
2.975 0.0
2.985 0.0
2.995 0.0
3.005 0.0
3.015 0.0
3.025 0.0
3.035 0.0
3.045 0.0
3.055 0.0
3.065 0.0
3.075 0.0
3.085 0.0
3.0949999999999998 0.0
3.105 0.0
3.1149999999999998 0.0
3.125 0.0
3.135 0.0
3.145 0.0
3.155 0.0
3.165 0.0
3.175 0.0
3.185 0.0
3.195 0.0
3.205 0.0
3.215 0.0
3.225 0.0
3.235 0.0
3.245 0.0
3.255 0.0
3.265 0.0
3.275 0.0
3.285 0.0
3.295 0.0
3.305 0.0
3.315 0.0
3.325 0.0
3.335 0.0
3.3449999999999998 0.0
3.355 0.0
3.3649999999999998 0.0
3.375 0.0
3.385 0.0
3.395 0.0
3.405 0.0
3.415 0.0
3.425 0.0
3.435 0.0
3.445 0.0
3.455 0.0
3.465 0.0
3.475 0.0
3.485 0.0
3.495 0.0
3.505 0.0
3.515 0.0
3.525 0.0
3.535 0.0
3.545 0.0
3.555 0.0
3.565 0.0
3.575 0.0
3.585 0.0
3.5949999999999998 0.0
3.605 0.0
3.6149999999999998 0.0
3.625 0.0
3.635 0.0
3.645 0.0
3.655 0.0
3.665 0.0
3.675 0.0
3.685 0.0
3.695 0.0
3.705 0.0
3.715 0.0
3.725 0.0
3.735 0.0
3.745 0.0
3.755 0.0
3.765 0.0
3.775 0.0
3.785 0.0
3.795 0.0
3.805 0.0
3.815 0.0
3.825 0.0
3.835 0.0
3.8449999999999998 0.0
3.855 0.0
3.8649999999999998 0.0
3.875 0.0
3.885 0.0
3.895 0.002834268388817135
3.905 0.004207143189187044
3.915 0.006182877883182853
3.925 0.008996034237663809
3.935 0.01295891333714467
3.945 0.018481751501945996
3.955 0.026096046818550357
3.965 0.036480717742307815
3.975 0.05049043134272776
3.985 0.06918498366160772
3.995 0.0938580786679141
4.005 0.12606325943452557
4.015 0.16763413553725826
4.025 0.22069548158971694
4.035 0.2876613269183618
4.045 0.37121590219751543
4.055 0.47427334844812646
4.065 0.5999125172283454
4.075 0.7512840730529001
4.085 0.9340877123297378
4.095 1.147283712199726
4.1049999999999995 1.3952876622535935
4.115 1.6802634270785068
4.125 2.003663903112602
4.135 2.3660402925889197
4.145 2.7668669711157
4.155 3.2043968370773155
4.165 3.675562388902761
4.175 4.175936814798613
4.185 4.699766947819437
4.195 5.240086020394863
4.205 5.788908890307212
4.215 6.337506119003849
4.225 6.87674643850522
4.235 7.397490350139485
4.245 7.891011539381064
4.255 8.349418157059727
4.265 8.766043428616156
4.275 9.135774980606048
4.285 9.455294968461502
4.295 9.723208533119617
4.305 9.942407823179433
4.315 10.111639790882727
4.325 10.236493266325997
4.335 10.32221173964746
4.345 10.374837988525362
4.355 10.400738121558286
4.365 10.406119417479893
4.375 10.396582339320352
4.385 10.37674466187009
4.395 10.349969614185344
4.405 10.318220803831064
4.415 10.28205527880231
4.425 10.240753463906987
4.435 10.192572084478668
4.445 10.13509477795929
4.455 10.065645996995366
4.465 9.981727904756227
4.475 9.883637796045562
4.485 9.767091185664707
4.495 9.633954940390673
4.505 9.486031305674407
4.515 9.326542874882852
4.525 9.160013672007482
4.535 8.992023760862809
4.545 8.82885891240326
4.555 8.67708620852836
4.565 8.543092872179606
4.575 8.432628546276371
4.585 8.350390484493747
4.595 8.299686793256878
4.605 8.282205427737903
4.615 8.297906822250084
4.625 8.345046760499649
4.635 8.420324416515944
4.645 8.519139499435646
4.655 8.635933118201855
4.665 8.764580185583757
4.675 8.898797504704692
4.685 9.032531429934997
4.695 9.160292147021488
4.705 9.275517438024803
4.715 9.378932257118878
4.725 9.465119975619507
4.735 9.532441907149753
4.745 9.58006588890909
4.755 9.60775853053603
4.765 9.617594774491737
4.775 9.606806104290712
4.785 9.576866753316871
4.795 9.527636384180227
4.805 9.458554104289796
4.815 9.368610407069895
4.825 9.256408465383652
4.835 9.12030932928179
4.845 8.958646665776994
4.855 8.76998942040317
4.865 8.553425853925312
4.875 8.308840214682506
4.885 8.037153945604265
4.895 7.738772978023141
4.905 7.421212268420522
4.915 7.086744228428339
4.925 6.741457188137805
4.935 6.392481339410867
4.945 6.047729003612327
4.955 5.715566451509755
4.965 5.404438010673213
4.975 5.122465733367484
4.985 4.877048696324169
4.995 4.674485224414835
5.005 4.519639234827885
5.015 4.415668797255142
5.025 4.363831210577864
5.035 4.363374684840162
5.045 4.4115223114394695
5.055 4.503549568872899
5.065 4.632952263564448
5.075 4.79169763681776
5.085 4.970547469744853
5.095 5.1594384975293295
5.105 5.34790244360834
5.115 5.523930391675358
5.125 5.681246833631477
5.135 5.808492140506426
5.145 5.8979030362571905
5.155 5.943262930275748
5.165 5.9401338629562
5.175 5.88599749319767
5.185 5.780299639519194
5.195 5.62439860699879
5.205 5.421423288477987
5.215 5.176052365180346
5.225 4.894230417280099
5.235 4.582840028974983
5.245 4.249350787279074
5.255 3.901466319912125
5.265 3.546789234804136
5.275 3.192521191849743
5.285 2.8437443192277816
5.295 2.509595553461056
5.305 2.192673566960464
5.315 1.896711516935449
5.325 1.6243725304114864
5.335 1.3772952416292557
5.345 1.1561801602577007
5.355 0.9609062840950122
5.365 0.7906669936971987
5.375 0.6441147445905036
5.385 0.519505233741476
5.395 0.4148333548729497
5.405 0.3279551578162466
5.415 0.2566919903626043
5.425 0.19891485822644886
5.435 0.15260866276993534
5.445 0.115917286002683
5.455 0.08717145139603426
5.465 0.06490189908959675
5.475 0.04784070686134849
5.485 0.036423259331484985
5.495 0.027466933570994848
5.505 0.02133839473818488
5.515 0.017571586214987896
5.525 0.01586338679117499
5.535 0.0160647791199859
5.545 0.018175185947557317
5.555 0.022340273165373094
5.565 0.02885307328662844
5.575 0.03685066558724812
5.585 0.04999253431308182
5.595 0.06714629057342833
5.605 0.08928858753375586
5.615 0.1175511644037923
5.625 0.15321982892271846
5.635 0.19772430878147818
5.645 0.2526167910379206
5.655 0.3195371941130304
5.665 0.40016368685595727
5.675 0.49614770788216017
5.685 0.6090337473493804
5.695 0.740165404296713
5.705 0.8905806631943759
5.715 1.060900845618425
5.725 1.2512191569574662
5.735 1.4609960097086283
5.745 1.688969199226857
5.755 1.9330873761515215
5.765 2.190474969929107
5.775 2.457435684429655
5.785 2.729499888962753
5.795 3.0015187229636053
5.805 3.2678046597052606
5.815 3.5223148508832467
5.825 3.7588700798425188
5.835 3.971398904642139
5.845 4.154193897066639
5.855 4.302165073977325
5.865 4.411074901341049
5.875 4.477739761349793
5.885 4.500184525306528
5.895 4.477739761349793
5.905 4.411074901341049
5.915 4.302165073977325
5.925 4.154193897066639
5.935 3.971398904642139
5.945 3.7588700798425188
5.955 3.5223148508832467
5.965 3.2678046597052606
5.975 3.0015187229636053
5.985 2.729499888962753
5.995 2.457435684429655
6.005 2.190474969929107
6.015 1.9330873761515215
6.025 1.688969199226857
6.035 1.4609960097086283
6.045 1.2512191569574662
6.055 1.060900845618425
6.065 0.8905806631943759
6.075 0.740165404296713
6.085 0.6090337473493804
6.095 0.49614770788216017
6.105 0.40016368685595727
6.115 0.3195371941130304
6.125 0.2538448137201619
6.135 0.19954716623708943
6.1450000000000005 0.15589872634543053
6.155 0.1214489371544812
6.165 0.09490338378170551
6.175 0.07515400435998637
6.185 0.06129934545928551
6.195 0.05265691351660979
6.205 0.048769537287189614
6.215 0.0494073237566877
6.225 0.05456631542116869
6.235 0.06446439685137145
6.245 0.0795344096113193
6.255 0.10041387224906707
6.265 0.12793021948823552
6.275 0.16308012221237198
6.285 0.20700127316285058
6.295 0.2599281639747369
6.305 0.3255139443236068
6.315 0.4035923364979721
6.325 0.49541970907831395
6.335 0.6020890153664211
6.345 0.7244446058872052
6.355 0.862991895908364
6.365 1.0178067035380214
6.375 1.1884501002523344
6.385 1.373895343180696
6.3950000000000005 1.5724737581192794
6.405 1.7818462065010403
6.415 1.9990059289118398
6.425 2.2203170954063434
6.435 2.4415913551514534
6.445 2.658202178256659
6.455 2.8652339977898564
6.465 3.0576603177138435
6.475 3.2305423115462513
6.485 3.3792372604912844
6.495 3.5007044701279746
6.505 3.589830092636697
6.515 3.6448253864525477
6.525 3.6641746946755904
6.535 3.647454646759337
6.545 3.5953689746698125
6.555 3.5097305844548803
6.565 3.3933926325779153
6.575 3.2501337803194095
6.585 3.0845057102155864
6.595 2.901653128473237
6.605 2.7071176726379473
6.615 2.50663732216648
6.625 2.3059521062580535
6.635 2.1106252546670756
6.6450000000000005 1.9258866625358808
6.655 1.7565029147131432
6.665 1.6066754370587928
6.675 1.4799658996931497
6.685 1.3792460356282885
6.695 1.306667735512717
6.705 1.2647484906515842
6.715 1.2525018283233864
6.725 1.2706759393293758
6.735 1.3185853879214924
6.745 1.3948653160775777
6.755 1.497499031295337
6.765 1.6238550109114396
6.775 1.770736753013182
6.785 1.934449173635173
6.795 2.1108847813373806
6.805 2.2956316481298473
6.815 2.484103327985059
6.825 2.6716885258735426
6.835 2.8539157374946034
6.845 3.0266255554080224
6.855 3.1861411797331973
6.865 3.329426171477863
6.875 3.4542178826445036
6.885 3.559125447029879
6.8950000000000005 3.643682773417676
6.905 3.708349588368179
6.915 3.754457054746686
6.925 3.7840985693777722
6.935 3.799151604729866
6.945 3.8046322777640733
6.955 3.8026274898282963
6.965 3.7963755480088253
6.975 3.7888050551271264
6.985 3.782322688915314
6.995 3.7786378924227
