0.005 0.0
0.015 0.0
0.025 0.0
0.034999999999999996 0.0
0.045 0.0
0.055 0.0
0.065 0.0
0.07500000000000001 0.0
0.085 0.0
0.095 0.0
0.10500000000000001 0.0
0.115 0.0
0.125 0.0
0.135 0.0
0.14500000000000002 0.0
0.155 0.0
0.165 0.0
0.17500000000000002 0.0
0.185 0.0
0.195 0.0
0.20500000000000002 0.0
0.215 0.0
0.225 0.0
0.23500000000000001 0.0
0.245 0.0
0.255 0.0
0.265 0.0
0.275 0.0
0.28500000000000003 0.0
0.295 0.0
0.305 0.0
0.315 0.0
0.325 0.0
0.335 0.0
0.34500000000000003 0.0
0.35500000000000004 0.0
0.365 0.0
0.375 0.0
0.385 0.0
0.395 0.0
0.405 0.0
0.41500000000000004 0.0
0.425 0.0
0.435 0.0
0.445 0.0
0.455 0.0
0.465 0.0
0.47500000000000003 0.0
0.485 0.0
0.495 0.0
0.505 0.0
0.515 0.0
0.525 0.0
0.535 0.0
0.545 0.0
0.555 0.0
0.5650000000000001 0.0
0.5750000000000001 0.0
0.585 0.0
0.595 0.0
0.605 0.0
0.615 0.0
0.625 0.0
0.635 0.0
0.645 0.0
0.655 0.0
0.665 0.0
0.675 0.0
0.685 0.0
0.6950000000000001 0.0
0.7050000000000001 0.0
0.715 0.0
0.725 0.0
0.735 0.0
0.745 0.0
0.755 0.0
0.765 0.0
0.775 0.0
0.785 0.0
0.795 0.0
0.805 0.0
0.8150000000000001 0.0
0.8250000000000001 0.0
0.8350000000000001 0.0
0.845 0.0
0.855 0.0
0.865 0.0
0.875 0.0
0.885 0.0
0.895 0.0
0.905 0.0
0.915 0.0
0.925 0.0
0.935 0.0
0.9450000000000001 0.0
0.9550000000000001 0.0
0.965 0.0
0.975 0.0
0.985 0.0
0.995 0.0
1.005 0.0
1.015 0.0
1.025 0.0
1.035 0.0
1.045 0.0
1.055 0.0
1.065 0.0
1.075 0.0
1.085 0.0
1.095 0.0
1.105 0.0
1.115 0.0
1.125 0.0
1.135 0.0
1.145 0.0
1.155 0.0
1.1649999999999998 0.0
1.1749999999999998 0.0
1.1849999999999998 0.0
1.1949999999999998 0.0
1.2049999999999998 0.0
1.2149999999999999 0.0
1.2249999999999999 0.0
1.2349999999999999 0.0
1.2449999999999999 0.0
1.255 0.0
1.265 0.0
1.275 0.0
1.285 0.0
1.295 0.0
1.305 0.0
1.315 0.0
1.325 0.0
1.335 0.0
1.345 0.0
1.355 0.0
1.365 0.0
1.375 0.0
1.385 0.0
1.395 0.0
1.405 0.0
1.4149999999999998 0.0
1.4249999999999998 0.0
1.4349999999999998 0.0
1.4449999999999998 0.0
1.4549999999999998 0.0
1.4649999999999999 0.0
1.4749999999999999 0.0
1.4849999999999999 0.0
1.4949999999999999 0.0
1.505 0.0
1.515 0.0
1.525 0.0
1.535 0.0
1.545 0.0
1.555 0.0
1.565 0.0
1.575 0.0
1.585 0.0
1.595 0.0
1.605 0.0
1.615 0.0
1.625 0.0
1.635 0.012625186565384432
1.645 0.018740627345083753
1.655 0.027541494339126633
1.665 0.04007263780918504
1.6749999999999998 0.05772519610762097
1.6849999999999998 0.08232655795329366
1.6949999999999998 0.11624426995098595
1.7049999999999998 0.16250255951518575
1.7149999999999999 0.22490852241932807
1.7249999999999999 0.30818299695866486
1.7349999999999999 0.4180887591755157
1.7449999999999999 0.5615460327190741
1.755 0.7467225913520835
1.765 0.9830831971316576
1.775 1.2813810909086352
1.785 1.653573119529829
1.795 2.1126402604540013
1.805 2.6722971906264066
1.815 3.3465784762371498
1.825 4.149295137893184
1.835 5.0933637836937296
1.845 6.190020964511893
1.855 7.447947369277732
1.865 8.872339125180064
1.875 10.463975711111209
1.885 12.218344543889664
1.895 14.124889775904835
1.905 16.166455923430878
1.915 18.318994521208733
1.9249999999999998 20.551593356369942
1.9349999999999998 22.82687280063592
1.9449999999999998 25.10177281005647
1.9549999999999998 27.328728462694304
1.9649999999999999 29.45720327376791
1.9749999999999999 31.43552030672101
1.9849999999999999 33.212903947506994
1.9949999999999999 34.74162283756452
2.005 35.97910932626491
2.015 36.88992481522091
2.025 37.44744463262236
2.035 37.63515072997464
2.045 37.44744463262236
2.0549999999999997 36.88992481522091
2.065 35.97910932626491
2.0749999999999997 34.74162283756452
2.085 33.212903947506994
2.0949999999999998 31.43552030672101
2.105 29.45720327376791
2.1149999999999998 27.328728462694304
2.125 25.10177281005647
2.135 22.82687280063592
2.145 20.551593356369942
2.155 18.318994521208733
2.165 16.166455923430878
2.175 14.124889775904835
2.185 12.218344543889664
2.195 10.463975711111209
2.205 8.872339125180064
2.215 7.447947369277732
2.225 6.190020964511893
2.235 5.0933637836937296
2.245 4.149295137893184
2.255 3.3465784762371498
2.265 2.6722971906264066
2.275 2.1126402604540013
2.285 1.653573119529829
2.295 1.2813810909086352
2.305 0.9830831971316576
2.315 0.7467225913520835
2.3249999999999997 0.5615460327190741
2.335 0.4180887591755157
2.3449999999999998 0.30818299695866486
2.355 0.22490852241932807
2.3649999999999998 0.16250255951518575
2.375 0.11624426995098595
2.385 0.08232655795329366
2.395 0.05772519610762097
2.405 0.04007263780918504
2.415 0.027541494339126633
2.425 0.018740627345083753
2.435 0.012625186565384432
2.445 0.0
2.455 0.0
2.465 0.0
2.475 0.0
2.485 0.0
2.495 0.0
2.505 0.0
2.515 0.0
2.525 0.0
2.535 0.0
2.545 0.0
2.555 0.0
2.565 0.0
2.5749999999999997 0.0
2.585 0.0
2.5949999999999998 0.0
2.605 0.0
2.6149999999999998 0.0
2.625 0.0
2.635 0.0
2.645 0.0
2.655 0.0
2.665 0.0
2.675 0.0
2.685 0.0
2.695 0.0
2.705 0.0
2.715 0.0
2.725 0.0
2.735 0.0
2.745 0.0
2.755 0.0
2.765 0.0
2.775 0.0
2.785 0.0
2.795 0.0
2.805 0.0
2.815 0.0
2.8249999999999997 0.0
2.835 0.0
2.8449999999999998 0.0
2.855 0.0
2.8649999999999998 0.0
2.875 0.0
2.885 0.0
2.895 0.0
2.905 0.0
2.915 0.0
2.925 0.0
2.935 0.0
2.945 0.0
2.955 0.0
2.965 0.0
2.975 0.0
2.985 0.0
2.995 0.0
3.005 0.0
3.015 0.0
3.025 0.0
3.035 0.0
3.045 0.0
3.055 0.0
3.065 0.0
3.075 0.0
3.085 0.0
3.0949999999999998 0.0
3.105 0.0
3.1149999999999998 0.0
3.125 0.0
3.135 0.0
3.145 0.0
3.155 0.0
3.165 0.0
3.175 0.0
3.185 0.0
3.195 0.0
3.205 0.0
3.215 0.0
3.225 0.0
3.235 0.0
3.245 0.0
3.255 0.0
3.265 0.0
3.275 0.0
3.285 0.0
3.295 0.0
3.305 0.003808823230374267
3.315 0.005653756989179886
3.325 0.008308842241246731
3.335 0.012089294126431047
3.3449999999999998 0.017414797537759964
3.355 0.024836647346582027
3.3649999999999998 0.035069095691714326
3.375 0.04902450514067867
3.385 0.06785141751874019
3.395 0.09297403661668448
3.405 0.1261309027046103
3.415 0.1694097400674563
3.425 0.2252746395356324
3.435 0.2965809732184063
3.445 0.3901093347301164
3.455 0.5041069330195574
3.465 0.6450656359094074
3.475 0.8174156275042754
3.485 1.0257805981174326
3.495 1.2748389982069066
3.505 1.5691507542974192
3.515 1.9129528919870382
3.525 2.309930666287852
3.535 2.762974047131941
3.545 3.2739324327338895
3.555 3.8433829068881424
3.565 4.47042885194112
3.575 5.152545948460213
3.585 5.88549129382394
3.5949999999999998 6.66328844747818
3.605 7.478296724427986
3.6149999999999998 8.321367266678484
3.625 9.182081770182721
3.635 10.049062837882294
3.645 10.910338477491573
3.655 11.75373800209932
3.665 12.56729319358918
3.675 13.339617565629089
3.685 14.060238185939962
3.695 14.719858760027714
3.705 15.310539194523486
3.715 15.825785003565311
3.725 16.260548818153634
3.735 16.611154895136075
3.745 16.87516488132337
3.755 17.051208277542447
3.765 17.13880342419052
3.775 17.138194092268265
3.785 17.05022299955779
3.795 16.876257253070097
3.805 16.61817264559584
3.815 16.27839492883069
3.825 15.85998775887785
3.835 15.366770013748766
3.8449999999999998 14.80344047181444
3.855 14.175685964366746
3.8649999999999998 13.490250253298637
3.875 12.7549448317708
3.885 11.978589053084624
3.895 11.170874652714815
3.905 10.342157888074656
3.915 9.50319021166126
3.925 8.664804754427438
3.935 7.837580274272611
3.945 7.031506240751706
3.955 6.255672303082624
3.965 5.518002731047266
3.975 4.825051969088246
3.985 4.181871804244871
3.995 3.591954492399699
4.005 3.0572501742188387
4.015 2.5782516128643564
4.025 2.1568053088865433
4.035 1.7869074089001333
4.045 1.4676229403145877
4.055 1.1955927499346686
4.065 0.9670511665738162
4.075 0.7780522851875381
4.085 0.624676860851943
4.095 0.5032135257153927
4.1049999999999995 0.41031056137278454
4.115 0.3405561972640754
4.125 0.297592657183906
4.135 0.27606257339504586
4.145 0.27757321949722913
4.155 0.2980023513994695
4.165 0.3395291891124093
4.175 0.4032777882093684
4.185 0.4909500892063211
4.195 0.6047466182382251
4.205 0.7472631387684845
4.215 0.921363730039968
4.225 1.1300315588288523
4.235 1.3761998494284609
4.245 1.6625671543321856
4.255 1.9890440644291687
4.265 2.3627928634429987
4.275 2.781220103746305
4.285 3.2466310602505493
4.295 3.754184217324793
4.305 4.303130664958446
4.315 4.889879176452705
4.325 5.509600155397845
4.335 6.156300111274581
4.345 6.822955393484834
4.355 7.501700964054833
4.365 8.18406590166974
4.375 8.861243740278415
4.385 9.524383017990147
4.395 10.16488182805027
4.405 10.774669884184675
4.415 11.348717800635571
4.425 11.87732184990816
4.435 12.356999231980858
4.445 12.784076094098307
4.455 13.156249533080992
4.465 13.472589320358349
4.475 13.733487922342096
4.485 13.940565487871169
4.495 14.096537820948104
4.505 14.205055866375517
4.515 14.270525063663452
4.525 14.297912295810868
4.535 14.292547319485934
4.545 14.259924727686862
4.555 14.205511812142017
4.565 14.134567216092371
4.575 14.051974961676208
4.585 13.962098189887449
4.595 13.86865661763066
4.605 13.77463115461199
4.615 13.682198239554939
4.625 13.592695235939155
4.635 13.506616748432824
4.645 13.423640140568793
4.655 13.344723154525012
4.665 13.2649838472339
4.675 13.183528995730306
4.685 13.097643600839715
4.695 13.004276932158831
4.705 12.900170227348678
4.715 12.781988759500415
4.725 12.64645740472979
4.735 12.490499570782024
4.745 12.311379444613198
4.755 12.108814321594158
4.765 11.880162869317832
4.775 11.62304083169035
4.785 11.339095287111368
4.795 11.02977770917857
4.805 10.69775916310831
4.815 10.347001472617968
4.825 9.98278036353622
4.835 9.609869899545963
4.845 9.240171826864753
4.855 8.879850119900437
4.865 8.538493045646808
4.875 8.226155729529536
4.885 7.9530222926187815
4.895 7.729032719324828
4.905 7.56349264374915
4.915 7.46468569830807
4.925 7.439508016762058
4.935 7.493142979844414
4.945 7.630621634181281
4.955 7.848498266177764
4.965 8.150759210950234
4.975 8.53144890097418
4.985 8.986638896634762
4.995 9.505679548022549
5.005 10.079971170883042
5.015 10.698004874676592
5.025 11.346879123179487
5.035 12.012659682469806
5.045 12.680776865036133
5.055 13.336451241543841
5.065 13.965138488775787
5.075 14.552983026683517
5.085 15.08726851468413
5.095 15.555262468915657
5.105 15.951510990342936
5.115 16.2668593134879
5.125 16.49711088325589
5.135 16.64083739432729
5.145 16.69946018384001
5.155 16.677206342027468
5.165 16.580930366932606
5.175 16.41979948758287
5.185 16.204849526848452
5.195 15.948427703014216
5.205 15.663548225018086
5.215 15.363194970650245
5.225 15.058107880212404
5.235 14.7626332012026
5.245 14.483398954930994
5.255 14.226768820225118
5.265 13.996264242400574
5.275 13.792418179194943
5.285 13.612817850102427
5.295 13.452335290228895
5.305 13.303530648579468
5.315 13.157200377559729
5.325 13.003031860754017
5.335 12.830318539426331
5.345 12.628685848046384
5.355 12.390357141271114
5.365 12.10520728892277
5.375 11.768757999984441
5.385 11.377949231155355
5.395 10.93236996076049
5.405 10.43427054760038
5.415 9.888418843589271
5.425 9.301819836861227
5.435 8.683326804148455
5.445 8.04317730653282
5.455 7.392489626310593
5.465 6.741389773698739
5.475 6.104452110369513
5.485 5.490539672580168
5.495 4.909645439702156
5.505 4.370574511609969
5.515 3.8807560157498324
5.525 3.4461350692113495
5.535 3.0711355803820704
5.545 2.758680739313581
5.555 2.510255988416162
5.565 2.3246868065673807
5.575 2.2026294853778507
5.585 2.1429926221085087
5.595 2.1406397401237522
5.605 2.1914138935472764
5.615 2.2902689290921905
5.625 2.431354216292145
5.635 2.60809979075323
5.645 2.81330992008876
5.655 3.039272989828695
5.665 3.27789421769248
5.675 3.5208552094417045
5.685 3.7598010570810105
5.695 3.986551928359613
5.705 4.193332333167023
5.715 4.373007910602727
5.725 4.519317052627029
5.735 4.6270832755500395
5.745 4.692394161223666
5.755 4.711513342498101
5.765 4.686253543378798
5.775 4.615286024769554
5.785 4.5005269408495385
5.795 4.3439922025747535
5.805 4.152845606764086
5.815 3.9306066885460815
5.825 3.683243639170132
5.835 3.4171052948011646
5.845 3.138653190368133
5.855 2.854206262003146
5.865 2.569711890200712
5.875 2.290554178519744
5.885 2.021406967745876
5.895 1.7661354317166333
5.905 1.5277465210876513
5.915 1.308385308007254
5.925 1.109371665180479
5.935 0.9312698329781796
5.945 0.7739823476104187
5.955 0.6368595003374132
5.965 0.518815882880988
5.975 0.4184465093657035
5.985 0.3341363244117618
5.995 0.2641584378820293
6.005 0.20675800814514697
6.015 0.16022019159724596
6.025 0.12292188429967868
6.035 0.09336803664832086
6.045 0.07021409445735179
6.055 0.05227661120881344
6.065 0.03853431205599977
6.075 0.028121912216080597
6.085 0.02031885081283937
6.095 0.014534847857339675
6.105 0.010293875087125802
6.115 0.007217791838798938
6.125 0.005010566921228634
6.135 0.0034437089256251305
6.1450000000000005 0.0035638029757259822
6.155 0.0033903508936996684
6.165 0.0026625502639150036
6.175 0.003873987774985756
6.185 0.005580533657265795
6.195 0.007958849142559156
6.205 0.011237814761449118
6.215 0.015709795096678903
6.225 0.022934067953817344
6.235 0.03156156914377501
6.245 0.04301700642008999
6.255 0.05806797169125757
6.265 0.07763533618062263
6.275 0.10280651807240164
6.285 0.1348444638975218
6.295 0.17519043787054092
6.305 0.2266215511059315
6.315 0.2891464644535262
6.325 0.3655127119931257
6.335 0.45780465609457943
6.345 0.568169801696469
6.355 0.698755796350189
6.365 0.8516345311303675
6.375 1.0287150848896718
6.385 1.2316483052804392
6.3950000000000005 1.4617268312187908
6.405 1.7197852353626588
6.415 2.006105602631215
6.425 2.320334172495069
6.435 2.6614145908551574
6.445 3.027542806051665
6.455 3.4172603417237712
6.465 3.825551867537152
6.475 4.249179720462782
6.485 4.683536976189169
6.495 5.123491072198483
6.505 5.563509426872498
6.515 5.997803881288107
6.525 6.421577940853701
6.535 6.827356572558771
6.545 7.210336887658607
6.555 7.5653917791955685
6.565 7.887944220207211
6.575 8.174097556097854
6.585 8.420745414761871
6.595 8.625658719284836
6.605 8.787548166802841
6.615 8.906101183899015
6.625 8.9819927610597
6.635 9.016869739626888
6.6450000000000005 9.013308158755898
6.655 8.974743288757411
6.665 8.905372119254206
6.675 8.811118720970946
6.685 8.695649968746817
6.695 8.565388890896307
6.705 8.426167773265579
6.715 8.283749808655477
6.725 8.143616589306234
6.735 8.010757682765162
6.745 7.890585345565519
6.755 7.784848669952112
6.765 7.696789714755781
6.775 7.627833858027229
6.785 7.578296779402951
6.795 7.547408632446828
6.805 7.533399029822522
6.815 7.533640164491866
6.825 7.54484104369878
6.835 7.563281699071711
6.845 7.585072739224273
6.855 7.606423077407811
6.865 7.62389736987112
6.875 7.634644812410748
6.885 7.6365825136995955
6.8950000000000005 7.629682589762088
6.905 7.611938765797218
6.915 7.584883130637421
6.925 7.550134384123309
6.935 7.510022595116615
6.945 7.467384428793997
6.955 7.424506151215843
6.965 7.386394002856822
6.975 7.355899525640551
6.985 7.333585749574455
6.995 7.32197810983237
