0.005 0.0
0.015 0.0
0.025 0.0
0.034999999999999996 0.0
0.045 0.0
0.055 0.0
0.065 0.0
0.07500000000000001 0.0
0.085 0.0
0.095 0.0
0.10500000000000001 0.0
0.115 0.0
0.125 0.0
0.135 0.0
0.14500000000000002 0.0
0.155 0.0
0.165 0.0
0.17500000000000002 0.0
0.185 0.0
0.195 0.0
0.20500000000000002 0.0
0.215 0.0
0.225 0.0
0.23500000000000001 0.0
0.245 0.0
0.255 0.0
0.265 0.0
0.275 0.0
0.28500000000000003 0.0
0.295 0.0
0.305 0.0
0.315 0.0
0.325 0.0
0.335 0.0
0.34500000000000003 0.0
0.35500000000000004 0.0
0.365 0.0
0.375 0.0
0.385 0.0
0.395 0.0
0.405 0.0
0.41500000000000004 0.0
0.425 0.0
0.435 0.0
0.445 0.0
0.455 0.0
0.465 0.0
0.47500000000000003 0.0
0.485 0.0
0.495 0.0
0.505 0.0
0.515 0.0
0.525 0.0
0.535 0.0
0.545 0.0
0.555 0.0
0.5650000000000001 0.0
0.5750000000000001 0.0
0.585 0.0
0.595 0.0
0.605 0.0
0.615 0.0
0.625 0.0
0.635 0.0
0.645 0.0
0.655 0.0
0.665 0.0
0.675 0.0
0.685 0.0
0.6950000000000001 0.0
0.7050000000000001 0.0
0.715 0.0
0.725 0.0
0.735 0.0
0.745 0.0
0.755 0.0
0.765 0.0
0.775 0.0
0.785 0.0
0.795 0.0
0.805 0.0
0.8150000000000001 0.0
0.8250000000000001 0.0
0.8350000000000001 0.0
0.845 0.0
0.855 0.0
0.865 0.0
0.875 0.0
0.885 0.0
0.895 0.0
0.905 0.0
0.915 0.0
0.925 0.0
0.935 0.0
0.9450000000000001 0.0
0.9550000000000001 0.0
0.965 0.0
0.975 0.0
0.985 0.0
0.995 0.0
1.005 0.0
1.015 0.0
1.025 0.0
1.035 0.0
1.045 0.0
1.055 0.0
1.065 0.0
1.075 0.0
1.085 0.0
1.095 0.0
1.105 0.0
1.115 0.0
1.125 0.0
1.135 0.0
1.145 0.0
1.155 0.0
1.1649999999999998 0.0
1.1749999999999998 0.0
1.1849999999999998 0.0
1.1949999999999998 0.0
1.2049999999999998 0.0
1.2149999999999999 0.0
1.2249999999999999 0.0
1.2349999999999999 0.0
1.2449999999999999 0.0
1.255 0.0
1.265 0.0
1.275 0.0
1.285 0.0
1.295 0.0
1.305 0.0
1.315 0.0
1.325 0.0
1.335 0.0
1.345 0.0
1.355 0.0
1.365 0.0
1.375 0.0
1.385 0.0
1.395 0.0
1.405 0.0
1.4149999999999998 0.0
1.4249999999999998 0.01569786830656465
1.4349999999999998 0.02330166754542301
1.4449999999999998 0.034244464338213994
1.4549999999999998 0.049825401610300524
1.4649999999999999 0.07177418898129842
1.4749999999999999 0.10236295980187084
1.4849999999999999 0.14453546738758738
1.4949999999999999 0.2020519669581132
1.505 0.2796461143507189
1.515 0.3831876919620178
1.525 0.5198420037599202
1.535 0.6982134976022394
1.545 0.9284577966333417
1.555 1.2223431695877982
1.565 1.5932399502718482
1.575 2.0560150086672517
1.585 2.6268085953424105
1.595 3.322673226031545
1.605 4.16105915944181
1.615 5.159138702813527
1.625 6.33297207132522
1.635 7.696530535414167
1.645 9.260607465216209
1.655 11.03166360647097
1.665 13.010668145410746
1.6749999999999998 15.19201023928571
1.6849999999999998 17.562564988531236
1.6949999999999998 20.10100165693452
1.7049999999999998 22.777418932649066
1.7149999999999999 25.553381276987153
1.7249999999999999 28.382411714814456
1.7349999999999999 31.210970372030552
1.7449999999999999 33.979916112247736
1.755 36.62641302578116
1.765 39.08620719128511
1.775 41.296165371214094
1.785 43.196939485687544
1.795 44.735601891202684
1.805 45.86808904481134
1.815 46.56129643834513
1.825 46.79468590798309
1.835 46.56129643834513
1.845 45.86808904481134
1.855 44.735601891202684
1.865 43.196939485687544
1.875 41.306267293061495
1.885 39.10120232437331
1.895 36.64845008811949
1.905 34.01197984875341
1.915 31.25715863362058
1.9249999999999998 28.44828451994905
1.9349999999999998 25.655982449970953
1.9449999999999998 22.921678203289932
1.9549999999999998 20.30187914137384
1.9649999999999999 17.83959175036438
1.9749999999999999 15.570385008502031
1.9849999999999999 13.522514792112572
1.9949999999999999 11.717439632004861
2.005 10.17064055555252
2.015 8.892644151241466
2.025 7.890142533208739
2.035 7.167106041284354
2.045 6.725793314700419
2.0549999999999997 6.567577578543942
2.065 6.693526222949895
2.0749999999999997 7.10469169259096
2.085 7.802094090066732
2.0949999999999998 8.7863986111763
2.105 10.057312973707393
2.1149999999999998 11.612750464142199
2.125 13.447822247744696
2.135 15.553737326043832
2.145 17.91669915613197
2.155 20.516893685960802
2.165 23.327663731122243
2.175 26.31495873669264
2.185 29.43713684272831
2.195 32.645178006443935
2.205 35.883343396624156
2.215 39.09028853338845
2.225 42.200607341820614
2.235 45.13628334218877
2.245 47.85434220130627
2.255 50.274602351624694
2.265 52.337375427813996
2.275 53.99019355423133
2.285 55.190010645206996
2.295 55.90505200498232
2.305 56.116202214415175
2.315 55.81784742990811
2.3249999999999997 55.01812078757963
2.335 53.73853613255601
2.3449999999999998 52.0130329425925
2.355 49.886491148546625
2.3649999999999998 47.41280580712113
2.375 44.65263591976293
2.385 41.6709574213974
2.395 38.53455656997588
2.405 35.3095965777942
2.415 32.05937807517926
2.425 28.84239432846723
2.435 25.710757023032542
2.445 22.709040163920253
2.455 19.873560624745124
2.465 17.232086337660277
2.475 14.803938983151962
2.485 12.600438756791062
2.495 10.625625254891915
2.505 8.877181051197722
2.515 7.347482914004195
2.525 6.02470916819291
2.535 4.8939394382422465
2.545 3.93819371906916
2.555 3.139370153850564
2.565 2.4790538553160855
2.5749999999999997 1.9391815508360881
2.585 1.5025579468981467
2.5949999999999998 1.1532289364987527
2.605 0.8767238132599398
2.6149999999999998 0.660183443725973
2.625 0.4923940133668111
2.635 0.363746773843041
2.645 0.2661435386243995
2.655 0.1928658976156766
2.665 0.13842363936689553
2.675 0.09839503333015774
2.685 0.06253097862309213
2.695 0.043845061588355126
2.705 0.030437094912174865
2.715 0.020919089010681034
2.725 0.014234407426138298
2.735 0.009589436153525227
2.745 0.0
2.755 0.0
2.765 0.0
2.775 0.0
2.785 0.0
2.795 0.0
2.805 0.0
2.815 0.0
2.8249999999999997 0.0
2.835 0.0
2.8449999999999998 0.0
2.855 0.0
2.8649999999999998 0.0
2.875 0.0
2.885 0.0
2.895 0.0
2.905 0.0
2.915 0.0
2.925 0.0
2.935 0.0
2.945 0.0
2.955 0.0
2.965 0.0
2.975 0.0
2.985 0.0
2.995 0.0
3.005 0.0
3.015 0.0
3.025 0.0
3.035 0.0
3.045 0.0
3.055 0.0
3.065 0.0
3.075 0.0
3.085 0.0
3.0949999999999998 0.0
3.105 0.0
3.1149999999999998 0.0
3.125 0.0
3.135 0.0
3.145 0.0
3.155 0.0
3.165 0.0
3.175 0.0
3.185 0.0
3.195 0.0
3.205 0.0
3.215 0.0
3.225 0.0
3.235 0.0
3.245 0.0
3.255 0.0
3.265 0.0
3.275 0.0
3.285 0.0
3.295 0.0038294672083214907
3.305 0.005684400583682464
3.315 0.008353876506588155
3.325 0.012154818595866456
3.335 0.017509186453858218
3.3449999999999998 0.024971262992699955
3.355 0.03525917162706239
3.3649999999999998 0.04929021996696067
3.375 0.06821917498140592
3.385 0.0934779597040761
3.395 0.1268145373645579
3.405 0.17393920094640974
3.415 0.23185612439240394
3.425 0.30606630282837094
3.435 0.4001302699371011
3.445 0.5180726874853867
3.455 0.6643536393287249
3.465 0.8438102591955244
3.475 1.061564543615686
3.485 1.3228946115918236
3.495 1.633068652149632
3.505 1.9971432912560663
3.515 2.4197309829715894
3.525 2.9047440890765626
3.535 3.45512629998174
3.545 4.072584670504731
3.555 4.757337488788387
3.565 5.5078941814801174
3.575 6.3208832626525995
3.585 7.190942836555742
3.5949999999999998 8.110685371240411
3.605 9.070744519205062
3.6149999999999998 10.05990695869917
3.625 11.06532696698954
3.635 12.072816191106034
3.645 13.067196348147391
3.655 14.032698819439684
3.665 14.953392651481034
3.675 15.813621541371637
3.685 16.598430985072284
3.695 17.29396873967423
3.705 17.88784477239882
3.715 18.369440503992497
3.725 18.730160920952873
3.735 18.963626574415358
3.745 19.065805242828716
3.755 19.03508489664256
3.765 18.87229052592953
3.775 18.58064750771278
3.785 18.165693770769735
3.795 17.63514241945064
3.805 16.99869607902559
3.815 16.267814343879706
3.825 15.455436553097321
3.835 14.575663738707593
3.8449999999999998 13.64340587752709
3.855 12.67400326661485
3.8649999999999998 11.68283356661679
3.875 10.68491840174208
3.885 9.694544975292509
3.895 8.724918644689687
3.905 7.78786162145919
3.915 6.893570901129371
3.925 6.05044532925687
3.935 5.264987657252071
3.945 4.541782919538707
3.955 3.8835499028884564
3.965 3.2912583012561427
3.975 2.7643007164883087
3.985 2.3007062388581803
3.995 1.8973810612894608
4.005 1.5503614599832565
4.015 1.2550654088079083
4.025 1.0065308906664248
4.035 0.7996313724366884
4.045 0.6292616432193524
4.055 0.49049000947316324
4.065 0.3786754615727361
4.075 0.28955069458741883
4.085 0.21927366473744425
4.095 0.1644516384215383
4.1049999999999995 0.11958828011559738
4.115 0.08815131657650038
4.125 0.06433185008969942
4.135 0.04648152140020902
4.145 0.033250002569181085
4.155 0.02354832857235069
4.165 0.016511462626881933
4.175 0.01146220205667836
4.185 0.007877848584890868
4.195 0.005360487081512398
4.205 0.003611253147466322
4.215 0.0
4.225 0.0
4.235 0.0
4.245 0.0
4.255 0.0
4.265 0.0
4.275 0.0
4.285 0.0
4.295 0.0
4.305 0.0
4.315 0.0
4.325 0.0
4.335 0.0
4.345 0.0
4.355 0.0
4.365 0.0
4.375 0.0
4.385 0.0
4.395 0.0
4.405 0.0
4.415 0.0
4.425 0.0
4.435 0.0
4.445 0.0
4.455 0.002218139642193151
4.465 0.0032925714181264846
4.475 0.007038786972446999
4.485 0.01030603804201275
4.495 0.014941022467571067
4.505 0.02144686546838388
4.515 0.030481935229570635
4.525 0.04289599120291392
4.535 0.059770460402280345
4.545 0.0824617353701243
4.555 0.114775197316179
4.565 0.15552177028093778
4.575 0.20869161023337976
4.585 0.2773297032051918
4.595 0.3649832085463952
4.605 0.4757103363276227
4.615 0.6140648584691865
4.625 0.7850499472015445
4.635 0.9940354822100791
4.645 1.2466340399509475
4.655 1.5505786346358859
4.665 1.9083162036088832
4.675 2.3264905102637465
4.685 2.809738244009821
4.695 3.361748210285747
4.705 3.9849459629706265
4.715 4.68218434366935
4.725 5.449437580823102
4.735 6.285080853218027
4.745 7.183953739993835
4.755 8.13863123748858
4.765 9.139467566222692
4.775 10.17475509098244
4.785 11.231000659092238
4.795 12.293313530111291
4.805 13.345890586247682
4.815 14.372576402567448
4.825 15.35746877313763
4.835 16.28553513702134
4.845 17.143202602457045
4.855 17.918884309593743
4.865 18.60529396481191
4.875 19.19311687152763
4.885 19.68201399306028
4.895 20.068589002308816
4.905 20.356407969127574
4.915 20.55029986187364
4.925 20.659048101535127
4.935 20.688418367709623
4.945 20.649391773754495
4.955 20.552280560397893
4.965 20.407437832834965
4.975 20.224800578346166
4.985 20.013525345693665
4.995 19.781737524543082
5.005 19.536404873791277
5.015 19.28333484793966
5.025 19.027284280926892
5.035 18.772160029087214
5.045 18.521281101589064
5.055 18.277667333128257
5.065 18.044317297849563
5.075 17.8244391979789
5.085 17.621602880203042
5.095 17.43978864196494
5.105 17.283318513324545
5.115 17.15666741779396
5.125 17.064164021629793
5.135 17.009603063732804
5.145 16.995801395923348
5.155 17.02413782798741
5.165 17.094121330945722
5.175 17.203032657335818
5.185 17.345680791319516
5.195 17.5143080316189
5.205 17.698666506322276
5.215 17.886275430167178
5.225 18.062853612671724
5.235 18.21290693222906
5.245 18.320437053900022
5.255 18.36972682453273
5.265 18.344671083569697
5.275 18.235977287128456
5.285 18.02984683715227
5.295 17.722714571433972
5.305 17.308972431972595
5.315 16.788920122794224
5.325 16.16657499868025
5.335 15.449479934138846
5.345 14.648327577940385
5.355 13.776431246094205
5.365 12.847661352823364
5.375 11.881896558444847
5.385 10.894161284496398
5.395 9.901405370080873
5.405 8.919727743966739
5.415 7.9638221802470115
5.425 7.046538949194087
5.435 6.178575742585316
5.445 5.368301421436266
5.455 4.62170718805983
5.465 3.9411076317521667
5.475 3.331224929023112
5.485 2.7896946588189975
5.495 2.3145525082354577
5.505 1.9025080545838953
5.515 1.5492703109176047
5.525 1.2485283652986006
5.535 0.9980230801916273
5.545 0.7902953380327594
5.555 0.6199276196745136
5.565 0.48171611430298644
5.575 0.3707965782658311
5.585 0.28272889961077236
5.595 0.21354533441152368
5.605 0.15976833670409904
5.615 0.11840425953001923
5.625 0.08691907238217603
5.635 0.06320174543069032
5.645 0.045520217350771754
5.655 0.032474003805654655
5.665 0.022946611544336897
5.675 0.014802068544012633
5.685 0.01030242460316904
5.695 0.005852457658031169
5.705 0.004022331402942945
5.715 0.0027369979621582165
5.725 0.001843860894570819
5.735 0.0
5.745 0.0
5.755 0.0
5.765 0.0
5.775 0.0
5.785 0.0
5.795 0.0
5.805 0.0
5.815 0.0
5.825 0.0
5.835 0.0
5.845 0.0
5.855 0.0
5.865 0.0
5.875 0.0
5.885 0.0
5.895 0.0
5.905 0.0
5.915 0.0
5.925 0.0
5.935 0.0
5.945 0.0
5.955 0.0
5.965 0.0
5.975 0.0
5.985 0.0
5.995 0.0
6.005 0.0
6.015 0.0
6.025 0.0
6.035 0.0
6.045 0.0
6.055 0.0
6.065 0.0
6.075 0.0
6.085 0.0
6.095 0.0
6.105 0.0
6.115 0.0
6.125 0.0
6.135 0.0
6.1450000000000005 0.0
6.155 0.0
6.165 0.0
6.175 0.0
6.185 0.0
6.195 0.0
6.205 0.0
6.215 0.0
6.225 0.0
6.235 0.0
6.245 0.0
6.255 0.0
6.265 0.0
6.275 0.0
6.285 0.0
6.295 0.0
6.305 0.0
6.315 0.0
6.325 0.0
6.335 0.0
6.345 0.0
6.355 0.0
6.365 0.0
6.375 0.0011390658395589387
6.385 0.0028265220389906798
6.3950000000000005 0.005303041958499583
6.405 0.0077738157806429495
6.415 0.011283072535864849
6.425 0.016214537587075084
6.435 0.023070972636495744
6.445 0.03250210456304766
6.455 0.045335811817584774
6.465 0.06261173453601787
6.475 0.08561593137651068
6.485 0.11591457122384194
6.495 0.1553839511973135
6.505 0.20733000189459178
6.515 0.2726448966234895
6.525 0.3561125428876585
6.535 0.4593825142801572
6.545 0.5868471978109903
6.555 0.7424197637242065
6.565 0.9301646161637895
6.575 1.1541687555171023
6.585 1.4183817395105054
6.595 1.7264272518823256
6.605 2.08139209567471
6.615 2.4856013390730025
6.625 2.940391087333482
6.635 3.445892628156426
6.6450000000000005 4.000843184433663
6.655 4.602438920310293
6.665 5.246244965364575
6.675 5.927265190990053
6.685 6.636167132693361
6.695 7.365707812259654
6.705 8.103948968198846
6.715 8.840503415988131
6.725 9.563726709630265
6.735 10.261856835662034
6.745 10.923442620772335
6.755 11.53776759681567
6.765 12.0952445889484
6.775 12.587758293127003
6.785 13.00893701912697
6.795 13.35434019815245
6.805 13.622686988237056
6.815 13.813015558229223
6.825 13.927137662174932
6.835 13.967611304830175
6.845 13.940425906063183
6.855 13.852222658581804
6.865 13.710790347669723
6.875 13.524792718887895
6.885 13.303499285711403
6.8950000000000005 13.056528213791324
6.905 12.793606312736086
6.915 12.524348007823196
6.925 12.258052852475126
6.935 12.00351989479579
6.945 11.768877041325405
6.955 11.561424291746278
6.965 11.387491028185512
6.975 11.252309034115637
6.985 11.159904194594072
6.995 11.11301057187664
