0.005 0.0
0.015 0.0
0.025 0.0
0.034999999999999996 0.0
0.045 0.0
0.055 0.0
0.065 0.0
0.07500000000000001 0.0
0.085 0.0
0.095 0.0
0.10500000000000001 0.0
0.115 0.0
0.125 0.0
0.135 0.0
0.14500000000000002 0.0
0.155 0.0
0.165 0.0
0.17500000000000002 0.0
0.185 0.0
0.195 0.0
0.20500000000000002 0.0
0.215 0.0
0.225 0.0
0.23500000000000001 0.0
0.245 0.0
0.255 0.0
0.265 0.0
0.275 0.0
0.28500000000000003 0.0
0.295 0.0
0.305 0.0
0.315 0.0
0.325 0.0
0.335 0.0
0.34500000000000003 0.0
0.35500000000000004 0.0
0.365 0.0
0.375 0.0
0.385 0.0
0.395 0.0
0.405 0.0
0.41500000000000004 0.0
0.425 0.0
0.435 0.0
0.445 0.0
0.455 0.0
0.465 0.0
0.47500000000000003 0.0
0.485 0.0
0.495 0.0
0.505 0.0
0.515 0.0
0.525 0.0
0.535 0.0
0.545 0.0
0.555 0.0
0.5650000000000001 0.0
0.5750000000000001 0.0
0.585 0.0
0.595 0.0
0.605 0.0
0.615 0.0
0.625 0.0
0.635 0.0
0.645 0.0
0.655 0.0
0.665 0.0
0.675 0.0
0.685 0.0
0.6950000000000001 0.0
0.7050000000000001 0.0
0.715 0.0
0.725 0.0
0.735 0.0
0.745 0.0
0.755 0.0
0.765 0.0
0.775 0.0
0.785 0.0
0.795 0.0
0.805 0.0
0.8150000000000001 0.0
0.8250000000000001 0.0
0.8350000000000001 0.0
0.845 0.0
0.855 0.0
0.865 0.0
0.875 0.0
0.885 0.0
0.895 0.0
0.905 0.0
0.915 0.0
0.925 0.0
0.935 0.0
0.9450000000000001 0.0
0.9550000000000001 0.0
0.965 0.0
0.975 0.0
0.985 0.0
0.995 0.0
1.005 0.0
1.015 0.0
1.025 0.0
1.035 0.0
1.045 0.0
1.055 0.0
1.065 0.0
1.075 0.0
1.085 0.0
1.095 0.0
1.105 0.0
1.115 0.0
1.125 0.0
1.135 0.0
1.145 0.0
1.155 0.0
1.1649999999999998 0.0
1.1749999999999998 0.0
1.1849999999999998 0.0
1.1949999999999998 0.0
1.2049999999999998 0.0
1.2149999999999999 0.0
1.2249999999999999 0.0
1.2349999999999999 0.0
1.2449999999999999 0.0
1.255 0.0
1.265 0.0
1.275 0.0
1.285 0.0
1.295 0.0
1.305 0.0
1.315 0.0
1.325 0.0
1.335 0.0
1.345 0.0
1.355 0.0
1.365 0.0
1.375 0.0
1.385 0.0
1.395 0.0
1.405 0.0
1.4149999999999998 0.0
1.4249999999999998 0.0
1.4349999999999998 0.0
1.4449999999999998 0.0
1.4549999999999998 0.0
1.4649999999999999 0.0
1.4749999999999999 0.0
1.4849999999999999 0.0
1.4949999999999999 0.0
1.505 0.0
1.515 0.0
1.525 0.0
1.535 0.0
1.545 0.0
1.555 0.0
1.565 0.0
1.575 0.0
1.585 0.013269225200907151
1.595 0.019696628113995956
1.605 0.028946446760428752
1.615 0.04211683152012667
1.625 0.06066988578360292
1.635 0.08652621740204153
1.645 0.12217414675865498
1.655 0.17079217378402034
1.665 0.2363816026107545
1.6749999999999998 0.32390409191632324
1.6849999999999998 0.4394163896697101
1.6949999999999998 0.5901917354041477
1.7049999999999998 0.7848145590515518
1.7149999999999999 1.0332324410740743
1.7249999999999999 1.3467471688750468
1.7349999999999999 1.7379255344524684
1.7449999999999999 2.2204107035794673
1.755 2.8086169691460374
1.765 3.517294831543528
1.775 4.360959842026483
1.785 5.353187513385367
1.795 6.505787597756879
1.805 7.827883605175138
1.815 9.32493672874679
1.825 10.997766210303071
1.835 12.841629269833321
1.845 14.845431582639362
1.855 16.9911425259015
1.865 19.253486869063252
1.875 21.599975499042166
1.885 23.991321970209405
1.895 26.38226965072219
1.905 28.722827226980453
1.915 30.9598802365598
1.9249999999999998 33.03911558829861
1.9349999999999998 34.907167491995715
1.9449999999999998 36.51386970712741
1.9549999999999998 37.81448311324268
1.9649999999999999 38.771761310823386
1.9749999999999999 39.357721444779095
1.9849999999999999 39.55500284449955
1.9949999999999999 39.357721444779095
2.005 38.771761310823386
2.015 37.81448311324268
2.025 36.51386970712741
2.035 34.907167491995715
2.045 33.03911558829861
2.0549999999999997 30.968555125274115
2.065 28.73570409464598
2.0749999999999997 26.401193679858746
2.085 24.01885627013308
2.0949999999999998 21.639639043786804
2.105 19.310054249258283
2.1149999999999998 17.071015096518888
2.125 14.957088674776944
2.135 12.996166107192831
2.145 11.209521750580786
2.155 9.612209589212629
2.165 8.213727356202012
2.175 7.0188679666603715
2.185 6.02867355771921
2.195 5.241409275917214
2.205 4.65348103509878
2.215 4.260232678577573
2.225 4.056572143269834
2.235 4.037392215972273
2.245 4.197768290634445
2.255 4.532932328773172
2.265 5.0380382819891425
2.275 5.707748948831224
2.285 6.535687058461997
2.295 7.513803768492035
2.305 8.631725199511548
2.315 9.8761415777976
2.3249999999999997 11.230303544634303
2.335 12.673685861070972
2.3449999999999998 14.181869944493238
2.355 15.726683567684528
2.3649999999999998 17.27661914699993
2.375 18.797532257692794
2.385 20.25360063824063
2.395 21.5996523239522
2.405 22.820909943125425
2.415 23.871307588977047
2.425 24.72159661396265
2.435 25.347426811801423
2.445 25.730504111050386
2.455 25.85947879962993
2.465 25.730504111050386
2.475 25.347426811801423
2.485 24.72159661396265
2.495 23.871307588977047
2.505 22.820909943125425
2.515 21.5996523239522
2.525 20.240331413039723
2.535 18.7778356295788
2.545 17.2476727002395
2.555 15.6845667361644
2.565 14.121200058709634
2.5749999999999997 12.58715964366893
2.585 11.108129397875649
2.5949999999999998 9.70534940401358
2.605 8.395343596900794
2.6149999999999998 7.1898996765757115
2.625 6.096270668792287
2.635 5.117557213427077
2.645 4.253223722937591
2.655 3.499699887699098
2.665 2.851021121759399
2.675 2.299466681519804
2.685 1.8361614396903665
2.695 1.4516157094315354
2.705 1.1361862035552517
2.715 0.8804494338907315
2.725 0.675486044333843
2.735 0.5130803689034923
2.745 0.3858437510268735
2.755 0.2872728604658392
2.765 0.21175554027771473
2.775 0.15453683735950927
2.785 0.11165709213758152
2.795 0.07987257061738903
2.805 0.05656738019502909
2.815 0.044721851940112974
2.8249999999999997 0.03504277115746198
2.835 0.02995858599385847
2.8449999999999998 0.028932053157014016
2.855 0.031802608318237585
2.8649999999999998 0.03298430627676358
2.875 0.046573507970020855
2.885 0.06510698767277259
2.895 0.09011006620660829
2.905 0.12347415723055649
2.915 0.1675081289240946
2.925 0.22498458325217058
2.935 0.29917595572147093
2.945 0.3938743228901538
2.955 0.5133879930187575
2.965 0.6671248968255322
2.975 0.8532876926767092
2.985 1.0807341342155354
2.995 1.3554693314143493
3.005 1.6835354777958793
3.015 2.070775968009306
3.025 2.52255862962326
3.035 3.04346744594589
3.045 3.63697662095342
3.055 4.305125001337362
3.065 5.048212224852983
3.075 5.864539994827387
3.085 6.750222121776917
3.0949999999999998 7.699085074926751
3.105 8.702676582673078
3.1149999999999998 9.750393383468733
3.125 10.829730899572082
3.135 11.926647999612277
3.145 13.02602998213084
3.155 14.112223464225671
3.165 15.169609067252585
3.175 16.1831726544135
3.185 17.139034186707928
3.195 18.024895489880556
3.205 18.830374411857374
3.215 19.54720258028464
3.225 20.169276376454484
3.235 20.69256458517502
3.245 21.11488997882381
3.255 21.435614298723536
3.265 21.65526528363879
3.275 21.775149449902408
3.285 21.796994600209125
3.295 21.722661438209315
3.305 21.553954688148096
3.315 21.292551789563632
3.325 20.940052991293395
3.335 20.498142170529384
3.3449999999999998 19.968834634358966
3.355 19.35477801387369
3.3649999999999998 18.659566249368822
3.375 17.8880251971876
3.385 17.046431603389472
3.395 16.14263457100287
3.405 15.18605921133109
3.415 14.187584603781168
3.425 13.159301031089244
3.435 12.114163281668358
3.445 11.065566397636719
3.455 10.02687671254845
3.465 9.010953899816876
3.475 8.029699010823492
3.485 7.093659491235193
3.495 6.2117156147681785
3.505 5.390864561847825
3.515 4.636109473943774
3.525 3.9504521712291005
3.535 3.334980629958849
3.545 2.7890363639019267
3.555 2.3104428814647195
3.565 1.895774488099767
3.575 1.5406447422635645
3.585 1.2399955504410052
3.5949999999999998 0.9883707890637602
3.605 0.7801620067021938
3.6149999999999998 0.6098177358952229
3.625 0.4686380585969519
3.635 0.3595419069407152
3.645 0.2730980096433131
3.655 0.20537359607802363
3.665 0.15290712951155339
3.675 0.11271141927409394
3.685 0.08225553978930863
3.695 0.05943187748636933
3.705 0.04251388550943923
3.715 0.03010919902278464
3.725 0.021111770751058075
3.735 0.014655720549488197
3.745 0.010072719606619776
3.755 0.0068539884646348454
3.765 0.004617395217866491
3.775 0.0
3.785 0.0
3.795 0.0
3.805 0.0
3.815 0.0
3.825 0.0
3.835 0.0
3.8449999999999998 0.0
3.855 0.0
3.8649999999999998 0.0
3.875 0.0
3.885 0.0
3.895 0.0
3.905 0.0
3.915 0.0
3.925 0.0
3.935 0.0
3.945 0.0
3.955 0.0
3.965 0.0
3.975 0.0
3.985 0.0027191184201766972
3.995 0.0040362163961521385
4.005 0.005931681420220751
4.015 0.00863054554067149
4.025 0.012432421749307032
4.035 0.017730879384730017
4.045 0.02503582295808188
4.055 0.03499858799038246
4.065 0.04843911834474322
4.075 0.0663741529264323
4.085 0.09004483541335676
4.095 0.12094159190724696
4.1049999999999995 0.16082353653882034
4.115 0.21172911909405073
4.125 0.27597429230145304
4.135 0.35613423256258175
4.145 0.45500468588382026
4.155 0.5755394169889992
4.165 0.7207610859591456
4.175 0.8936442072966247
4.185 1.096970663615757
4.195 1.3331604993491601
4.205 1.6040832964667557
4.215 1.9108581580471022
4.225 2.2560972025196144
4.235 2.6351240144960237
4.245 3.0474453425180443
4.255 3.48956864992613
4.265 3.9565838826456927
4.275 4.442187182096208
4.285 4.9387863607896
4.295 5.4376929593326695
4.305 5.929399854905948
4.315 6.403936832510169
4.325 6.851289774632833
4.335 7.261862766094419
4.345 7.626957066826685
4.355 7.939237154963855
4.365 8.193152360584167
4.375 8.385283309964363
4.385 8.514585590460937
4.395 8.58250861016714
4.405 8.592975223178325
4.415 8.552216781380391
4.425 8.468468167188297
4.435 8.351537281109792
4.445 8.212272610022273
4.455 8.061960149416558
4.465 7.911686479303111
4.475 7.771707754925046
4.485 7.650864531645071
4.495 7.556079680181593
4.505 7.491971360876203
4.515 7.460605504860849
4.525 7.461403045968336
4.535 7.491206925058965
4.545 7.544503378301313
4.555 7.613781966011544
4.565 7.6900099035114735
4.575 7.7631891376261315
4.585 7.8229597592643785
4.595 7.861306617949457
4.605 7.865772708841849
4.615 7.829947829026258
4.625 7.747832989991299
4.635 7.6155525678419105
4.645 7.431539976248834
4.655 7.196590336512107
4.665 6.915823001681891
4.675 6.591325993158475
4.685 6.2315698716821535
4.695 5.845161505793771
4.705 5.441813834816294
4.715 5.0319410682190755
4.725 4.626263498892252
4.735 4.235442787029056
4.745 3.8697632056730695
4.755 3.538868215759164
4.765 3.2515554947171914
4.775 3.0156277891128873
4.785 2.8377922244438936
4.795 2.7217837898604085
4.805 2.6761981578991025
4.815 2.7034587326095654
4.825 2.802603734152062
4.835 2.975696018308454
4.845 3.2222358128068045
4.855 3.5404116625006266
4.865 3.92706558736705
4.875 4.377663272345455
4.885 4.886280495251352
4.895 5.445618323764739
4.905 6.047059436534999
4.915 6.680776193637362
4.925 7.335897895418471
4.935 8.000740267566023
4.945 8.663094960547047
4.955 9.310571215374841
4.965 9.930976343985995
4.975 10.512716832825726
4.985 11.045198199313873
4.995 11.520995951784336
5.005 11.929865619645216
5.015 12.26754580730747
5.025 12.53073056053908
5.035 12.716707162930012
5.045 12.83039283490739
5.055 12.872566424219487
5.065 12.848227156277126
5.075 12.763833402333693
5.085 12.626925669383402
5.095 12.445716500300797
5.105 12.228676199927712
5.115 11.984142830560758
5.125 11.719981986568307
5.135 11.443316702823413
5.145 11.160340944216326
5.155 10.876222122120847
5.165 10.595089773752395
5.175 10.320099754380593
5.185 10.053556820897882
5.195 9.797073988782577
5.205 9.551744976887054
5.215 9.318306607738878
5.225 9.097271109053818
5.235 8.8890134876271
5.245 8.693805901531768
5.255 8.511798451196205
5.265 8.342953174698533
5.275 8.186944418694168
5.285 8.043043435158875
5.295 7.91000750198649
5.305 7.7859938237556685
5.315 7.668515971484608
5.325 7.554455985239846
5.335 7.440139051717028
5.345 7.321470612781249
5.355 7.194128674852985
5.365 7.0537977719836755
5.375 6.896426178389551
5.385 6.7184850750774405
5.395 6.518764618384998
5.405 6.291701612338614
5.415 6.0409967835714315
5.425 5.765223626662468
5.435 5.466248678772304
5.445 5.147077696502233
5.455 4.811731602644239
5.465 4.465068856727093
5.475 4.11121064368492
5.485 3.7592039771725108
5.495 3.4130911660063483
5.505 3.0788557511604395
5.515 2.7621903591018406
5.525 2.4683368375281747
5.535 2.2019657028855715
5.545 1.9670955634868348
5.555 1.7670492387744958
5.565 1.6044401611192858
5.575 1.482645086025891
5.585 1.4006760987732045
5.595 1.3601750949775753
5.605 1.3612020047784053
5.615 1.4032308259778825
5.625 1.4838763470338165
5.635 1.6044579992487047
5.645 1.7608507942838736
5.655 1.9502432993073697
5.665 2.1692206191533967
5.675 2.413784415176319
5.685 2.679395445225933
5.695 2.9610449656880955
5.705 3.253358727391274
5.715 3.550733918105095
5.725 3.847505581243035
5.735 4.138135169069888
5.745 4.418794996417656
5.755 4.682698164293606
5.765 4.926868996588508
5.775 5.148290211721645
5.785 5.344936597094722
5.795 5.5158298943268
5.805 5.659833811669094
5.815 5.780783355867314
5.825 5.878813226455394
5.835 5.956499961766357
5.845 6.01685572493368
5.855 6.063099170525681
5.865 6.098426356912738
5.875 6.125800777842908
5.885 6.147779460373451
5.895 6.166388232622801
5.905 6.18305409662938
5.915 6.1985967000235185
5.925 6.213274833489127
5.935 6.226878359964962
5.945 6.238851620640251
5.955 6.248431646390378
5.965 6.254783726704653
5.975 6.257118121069501
5.985 6.254774774826593
5.995 6.24726744157328
6.005 6.234284065993902
6.015 6.215645989923089
6.025 6.191233831485468
6.035 6.16089213093295
6.045 6.124327567716318
6.055 6.081016430961185
6.065 6.030135992081797
6.075 5.970531634227188
6.085 5.900727394829692
6.095 5.8189824893731465
6.105 5.723391014078781
6.115 5.612016997528139
6.125 5.483052853720221
6.135 5.334986525959664
6.1450000000000005 5.166761475347812
6.155 4.977914236143312
6.165 4.768676412956369
6.175 4.5400314388863015
6.185 4.293720727086847
6.195 4.032198535632581
6.205 3.7575010047098445
6.215 3.4756204064462626
6.225 3.18894038344851
6.235 2.9015374319754
6.245 2.6174480838348857
6.255 2.3405017790478113
6.265 2.0741735268982975
6.275 1.8214648304624856
6.285 1.5848183638397237
6.295 1.3660687718283095
6.305 1.1664290120664422
6.315 0.98766863944488
6.325 0.828083552538176
6.335 0.688081955015014
6.345 0.5669153178129884
6.355 0.4635474229786461
6.365 0.3767524227909623
6.375 0.3052099962887418
6.385 0.24661661494504322
6.3950000000000005 0.20200239393519226
6.405 0.16883231165153453
6.415 0.14621201120621494
6.425 0.13346575298132124
6.435 0.13016437272607495
6.445 0.13613912997566432
6.455 0.15148185976103776
6.465 0.17653175592848033
6.475 0.2129551767844652
6.485 0.25981743357771053
6.495 0.31879560122955125
6.505 0.39091798083948304
6.515 0.47723308786565943
6.525 0.5787326007044072
6.535 0.6962686342202632
6.545 0.8304687900089381
6.555 0.9807297896293781
6.565 1.149149332024557
6.575 1.3338782699188592
6.585 1.533947346393884
6.595 1.7478635503328785
6.605 1.9736171328832148
6.615 2.2087172615145096
6.625 2.4502568627964956
6.635 2.695004860255737
6.6450000000000005 2.9395215494301787
6.655 3.1802905128567973
6.665 3.4138585254147578
6.675 3.6369735850938776
6.685 3.8467107308933826
6.695 4.04057580777012
6.705 4.216578838421739
6.715 4.373271080270984
6.725 4.510849157806399
6.735 4.627225849549314
6.745 4.723220741072326
6.755 4.79926358596142
6.765 4.856022584683836
6.775 4.894292250948935
6.785 4.914890969986643
6.795 4.918579550864778
6.805 4.90600981619102
6.815 4.877708984710171
6.825 4.834101624249431
6.835 4.775566706294403
6.845 4.702523235910549
6.855 4.615534500243323
6.865 4.5154185455413245
6.875 4.4033513171741046
6.885 4.282108615873057
6.8950000000000005 4.152039651626042
6.905 4.016594234656014
6.915 3.878933926807157
6.925 3.7426259444996326
6.935 3.611520256490003
6.945 3.4895906312563145
6.955 3.380750425766567
6.965 3.288656366518458
6.975 3.2165148860730906
6.985 3.166905649103315
6.995 3.141635744166764
