0.005 0.0
0.015 0.0
0.025 0.0
0.034999999999999996 0.0
0.045 0.0
0.055 0.0
0.065 0.0
0.07500000000000001 0.0
0.085 0.0
0.095 0.0
0.10500000000000001 0.0
0.115 0.0
0.125 0.0
0.135 0.0
0.14500000000000002 0.0
0.155 0.0
0.165 0.0
0.17500000000000002 0.0
0.185 0.0
0.195 0.0
0.20500000000000002 0.0
0.215 0.0
0.225 0.0
0.23500000000000001 0.0
0.245 0.0
0.255 0.0
0.265 0.0
0.275 0.0
0.28500000000000003 0.0
0.295 0.0
0.305 0.0
0.315 0.0
0.325 0.0
0.335 0.0
0.34500000000000003 0.0
0.35500000000000004 0.0
0.365 0.0
0.375 0.0
0.385 0.0
0.395 0.0
0.405 0.0
0.41500000000000004 0.0
0.425 0.0
0.435 0.0
0.445 0.0
0.455 0.0
0.465 0.0
0.47500000000000003 0.0
0.485 0.0
0.495 0.0
0.505 0.0
0.515 0.0
0.525 0.0
0.535 0.0
0.545 0.0
0.555 0.0
0.5650000000000001 0.0
0.5750000000000001 0.0
0.585 0.0
0.595 0.0
0.605 0.0
0.615 0.0
0.625 0.0
0.635 0.0
0.645 0.0
0.655 0.0
0.665 0.0
0.675 0.0
0.685 0.0
0.6950000000000001 0.0
0.7050000000000001 0.0
0.715 0.0
0.725 0.0
0.735 0.0
0.745 0.0
0.755 0.0
0.765 0.0
0.775 0.0
0.785 0.0
0.795 0.0
0.805 0.0
0.8150000000000001 0.0
0.8250000000000001 0.0
0.8350000000000001 0.0
0.845 0.0
0.855 0.0
0.865 0.0
0.875 0.0
0.885 0.0
0.895 0.0
0.905 0.0
0.915 0.0
0.925 0.0
0.935 0.0
0.9450000000000001 0.0
0.9550000000000001 0.0
0.965 0.0
0.975 0.0
0.985 0.0
0.995 0.0
1.005 0.0
1.015 0.0
1.025 0.0
1.035 0.0
1.045 0.0
1.055 0.0
1.065 0.0
1.075 0.0
1.085 0.0
1.095 0.0
1.105 0.0
1.115 0.0
1.125 0.0
1.135 0.0
1.145 0.0
1.155 0.0
1.1649999999999998 0.0
1.1749999999999998 0.0
1.1849999999999998 0.0
1.1949999999999998 0.0
1.2049999999999998 0.0
1.2149999999999999 0.0
1.2249999999999999 0.0
1.2349999999999999 0.0
1.2449999999999999 0.0
1.255 0.0
1.265 0.0
1.275 0.0
1.285 0.0
1.295 0.0
1.305 0.0
1.315 0.0
1.325 0.0
1.335 0.0
1.345 0.0
1.355 0.0
1.365 0.0
1.375 0.0
1.385 0.0
1.395 0.0
1.405 0.0
1.4149999999999998 0.0
1.4249999999999998 0.0
1.4349999999999998 0.0
1.4449999999999998 0.0
1.4549999999999998 0.0
1.4649999999999999 0.0
1.4749999999999999 0.0
1.4849999999999999 0.0
1.4949999999999999 0.0
1.505 0.0
1.515 0.0
1.525 0.0
1.535 0.0
1.545 0.0
1.555 0.0
1.565 0.0
1.575 0.0
1.585 0.0
1.595 0.0
1.605 0.0
1.615 0.0
1.625 0.0
1.635 0.0
1.645 0.0
1.655 0.0
1.665 0.0
1.6749999999999998 0.0
1.6849999999999998 0.0
1.6949999999999998 0.0
1.7049999999999998 0.0
1.7149999999999999 0.0
1.7249999999999999 0.0
1.7349999999999999 0.0
1.7449999999999999 0.0
1.755 0.0
1.765 0.0
1.775 0.0
1.785 0.0
1.795 0.0
1.805 0.0
1.815 0.0
1.825 0.0
1.835 0.0
1.845 0.0
1.855 0.0
1.865 0.0
1.875 0.0
1.885 0.0
1.895 0.0
1.905 0.0
1.915 0.0
1.9249999999999998 0.0
1.9349999999999998 0.0
1.9449999999999998 0.0
1.9549999999999998 0.0
1.9649999999999999 0.0
1.9749999999999999 0.0
1.9849999999999999 0.0
1.9949999999999999 0.0
2.005 0.0
2.015 0.0
2.025 0.0
2.035 0.0
2.045 0.0
2.0549999999999997 0.0
2.065 0.0
2.0749999999999997 0.0
2.085 0.0
2.0949999999999998 0.0
2.105 0.0
2.1149999999999998 0.0
2.125 0.0
2.135 0.0
2.145 0.0
2.155 0.0
2.165 0.0
2.175 0.0
2.185 0.0
2.195 0.0
2.205 0.0
2.215 0.0
2.225 0.0
2.235 0.0
2.245 0.0
2.255 0.0
2.265 0.0
2.275 0.0
2.285 0.0
2.295 0.007198623638991943
2.305 0.010685523126109216
2.315 0.01570359781822066
2.3249999999999997 0.022848600004128177
2.335 0.03291372837254488
2.3449999999999998 0.046940922665198996
2.355 0.06628010962316011
2.3649999999999998 0.09265564197918777
2.375 0.1282382480222165
2.385 0.17571965337325493
2.395 0.2383856752857445
2.405 0.3201820840095112
2.415 0.42576597740064775
2.425 0.5605339695629472
2.435 0.7306173389043549
2.445 0.9428336354003513
2.455 1.2045843473939342
2.465 1.5236893036969752
2.475 1.9081507274382865
2.485 2.3658433806188044
2.495 2.904132049486802
2.505 3.5294235859582486
2.515 4.2466675416465804
2.525 5.058826642196993
2.535 5.966345330560984
2.545 6.966650623931923
2.555 8.053723793497705
2.565 9.217783132663532
2.5749999999999997 10.445116697483167
2.585 11.718098975245491
2.5949999999999998 13.015416865003484
2.605 14.312518408758702
2.6149999999999998 15.582283059050608
2.625 16.795895943948743
2.635 17.92389192920276
2.645 18.937319796257015
2.655 19.808964098885703
2.665 20.514553631710207
2.675 21.033882029401806
2.685 21.351768447631567
2.695 21.45879463236042
2.705 21.351768447631567
2.715 21.033882029401806
2.725 20.514553631710207
2.735 19.808964098885703
2.745 18.937319796257015
2.755 17.92389192920276
2.765 16.795895943948743
2.775 15.582283059050608
2.785 14.312518408758702
2.795 13.015416865003484
2.805 11.718098975245491
2.815 10.445116697483167
2.8249999999999997 9.217783132663532
2.835 8.053723793497705
2.8449999999999998 6.966650623931923
2.855 5.966345330560984
2.8649999999999998 5.058826642196993
2.875 4.2466675416465804
2.885 3.5294235859582486
2.895 2.904132049486802
2.905 2.3658433806188044
2.915 1.9081507274382865
2.925 1.5236893036969752
2.935 1.2045843473939342
2.945 0.9428336354003513
2.955 0.7306173389043549
2.965 0.5605339695629472
2.975 0.42576597740064775
2.985 0.3201820840095112
2.995 0.2383856752857445
3.005 0.17571965337325493
3.015 0.1282382480222165
3.025 0.09265564197918777
3.035 0.06628010962316011
3.045 0.046940922665198996
3.055 0.03291372837254488
3.065 0.022848600004128177
3.075 0.01570359781822066
3.085 0.010685523126109216
3.0949999999999998 0.007198623638991943
3.105 0.0
3.1149999999999998 0.0
3.125 0.0
3.135 0.0
3.145 0.0
3.155 0.0
3.165 0.0
3.175 0.0
3.185 0.0
3.195 0.0
3.205 0.0
3.215 0.0
3.225 0.0
3.235 0.0
3.245 0.0
3.255 0.0
3.265 0.0
3.275 0.0
3.285 0.0
3.295 0.0
3.305 0.0
3.315 0.0
3.325 0.0
3.335 0.0
3.3449999999999998 0.0
3.355 0.0
3.3649999999999998 0.0
3.375 0.0
3.385 0.0
3.395 0.0
3.405 0.0
3.415 0.003592346106227055
3.425 0.00533242176839974
3.435 0.007836603398804777
3.445 0.011402190665028764
3.455 0.016425015376562165
3.465 0.02342503917632881
3.475 0.03307591918479627
3.485 0.046238163206781285
3.495 0.06399503489204493
3.505 0.08768979241584249
3.515 0.11896216489975743
3.525 0.1597812193632476
3.535 0.21247099831619423
3.545 0.2797245868030165
3.555 0.36460169112585683
3.565 0.47050448930326993
3.575 0.6011265634924383
3.585 0.7603702612798545
3.5949999999999998 0.9522289509175051
3.605 1.1806323934305807
3.6149999999999998 1.4492558554435055
3.625 1.7612965633550655
3.635 2.1192245035623523
3.645 2.524518172020855
3.655 2.9773993601432553
3.665 3.4765840662605774
3.675 4.019068749960529
3.685 4.599972023166681
3.695 5.212451182202005
3.705 5.847710525952876
3.715 6.495114127464602
3.725 7.1424097653211005
3.735 7.776063408858387
3.745 8.384738618704084
3.755 8.949119147807213
3.765 9.456973761265491
3.775 9.894972916523702
3.785 10.2513398100795
3.795 10.516431276815078
3.805 10.683242246240688
3.815 10.747801650041216
3.825 10.709434153079641
3.835 10.57087062255235
3.8449999999999998 10.33820010366848
3.855 10.020666346223146
3.8649999999999998 9.630321701047132
3.875 9.18155962547069
3.885 8.690553416975586
3.895 8.1746326909757
3.905 7.651630374942951
3.915 7.13923174179479
3.925 6.6543536462778805
3.935 6.212577251542788
3.945 5.827651841405594
3.955 5.511081520957995
3.965 5.271801345230749
3.975 5.115945151713603
3.985 5.0467043626481285
3.995 5.064275288437697
4.005 5.165891807119858
4.015 5.345940347759841
4.025 5.596154397988328
4.035 5.90588580084524
4.045 6.26244948455581
4.055 6.651536702973193
4.065 7.057689268681007
4.075 7.4648237637655965
4.085 7.856790646752353
4.095 8.21794903073189
4.1049999999999995 8.533734273157286
4.115 8.791192987971655
4.125 8.979459183989471
4.135 9.090146311828597
4.145 9.117633211699088
4.155 9.059227196121348
4.165 8.915194430749958
4.175 8.68865583844846
4.185 8.385355244459067
4.195 8.0133146358145
4.205 7.582398481717736
4.215 7.1038144187459675
4.225 6.587184779377737
4.235 6.050410139480754
4.245 5.502079223275955
4.255 4.953656849927735
4.265 4.415522004557747
4.275 3.8966844923163357
4.285 3.404595243764793
4.295 2.9474226836359865
4.305 2.525706999650035
4.315 2.1437200229332585
4.325 1.8027457411804535
4.335 1.5028576262711997
4.345 1.2431465410287939
4.355 1.0219649260103896
4.365 0.8371725400305325
4.375 0.6863712668066472
4.385 0.5671190703496606
4.395 0.477115781576234
4.405 0.41435578609902435
4.415 0.3772446946429944
4.425 0.36467863513229415
4.435 0.37608591388718
4.445 0.41143152786760084
4.455 0.47118549765123874
4.465 0.5562563876834131
4.475 0.6678918457111516
4.485 0.809739644543739
4.495 0.9799881060021138
4.505 1.1816150332996551
4.515 1.4158619325289477
4.525 1.6835059557970813
4.535 1.984675356474241
4.545 2.3186813729357056
4.555 2.6818493394907272
4.565 3.0762291250394624
4.575 3.495078876767935
4.585 3.9335911791417404
4.595 4.385944444589265
4.605 4.845466403870327
4.615 5.304863534320942
4.625 5.756507647630154
4.635 6.19276517254298
4.645 6.606349597580504
4.655 6.990673663187293
4.665 7.3401757313305085
4.675 7.650594707649237
4.685 7.919170156992001
4.695 8.144748821819016
4.705 8.32778536409889
4.715 8.470233309080113
4.725 8.575331180045964
4.735 8.64729784938638
4.745 8.69293444945836
4.755 8.714267468612858
4.765 8.71752936653376
4.775 8.707058322745052
4.785 8.686293665875825
4.795 8.657542934970632
4.805 8.621858126832443
4.815 8.579031952824561
4.825 8.52771450303922
4.835 8.465640196998503
4.845 8.39184580249075
4.855 8.300369265828254
4.865 8.189705689874172
4.875 8.057720392939652
4.885 7.903292081614045
4.895 7.726618659464197
4.905 7.5294280382498595
4.915 7.315076581916126
4.925 7.090370683140992
4.935 6.858942405285253
4.945 6.629773420156019
4.955 6.411522687093325
4.965 6.213353832274793
4.975 6.04449311820497
4.985 5.91377690665465
4.995 5.829217120306675
5.005 5.797610640174579
5.015 5.824214366964253
5.025 5.91250225451577
5.035 6.06401446638268
5.045 6.2783023921831465
5.055 6.552967041770055
5.065 6.883782714647453
5.075 7.2648931530324505
5.085 7.689063882865821
5.095 8.147972293311971
5.105 8.630934273166453
5.115 9.132078245583786
5.125 9.639357665065294
5.135 10.143159373413093
5.145 10.635860449114844
5.155 11.106031904821144
5.165 11.546666701722815
5.175 11.950357021116183
5.185 12.310492133788587
5.195 12.621295862213593
5.205 12.87784815287271
5.215 13.076100989823356
5.225 13.212897506072084
5.235 13.286000686232658
5.245 13.294134777026267
5.255 13.237038792799147
5.265 13.115527733548578
5.275 12.931553744311216
5.285 12.688256825066627
5.295 12.388531832663057
5.305 12.04136395732694
5.315 11.651357636064608
5.325 11.226340240053913
5.335 10.775011564088839
5.345 10.306723572931872
5.355 9.831204247658658
5.365 9.358235368868883
5.375 8.900434096860497
5.385 8.46186292645638
5.395 8.052593152906807
5.405 7.679315037440535
5.415 7.3471688922828315
5.425 7.059558908842983
5.435 6.818056633580303
5.445 6.622404410483412
5.455 6.4706226783783425
5.465 6.359217932351646
5.475 6.283480939185736
5.485 6.237857977982168
5.495 6.216371993470837
5.505 6.213066087170522
5.515 6.222439129389036
5.525 6.239842730030749
5.535 6.261810487270069
5.545 6.2862943055773
5.555 6.311471067690932
5.565 6.341459474822276
5.575 6.376799742560113
5.585 6.42115478710979
5.595 6.4789846170090275
5.605 6.555111479165193
5.615 6.654230888912442
5.625 6.780403616591858
5.635 6.936566105396071
5.645 7.124096535455587
5.655 7.34262921041527
5.665 7.590316530334238
5.675 7.861492088134097
5.685 8.149301956343614
5.695 8.444984004147791
5.705 8.738237895125227
5.715 9.017715906073615
5.725 9.271604950908355
5.735 9.487033300513666
5.745 9.656057456895336
5.755 9.76751430661633
5.765 9.814059988920254
5.775 9.790775206908322
5.785 9.695478520387777
5.795 9.528884626752625
5.805 9.294599083168698
5.815 8.998951876802215
5.825 8.650682701942706
5.835 8.260499961259457
5.845 7.840542730344725
5.855 7.403779771137211
5.865 6.963381944655675
5.875 6.532104085107285
5.885 6.121709794421751
5.895 5.742468101842801
5.905 5.4040602328469065
5.915 5.110658518753038
5.925 4.867009271231227
5.935 4.674578079990512
5.945 4.532498975005183
5.955 4.43662235270595
5.965 4.384714700811124
5.975 4.368727536446272
5.985 4.381193359391226
5.995 4.413976303347505
6.005 4.458733618777355
6.015 4.5073648697332995
6.025 4.552427327180149
6.035 4.587498071894414
6.045 4.607466188905808
6.055 4.608742068270053
6.065 4.589375106178624
6.075 4.549075857971577
6.085 4.489143712506747
6.095 4.412306176689712
6.105 4.322480596887848
6.115 4.224473315691265
6.125 4.123634605812781
6.135 4.025490021275183
6.1450000000000005 3.935369907466237
6.155 3.85805864145805
6.165 3.79748374013962
6.175 3.756462365093925
6.185 3.73442789054344
6.195 3.736403789449528
6.205 3.7580770407152904
6.215 3.796899685549586
6.225 3.8491090191371278
6.235 3.9099501666054524
6.245 3.9739516884788335
6.255 4.035237161933427
6.265 4.087853701572468
6.275 4.12609765159294
6.285 4.1459881919064285
6.295 4.141418530783075
6.305 4.109934749750373
6.315 4.049501330185958
6.325 3.959364148537965
6.335 3.8400627229076156
6.345 3.6933754260080236
6.355 3.5222052043339795
6.365 3.3304167126760236
6.375 3.1226381198279762
6.385 2.9040420187848888
6.3950000000000005 2.680119845500478
6.405 2.4564630484580654
6.415 2.238562133023433
6.425 2.031631887909461
6.435 1.840467898029352
6.445 1.669336191297365
6.455 1.5218948760321738
6.465 1.4001930234515578
6.475 1.309877645478925
6.485 1.2495131904159067
6.495 1.2208653640010056
6.505 1.225385406428492
6.515 1.2611104200232581
6.525 1.327900849469867
6.535 1.4242911379545837
6.545 1.548250153966157
6.555 1.6972183905807363
6.565 1.8681578854410732
6.575 2.0576193908092266
6.585 2.2618304367415467
6.595 2.4768062186559963
6.605 2.698482839018653
6.615 2.9228695692918523
6.625 3.1462137737497113
6.635 3.3651692980556756
6.6450000000000005 3.5769568305147845
6.655 3.779503323309619
6.665 3.9715472798090645
6.675 4.152697737351157
6.685 4.323437142099474
6.695 4.486158502423283
6.705 4.641186930860039
6.715 4.790938135954022
6.725 4.941428239965285
6.735 5.092596782434171
6.745 5.2479173666327075
6.755 5.409611332838691
6.765 5.579143229941897
6.775 5.757027478471819
6.785 5.942703110953466
6.795 6.134490966809143
6.805 6.329641460147984
6.815 6.5244737294239386
6.825 6.714599229744438
6.835 6.895215321163295
6.845 7.0614478244939605
6.855 7.20871648510208
6.865 7.333094308855282
6.875 7.431631145049815
6.885 7.50261381341728
6.8950000000000005 7.545739407361385
6.905 7.562184835836202
6.915 7.555733624012217
6.925 7.528507036105445
6.935 7.486273138260186
6.945 7.434721036432478
6.955 7.379841988214185
6.965 7.327500564724195
6.975 7.2830091362812315
6.985 7.250738733787757
6.995 7.233796736805388
