0.005 0.0
0.015 0.0
0.025 0.0
0.034999999999999996 0.0
0.045 0.0
0.055 0.0
0.065 0.0
0.07500000000000001 0.0
0.085 0.0
0.095 0.0
0.10500000000000001 0.0
0.115 0.0
0.125 0.0
0.135 0.0
0.14500000000000002 0.0
0.155 0.0
0.165 0.0
0.17500000000000002 0.0
0.185 0.0
0.195 0.0
0.20500000000000002 0.0
0.215 0.0
0.225 0.0
0.23500000000000001 0.0
0.245 0.0
0.255 0.0
0.265 0.0
0.275 0.0
0.28500000000000003 0.0
0.295 0.0
0.305 0.0
0.315 0.0
0.325 0.0
0.335 0.0
0.34500000000000003 0.0
0.35500000000000004 0.0
0.365 0.0
0.375 0.0
0.385 0.0
0.395 0.0
0.405 0.0
0.41500000000000004 0.0
0.425 0.0
0.435 0.0
0.445 0.0
0.455 0.0
0.465 0.0
0.47500000000000003 0.0
0.485 0.0
0.495 0.0
0.505 0.0
0.515 0.0
0.525 0.0
0.535 0.0
0.545 0.0
0.555 0.0
0.5650000000000001 0.0
0.5750000000000001 0.0
0.585 0.0
0.595 0.0
0.605 0.0
0.615 0.0
0.625 0.0
0.635 0.0
0.645 0.0
0.655 0.0
0.665 0.0
0.675 0.0
0.685 0.0
0.6950000000000001 0.0
0.7050000000000001 0.0
0.715 0.0
0.725 0.0
0.735 0.0
0.745 0.0
0.755 0.0
0.765 0.0
0.775 0.0
0.785 0.0
0.795 0.0
0.805 0.0
0.8150000000000001 0.0
0.8250000000000001 0.0
0.8350000000000001 0.0
0.845 0.0
0.855 0.0
0.865 0.0
0.875 0.0
0.885 0.0
0.895 0.0
0.905 0.0
0.915 0.0
0.925 0.0
0.935 0.0
0.9450000000000001 0.0
0.9550000000000001 0.0
0.965 0.0
0.975 0.0
0.985 0.0
0.995 0.0
1.005 0.0
1.015 0.0
1.025 0.0
1.035 0.0
1.045 0.0
1.055 0.0
1.065 0.0
1.075 0.0
1.085 0.0
1.095 0.0
1.105 0.0
1.115 0.0
1.125 0.0
1.135 0.0
1.145 0.0
1.155 0.0
1.1649999999999998 0.0
1.1749999999999998 0.0
1.1849999999999998 0.0
1.1949999999999998 0.0
1.2049999999999998 0.0
1.2149999999999999 0.0
1.2249999999999999 0.0
1.2349999999999999 0.0
1.2449999999999999 0.0
1.255 0.0
1.265 0.0
1.275 0.0
1.285 0.0
1.295 0.0
1.305 0.0
1.315 0.0
1.325 0.0
1.335 0.0
1.345 0.0
1.355 0.0
1.365 0.0
1.375 0.0
1.385 0.0
1.395 0.0
1.405 0.0
1.4149999999999998 0.0
1.4249999999999998 0.0
1.4349999999999998 0.0
1.4449999999999998 0.0
1.4549999999999998 0.0
1.4649999999999999 0.0
1.4749999999999999 0.0
1.4849999999999999 0.0
1.4949999999999999 0.0
1.505 0.0
1.515 0.0
1.525 0.0
1.535 0.0
1.545 0.0
1.555 0.0
1.565 0.0
1.575 0.0
1.585 0.0
1.595 0.0
1.605 0.0
1.615 0.0
1.625 0.0
1.635 0.0
1.645 0.0
1.655 0.0
1.665 0.0
1.6749999999999998 0.0
1.6849999999999998 0.0
1.6949999999999998 0.0
1.7049999999999998 0.0
1.7149999999999999 0.0
1.7249999999999999 0.0
1.7349999999999999 0.0
1.7449999999999999 0.0
1.755 0.0
1.765 0.0
1.775 0.0
1.785 0.0
1.795 0.0
1.805 0.0
1.815 0.0
1.825 0.0
1.835 0.0
1.845 0.0
1.855 0.0
1.865 0.0
1.875 0.0
1.885 0.0
1.895 0.0
1.905 0.0
1.915 0.0
1.9249999999999998 0.0
1.9349999999999998 0.0
1.9449999999999998 0.0
1.9549999999999998 0.0
1.9649999999999999 0.0
1.9749999999999999 0.0
1.9849999999999999 0.0
1.9949999999999999 0.0
2.005 0.0
2.015 0.0
2.025 0.0
2.035 0.0
2.045 0.0
2.0549999999999997 0.0
2.065 0.0
2.0749999999999997 0.0
2.085 0.0
2.0949999999999998 0.0
2.105 0.008332042344123497
2.1149999999999998 0.012367951933700546
2.125 0.01817611928866203
2.135 0.02644609751607954
2.145 0.038095973932792765
2.155 0.05433174102896062
2.165 0.07671587065088614
2.175 0.10724421377037673
2.185 0.14842927846231233
2.195 0.20338660083161236
2.205 0.2759193479646117
2.215 0.37059454912280065
2.225 0.4928025592522986
2.235 0.6487896859089197
2.245 0.8456525733792047
2.255 1.091282190538259
2.265 1.3942453853525958
2.275 1.763593213697868
2.285 2.2085878436356534
2.295 2.7383439134262844
2.305 3.3613857902201225
2.315 4.08512908068498
2.3249999999999997 4.915302640182068
2.335 5.855335673621623
2.3449999999999998 6.905742601214668
2.355 8.063545325651122
2.3649999999999998 9.321777473102438
2.375 10.669117213503187
2.385 12.089693666069785
2.395 13.563106192345396
2.405 15.064685957219202
2.415 16.566015312549947
2.425 18.035703597960136
2.435 19.440399058294155
2.445 20.745997292688568
2.455 21.91898873167332
2.465 22.927872874355522
2.475 23.74455702953485
2.485 24.345653352536697
2.495 24.71359078476548
2.505 24.837468174084815
2.515 24.71359078476548
2.525 24.345653352536697
2.535 23.74455702953485
2.545 22.927872874355522
2.555 21.91898873167332
2.565 20.745997292688568
2.5749999999999997 19.440399058294155
2.585 18.035703597960136
2.5949999999999998 16.566015312549947
2.605 15.064685957219202
2.6149999999999998 13.563106192345396
2.625 12.089693666069785
2.635 10.669117213503187
2.645 9.321777473102438
2.655 8.063545325651122
2.665 6.905742601214668
2.675 5.855335673621623
2.685 4.915302640182068
2.695 4.08512908068498
2.705 3.3613857902201225
2.715 2.7383439134262844
2.725 2.2085878436356534
2.735 1.763593213697868
2.745 1.3942453853525958
2.755 1.091282190538259
2.765 0.8456525733792047
2.775 0.6487896859089197
2.785 0.4928025592522986
2.795 0.37059454912280065
2.805 0.2759193479646117
2.815 0.20338660083161236
2.8249999999999997 0.14842927846231233
2.835 0.10724421377037673
2.8449999999999998 0.07671587065088614
2.855 0.05433174102896062
2.8649999999999998 0.038095973932792765
2.875 0.02644609751607954
2.885 0.01817611928866203
2.895 0.012367951933700546
2.905 0.008332042344123497
2.915 0.0
2.925 0.0
2.935 0.0
2.945 0.0
2.955 0.0
2.965 0.0
2.975 0.0
2.985 0.0
2.995 0.0
3.005 0.0
3.015 0.0
3.025 0.0
3.035 0.0
3.045 0.0
3.055 0.0
3.065 0.0
3.075 0.0
3.085 0.0
3.0949999999999998 0.0
3.105 0.0
3.1149999999999998 0.0
3.125 0.0
3.135 0.0
3.145 0.0
3.155 0.0
3.165 0.0
3.175 0.0
3.185 0.0
3.195 0.0
3.205 0.0
3.215 0.0
3.225 0.0
3.235 0.0
3.245 0.0
3.255 0.0
3.265 0.0
3.275 0.0
3.285 0.0
3.295 0.0
3.305 0.0
3.315 0.0
3.325 0.0
3.335 0.0
3.3449999999999998 0.0
3.355 0.0
3.3649999999999998 0.0
3.375 0.0
3.385 0.0
3.395 0.0
3.405 0.003611253147466322
3.415 0.005360487081512398
3.425 0.007877848584890868
3.435 0.01146220205667836
3.445 0.016511462626881933
3.455 0.02354832857235069
3.465 0.033250002569181085
3.475 0.04648152140020902
3.485 0.06779590860449435
3.495 0.09329331027228693
3.505 0.12714502769168537
3.515 0.17161717405886173
3.525 0.2294277197725538
3.535 0.3037853170780477
3.545 0.3984153758613631
3.555 0.5175677581944215
3.565 0.6660000649193708
3.575 0.8489304708360437
3.585 1.0719545340282541
3.5949999999999998 1.3409214473701354
3.605 1.661766868724211
3.6149999999999998 2.0403017632529905
3.625 2.4819595572584583
3.635 2.991507209825407
3.645 3.5727293589750024
3.655 4.228098234568626
3.665 4.958445247734343
3.675 5.76265274282432
3.685 6.637386019842475
3.695 7.57688613369038
3.705 8.572842958784829
3.715 9.61436548532564
3.725 10.688062322010557
3.735 11.778240085546066
3.745 12.86722105113731
3.755 13.935774517181667
3.765 14.963649273262421
3.775 15.93018786016814
3.785 16.814997472750736
3.795 17.59864782849539
3.805 18.263363465130993
3.815 18.793676979572126
3.825 19.177010781614186
3.835 19.404157970197627
3.8449999999999998 19.46963777172641
3.855 19.371907311364883
3.8649999999999998 19.113418923869197
3.875 18.700520285555648
3.885 18.143202861409847
3.895 17.454712004688496
3.905 16.651039042132275
3.915 15.750321405564836
3.925 14.77218099435771
3.935 13.737033243754812
3.945 12.668169137614914
3.955 11.581366405662763
3.965 10.49748079698415
3.975 9.43393980787263
3.985 8.406205392612058
3.995 7.4275061534689195
4.005 6.508689826851157
4.015 5.6581929130084605
4.025 4.882118062800279
4.035 4.184404552740249
4.045 3.567073106683991
4.055 3.0305236126583
4.065 2.573862984620383
4.075 2.1952404840136666
4.085 1.8921691200513586
4.095 1.6618141116375054
4.1049999999999995 1.5012326086649457
4.115 1.407552718673978
4.125 1.3780841566199666
4.135 1.4103573368703066
4.145 1.5020922803574352
4.155 1.6511031500612203
4.165 1.8551483906942476
4.175 2.111740162377391
4.185 2.4179298390797754
4.195 2.7700885947215483
4.205 3.1637033251603452
4.215 3.5907995494492817
4.225 4.050280070995331
4.235 4.530708271752297
4.245 5.0230549199722105
4.255 5.517224927405097
4.265 6.002283239609401
4.275 6.4667626683467185
4.285 6.899040873616014
4.295 7.285456966769129
4.305 7.6207909594065635
4.315 7.8945931334956905
4.325 8.095525357657701
4.335 8.219460220908754
4.345 8.262969021286805
4.355 8.225082839771725
4.365 8.107370142488909
4.375 7.913895292564054
4.385 7.651061930257615
4.395 7.3273529181105745
4.405 6.952985132518236
4.415 6.539502233439376
4.425 6.0993312664976465
4.435 5.645329381602334
4.445 5.190345166407803
4.455 4.746815395566852
4.465 4.326412878419781
4.475 3.9397551648269493
4.485 3.5961778103838844
4.495 3.303570353932659
4.505 3.068268673899042
4.515 2.8949943663674653
4.525 2.7868304387999165
4.535 2.7452229460721425
4.545 2.7700000197636996
4.555 2.859402698089199
4.565 3.0101255699263336
4.575 3.21736895407815
4.585 3.474907594429032
4.595 3.7751831744016657
4.605 4.109428968459381
4.615 4.467834442702935
4.625 4.839755565026038
4.635 5.213973153273597
4.645 5.57899711850635
4.655 5.923409430915889
4.665 6.236233616891457
4.675 6.507314179951361
4.685 6.7276860744615945
4.695 6.889912689482212
4.705 6.988370999035788
4.715 7.019464685585184
4.725 6.98175001639965
4.735 6.8759647202871585
4.745 6.704956584317191
4.755 6.47166823323713
4.765 6.186898534233964
4.775 5.855807574547626
4.785 5.487286749907528
4.795 5.090794539843685
4.805 4.675957322210288
4.815 4.2521890315465845
4.825 3.828350059773733
4.835 3.4124616303060002
4.845 3.011486818933824
4.855 2.6311839515412645
4.865 2.276032775358406
4.875 1.949229013267091
4.885 1.6527390081746667
4.895 1.3874033639113603
4.905 1.1530768791775814
4.915 0.948791619590386
4.925 0.7729305467329476
4.935 0.6234005163190404
4.945 0.4977954230637234
4.955 0.39354255055278364
4.965 0.3080275403089436
4.975 0.23869562281177226
4.985 0.18312870205438425
4.995 0.13909945704288132
5.005 0.10460477446433337
5.015 0.07788155878844354
5.025 0.05740831741701746
5.035 0.04189595134144584
5.045 0.032034455223060386
5.055 0.024271666683371104
5.065 0.01918278045672242
5.075 0.016350388115702823
5.085 0.015527777184371021
5.095 0.016629791170930625
5.105 0.019727987467232155
5.115 0.025050155085741262
5.125 0.031415192350936476
5.135 0.043046959824375744
5.145 0.05839858200115253
5.155 0.07843667479564993
5.165 0.10430211175536795
5.175 0.13731692957941266
5.185 0.1789831395125834
5.195 0.23097087232432695
5.205 0.2950933092110848
5.215 0.3732661144155078
5.225 0.467449634267212
5.235 0.5795729902786371
5.245 0.7114403725426872
5.255 0.8646213009834748
5.265 1.040328293070515
5.275 1.2409105809835432
5.285 1.4640165341921245
5.295 1.710198217421033
5.305 1.9781155456927477
5.315 2.265551125967262
5.325 2.569380850693586
5.335 2.8855913423809096
5.345 3.2093502965877785
5.355 3.5351326360483952
5.365 3.856901538365976
5.375 4.168339093536494
5.385 4.463116926391572
5.395 4.735192977389817
5.405 4.9806687242326095
5.415 5.1926295142663195
5.425 5.368792803744087
5.435 5.5072372542533685
5.445 5.6075901197498945
5.455 5.671098644346522
5.465 5.700611696748192
5.475 5.700469081346136
5.485 5.676302469010607
5.495 5.634758299520926
5.505 5.5831587738277495
5.515 5.52912167587785
5.525 5.480162833658996
5.535 5.4433062751531205
5.545 5.424726445527311
5.555 5.429444287083565
5.565 5.46109476894723
5.575 5.521777959594006
5.585 5.611999442804024
5.595 5.730699333144723
5.605 5.875362912865322
5.615 6.042200514062905
5.625 6.226380148941103
5.635 6.422293861301695
5.645 6.623837992368031
5.655 6.824688510970705
5.665 7.018555070457178
5.675 7.199401191405873
5.685 7.361622485502875
5.695 7.5001796217172085
5.705 7.610687272488702
5.715 7.6894640959407425
5.725 7.733551543649279
5.735 7.740710709238581
5.745 7.709406494908341
5.755 7.638787184121479
5.765 7.528665332509087
5.775 7.379503100924918
5.785 7.19240218948019
5.795 6.969095824805358
5.805 6.7119381830727995
5.815 6.423885471485179
5.825 6.108462776454277
5.835 5.769711703356344
5.845 5.412115625621077
5.855 5.039325559054487
5.865 4.6591452796049015
5.875 4.275008970099799
5.885 3.8920403435460256
5.895 3.515145227447718
5.905 3.1488732625017835
5.915 2.7972938967836862
5.925 2.463894217840346
5.935 2.15150436678476
5.945 1.8622540326973525
5.955 1.597561092132688
5.965 1.359441632150366
5.975 1.1460198800652361
5.985 0.9577400505794458
5.995 0.7950017606191453
6.005 0.6546299766792086
6.015 0.5360687884023227
6.025 0.43779557780038747
6.035 0.35828411886461287
6.045 0.2961069098511114
6.055 0.25002653418357323
6.065 0.21907398672333872
6.075 0.2026125453138624
6.085 0.1993033698598643
6.095 0.21183651050711416
6.105 0.23922532920101297
6.115 0.2825153775012733
6.125 0.34314154356372656
6.135 0.4228864298718889
6.1450000000000005 0.5238152641372202
6.155 0.6481864214412081
6.165 0.7995504592806651
6.175 0.9783475917185379
6.185 1.1875226456719092
6.195 1.4288441682433537
6.205 1.7035349428324371
6.215 2.0110582938800916
6.225 2.3534404094835013
6.235 2.727745646532241
6.245 3.1314246416685654
6.255 3.560702266223023
6.265 4.010574117201099
6.275 4.474868357825774
6.285 4.94637749803682
6.295 5.417060012747611
6.305 5.878306392583991
6.315 6.32125873533168
6.325 6.737167817195779
6.335 7.117767258154281
6.345 7.455641411759892
6.355 7.744562373974299
6.365 7.97977228175492
6.375 8.15818993842062
6.385 8.278525628727376
6.3950000000000005 8.341294432355511
6.405 8.348725885597002
6.415 8.304575815541222
6.425 8.213853845680385
6.435 8.082486718926768
6.445 7.916942560665691
6.455 7.723844024135509
6.465 7.509598648101846
6.475 7.280072680686983
6.485 7.040330299047305
6.495 6.794454021790198
6.505 6.545454783757586
6.515 6.295272341900642
6.525 6.044859155037969
6.535 5.794334325601879
6.545 5.543189180062869
6.555 5.29052298884135
6.565 5.035286365421424
6.575 4.776510996305186
6.585 4.513507292540466
6.595 4.2460159085028195
6.605 3.974304322143871
6.615 3.6992052428862
6.625 3.4220989544349028
6.635 3.144846328393401
6.6450000000000005 2.8696827958365634
6.655 2.5990858168293283
6.665 2.3356292735667674
6.675 2.081837805826908
6.685 1.8400526014233385
6.695 1.6123178276965753
6.705 1.400294066208839
6.715 1.2052021205094363
6.725 1.0277977052993112
6.735 0.8683750372081469
6.745 0.7267954020754768
6.755 0.6025354609949237
6.765 0.49474939138904683
6.775 0.40147813079225053
6.785 0.3234570926774034
6.795 0.25804883018552416
6.805 0.20299517163724987
6.815 0.1588852420816624
6.825 0.12312279537162041
6.835 0.09446054118676692
6.845 0.07174959383021214
6.855 0.053956717301945546
6.865 0.04017248038726682
6.875 0.029612074300743613
6.885 0.02161056236871134
6.8950000000000005 0.01561422243898195
6.905 0.01116944799938455
6.915 0.00791043041016434
6.925 0.005546583727956727
6.935 0.0038504198477618567
6.945 0.0026463522802106917
6.955 0.0018007120926908252
6.965 0.0012131037932798662
6.975 0.0
6.985 0.0
6.995 0.0
