0.005 0.0
0.015 0.0
0.025 0.0
0.034999999999999996 0.0
0.045 0.0
0.055 0.0
0.065 0.0
0.07500000000000001 0.0
0.085 0.0
0.095 0.0
0.10500000000000001 0.0
0.115 0.0
0.125 0.0
0.135 0.0
0.14500000000000002 0.0
0.155 0.0
0.165 0.0
0.17500000000000002 0.0
0.185 0.0
0.195 0.0
0.20500000000000002 0.0
0.215 0.0
0.225 0.0
0.23500000000000001 0.0
0.245 0.0
0.255 0.0
0.265 0.0
0.275 0.0
0.28500000000000003 0.0
0.295 0.0
0.305 0.0
0.315 0.0
0.325 0.0
0.335 0.0
0.34500000000000003 0.0
0.35500000000000004 0.0
0.365 0.0
0.375 0.0
0.385 0.0
0.395 0.0
0.405 0.0
0.41500000000000004 0.0
0.425 0.0
0.435 0.0
0.445 0.0
0.455 0.0
0.465 0.0
0.47500000000000003 0.0
0.485 0.0
0.495 0.0
0.505 0.0
0.515 0.0
0.525 0.0
0.535 0.0
0.545 0.0
0.555 0.0
0.5650000000000001 0.0
0.5750000000000001 0.0
0.585 0.0
0.595 0.0
0.605 0.0
0.615 0.0
0.625 0.0
0.635 0.0
0.645 0.0
0.655 0.0
0.665 0.0
0.675 0.0
0.685 0.0
0.6950000000000001 0.0
0.7050000000000001 0.0
0.715 0.0
0.725 0.0
0.735 0.0
0.745 0.0
0.755 0.0
0.765 0.0
0.775 0.0
0.785 0.0
0.795 0.0
0.805 0.0
0.8150000000000001 0.0
0.8250000000000001 0.0
0.8350000000000001 0.0
0.845 0.0
0.855 0.0
0.865 0.0
0.875 0.0
0.885 0.0
0.895 0.0
0.905 0.0
0.915 0.0
0.925 0.0
0.935 0.0
0.9450000000000001 0.0
0.9550000000000001 0.0
0.965 0.0
0.975 0.0
0.985 0.0
0.995 0.0
1.005 0.0
1.015 0.0
1.025 0.0
1.035 0.0
1.045 0.0
1.055 0.0
1.065 0.0
1.075 0.0
1.085 0.0
1.095 0.0
1.105 0.0
1.115 0.0
1.125 0.0
1.135 0.0
1.145 0.0
1.155 0.0
1.1649999999999998 0.0
1.1749999999999998 0.0
1.1849999999999998 0.0
1.1949999999999998 0.0
1.2049999999999998 0.0
1.2149999999999999 0.0
1.2249999999999999 0.0
1.2349999999999999 0.0
1.2449999999999999 0.0
1.255 0.0
1.265 0.0
1.275 0.0
1.285 0.0
1.295 0.0
1.305 0.0
1.315 0.0
1.325 0.0
1.335 0.0
1.345 0.0
1.355 0.0
1.365 0.0
1.375 0.0
1.385 0.0
1.395 0.0
1.405 0.0
1.4149999999999998 0.0
1.4249999999999998 0.0
1.4349999999999998 0.0
1.4449999999999998 0.0
1.4549999999999998 0.0
1.4649999999999999 0.0
1.4749999999999999 0.0
1.4849999999999999 0.0
1.4949999999999999 0.0
1.505 0.0
1.515 0.0
1.525 0.0
1.535 0.0
1.545 0.0
1.555 0.0
1.565 0.0
1.575 0.0
1.585 0.0
1.595 0.0
1.605 0.0
1.615 0.0
1.625 0.0
1.635 0.0
1.645 0.0
1.655 0.0
1.665 0.0
1.6749999999999998 0.0
1.6849999999999998 0.0
1.6949999999999998 0.0
1.7049999999999998 0.0
1.7149999999999999 0.0
1.7249999999999999 0.0
1.7349999999999999 0.0
1.7449999999999999 0.0
1.755 0.0
1.765 0.0
1.775 0.0
1.785 0.0
1.795 0.0
1.805 0.0
1.815 0.0
1.825 0.0
1.835 0.01046674698761889
1.845 0.015536673758790571
1.855 0.022832918263477456
1.865 0.03322170004403882
1.875 0.047856324287969355
1.885 0.06825176388452286
1.895 0.09637080260448344
1.905 0.1347206369171099
1.915 0.18645749013932592
1.9249999999999998 0.2554951119610839
1.9349999999999998 0.3466110570322808
1.9449999999999998 0.4655424469121687
1.9549999999999998 0.619060668382559
1.9649999999999999 0.8150123595296913
1.9749999999999999 1.0623123550532163
1.9849999999999999 1.3708733235752706
1.9949999999999999 1.7514569759037846
2.005 2.2154332868790902
2.015 2.7744374313662923
2.025 3.439919256667458
2.035 4.222587109008808
2.045 5.1317565049883145
2.0549999999999997 6.174624057047193
2.065 7.355497546961118
2.0749999999999997 8.675023191584458
2.085 10.129459892425183
2.0949999999999998 11.710056461086369
2.105 13.402590366544127
2.1149999999999998 15.187124540937827
2.125 17.03803161557506
2.135 18.92432249499518
2.145 20.810298808883555
2.155 22.656527476324886
2.165 24.421111880812774
2.175 26.061209929105377
2.185 27.53472675768409
2.195 28.80209130351157
2.205 29.828013408562818
2.215 30.58311316300486
2.225 31.0453177283872
2.235 31.200933031087473
2.245 31.0453177283872
2.255 30.58311316300486
2.265 29.828013408562818
2.275 28.80209130351157
2.285 27.53472675768409
2.295 26.061209929105377
2.305 24.421111880812774
2.315 22.656527476324886
2.3249999999999997 20.810298808883555
2.335 18.92432249499518
2.3449999999999998 17.03803161557506
2.355 15.187124540937827
2.3649999999999998 13.402590366544127
2.375 11.710056461086369
2.385 10.129459892425183
2.395 8.675023191584458
2.405 7.355497546961118
2.415 6.174624057047193
2.425 5.1317565049883145
2.435 4.222587109008808
2.445 3.439919256667458
2.455 2.7744374313662923
2.465 2.2154332868790902
2.475 1.7514569759037846
2.485 1.3708733235752706
2.495 1.0623123550532163
2.505 0.8150123595296913
2.515 0.619060668382559
2.525 0.4655424469121687
2.535 0.3466110570322808
2.545 0.2554951119610839
2.555 0.18645749013932592
2.565 0.1347206369171099
2.5749999999999997 0.09637080260448344
2.585 0.06825176388452286
2.5949999999999998 0.047856324287969355
2.605 0.03322170004403882
2.6149999999999998 0.022832918263477456
2.625 0.015536673758790571
2.635 0.01046674698761889
2.645 0.0
2.655 0.0
2.665 0.0
2.675 0.0
2.685 0.0
2.695 0.0
2.705 0.0
2.715 0.0
2.725 0.0
2.735 0.0
2.745 0.0
2.755 0.0
2.765 0.0
2.775 0.0
2.785 0.0
2.795 0.0
2.805 0.0
2.815 0.0
2.8249999999999997 0.0
2.835 0.0
2.8449999999999998 0.0
2.855 0.0
2.8649999999999998 0.0
2.875 0.0
2.885 0.0
2.895 0.0
2.905 0.0
2.915 0.0
2.925 0.0
2.935 0.0
2.945 0.0
2.955 0.0
2.965 0.0
2.975 0.0
2.985 0.0
2.995 0.0
3.005 0.0
3.015 0.0
3.025 0.0
3.035 0.0
3.045 0.0
3.055 0.0
3.065 0.0
3.075 0.0
3.085 0.0
3.0949999999999998 0.0
3.105 0.0
3.1149999999999998 0.0
3.125 0.0
3.135 0.0
3.145 0.0
3.155 0.0
3.165 0.0
3.175 0.0
3.185 0.0
3.195 0.0
3.205 0.0
3.215 0.0
3.225 0.003978791746018484
3.235 0.0059060555667564555
3.245 0.008679623844132487
3.255 0.012628778175328197
3.265 0.018191931867369365
3.275 0.025944981293248962
3.285 0.03663405205203351
3.295 0.05121222083787962
3.305 0.07087928308835946
3.315 0.09712299760578139
3.325 0.1317594869189166
3.335 0.17696963988777656
3.3449999999999998 0.23532750725309665
3.355 0.3098158819388344
3.3649999999999998 0.4038236173071709
3.375 0.5211188797369654
3.385 0.665792587465401
3.395 0.8421668820423466
3.405 1.054664717206105
3.415 1.3076385969383362
3.425 1.6051591536550898
3.435 1.9507675545015886
3.445 2.34719949397912
3.455 2.796092516837068
3.465 3.297692273638052
3.475 3.8505766365883316
3.485 4.451418960245659
3.495 5.0948127425600385
3.505 5.773179177897063
3.515 6.476776370026114
3.525 7.193824235089115
3.535 7.910752522336508
3.545 8.612571281495162
3.555 9.283354082687776
3.565 9.906815085894099
3.575 10.466952500327011
3.585 10.948723923683257
3.5949999999999998 11.338714281572324
3.605 11.625755200202388
3.6149999999999998 11.801455989749579
3.625 11.860611034069501
3.635 11.801455989749579
3.645 11.625755200202388
3.655 11.338714281572324
3.665 10.948723923683257
3.675 10.466952500327011
3.685 9.906815085894099
3.695 9.283354082687776
3.705 8.612571281495162
3.715 7.910752522336508
3.725 7.193824235089115
3.735 6.476776370026114
3.745 5.773179177897063
3.755 5.0948127425600385
3.765 4.451418960245659
3.775 3.8505766365883316
3.785 3.300677493855748
3.795 2.8005237305346338
3.805 2.353711669090429
3.815 1.9602427133790334
3.825 1.6188082527474885
3.835 1.3271046780122864
3.8449999999999998 1.082150627457956
3.855 0.8805905460080093
3.8649999999999998 0.7189721159247446
3.875 0.5939886237606835
3.885 0.5026805340124103
3.895 0.4425932125040952
3.905 0.4118897596341132
3.915 0.4094192611711036
3.925 0.43474152360755586
3.935 0.4881096877663722
3.945 0.5704122116169656
3.955 0.6830758024045344
3.965 0.8279311687823063
3.975 1.0070441255062201
3.985 1.2225157226027148
3.995 1.476256712346953
4.005 1.769743743725436
4.015 2.1037670255871315
4.025 2.478181583801252
4.035 2.8890225875318216
4.045 3.339824430584895
4.055 3.822551914079596
4.065 4.33151878820693
4.075 4.859415872833145
4.085 5.3974047700867045
4.095 5.935303950125712
4.1049999999999995 6.461866706544285
4.115 6.965143708113156
4.125 7.432915964245734
4.135 7.853177601695482
4.145 8.214642560184595
4.155 8.507245736071363
4.165 8.722607687210942
4.175 8.854433020805327
4.185 8.898816051020283
4.195 8.854433020805327
4.205 8.722607687210942
4.215 8.507245736071363
4.225 8.214642560184595
4.235 7.853177601695482
4.245 7.432915964245734
4.255 6.965143708113156
4.265 6.461866706544285
4.275 5.935303950125712
4.285 5.3974047700867045
4.295 4.859415872833145
4.305 4.33151878820693
4.315 3.822551914079596
4.325 3.339824430584895
4.335 2.8890225875318216
4.345 2.4742027920552334
4.355 2.097860970020375
4.365 1.7610641198813035
4.375 1.4636279341716247
4.385 1.2043237907353455
4.395 0.9810991442129711
4.405 0.7912971167302728
4.415 0.6318635815666548
4.425 0.49953292852860615
4.435 0.3909866901605908
4.445 0.30298203668863927
4.455 0.23244962128332702
4.465 0.17656225238101653
4.475 0.13277733056526078
4.485 0.09885691670523941
4.495 0.07286974402371818
4.505 0.05535267659541956
4.515 0.04164945070338319
4.525 0.032226572639519856
4.535 0.026363704147611734
4.545 0.023585221752941594
4.555 0.02364586479447884
4.565 0.026521069020735713
4.575 0.034514879024873706
4.585 0.04483392425786974
4.595 0.05975066087768803
4.605 0.08178025688497027
4.615 0.11088764372937421
4.625 0.1489579048893016
4.635 0.1982472274028961
4.645 0.261415865594756
4.655 0.34155189225590404
4.665 0.4421815441440988
4.675 0.5672616248037721
4.685 0.7211493257809009
4.695 0.9085450400493401
4.705 1.1344043313894694
4.715 1.4038162344485339
4.725 1.7218465092567767
4.735 2.093346344058744
4.745 2.5227292354032613
4.755 3.013721277385355
4.765 3.569092726036418
4.775 4.190381299211017
4.785 4.8776200310088536
4.795 5.62908441440233
4.805 6.4410748305013525
4.815 7.307750691121284
4.825 8.221032162420332
4.835 9.17058369275954
4.845 10.143890804921067
4.855 11.126437775212066
4.865 12.10198903643547
4.875 13.05297161883798
4.885 13.960949972617447
4.895 14.807178454560109
4.905 15.573211016057492
4.915 16.241542630013065
4.925 16.79809702327301
4.935 17.2263591076661
4.945 17.51670451801378
4.955 17.661533798484168
4.965 17.656856985633734
4.975 17.502510958020608
4.985 17.202225473124653
4.995 16.763532299489274
5.005 16.197520723824578
5.015 15.518451496793379
5.025 14.743249298098641
5.035 13.890900418637651
5.045 12.981787053723542
5.055 12.03699202309112
5.065 11.077607734325987
5.075 10.124080865323124
5.085 9.195619855063391
5.095 8.309686342665746
5.105 7.481584796463395
5.115 6.724157404857445
5.125 6.047584523344173
5.135 5.459285166150337
5.145 4.96390762811786
5.155 4.563397565457205
5.165 4.257129788043112
5.175 4.042090456758508
5.185 3.913098005042868
5.195 3.863053466214023
5.205 3.883213487325226
5.215 3.9634816627038463
5.225 4.092715522385273
5.235 4.259047290026475
5.245 4.450216272500653
5.255 4.653909523136635
5.265 4.8581054556587056
5.275 5.051412724052124
5.285 5.223394346298253
5.295 5.364865172386301
5.305 5.468149767032346
5.315 5.525838442038031
5.325 5.53721894790823
5.335 5.4980109220598745
5.345 5.408003960941841
5.355 5.268802743208076
5.365 5.083669970986722
5.375 4.857303183462506
5.385 4.5941498025310095
5.395 4.30420901168882
5.405 3.9912577489243746
5.415 3.666019272599545
5.425 3.33377870374094
5.435 3.0014827198538208
5.445 2.675420077999089
5.455 2.3610499319468325
5.465 2.0628868938318985
5.475 1.7844431513305632
5.485 1.5282241981561828
5.495 1.2957716760514306
5.505 1.0877446307752565
5.515 0.9040292223744645
5.525 0.7438665760651407
5.535 0.6059889099596142
5.545 0.48875516817031583
5.555 0.390278928786464
5.565 0.30854314432290764
5.575 0.2414981193049555
5.585 0.18714087687598344
5.595 0.1435755942229535
5.605 0.10905601894721531
5.615 0.08201168076763057
5.625 0.061060286872671385
5.635 0.04500896470090436
5.645 0.03284704168108869
5.655 0.023732886100807846
5.665 0.016977037326975156
5.675 0.012023483376546382
5.685 0.008430547238494054
5.695 0.005852457658031169
5.705 0.004022331402942945
5.715 0.0027369979621582165
5.725 0.001843860894570819
5.735 0.0
5.745 0.0
5.755 0.0
5.765 0.0
5.775 0.0
5.785 0.0
5.795 0.0
5.805 0.0
5.815 0.0
5.825 0.0
5.835 0.0
5.845 0.0
5.855 0.0
5.865 0.0
5.875 0.0
5.885 0.0
5.895 0.0
5.905 0.0
5.915 0.0
5.925 0.0
5.935 0.0
5.945 0.0
5.955 0.0
5.965 0.0
5.975 0.0
5.985 0.0
5.995 0.0
6.005 0.0
6.015 0.0
6.025 0.0
6.035 0.0
6.045 0.0
6.055 0.0
6.065 0.0
6.075 0.0
6.085 0.0
6.095 0.0
6.105 0.0
6.115 0.0
6.125 0.0
6.135 0.0
6.1450000000000005 0.0
6.155 0.0
6.165 0.0012131037932798662
6.175 0.0018007120926908252
6.185 0.0026463522802106917
6.195 0.0038504198477618567
6.205 0.005546583727956727
6.215 0.00791043041016434
6.225 0.01116944799938455
6.235 0.01561422243898195
6.245 0.02161056236871134
6.255 0.030792588742109193
6.265 0.04192481736118372
6.275 0.056531976814804666
6.285 0.075496574311836
6.295 0.09985811905880779
6.305 0.1308207165127029
6.315 0.17091414151891907
6.325 0.21991108861356806
6.335 0.28032982347179713
6.345 0.35405625248867717
6.355 0.4430840320624132
6.365 0.5494691706291306
6.375 0.6752725071982688
6.385 0.8224908830813886
6.3950000000000005 0.9929787003732877
6.405 1.188362445109252
6.415 1.4099515640588645
6.425 1.6586497365756632
6.435 1.934870996977482
6.445 2.2384652749007294
6.455 2.568657693529667
6.465 2.924005395271922
6.475 3.3023747863182464
6.485 3.7009409780142737
6.495 4.116209957675652
6.505 4.544062767718573
6.515 4.979819837413572
6.525 5.418322710828773
6.535 5.85402983241533
6.545 6.28112282969732
6.555 6.693619861096092
6.565 7.086570782890025
6.575 7.45238717198062
6.585 7.786090943109336
6.595 8.082317767630471
6.605 8.336157886427273
6.615 8.543276353564071
6.625 8.700030471453196
6.635 8.804660395434492
6.6450000000000005 8.853605604053138
6.655 8.846728901108749
6.665 8.784280501367757
6.675 8.667680018236315
6.685 8.499553222283339
6.695 8.283736663988744
6.705 8.025245142462316
6.715 7.730198329498646
6.725 7.40570470509406
6.735 7.05970319003546
6.745 6.700765291750743
6.755 6.337863007084065
6.765 5.980109947782271
6.775 5.636484993734463
6.785 5.315549100461014
6.795 5.025166609419674
6.805 4.772242506956284
6.815 4.562486576185021
6.825 4.4002143525770006
6.835 4.2881933221519235
6.845 4.2275409964131905
6.855 4.21767946495793
6.865 4.256348859073881
6.875 4.339679936761051
6.885 4.463483298385892
6.8950000000000005 4.619355654572804
6.905 4.800428026575693
6.915 4.99828349211267
6.925 5.204034676509041
6.935 5.408647103358547
6.945 5.60445023042027
6.955 5.781312205810963
6.965 5.932565187762679
6.975 6.051060868420921
6.985 6.133709536547937
6.995 6.175900397145408
