0.005 0.0
0.015 0.0
0.025 0.0
0.034999999999999996 0.0
0.045 0.0
0.055 0.0
0.065 0.0
0.07500000000000001 0.0
0.085 0.0
0.095 0.0
0.10500000000000001 0.0
0.115 0.0
0.125 0.0
0.135 0.0
0.14500000000000002 0.0
0.155 0.0
0.165 0.0
0.17500000000000002 0.0
0.185 0.0
0.195 0.0
0.20500000000000002 0.0
0.215 0.0
0.225 0.0
0.23500000000000001 0.0
0.245 0.0
0.255 0.0
0.265 0.0
0.275 0.0
0.28500000000000003 0.0
0.295 0.0
0.305 0.0
0.315 0.0
0.325 0.0
0.335 0.0
0.34500000000000003 0.0
0.35500000000000004 0.0
0.365 0.0
0.375 0.0
0.385 0.0
0.395 0.0
0.405 0.0
0.41500000000000004 0.0
0.425 0.0
0.435 0.0
0.445 0.0
0.455 0.0
0.465 0.0
0.47500000000000003 0.0
0.485 0.0
0.495 0.0
0.505 0.0
0.515 0.0
0.525 0.0
0.535 0.0
0.545 0.0
0.555 0.0
0.5650000000000001 0.0
0.5750000000000001 0.0
0.585 0.0
0.595 0.0
0.605 0.0
0.615 0.0
0.625 0.0
0.635 0.0
0.645 0.0
0.655 0.0
0.665 0.0
0.675 0.0
0.685 0.0
0.6950000000000001 0.0
0.7050000000000001 0.0
0.715 0.0
0.725 0.0
0.735 0.0
0.745 0.0
0.755 0.0
0.765 0.0
0.775 0.0
0.785 0.0
0.795 0.0
0.805 0.0
0.8150000000000001 0.0
0.8250000000000001 0.0
0.8350000000000001 0.0
0.845 0.0
0.855 0.0
0.865 0.0
0.875 0.0
0.885 0.0
0.895 0.0
0.905 0.0
0.915 0.0
0.925 0.0
0.935 0.0
0.9450000000000001 0.0
0.9550000000000001 0.0
0.965 0.0
0.975 0.0
0.985 0.0
0.995 0.0
1.005 0.0
1.015 0.0
1.025 0.0
1.035 0.0
1.045 0.0
1.055 0.0
1.065 0.0
1.075 0.0
1.085 0.0
1.095 0.0
1.105 0.0
1.115 0.0
1.125 0.0
1.135 0.0
1.145 0.0
1.155 0.0
1.1649999999999998 0.0
1.1749999999999998 0.0
1.1849999999999998 0.0
1.1949999999999998 0.0
1.2049999999999998 0.0
1.2149999999999999 0.0
1.2249999999999999 0.0
1.2349999999999999 0.0
1.2449999999999999 0.0
1.255 0.0
1.265 0.0
1.275 0.0
1.285 0.0
1.295 0.0
1.305 0.0
1.315 0.0
1.325 0.0
1.335 0.0
1.345 0.0
1.355 0.0
1.365 0.0
1.375 0.0
1.385 0.0
1.395 0.0
1.405 0.0
1.4149999999999998 0.0
1.4249999999999998 0.0
1.4349999999999998 0.0
1.4449999999999998 0.0
1.4549999999999998 0.0
1.4649999999999999 0.0
1.4749999999999999 0.0
1.4849999999999999 0.0
1.4949999999999999 0.0
1.505 0.0
1.515 0.0
1.525 0.0
1.535 0.0
1.545 0.0
1.555 0.0
1.565 0.0
1.575 0.013403936995903394
1.585 0.019896592172818958
1.595 0.029240316805048534
1.605 0.042544409912061924
1.615 0.061285818446767566
1.625 0.08740464865058702
1.635 0.1234144828267223
1.645 0.1725260896648197
1.655 0.2387813953273335
1.665 0.32719243023058237
1.6749999999999998 0.4438774316451774
1.6849999999999998 0.5961834784686038
1.6949999999999998 0.7927821514609257
1.7049999999999998 1.0437220208858573
1.7149999999999999 1.3604196121246241
1.7249999999999999 1.7555692977296107
1.7349999999999999 2.242952751587486
1.7449999999999999 2.837130603336578
1.755 3.553003103361527
1.765 4.405233167660127
1.775 5.4075341303099425
1.785 6.571835638383864
1.795 7.90735382559183
1.805 9.419605328151523
1.815 11.109417704999059
1.825 12.972000026484379
1.835 14.996145336133766
1.845 17.163639960683504
1.855 19.448952070444477
1.865 21.819262716441408
1.875 24.234886609290122
1.885 26.650107662882895
1.895 29.014427041930386
1.905 31.274191055495223
1.915 33.37453521518713
1.9249999999999998 35.26155195076274
1.9349999999999998 36.88456572411639
1.9449999999999998 38.198383214409986
1.9549999999999998 39.16537988932109
1.9649999999999999 39.757288806287576
1.9749999999999999 39.956573045742324
1.9849999999999999 39.757288806287576
1.9949999999999999 39.16537988932109
2.005 38.198383214409986
2.015 36.88456572411639
2.025 35.26155195076274
2.035 33.37453521518713
2.045 31.274191055495223
2.0549999999999997 29.014427041930386
2.065 26.650107662882895
2.0749999999999997 24.234886609290122
2.085 21.819262716441408
2.0949999999999998 19.448952070444477
2.105 17.163639960683504
2.1149999999999998 14.996145336133766
2.125 12.972000026484379
2.135 11.109417704999059
2.145 9.419605328151523
2.155 7.90735382559183
2.165 6.571835638383864
2.175 5.4075341303099425
2.185 4.405233167660127
2.195 3.553003103361527
2.205 2.837130603336578
2.215 2.242952751587486
2.225 1.7555692977296107
2.235 1.3604196121246241
2.245 1.0437220208858573
2.255 0.7927821514609257
2.265 0.5961834784686038
2.275 0.4438774316451774
2.285 0.32719243023058237
2.295 0.2387813953273335
2.305 0.1725260896648197
2.315 0.1234144828267223
2.3249999999999997 0.08740464865058702
2.335 0.061285818446767566
2.3449999999999998 0.042544409912061924
2.355 0.029240316805048534
2.3649999999999998 0.019896592172818958
2.375 0.013403936995903394
2.385 0.0
2.395 0.0
2.405 0.0
2.415 0.0
2.425 0.0
2.435 0.0
2.445 0.0
2.455 0.0
2.465 0.0
2.475 0.0
2.485 0.0
2.495 0.0
2.505 0.0
2.515 0.0
2.525 0.0
2.535 0.0
2.545 0.0
2.555 0.0
2.565 0.0
2.5749999999999997 0.0
2.585 0.0
2.5949999999999998 0.0
2.605 0.0
2.6149999999999998 0.0
2.625 0.0
2.635 0.0
2.645 0.0
2.655 0.0
2.665 0.0
2.675 0.0
2.685 0.0
2.695 0.0
2.705 0.0
2.715 0.0
2.725 0.0
2.735 0.0
2.745 0.0
2.755 0.0
2.765 0.0
2.775 0.0
2.785 0.0
2.795 0.0
2.805 0.0
2.815 0.0
2.8249999999999997 0.0
2.835 0.0
2.8449999999999998 0.0
2.855 0.0
2.8649999999999998 0.0
2.875 0.0
2.885 0.0
2.895 0.0
2.905 0.0
2.915 0.0
2.925 0.0
2.935 0.0
2.945 0.0
2.955 0.0
2.965 0.0
2.975 0.0
2.985 0.0
2.995 0.0
3.005 0.0
3.015 0.0
3.025 0.0
3.035 0.0
3.045 0.0
3.055 0.0
3.065 0.0
3.075 0.0
3.085 0.0
3.0949999999999998 0.0
3.105 0.0
3.1149999999999998 0.0
3.125 0.0
3.135 0.0
3.145 0.0
3.155 0.0
3.165 0.0
3.175 0.0
3.185 0.0
3.195 0.0
3.205 0.0
3.215 0.0
3.225 0.0
3.235 0.0
3.245 0.0
3.255 0.0
3.265 0.0
3.275 0.0
3.285 0.0
3.295 0.0
3.305 0.0
3.315 0.0
3.325 0.0
3.335 0.0
3.3449999999999998 0.0
3.355 0.0
3.3649999999999998 0.0
3.375 0.0
3.385 0.0
3.395 0.0
3.405 0.0
3.415 0.0
3.425 0.0
3.435 0.0
3.445 0.0
3.455 0.0
3.465 0.0
3.475 0.0
3.485 0.0
3.495 0.0
3.505 0.0
3.515 0.0
3.525 0.0
3.535 0.0
3.545 0.0
3.555 0.0
3.565 0.0
3.575 0.0
3.585 0.0
3.5949999999999998 0.0
3.605 0.0
3.6149999999999998 0.0
3.625 0.0
3.635 0.0
3.645 0.0
3.655 0.0
3.665 0.0
3.675 0.0
3.685 0.0
3.695 0.003117880584099774
3.705 0.007730841094036369
3.715 0.011407181387360105
3.725 0.016664698409469367
3.735 0.02716157204948209
3.745 0.04209955620099111
3.755 0.06012732536671349
3.765 0.08504299685796533
3.775 0.11911876344948735
3.785 0.1652339958691026
3.795 0.22698591529375683
3.805 0.3088028915153884
3.815 0.4160537306323081
3.825 0.5551441410211764
3.835 0.7335893760262058
3.8449999999999998 0.9600500590801697
3.855 1.2443166679985231
3.8649999999999998 1.597227395790561
3.875 2.030504437531405
3.885 2.556495481615859
3.895 3.187810555575998
3.905 3.936849533266037
3.915 4.815222542163015
3.925 5.833074016441731
3.935 6.998330805965485
3.945 8.315904933636967
3.955 9.786891452842681
3.965 11.407810402319043
3.975 13.169948028089898
3.985 15.058855218787103
3.995 17.0540596186003
4.005 19.1290415625663
4.015 21.25151263941579
4.025 23.384019623530545
4.035 25.4848765405616
4.045 27.509405047031684
4.055 29.41143983288235
4.065 31.145033391509752
4.075 32.66627532506249
4.085 33.935127315179
4.095 34.91716759374583
4.1049999999999995 35.58513925285821
4.115 35.92020540542702
4.125 35.91283064957723
4.135 35.56323134637969
4.145 34.8813650760321
4.155 33.88645998943421
4.165 32.60611506146286
4.175 31.075029927050856
4.185 29.333445757550393
4.195 27.42539472642342
4.205 25.396863900929063
4.215 23.293979519798604
4.225 21.16130997907661
4.235 19.040371537207967
4.245 16.968401389542414
4.255 14.977440313211062
4.265 13.09374362554889
4.275 11.33751671615598
4.285 9.722951605863493
4.295 8.258525138007698
4.305 6.9475083041786085
4.315 5.788630119792421
4.325 4.776838191569006
4.335 3.904101065444766
4.345 3.1602037375778567
4.355 2.5334963276643956
4.365 2.0115657957548003
4.375 1.5818107472174112
4.385 1.2319089841043334
4.395 0.950175895903659
4.405 0.7258186317203424
4.415 0.5490960683599542
4.425 0.41139788265149557
4.435 0.3052576985511375
4.445 0.22431555958283156
4.455 0.16324418088964243
4.465 0.1176518838873252
4.475 0.08397311417251857
4.485 0.05935525353830712
4.495 0.041548269707963686
4.505 0.026722200531081416
4.515 0.016329531492404254
4.525 0.011177493961529403
4.535 0.007575000967619807
4.545 0.0030431140217090633
4.555 0.0
4.565 0.0
4.575 0.0
4.585 0.0
4.595 0.0
4.605 0.0
4.615 0.0
4.625 0.0
4.635 0.0
4.645 0.0
4.655 0.0
4.665 0.0
4.675 0.0
4.685 0.002022020019315958
4.695 0.005015545089624122
4.705 0.00940687235970779
4.715 0.01578797527944837
4.725 0.022980737809737577
4.735 0.03312124288883239
4.745 0.047266636371486176
4.755 0.06678954218089346
4.765 0.09344761213376862
4.775 0.12945958012445088
4.785 0.17758516749173853
4.795 0.24314210112046158
4.805 0.3272692645881382
4.815 0.43813076864603073
4.825 0.5785986105571004
4.835 0.7586215031558541
4.845 0.9829407997695427
4.855 1.2632838639763415
4.865 1.6060723387628146
4.875 2.022524964385603
4.885 2.5229324181638497
4.895 3.117601374771939
4.905 3.816465036412013
4.915 4.628631644033891
4.925 5.561885941971256
4.935 6.622164786422066
4.945 7.813033653825912
4.955 9.13519505639645
4.965 10.586062171822286
4.975 12.159430813110756
4.985 13.84527986439571
4.995 15.629724413862235
5.005 17.49513726127726
5.015 19.42044382465504
5.025 21.381583573557485
5.035 23.352119053926433
5.045 25.30396253192227
5.055 27.208181436816535
5.065 29.03583811623291
5.075 30.7588176099648
5.085 32.35059946285119
5.095 33.78693582123832
5.105 35.04640751276708
5.115 36.11084142090891
5.125 36.96558489229302
5.135 37.59964471922888
5.145 38.005708078567636
5.155 38.18006961197098
5.165 38.12249195086528
5.175 37.83602627505469
5.185 37.326815318414475
5.195 36.603894427287
5.205 35.67899799830039
5.215 34.56637019399371
5.225 33.282571547608995
5.235 31.846268000191444
5.245 30.277986781705756
5.255 28.59982462217369
5.265 26.835097857317244
5.275 25.00793045079982
5.285 23.142783848766996
5.295 21.263940796223977
5.305 19.394962652404406
5.315 17.558145360631002
5.325 15.774002342055244
5.335 14.060802824038642
5.345 12.434191488196635
5.355 10.90691018319665
5.365 9.488635423833529
5.375 8.18593729878463
5.385 7.002357106826578
5.395 5.938593360948118
5.405 4.992779428647258
5.415 4.160831498119899
5.425 3.4368430219284303
5.435 2.8135013052320863
5.445 2.2825032818908193
5.455 1.8349504088311508
5.465 1.4617065601381296
5.475 1.1537073354897422
5.485 0.9022138515751071
5.495 0.6976598230464586
5.505 0.5342997497823574
5.515 0.4051710405258607
5.525 0.30414518545170277
5.535 0.22724326769595887
5.545 0.16815838855808782
5.555 0.12324255004440746
5.565 0.08945706093456729
5.575 0.06430985946134543
5.585 0.0457874703849577
5.595 0.03228635859829906
5.605 0.0212550345440125
5.615 0.014740933997373631
5.625 0.00884132881777205
5.635 0.006038010287541317
5.645 0.002810400759334222
5.655 0.001893310893853327
5.665 0.0
5.675 0.0
5.685 0.0
5.695 0.0
5.705 0.0
5.715 0.0
5.725 0.0
5.735 0.0
5.745 0.0
5.755 0.0
5.765 0.0
5.775 0.0
5.785 0.0
5.795 0.0
5.805 0.0
5.815 0.0
5.825 0.0
5.835 0.0
5.845 0.0
5.855 0.0
5.865 0.0
5.875 0.0
5.885 0.0
5.895 0.0
5.905 0.0
5.915 0.0
5.925 0.0
5.935 0.0
5.945 0.0
5.955 0.0
5.965 0.0
5.975 0.0
5.985 0.0
5.995 0.0
6.005 0.0
6.015 0.0
6.025 0.0
6.035 0.0
6.045 0.0
6.055 0.0
6.065 0.0
6.075 0.0
6.085 0.0
6.095 0.0
6.105 0.0
6.115 0.0
6.125 0.0
6.135 0.0
6.1450000000000005 0.0
6.155 0.0
6.165 0.0
6.175 0.0
6.185 0.0
6.195 0.0
6.205 0.0
6.215 0.0
6.225 0.0
6.235 0.0
6.245 0.0
6.255 0.0
6.265 0.0
6.275 0.0
6.285 0.0
6.295 0.0
6.305 0.0
6.315 0.0
6.325 0.0
6.335 0.0
6.345 0.0
6.355 0.0
6.365 0.0
6.375 0.0
6.385 0.0
6.3950000000000005 0.0
6.405 0.0
6.415 0.0
6.425 0.0
6.435 0.0
6.445 0.0
6.455 0.0
6.465 0.0
6.475 0.0
6.485 0.0
6.495 0.0
6.505 0.0
6.515 0.0
6.525 0.001090254466679706
6.535 0.0016183564944202674
6.545 0.002378359881397312
6.555 0.003460493208305452
6.565 0.006062656704959548
6.575 0.010858532812914483
6.585 0.0166515336226295
6.595 0.024801835625412064
6.605 0.036164351509816395
6.615 0.0518586121658277
6.625 0.07440544405128988
6.635 0.10402558767133621
6.6450000000000005 0.14275820951747825
6.655 0.19416442898076594
6.665 0.26172909948926987
6.675 0.3507565299304366
6.685 0.4646173239543239
6.695 0.6100031304143522
6.705 0.7938191248692258
6.715 1.0239276482044235
6.725 1.3091221609220889
6.735 1.659047540057149
6.745 2.0840560006298947
6.755 2.5949893159299826
6.765 3.2028805158434994
6.775 3.918571942836734
6.785 4.752251430483394
6.795 5.712914312010637
6.805 6.807765705846491
6.815 8.041584663787264
6.825 9.416078780105323
6.835 10.929264121294649
6.845 12.574910164666752
6.855 14.342092151601285
6.865 16.214893264193528
6.875 18.172295868490565
6.885 20.188294501442943
6.8950000000000005 22.232253360795536
6.905 24.269518153441823
6.915 26.26227695833816
6.925 28.17064825068028
6.935 29.9539576316548
6.945 31.572149463612224
6.955 32.987266886752494
6.965 34.164924830128236
6.975 35.07569661072745
6.985 35.696336152171504
6.995 36.0107649078076
