0.005 0.0
0.015 0.0
0.025 0.0
0.034999999999999996 0.0
0.045 0.0
0.055 0.0
0.065 0.0
0.07500000000000001 0.0
0.085 0.0
0.095 0.0
0.10500000000000001 0.0
0.115 0.0
0.125 0.0
0.135 0.0
0.14500000000000002 0.0
0.155 0.0
0.165 0.0
0.17500000000000002 0.0
0.185 0.0
0.195 0.0
0.20500000000000002 0.0
0.215 0.0
0.225 0.0
0.23500000000000001 0.0
0.245 0.0
0.255 0.0
0.265 0.0
0.275 0.0
0.28500000000000003 0.0
0.295 0.0
0.305 0.0
0.315 0.0
0.325 0.0
0.335 0.0
0.34500000000000003 0.0
0.35500000000000004 0.0
0.365 0.0
0.375 0.0
0.385 0.0
0.395 0.0
0.405 0.0
0.41500000000000004 0.0
0.425 0.0
0.435 0.0
0.445 0.0
0.455 0.0
0.465 0.0
0.47500000000000003 0.0
0.485 0.0
0.495 0.0
0.505 0.0
0.515 0.0
0.525 0.0
0.535 0.0
0.545 0.0
0.555 0.0
0.5650000000000001 0.0
0.5750000000000001 0.0
0.585 0.0
0.595 0.0
0.605 0.0
0.615 0.0
0.625 0.0
0.635 0.0
0.645 0.0
0.655 0.0
0.665 0.0
0.675 0.0
0.685 0.0
0.6950000000000001 0.0
0.7050000000000001 0.0
0.715 0.0
0.725 0.0
0.735 0.0
0.745 0.0
0.755 0.0
0.765 0.0
0.775 0.0
0.785 0.0
0.795 0.0
0.805 0.0
0.8150000000000001 0.0
0.8250000000000001 0.0
0.8350000000000001 0.0
0.845 0.0
0.855 0.0
0.865 0.0
0.875 0.0
0.885 0.0
0.895 0.0
0.905 0.0
0.915 0.0
0.925 0.0
0.935 0.0
0.9450000000000001 0.0
0.9550000000000001 0.0
0.965 0.0
0.975 0.0
0.985 0.0
0.995 0.0
1.005 0.0
1.015 0.0
1.025 0.0
1.035 0.0
1.045 0.0
1.055 0.0
1.065 0.0
1.075 0.0
1.085 0.0
1.095 0.0
1.105 0.0
1.115 0.0
1.125 0.0
1.135 0.0
1.145 0.0
1.155 0.0
1.1649999999999998 0.0
1.1749999999999998 0.0
1.1849999999999998 0.0
1.1949999999999998 0.0
1.2049999999999998 0.0
1.2149999999999999 0.0
1.2249999999999999 0.0
1.2349999999999999 0.0
1.2449999999999999 0.0
1.255 0.0
1.265 0.0
1.275 0.0
1.285 0.0
1.295 0.0
1.305 0.0
1.315 0.01777616309851451
1.325 0.026386655478666657
1.335 0.038778206786381976
1.345 0.056421957948475036
1.355 0.0812766207919843
1.365 0.1159151442189
1.375 0.16367101517390967
1.385 0.22880232200196748
1.395 0.31666942552227906
1.405 0.43391922881730627
1.4149999999999998 0.5886656750987362
1.4249999999999998 0.7906523846789645
1.4349999999999998 1.0513795185897796
1.4449999999999998 1.3841733871509976
1.4549999999999998 1.8041744686606749
1.4649999999999999 2.3282179091653394
1.4749999999999999 2.974580822534956
1.4849999999999999 3.7625733657291636
1.4949999999999999 4.711956097241112
1.505 5.842174825146165
1.515 7.171416031763789
1.525 8.715500692091119
1.535 10.486651147669726
1.545 12.492183504595204
1.555 14.73319526299953
1.565 17.203332741357716
1.575 19.88773338949696
1.585 22.76224242165112
1.595 25.79299978842606
1.605 28.936481337933817
1.615 32.14005684840295
1.625 35.34309811760264
1.635 38.478634110630054
1.645 41.47550985553689
1.655 44.26096463327172
1.665 46.76350677976721
1.6749999999999998 48.91593091866667
1.6849999999999998 50.65830213365207
1.6949999999999998 51.9407231577284
1.7049999999999998 52.72570666299832
1.7149999999999999 52.989995367473256
1.7249999999999999 52.72570666299832
1.7349999999999999 51.9407231577284
1.7449999999999999 50.65830213365207
1.755 48.91593091866667
1.765 46.76350677976721
1.775 44.26096463327172
1.785 41.47550985553689
1.795 38.478634110630054
1.805 35.34309811760264
1.815 32.14005684840295
1.825 28.936481337933817
1.835 25.79299978842606
1.845 22.76224242165112
1.855 19.88773338949696
1.865 17.203332741357716
1.875 14.73319526299953
1.885 12.492183504595204
1.895 10.486651147669726
1.905 8.715500692091119
1.915 7.171416031763789
1.9249999999999998 5.842174825146165
1.9349999999999998 4.711956097241112
1.9449999999999998 3.7625733657291636
1.9549999999999998 2.974580822534956
1.9649999999999999 2.3282179091653394
1.9749999999999999 1.8041744686606749
1.9849999999999999 1.3841733871509976
1.9949999999999999 1.0513795185897796
2.005 0.7906523846789645
2.015 0.5886656750987362
2.025 0.43391922881730627
2.035 0.31666942552227906
2.045 0.22880232200196748
2.0549999999999997 0.16367101517390967
2.065 0.1159151442189
2.0749999999999997 0.0812766207919843
2.085 0.056421957948475036
2.0949999999999998 0.038778206786381976
2.105 0.026386655478666657
2.1149999999999998 0.01777616309851451
2.125 0.0
2.135 0.0
2.145 0.0
2.155 0.0
2.165 0.0
2.175 0.0
2.185 0.0
2.195 0.0
2.205 0.0
2.215 0.0
2.225 0.00758766878382568
2.235 0.011263015588654952
2.245 0.01655228901170219
2.255 0.024083438404305876
2.265 0.03469253038580142
2.275 0.04947781568430242
2.285 0.06986217699340941
2.295 0.0976631586186469
2.305 0.1351688045114865
2.315 0.18521631293279056
2.3249999999999997 0.2512690810892486
2.335 0.3374861259338493
2.3449999999999998 0.4487762352846546
2.355 0.5908276799038568
2.3649999999999998 0.7701030993339539
2.375 0.9937884938057303
2.385 1.2696853605039835
2.395 1.6060361460332715
2.405 2.0112755487027005
2.415 2.4937039171359863
2.425 3.061084062881283
2.435 3.720169092188245
2.445 4.476176052114004
2.455 5.332227786971648
2.465 6.28879275935603
2.475 7.3431589312023355
2.485 8.488982295236934
2.495 9.71595249860572
2.505 11.009616543865839
2.515 12.35139635841565
2.525 13.718826988001084
2.535 15.086029579298351
2.545 16.42441787169898
2.555 17.70361971141062
2.565 18.892577539297722
2.5749999999999997 19.960775486174054
2.585 20.879527263921023
2.5949999999999998 21.623249944935687
2.605 22.17064512342158
2.6149999999999998 22.505711515744025
2.625 22.618521864172354
2.635 22.505711515744025
2.645 22.17064512342158
2.655 21.623249944935687
2.665 20.879527263921023
2.675 19.960775486174054
2.685 18.892577539297722
2.695 17.70361971141062
2.705 16.42441787169898
2.715 15.086029579298351
2.725 13.718826988001084
2.735 12.35139635841565
2.745 11.009616543865839
2.755 9.71595249860572
2.765 8.488982295236934
2.775 7.3431589312023355
2.785 6.28879275935603
2.795 5.332227786971648
2.805 4.476176052114004
2.815 3.720169092188245
2.8249999999999997 3.061084062881283
2.835 2.4937039171359863
2.8449999999999998 2.0112755487027005
2.855 1.6060361460332715
2.8649999999999998 1.2696853605039835
2.875 0.9937884938057303
2.885 0.7701030993339539
2.895 0.5908276799038568
2.905 0.4487762352846546
2.915 0.3374861259338493
2.925 0.2512690810892486
2.935 0.18521631293279056
2.945 0.1351688045114865
2.955 0.10230812029349293
2.965 0.07675708467098438
2.975 0.0596106707522811
2.985 0.049435747515280924
2.995 0.045321249204506586
3.005 0.04684124391423873
3.015 0.054030714588304864
3.025 0.06737436239847479
3.035 0.0827466161845361
3.045 0.11338432127704556
3.055 0.15382000519333053
3.065 0.2065997034684222
3.075 0.27472844069346425
3.085 0.3616884194314958
3.0949999999999998 0.47143588946733056
3.105 0.6083699220596639
3.1149999999999998 0.7772663787362224
3.125 0.9831710581047085
3.135 1.231247449966918
3.145 1.526576798950609
3.155 1.8739112843031263
3.165 2.2773849715206707
3.175 2.740191593003357
3.185 3.26424286795824
3.195 3.849825576272683
3.205 4.495279483000924
3.215 5.1967209617630425
3.225 5.947838298747343
3.235 6.739783767317176
3.245 7.565119632084218
3.255 8.404129142383237
3.265 9.243836096578413
3.275 10.06706645190507
3.285 10.859511107890363
3.295 11.596891532352387
3.305 12.264068945846882
3.315 12.844743685944033
3.325 13.324865507504311
3.335 13.693424885936002
3.3449999999999998 13.943144549929064
3.355 14.071026620509425
3.3649999999999998 14.078718273525842
3.375 13.972669111745585
3.385 13.764065558062349
3.395 13.46854053310625
3.405 13.105669392417777
3.415 12.698274590618567
3.425 12.27157102797352
3.435 11.852191006541918
3.445 11.467131976418104
3.455 11.142671885499007
3.465 10.903296305432274
3.475 10.770679101683145
3.485 10.762754815962122
3.495 10.892916657786646
3.505 11.169369448000467
3.515 11.594662219335763
3.525 12.16542044986361
3.535 12.872292897855923
3.545 13.700122421665167
3.555 14.628343686048577
3.565 15.631603040331107
3.575 16.68058704556338
3.585 17.743036316669524
3.5949999999999998 18.784910998123223
3.605 19.771664034135366
3.6149999999999998 20.669569346884757
3.625 21.447045107294887
3.635 22.07590843668005
3.645 22.53249789551306
3.655 22.79860446986799
3.665 22.862160526988745
3.675 22.71764900189194
3.685 22.3662110835904
3.695 21.815448710279405
3.705 21.078936823030414
3.715 20.175478030515883
3.725 19.128147629440257
3.735 17.96318855456248
3.745 16.70882289940144
3.755 15.394048696521871
3.765 14.044389613017582
3.775 12.694296609403747
3.785 11.364172023671536
3.795 10.076017505421886
3.805 8.848312329783058
3.815 7.695746331140027
3.825 6.62915331338023
3.835 5.655624329664937
3.8449999999999998 4.781673060742656
3.855 4.0034154967888576
3.8649999999999998 3.3208385863210257
3.875 2.7299186488953096
3.885 2.225085861720363
3.895 1.7997382988704174
3.905 1.4467184220786875
3.915 1.1587359356410507
3.925 0.9287269093935488
3.935 0.7501443904544498
3.945 0.6171800491241513
3.955 0.5249195758532896
3.965 0.4694365503886202
3.975 0.4478304527748846
3.985 0.45821458704002105
3.995 0.49965921324365004
4.005 0.5720944314295288
4.015 0.6761766260204858
4.025 0.8131218201339173
4.035 0.9845093040825513
4.045 1.192059508072681
4.055 1.4347665894434158
4.065 1.7200325107571468
4.075 2.044691906860846
4.085 2.4086052659132005
4.095 2.8105189687174748
4.1049999999999995 3.2499207864793496
4.115 3.7209025377734815
4.125 4.218151731786271
4.135 4.734849476395305
4.145 5.262779999071416
4.155 5.792532806384333
4.165 6.313796720139738
4.175 6.81573811620256
4.185 7.287448561190324
4.195 7.718440313181949
4.205 8.099162469984506
4.215 8.421506513772025
4.225 8.679268105130102
4.235 8.868532544541388
4.245 8.987954455002688
4.255 9.038907823055832
4.265 9.025490216303405
4.275 8.956766460728426
4.285 8.8380602472366
4.295 8.681905524556944
4.305 8.500585909772468
4.315 8.307113470281775
4.325 8.116910221063218
4.335 7.9389111660744085
4.345 7.786084000596871
4.355 7.668111403395743
4.365 7.592525481150203
4.375 7.564418468598689
4.385 7.5863090187691995
4.395 7.658171040070917
4.405 7.777621056240067
4.415 7.940249223383969
4.425 8.14006915771609
4.435 8.370053295801473
4.445 8.622714240899437
4.455 8.890688946014464
4.465 9.16728199576517
4.475 9.446926835410338
4.485 9.725529498402354
4.495 10.000667910563413
4.505 10.271630671222164
4.515 10.539291587157269
4.525 10.805829251184072
4.535 11.074313595318586
4.545 11.348192566824501
4.555 11.632850412764064
4.565 11.927539599782172
4.575 12.23497393885346
4.585 12.554719386845411
4.595 12.884298779966496
4.605 13.219037747095049
4.615 13.552091351456255
4.625 13.874656422097537
4.635 14.176359683120424
4.645 14.445797571293939
4.655 14.669256052052296
4.665 14.839832802999432
4.675 14.944380621938485
4.685 14.974421577894857
4.695 14.92386927183847
4.705 14.789517560752087
4.715 14.571359124299832
4.725 14.272710826145428
4.735 13.900136485921296
4.745 13.463171773422577
4.755 12.973869387426564
4.765 12.446194512653564
4.775 11.897262260372855
4.785 11.339694777435252
4.795 10.790118408774577
4.805 10.262760735024372
4.815 9.770080990219629
4.825 9.322217830569825
4.835 8.926587051902942
4.845 8.587649429507097
4.855 8.306857626002188
4.865 8.082779666624347
4.875 7.911385518039977
4.885 7.786473470484969
4.895 7.702069686944515
4.905 7.64475195116073
4.915 7.610650733214602
4.925 7.588378563397415
4.935 7.5699618749049495
4.945 7.548756583156592
4.955 7.519834971504809
4.965 7.480235728132204
4.975 7.4290661527851976
4.985 7.367455629163514
4.995 7.298369398967285
5.005 7.226300772172786
5.015 7.1568675158626265
5.025 7.096343741273941
5.035 7.051161773020563
5.045 7.027419045400276
5.055 7.0304230494692606
5.065 7.064302983922597
5.075 7.131710467611633
5.085 7.233766321802383
5.095 7.370789826553706
5.105 7.539216765907527
5.115 7.735117668574808
5.125 7.953186477988362
5.135 8.185464422605417
5.145 8.428446302532326
5.155 8.672290866818761
5.165 8.909406894553918
5.175 9.132442547857067
5.185 9.33458077036142
5.195 9.50978913582237
5.205 9.653018759389166
5.215 9.760350687712197
5.225 9.829091108630344
5.235 9.857818580546548
5.245 9.84638727026562
5.255 9.7958900721496
5.265 9.708584764675011
5.275 9.58940886789738
5.285 9.440130428373964
5.295 9.268513116929771
5.305 9.077754064794759
5.315 8.875018440755046
5.325 8.666541148829005
5.335 8.45846033171198
5.345 8.256577334474906
5.355 8.066131608481845
5.365 7.890184771410471
5.375 7.735632758047663
5.385 7.6029840286987005
5.395 7.493824427495329
5.405 7.408735554127428
5.415 7.3474112441851425
5.425 7.308835126632989
5.435 7.29150529911947
5.445 7.293686569120756
5.455 7.313666662395704
5.465 7.349990872093347
5.475 7.401650182881726
5.485 7.468201070816455
5.495 7.549800787440772
5.505 7.6471495476081435
5.515 7.761339979067486
5.525 7.893623609059389
5.535 8.045113121977336
5.545 8.216446694174953
5.555 8.407446075939827
5.565 8.616802621626007
5.575 8.841824809139396
5.585 9.076974753611317
5.595 9.319471620631269
5.605 9.560087401275595
5.615 9.79022689226531
5.625 10.000312084744515
5.635 10.180219908115259
5.645 10.319792510635235
5.655 10.409384647552525
5.665 10.44040890406976
5.675 10.405839057845164
5.685 10.300634901335327
5.695 10.122057981370398
5.705 9.8700153720851
5.715 9.547567773531277
5.725 9.158637041527127
5.735 8.710280657598087
5.745 8.211428011532037
5.755 7.6724596893742465
5.765 7.104732496466928
5.775 6.520083939458171
5.785 5.930348850584533
5.795 5.3469172305482715
5.805 4.7803567215202065
5.815 4.241469642292847
5.825 3.736327356599619
5.835 3.272596324005736
5.845 2.8555950791525695
5.855 2.489246188058413
5.865 2.176183963149877
5.875 1.9179026381638333
5.885 1.7149262708111757
5.895 1.5658235280748096
5.905 1.4724003399320469
5.915 1.431574533902353
5.925 1.4415986387446882
5.935 1.5003986925762451
5.945 1.605614848730856
5.955 1.754609929629758
5.965 1.9457433135325253
5.975 2.1750873288161094
5.985 2.438007100615356
5.995 2.7315180343925443
6.005 3.051412294420638
6.015 3.3931281476284623
6.025 3.7517881471611454
6.035 4.122266524650797
6.045 4.499285256249161
6.055 4.877535537183619
6.065 5.251818996559674
6.075 5.617201077832019
6.085 5.968084917992583
6.095 6.3030607708263195
6.105 6.616245211357226
6.115 6.907769824107289
6.125 7.174573307178578
6.135 7.416116076715331
6.1450000000000005 7.632770380900055
6.155 7.8257752692913325
6.165 7.9971443380134755
6.175 8.149528439398718
6.185 8.286037839241459
6.195 8.41003064861246
6.205 8.524876689388774
6.215 8.633708168266647
6.225 8.739170475943435
6.235 8.843187891276996
6.245 8.946759719280266
6.255 9.049802192001575
6.265 9.15105011813673
6.275 9.248029668968382
6.285 9.33710984411436
6.295 9.413635226092838
6.305 9.473299889967235
6.315 9.508338792373678
6.325 9.51339697777218
6.335 9.482537102652453
6.345 9.411549451653697
6.355 9.294282662541136
6.365 9.128444788619225
6.375 8.912551031321051
6.385 8.646883689330911
6.3950000000000005 8.333591906142628
6.405 7.976691542614931
6.415 7.581966247804313
6.425 7.15677773284566
6.435 6.709799212378087
6.445 6.250690437776171
6.455 5.78973536203776
6.465 5.337464121990042
6.475 4.904279798410368
6.485 4.500107619519003
6.495 4.134080363690383
6.505 3.8142692391646316
6.515 3.546529400170268
6.525 3.338392530538293
6.535 3.192276832279684
6.545 3.110348912468263
6.555 3.0930899258635476
6.565 3.1392989432057594
6.575 3.247202294016331
6.585 3.4107399208221194
6.595 3.62477504409805
6.605 3.8821154204249853
6.615 4.174397427022736
6.625 4.492462945385049
6.635 4.82674279811621
6.6450000000000005 5.16621581324252
6.655 5.500380620386922
6.665 5.818967820194274
6.675 6.112302878334651
6.685 6.371668333509758
6.695 6.58964819535365
6.705 6.7604360453075785
6.715 6.880088388808692
6.725 6.946706350247431
6.735 6.960531810296624
6.745 6.923948368161279
6.755 6.841382753093832
6.765 6.719108103509173
6.775 6.564095665858405
6.785 6.386526616016322
6.795 6.196952654967923
6.805 6.004254195378669
6.815 5.818399465109547
6.825 5.648692225782042
6.835 5.503337605658136
6.845 5.389061840673854
6.855 5.311954285463015
6.865 5.273208077138443
6.875 5.274469147902214
6.885 5.314498215871403
6.8950000000000005 5.391192996843273
6.905 5.497691351350151
6.915 5.628186893157278
6.925 5.7749229163247
6.935 5.929385005270937
6.945 6.082753765798652
6.955 6.2263705194550285
6.965 6.352192433346993
6.975 6.453214021394492
6.985 6.523833577677735
6.995 6.560145831905081
