0.005 0.0
0.015 0.0
0.025 0.0
0.034999999999999996 0.0
0.045 0.0
0.055 0.0
0.065 0.0
0.07500000000000001 0.0
0.085 0.0
0.095 0.0
0.10500000000000001 0.0
0.115 0.0
0.125 0.0
0.135 0.0
0.14500000000000002 0.0
0.155 0.0
0.165 0.0
0.17500000000000002 0.0
0.185 0.0
0.195 0.0
0.20500000000000002 0.0
0.215 0.0
0.225 0.0
0.23500000000000001 0.0
0.245 0.0
0.255 0.0
0.265 0.0
0.275 0.0
0.28500000000000003 0.0
0.295 0.0
0.305 0.0
0.315 0.0
0.325 0.0
0.335 0.0
0.34500000000000003 0.0
0.35500000000000004 0.0
0.365 0.0
0.375 0.0
0.385 0.0
0.395 0.0
0.405 0.0
0.41500000000000004 0.0
0.425 0.0
0.435 0.0
0.445 0.0
0.455 0.0
0.465 0.0
0.47500000000000003 0.0
0.485 0.0
0.495 0.0
0.505 0.0
0.515 0.0
0.525 0.0
0.535 0.0
0.545 0.0
0.555 0.0
0.5650000000000001 0.0
0.5750000000000001 0.0
0.585 0.0
0.595 0.0
0.605 0.0
0.615 0.0
0.625 0.0
0.635 0.0
0.645 0.0
0.655 0.0
0.665 0.0
0.675 0.0
0.685 0.0
0.6950000000000001 0.0
0.7050000000000001 0.0
0.715 0.0
0.725 0.0
0.735 0.0
0.745 0.0
0.755 0.0
0.765 0.0
0.775 0.0
0.785 0.0
0.795 0.0
0.805 0.0
0.8150000000000001 0.0
0.8250000000000001 0.0
0.8350000000000001 0.0
0.845 0.0
0.855 0.0
0.865 0.0
0.875 0.0
0.885 0.0
0.895 0.0
0.905 0.0
0.915 0.0
0.925 0.0
0.935 0.0
0.9450000000000001 0.0
0.9550000000000001 0.0
0.965 0.0
0.975 0.0
0.985 0.0
0.995 0.0
1.005 0.0
1.015 0.0
1.025 0.0
1.035 0.0
1.045 0.0
1.055 0.0
1.065 0.0
1.075 0.0
1.085 0.0
1.095 0.0
1.105 0.0
1.115 0.0
1.125 0.0
1.135 0.0
1.145 0.0
1.155 0.0
1.1649999999999998 0.0
1.1749999999999998 0.0
1.1849999999999998 0.0
1.1949999999999998 0.0
1.2049999999999998 0.0
1.2149999999999999 0.0
1.2249999999999999 0.0
1.2349999999999999 0.0
1.2449999999999999 0.0
1.255 0.0
1.265 0.0
1.275 0.0
1.285 0.0
1.295 0.0
1.305 0.0
1.315 0.0
1.325 0.0
1.335 0.0
1.345 0.0
1.355 0.0
1.365 0.0
1.375 0.0
1.385 0.0
1.395 0.0
1.405 0.0
1.4149999999999998 0.0
1.4249999999999998 0.0
1.4349999999999998 0.0
1.4449999999999998 0.0
1.4549999999999998 0.0
1.4649999999999999 0.0
1.4749999999999999 0.0
1.4849999999999999 0.0
1.4949999999999999 0.0
1.505 0.0
1.515 0.0
1.525 0.0
1.535 0.0
1.545 0.0
1.555 0.0
1.565 0.0
1.575 0.0
1.585 0.0
1.595 0.0
1.605 0.0
1.615 0.0
1.625 0.0
1.635 0.0
1.645 0.0
1.655 0.0
1.665 0.0
1.6749999999999998 0.0
1.6849999999999998 0.0
1.6949999999999998 0.0
1.7049999999999998 0.0
1.7149999999999999 0.0
1.7249999999999999 0.0
1.7349999999999999 0.0
1.7449999999999999 0.0
1.755 0.0
1.765 0.0
1.775 0.0
1.785 0.0
1.795 0.0
1.805 0.0
1.815 0.010656615756307318
1.825 0.015818511957381296
1.835 0.023247111716455555
1.845 0.033824347962113026
1.855 0.04872444705593721
1.865 0.06948986378173991
1.875 0.09811898717889547
1.885 0.13716449473450343
1.895 0.1898398642530182
1.905 0.2601298415835106
1.915 0.35289864712023855
1.9249999999999998 0.4739874748919193
1.9349999999999998 0.6302905459164548
1.9449999999999998 0.8297968377780718
1.9549999999999998 1.081582901962877
1.9649999999999999 1.3957412247754184
1.9749999999999999 1.7832287364917667
1.9849999999999999 2.255621665444911
1.9949999999999999 2.8247662507711877
2.005 3.5023200421668745
2.015 4.299185637282733
2.025 5.224847537948559
2.035 6.2866329045154945
2.045 7.4889276627348424
2.0549999999999997 8.832389751956853
2.065 10.31321020945574
2.0749999999999997 11.922479098622986
2.085 13.645715889033712
2.0949999999999998 15.462621850647965
2.105 17.347104729461396
2.1149999999999998 19.267613281964408
2.125 21.187801562657476
2.135 23.067521167084198
2.145 24.864115466195813
2.155 26.53396520308144
2.165 28.03421190544184
2.175 29.324566683676803
2.185 30.369099209624505
2.195 31.137896616334483
2.205 31.608485659894725
2.215 31.766923853599025
2.225 31.608485659894725
2.235 31.137896616334483
2.245 30.369099209624505
2.255 29.324566683676803
2.265 28.03421190544184
2.275 26.53396520308144
2.285 24.864115466195813
2.295 23.067521167084198
2.305 21.187801562657476
2.315 19.267613281964408
2.3249999999999997 17.347104729461396
2.335 15.462621850647965
2.3449999999999998 13.645715889033712
2.355 11.922479098622986
2.3649999999999998 10.31321020945574
2.375 8.832389751956853
2.385 7.4889276627348424
2.395 6.2866329045154945
2.405 5.224847537948559
2.415 4.299185637282733
2.425 3.5023200421668745
2.435 2.8247662507711877
2.445 2.255621665444911
2.455 1.7832287364917667
2.465 1.3957412247754184
2.475 1.081582901962877
2.485 0.8297968377780718
2.495 0.6302905459164548
2.505 0.4739874748919193
2.515 0.35289864712023855
2.525 0.2601298415835106
2.535 0.1898398642530182
2.545 0.13716449473450343
2.555 0.09811898717889547
2.565 0.06948986378173991
2.5749999999999997 0.04872444705593721
2.585 0.033824347962113026
2.5949999999999998 0.023247111716455555
2.605 0.015818511957381296
2.6149999999999998 0.010656615756307318
2.625 0.0
2.635 0.0
2.645 0.0
2.655 0.0
2.665 0.0
2.675 0.0
2.685 0.0
2.695 0.0
2.705 0.0
2.715 0.0
2.725 0.0
2.735 0.0
2.745 0.0
2.755 0.0
2.765 0.0
2.775 0.0
2.785 0.0
2.795 0.0
2.805 0.0
2.815 0.0
2.8249999999999997 0.0
2.835 0.0
2.8449999999999998 0.0
2.855 0.0
2.8649999999999998 0.0
2.875 0.0
2.885 0.0
2.895 0.0
2.905 0.0
2.915 0.0
2.925 0.0
2.935 0.0
2.945 0.0
2.955 0.0
2.965 0.0
2.975 0.0
2.985 0.0
2.995 0.0
3.005 0.0
3.015 0.0
3.025 0.0
3.035 0.0
3.045 0.0
3.055 0.0
3.065 0.0
3.075 0.0
3.085 0.0
3.0949999999999998 0.0
3.105 0.0
3.1149999999999998 0.0
3.125 0.0
3.135 0.0
3.145 0.0
3.155 0.0
3.165 0.0
3.175 0.0
3.185 0.0
3.195 0.0
3.205 0.0
3.215 0.0
3.225 0.0
3.235 0.0
3.245 0.0
3.255 0.0
3.265 0.0
3.275 0.0
3.285 0.0
3.295 0.0
3.305 0.0
3.315 0.0
3.325 0.0
3.335 0.0
3.3449999999999998 0.0
3.355 0.0
3.3649999999999998 0.0
3.375 0.0
3.385 0.0
3.395 0.0
3.405 0.0
3.415 0.0
3.425 0.0
3.435 0.0
3.445 0.0035365074107507684
3.455 0.005249535691593093
3.465 0.007714792833281658
3.475 0.011224957337982839
3.485 0.016169708286241615
3.495 0.02306092514321275
3.505 0.03256179384042686
3.515 0.045519446624820874
3.525 0.06300030911683718
3.535 0.08632676016051516
3.545 0.11711304126227641
3.555 0.15729761266527698
3.565 0.20916839243644478
3.575 0.2753766048553281
3.585 0.3589343967731147
3.5949999999999998 0.46319106344686656
3.605 0.5917827747457536
3.6149999999999998 0.7485512209609854
3.625 0.9374276982425978
3.635 1.162280884211596
3.645 1.426728917897299
3.655 1.7339193286631926
3.665 2.0862837099413873
3.675 2.4852775762476718
3.685 2.9311192715142282
3.695 3.422544752332243
3.705 3.9565971647092386
3.715 4.52847099586984
3.725 5.1314299037279
3.735 5.756814905754659
3.745 6.39415539767558
3.755 7.031389604106319
3.765 7.655193864596247
3.775 8.251412138597566
3.785 8.805568927617664
3.795 9.303441207352598
3.805 9.731658695913609
3.815 10.081240422024004
3.825 10.337799222255086
3.835 10.496020475190177
3.8449999999999998 10.551520773535646
3.855 10.503056167536542
3.8649999999999998 10.352620831902172
3.875 10.105393589104208
3.885 9.772384863136693
3.895 9.360093228867319
3.905 8.88361684160943
3.915 8.357904919654631
3.925 7.7991073224027785
3.935 7.224015574937489
3.945 6.649525895254724
3.955 6.09215056942101
3.965 5.567597123736628
3.975 5.09042672139363
3.985 4.673794927017051
3.995 4.329270282913182
4.005 4.066719769776607
4.015 3.894245751391879
4.025 3.8181567731428636
4.035 3.8429546965062147
4.045 3.9713229605640263
4.055 4.2041049037834615
4.065 4.540266520097423
4.075 4.9768441156023595
4.085 5.508883382945954
4.095 6.129381747767902
4.1049999999999995 6.829249876450524
4.115 7.597310513015389
4.125 8.420353054729858
4.135 9.28326039596212
4.145 10.169220683730119
4.155 11.06003104022971
4.165 11.936493481559847
4.175 12.778895780670645
4.185 13.567562536273146
4.195 14.28345487845796
4.205 14.90879167925727
4.215 15.427661354993313
4.225 15.829035954676058
4.235 16.098674206182906
4.245 16.231148469374823
4.255 16.220690614783507
4.265 16.073197639977778
4.275 15.7894041710715
4.285 15.377169024917645
4.295 14.847650579898412
4.305 14.214894257203067
4.315 13.495319369336386
4.325 12.707133759895829
4.335 11.869707199393908
4.345 11.00293480600488
4.355 10.12661990240542
4.365 9.259901958973936
4.375 8.420750026225852
4.385 7.625535859585154
4.395 6.888694386841824
4.405 6.222472869127359
4.415 5.6367646136055445
4.425 5.139018857163478
4.435 4.734215751671213
4.445 4.424894360779282
4.455 4.211222155561109
4.465 4.091096423791768
4.475 4.0602708897569855
4.485 4.1125041814133105
4.495 4.239730039784632
4.505 4.432251823159293
4.515 4.678965481215062
4.525 4.967615464639933
4.535 5.285086873515009
4.545 5.617734606766616
4.555 5.951746619283915
4.565 6.273534048316984
4.575 6.570136474686289
4.585 6.829626523898846
4.595 7.04149495106223
4.605 7.199082937964461
4.615 7.292529282474785
4.625 7.31694811324984
4.635 7.275029907302623
4.645 7.164463543767107
4.655 6.9902611328875945
4.665 6.754455376804995
4.675 6.465583608242845
4.685 6.13244999603913
4.695 5.763227342291708
4.705 5.3733104047046805
4.715 4.971384077326186
4.725 4.571063222525894
4.735 4.180721163853907
4.745 3.812686906468632
4.755 3.4792400033081847
4.765 3.186869980168731
4.775 2.945544694172836
4.785 2.762975636867182
4.795 2.6459259701531566
4.805 2.6002274936390863
4.815 2.63080393680274
4.825 2.7416869550241065
4.835 2.9360138636506488
4.845 3.2159998734196944
4.855 3.58288197332935
4.865 4.036836178255271
4.875 4.576874153525779
4.885 5.200728826531286
4.895 5.904741157898952
4.905 6.683761546057659
4.915 7.531079285323702
4.925 8.438392133525586
4.935 9.395825546233976
4.945 10.392007786378905
4.955 11.414203282731943
4.965 12.448502685485607
4.975 13.480064437420841
4.985 14.49339967349258
4.995 15.472690113607062
5.005 16.40212743565735
5.015 17.266262391245306
5.025 18.050352516763148
5.035 18.740838193473028
5.045 19.32651126267603
5.055 19.797362184057054
5.065 20.142146231554907
5.075 20.35571823830848
5.085 20.43414977437615
5.095 20.376059679835684
5.105 20.18272393343456
5.115 19.858131628815578
5.125 19.40898164769448
5.135 18.844614818112564
5.145 18.17687722317251
5.155 17.419911971619925
5.165 16.589879126017287
5.175 15.704606458435254
5.185 14.783177022638665
5.195 13.847133087694676
5.205 12.914096716787878
5.215 12.005185071419962
5.225 11.139640660382781
5.235 10.337066246849766
5.245 9.611138200219678
5.255 8.976990269472967
5.265 8.446063170121846
5.275 8.02689432454095
5.285 7.724897082739519
5.295 7.5422368041796375
5.305 7.477810218351694
5.315 7.52733149542081
5.325 7.683525153361246
5.335 7.936422226681478
5.345 8.273751986444083
5.355 8.681416979024018
5.365 9.14403440774073
5.375 9.64552221555968
5.385 10.169704058042125
5.395 10.700904185866232
5.405 11.224501608337924
5.415 11.726021150410126
5.425 12.197559197023295
5.435 12.628121328386328
5.445 13.011093545254042
5.455 13.342144722664653
5.465 13.61771225440017
5.475 13.84065057143112
5.485 14.010127854591953
5.495 14.128386522743371
5.505 14.198234910537693
5.515 14.22259612912223
5.525 14.204106932759956
5.535 14.143472644797981
5.545 14.045020545971472
5.555 13.907149278149937
5.565 13.728063589062232
5.575 13.509643861386778
5.585 13.248351816059097
5.595 12.942484279097595
5.605 12.590575634711517
5.615 12.191764769991256
5.625 11.746124259455064
5.635 11.254921569104594
5.645 10.720789285796403
5.655 10.147790427327799
5.665 9.54137477019463
5.675 8.90823182971656
5.685 8.2560547132464
5.695 7.5932357955573675
5.705 6.928519538278151
5.715 6.270639574745797
5.725 5.627966468195741
5.735 5.008189629762252
5.745 4.418052245498297
5.755 3.863152315808433
5.765 3.3478167019579583
5.775 2.8750490149086882
5.785 2.4465467914204844
5.795 2.0627790673911828
5.805 1.7231124106769884
5.815 1.4259717916715333
5.825 1.1690222868646885
5.835 0.9493583546848362
5.845 0.7625085097799364
5.855 0.6077301641343326
5.865 0.47857182485958016
5.875 0.3743134633005215
5.885 0.28994512287738294
5.895 0.22242604525649856
5.905 0.16898274017612022
5.915 0.1271403230472644
5.925 0.09473400227514372
5.935 0.06990486742366633
5.945 0.05108403997868077
5.955 0.03696891221862561
5.965 0.026494702669238736
5.975 0.01880397649029149
5.985 0.013216180347308756
5.995 0.009198672724634567
6.005 0.00522624394523563
6.015 0.003591941431906682
6.025 0.0024441388325505175
6.035 0.001646567544642315
6.045 0.0
6.055 0.0
6.065 0.0
6.075 0.0
6.085 0.0
6.095 0.0
6.105 0.0
6.115 0.0
6.125 0.0
6.135 0.0
6.1450000000000005 0.0
6.155 0.0
6.165 0.0
6.175 0.0
6.185 0.0
6.195 0.0
6.205 0.0
6.215 0.0
6.225 0.0
6.235 0.0
6.245 0.0
6.255 0.0
6.265 0.0
6.275 0.0
6.285 0.0
6.295 0.0
6.305 0.0
6.315 0.0
6.325 0.0
6.335 0.0
6.345 0.0
6.355 0.0
6.365 0.0
6.375 0.0
6.385 0.0011357107143313337
6.3950000000000005 0.0028182014209253347
6.405 0.004158394131777142
6.415 0.006075007005307716
6.425 0.008786895281164284
6.435 0.012583216573652651
6.445 0.017840846812437527
6.455 0.025044181782117526
6.465 0.0348069395454242
6.475 0.04789525128880912
6.485 0.0652509315304774
6.495 0.08801336692664946
6.505 0.11753798176719077
6.515 0.15540876665244036
6.525 0.20344194719155895
6.535 0.26367758596010893
6.545 0.3383558252622327
6.555 0.4298746637267445
6.565 0.5407266824435631
6.575 0.673413044553638
6.585 0.8303344053550508
6.595 1.0147286108788265
6.605 1.2278334048775368
6.615 1.4700535331587332
6.625 1.7427918349500926
6.635 2.045918460944579
6.6450000000000005 2.3783515126493704
6.655 2.737956025392938
6.665 3.121486334724743
6.675 3.5245829376248716
6.685 3.9418325236043987
6.695 4.366896244149119
6.705 4.792706672605181
6.715 5.211728572773414
6.725 5.616272953543675
6.735 5.998848437559353
6.745 6.352529256863408
6.755 6.671315739556396
6.765 6.950461429911794
6.775 7.186741323253573
6.785 7.378638253209861
6.795 7.526429191785967
6.805 7.633292212931867
6.815 7.702320532490967
6.825 7.737668626995064
6.835 7.746339037771292
6.845 7.735242324526378
6.855 7.711503871727136
6.865 7.682003701444776
6.875 7.6529414888609875
6.885 7.629460136473146
6.8950000000000005 7.615357032940549
6.905 7.612905310561656
6.915 7.622798566629852
6.925 7.644222370713829
6.935 7.675045315520338
6.945 7.712112308392134
6.955 7.751614135722436
6.965 7.789500840719505
6.975 7.8219027263375125
6.985 7.845522178349693
6.995 7.857962072198491
