0.005 0.0
0.015 0.0
0.025 0.0
0.034999999999999996 0.0
0.045 0.0
0.055 0.0
0.065 0.0
0.07500000000000001 0.0
0.085 0.0
0.095 0.0
0.10500000000000001 0.0
0.115 0.0
0.125 0.0
0.135 0.0
0.14500000000000002 0.0
0.155 0.0
0.165 0.0
0.17500000000000002 0.0
0.185 0.0
0.195 0.0
0.20500000000000002 0.0
0.215 0.0
0.225 0.0
0.23500000000000001 0.0
0.245 0.0
0.255 0.0
0.265 0.0
0.275 0.0
0.28500000000000003 0.0
0.295 0.0
0.305 0.0
0.315 0.0
0.325 0.0
0.335 0.0
0.34500000000000003 0.0
0.35500000000000004 0.0
0.365 0.0
0.375 0.0
0.385 0.0
0.395 0.0
0.405 0.0
0.41500000000000004 0.0
0.425 0.0
0.435 0.0
0.445 0.0
0.455 0.0
0.465 0.0
0.47500000000000003 0.0
0.485 0.0
0.495 0.0
0.505 0.0
0.515 0.0
0.525 0.0
0.535 0.0
0.545 0.0
0.555 0.0
0.5650000000000001 0.0
0.5750000000000001 0.0
0.585 0.0
0.595 0.0
0.605 0.0
0.615 0.0
0.625 0.0
0.635 0.0
0.645 0.0
0.655 0.0
0.665 0.0
0.675 0.0
0.685 0.0
0.6950000000000001 0.0
0.7050000000000001 0.0
0.715 0.0
0.725 0.0
0.735 0.0
0.745 0.0
0.755 0.0
0.765 0.0
0.775 0.0
0.785 0.0
0.795 0.0
0.805 0.0
0.8150000000000001 0.0
0.8250000000000001 0.0
0.8350000000000001 0.0
0.845 0.0
0.855 0.0
0.865 0.0
0.875 0.0
0.885 0.0
0.895 0.0
0.905 0.0
0.915 0.0
0.925 0.0
0.935 0.0
0.9450000000000001 0.0
0.9550000000000001 0.0
0.965 0.0
0.975 0.0
0.985 0.0
0.995 0.0
1.005 0.0
1.015 0.0
1.025 0.0
1.035 0.0
1.045 0.0
1.055 0.0
1.065 0.0
1.075 0.0
1.085 0.0
1.095 0.0
1.105 0.0
1.115 0.0
1.125 0.0
1.135 0.0
1.145 0.0
1.155 0.0
1.1649999999999998 0.0
1.1749999999999998 0.0
1.1849999999999998 0.0
1.1949999999999998 0.0
1.2049999999999998 0.0
1.2149999999999999 0.0
1.2249999999999999 0.0
1.2349999999999999 0.0
1.2449999999999999 0.0
1.255 0.0
1.265 0.0
1.275 0.0
1.285 0.0
1.295 0.0
1.305 0.0
1.315 0.0
1.325 0.0
1.335 0.0
1.345 0.0
1.355 0.0
1.365 0.0
1.375 0.0
1.385 0.0
1.395 0.0
1.405 0.0
1.4149999999999998 0.0
1.4249999999999998 0.0
1.4349999999999998 0.0
1.4449999999999998 0.0
1.4549999999999998 0.0
1.4649999999999999 0.0
1.4749999999999999 0.0
1.4849999999999999 0.0
1.4949999999999999 0.0
1.505 0.0
1.515 0.0
1.525 0.0
1.535 0.0
1.545 0.0
1.555 0.0
1.565 0.0
1.575 0.0
1.585 0.0
1.595 0.0
1.605 0.0
1.615 0.0
1.625 0.0
1.635 0.0
1.645 0.0
1.655 0.0
1.665 0.0
1.6749999999999998 0.0
1.6849999999999998 0.0
1.6949999999999998 0.0
1.7049999999999998 0.0
1.7149999999999999 0.0
1.7249999999999999 0.0
1.7349999999999999 0.0
1.7449999999999999 0.0
1.755 0.0
1.765 0.0
1.775 0.0
1.785 0.0
1.795 0.0
1.805 0.0
1.815 0.0
1.825 0.0
1.835 0.0
1.845 0.0
1.855 0.0
1.865 0.0
1.875 0.0
1.885 0.0
1.895 0.0
1.905 0.0
1.915 0.0
1.9249999999999998 0.0
1.9349999999999998 0.0
1.9449999999999998 0.0
1.9549999999999998 0.0
1.9649999999999999 0.0
1.9749999999999999 0.0
1.9849999999999999 0.0
1.9949999999999999 0.0
2.005 0.0
2.015 0.0
2.025 0.0
2.035 0.0
2.045 0.0
2.0549999999999997 0.0
2.065 0.0
2.0749999999999997 0.0
2.085 0.0
2.0949999999999998 0.0
2.105 0.0
2.1149999999999998 0.0
2.125 0.0
2.135 0.0
2.145 0.0
2.155 0.0
2.165 0.0
2.175 0.0
2.185 0.0
2.195 0.0
2.205 0.0
2.215 0.0
2.225 0.0
2.235 0.0
2.245 0.0
2.255 0.0
2.265 0.0
2.275 0.0
2.285 0.0
2.295 0.0
2.305 0.0
2.315 0.0
2.3249999999999997 0.00704099449799415
2.335 0.010451540921183649
2.3449999999999998 0.01535973421889967
2.355 0.022348281419316423
2.3649999999999998 0.032193012442586155
2.375 0.04591305154865938
2.385 0.06482876596788863
2.395 0.09062675007064737
2.405 0.12543019944341421
2.415 0.17187189866253152
2.425 0.23316571503974218
2.435 0.31317101781181095
2.445 0.4164429277942999
2.455 0.5482598887728779
2.465 0.7146189218033722
2.475 0.9221882921368166
2.485 1.1782074168220114
2.495 1.4903248929242912
2.505 1.866367717915298
2.515 2.3140382191706808
2.525 2.8405399153147664
2.535 3.4521393666446447
2.545 4.153677743837579
2.555 4.948052897373472
2.565 5.835699538182232
2.5749999999999997 6.814101024375985
2.585 7.8773704199825
2.5949999999999998 9.015940209630934
2.605 10.216398701486291
2.6149999999999998 11.46150633084191
2.625 12.7304166923252
2.635 13.999115445160557
2.645 15.241075903827452
2.655 16.42811415916527
2.665 17.531410278566952
2.675 18.522646991845406
2.685 19.37520479272468
2.695 20.065343945374604
2.705 20.573300545715878
2.715 20.88422616622189
2.725 20.988908785512525
2.735 20.88422616622189
2.745 20.573300545715878
2.755 20.065343945374604
2.765 19.37520479272468
2.775 18.522646991845406
2.785 17.531410278566952
2.795 16.42811415916527
2.805 15.241075903827452
2.815 13.999115445160557
2.8249999999999997 12.7304166923252
2.835 11.46150633084191
2.8449999999999998 10.216398701486291
2.855 9.015940209630934
2.8649999999999998 7.8773704199825
2.875 6.814101024375985
2.885 5.835699538182232
2.895 4.948052897373472
2.905 4.153677743837579
2.915 3.4521393666446447
2.925 2.8405399153147664
2.935 2.3140382191706808
2.945 1.866367717915298
2.955 1.4903248929242912
2.965 1.1782074168220114
2.975 0.9221882921368166
2.985 0.7146189218033722
2.995 0.5482598887728779
3.005 0.4164429277942999
3.015 0.31317101781181095
3.025 0.23316571503974218
3.035 0.17187189866253152
3.045 0.12543019944341421
3.055 0.09062675007064737
3.065 0.06482876596788863
3.075 0.04591305154865938
3.085 0.032193012442586155
3.0949999999999998 0.022348281419316423
3.105 0.01535973421889967
3.1149999999999998 0.010451540921183649
3.125 0.00704099449799415
3.135 0.0
3.145 0.0
3.155 0.0
3.165 0.0
3.175 0.0
3.185 0.0
3.195 0.0
3.205 0.0
3.215 0.0
3.225 0.0
3.235 0.0
3.245 0.0
3.255 0.0
3.265 0.0
3.275 0.0
3.285 0.0
3.295 0.0
3.305 0.0
3.315 0.0
3.325 0.0
3.335 0.0
3.3449999999999998 0.0
3.355 0.0
3.3649999999999998 0.0
3.375 0.0
3.385 0.0
3.395 0.0
3.405 0.0
3.415 0.0
3.425 0.0
3.435 0.0
3.445 0.0
3.455 0.0
3.465 0.0
3.475 0.0
3.485 0.0
3.495 0.0
3.505 0.0
3.515 0.0
3.525 0.0
3.535 0.0
3.545 0.0
3.555 0.0
3.565 0.0
3.575 0.0
3.585 0.0
3.5949999999999998 0.0
3.605 0.0
3.6149999999999998 0.0
3.625 0.0
3.635 0.0
3.645 0.0
3.655 0.0
3.665 0.0
3.675 0.0
3.685 0.0
3.695 0.0
3.705 0.0
3.715 0.0
3.725 0.0
3.735 0.0
3.745 0.0
3.755 0.0
3.765 0.0
3.775 0.0
3.785 0.0
3.795 0.0
3.805 0.0
3.815 0.0
3.825 0.0
3.835 0.0
3.8449999999999998 0.0
3.855 0.0
3.8649999999999998 0.0
3.875 0.0
3.885 0.0
3.895 0.0
3.905 0.0
3.915 0.0
3.925 0.0
3.935 0.0
3.945 0.0
3.955 0.0
3.965 0.0
3.975 0.0
3.985 0.0
3.995 0.0
4.005 0.0
4.015 0.0
4.025 0.0026701814264156877
4.035 0.003963575096262101
4.045 0.005824926725574249
4.055 0.011109558862849872
4.065 0.016119044164912978
4.075 0.02315851080899345
4.085 0.03294670225838789
4.095 0.046413503223660925
4.1049999999999995 0.0647453991822066
4.115 0.08943483688004587
4.125 0.12233165054733347
4.135 0.16569382180188463
4.145 0.22223384388645867
4.155 0.29515592656721995
4.165 0.3881782984092911
4.175 0.5055340570543344
4.185 0.6519435264737448
4.195 0.8325510562614935
4.205 1.0528197929104401
4.215 1.3183792964123184
4.225 1.6348230536758024
4.235 2.007455972871126
4.245 2.4409957621116627
4.255 2.93923653134763
4.265 3.507090232297533
4.275 4.141772488766159
4.285 4.846266813949683
4.295 5.613696108323147
4.305 6.440032232691999
4.315 7.317079685552359
4.325 8.234066190845594
4.335 9.177787083975959
4.345 10.13290365103704
4.355 11.082397006533014
4.365 12.00816778326493
4.375 12.891759918386132
4.385 13.715175146800188
4.395 14.461734534293171
4.405 15.116935553007323
4.415 15.669248742265202
4.425 16.1107975903272
4.435 16.437869273748866
4.445 16.651212275023717
4.455 16.75608924035885
4.465 16.762068934622352
4.475 16.68255868164283
4.485 16.534096907408735
4.495 16.335442891958827
4.505 16.10651617002603
4.515 15.867249939448602
4.525 15.636430339862688
4.535 15.430595897921044
4.545 15.263068543712762
4.555 15.143179547761445
4.565 15.075741071673566
4.575 15.060797684910055
4.585 15.09367337274849
4.595 15.165309631588098
4.605 15.26287068473998
4.615 15.370574093117288
4.625 15.47069038087797
4.635 15.544644807871595
4.645 15.574148838697521
4.655 15.542288540253754
4.665 15.43450203064964
4.675 15.239387736106925
4.685 14.94929874906222
4.695 14.560694877237948
4.705 14.074241683545536
4.715 13.494663509846852
4.725 12.830373767531896
4.735 12.09291944637631
4.745 11.29628689656435
4.755 10.456121885411214
4.765 9.588918520601663
4.775 8.711229057202056
4.785 7.838940408035118
4.795 6.986654173418308
4.805 6.167196190800171
4.815 5.391270038451329
4.825 4.667257629924267
4.835 3.999378943062622
4.845 3.395486176278557
4.855 2.854534407849034
4.865 2.374467605054441
4.875 1.9574794617928302
4.885 1.5978170134976835
4.895 1.2913844868256912
4.905 1.0334336838554052
4.915 0.8188568853020163
4.925 0.6424384933243493
4.935 0.49906035198573695
4.945 0.38385954631887986
4.955 0.2923406304304098
4.965 0.22044657491385178
4.975 0.16459424836599104
4.985 0.12168102280007223
4.995 0.09086555636688498
5.005 0.06722130249961994
5.015 0.050244807658415554
5.025 0.03861854432257439
5.035 0.03137161668543023
5.045 0.027845694443971638
5.055 0.027666215611353677
5.065 0.03071986142034098
5.075 0.03553604770659241
5.085 0.04623059680984111
5.095 0.05948605520926901
5.105 0.0798972887258363
5.115 0.10624438069747506
5.125 0.13987398622053934
5.135 0.18231608634544771
5.145 0.23527191229654823
5.155 0.3005884095485409
5.165 0.3819051661562669
5.175 0.47866029305751456
5.185 0.5940484215842474
5.195 0.7300470569823513
5.205 0.8901052111207527
5.215 1.0731799908675008
5.225 1.2815393957587062
5.235 1.5158364643667261
5.245 1.776121609015558
5.255 2.0617650933707585
5.265 2.3714087107366932
5.275 2.704578290455878
5.285 3.056009156160376
5.295 3.4234532145604493
5.305 3.803115774063702
5.315 4.190919234066632
5.325 4.582720692075256
5.335 4.974553517250774
5.345 5.362876382516007
5.355 5.744810532705497
5.365 6.121491093900587
5.375 6.48715869987474
5.385 6.8457796250077845
5.395 7.196461882978612
5.405 7.542917379514929
5.415 7.888787858097782
5.425 8.23845591783024
5.435 8.596749619588364
5.445 8.968603425743161
5.455 9.358700810677155
5.465 9.772646245406248
5.475 10.211310667981781
5.485 10.67781671851616
5.495 11.172979209827519
5.505 11.696254221529147
5.515 12.245773650933723
5.525 12.818473632571443
5.535 13.410302651630062
5.545 14.0164876524596
5.555 14.63183099547259
5.565 15.25100833590535
5.575 15.868837712183531
5.585 16.48049336160214
5.595 17.081643736371845
5.605 17.66850129756196
5.615 18.237781112525504
5.625 18.786575119634684
5.635 19.31215814930456
5.645 19.811749453280274
5.655 20.282258799478306
5.665 20.720048579172364
5.675 21.12074258561316
5.685 21.47910822183417
5.695 21.78903226266812
5.705 22.043601592436303
5.715 22.235290433922763
5.725 22.35624546001811
5.735 22.39865083139224
5.745 22.35514753206747
5.755 22.219276092709798
5.765 21.98590935348099
5.775 21.651642480269622
5.785 21.215110861126014
5.795 20.677212348371548
5.805 20.04001982653147
5.815 19.311972396624633
5.825 18.499207318276056
5.835 17.611647637131657
5.845 16.660885915578994
5.855 15.659793817579743
5.865 14.622086222904553
5.875 13.561865851211095
5.885 12.493173413328028
5.895 11.429565705367231
5.905 10.383740231822264
5.915 9.367220345668235
5.925 8.390109980768603
5.935 7.460922230265151
5.945 6.586481621046975
5.955 5.771896181556343
5.965 5.020592434554868
5.975 4.333278292887196
5.985 3.7129621572729707
5.995 3.157089617072388
6.005 2.6636712094948582
6.015 2.2286871453734247
6.025 1.8511087689638586
6.035 1.525182146072476
6.045 1.2464692753665703
6.055 1.0103552351330745
6.065 0.8121973038603387
6.075 0.6474499365186892
6.085 0.5106821980841887
6.095 0.4003527183293642
6.105 0.3111425370577544
6.115 0.23970015724078225
6.125 0.1830366233605339
6.135 0.13852803016960938
6.1450000000000005 0.10390525472636643
6.155 0.0772340541625541
6.165 0.0568884453570417
6.175 0.039421453315558325
6.185 0.028639219778491865
6.195 0.019563824970165754
6.205 0.0139947491158948
6.215 0.009911366165552198
6.225 0.006949586741201177
6.235 0.004824379840727867
6.245 0.0033157445413475616
6.255 0.0022562004826518355
6.265 0.0015199572297062032
6.275 0.0
6.285 0.0
6.295 0.0
6.305 0.0
6.315 0.0
6.325 0.0
6.335 0.0
6.345 0.0
6.355 0.0
6.365 0.0
6.375 0.0
6.385 0.0
6.3950000000000005 0.0
6.405 0.0
6.415 0.0
6.425 0.0
6.435 0.0
6.445 0.0
6.455 0.0
6.465 0.0
6.475 0.0
6.485 0.0
6.495 0.0
6.505 0.0
6.515 0.0
6.525 0.0
6.535 0.0
6.545 0.0
6.555 0.0
6.565 0.0
6.575 0.0
6.585 0.0
6.595 0.0
6.605 0.0
6.615 0.0
6.625 0.0
6.635 0.0
6.6450000000000005 0.0
6.655 0.0
6.665 0.0
6.675 0.0
6.685 0.0
6.695 0.0
6.705 0.0
6.715 0.0
6.725 0.0
6.735 0.0
6.745 0.0
6.755 0.0
6.765 0.0
6.775 0.0
6.785 0.0
6.795 0.0
6.805 0.0
6.815 0.0
6.825 0.0
6.835 0.0
6.845 0.0
6.855 0.0
6.865 0.0
6.875 0.0
6.885 0.0
6.8950000000000005 0.0
6.905 0.0
6.915 0.0
6.925 0.0
6.935 0.0
6.945 0.0
6.955 0.0
6.965 0.0
6.975 0.0
6.985 0.0
6.995 0.0
