0.005 0.0
0.015 0.0
0.025 0.0
0.034999999999999996 0.0
0.045 0.0
0.055 0.0
0.065 0.0
0.07500000000000001 0.0
0.085 0.0
0.095 0.0
0.10500000000000001 0.0
0.115 0.0
0.125 0.0
0.135 0.0
0.14500000000000002 0.0
0.155 0.0
0.165 0.0
0.17500000000000002 0.0
0.185 0.0
0.195 0.0
0.20500000000000002 0.0
0.215 0.0
0.225 0.0
0.23500000000000001 0.0
0.245 0.0
0.255 0.0
0.265 0.0
0.275 0.0
0.28500000000000003 0.0
0.295 0.0
0.305 0.0
0.315 0.0
0.325 0.0
0.335 0.0
0.34500000000000003 0.0
0.35500000000000004 0.0
0.365 0.0
0.375 0.0
0.385 0.0
0.395 0.0
0.405 0.0
0.41500000000000004 0.0
0.425 0.0
0.435 0.0
0.445 0.0
0.455 0.0
0.465 0.0
0.47500000000000003 0.0
0.485 0.0
0.495 0.0
0.505 0.0
0.515 0.0
0.525 0.0
0.535 0.0
0.545 0.0
0.555 0.0
0.5650000000000001 0.0
0.5750000000000001 0.0
0.585 0.0
0.595 0.0
0.605 0.0
0.615 0.0
0.625 0.0
0.635 0.0
0.645 0.0
0.655 0.0
0.665 0.0
0.675 0.0
0.685 0.0
0.6950000000000001 0.0
0.7050000000000001 0.0
0.715 0.0
0.725 0.0
0.735 0.0
0.745 0.0
0.755 0.0
0.765 0.0
0.775 0.0
0.785 0.0
0.795 0.0
0.805 0.0
0.8150000000000001 0.0
0.8250000000000001 0.0
0.8350000000000001 0.0
0.845 0.0
0.855 0.0
0.865 0.0
0.875 0.0
0.885 0.0
0.895 0.0
0.905 0.0
0.915 0.0
0.925 0.0
0.935 0.0
0.9450000000000001 0.0
0.9550000000000001 0.0
0.965 0.0
0.975 0.0
0.985 0.0
0.995 0.0
1.005 0.0
1.015 0.0
1.025 0.0
1.035 0.0
1.045 0.0
1.055 0.0
1.065 0.0
1.075 0.0
1.085 0.0
1.095 0.0
1.105 0.0
1.115 0.0
1.125 0.0
1.135 0.0
1.145 0.0
1.155 0.0
1.1649999999999998 0.0
1.1749999999999998 0.0
1.1849999999999998 0.0
1.1949999999999998 0.0
1.2049999999999998 0.0
1.2149999999999999 0.0
1.2249999999999999 0.0
1.2349999999999999 0.0
1.2449999999999999 0.0
1.255 0.0
1.265 0.0
1.275 0.0
1.285 0.0
1.295 0.0
1.305 0.0
1.315 0.0
1.325 0.0
1.335 0.0
1.345 0.0
1.355 0.0
1.365 0.0
1.375 0.0
1.385 0.0
1.395 0.0
1.405 0.0
1.4149999999999998 0.0
1.4249999999999998 0.0
1.4349999999999998 0.0
1.4449999999999998 0.0
1.4549999999999998 0.0
1.4649999999999999 0.015031723991332973
1.4749999999999999 0.022312853455021275
1.4849999999999999 0.0327912889897168
1.4949999999999999 0.0477110439543023
1.505 0.06872842715959543
1.515 0.09801915321420891
1.525 0.13840205627282276
1.535 0.19347782386161141
1.545 0.2677792375421361
1.555 0.36692699352307756
1.565 0.49778233369130964
1.575 0.6685845732691659
1.585 0.8890583781211362
1.595 1.1704726265445324
1.605 1.5256302777388102
1.615 1.9687673210635823
1.625 2.515339090132121
1.635 3.181674471444733
1.645 3.9844832161179826
1.655 4.940208918765475
1.665 6.064230273939262
1.6749999999999998 7.369925676522014
1.6849999999999998 8.867630476361867
1.6949999999999998 10.563531255282516
1.7049999999999998 12.4585560717729
1.7149999999999999 14.54733218108022
1.7249999999999999 16.81729164316214
1.7349999999999999 19.24800889876303
1.7449999999999999 21.810851508249836
1.755 24.469014957931336
1.765 27.177994538726796
1.775 29.886522359079784
1.785 32.53796695659345
1.795 35.07215888451993
1.805 37.427570858251684
1.815 39.54374872038785
1.825 41.36386284675537
1.835 42.83723159618435
1.845 43.921661276974625
1.855 44.58545218188327
1.865 44.80893769097078
1.875 44.58545218188327
1.885 43.921661276974625
1.895 42.83723159618435
1.905 41.36386284675537
1.915 39.54374872038785
1.9249999999999998 37.427570858251684
1.9349999999999998 35.07215888451993
1.9449999999999998 32.53796695659345
1.9549999999999998 29.886522359079784
1.9649999999999999 27.177994538726796
1.9749999999999999 24.469014957931336
1.9849999999999999 21.810851508249836
1.9949999999999999 19.24800889876303
2.005 16.81729164316214
2.015 14.54733218108022
2.025 12.4585560717729
2.035 10.563531255282516
2.045 8.867630476361867
2.0549999999999997 7.369925676522014
2.065 6.064230273939262
2.0749999999999997 4.940208918765475
2.085 3.9844832161179826
2.0949999999999998 3.181674471444733
2.105 2.515339090132121
2.1149999999999998 1.9687673210635823
2.125 1.5256302777388102
2.135 1.1704726265445324
2.145 0.8890583781211362
2.155 0.6685845732691659
2.165 0.49778233369130964
2.175 0.36692699352307756
2.185 0.2677792375421361
2.195 0.19347782386161141
2.205 0.13840205627282276
2.215 0.09801915321420891
2.225 0.06872842715959543
2.235 0.0477110439543023
2.245 0.0327912889897168
2.255 0.022312853455021275
2.265 0.015031723991332973
2.275 0.0
2.285 0.0
2.295 0.0
2.305 0.0
2.315 0.0
2.3249999999999997 0.0
2.335 0.0
2.3449999999999998 0.0
2.355 0.0
2.3649999999999998 0.0
2.375 0.0
2.385 0.0
2.395 0.0
2.405 0.0
2.415 0.0
2.425 0.0
2.435 0.0
2.445 0.0
2.455 0.0
2.465 0.0
2.475 0.0
2.485 0.0
2.495 0.0
2.505 0.0
2.515 0.0
2.525 0.0
2.535 0.0
2.545 0.0
2.555 0.0
2.565 0.0
2.5749999999999997 0.0
2.585 0.0
2.5949999999999998 0.0
2.605 0.0
2.6149999999999998 0.0
2.625 0.0
2.635 0.0
2.645 0.0
2.655 0.0
2.665 0.0
2.675 0.0
2.685 0.0
2.695 0.0
2.705 0.0
2.715 0.0
2.725 0.0
2.735 0.0
2.745 0.0
2.755 0.0
2.765 0.0
2.775 0.0
2.785 0.0
2.795 0.0
2.805 0.0
2.815 0.0
2.8249999999999997 0.0
2.835 0.0
2.8449999999999998 0.0
2.855 0.0
2.8649999999999998 0.0
2.875 0.0
2.885 0.0
2.895 0.0
2.905 0.0
2.915 0.0
2.925 0.0
2.935 0.0
2.945 0.0
2.955 0.0
2.965 0.0
2.975 0.0
2.985 0.0
2.995 0.0
3.005 0.0
3.015 0.0
3.025 0.0
3.035 0.0
3.045 0.0
3.055 0.0
3.065 0.0
3.075 0.0
3.085 0.0
3.0949999999999998 0.0
3.105 0.0
3.1149999999999998 0.0
3.125 0.0
3.135 0.0
3.145 0.0
3.155 0.0
3.165 0.0
3.175 0.0
3.185 0.0
3.195 0.0
3.205 0.0
3.215 0.0
3.225 0.0
3.235 0.0
3.245 0.0
3.255 0.0
3.265 0.0
3.275 0.0
3.285 0.0
3.295 0.0
3.305 0.0
3.315 0.0
3.325 0.0
3.335 0.0
3.3449999999999998 0.0
3.355 0.0
3.3649999999999998 0.0
3.375 0.0
3.385 0.0
3.395 0.0
3.405 0.0
3.415 0.0
3.425 0.0
3.435 0.0
3.445 0.0
3.455 0.0
3.465 0.0
3.475 0.0
3.485 0.0
3.495 0.0
3.505 0.0
3.515 0.0
3.525 0.0
3.535 0.0
3.545 0.003359489266924387
3.555 0.008329294942962924
3.565 0.012290219752099747
3.575 0.017954717048788114
3.585 0.025969585159652007
3.5949999999999998 0.03718938599849769
3.605 0.05272791179875773
3.6149999999999998 0.07401670073992529
3.625 0.10286946420737758
3.635 0.1415503198457173
3.645 0.19284255254473642
3.655 0.260113290673268
3.665 0.3473680631084699
3.675 0.4592878091178537
3.685 0.6012397028044855
3.695 0.7792523160524064
3.705 0.9999453910625755
3.715 1.2704050421414956
3.725 1.597996751451151
3.735 1.9901112077442504
3.745 2.4538419180034214
3.755 2.9955985396836513
3.765 3.6206658344419007
3.775 4.335724214695716
3.785 5.140795844934079
3.795 6.032546495595749
3.805 7.009395042723611
3.815 8.064559413225977
3.825 9.187861621268272
3.835 10.365703842228324
3.8449999999999998 11.581233866928597
3.855 12.814716978695593
3.8649999999999998 14.044118046139467
3.875 15.2458821556718
3.885 16.39588556022804
3.895 17.470512490001397
3.905 18.447798985337208
3.915 19.308573880905794
3.925 20.03752072173596
3.935 20.624083715531224
3.945 21.063146344264133
3.955 21.355422940628095
3.965 21.5075207684726
3.975 21.53165176808607
3.985 21.44499751696565
3.995 21.268756179518718
4.005 21.026924202304727
4.015 20.744886237033263
4.025 20.44790246548846
4.035 20.159591787098496
4.045 19.900511366091347
4.055 19.686927575082763
4.065 19.529860785623292
4.075 19.434467693127505
4.085 19.399801367658476
4.095 19.41896280807532
4.1049999999999995 19.479630479979072
4.115 19.56492822732006
4.125 19.654569040620103
4.135 19.72619414968127
4.145 19.756815090061057
4.155 19.724261569326305
4.165 19.60854036236279
4.175 19.39301974297163
4.185 19.065369210335398
4.195 18.61820412421935
4.205 18.049407607518077
4.215 17.36212580425417
4.225 16.564455372600317
4.235 15.66886217778006
4.245 14.691386070887997
4.255 13.650697371228858
4.265 12.567075694509748
4.275 11.461381100511616
4.285 10.354081683182407
4.295 9.264391621294655
4.305 8.209560573595372
4.315 7.204340518381329
4.325 6.260641091413191
4.335 5.3873704291539815
4.345 4.590446502500863
4.355 3.870713946629977
4.365 3.2317118388742365
4.375 2.6737278471500385
4.385 2.190128437432896
4.395 1.7761914436939148
4.405 1.426191213276494
4.415 1.1337923468974695
4.425 0.8923948510271724
4.435 0.6954218753254373
4.445 0.5365465221291109
4.455 0.4098586933992933
4.465 0.3099764034577985
4.475 0.23210838025687391
4.485 0.17207615523578376
4.495 0.12630432968576166
4.505 0.09396062636677643
4.515 0.06926718761082137
4.525 0.051786016034086446
4.535 0.04007826641982315
4.545 0.03310582495056825
4.555 0.030189273299830684
4.565 0.030973535501148883
4.575 0.03540199235046434
4.585 0.04169827477351858
4.595 0.055142465488466026
4.605 0.07924972536008791
4.615 0.10742550725770118
4.625 0.1442894027695797
4.635 0.19204693122006933
4.645 0.2533123001568939
4.655 0.33114078790041906
4.665 0.4290515470699833
4.675 0.5510370847839254
4.685 0.7015554792303448
4.695 0.8875154796707505
4.705 1.1111418214453646
4.715 1.3794793089226458
4.725 1.698460355445654
4.735 2.074115522247247
4.745 2.5124105310631664
4.755 3.019054305629129
4.765 3.601240577839519
4.775 4.260517398037381
4.785 5.001858589578198
4.795 5.829672468768302
4.805 6.742044452497415
4.815 7.739716397819144
4.825 8.820271429090194
4.835 9.979256603604323
4.845 11.210064466118986
4.855 12.503877994751832
4.865 13.849690185420998
4.875 15.2344075014118
4.885 16.643043400975742
4.895 18.059004123431762
4.905 19.464463937717625
4.915 20.84082133614936
4.925 22.169221526249466
4.935 23.431124500967286
4.945 24.610722608361357
4.955 25.68908318961934
4.965 26.65339181891769
4.975 27.492120705528585
4.985 28.196610298098545
4.995 28.761301228998
5.005 29.1838205801243
5.015 29.464915667354973
5.025 29.608239567315238
5.035 29.620003822585865
5.045 29.508524061244575
5.055 29.28369257972859
5.065 28.95641734629834
5.075 28.538068743122945
5.085 28.039973401730965
5.095 27.472988837611766
5.105 26.84718380617812
5.115 26.171638293790814
5.125 25.454364992043548
5.135 24.702342272792357
5.145 23.921638349585137
5.155 23.117598565352573
5.165 22.295063368759145
5.175 21.458583919625077
5.185 20.612605347852934
5.195 19.761594006449013
5.205 18.910093772922018
5.215 18.062706475719096
5.225 17.22400164554661
5.235 16.39836983510184
5.245 15.589840701625512
5.255 14.801891173740152
5.265 14.037269955825387
5.275 13.29786237884057
5.285 12.584614578063267
5.295 11.89752886812278
5.305 11.235733909130985
5.315 10.596175383777489
5.325 9.980103681758175
5.335 9.382976065737623
5.345 8.802357114077532
5.355 8.23599812625524
5.365 7.682060035912041
5.375 7.139288539078671
5.385 6.607128547071267
5.395 6.085771340196314
5.405 5.574736657750242
5.415 5.076072339259709
5.425 4.596339411232693
5.435 4.133966895375091
5.445 3.691663299237491
5.455 3.2720672046946735
5.465 2.877581548270926
5.475 2.510230518610049
5.485 2.171548765795936
5.495 1.8625086356884308
5.505 1.5821438464428703
5.515 1.3333842305530677
5.525 1.1135160744424923
5.535 0.9213344644466204
5.545 0.7552183325757756
5.555 0.6132293551117811
5.565 0.4932132442093034
5.575 0.39158985134946694
5.585 0.30911413581575486
5.595 0.24163151590020626
5.605 0.1857430044782798
5.615 0.14250313820212826
5.625 0.10824141125041169
5.635 0.08139908416795597
5.645 0.060604189353839426
5.655 0.044672764558771304
5.665 0.032601686557832306
5.675 0.02355561031289889
5.685 0.01685022520409572
5.695 0.011933672450056705
5.705 0.008367574201929536
5.715 0.005808741986952464
5.725 0.003992286090895398
5.735 0.002716553610460498
5.745 0.0018300879429166824
5.755 0.0
5.765 0.0
5.775 0.0
5.785 0.0
5.795 0.0
5.805 0.0
5.815 0.0
5.825 0.0
5.835 0.0
5.845 0.0
5.855 0.0
5.865 0.0
5.875 0.0
5.885 0.0
5.895 0.0
5.905 0.0
5.915 0.0
5.925 0.0
5.935 0.0
5.945 0.0
5.955 0.0
5.965 0.0
5.975 0.0
5.985 0.0
5.995 0.0
6.005 0.0
6.015 0.0
6.025 0.0
6.035 0.0
6.045 0.0
6.055 0.0
6.065 0.0
6.075 0.0
6.085 0.0
6.095 0.0
6.105 0.0
6.115 0.0
6.125 0.0
6.135 0.0
6.1450000000000005 0.0
6.155 0.0
6.165 0.0
6.175 0.0
6.185 0.0
6.195 0.0
6.205 0.0
6.215 0.0
6.225 0.0
6.235 0.0
6.245 0.0
6.255 0.0
6.265 0.0
6.275 0.0
6.285 0.0
6.295 0.0
6.305 0.0
6.315 0.0
6.325 0.0
6.335 0.0
6.345 0.0
6.355 0.0
6.365 0.0
6.375 0.0
6.385 0.0011357107143313337
6.3950000000000005 0.0028182014209253347
6.405 0.004158394131777142
6.415 0.0072007408088754585
6.425 0.010457916742365509
6.435 0.01503897364446948
6.445 0.022529840051212304
6.455 0.032960330897242304
6.465 0.046233501325895335
6.475 0.06422929008087311
6.485 0.08837420675469242
6.495 0.12043121418568528
6.505 0.1625469756059173
6.515 0.2172952700927581
6.525 0.2877123829307452
6.535 0.3773194297238097
6.545 0.4901258716908308
6.555 0.6306080405519869
6.565 0.8036564403790607
6.575 1.0155607339433887
6.585 1.270100200487926
6.595 1.5745512778615978
6.605 1.9336731885626062
6.615 2.3514969863014734
6.625 2.8341067620269147
6.635 3.3831769541261734
6.6450000000000005 4.001487903915303
6.655 4.689518625239176
6.665 5.445898855460789
6.675 6.267198238175953
6.685 7.147791194390492
6.695 8.079817106694392
6.705 9.053251291142367
6.715 10.056096143539124
6.725 11.074694095559561
6.735 12.094155088080282
6.745 13.099994474577986
6.755 14.07593454420147
6.765 15.005912581458176
6.775 15.87681114090571
6.785 16.677698407716072
6.795 17.397133563985026
6.805 18.030054147474154
6.815 18.571922588556117
6.825 19.0209527120249
6.835 19.38014328393862
6.845 19.654486194265473
6.855 19.851314429632847
6.865 19.979775330936143
6.875 20.050228514188884
6.885 20.073616002954005
6.8950000000000005 20.060853377056198
6.905 20.022287376095754
6.915 19.967257677052153
6.925 19.90378923657361
6.935 19.838427801063986
6.945 19.776216382320072
6.955 19.720796249842973
6.965 19.674603840220218
6.975 19.639126251596796
6.985 19.615173630529817
6.995 19.603127239181493
