0.005 0.0
0.015 0.0
0.025 0.0
0.034999999999999996 0.0
0.045 0.0
0.055 0.0
0.065 0.0
0.07500000000000001 0.0
0.085 0.0
0.095 0.0
0.10500000000000001 0.0
0.115 0.0
0.125 0.0
0.135 0.0
0.14500000000000002 0.0
0.155 0.0
0.165 0.0
0.17500000000000002 0.0
0.185 0.0
0.195 0.0
0.20500000000000002 0.0
0.215 0.0
0.225 0.0
0.23500000000000001 0.0
0.245 0.0
0.255 0.0
0.265 0.0
0.275 0.0
0.28500000000000003 0.0
0.295 0.0
0.305 0.0
0.315 0.0
0.325 0.0
0.335 0.0
0.34500000000000003 0.0
0.35500000000000004 0.0
0.365 0.0
0.375 0.0
0.385 0.0
0.395 0.0
0.405 0.0
0.41500000000000004 0.0
0.425 0.0
0.435 0.0
0.445 0.0
0.455 0.0
0.465 0.0
0.47500000000000003 0.0
0.485 0.0
0.495 0.0
0.505 0.0
0.515 0.0
0.525 0.0
0.535 0.0
0.545 0.0
0.555 0.0
0.5650000000000001 0.0
0.5750000000000001 0.0
0.585 0.0
0.595 0.0
0.605 0.0
0.615 0.0
0.625 0.0
0.635 0.0
0.645 0.0
0.655 0.0
0.665 0.0
0.675 0.0
0.685 0.0
0.6950000000000001 0.0
0.7050000000000001 0.0
0.715 0.0
0.725 0.0
0.735 0.0
0.745 0.0
0.755 0.0
0.765 0.0
0.775 0.0
0.785 0.0
0.795 0.0
0.805 0.0
0.8150000000000001 0.0
0.8250000000000001 0.0
0.8350000000000001 0.0
0.845 0.0
0.855 0.0
0.865 0.0
0.875 0.0
0.885 0.0
0.895 0.0
0.905 0.0
0.915 0.0
0.925 0.0
0.935 0.0
0.9450000000000001 0.0
0.9550000000000001 0.0
0.965 0.0
0.975 0.0
0.985 0.0
0.995 0.0
1.005 0.0
1.015 0.0
1.025 0.0
1.035 0.0
1.045 0.0
1.055 0.0
1.065 0.0
1.075 0.0
1.085 0.0
1.095 0.0
1.105 0.0
1.115 0.0
1.125 0.0
1.135 0.0
1.145 0.0
1.155 0.0
1.1649999999999998 0.0
1.1749999999999998 0.0
1.1849999999999998 0.0
1.1949999999999998 0.0
1.2049999999999998 0.0
1.2149999999999999 0.0
1.2249999999999999 0.0
1.2349999999999999 0.0
1.2449999999999999 0.0
1.255 0.0
1.265 0.0
1.275 0.0
1.285 0.01841477515436817
1.295 0.02733460111850733
1.305 0.04017132127463952
1.315 0.05844892756846999
1.325 0.08419649892367993
1.335 0.12007941792318384
1.345 0.16955092766709556
1.355 0.23702208913776618
1.365 0.32804583514104985
1.375 0.4495078600226877
1.385 0.6098136019545999
1.395 0.8190567226706442
1.405 1.0891505286850434
1.4149999999999998 1.4339000805621471
1.4249999999999998 1.8689897811758012
1.4349999999999998 2.411859582410992
1.4449999999999998 3.081443206945721
1.4549999999999998 3.8977445328180456
1.4649999999999999 4.881234020360685
1.4749999999999999 6.052056072019673
1.4849999999999999 7.429050522966745
1.4949999999999999 9.028606719748764
1.505 10.863386093862536
1.515 12.940967583913048
1.525 15.262488117934224
1.535 17.82136575717827
1.545 20.602204011517607
1.555 23.579980329892113
1.565 26.71961823416344
1.575 29.97602995897078
1.585 33.294694531769345
1.595 36.612805670578794
1.605 39.86098639327105
1.615 42.96552547193481
1.625 45.85104824478413
1.635 48.44349469605997
1.645 50.67324508341889
1.655 52.47821131722222
1.665 53.80670356162413
1.6749999999999998 54.6198877493098
1.6849999999999998 54.89367107599136
1.6949999999999998 54.6198877493098
1.7049999999999998 53.80670356162413
1.7149999999999999 52.47821131722222
1.7249999999999999 50.67324508341889
1.7349999999999999 48.44349469605997
1.7449999999999999 45.85104824478413
1.755 42.96552547193481
1.765 39.86098639327105
1.775 36.612805670578794
1.785 33.294694531769345
1.795 29.97602995897078
1.805 26.71961823416344
1.815 23.579980329892113
1.825 20.602204011517607
1.835 17.82136575717827
1.845 15.262488117934224
1.855 12.940967583913048
1.865 10.863386093862536
1.875 9.028606719748764
1.885 7.429050522966745
1.895 6.052056072019673
1.905 4.881234020360685
1.915 3.8977445328180456
1.9249999999999998 3.081443206945721
1.9349999999999998 2.411859582410992
1.9449999999999998 1.8689897811758012
1.9549999999999998 1.4339000805621471
1.9649999999999999 1.0891505286850434
1.9749999999999999 0.8190567226706442
1.9849999999999999 0.6098136019545999
1.9949999999999999 0.4495078600226877
2.005 0.32804583514104985
2.015 0.23702208913776618
2.025 0.16955092766709556
2.035 0.12007941792318384
2.045 0.08419649892367993
2.0549999999999997 0.05844892756846999
2.065 0.04017132127463952
2.0749999999999997 0.02733460111850733
2.085 0.01841477515436817
2.0949999999999998 0.0
2.105 0.0
2.1149999999999998 0.0
2.125 0.0
2.135 0.0
2.145 0.0
2.155 0.0
2.165 0.0
2.175 0.0
2.185 0.0
2.195 0.0
2.205 0.0
2.215 0.0
2.225 0.0
2.235 0.0
2.245 0.0
2.255 0.0
2.265 0.0
2.275 0.0
2.285 0.0
2.295 0.0
2.305 0.0
2.315 0.0
2.3249999999999997 0.0
2.335 0.0
2.3449999999999998 0.0
2.355 0.0
2.3649999999999998 0.0
2.375 0.0
2.385 0.0
2.395 0.0
2.405 0.0
2.415 0.0
2.425 0.0
2.435 0.0
2.445 0.0
2.455 0.0
2.465 0.0
2.475 0.0
2.485 0.0
2.495 0.0
2.505 0.0
2.515 0.0
2.525 0.0
2.535 0.0
2.545 0.0
2.555 0.0
2.565 0.0
2.5749999999999997 0.0
2.585 0.0
2.5949999999999998 0.0
2.605 0.0
2.6149999999999998 0.0
2.625 0.0
2.635 0.0
2.645 0.0
2.655 0.0
2.665 0.0
2.675 0.0
2.685 0.0
2.695 0.0
2.705 0.0
2.715 0.0
2.725 0.0
2.735 0.0
2.745 0.0
2.755 0.0
2.765 0.0
2.775 0.0
2.785 0.0
2.795 0.0
2.805 0.0
2.815 0.0
2.8249999999999997 0.0
2.835 0.0
2.8449999999999998 0.0
2.855 0.0
2.8649999999999998 0.0
2.875 0.0
2.885 0.0
2.895 0.0
2.905 0.0
2.915 0.0
2.925 0.0
2.935 0.0
2.945 0.0
2.955 0.0
2.965 0.0
2.975 0.0
2.985 0.0
2.995 0.0
3.005 0.0
3.015 0.0
3.025 0.00445703500897533
3.035 0.00661595230570403
3.045 0.009722898258434209
3.055 0.014146733491228034
3.065 0.02037856776366765
3.075 0.02906351910650702
3.085 0.04103739600845631
3.0949999999999998 0.05736783318458834
3.105 0.07939883922098182
3.1149999999999998 0.10879699872172795
3.125 0.14759672871793228
3.135 0.19824105679692258
3.145 0.26361342974322005
3.155 0.34705516656400986
3.165 0.45236245440345174
3.175 0.583756386131517
3.185 0.7458196006410877
3.195 0.9433937527437752
3.205 1.1814334268745208
3.215 1.4648142897837582
3.225 1.798096256225799
3.235 2.1852461349572674
3.245 2.6293284457983583
3.255 3.132177563288546
3.265 3.694068664724723
3.275 4.313408685234801
3.285 4.986471122869192
3.295 5.707199624229394
3.305 6.467104425539111
3.315 7.255272673016256
3.325 8.058508338942955
3.335 8.861610054026164
3.3449999999999998 9.647786104244403
3.355 10.399195732890025
3.3649999999999998 11.09759557269118
3.375 11.725060447791183
3.385 12.264739887503353
3.395 12.701606350799347
3.405 13.02676029957115
3.415 13.225329226543934
3.425 13.294111957114497
3.435 13.2314309415191
3.445 13.039660509050565
3.455 12.725154679371698
3.465 12.297989890072534
3.475 11.771541969191391
3.485 11.16192742278088
3.495 10.487347049466525
3.505 9.76737438436
3.515 9.02223222523938
3.525 8.272097603096718
3.535 7.536469491097087
3.545 6.83362506851598
3.555 6.1801804472486985
3.565 5.590761503095845
3.575 5.077780886044427
3.585 4.6513093354241875
3.5949999999999998 4.319023797115048
3.605 4.086211946077539
3.6149999999999998 3.9558126588821696
3.625 3.928474547285036
3.635 4.0026193689611755
3.645 4.174503273887183
3.655 4.438275587751809
3.665 4.78604129532129
3.675 5.207938732627214
3.685 5.692247527033978
3.695 6.225543045477903
3.705 6.792912289700286
3.715 7.378242365913478
3.725 7.964586692869973
3.735 8.534606588705435
3.745 9.07107758091497
3.755 9.55744161789853
3.765 9.978379246007684
3.775 10.32037059204502
3.785 10.572211319607524
3.795 10.725450015527962
3.805 10.774716811427746
3.815 10.717919234342437
3.825 10.556289786852831
3.835 10.291307072938512
3.8449999999999998 9.937341849999228
3.855 9.50007378471394
3.8649999999999998 8.991678741693988
3.875 8.425809589983707
3.885 7.81698996415204
3.895 7.180001309116556
3.905 6.529298859957066
3.915 5.8784878789138935
3.925 5.239885072630527
3.935 4.624182346495697
3.945 4.040221694680202
3.955 3.4948818350080337
3.965 2.9930698470126624
3.975 2.537805079177417
3.985 2.130378291059237
3.995 1.7705665239249029
4.005 1.4568835002791805
4.015 1.1868462338265025
4.025 0.9572406706994641
4.035 0.764372200809626
4.045 0.6042903802266525
4.055 0.472980823019305
4.065 0.36652064297686965
4.075 0.283807664018826
4.085 0.21746476258905215
4.095 0.16631765921644226
4.1049999999999995 0.13045135535183908
4.115 0.10391274651209567
4.125 0.08697658925181206
4.135 0.07869732828918978
4.145 0.07863389965914944
4.155 0.08685751441399756
4.165 0.10396249077716031
4.175 0.13108044703314498
4.185 0.16989660763593184
4.195 0.2226654199284931
4.205 0.29222120381215283
4.215 0.37956962886376927
4.225 0.4943232500127339
4.235 0.6374865359239873
4.245 0.8140898511011422
4.255 1.0294753097514706
4.265 1.2891477730658505
4.275 1.5985768532787714
4.285 1.9629500063663963
4.295 2.3868805298616147
4.305 2.8740786194260934
4.315 3.426998304463842
4.325 4.04647770618493
4.335 4.73139418884759
4.345 5.4783591102515246
4.355 6.281478529344152
4.365 7.132205967680344
4.375 8.01931084106873
4.385 8.931264863735427
4.395 9.850737155080564
4.405 10.757866188761572
4.415 11.635024058833888
4.425 12.462444651954335
4.435 13.220526320953372
4.445 13.890678818884854
4.455 14.456186143697387
4.465 14.903036044525493
4.475 15.220666224159649
4.485 15.402580245208199
4.495 15.446792673893325
4.505 15.3560725985168
4.515 15.13796656863472
4.525 14.804595234135338
4.535 14.372231436408894
4.545 13.860680149358695
4.555 13.29249155043847
4.565 12.692046911101833
4.575 12.084562508484488
4.585 11.495059259460623
4.595 10.947345434274114
4.605 10.463057018404681
4.615 10.060795602554581
4.625 9.75539768727546
4.635 9.557362547704695
4.645 9.472458762145482
4.655 9.501522461331522
4.665 9.640453440581743
4.675 9.880408501326995
4.685 10.208184681932638
4.695 10.606778323826092
4.705 11.05609918483025
4.715 11.533812164865608
4.725 12.016272908608073
4.735 12.479518002688412
4.745 12.900266210029539
4.755 13.256884742596203
4.765 13.530274483451578
4.775 13.70463070937424
4.785 13.768041395950242
4.795 13.712893489601022
4.805 13.536068187322176
4.815 13.238918576975195
4.825 12.827036041182758
4.835 12.309824572445311
4.845 11.699913530030356
4.855 11.012448441039256
4.865 10.264305473040213
4.875 9.473277742583653
4.885 8.655539196796731
4.895 7.83246849115966
4.905 7.017597034785787
4.915 6.223565181457406
4.925 5.466601194245954
4.935 4.754046305640653
4.945 4.093334935334761
4.955 3.48946629291659
4.965 2.945157844819108
4.975 2.4610813954635304
4.985 2.03615672660029
4.995 1.6678778595004677
5.005 1.3526489122604235
5.015 1.086109779983282
5.025 0.8634359805034756
5.035 0.6796015010344642
5.045 0.5295979229014517
5.055 0.40860714856172836
5.065 0.3121284656260297
5.075 0.2360633198013262
5.085 0.17676299219293246
5.095 0.13104542536456076
5.105 0.09618781416998484
5.115 0.06990140433774267
5.125 0.05029437134101705
5.135 0.03582782859901572
5.145 0.025269066302461254
5.155 0.017645155385612565
5.165 0.012199143669704612
5.175 0.008350274503739045
5.185 0.005658999912690491
5.195 0.0022739982447886817
5.205 0.0
5.215 0.0
5.225 0.0
5.235 0.0
5.245 0.0
5.255 0.0
5.265 0.0
5.275 0.0
5.285 0.0
5.295 0.0
5.305 0.0
5.315 0.0
5.325 0.0
5.335 0.0
5.345 0.0
5.355 0.0
5.365 0.0
5.375 0.0
5.385 0.0
5.395 0.0
5.405 0.0
5.415 0.0
5.425 0.0
5.435 0.0
5.445 0.0
5.455 0.0
5.465 0.0
5.475 0.0
5.485 0.0
5.495 0.0
5.505 0.0
5.515 0.0
5.525 0.0
5.535 0.0
5.545 0.0
5.555 0.0
5.565 0.0
5.575 0.0
5.585 0.0
5.595 0.0
5.605 0.0
5.615 0.0
5.625 0.0
5.635 0.0
5.645 0.0
5.655 0.0
5.665 0.0
5.675 0.0
5.685 0.0
5.695 0.0
5.705 0.0
5.715 0.0
5.725 0.0
5.735 0.0
5.745 0.0
5.755 0.0
5.765 0.0
5.775 0.0
5.785 0.0
5.795 0.0
5.805 0.0
5.815 0.0
5.825 0.0
5.835 0.0
5.845 0.0
5.855 0.0
5.865 0.0
5.875 0.0
5.885 0.0
5.895 0.0
5.905 0.0
5.915 0.0013110543777786197
5.925 0.0019461083918122378
5.935 0.0028600287636840606
5.945 0.004161317296721416
5.955 0.005994435858280828
5.965 0.008549148454411322
5.975 0.01207131143937113
5.985 0.01687497376369485
5.995 0.023355480839074818
6.005 0.033277533708809835
6.015 0.04530795934458637
6.025 0.06236015106187417
6.035 0.08346816210566664
6.045 0.11067773596589953
6.055 0.14539482292138148
6.065 0.18923962728666505
6.075 0.24404875741846957
6.085 0.3118682281781926
6.095 0.39493538983199367
6.105 0.4956480952855702
6.115 0.6165198238279191
6.125 0.7601200523166545
6.135 0.9289998862505232
6.1450000000000005 1.1256037995283752
6.155 1.3521692344975909
6.165 1.6106167240934357
6.175 1.9024340513455167
6.185 2.228558695817293
6.195 2.590465470035726
6.205 2.9858342257797066
6.215 3.415373440486048
6.225 3.8750722128352786
6.235 4.362645642047374
6.245 4.874068199596973
6.255 5.4043963472034875
6.265 5.9478308348103734
6.275 6.497817096128953
6.285 7.0471838583570765
6.295 7.588318516701671
6.305 8.113376063225786
6.315 8.614516414978619
6.325 9.0853189659348
6.335 9.516988555777024
6.345 9.904128395052728
6.355 10.24165723191207
6.365 10.525817464359982
6.375 10.754370807609394
6.385 10.926737861826904
6.3950000000000005 11.04406835400978
6.405 11.109231581604949
6.415 11.126720580326499
6.425 11.10246861674515
6.435 11.043582460759286
6.445 10.958003082015786
6.455 10.854110395577516
6.465 10.740293866730685
6.475 10.624514603252141
6.485 10.513886536150295
6.495 10.414304092780462
6.505 10.33014128157236
6.515 10.264042452067377
6.525 10.216818518697952
6.535 10.187454697899387
6.545 10.173227510457732
6.555 10.169920720957073
6.565 10.172122784400973
6.575 10.174657583743333
6.585 10.169194691985725
6.595 10.149757918659407
6.605 10.109992847288957
6.615 10.044219773481556
6.625 9.948785313893646
6.635 9.818490782612589
6.6450000000000005 9.651838529097194
6.655 9.44798402650296
6.665 9.20744882422627
6.675 8.932060306599503
6.685 8.624847290822359
6.695 8.289904232227796
6.705 7.9322358982194885
6.715 7.5575923627698325
6.725 7.171427041009474
6.735 6.7825256847583635
6.745 6.3966090905207755
6.755 6.020786603991464
6.765 5.662089265607384
6.775 5.327311719542971
6.785 5.02285017483313
6.795 4.75453602780701
6.805 4.527466580186091
6.815 4.344986361471708
6.825 4.212213692357395
6.835 4.128986618616042
6.845 4.09788758279901
6.855 4.116855192705552
6.865 4.183590886308628
6.875 4.295450463176255
6.885 4.4454364198579075
6.8950000000000005 4.627815440979603
6.905 4.834952239606662
6.915 5.058318044610075
6.925 5.288778761019996
6.935 5.516923558683644
6.945 5.733420324096596
6.955 5.929381830813777
6.965 6.0967248037282955
6.975 6.22850344386852
6.985 6.320394375918484
6.995 6.366726641092717
