0.005 0.0
0.015 0.0
0.025 0.0
0.034999999999999996 0.0
0.045 0.0
0.055 0.0
0.065 0.0
0.07500000000000001 0.0
0.085 0.0
0.095 0.0
0.10500000000000001 0.0
0.115 0.0
0.125 0.0
0.135 0.0
0.14500000000000002 0.0
0.155 0.0
0.165 0.0
0.17500000000000002 0.0
0.185 0.0
0.195 0.0
0.20500000000000002 0.0
0.215 0.0
0.225 0.0
0.23500000000000001 0.0
0.245 0.0
0.255 0.0
0.265 0.0
0.275 0.0
0.28500000000000003 0.0
0.295 0.0
0.305 0.0
0.315 0.0
0.325 0.0
0.335 0.0
0.34500000000000003 0.0
0.35500000000000004 0.0
0.365 0.0
0.375 0.0
0.385 0.0
0.395 0.0
0.405 0.0
0.41500000000000004 0.0
0.425 0.0
0.435 0.0
0.445 0.0
0.455 0.0
0.465 0.0
0.47500000000000003 0.0
0.485 0.0
0.495 0.0
0.505 0.0
0.515 0.0
0.525 0.0
0.535 0.0
0.545 0.0
0.555 0.0
0.5650000000000001 0.0
0.5750000000000001 0.0
0.585 0.0
0.595 0.0
0.605 0.0
0.615 0.0
0.625 0.0
0.635 0.0
0.645 0.0
0.655 0.0
0.665 0.0
0.675 0.0
0.685 0.0
0.6950000000000001 0.0
0.7050000000000001 0.0
0.715 0.0
0.725 0.0
0.735 0.0
0.745 0.0
0.755 0.0
0.765 0.0
0.775 0.0
0.785 0.0
0.795 0.0
0.805 0.0
0.8150000000000001 0.0
0.8250000000000001 0.0
0.8350000000000001 0.0
0.845 0.0
0.855 0.0
0.865 0.0
0.875 0.0
0.885 0.0
0.895 0.0
0.905 0.0
0.915 0.0
0.925 0.0
0.935 0.0
0.9450000000000001 0.0
0.9550000000000001 0.0
0.965 0.0
0.975 0.0
0.985 0.0
0.995 0.0
1.005 0.0
1.015 0.0
1.025 0.0
1.035 0.0
1.045 0.0
1.055 0.0
1.065 0.0
1.075 0.0
1.085 0.0
1.095 0.0
1.105 0.0
1.115 0.0
1.125 0.0
1.135 0.0
1.145 0.0
1.155 0.0
1.1649999999999998 0.0
1.1749999999999998 0.0
1.1849999999999998 0.0
1.1949999999999998 0.0
1.2049999999999998 0.0
1.2149999999999999 0.0
1.2249999999999999 0.0
1.2349999999999999 0.0
1.2449999999999999 0.0
1.255 0.0
1.265 0.0
1.275 0.0
1.285 0.0
1.295 0.0
1.305 0.0
1.315 0.0
1.325 0.0
1.335 0.0
1.345 0.0
1.355 0.0
1.365 0.0
1.375 0.0
1.385 0.0
1.395 0.0
1.405 0.0
1.4149999999999998 0.0
1.4249999999999998 0.0
1.4349999999999998 0.0
1.4449999999999998 0.0
1.4549999999999998 0.0
1.4649999999999999 0.0
1.4749999999999999 0.0
1.4849999999999999 0.0
1.4949999999999999 0.0
1.505 0.014407099258054348
1.515 0.02138567037568429
1.525 0.03142868745772528
1.535 0.04572847042370901
1.545 0.06587250221658995
1.555 0.09394608831041457
1.565 0.132650929686513
1.575 0.1854380917460824
1.585 0.2566520019087683
1.595 0.3516797952912428
1.605 0.47709760334421036
1.615 0.6408023667176589
1.625 0.8521146547915145
1.635 1.121835081537263
1.645 1.4622345949905207
1.655 1.886957625547881
1.665 2.4108172795144585
1.6749999999999998 3.0494639166706135
1.6849999999999998 3.818912935054024
1.6949999999999998 4.734924636004312
1.7049999999999998 5.812238671406945
1.7149999999999999 7.063677513461336
1.7249999999999999 8.499147039312026
1.7349999999999999 10.124576755012574
1.7449999999999999 11.940856154727134
1.755 13.942835751478269
1.765 16.118469850456545
1.775 18.44818165130515
1.785 20.90452850007224
1.795 23.452235249196594
1.805 26.048646527840738
1.815 28.64462481838988
1.825 31.185891908953582
1.835 33.614778619862335
1.845 35.87231435686291
1.855 37.90055706043249
1.865 39.64503859127241
1.875 41.057183321243365
1.885 42.09655086541421
1.895 42.732758758742115
1.905 42.94695760340006
1.915 42.732758758742115
1.9249999999999998 42.09655086541421
1.9349999999999998 41.057183321243365
1.9449999999999998 39.64503859127241
1.9549999999999998 37.90055706043249
1.9649999999999999 35.87231435686291
1.9749999999999999 33.614778619862335
1.9849999999999999 31.185891908953582
1.9949999999999999 28.64462481838988
2.005 26.048646527840738
2.015 23.452235249196594
2.025 20.90452850007224
2.035 18.44818165130515
2.045 16.118469850456545
2.0549999999999997 13.942835751478269
2.065 11.940856154727134
2.0749999999999997 10.124576755012574
2.085 8.499147039312026
2.0949999999999998 7.063677513461336
2.105 5.812238671406945
2.1149999999999998 4.734924636004312
2.125 3.818912935054024
2.135 3.0494639166706135
2.145 2.4108172795144585
2.155 1.894966751845866
2.165 1.4741232154503383
2.175 1.1393067684271894
2.185 0.8775358092152545
2.195 0.6774218957683807
2.205 0.5293236672452486
2.215 0.4254224710634278
2.225 0.35973986648507206
2.235 0.3281148555484003
2.245 0.32815509374385143
2.255 0.3591719254624305
2.265 0.4221043151000965
2.275 0.5194320084050701
2.285 0.6550739260035066
2.295 0.8342641921929456
2.305 1.063395634095116
2.315 1.3402101094153969
2.3249999999999997 1.6952435193440036
2.335 2.1229919687515384
2.3449999999999998 2.632216849619996
2.355 3.231112159326957
2.3649999999999998 3.926806105810608
2.375 4.724805517317349
2.385 5.628406696733488
2.395 6.638104127436585
2.405 7.751035131046118
2.415 8.960503322026893
2.425 10.25562565836193
2.435 11.621146350005276
2.445 13.037455404207
2.455 14.480840049492047
2.465 15.923983990088642
2.475 17.33671313984157
2.485 18.686968321868566
2.495 19.94196688306357
2.505 21.069497948470335
2.515 22.03928184838953
2.525 22.82431464998199
2.535 23.402114926233764
2.545 23.75579260125842
2.555 23.87486900720383
2.565 23.75579260125842
2.5749999999999997 23.402114926233764
2.585 22.82431464998199
2.5949999999999998 22.03928184838953
2.605 21.069497948470335
2.6149999999999998 19.94196688306357
2.625 18.686968321868566
2.635 17.33671313984157
2.645 15.923983990088642
2.655 14.480840049492047
2.665 13.037455404207
2.675 11.621146350005276
2.685 10.25562565836193
2.695 8.960503322026893
2.705 7.751035131046118
2.715 6.643492418292635
2.725 5.636404990496292
2.735 4.73655992437826
2.745 3.9439086671681607
2.755 3.255748638537743
2.765 2.667352919660027
2.775 2.1726037454647993
2.785 1.7645978255941106
2.795 1.4361985946962794
2.805 1.1805176505378496
2.815 0.9913142088002487
2.8249999999999997 0.8633069130629253
2.835 0.7923965323502671
2.8449999999999998 0.7758009158355854
2.855 0.8121052024192992
2.8649999999999998 0.9012309961820939
2.875 1.0443284058254725
2.885 1.2435949329138023
2.895 1.5020255854286217
2.905 1.8278861898209033
2.915 2.2175163141841256
2.925 2.6776958299701628
2.935 3.211366439191247
2.945 3.8203907060370526
2.955 4.505131289854723
2.965 5.258726669750642
2.975 6.089957055251899
2.985 6.984934926712636
2.995 7.935186467870209
3.005 8.929703518729085
3.015 9.955156518868023
3.025 10.99626455070711
3.035 12.03631578949429
3.045 13.05781867916059
3.055 14.043251252700658
3.065 14.975864494760529
3.075 15.84048681115816
3.085 16.624271700632363
3.0949999999999998 17.321610797151767
3.105 17.91955076776197
3.1149999999999998 18.418419404712797
3.125 18.819472670269704
3.135 19.127541566114957
3.145 19.35059087165361
3.155 19.499075518862096
3.165 19.585143585786874
3.175 19.621749055390794
3.185 19.62174618254577
3.195 19.597039480156692
3.205 19.557858560786574
3.215 19.512215651106903
3.225 19.465586534575998
3.235 19.420834587916822
3.245 19.37837452674215
3.255 19.33654977044798
3.265 19.29217727480448
3.275 19.24119830699371
3.285 19.17936452086471
3.295 19.102886751749494
3.305 19.0089793643207
3.315 18.896245160324987
3.325 18.764863488972548
3.335 18.61656544179433
3.3449999999999998 18.454402634324783
3.355 18.282337734120812
3.3649999999999998 18.104703370144975
3.375 17.925589494530357
3.385 17.748226358505324
3.395 17.574430385774335
3.405 17.404173490426423
3.415 17.235323613014334
3.425 17.06358686497321
3.435 16.882661546275678
3.445 16.68459353445392
3.455 16.460303238831493
3.465 16.200238357655273
3.475 15.895095543999762
3.485 15.536548705563842
3.495 15.117922336057976
3.505 14.634754675594769
3.515 14.085206734301842
3.525 13.466694091268488
3.535 12.791512769302784
3.545 12.0610529885723
3.555 11.284425453009577
3.565 10.472612785143932
3.575 9.637907860502153
3.585 8.793297404921974
3.5949999999999998 7.951837820968288
3.605 7.126066568454366
3.6149999999999998 6.327485554495957
3.625 5.566143850377434
3.635 4.85033671649684
3.645 4.186427441734026
3.655 3.5787888298793464
3.665 3.0298530336981075
3.675 2.5402523389861003
3.685 2.1090296657327015
3.695 1.7338959632426925
3.705 1.4115121059329003
3.715 1.1345824411784278
3.725 0.9059824808005814
3.735 0.7162433395952653
3.745 0.5606069123867257
3.755 0.434423545279496
3.765 0.3332923287480349
3.775 0.25315956180173904
3.785 0.19037959909215643
3.795 0.14174362513320662
3.805 0.10448253925669125
3.815 0.0762501947049132
3.825 0.05509285139483367
3.835 0.039410014888486285
3.8449999999999998 0.027910974674495024
3.855 0.019570434215822927
3.8649999999999998 0.013585729888852089
3.875 0.009337326497158108
3.885 0.006353589755441184
3.895 0.004280286595816822
3.905 0.0
3.915 0.0
3.925 0.0
3.935 0.0027822048884089956
3.945 0.004129860952257197
3.955 0.0060693028009977425
3.965 0.008830783468169916
3.975 0.012720867288831282
3.985 0.018142254833013283
3.995 0.02561668094425662
4.005 0.035810592827335126
4.015 0.04956295792377031
4.025 0.06791410457361616
4.035 0.092133972321347
4.045 0.123747566755273
4.055 0.1645548153435893
4.065 0.21664146209701246
4.075 0.28237719233516145
4.085 0.36439692931836826
4.095 0.4655612833635619
4.1049999999999995 0.588892549709108
4.115 0.7374835173968627
4.125 0.9143777128608777
4.135 1.122421561380431
4.145 1.3640912550185953
4.155 1.6412997520553043
4.165 1.9551921199626827
4.175 2.305940132042724
4.185 2.69254935301149
4.195 3.1126935969808427
4.205 3.56259232015938
4.215 4.036945976496358
4.225 4.528942459944173
4.235 5.0303444439504625
4.245 5.531662812124518
4.255 6.0224157107808205
4.265 6.491466444689249
4.275 6.927426997937303
4.285 7.32149001358503
4.295 7.6595267104047124
4.305 7.933891363476811
4.315 8.136971525158435
4.325 8.263162402889824
4.335 8.309168703484776
4.345 8.274203387126294
4.355 8.160070777194553
4.365 7.9711292434143
4.375 7.714136744883789
4.385 7.397990146270546
4.395 7.03564971491777
4.405 6.635728514836822
4.415 6.212857883215777
4.425 5.780642879199122
4.435 5.352726701541538
4.445 4.9423695091867605
4.455 4.564292583981235
4.465 4.226564064056075
4.475 3.9409030593816627
4.485 3.716080004535084
4.495 3.559277859556919
4.505 3.4760281241735367
4.515 3.470192708866666
4.525 3.5439829937964995
4.535 3.6980082134484857
4.545 3.9313468347464817
4.555 4.241636438057665
4.565 4.625179354144177
4.575 5.077062608290564
4.585 5.591291340698631
4.595 6.160934719779806
4.605 6.778282507162982
4.615 7.43500907661565
4.625 8.122340146594812
4.635 8.831216125109256
4.645 9.552445146106422
4.655 10.27683888952806
4.665 10.995325290733053
4.675 11.6990342686186
4.685 12.381377493350904
4.695 13.030971908146022
4.705 13.641276111139266
4.715 14.20674784926834
4.725 14.717181455669081
4.735 15.167248158379875
4.745 15.548921046068164
4.755 15.860962582167039
4.765 16.09583714007569
4.775 16.24968578206099
4.785 16.31977066486379
4.795 16.30472257759848
4.805 16.20479194020594
4.815 16.02208167530184
4.825 15.760738053225232
4.835 15.427075452697114
4.845 15.029613109046625
4.855 14.57900624211848
4.865 14.087860158443503
4.875 13.570423524860665
4.885 13.042165411401422
4.895 12.51924923951907
4.905 12.017924790379674
4.915 11.553866326685714
4.925 11.141490158983942
4.935 10.795125223575358
4.945 10.521942395186908
4.955 10.33017501359652
4.965 10.223411385334877
4.975 10.201581495350297
4.985 10.262693292740702
4.995 10.396609774708867
5.005 10.593929238700436
5.015 10.841247321413004
5.025 11.122994767871976
5.035 11.422197076360913
5.045 11.723083656836568
5.055 12.00577500675571
5.065 12.255555574413606
5.075 12.458600539890416
5.085 12.603880315109365
5.095 12.682155010976725
5.105 12.693272953611974
5.115 12.635043155676165
5.125 12.511601929064842
5.135 12.33080648914821
5.145 12.103807612095254
5.155 11.844444760504327
5.165 11.568499153965838
5.175 11.292847878823954
5.185 11.034566886253737
5.195 10.810032399491895
5.205 10.632552156120562
5.215 10.518185794530446
5.225 10.474296933462579
5.235 10.507077769913643
5.245 10.618979595989153
5.255 10.810236192030978
5.265 11.071708462991634
5.275 11.39933189424789
5.285 11.77924516495647
5.295 12.197227826667643
5.305 12.637132784913755
5.315 13.081605800963246
5.325 13.512839617354645
5.335 13.913328497451783
5.345 14.266590510200826
5.355 14.557827726050768
5.365 14.774498389418008
5.375 14.906779854679256
5.385 14.9479063738769
5.395 14.89437147251333
5.405 14.745990429359521
5.415 14.505824092286474
5.425 14.179970741605946
5.435 13.777237802158282
5.445 13.308709768841531
5.455 12.787232623216308
5.465 12.226838165675183
5.475 11.642133959644253
5.485 11.047685880448235
5.495 10.456071852982332
5.505 9.883183024859735
5.515 9.338126893519703
5.525 8.828619884437172
5.535 8.36447307529689
5.545 7.9479308812643925
5.555 7.580669131983066
5.565 7.261891326923609
5.575 6.988538256480037
5.585 6.755599264131549
5.595 6.556506193244751
5.605 6.3835865467199815
5.615 6.228549298858341
5.625 6.082975386300205
5.635 5.9387853001257875
5.645 5.7886583980203286
5.655 5.626382403106554
5.665 5.44711676697138
5.675 5.2475597458844145
5.685 5.027427725773071
5.695 4.784461644693816
5.705 4.521030742259418
5.715 4.2398622737390905
5.725 3.9447462396288677
5.735 3.6402646537280803
5.745 3.330282572712244
5.755 3.0229877639832288
5.765 2.721901064928324
5.775 2.4334942390342524
5.785 2.160365615246989
5.795 1.9064459726606735
5.805 1.6781867669735213
5.815 1.4768855592267676
5.825 1.3050552052037716
5.835 1.1646801824962425
5.845 1.0572938861758867
5.855 0.9828864102670039
5.865 0.9450887645359839
5.875 0.9441807110516085
5.885 0.9786733134168871
5.895 1.049888947350031
5.905 1.1581188564501115
5.915 1.3034823430597287
5.925 1.485876352578995
5.935 1.7049066110341107
5.945 1.9598075625048068
5.955 2.2493594627800744
5.965 2.5718114165463075
5.975 2.924818866954415
5.985 3.305403076797658
5.995 3.7099385487572127
6.005 4.134172236609653
6.015 4.573275962060994
6.025 5.02193086856328
6.035 5.474440228444719
6.045 5.9248646879752584
6.055 6.367172282453116
6.065 6.794303969327231
6.075 7.203058713381444
6.085 7.5864593235698745
6.095 7.939626761800856
6.105 8.259480663894085
6.115 8.540465313673112
6.125 8.781697256135342
6.135 8.979086973609206
6.1450000000000005 9.131998488024669
6.155 9.239672586012418
6.165 9.302012450701696
6.175 9.319546222477673
6.185 9.293392159823615
6.195 9.22523174367251
6.205 9.117294144803115
6.215 8.97235307351218
6.225 8.793734389824401
6.235 8.585330239623016
6.245 8.35161317529599
6.255 8.097641980766142
6.265 7.829049971399718
6.275 7.552006537981997
6.285 7.273143729659763
6.295 6.999441711793485
6.305 6.73806988527118
6.315 6.496184118645844
6.325 6.281840717330509
6.335 6.099659485282028
6.345 5.956035613866907
6.355 5.855507024952759
6.365 5.801256901724094
6.375 5.794882736794006
6.385 5.8362222109089625
6.3950000000000005 5.923253158755374
6.405 6.052081332958917
6.415 6.217024730651477
6.425 6.410797186699275
6.435 6.624787169107492
6.445 6.849420733197146
6.455 7.074590956843919
6.465 7.29013045677222
6.475 7.486299305270174
6.485 7.654258268268986
6.495 7.785555277255776
6.505 7.876567615529012
6.515 7.922045019403901
6.525 7.9202219469402575
6.535 7.8714284688723435
6.545 7.7779873082212525
6.555 7.645074068672226
6.565 7.476595587898246
6.575 7.279935306475135
6.585 7.06146811471851
6.595 6.830792743959547
6.605 6.593770968199001
6.615 6.3569599165065265
6.625 6.125925021570902
6.635 5.905015968786448
6.6450000000000005 5.698326977328114
6.655 5.505882872651732
6.665 5.328870761003721
6.675 5.166692234545257
6.685 5.017049238655754
6.695 4.880083907809538
6.705 4.752380110929979
6.715 4.6319447439179955
6.725 4.517160254407223
6.735 4.4070112335130585
6.745 4.301241486023949
6.755 4.200431929340715
6.765 4.105996208165278
6.775 4.020097329401541
6.785 3.945494426809039
6.795 3.885333548773913
6.805 3.842899828165475
6.815 3.8213503711351513
6.825 3.823447653039019
6.835 3.851312217866382
6.845 3.9062112303306895
6.855 3.9883961939226724
6.865 4.096999240314489
6.875 4.231149217993156
6.885 4.3859320683246334
6.8950000000000005 4.557979421147162
6.905 4.742269441394793
6.915 4.932267822094608
6.925 5.12373398818424
6.935 5.308279442448958
6.945 5.481533862010906
6.955 5.636334473792375
6.965 5.767297473259106
6.975 5.8698181875825615
6.985 5.940264432700738
6.995 5.9761278579733785
